0.0 0
0.114232 4760
0.114232 4760
0.219411 5236
0.226597 6188
0.233794 7140
0.240992 8092
0.248189 9044
0.556523 8568
0.560121 8092
0.56372 7616
0.567318 7140
0.570917 6664
0.574516 6188
0.578114 5712
0.581713 5236
0.585312 4760
0.58891 4284
0.592509 3808
0.596107 3332
0.640099 2856
0.643697 2380
0.650911 1904
0.654509 1428
0.654509 1904
0.658108 1428
0.658108 1904
0.661691 1428
0.661691 1904
0.661691 9044
3.7044 9520
3.7044 9044
3.708 8568
3.71159 8092
3.71519 7616
3.71879 7140
3.72239 6664
3.72599 6188
3.72959 5712
3.73319 5236
3.73678 4760
3.74758 4284
3.75118 3808
3.76198 3332
3.76557 2856
3.76917 2380
3.77277 1904
3.77639 1428
3.77639 1904
3.77998 1428
3.77998 1904
3.80957 1428
3.80957 1904
3.80957 9520
4.13948 9996
4.13948 9520
4.14308 9044
4.14668 8568
4.15028 8092
4.15387 7616
4.16107 7140
4.16467 6664
4.16827 6188
4.17187 5712
4.17547 5236
4.17906 4760
4.18266 4284
4.18988 3808
4.20429 3332
4.20789 2380
4.23748 1428
4.23748 1904
4.24108 952
4.24108 1428
4.24108 1904
4.24466 952
4.24466 8568
4.26626 8092
4.34983 7616
4.34983 9996
5.09682 10472
5.09682 9996
5.10042 9520
5.10402 9044
5.10762 8568
5.11121 8092
5.11481 7616
5.11841 7140
5.12201 6664
5.13281 6188
5.1364 5712
5.14 5236
5.1436 4760
5.1472 4284
5.1508 3808
5.1544 3332
5.158 2856
5.16521 2380
5.16881 1904
5.19481 1428
5.19481 1904
5.19839 1428
5.19839 1904
5.20284 1428
5.20284 1904
5.20284 10472
6.24293 10948
6.24293 10472
6.27529 9996
6.27889 9520
6.28332 9044
6.28692 8568
6.29052 8092
6.29412 7616
6.29771 7140
6.30131 6664
6.30491 6188
6.30851 5712
6.31211 5236
6.31571 4760
6.31931 4284
6.32291 3808
6.3265 3332
6.3301 2856
6.3337 2380
6.3373 1904
6.34091 1428
6.34091 1904
6.34451 1428
6.34451 1904
6.3481 1428
6.3481 1904
6.3481 10948
7.23985 10472
7.24345 9996
7.24705 9520
7.25065 9044
7.25425 8568
7.25785 8092
7.28744 7616
7.29104 7140
7.29464 6664
7.29824 6188
7.30184 5712
7.30544 5236
7.30903 4760
7.31263 4284
7.31623 3808
7.31983 3332
7.32343 2856
7.32703 2380
7.33424 1904
7.33784 1428
7.33784 1904
7.34144 1428
7.34144 1904
7.34502 1428
7.34502 1904
7.34502 10948
7.93567 11424
7.93567 10948
7.93927 10472
7.94286 9996
7.94646 9520
7.96886 9044
7.97246 8568
7.97606 8092
7.97966 7616
7.98326 7140
7.98686 6664
7.99045 6188
7.99405 5712
7.99765 5236
8.00125 4760
8.00485 4284
8.00845 3808
8.01205 3332
8.01565 2856
8.02644 2380
8.03004 1904
8.03365 1428
8.03365 1904
8.03725 1428
8.03725 1904
8.04084 1428
8.04084 1904
8.04084 11424
8.16763 10948
8.17123 10472
8.17482 9996
8.17842 9520
8.18202 9044
8.18562 8568
8.18922 8092
8.19282 7616
8.19642 7140
8.20002 6664
8.20361 6188
8.20721 5712
8.21081 5236
8.21441 4760
8.21801 4284
8.24401 3808
8.24761 3332
8.2512 2856
8.2548 2380
8.26202 1904
8.26561 1428
8.26561 1904
8.26921 1428
8.26921 1904
8.2728 1428
8.2728 1904
8.2728 11424
10.1182 1904
20.7406 2380
20.7406 1904
20.7442 1428
20.7442 1904
20.8318 476
20.8422 11424
21.3456 11900
21.3456 11424
21.3492 10948
21.3528 10472
21.3564 9996
21.36 9520
21.3636 9044
21.3708 8568
21.3744 8092
21.4004 7616
21.404 7140
21.4076 6664
21.4112 6188
21.4148 5712
21.4184 5236
21.422 4760
21.4256 4284
21.4292 3808
21.4328 3332
21.4364 2856
21.44 2380
21.4436 1904
21.4472 1428
21.4472 1904
21.4508 1428
21.4508 1904
21.4508 11900
21.556 12376
21.556 11900
21.5596 11424
21.5632 10948
21.5668 10472
21.5704 9996
21.574 9520
21.5776 9044
21.5812 8568
21.5848 8092
21.5884 7616
21.592 7140
21.5956 6664
21.6028 6188
21.6064 5712
21.61 5236
21.6136 4760
21.6172 4284
21.6208 3808
21.628 3332
21.6316 2856
21.6352 2380
21.6508 476
21.6576 1904
25.5556 2380
25.5556 1904
25.5592 1428
25.5592 1904
25.6572 1428
25.6572 1904
25.6625 1428
25.6625 1904
25.6625 2380
25.9835 2856
25.9835 2380
25.9871 1904
25.9907 1428
25.9907 1904
25.9979 1428
25.9979 1904
26.0887 1428
26.0887 1904
26.0887 2856
28.9131 3332
28.9131 2856
28.9167 2380
28.9203 1904
28.9239 1428
28.9239 1904
29.0115 476
29.0146 1904
32.8363 2380
32.8363 1904
32.8399 1428
32.8399 1904
32.9379 1428
32.9379 1904
32.9432 1428
32.9432 1904
32.9432 2380
34.5262 2856
34.5262 2380
34.5298 1904
34.5334 1428
34.5334 1904
34.537 1428
34.537 1904
34.6314 1428
34.6314 1904
34.6314 2856
35.3892 3332
35.3892 2856
35.3964 2380
35.4 1904
35.4036 1428
35.4036 1904
35.4908 1428
35.4908 1904
35.4952 1428
35.4952 1904
35.4952 3332
40.9667 3808
40.9667 3332
40.9703 2856
40.9739 2380
40.9775 1904
40.9811 1428
40.9811 1904
40.9847 1428
40.9847 1904
41.0719 1428
41.0719 1904
41.0719 3808
42.591 1904
42.8301 3808
43.6059 4284
43.6059 3808
43.6095 3332
43.6131 2856
43.6967 2380
43.7003 1904
43.7039 1428
43.7039 1904
43.7075 1428
43.7075 1904
43.7111 1428
43.7111 1904
43.7111 4284
45.5134 3808
45.517 3332
45.5206 2856
45.5242 2380
45.6078 1904
45.6114 1428
45.6114 1904
45.615 1428
45.615 1904
45.6185 1428
45.6185 1904
45.6185 4284
52.6936 3808
52.6972 3332
52.7628 2856
52.7664 2380
52.788 1904
52.7916 1428
52.7916 1904
52.7952 1428
52.7952 1904
52.7988 1428
52.7988 1904
52.7988 4284
53.4226 1904
53.6509 4284
54.7134 4760
54.7134 4284
54.717 3808
54.7206 3332
54.7242 2856
54.7278 2380
54.7314 1904
54.8114 1428
54.8114 1904
54.815 1428
54.815 1904
54.8186 1428
54.8186 1904
54.8186 4760
55.7939 5236
55.7939 4760
55.7975 4284
55.8011 3808
55.8047 3332
55.8083 2856
55.8119 2380
55.8155 1904
55.8919 1428
55.8919 1904
55.8955 1428
55.8955 1904
55.8991 1428
55.8991 1904
55.8991 5236
57.9189 5712
57.9189 5236
57.9225 4760
57.9261 4284
57.9297 3808
57.9333 3332
57.9369 2856
58.0097 2380
58.0133 1904
58.0169 1428
58.0169 1904
58.0205 1428
58.0205 1904
58.0241 1428
58.0241 1904
58.0241 5712
58.5572 6188
58.5572 5712
58.5608 5236
58.5644 4760
58.568 4284
58.5715 3808
58.5751 3332
58.5787 2856
58.5823 2380
58.5859 1904
58.5896 1428
58.5896 1904
58.6587 1428
58.6587 1904
58.6623 1428
58.6623 1904
58.6623 6188
59.9316 6664
59.9316 6188
59.9352 5712
59.9388 5236
59.9424 4760
59.946 4284
59.9496 3808
59.9532 3332
59.9568 2856
59.9604 2380
59.964 1904
60.0296 1428
60.0296 1904
60.0367 1428
60.0367 1904
60.0367 6664
60.1815 6188
60.2399 5712
60.2435 5236
60.2507 4760
60.2543 4284
60.2579 3808
60.2615 3332
60.2651 2856
60.2687 2380
60.2759 1904
60.2795 1428
60.2795 1904
60.2831 1428
60.2831 1904
60.2867 1428
60.2867 1904
60.2867 6664
60.4279 7140
60.4279 6664
60.4898 6188
60.4934 5712
60.497 5236
60.5006 4760
60.5042 4284
60.5078 3808
60.5114 3332
60.515 2856
60.5186 2380
60.5222 1904
60.5258 1428
60.5258 1904
60.5294 1428
60.5294 1904
60.533 1428
60.533 1904
60.533 7140
61.0733 7616
61.0733 7140
61.0805 6664
61.0841 6188
61.0877 5712
61.0913 5236
61.0949 4760
61.0985 4284
61.1021 3808
61.1057 3332
61.1641 2856
61.1713 2380
61.1749 1904
61.1785 1428
61.1785 1904
61.1793 1428
61.1793 1904
61.1821 1428
61.1821 1904
61.1857 1428
61.1857 1904
61.28 1428
61.28 1904
61.28 7616
61.4356 8092
61.4356 7616
61.4904 7140
61.494 6664
61.4976 6188
61.5012 5712
61.5048 5236
61.5084 4760
61.512 4284
61.5156 3808
61.5192 3332
61.5228 2856
61.5264 2380
61.53 1904
61.5336 1428
61.5336 1904
61.5372 1428
61.5372 1904
61.5408 1428
61.5408 1904
61.5408 8092
62.2842 7616
62.2878 7140
62.2914 6664
62.295 6188
62.2986 5712
62.3022 5236
62.3058 4760
62.3094 4284
62.313 3808
62.3166 3332
62.3202 2856
62.3238 2380
62.3786 1904
62.3822 1428
62.3822 1904
62.3858 1428
62.3858 1904
62.3902 1428
62.3902 1904
62.3902 8092
63.2819 7616
63.2855 7140
63.3367 6664
63.3403 6188
63.3439 5712
63.3475 5236
63.3511 4760
63.3547 4284
63.3583 3808
63.3619 3332
63.3655 2856
63.3691 2380
63.3763 1904
63.3799 1428
63.3799 1904
63.3835 1428
63.3835 1904
63.3871 1428
63.3871 1904
63.3871 8092
65.6936 1904
65.9687 8092
66.9692 8568
66.9692 8092
66.9728 7616
67.024 7140
67.0276 6664
67.0312 6188
67.0348 5712
67.0384 5236
67.042 4760
67.0456 4284
67.0492 3808
67.0528 3332
67.0564 2856
67.06 2380
67.0636 1904
67.0672 1428
67.0672 1904
67.0708 1428
67.0708 1904
67.0744 1428
67.0744 1904
67.0744 8568
67.9914 9044
67.9914 8568
67.995 8092
67.9986 7616
68.0389 7140
68.0425 6664
68.0461 6188
68.0497 5712
68.0533 5236
68.0569 4760
68.0605 4284
68.0641 3808
68.0677 3332
68.0713 2856
68.0785 2380
68.0821 1904
68.0857 1428
68.0857 1904
68.0929 1428
68.0929 1904
68.0974 1428
68.0974 1904
68.0974 9044
68.466 8568
68.4696 8092
68.5064 7616
68.51 7140
68.5208 6664
68.5244 6188
68.528 5712
68.5316 5236
68.5352 4760
68.5388 4284
68.5424 3808
68.546 3332
68.5496 2856
68.5532 2380
68.5604 1904
68.564 1428
68.564 1904
68.5676 1428
68.5676 1904
68.5712 1428
68.5712 1904
68.5712 9044
69.6373 9520
69.6373 9044
69.6409 8568
69.6445 8092
69.6481 7616
69.6517 7140
69.6553 6664
69.6589 6188
69.6625 5712
69.6661 5236
69.6697 4760
69.6733 4284
69.6769 3808
69.6805 3332
69.6841 2856
69.7209 2380
69.7245 1904
69.7281 1428
69.7281 1904
69.7317 1428
69.7317 1904
69.8157 476
69.8333 11900
69.8333 9520
70.5111 9996
70.5111 9520
70.5147 9044
70.5183 8568
70.5219 8092
70.5255 7616
70.5291 7140
70.5327 6664
70.5363 6188
70.5399 5712
70.5435 5236
70.547 4760
70.5506 4284
70.5542 3808
70.5663 3332
70.5699 2856
70.6018 2380
70.6054 1904
70.609 1428
70.609 1904
70.6126 1428
70.6126 1904
70.6162 1428
70.6162 1904
70.6162 9996
70.7142 9520
71.3013 9996
71.3013 9520
71.3048 9044
71.3084 8568
71.312 8092
71.3156 7616
71.3192 7140
71.3228 6664
71.3264 6188
71.33 5712
71.3704 5236
71.374 4760
71.3776 4284
71.3812 3808
71.3848 3332
71.3884 2856
71.392 2380
71.3956 1904
71.3992 1428
71.3992 1904
71.4028 1428
71.4028 1904
71.4064 1428
71.4064 1904
71.4064 9996
71.5044 9520
72.273 9996
72.273 9520
72.2766 9044
72.2802 8568
72.2838 8092
72.2874 7616
72.291 7140
72.2946 6664
72.2982 6188
72.3018 5712
72.3126 5236
72.3162 4760
72.3198 4284
72.3234 3808
72.327 3332
72.3306 2856
72.3638 2380
72.3674 1904
72.371 1428
72.371 1904
72.3746 1428
72.3746 1904
72.3799 1428
72.3799 1904
72.3799 9996
72.4761 9520
72.7494 9044
72.7494 8568
72.753 8092
72.7566 7616
72.7602 7140
72.7953 6664
72.7989 6188
72.8078 5712
72.8114 5236
72.815 4760
72.8186 4284
72.8222 3808
72.8258 3332
72.8294 2856
72.833 2380
72.8438 1904
72.8474 1428
72.8474 1904
72.851 1428
72.851 1904
72.8546 1428
72.8546 1904
72.8546 9520
73.3876 9996
73.3876 9520
73.3912 9044
73.3948 8568
73.3984 8092
73.402 7616
73.4056 7140
73.4092 6664
73.4128 6188
73.4164 5712
73.42 5236
73.4236 4760
73.4272 4284
73.4308 3808
73.4344 3332
73.438 2856
73.4416 2380
73.4452 1904
73.4488 1428
73.4488 1904
73.4892 1428
73.4892 1904
73.4928 1428
73.4928 1904
73.4928 9996
73.554 9520
73.6628 9044
73.7032 8568
73.7068 8092
73.7104 7616
73.714 7140
73.7176 6664
73.7212 6188
73.7248 5712
73.7284 5236
73.7319 4760
73.7355 4284
73.7391 3808
73.7427 3332
73.7463 2856
73.7499 2380
73.7572 1904
73.7608 1428
73.7608 1904
73.7644 1428
73.7644 1904
73.7679 1428
73.7679 1904
73.7679 9520
73.9819 9044
73.9855 8568
73.9891 8092
73.9927 7616
73.9963 7140
73.9999 6664
74.0035 6188
74.0071 5712
74.0107 5236
74.0143 4760
74.0179 4284
74.0215 3808
74.0251 3332
74.0287 2856
74.0323 2380
74.0763 1904
74.0799 1428
74.0799 1904
74.0835 1428
74.0835 1904
74.0871 1428
74.0871 1904
74.0871 9520
74.4674 9996
74.4674 9520
74.471 9044
74.4746 8568
74.5078 8092
74.5114 7616
74.515 7140
74.5186 6664
74.5222 6188
74.5258 5712
74.5294 5236
74.533 4760
74.5366 4284
74.5402 3808
74.5438 3332
74.5474 2856
74.5582 2380
74.5618 1904
74.5654 1428
74.5654 1904
74.569 1428
74.569 1904
74.5725 1428
74.5725 1904
74.5725 9996
74.6705 9520
75.0005 9996
75.0005 9520
75.0041 9044
75.0077 8092
75.0113 7140
75.0149 6188
75.0185 5236
75.0221 4284
75.0257 3332
75.0293 2380
75.0329 1428
75.0329 1904
75.0365 952
75.0365 1428
75.0365 1904
75.0401 952
75.0401 1428
75.0401 1904
75.0436 952
75.0436 1428
75.0436 1904
75.0472 952
75.0472 1428
75.0472 1904
75.0545 952
75.0545 1428
75.0545 1904
75.0581 952
75.0581 1428
75.0581 1904
75.0617 952
75.0617 1428
75.0617 1904
75.0948 952
75.0948 2856
75.0984 2380
75.1057 1904
75.1092 1428
75.1092 1904
75.1668 1428
75.1668 1904
75.1668 9996
75.2 9520
75.3008 9044
75.3044 8568
75.3116 8092
75.3152 7616
75.3188 6664
75.326 5712
75.3296 4760
75.3332 3332
75.3368 1904
75.3772 476
75.3772 952
75.3772 1904
75.3808 476
75.3808 952
75.3808 1904
75.3844 476
75.3844 952
75.3844 1904
75.388 476
75.388 952
75.388 1904
75.3952 476
75.3952 952
75.3952 1904
75.3988 476
75.3988 952
75.3988 1904
75.4024 476
75.4024 952
75.4024 1904
75.406 476
75.406 3332
75.4068 2380
75.4096 1428
75.4096 1904
75.504 952
75.504 2856
75.5076 2380
75.5076 9520
75.6812 9044
75.7216 8568
75.7252 8092
75.7287 7616
75.7323 7140
75.7359 6664
75.7395 6188
75.7431 5712
75.7467 5236
75.7503 4760
75.7539 4284
75.7575 3808
75.7611 3332
75.7647 2856
75.7683 2380
75.7755 1904
75.7791 1428
75.7791 1904
75.7827 1428
75.7827 1904
75.7863 1428
75.7863 1904
75.7863 9520
76.1163 9044
76.1199 8568
76.1235 8092
76.1271 7616
76.1307 7140
76.1343 6664
76.1378 6188
76.1414 5712
76.145 5236
76.1486 4760
76.1522 4284
76.1558 3808
76.1594 3332
76.163 2856
76.1666 2380
76.2106 1904
76.2142 1428
76.2142 1904
76.2178 1428
76.2178 1904
76.2214 1428
76.2214 1904
76.2214 9520
76.5873 9996
76.5873 9520
76.5909 9044
76.5945 8568
76.5981 8092
76.6017 7616
76.6421 7140
76.6457 6664
76.6493 6188
76.6529 5712
76.6565 5236
76.6601 4760
76.6637 4284
76.6673 3808
76.6709 3332
76.6745 2856
76.6817 2380
76.6853 1904
76.6889 952
76.6889 1428
76.6889 1904
76.6925 952
76.6925 9520
76.6961 9044
76.7941 8568
76.7941 9996
76.7977 9520
77.0404 9996
77.0404 9520
77.044 9044
77.0476 8568
77.0512 8092
77.0548 7616
77.0584 7140
77.062 6664
77.0693 6188
77.0729 5712
77.0765 4760
77.1168 3808
77.1204 2856
77.124 1904
77.1276 952
77.1276 1428
77.1276 1904
77.1312 952
77.1312 1428
77.1312 1904
77.1348 952
77.1348 1428
77.1348 1904
77.1385 952
77.1385 1428
77.1385 1904
77.1421 952
77.1421 1428
77.1421 1904
77.1456 952
77.1456 5712
77.1492 5236
77.2436 4760
77.2436 9996
77.2508 9520
77.943 1904
78.2549 9996
78.3997 10472
78.3997 9996
78.4033 9520
78.4069 9044
78.4105 8568
78.4141 8092
78.4177 7616
78.4213 7140
78.4249 6664
78.4285 6188
78.4321 5712
78.4689 5236
78.4725 4760
78.4761 4284
78.4797 3808
78.4833 3332
78.4869 2856
78.4905 2380
78.494 1904
78.5013 1428
78.5013 1904
78.5049 1428
78.5049 1904
78.6065 1428
78.6065 1904
78.61 1428
78.61 1904
78.61 10472
78.9292 10948
78.9292 10472
78.9328 9996
78.9364 9520
78.94 9044
78.9436 8568
78.9472 8092
78.9508 7616
78.9544 7140
78.958 6664
78.9616 6188
78.9652 5712
78.9688 5236
78.9724 4760
78.976 4284
78.9796 3808
78.9832 3332
78.9868 2856
78.9904 2380
78.994 1904
78.9976 1428
78.9976 1904
79.0308 1428
79.0308 1904
79.0343 1428
79.0343 1904
79.0343 10948
79.6726 11424
79.6726 10948
79.6762 10472
79.6798 9996
79.6834 9520
79.687 9044
79.6906 8568
79.6942 8092
79.6978 7616
79.7014 7140
79.705 6664
79.7086 6188
79.7122 5712
79.7158 5236
79.7194 4760
79.723 4284
79.7266 3808
79.7302 3332
79.7338 2856
79.741 2380
79.7706 1904
79.7742 1428
79.7742 1904
79.7814 1428
79.7814 1904
79.8793 1428
79.8793 1904
79.8793 11424
80.0133 11900
80.0133 11424
80.0169 10948
80.0205 10472
80.0241 9996
80.0277 9520
80.0313 9044
80.0349 8568
80.0385 8092
80.0421 7616
80.0457 7140
80.0493 6664
80.0529 6188
80.0565 5712
80.0601 5236
80.0637 4760
80.0897 4284
80.0933 3808
80.0969 3332
80.1005 2856
80.1041 2380
80.1077 1904
80.1113 1428
80.1113 1904
80.1149 1428
80.1149 1904
80.1185 1428
80.1185 1904
80.1185 11900
80.4412 12376
80.4412 11900
80.4448 11424
80.4484 10948
80.452 10472
80.4556 9996
80.4592 9520
80.4628 9044
80.4664 8568
80.47 8092
80.4736 7616
80.4772 7140
80.4808 6664
80.4844 6188
80.488 5712
80.4916 5236
80.4952 4760
80.4988 4284
80.5024 3808
80.506 3332
80.5096 2856
80.5356 2380
80.5392 1904
80.5428 952
80.5428 1428
80.5428 1904
80.5464 952
80.5464 11900
80.55 11424
80.648 10948
80.648 12376
81.7025 12852
81.7025 12376
81.7061 11900
81.7097 11424
81.7133 10948
81.7169 10472
81.7357 9996
81.7393 9520
81.7429 9044
81.7465 8568
81.7501 8092
81.7537 7616
81.7573 7140
81.7609 6664
81.7645 6188
81.7681 5712
81.7716 5236
81.7752 4760
81.7788 4284
81.7824 3808
81.786 3332
81.7896 2856
81.7932 2380
81.7968 1904
81.8005 1428
81.8005 1904
81.8041 1428
81.8041 1904
81.8076 1428
81.8076 1904
81.8076 12852
83.2036 13328
83.2036 12852
83.2072 12376
83.2108 11900
83.2144 11424
83.218 10948
83.2216 10472
83.2324 9996
83.236 9520
83.2396 9044
83.2432 8568
83.2468 8092
83.2504 7616
83.254 7140
83.2576 6664
83.2612 6188
83.2648 5712
83.2684 5236
83.272 4760
83.2756 4284
83.2792 3808
83.2872 3332
83.2908 2856
83.2944 2380
83.298 1904
83.3016 1428
83.3016 1904
83.3052 1428
83.3052 1904
83.3088 1428
83.3088 1904
83.3088 13328
83.4428 13804
83.4428 13328
83.4464 12852
83.45 12376
83.4536 11900
83.4572 11424
83.4608 10948
83.4644 10472
83.468 9996
83.4716 9520
83.4752 9044
83.4788 8568
83.4824 8092
83.486 7616
83.4896 7140
83.4932 6664
83.4968 6188
83.5004 5712
83.512 5236
83.5156 4760
83.5192 4284
83.5264 3808
83.53 3332
83.5336 2380
83.5372 1428
83.5372 1904
83.5408 952
83.5408 1428
83.5408 1904
83.5444 952
83.5444 1428
83.5444 1904
83.548 952
83.548 11900
83.5516 11424
83.646 10948
83.646 13804
83.9319 14280
83.9319 13804
83.9355 13328
83.9391 12852
83.9427 12376
83.9463 11900
83.9499 11424
83.9535 10948
83.9571 10472
83.9651 9996
83.9687 9520
83.9723 9044
83.9759 8568
83.9795 8092
83.9831 7616
83.9867 7140
83.9903 6664
83.9939 6188
83.9975 5712
84.0011 5236
84.0047 4760
84.0083 4284
84.0119 3808
84.0155 3332
84.0191 2856
84.0227 2380
84.0263 1904
84.0299 1428
84.0299 1904
84.0335 1428
84.0335 1904
84.0371 1428
84.0371 1904
84.0371 14280
84.7149 13804
84.7185 13328
84.7221 12852
84.7257 12376
84.7293 11900
84.7329 11424
84.7365 10948
84.7401 10472
84.7437 9996
84.7473 9520
84.7509 9044
84.7545 8568
84.7581 8092
84.7617 7616
84.7653 7140
84.7689 6664
84.7725 6188
84.7761 5712
84.7797 5236
84.7841 4760
84.7877 4284
84.7913 3808
84.7949 3332
84.7985 2856
84.8021 2380
84.8093 1904
84.8129 1428
84.8129 1904
84.8165 1428
84.8165 1904
84.82 1428
84.82 1904
84.82 14280
85.1132 13804
85.1168 13328
85.1204 12852
85.124 12376
85.132 11900
85.1356 11424
85.1392 10948
85.1428 10472
85.1464 9996
85.15 9520
85.1536 9044
85.1572 8568
85.1608 8092
85.1644 7616
85.168 7140
85.1716 6664
85.1752 6188
85.1788 5712
85.1824 5236
85.186 4760
85.1896 4284
85.1932 3808
85.1968 3332
85.2004 2856
85.2076 2380
85.2112 1904
85.2148 1428
85.2148 1904
85.2184 1428
85.2184 1904
85.2184 14280
86.3512 13804
86.3548 13328
86.3584 12852
86.362 12376
86.3656 11900
86.3692 11424
86.3728 10948
86.3772 10472
86.3808 9996
86.3844 9520
86.388 9044
86.3916 8568
86.3952 8092
86.3988 7616
86.4024 7140
86.406 6664
86.4096 6188
86.4132 5712
86.4168 5236
86.424 4760
86.4276 4284
86.4312 3332
86.4348 2380
86.4384 1428
86.4384 1904
86.4456 952
86.4456 1428
86.4456 1904
86.4528 952
86.4528 1428
86.4528 1904
86.4564 952
86.4564 11900
86.4573 11424
86.46 10948
86.558 10472
86.5625 9996
86.5652 9520
86.5688 9044
86.5724 8568
86.576 8092
86.5796 7616
86.5832 7140
86.5868 6664
86.5904 6188
86.594 5712
86.5976 5236
86.6012 4760
86.6048 4284
86.6084 3808
86.612 3332
86.6156 2856
86.6192 2380
86.6228 1904
86.6264 1428
86.6264 1904
86.63 1428
86.63 1904
86.6564 476
86.6632 12376
87.2574 11900
87.261 11424
87.2646 10948
87.2682 10472
87.2718 9996
87.2754 9520
87.279 9044
87.2826 8568
87.2862 8092
87.2898 7616
87.2934 7140
87.297 6664
87.3006 6188
87.3194 5712
87.323 5236
87.3266 4760
87.3302 4284
87.3338 3808
87.3374 3332
87.341 2856
87.3446 2380
87.3518 1904
87.3554 1428
87.3554 1904
87.359 1428
87.359 1904
87.3634 1428
87.3634 1904
87.3634 12376
87.9901 12852
87.9901 12376
88.0008 11900
88.0044 11424
88.0089 10948
88.0125 10472
88.0232 9996
88.0268 9520
88.0304 9044
88.034 8568
88.0376 8092
88.0412 7616
88.0448 7140
88.0484 6664
88.052 6188
88.0556 5712
88.0592 5236
88.0628 4760
88.0664 4284
88.07 3808
88.0736 3332
88.0772 2856
88.0808 2380
88.0881 1904
88.0917 1428
88.0917 1904
88.0952 1428
88.0952 1904
88.0988 1428
88.0988 1904
88.1968 1428
88.1968 1904
88.2004 1428
88.2004 1904
88.2004 12852
88.3488 12376
88.3524 11900
88.356 11424
88.3596 10948
88.3632 10472
88.3668 9996
88.3704 9520
88.374 9044
88.3776 8568
88.3812 8092
88.3848 7616
88.3884 7140
88.392 6664
88.3956 6188
88.4108 5712
88.4144 5236
88.4216 4760
88.4252 4284
88.4288 3808
88.4324 3332
88.436 2856
88.4432 2380
88.4468 1904
88.4504 1428
88.4504 1904
88.454 1428
88.454 1904
88.454 12852
88.5808 13328
88.5808 12852
88.5844 12376
88.588 11900
88.5916 11424
88.5952 10948
88.5988 10472
88.6024 9996
88.606 9520
88.6096 9044
88.6132 8568
88.6167 8092
88.6203 7616
88.6239 7140
88.6275 6664
88.6311 6188
88.6347 5712
88.6383 5236
88.6419 4760
88.6455 4284
88.6491 3808
88.6643 3332
88.6679 2856
88.6715 2380
88.6787 1904
88.6823 1428
88.6823 1904
88.6859 1428
88.6859 1904
88.6859 13328
89.3494 13804
89.3494 13328
89.353 12852
89.3566 12376
89.3602 11900
89.3638 11424
89.3674 10948
89.371 10472
89.3745 9996
89.3781 9520
89.3817 9044
89.3853 8568
89.3889 8092
89.3925 7616
89.3961 7140
89.3997 6664
89.4033 6188
89.4069 5712
89.4105 5236
89.4141 4760
89.4177 4284
89.4213 3808
89.4329 3332
89.4365 2856
89.4401 2380
89.4437 1904
89.4473 1428
89.4473 1904
89.4509 1428
89.4509 1904
89.4545 1428
89.4545 1904
89.4545 13804
90.8937 14280
90.8937 13804
90.8973 13328
90.9009 12852
90.9045 12376
90.9081 11900
90.9117 11424
90.9197 10948
90.9233 10472
90.9269 9996
90.9305 9520
90.9341 9044
90.9377 8568
90.9413 8092
90.9449 7616
90.9521 7140
90.9557 6664
90.9593 5712
90.9629 4760
90.9665 3808
90.9701 2856
90.9737 1904
90.9773 952
90.9773 1428
90.9773 1904
90.9809 952
90.9809 1428
90.9809 1904
90.9845 952
90.9845 1428
90.9845 1904
90.9881 952
90.9881 1428
90.9881 1904
90.9917 952
90.9917 1428
90.9917 1904
90.9953 952
90.9953 1428
90.9953 1904
90.9989 952
90.9989 9044
91.0025 8568
91.0969 8092
91.0969 14280
91.372 13804
91.3756 13328
91.3792 12852
91.3828 12376
91.3864 11900
91.39 11424
91.3936 10948
91.3972 10472
91.4008 9996
91.4044 9520
91.408 9044
91.4152 8568
91.4196 8092
91.4232 7616
91.4268 7140
91.4304 6664
91.434 6188
91.4376 5712
91.4412 5236
91.4448 4760
91.4484 4284
91.452 3808
91.4556 3332
91.4592 2856
91.4664 2380
91.47 1904
91.4736 1428
91.4736 1904
91.4772 1428
91.4772 1904
91.4772 14280
91.7703 14756
91.7703 14280
91.7739 13804
91.7775 13328
91.7811 12852
91.7847 12376
91.7883 11900
91.7919 11424
91.7955 10948
91.7991 10472
91.8027 9996
91.8063 9520
91.8107 9044
91.8143 8568
91.8179 8092
91.8215 7616
91.8251 7140
91.8287 6664
91.8323 6188
91.8359 5712
91.8395 5236
91.8431 4760
91.8467 4284
91.8503 3808
91.8539 3332
91.8575 2856
91.8611 2380
91.8647 1904
91.8683 1428
91.8683 1904
91.8719 1428
91.8719 1904
91.8755 1428
91.8755 1904
91.8755 14756
91.9735 14280
92.0931 14756
92.0931 14280
92.0967 13328
92.1003 12376
92.1039 11424
92.1075 10472
92.1111 9520
92.1147 8568
92.1183 7616
92.1219 6664
92.1255 5712
92.1291 4760
92.1327 3808
92.1362 2856
92.1398 1904
92.1434 952
92.1434 1428
92.1434 1904
92.147 952
92.147 1428
92.147 1904
92.1542 952
92.1542 1904
92.1578 952
92.1578 1428
92.1578 1904
92.1614 952
92.1614 1428
92.1614 1904
92.165 952
92.165 1428
92.165 1904
92.1686 952
92.1686 1428
92.1686 1904
92.1722 952
92.1722 1428
92.1722 1904
92.1758 952
92.1758 1428
92.1758 1904
92.183 952
92.183 1428
92.183 1904
92.1866 952
92.1866 1428
92.1866 1904
92.1902 952
92.1902 1428
92.1902 1904
92.1947 952
92.1947 2380
92.1983 1904
92.1991 1428
92.1991 1904
92.2018 1428
92.2018 1904
92.2954 1428
92.2954 1904
92.2954 14756
92.2998 14280
93.3635 13804
93.3635 13328
93.3679 12852
93.3715 12376
93.3751 11900
93.3787 11424
93.3823 10948
93.3859 10472
93.3895 9996
93.3931 9520
93.3967 9044
93.4003 8568
93.4111 8092
93.4147 7616
93.4183 7140
93.4219 6664
93.4255 6188
93.4291 5712
93.4327 5236
93.4363 4760
93.4399 4284
93.4435 3808
93.4471 3332
93.4543 2856
93.4579 2380
93.4615 1428
93.4615 1904
93.4651 952
93.4651 1428
93.4651 1904
93.4687 952
93.4687 13328
93.4695 12852
93.4723 12376
93.5666 11900
93.5666 14280
93.813 13804
93.8166 13328
93.8202 12852
93.8238 12376
93.8274 11900
93.831 11424
93.8346 10948
93.8382 10472
93.8418 9996
93.8454 9520
93.849 9044
93.8526 8568
93.8598 8092
93.8634 7616
93.867 7140
93.8706 6664
93.8742 6188
93.8778 5712
93.8814 5236
93.885 4760
93.8894 4284
93.8966 3808
93.9002 3332
93.9074 2380
93.911 1428
93.911 1904
93.9146 952
93.9146 1428
93.9146 1904
93.9182 952
93.9182 13328
93.919 12852
93.9218 12376
93.9649 11900
94.0197 11424
94.0197 14280
94.2517 14756
94.2517 14280
94.2553 13804
94.2589 13328
94.2625 12852
94.2661 12376
94.2733 11900
94.2769 11424
94.2805 10948
94.2841 10472
94.2877 9996
94.2913 9520
94.2949 9044
94.2985 8568
94.3021 8092
94.3057 7616
94.3093 7140
94.3129 6664
94.3165 6188
94.3201 5712
94.3237 5236
94.3273 4760
94.3309 4284
94.3345 3808
94.3381 3332
94.3425 2856
94.3461 2380
94.3497 1904
94.3533 1428
94.3533 1904
94.3569 1428
94.3569 1904
94.3569 14756
94.3785 14280
94.8603 14756
94.8603 14280
94.8639 13804
94.8675 13328
94.8711 12852
94.8747 12376
94.8783 11900
94.8819 11424
94.8855 10948
94.8891 10472
94.8935 9996
94.8971 9520
94.9007 9044
94.9043 8568
94.9079 8092
94.9115 7616
94.9151 7140
94.9187 6664
94.9223 6188
94.9259 5712
94.9295 5236
94.9331 4760
94.9367 4284
94.9403 3808
94.9439 3332
94.9475 2856
94.9511 2380
94.9547 1904
94.9583 1428
94.9583 1904
94.9619 1428
94.9619 1904
94.9655 1428
94.9655 1904
94.9655 14756
95.0635 14280
95.2954 13804
95.299 13328
95.3026 12852
95.3062 12376
95.3098 11900
95.3134 11424
95.317 10948
95.3206 10472
95.3242 9996
95.3278 9520
95.3314 9044
95.335 8568
95.3386 8092
95.3422 7616
95.3458 7140
95.3494 6664
95.353 6188
95.3566 5712
95.3602 5236
95.3638 4760
95.3674 4284
95.371 3808
95.3746 3332
95.3782 2856
95.3818 2380
95.3898 1904
95.3934 1428
95.3934 1904
95.397 1428
95.397 1904
95.4006 1428
95.4006 1904
95.4006 14280
96.0568 14756
96.0568 14280
96.0604 13804
96.064 13328
96.0676 12852
96.0712 12376
96.0748 11900
96.0784 11424
96.082 10948
96.0856 10472
96.0892 9996
96.0928 9520
96.0964 9044
96.1 8568
96.1036 8092
96.1072 7616
96.1108 7140
96.1144 6664
96.118 6188
96.1216 5712
96.1252 5236
96.1288 4760
96.1324 4284
96.136 3808
96.1396 3332
96.1432 2856
96.1476 2380
96.1512 1904
96.1548 1428
96.1548 1904
96.1584 1428
96.1584 1904
96.162 1428
96.162 1904
96.162 14756
96.26 14280
96.5423 14756
96.5423 14280
96.5459 13804
96.5495 13328
96.5531 12852
96.5567 12376
96.5603 11900
96.5639 11424
96.5675 10948
96.5711 10472
96.5747 9996
96.5783 9520
96.5819 9044
96.5855 8568
96.5899 8092
96.5935 7616
96.5971 7140
96.6007 6664
96.6043 6188
96.6079 5712
96.6115 5236
96.6151 4760
96.6223 4284
96.6259 3808
96.6295 3332
96.6331 2856
96.6367 2380
96.6403 1904
96.6439 1428
96.6439 1904
96.6475 1428
96.6475 1904
96.6475 14756
96.7275 14280
97.2021 14756
97.2021 14280
97.2057 13804
97.2093 13328
97.2129 12852
97.2165 12376
97.2201 11900
97.2237 11424
97.2273 10948
97.2309 10472
97.2345 9996
97.2381 9520
97.2417 9044
97.2453 8568
97.2489 8092
97.2525 7616
97.2561 7140
97.2633 6664
97.2669 6188
97.2705 5712
97.2741 5236
97.2777 4760
97.2813 4284
97.2849 3808
97.2885 3332
97.2929 2856
97.2965 2380
97.3001 1904
97.3037 1428
97.3037 1904
97.3073 1428
97.3073 1904
97.3073 14756
97.3685 14280
97.4197 14756
97.4197 14280
97.4233 13804
97.4269 13328
97.4305 12852
97.4341 12376
97.4377 11900
97.4413 11424
97.4449 10948
97.4485 10472
97.4521 9996
97.4557 9520
97.4593 9044
97.4629 8568
97.4665 8092
97.4701 7616
97.4737 7140
97.4773 6664
97.4809 6188
97.4845 5712
97.4881 5236
97.4917 4760
97.4953 4284
97.4989 3808
97.5025 3332
97.5061 2856
97.5097 2380
97.5133 1904
97.5177 1428
97.5177 1904
97.5213 1428
97.5213 1904
97.5249 1428
97.5249 1904
97.5249 14756
97.6229 14280
98.0643 13804
98.0679 13328
98.0715 12852
98.0751 12376
98.0787 11900
98.0823 11424
98.0859 10948
98.0895 10472
98.0931 9996
98.0975 9520
98.1011 9044
98.1047 8568
98.1083 8092
98.1119 7616
98.1155 7140
98.1191 6664
98.1227 6188
98.1263 5712
98.1299 5236
98.1335 4760
98.1371 4284
98.1407 3808
98.1443 3332
98.1551 2856
98.1587 2380
98.1623 1904
98.1659 1428
98.1659 1904
98.1695 1428
98.1695 1904
98.1703 1428
98.1703 1904
98.1703 14280
98.8149 13804
98.8185 13328
98.8221 12852
98.8257 12376
98.8293 11900
98.8329 11424
98.8365 10948
98.8401 10472
98.8437 9996
98.8473 9520
98.8509 9044
98.8545 8568
98.8581 8092
98.8617 7616
98.8653 7140
98.8761 6664
98.8797 6188
98.8833 5712
98.8869 5236
98.8905 4760
98.8941 4284
98.8977 3808
98.9013 3332
98.9049 2856
98.9085 2380
98.9121 1904
98.9157 1428
98.9157 1904
98.9193 1428
98.9193 1904
98.921 1428
98.921 1904
98.921 14280
99.26 1904
99.5719 14280
100.165 14756
100.165 14280
100.169 13804
100.172 13328
100.176 12852
100.18 12376
100.183 11900
100.187 11424
100.19 10948
100.194 10472
100.198 9996
100.201 9520
100.205 9044
100.208 8568
100.213 8092
100.216 7616
100.22 7140
100.224 6664
100.227 6188
100.231 5712
100.234 5236
100.238 4760
100.242 4284
100.245 3808
100.249 3332
100.252 2856
100.256 2380
100.26 1904
100.263 1428
100.263 1904
100.267 1428
100.267 1904
100.27 1428
100.27 1904
100.27 14756
100.862 14280
100.866 13804
100.869 13328
100.873 12852
100.877 12376
100.88 11900
100.884 11424
100.887 10948
100.891 10472
100.895 9996
100.898 9520
100.902 9044
100.905 8568
100.909 8092
100.913 7616
100.916 7140
100.92 6664
100.923 6188
100.927 5712
100.931 5236
100.934 4760
100.938 4284
100.941 3808
100.945 3332
100.949 2856
100.952 2380
100.957 1904
100.96 1428
100.96 1904
100.964 1428
100.964 1904
100.967 1428
100.967 1904
100.967 14756
101.677 14280
101.677 13804
101.681 13328
101.684 12852
101.688 12376
101.692 11900
101.695 11424
101.699 10948
101.702 10472
101.706 9996
101.71 9520
101.713 9044
101.717 8568
101.72 8092
101.724 7616
101.732 7140
101.736 6664
101.739 6188
101.743 5712
101.746 5236
101.75 4760
101.754 4284
101.757 3808
101.761 3332
101.764 2856
101.768 2380
101.772 1904
101.775 1428
101.775 1904
101.779 1428
101.779 1904
101.782 1428
101.782 1904
101.782 14756
101.906 15232
101.906 14280
101.909 13328
101.913 12376
101.916 11424
101.92 10472
101.924 9520
101.927 8568
101.931 7616
101.934 6664
101.938 5712
101.942 4760
101.945 3808
101.949 2856
101.952 1904
101.956 952
101.956 1428
101.956 1904
101.96 952
101.96 1428
101.96 1904
101.963 952
101.963 1428
101.963 1904
101.967 952
101.967 1428
101.967 1904
101.97 952
101.97 1428
101.97 1904
101.974 952
101.974 1428
101.974 1904
101.978 952
101.978 1428
101.978 1904
101.981 952
101.981 1428
101.981 1904
101.985 952
101.985 1428
101.985 1904
101.988 952
101.988 1428
101.988 1904
101.992 952
101.992 1428
101.992 1904
101.996 952
101.996 1428
101.996 1904
101.999 952
101.999 1428
101.999 1904
102.004 952
102.004 1428
102.004 1904
102.007 952
102.007 1428
102.007 1904
102.011 952
102.011 1428
102.011 1904
102.014 1428
102.014 1904
102.014 15232
102.141 14756
102.141 14280
102.145 13804
102.148 13328
102.152 12852
102.156 12376
102.159 11900
102.163 11424
102.166 10948
102.17 10472
102.174 9996
102.177 9520
102.181 9044
102.184 8568
102.188 8092
102.192 7616
102.195 7140
102.199 6664
102.202 6188
102.206 5712
102.21 5236
102.213 4760
102.217 4284
102.22 3808
102.224 3332
102.227 2856
102.231 2380
102.235 1904
102.238 1428
102.238 1904
102.242 1428
102.242 1904
102.245 1428
102.245 1904
102.245 15232
102.559 14756
102.563 14280
102.567 13804
102.57 13328
102.574 12852
102.577 12376
102.581 11900
102.585 11424
102.588 10948
102.592 10472
102.595 9996
102.599 9520
102.603 9044
102.606 8568
102.61 8092
102.613 7616
102.617 7140
102.621 6664
102.624 6188
102.628 5712
102.631 5236
102.635 4760
102.639 4284
102.642 3808
102.646 3332
102.649 2856
102.653 2380
102.657 1904
102.66 1428
102.66 1904
102.664 1428
102.664 1904
102.665 1428
102.665 1904
102.665 15232
103.802 14756
103.802 14280
103.805 13804
103.809 13328
103.813 12852
103.816 12376
103.82 11900
103.823 11424
103.827 10948
103.831 10472
103.834 9996
103.838 9520
103.841 9044
103.845 8568
103.849 8092
103.852 7616
103.856 7140
103.859 6664
103.864 6188
103.867 5712
103.871 5236
103.875 4760
103.878 4284
103.882 3808
103.885 3332
103.889 2856
103.893 2380
103.896 1904
103.9 1428
103.9 1904
103.903 1428
103.903 1904
103.907 1428
103.907 1904
103.907 15232
104.761 14756
104.765 14280
104.769 13804
104.772 13328
104.776 12852
104.779 12376
104.783 11900
104.787 11424
104.79 10948
104.794 10472
104.797 9996
104.801 9520
104.805 9044
104.808 8568
104.812 8092
104.815 7616
104.819 7140
104.823 6664
104.826 6188
104.83 5712
104.833 5236
104.837 4760
104.841 4284
104.844 3808
104.848 3332
104.851 2856
104.855 2380
104.862 1904
104.866 1428
104.866 1904
104.867 1428
104.867 1904
104.867 15232
105.379 14756
105.379 14280
105.383 13804
105.386 13328
105.39 12852
105.394 12376
105.397 11900
105.401 11424
105.404 10948
105.408 10472
105.412 9996
105.415 9520
105.419 9044
105.422 8568
105.426 8092
105.43 7616
105.433 7140
105.437 6664
105.44 6188
105.444 5712
105.448 5236
105.451 4760
105.455 4284
105.458 3808
105.462 3332
105.466 2856
105.469 2380
105.473 1904
105.476 1428
105.476 1904
105.48 1428
105.48 1904
105.484 1428
105.484 1904
105.484 15232
105.928 14756
105.931 14280
105.935 13804
105.939 13328
105.942 12852
105.946 12376
105.949 11900
105.953 11424
105.957 10948
105.96 10472
105.964 9996
105.967 9520
105.971 9044
105.975 8568
105.978 8092
105.982 7616
105.985 7140
105.989 6664
105.993 6188
105.996 5712
106 5236
106.003 4760
106.007 4284
106.011 3808
106.014 3332
106.018 2856
106.021 2380
106.025 1904
106.029 1428
106.029 1904
106.032 1428
106.032 1904
106.034 1428
106.034 1904
106.034 15232
106.278 14756
106.281 14280
106.285 13804
106.289 13328
106.292 12852
106.296 12376
106.299 11900
106.303 11424
106.307 10948
106.31 10472
106.314 9996
106.317 9520
106.321 9044
106.325 8568
106.328 8092
106.332 7616
106.335 7140
106.339 6664
106.343 6188
106.346 5712
106.35 5236
106.353 4760
106.357 4284
106.361 3808
106.364 3332
106.368 2856
106.371 2380
106.379 1904
106.382 1428
106.382 1904
106.383 1428
106.383 1904
106.386 1428
106.386 1904
106.487 1428
106.487 1904
106.488 1428
106.488 1904
106.488 15232
106.603 14756
106.607 14280
106.61 13804
106.614 13328
106.618 12852
106.621 12376
106.625 11900
106.628 11424
106.632 10948
106.636 10472
106.639 9996
106.643 9520
106.646 9044
106.65 8568
106.654 8092
106.657 7616
106.661 7140
106.664 6664
106.668 6188
106.672 5712
106.675 5236
106.679 4760
106.682 4284
106.686 3808
106.69 3332
106.693 2856
106.694 476
106.697 1904
110.962 2380
110.962 1904
110.965 1428
110.965 1904
111.053 476
111.063 3808
112.952 4284
112.952 3808
113.028 3332
113.032 2856
113.035 2380
113.039 1904
113.05 1428
113.05 1904
113.053 1428
113.053 1904
113.057 1428
113.057 1904
113.057 4284
113.604 4760
113.604 4284
113.608 3808
113.681 3332
113.684 2856
113.695 2380
113.699 1904
113.702 1428
113.702 1904
113.706 1428
113.706 1904
113.71 1428
113.71 1904
113.71 4760
113.808 1904
113.938 4760
114.279 5236
114.279 4760
114.282 4284
114.286 3808
114.289 3332
114.293 2856
114.369 2380
114.373 1904
114.377 1428
114.377 1904
114.38 1428
114.38 1904
114.384 1428
114.384 1904
114.384 5236
115.113 5712
115.113 5236
115.116 4760
115.124 4284
115.127 3808
115.131 3332
115.134 2856
115.142 2380
115.145 1904
115.218 1428
115.218 1904
115.222 1428
115.222 1904
115.229 1428
115.229 1904
115.323 1428
115.323 1904
115.323 5712
115.987 5236
115.99 4760
115.994 4284
115.997 3808
116.001 3332
116.008 2856
116.081 2380
116.085 1428
116.085 1904
116.088 952
116.088 1428
116.088 1904
116.092 952
116.092 5236
116.093 4760
116.095 4284
116.19 3808
116.19 5712
116.976 5236
116.98 4760
116.984 4284
117.053 3808
117.056 3332
117.06 2856
117.064 2380
117.071 1904
117.074 1428
117.074 1904
117.082 1428
117.082 1904
117.082 1428
117.082 1904
117.187 5712
117.85 6188
117.85 5712
117.854 5236
117.916 4760
117.919 4284
117.926 3808
117.93 3332
117.941 2856
117.944 2380
117.948 1904
117.952 1428
117.952 1904
117.955 1428
117.955 1904
117.957 1428
117.957 1904
117.957 6188
119.986 5712
119.989 5236
120.055 4760
120.059 4284
120.062 3808
120.066 3332
120.069 2856
120.073 2380
120.08 1904
120.084 1428
120.084 1904
120.087 1428
120.087 1904
120.091 1428
120.091 1904
120.091 6188
120.82 6664
120.82 6188
120.824 5712
120.827 5236
120.831 4760
120.834 4284
120.838 3808
120.842 3332
120.845 2856
120.852 2380
120.856 1904
120.86 1428
120.86 1904
120.863 1428
120.863 1904
120.925 1428
120.925 1904
120.925 6664
121.277 7140
121.277 6664
121.28 6188
121.284 5712
121.288 5236
121.291 4760
121.353 4284
121.357 3808
121.36 3332
121.367 2856
121.371 2380
121.375 1904
121.378 1428
121.378 1904
121.382 1428
121.382 1904
121.382 7140
121.893 7616
121.893 7140
121.897 6664
121.908 6188
121.911 5712
121.915 5236
121.919 4760
121.922 4284
121.926 3808
121.929 3332
121.933 2856
121.937 2380
121.94 1904
121.944 1428
121.944 1904
121.947 1428
121.947 1904
121.999 1428
121.999 1904
121.999 7616
122.648 8092
122.648 7616
122.651 7140
122.655 6664
122.658 6188
122.662 5712
122.666 5236
122.669 4760
122.673 4284
122.676 3808
122.68 3332
122.684 2856
122.687 2380
122.691 1904
122.698 1428
122.698 1904
122.749 1428
122.749 1904
122.753 1428
122.753 1904
122.753 8092
122.876 8568
122.876 8092
122.88 7616
122.883 6664
122.887 5712
122.89 4760
122.894 3808
122.898 2856
122.901 1904
122.905 952
122.905 1428
122.905 1904
122.908 952
122.908 1428
122.908 1904
122.912 952
122.912 1428
122.912 1904
122.963 952
122.963 1428
122.963 1904
122.967 952
122.967 1428
122.967 1904
122.97 952
122.97 1428
122.97 1904
122.974 952
122.974 1428
122.974 1904
122.981 952
122.981 2380
122.985 1904
123.075 1428
123.075 1904
123.075 8568
123.191 9044
123.191 8568
123.195 8092
123.199 7616
123.202 7140
123.206 6664
123.209 6188
123.213 5712
123.217 5236
123.22 4760
123.224 4284
123.227 3808
123.231 3332
123.235 2856
123.238 2380
123.242 1904
123.289 1428
123.289 1904
123.293 1428
123.293 1904
123.293 476
123.297 10472
123.297 9044
123.579 9520
123.579 9044
123.583 8568
123.609 8092
123.612 7616
123.634 7140
123.638 6664
123.641 6188
123.645 5712
123.649 5236
123.652 4760
123.656 4284
123.659 3808
123.663 3332
123.667 2856
123.67 2380
123.674 1904
123.677 1428
123.677 1904
123.681 1428
123.681 1904
123.685 1428
123.685 1904
123.685 9520
123.783 9044
124.058 9520
124.058 9044
124.061 8568
124.105 8092
124.109 7616
124.112 7140
124.116 6664
124.12 6188
124.123 5712
124.127 5236
124.13 4760
124.134 4284
124.138 3808
124.141 3332
124.145 2856
124.148 2380
124.152 1904
124.156 1428
124.156 1904
124.159 1428
124.159 1904
124.163 1428
124.163 1904
124.163 9520
124.261 9044
124.395 8568
124.398 8092
124.402 7616
124.406 7140
124.409 6664
124.413 6188
124.416 5712
124.42 5236
124.424 4760
124.427 4284
124.431 3808
124.434 3332
124.478 2856
124.482 2380
124.489 1904
124.493 1428
124.493 1904
124.496 1428
124.496 1904
124.5 1428
124.5 1904
124.5 9044
125.812 8568
125.816 8092
125.82 7616
125.823 7140
125.867 6664
125.871 6188
125.874 5712
125.878 5236
125.882 4760
125.885 4284
125.889 3808
125.892 3332
125.896 2856
125.9 2380
125.907 1904
125.91 1428
125.91 1904
125.914 1428
125.914 1904
125.918 1428
125.918 1904
125.918 9044
126.683 8568
126.686 8092
126.69 7616
126.693 7140
126.697 6664
126.701 6188
126.752 5712
126.755 5236
126.759 4760
126.763 4284
126.766 3808
126.77 3332
126.773 2856
126.777 2380
126.781 1904
126.784 1428
126.784 1904
126.788 1428
126.788 1904
126.789 1428
126.789 1904
126.789 9044
127.872 8568
127.875 8092
127.879 7616
127.883 7140
127.893 6664
127.897 6188
127.904 5712
127.941 5236
127.945 4760
127.948 4284
127.952 3808
127.955 3332
127.959 2856
127.966 2380
127.97 1904
127.973 1428
127.973 1904
127.977 1428
127.977 1904
127.977 9044
128.836 9996
128.836 9520
128.836 9044
128.847 8568
128.851 8092
128.858 7616
128.862 7140
128.865 6188
128.869 5236
128.872 4284
128.876 3332
128.88 2380
128.883 1428
128.883 1904
128.887 952
128.887 1428
128.887 1904
128.924 952
128.924 1428
128.924 1904
128.927 952
128.927 1428
128.927 1904
128.934 952
128.934 1428
128.934 1904
128.942 952
128.942 4284
128.945 3808
128.949 2856
129.047 1904
129.05 1428
129.05 1904
129.054 1428
129.054 1904
129.058 1428
129.058 1904
129.058 9996
129.065 9044
129.431 8568
129.431 8092
129.434 7616
129.478 7140
129.482 6664
129.493 6188
129.496 5712
129.5 5236
129.503 4760
129.507 4284
129.511 3808
129.514 3332
129.521 2856
129.525 2380
129.529 1904
129.532 1428
129.532 1904
129.536 1428
129.536 1904
129.536 9044
130.693 9520
130.693 9044
130.696 8568
130.7 8092
130.703 7616
130.707 7140
130.711 6664
130.714 6188
130.718 5712
130.721 5236
130.725 4760
130.729 4284
130.732 3808
130.736 3332
130.739 2856
130.747 2380
130.75 1904
130.783 1428
130.783 1904
130.787 1428
130.787 1904
130.798 1428
130.798 1904
130.798 9520
130.889 9044
132.586 9520
132.586 9044
132.589 8568
132.593 8092
132.596 7616
132.6 7140
132.604 6664
132.607 6188
132.611 5712
132.614 5236
132.618 4760
132.622 4284
132.625 3808
132.629 3332
132.632 2856
132.636 2380
132.64 1904
132.643 1428
132.643 1904
132.647 1428
132.647 1904
132.691 1428
132.691 1904
132.691 9520
132.748 9044
132.796 1904
133.06 9520
134.09 9996
134.09 9520
134.093 9044
134.097 8568
134.1 8092
134.104 7616
134.144 7140
134.148 6664
134.152 6188
134.155 5712
134.159 5236
134.162 4760
134.166 4284
134.17 3808
134.173 3332
134.177 2856
134.18 2380
134.184 1904
134.188 1428
134.188 1904
134.191 1428
134.191 1904
134.195 1428
134.195 1904
134.195 9996
134.42 10472
134.42 9996
134.423 9520
134.427 9044
134.43 8568
134.434 8092
134.438 7616
134.441 7140
134.445 6664
134.448 6188
134.452 5712
134.456 5236
134.459 4760
134.463 4284
134.466 3808
134.503 3332
134.507 2856
134.51 2380
134.514 1904
134.518 1428
134.518 1904
134.521 1428
134.521 1904
134.525 1428
134.525 1904
134.525 10472
134.919 10948
134.919 10472
134.945 9996
134.949 9520
134.953 9044
134.956 8568
134.96 8092
134.963 7616
134.974 7140
134.978 6664
134.981 6188
134.985 5712
134.989 5236
134.992 4760
134.996 4284
134.999 3808
135.003 3332
135.007 2856
135.01 2380
135.014 1904
135.017 1428
135.017 1904
135.021 1428
135.021 1904
135.025 1428
135.025 1904
135.025 10948
135.663 11424
135.663 10948
135.666 10472
135.67 9996
135.674 9520
135.677 9044
135.681 8568
135.684 8092
135.688 7616
135.692 7140
135.695 6664
135.699 6188
135.706 5712
135.71 5236
135.713 4760
135.717 4284
135.72 3808
135.724 3332
135.754 2856
135.757 2380
135.761 1904
135.764 1428
135.764 1904
135.768 1428
135.768 1904
135.768 11424
137.106 11900
137.106 11424
137.109 10948
137.113 10472
137.116 9996
137.12 9520
137.124 9044
137.127 8568
137.131 8092
137.134 7616
137.145 7140
137.149 6664
137.152 6188
137.156 5712
137.16 5236
137.163 4760
137.175 4284
137.178 3808
137.182 3332
137.186 2856
137.196 2380
137.2 1904
137.204 1428
137.204 1904
137.207 1428
137.207 1904
137.211 1428
137.211 1904
137.211 11900
137.381 11424
137.384 10948
137.388 10472
137.392 9996
137.414 9520
137.418 9044
137.421 8568
137.425 8092
137.428 7616
137.432 7140
137.436 6664
137.439 6188
137.443 5712
137.446 5236
137.45 4760
137.454 4284
137.457 3808
137.461 3332
137.464 2856
137.468 2380
137.475 1904
137.479 1428
137.479 1904
137.482 1428
137.482 1904
137.486 1428
137.486 1904
137.486 11900
138.556 12376
138.556 11900
138.559 11424
138.563 10472
138.566 9520
138.57 8568
138.574 7616
138.577 6664
138.581 5712
138.584 4760
138.588 3808
138.592 2856
138.602 1904
138.606 952
138.606 1428
138.606 1904
138.61 952
138.61 1428
138.61 1904
138.613 952
138.613 1428
138.613 1904
138.617 952
138.617 1428
138.617 1904
138.62 952
138.62 1428
138.62 1904
138.636 952
138.636 1428
138.636 1904
138.639 952
138.639 1428
138.639 1904
138.643 952
138.643 1428
138.643 1904
138.65 952
138.65 1904
138.654 952
138.654 1428
138.654 1904
138.661 952
138.661 2380
138.664 1904
138.755 1428
138.755 1904
138.755 12376
138.875 12852
138.875 11900
138.878 10948
138.882 9996
138.886 9044
138.889 8092
138.893 7140
138.896 6188
138.9 5236
138.904 4284
138.907 3332
138.911 2380
138.914 1428
138.914 1904
138.918 952
138.918 1428
138.918 1904
138.922 952
138.922 1428
138.922 1904
138.925 952
138.925 1428
138.925 1904
138.929 952
138.929 1428
138.929 1904
138.932 952
138.932 1428
138.932 1904
138.936 952
138.936 1428
138.936 1904
138.94 952
138.94 1428
138.94 1904
138.943 952
138.943 1428
138.943 1904
138.947 952
138.947 1428
138.947 1904
138.95 952
138.95 1428
138.95 1904
138.973 952
138.973 1428
138.973 1904
138.973 476
138.976 1904
141.268 2380
141.268 1904
141.342 476
141.356 1904
141.573 476
141.679 4760
142.331 5236
142.331 4760
142.335 4284
142.338 3808
142.342 3332
142.346 2856
142.349 2380
142.353 1904
142.356 1428
142.356 1904
142.433 1428
142.433 1904
142.436 1428
142.436 1904
142.436 5236
143.173 5712
143.173 5236
143.176 4760
143.187 4284
143.19 3808
143.194 3332
143.198 2856
143.205 2380
143.209 1904
143.212 1428
143.212 1904
143.216 1428
143.216 1904
143.278 1428
143.278 1904
143.278 5712
143.716 6188
143.716 5712
143.72 5236
143.724 4760
143.727 4284
143.731 3808
143.734 3332
143.738 2856
143.749 2380
143.752 1904
143.818 1428
143.818 1904
143.822 1428
143.822 1904
143.923 1428
143.923 1904
143.927 1428
143.927 1904
143.927 6188
144.579 5712
144.583 5236
144.587 4760
144.59 4284
144.594 3808
144.659 3332
144.663 2856
144.667 2380
144.67 1904
144.674 1428
144.674 1904
144.681 1428
144.681 1904
144.686 1428
144.686 1904
144.686 6188
146.189 6664
146.189 6188
146.193 5712
146.196 5236
146.2 4760
146.251 4284
146.255 3808
146.273 3332
146.276 2856
146.28 2380
146.284 1904
146.287 1428
146.287 1904
146.291 1428
146.291 1904
146.294 1428
146.294 1904
146.294 6664
146.53 6188
146.534 5712
146.537 5236
146.541 4760
146.544 4284
146.606 3808
146.606 1904
146.61 1428
146.61 1904
146.614 1428
146.614 1904
146.617 1428
146.617 1904
146.624 1428
146.624 1904
146.628 1428
146.628 1904
146.632 1428
146.632 1904
146.635 1428
146.635 1904
146.635 6664
146.636 1904
146.842 6664
148.183 6188
148.187 5712
148.19 5236
148.194 4760
148.198 4284
148.252 3808
148.256 3332
148.26 2856
148.263 2380
148.278 1904
148.281 1428
148.281 1904
148.285 1428
148.285 1904
148.288 1428
148.288 1904
148.288 6664
148.401 7140
148.401 6188
148.404 5236
148.408 4284
148.411 3332
148.415 2380
148.419 1428
148.419 1904
148.422 952
148.422 1428
148.422 1904
148.426 952
148.426 1428
148.426 1904
148.429 952
148.429 1428
148.429 1904
148.499 952
148.499 1428
148.499 1904
148.502 952
148.502 1428
148.502 1904
148.506 952
148.506 1428
148.506 1904
148.507 952
148.507 1428
148.507 1904
148.509 1428
148.509 1904
148.509 7140
148.963 6664
148.966 6188
148.97 5712
148.973 5236
149.032 4760
149.035 4284
149.039 3808
149.043 3332
149.05 2856
149.057 2380
149.061 1904
149.064 1428
149.064 1904
149.068 1428
149.068 1904
149.068 7140
149.735 7616
149.735 7140
149.738 6664
149.786 6188
149.79 5712
149.804 5236
149.808 4760
149.811 4284
149.815 3808
149.818 3332
149.822 2856
149.826 2380
149.829 1904
149.836 1428
149.836 1904
149.84 1428
149.84 1904
149.84 7616
149.985 7140
149.988 6664
149.992 6188
150.047 5712
150.05 5236
150.054 4760
150.057 4284
150.061 3808
150.065 3332
150.068 2856
150.072 2380
150.079 1904
150.083 1428
150.083 1904
150.086 1428
150.086 1904
150.09 1428
150.09 1904
150.09 7616
150.858 7140
150.862 6664
150.866 6188
150.869 5712
150.873 5236
150.876 4760
150.88 4284
150.884 3808
150.887 3332
150.891 2856
150.894 2380
150.898 1904
150.946 1428
150.946 1904
150.96 1428
150.96 1904
150.964 1428
150.964 1904
150.964 7616
151.087 7140
151.09 6664
151.094 6188
151.098 5712
151.101 5236
151.105 4760
151.108 4284
151.112 3808
151.116 3332
151.156 2856
151.16 2380
151.181 1904
151.185 1428
151.185 1904
151.188 1428
151.188 1904
151.192 1428
151.192 1904
151.192 7616
152.494 7140
152.497 6664
152.501 6188
152.504 5712
152.508 5236
152.512 4760
152.515 4284
152.533 3808
152.537 3332
152.54 2856
152.544 2380
152.588 1904
152.592 1428
152.592 1904
152.595 1428
152.595 1904
152.599 1428
152.599 1904
152.599 7616
154.48 7140
154.484 6664
154.487 6188
154.542 5712
154.546 5236
154.549 4760
154.553 4284
154.557 3808
154.56 3332
154.564 2856
154.567 2380
154.575 1904
154.578 1428
154.578 1904
154.582 1428
154.582 1904
154.585 1428
154.585 1904
154.585 7616
155.249 7140
155.252 6664
155.256 6188
155.26 5712
155.263 5236
155.267 4760
155.27 4284
155.274 3808
155.278 3332
155.332 2856
155.336 2380
155.343 1904
155.347 1428
155.347 1904
155.35 1428
155.35 1904
155.354 1428
155.354 1904
155.354 7616
155.909 7140
155.912 6664
155.916 6188
155.919 5712
155.923 5236
155.927 4760
155.93 4284
155.934 3808
155.937 3332
155.992 2856
155.996 2380
156.003 1904
156.007 1428
156.007 1904
156.01 1428
156.01 1904
156.014 1428
156.014 1904
156.014 7616
156.982 8092
156.982 7616
156.986 7140
156.989 6664
156.993 6188
156.996 5712
157.007 5236
157.011 4760
157.014 4284
157.018 3808
157.022 3332
157.025 2856
157.029 2380
157.032 1904
157.036 1428
157.036 1904
157.084 1428
157.084 1904
157.087 1428
157.087 1904
157.087 8092
157.236 8568
157.236 8092
157.239 7616
157.246 7140
157.25 6664
157.297 6188
157.301 5712
157.305 5236
157.308 4760
157.312 4284
157.315 3808
157.323 3332
157.326 2856
157.33 1904
157.334 952
157.334 1428
157.334 1904
157.337 952
157.337 1428
157.337 1904
157.341 952
157.341 7140
157.344 6664
157.439 6188
157.439 8568
157.881 8092
157.885 7616
157.888 7140
157.892 6664
157.895 6188
157.899 5712
157.903 5236
157.913 4760
157.917 4284
157.921 3808
157.924 3332
157.928 2856
157.975 2380
157.979 1904
157.983 1428
157.983 1904
157.986 1428
157.986 1904
157.986 8568
158.664 9044
158.664 8568
158.668 8092
158.671 7616
158.675 7140
158.678 6664
158.682 6188
158.686 5712
158.73 5236
158.733 4760
158.74 4284
158.744 3808
158.748 3332
158.751 2856
158.755 2380
158.758 1904
158.762 1428
158.762 1904
158.766 1428
158.766 1904
158.769 1428
158.769 1904
158.769 9044
159.24 9520
159.24 9044
159.244 8568
159.247 8092
159.251 7616
159.288 7140
159.291 6664
159.295 6188
159.299 5712
159.309 5236
159.313 4760
159.317 4284
159.32 3808
159.324 3332
159.327 2856
159.331 2380
159.335 1904
159.338 1428
159.338 1904
159.342 1428
159.342 1904
159.345 1428
159.345 1904
159.345 9520
160.342 9996
160.342 9520
160.353 9044
160.357 8568
160.367 8092
160.371 7616
160.375 7140
160.378 6664
160.382 6188
160.385 5712
160.389 5236
160.393 4760
160.419 4284
160.422 3808
160.426 3332
160.429 2856
160.433 2380
160.437 1904
160.44 1428
160.44 1904
160.444 1428
160.444 1904
160.528 476
160.545 12376
160.545 9996
160.835 9520
160.839 9044
160.868 8568
160.872 8092
160.875 7616
160.879 7140
160.883 6664
160.886 6188
160.89 5712
160.893 5236
160.897 4760
160.901 4284
160.904 3808
160.908 3332
160.911 2856
160.915 2380
160.929 1904
160.933 1428
160.933 1904
160.94 1428
160.94 1904
160.941 1428
160.941 1904
161.045 9996
161.27 9520
161.27 9044
161.274 8568
161.277 8092
161.281 7616
161.284 7140
161.288 6664
161.292 6188
161.295 5712
161.299 5236
161.302 4760
161.306 4284
161.31 3808
161.313 3332
161.317 2856
161.32 2380
161.368 1904
161.372 1428
161.372 1904
161.375 1428
161.375 1904
161.379 1428
161.379 1904
161.477 1428
161.477 1904
161.48 1428
161.48 1904
161.48 9996
162.372 10472
162.372 9996
162.376 9520
162.383 9044
162.387 8568
162.39 8092
162.427 7616
162.431 7140
162.434 6664
162.438 6188
162.441 5712
162.445 5236
162.449 4760
162.452 4284
162.456 3808
162.459 3332
162.463 2856
162.467 2380
162.47 1904
162.474 1428
162.474 1904
162.477 1428
162.477 1904
162.477 10472
162.488 9996
162.633 9520
162.637 9044
162.64 8568
162.644 8092
162.647 7616
162.651 7140
162.688 6664
162.691 6188
162.695 5712
162.699 5236
162.702 4760
162.706 4284
162.709 3808
162.713 3332
162.717 2856
162.72 2380
162.727 1904
162.731 1428
162.731 1904
162.735 1428
162.735 1904
162.738 1428
162.738 1904
162.738 9996
163.054 10472
163.054 9996
163.057 9520
163.061 9044
163.064 8568
163.068 8092
163.072 7616
163.075 7140
163.079 6664
163.082 6188
163.086 5712
163.09 5236
163.093 4760
163.097 4284
163.1 3808
163.104 3332
163.108 2856
163.115 2380
163.118 1904
163.152 1428
163.152 1904
163.155 1428
163.155 1904
163.161 1428
163.161 1904
163.161 10472
163.257 9996
163.316 9520
163.32 9044
163.323 8568
163.327 8092
163.33 7616
163.362 7140
163.371 6664
163.374 6188
163.378 5712
163.382 5236
163.385 4760
163.389 4284
163.392 3808
163.396 3332
163.4 2856
163.403 2380
163.41 1904
163.414 1428
163.414 1904
163.418 1428
163.418 1904
163.421 1428
163.421 1904
163.421 9996
164.922 10472
164.922 9996
164.926 9520
164.93 9044
164.933 8568
164.937 8092
164.94 7616
164.944 7140
164.948 6664
164.951 6188
164.955 5712
164.958 5236
164.962 4760
164.966 4284
164.969 3808
164.992 3332
164.995 2856
164.999 2380
165.002 1904
165.013 1428
165.013 1904
165.017 1428
165.017 1904
165.028 1428
165.028 1904
165.028 10472
165.118 9996
165.8 9520
165.803 9044
165.807 8568
165.811 8092
165.821 7616
165.825 7140
165.829 6664
165.832 6188
165.836 5712
165.839 5236
165.869 4760
165.873 4284
165.876 3808
165.88 3332
165.883 2856
165.887 2380
165.894 1904
165.898 1428
165.898 1904
165.901 1428
165.901 1904
165.905 1428
165.905 1904
165.905 9996
166.354 10472
166.354 9996
166.358 9520
166.362 9044
166.365 8568
166.369 8092
166.372 7616
166.376 7140
166.38 6664
166.383 6188
166.387 5712
166.39 5236
166.394 4760
166.424 4284
166.427 3808
166.438 3332
166.442 2856
166.445 2380
166.449 1904
166.452 1428
166.452 1904
166.456 1428
166.456 1904
166.46 1428
166.46 1904
166.46 10472
166.558 9996
168.683 10472
168.683 9996
168.686 9520
168.69 9044
168.693 8568
168.697 8092
168.701 7616
168.704 7140
168.708 6664
168.711 6188
168.715 5712
168.719 5236
168.722 4760
168.726 4284
168.733 3808
168.737 3332
168.74 2380
168.744 1428
168.744 1904
168.781 952
168.781 1428
168.781 1904
168.784 952
168.784 1428
168.784 1904
168.788 952
168.788 8568
168.791 8092
168.886 7616
168.886 10472
168.893 9996
169.208 10472
169.208 9996
169.212 9520
169.216 9044
169.219 8568
169.223 8092
169.226 7616
169.23 7140
169.234 6664
169.237 6188
169.241 5712
169.244 5236
169.248 4760
169.252 4284
169.255 3808
169.259 3332
169.262 2856
169.266 2380
169.27 1904
169.306 1428
169.306 1904
169.31 1428
169.31 1904
169.314 1428
169.314 1904
169.314 10472
169.412 9996
170.702 1904
170.746 4760
170.746 4284
170.746 1904
170.749 1428
170.749 1904
170.786 1428
170.786 1904
170.79 1428
170.79 1904
170.793 1428
170.793 1904
170.797 1428
170.797 1904
170.8 1428
170.8 1904
170.851 1428
170.851 1904
170.956 10472
171.094 9996
171.094 9520
171.097 9044
171.101 8568
171.104 8092
171.108 7616
171.112 7140
171.115 6664
171.119 6188
171.122 5712
171.126 5236
171.13 4760
171.133 4284
171.17 3808
171.173 3332
171.177 2856
171.181 2380
171.188 1904
171.192 1428
171.192 1904
171.195 1428
171.195 1904
171.199 1428
171.199 1904
171.199 10472
171.586 9996
171.619 9520
171.623 9044
171.627 8568
171.63 8092
171.634 7616
171.637 7140
171.641 6664
171.645 6188
171.648 5712
171.652 5236
171.655 4760
171.663 4284
171.666 3808
171.67 3332
171.673 2856
171.681 2380
171.684 1904
171.688 1428
171.688 1904
171.691 1428
171.691 1904
171.691 10472
173.247 10948
173.247 10472
173.25 9996
173.254 9520
173.257 9044
173.261 8568
173.265 8092
173.268 7616
173.272 7140
173.275 6664
173.279 6188
173.283 5712
173.287 5236
173.29 4760
173.316 4284
173.319 3808
173.323 3332
173.326 2856
173.337 2380
173.341 1904
173.345 1428
173.345 1904
173.348 1428
173.348 1904
173.352 1428
173.352 1904
173.352 10948
173.475 11424
173.475 10948
173.478 10472
173.482 9520
173.486 8568
173.493 7616
173.496 6664
173.5 5712
173.504 4760
173.507 3808
173.511 2856
173.514 1904
173.518 952
173.518 1428
173.518 1904
173.522 952
173.522 1428
173.522 1904
173.525 952
173.525 1428
173.525 1904
173.555 952
173.555 1428
173.555 1904
173.558 952
173.558 1428
173.558 1904
173.566 952
173.566 1428
173.566 1904
173.569 952
173.569 1428
173.569 1904
173.573 952
173.573 1428
173.573 1904
173.576 952
173.576 2856
173.58 2380
173.581 1904
173.584 1428
173.584 1904
173.678 1428
173.678 1904
173.678 11424
174.508 10948
174.511 10472
174.515 9996
174.541 9520
174.545 9044
174.548 8568
174.552 8092
174.555 7616
174.559 7140
174.563 6664
174.566 6188
174.57 5712
174.573 5236
174.581 4760
174.584 4284
174.588 3808
174.591 3332
174.595 2856
174.602 2380
174.606 1904
174.609 1428
174.609 1904
174.613 1428
174.613 1904
174.613 11424
175.552 11900
175.552 11424
175.555 10948
175.559 10472
175.562 9996
175.566 9520
175.585 9044
175.588 8568
175.592 8092
175.596 7616
175.599 7140
175.603 6664
175.606 6188
175.61 5712
175.613 5236
175.617 4760
175.621 4284
175.624 3808
175.635 3332
175.639 2856
175.642 2380
175.646 1904
175.65 1428
175.65 1904
175.653 1428
175.653 1904
175.657 1428
175.657 1904
175.657 11900
176.498 12376
176.498 11900
176.502 11424
176.505 10948
176.509 10472
176.512 9996
176.516 9520
176.52 9044
176.527 8568
176.53 8092
176.534 7616
176.538 7140
176.541 6664
176.545 6188
176.548 5712
176.552 5236
176.556 4760
176.559 4284
176.563 3808
176.566 3332
176.57 2856
176.574 2380
176.577 1904
176.581 1428
176.581 1904
176.603 1428
176.603 1904
176.603 12376
176.824 12852
176.824 12376
176.828 11900
176.832 11424
176.835 10948
176.839 10472
176.842 9996
176.846 9520
176.857 9044
176.86 8568
176.864 8092
176.868 7616
176.871 7140
176.875 6664
176.878 6188
176.882 5712
176.886 5236
176.889 4760
176.893 4284
176.896 3808
176.9 3332
176.904 2856
176.907 2380
176.911 1904
176.922 1428
176.922 1904
176.926 1428
176.926 1904
176.93 1428
176.93 1904
176.93 12852
177.764 13328
177.764 12852
177.767 12376
177.771 11900
177.775 11424
177.778 10948
177.782 10472
177.785 9996
177.789 9520
177.793 9044
177.796 8568
177.8 8092
177.803 7616
177.807 7140
177.811 6664
177.814 6188
177.818 5712
177.821 5236
177.825 4760
177.828 4284
177.832 3808
177.839 3332
177.843 2856
177.846 2380
177.85 1904
177.854 1428
177.854 1904
177.869 1428
177.869 1904
177.869 13328
178.199 12852
178.202 12376
178.206 11900
178.21 11424
178.213 10948
178.217 10472
178.22 9996
178.224 9520
178.228 9044
178.231 8568
178.235 8092
178.238 7616
178.242 7140
178.246 6664
178.249 6188
178.26 5712
178.264 5236
178.267 4760
178.271 4284
178.274 3808
178.278 3332
178.282 2856
178.293 2380
178.297 1904
178.3 1428
178.3 1904
178.304 1428
178.304 1904
178.304 13328
178.467 12852
178.47 12376
178.474 11900
178.478 11424
178.481 10948
178.485 10472
178.488 9996
178.492 9520
178.496 9044
178.504 8568
178.507 8092
178.514 7616
178.518 7140
178.522 6664
178.525 6188
178.529 5712
178.532 5236
178.536 4760
178.54 4284
178.543 3808
178.547 3332
178.55 2856
178.554 2380
178.561 1904
178.565 1428
178.565 1904
178.568 1428
178.568 1904
178.572 1428
178.572 1904
178.572 13328
178.779 13804
178.779 13328
178.782 12852
178.786 12376
178.789 11900
178.793 11424
178.797 10948
178.8 10472
178.804 9996
178.807 9520
178.811 9044
178.815 8568
178.818 8092
178.822 7616
178.825 7140
178.829 6664
178.833 6188
178.836 5712
178.84 5236
178.843 4760
178.847 4284
178.851 3808
178.854 3332
178.858 2856
178.861 2380
178.865 1904
178.869 1428
178.869 1904
178.88 1428
178.88 1904
178.884 1428
178.884 1904
178.884 13804
179.188 12852
179.188 12376
179.191 11900
179.195 11424
179.199 10948
179.202 10472
179.206 9996
179.209 9520
179.213 9044
179.217 8568
179.22 8092
179.228 7616
179.232 7140
179.235 6664
179.239 6188
179.243 5712
179.246 5236
179.25 4760
179.253 4284
179.257 3808
179.261 3332
179.264 2856
179.268 2380
179.282 1904
179.286 1428
179.286 1904
179.293 1428
179.293 1904
179.293 13804
179.452 13328
179.456 12852
179.459 12376
179.463 11900
179.467 11424
179.47 10948
179.474 10472
179.477 9996
179.481 9520
179.485 9044
179.488 8568
179.492 8092
179.496 7616
179.5 7140
179.507 6664
179.511 6188
179.514 5712
179.518 5236
179.521 4760
179.525 4284
179.528 3808
179.532 3332
179.536 2856
179.539 2380
179.547 1904
179.55 1428
179.55 1904
179.554 1428
179.554 1904
179.557 1428
179.557 1904
179.557 13804
180.076 14280
180.076 13804
180.08 13328
180.083 12852
180.087 12376
180.09 11900
180.094 11424
180.098 10948
180.101 10472
180.105 9996
180.108 9520
180.112 9044
180.116 8568
180.119 8092
180.123 7616
180.126 7140
180.13 6664
180.134 6188
180.137 5712
180.141 5236
180.144 4760
180.152 4284
180.155 3808
180.162 2856
180.166 1904
180.17 952
180.17 1428
180.17 1904
180.173 952
180.173 1428
180.173 1904
180.181 952
180.181 11900
180.185 11424
180.268 10948
180.268 14280
180.543 14756
180.543 14280
180.546 13804
180.55 13328
180.553 12852
180.557 12376
180.561 11900
180.564 11424
180.568 10948
180.571 10472
180.579 9996
180.582 9520
180.586 9044
180.59 8568
180.594 8092
180.597 7616
180.601 7140
180.605 6664
180.608 6188
180.612 5712
180.615 5236
180.619 4760
180.623 4284
180.626 3808
180.63 3332
180.633 2856
180.637 2380
180.641 1904
180.644 1428
180.644 1904
180.648 1428
180.648 1904
180.648 14756
180.782 15232
180.782 14756
180.785 14280
180.789 13804
180.793 13328
180.796 12852
180.8 12376
180.803 11900
180.807 11424
180.811 10948
180.814 10472
180.818 9996
180.821 9520
180.825 9044
180.829 8568
180.832 8092
180.836 7616
180.839 7140
180.847 6664
180.85 6188
180.854 5712
180.857 5236
180.861 4760
180.865 4284
180.868 3808
180.872 3332
180.875 2856
180.879 2380
180.883 1904
180.888 1428
180.888 1904
180.888 15232
181.126 14756
181.13 14280
181.133 13804
181.137 13328
181.141 12852
181.144 12376
181.148 11900
181.151 11424
181.155 10948
181.159 10472
181.162 9996
181.166 9520
181.169 9044
181.173 8568
181.177 8092
181.18 7616
181.184 7140
181.187 6664
181.191 6188
181.195 5712
181.198 5236
181.202 4760
181.205 4284
181.209 3808
181.213 3332
181.216 2856
181.22 2380
181.223 1904
181.227 1428
181.227 1904
181.231 1428
181.231 1904
181.232 1428
181.232 1904
181.232 15232
181.584 14756
181.588 14280
181.591 13804
181.595 13328
181.598 12852
181.602 12376
181.606 11900
181.61 11424
181.614 10948
181.617 10472
181.621 9996
181.624 9520
181.628 9044
181.632 8568
181.635 8092
181.639 7616
181.642 7140
181.646 6664
181.65 6188
181.653 5712
181.657 5236
181.66 4760
181.668 4284
181.671 3808
181.675 3332
181.678 2856
181.682 2380
181.686 1904
181.689 1428
181.689 1904
181.69 1428
181.69 1904
181.69 15232
181.87 14756
181.87 14280
181.874 13804
181.877 13328
181.881 12852
181.884 12376
181.888 11900
181.892 11424
181.895 10948
181.899 10472
181.902 9996
181.906 9520
181.91 9044
181.913 8568
181.917 8092
181.92 7616
181.924 7140
181.928 6664
181.931 6188
181.938 5712
181.942 5236
181.949 4284
181.953 3332
181.956 2380
181.96 1428
181.96 1904
181.964 952
181.964 1428
181.964 1904
181.967 952
181.967 1428
181.967 1904
181.971 952
181.971 1428
181.971 1904
181.974 952
181.974 11424
181.975 10948
181.978 10472
182.054 9996
182.054 15232
182.178 14756
182.181 14280
182.185 13804
182.188 13328
182.192 12852
182.196 12376
182.199 11900
182.203 11424
182.21 10948
182.213 10472
182.217 9996
182.221 9520
182.224 9044
182.228 8568
182.231 8092
182.235 7616
182.239 7140
182.242 6664
182.246 6188
182.249 5712
182.253 5236
182.257 4760
182.26 4284
182.264 3808
182.267 3332
182.271 2856
182.275 2380
182.278 1904
182.282 1428
182.282 1904
182.284 1428
182.284 1904
182.284 15232
183.083 14756
183.087 14280
183.09 13804
183.094 13328
183.098 12852
183.101 12376
183.105 11900
183.108 11424
183.112 10948
183.112 1904
183.116 1428
183.116 1904
183.119 1428
183.119 1904
183.123 1428
183.123 1904
183.13 1428
183.13 1904
183.134 1428
183.134 1904
183.137 1428
183.137 1904
183.141 1428
183.141 1904
183.144 1428
183.144 1904
183.148 1428
183.148 1904
183.152 1428
183.152 1904
183.155 1428
183.155 1904
183.159 1428
183.159 1904
183.162 1428
183.162 1904
183.166 1428
183.166 1904
183.17 1428
183.17 1904
183.173 1428
183.173 1904
183.177 1428
183.177 1904
183.18 1428
183.18 1904
183.184 1428
183.184 1904
183.188 1428
183.188 1904
183.189 1428
183.189 1904
183.189 15232
183.289 1904
183.383 15232
183.718 14756
183.722 14280
183.725 13804
183.729 13328
183.733 12852
183.736 12376
183.74 11900
183.743 11424
183.747 10948
183.751 10472
183.754 9996
183.758 9520
183.761 9044
183.765 8568
183.769 8092
183.772 7616
183.776 7140
183.78 6664
183.784 6188
183.787 5712
183.791 5236
183.795 4760
183.798 4284
183.802 3808
183.805 3332
183.809 2856
183.813 2380
183.816 1904
183.82 1428
183.82 1904
183.823 1428
183.823 1904
183.824 1428
183.824 1904
183.824 15232
183.947 14756
183.947 14280
183.95 13804
183.954 13328
183.957 12852
183.961 12376
183.965 11900
183.968 11424
183.972 10948
183.975 10472
183.979 9996
183.983 9520
183.986 9044
183.99 8568
183.993 8092
183.997 7616
184.001 7140
184.004 6664
184.008 6188
184.015 5712
184.019 5236
184.022 4284
184.026 3332
184.029 2380
184.033 1428
184.033 1904
184.037 952
184.037 1428
184.037 1904
184.04 952
184.04 1428
184.04 1904
184.044 952
184.044 1428
184.044 1904
184.047 952
184.047 1428
184.047 1904
184.051 952
184.051 11424
184.052 10948
184.054 10472
184.149 9996
184.149 15232
184.301 14756
184.304 14280
184.308 13804
184.312 13328
184.315 12852
184.319 12376
184.322 11900
184.326 11424
184.33 10948
184.333 10472
184.337 9996
184.34 9520
184.344 9044
184.348 8568
184.351 8092
184.355 7616
184.358 7140
184.362 6664
184.366 6188
184.373 5712
184.376 5236
184.38 4760
184.384 4284
184.387 3808
184.391 3332
184.394 2856
184.398 2380
184.402 1904
184.405 1428
184.405 1904
184.406 1428
184.406 1904
184.406 15232
184.55 14756
184.55 14280
184.554 13804
184.557 13328
184.561 12852
184.564 12376
184.568 11900
184.572 11424
184.575 10948
184.579 10472
184.582 9996
184.586 9520
184.59 9044
184.593 8568
184.597 8092
184.604 7616
184.608 7140
184.611 6664
184.615 6188
184.618 5712
184.622 5236
184.626 4760
184.629 4284
184.633 3808
184.636 3332
184.64 2856
184.644 2380
184.647 1904
184.651 1428
184.651 1904
184.655 1428
184.655 1904
184.655 15232
185.3 14756
185.3 14280
185.304 13804
185.307 13328
185.311 12852
185.315 12376
185.318 11900
185.322 11424
185.325 10948
185.329 10472
185.333 9996
185.336 9520
185.34 9044
185.343 8568
185.347 8092
185.351 7616
185.354 7140
185.358 6664
185.361 6188
185.365 5712
185.369 5236
185.372 4760
185.376 4284
185.379 3808
185.383 3332
185.387 2856
185.39 2380
185.394 1904
185.397 1428
185.397 1904
185.401 1428
185.401 1904
185.404 1428
185.404 1904
185.404 15232
185.531 14756
185.531 14280
185.538 13804
185.542 13328
185.546 12852
185.549 12376
185.553 11900
185.556 11424
185.56 10948
185.564 10472
185.567 9996
185.571 9520
185.574 9044
185.578 8568
185.582 8092
185.585 7616
185.589 7140
185.592 6664
185.596 6188
185.6 5712
185.603 5236
185.607 4760
185.61 4284
185.614 3808
185.618 3332
185.621 2856
185.625 2380
185.628 1904
185.632 1428
185.632 1904
185.636 1428
185.636 1904
185.636 15232
185.827 14756
185.831 14280
185.834 13804
185.838 13328
185.842 12852
185.845 12376
185.849 11900
185.852 11424
185.856 10948
185.86 10472
185.863 9996
185.867 9520
185.87 9044
185.874 8568
185.878 8092
185.881 7616
185.885 7140
185.888 6664
185.892 6188
185.896 5712
185.899 5236
185.903 4760
185.906 4284
185.91 3808
185.914 3332
185.917 2856
185.921 2380
185.924 1904
185.928 1428
185.928 1904
185.932 1428
185.932 1904
185.932 1428
185.932 1904
185.932 15232
186.645 14756
186.649 14280
186.652 13804
186.656 13328
186.659 12852
186.663 12376
186.667 11900
186.67 11424
186.674 10948
186.677 10472
186.681 9996
186.684 9520
186.688 9044
186.692 8568
186.695 8092
186.699 7616
186.702 7140
186.706 6664
186.71 6188
186.713 5712
186.717 5236
186.72 4760
186.724 4284
186.728 3808
186.731 3332
186.738 2856
186.742 2380
186.746 1904
186.749 1428
186.749 1904
186.75 1428
186.75 1904
186.75 15232
187.333 14756
187.333 14280
187.337 13804
187.34 13328
187.344 12852
187.347 12376
187.351 11900
187.355 11424
187.358 10948
187.362 10472
187.365 9996
187.369 9520
187.373 9044
187.376 8568
187.38 8092
187.383 7616
187.387 7140
187.391 6664
187.394 6188
187.398 5712
187.401 5236
187.405 4760
187.409 4284
187.412 3808
187.416 3332
187.419 2856
187.423 2380
187.427 1904
187.43 1428
187.43 1904
187.434 1428
187.434 1904
187.437 1428
187.437 1904
187.437 15232
187.831 14756
187.834 14280
187.838 13804
187.841 13328
187.845 12852
187.848 12376
187.852 11900
187.856 11424
187.863 10948
187.867 10472
187.87 9520
187.874 8568
187.877 7616
187.881 6664
187.884 5712
187.888 4760
187.892 3808
187.895 2856
187.899 1904
187.906 952
187.906 1428
187.906 1904
187.91 952
187.91 1428
187.91 1904
187.913 476
187.913 952
187.913 1904
187.917 476
187.917 952
187.917 1904
187.921 476
187.921 952
187.921 1904
187.928 476
187.928 952
187.928 1904
187.931 476
187.931 952
187.931 1904
187.935 476
187.935 952
187.935 1904
187.937 476
187.937 5712
187.938 4284
188.04 2856
188.042 1904
188.044 952
188.044 3808
188.047 3332
188.047 15232
188.232 14756
188.235 14280
188.239 13804
188.242 13328
188.246 12852
188.25 12376
188.253 11900
188.257 11424
188.26 10948
188.264 10472
188.268 9996
188.271 9520
188.275 9044
188.278 8568
188.282 8092
188.286 7616
188.289 7140
188.293 6664
188.296 6188
188.3 5712
188.304 5236
188.307 4760
188.311 4284
188.314 3808
188.318 3332
188.322 2856
188.325 2380
188.329 1904
188.332 1428
188.332 1904
188.336 1428
188.336 1904
188.338 1428
188.338 1904
188.338 15232
188.567 14756
188.571 14280
188.574 13804
188.578 13328
188.582 12852
188.585 12376
188.589 11900
188.592 11424
188.596 10948
188.6 10472
188.603 9996
188.607 9520
188.61 9044
188.614 8568
188.618 8092
188.621 7616
188.625 7140
188.628 6664
188.632 6188
188.636 5712
188.639 5236
188.643 4760
188.646 4284
188.65 3808
188.654 3332
188.657 2856
188.661 2380
188.664 1904
188.668 1428
188.668 1904
188.672 1428
188.672 1904
188.672 1428
188.672 1904
188.672 15232
188.924 14756
188.924 14280
188.928 13804
188.931 13328
188.935 12852
188.939 12376
188.942 11900
188.946 11424
188.949 10948
188.953 10472
188.957 9996
188.96 9520
188.967 9044
188.971 8568
188.975 7616
188.978 6664
188.982 5712
188.985 4760
188.989 3808
188.993 2856
188.996 1904
189 952
189 1428
189 1904
189.003 952
189.003 1428
189.003 1904
189.007 952
189.007 1428
189.007 1904
189.011 952
189.011 1428
189.011 1904
189.014 952
189.014 1428
189.014 1904
189.018 952
189.018 1428
189.018 1904
189.021 952
189.021 1428
189.021 1904
189.025 952
189.025 1428
189.025 1904
189.029 952
189.029 8092
189.029 7616
189.032 7140
189.127 6664
189.127 15232
189.361 14756
189.361 14280
189.365 13804
189.369 13328
189.372 12852
189.376 12376
189.379 11900
189.383 11424
189.387 10948
189.39 10472
189.394 9996
189.397 9520
189.401 9044
189.404 8568
189.408 8092
189.412 7616
189.415 7140
189.419 6664
189.422 6188
189.426 5712
189.43 5236
189.433 4760
189.437 4284
189.44 3808
189.444 3332
189.448 2856
189.451 2380
189.455 1904
189.458 1428
189.458 1904
189.462 1428
189.462 1904
189.466 1428
189.466 1904
189.466 15232
189.621 14756
189.621 14280
189.625 13804
189.628 13328
189.632 12852
189.636 12376
189.639 11900
189.643 11424
189.646 10948
189.65 10472
189.654 9996
189.657 9520
189.661 9044
189.664 8568
189.668 8092
189.672 7616
189.675 7140
189.679 6664
189.682 6188
189.686 5712
189.69 5236
189.693 4760
189.697 4284
189.7 3808
189.704 3332
189.708 2856
189.711 2380
189.715 1904
189.718 1428
189.718 1904
189.722 1428
189.722 1904
189.726 1428
189.726 1904
189.726 15232
190.111 14756
190.111 14280
190.115 13804
190.119 13328
190.122 12852
190.126 12376
190.129 11900
190.133 11424
190.137 10948
190.14 10472
190.144 9996
190.147 9520
190.151 9044
190.155 8568
190.158 8092
190.162 7616
190.165 7140
190.169 6664
190.173 6188
190.176 5712
190.18 5236
190.183 4760
190.187 4284
190.191 3808
190.194 3332
190.198 2856
190.201 2380
190.205 1904
190.209 1428
190.209 1904
190.212 1428
190.212 1904
190.216 1428
190.216 1904
190.216 15232
190.436 14756
190.44 14280
190.443 13804
190.447 13328
190.451 12852
190.454 12376
190.458 11900
190.461 11424
190.465 10948
190.469 10472
190.472 9996
190.476 9520
190.479 9044
190.483 8568
190.487 8092
190.49 7616
190.494 7140
190.497 6664
190.501 6188
190.505 5712
190.508 5236
190.512 4760
190.515 4284
190.519 3808
190.523 3332
190.526 2856
190.53 2380
190.533 1904
190.537 1428
190.537 1904
190.541 1428
190.541 1904
190.541 1428
190.541 1904
190.541 15232
191.154 14756
191.158 14280
191.161 13804
191.165 13328
191.168 12852
191.172 12376
191.176 11900
191.179 11424
191.183 10948
191.186 10472
191.19 9996
191.194 9520
191.197 9044
191.202 8568
191.205 8092
191.209 7616
191.212 7140
191.216 6664
191.22 6188
191.223 5712
191.227 5236
191.23 4760
191.234 4284
191.238 3808
191.241 3332
191.245 2856
191.248 2380
191.252 1904
191.256 1428
191.256 1904
191.259 1428
191.259 1904
191.26 1428
191.26 1904
191.26 15232
191.375 14756
191.379 14280
191.382 13804
191.386 13328
191.389 12852
191.393 12376
191.397 11900
191.4 11424
191.404 10948
191.407 10472
191.411 9996
191.415 9520
191.418 9044
191.422 8568
191.425 8092
191.429 7616
191.433 7140
191.436 6664
191.44 6188
191.443 5712
191.447 5236
191.451 4760
191.454 4284
191.458 3808
191.461 3332
191.465 2856
191.469 2380
191.472 1904
191.476 1428
191.476 1904
191.479 1428
191.479 1904
191.481 1428
191.481 1904
191.481 15232
192.042 14756
192.042 14280
192.045 13804
192.049 13328
192.052 12852
192.056 12376
192.063 11900
192.067 11424
192.07 10948
192.074 10472
192.078 9996
192.081 9520
192.085 9044
192.088 8568
192.092 8092
192.096 7616
192.099 7140
192.103 6664
192.106 6188
192.11 5712
192.114 5236
192.117 4760
192.121 4284
192.124 3808
192.128 3332
192.132 2856
192.135 2380
192.139 1904
192.142 1428
192.142 1904
192.146 1428
192.146 1904
192.146 15232
192.648 14756
192.651 14280
192.655 13804
192.659 13328
192.662 12852
192.666 12376
192.669 11900
192.673 11424
192.677 10948
192.68 10472
192.684 9996
192.691 9520
192.695 9044
192.698 8092
192.702 7140
192.705 6188
192.709 5236
192.713 4284
192.716 3332
192.72 2380
192.723 1428
192.723 1904
192.727 952
192.727 1428
192.727 1904
192.734 952
192.734 1428
192.734 1904
192.738 952
192.738 1428
192.738 1904
192.741 476
192.741 952
192.741 1904
192.745 476
192.745 952
192.745 1904
192.749 476
192.749 952
192.749 1904
192.752 476
192.752 952
192.752 1904
192.753 476
192.753 7140
192.756 6188
192.854 5236
192.857 4760
192.857 15232
192.879 7140
192.879 6664
192.883 6188
192.886 5712
192.89 5236
192.893 4760
192.897 4284
192.959 3808
192.963 3332
192.966 2856
192.97 2380
192.973 1904
192.977 1428
192.977 1904
192.981 1428
192.981 1904
192.984 1428
192.984 1904
192.985 1428
192.985 1904
192.985 15232
193.489 14756
193.489 14280
193.492 13804
193.496 13328
193.5 12852
193.503 12376
193.507 11900
193.51 11424
193.514 10948
193.518 10472
193.521 9996
193.525 9520
193.528 9044
193.532 8568
193.536 8092
193.539 7616
193.543 7140
193.546 6664
193.55 6188
193.554 5712
193.557 5236
193.561 4760
193.564 4284
193.568 3808
193.572 3332
193.575 2856
193.579 2380
193.582 1904
193.586 1428
193.586 1904
193.59 1428
193.59 1904
193.593 1428
193.593 1904
193.593 15232
194.073 14756
194.076 14280
194.08 13804
194.083 13328
194.087 12852
194.091 12376
194.094 11900
194.098 11424
194.101 10948
194.105 10472
194.109 9996
194.112 9520
194.119 9044
194.123 8568
194.127 8092
194.13 7616
194.134 7140
194.137 6664
194.141 6188
194.145 5712
194.148 5236
194.152 4760
194.155 4284
194.159 3808
194.163 3332
194.166 2856
194.17 2380
194.173 1904
194.177 1428
194.177 1904
194.178 1428
194.178 1904
194.178 15232
194.581 14756
194.584 14280
194.588 13804
194.592 13328
194.595 12852
194.599 12376
194.602 11900
194.606 11424
194.61 10948
194.613 10472
194.617 9996
194.62 9520
194.624 9044
194.628 8568
194.631 8092
194.635 7616
194.638 7140
194.642 6664
194.646 6188
194.649 5712
194.653 5236
194.656 4760
194.66 4284
194.664 3808
194.667 3332
194.671 2856
194.674 2380
194.678 1904
194.682 1428
194.682 1904
194.685 1428
194.685 1904
194.687 1428
194.687 1904
194.687 15232
195.219 14756
195.222 14280
195.222 1904
195.229 1428
195.229 1904
195.233 1428
195.233 1904
195.237 952
195.237 1428
195.237 1904
195.24 952
195.24 1428
195.24 1904
195.244 952
195.244 1428
195.244 1904
195.247 952
195.247 1428
195.247 1904
195.251 952
195.251 1428
195.251 1904
195.255 952
195.255 1428
195.255 1904
195.258 952
195.258 1428
195.258 1904
195.262 952
195.262 1428
195.262 1904
195.265 952
195.265 1428
195.265 1904
195.269 952
195.269 1428
195.269 1904
195.273 952
195.273 1428
195.273 1904
195.276 952
195.276 1428
195.276 1904
195.28 952
195.28 1428
195.28 1904
195.283 952
195.283 1428
195.283 1904
195.287 952
195.287 1428
195.287 1904
195.291 952
195.291 1428
195.291 1904
195.294 952
195.294 1428
195.294 1904
195.298 952
195.298 1428
195.298 1904
195.301 952
195.301 1428
195.301 1904
195.305 952
195.305 1428
195.305 1904
195.309 952
195.309 1428
195.309 1904
195.312 952
195.312 1428
195.312 1904
195.316 952
195.316 1428
195.316 1904
195.319 952
195.319 1428
195.319 1904
195.323 952
195.323 1428
195.323 1904
195.324 952
195.324 3332
195.324 1904
195.327 1428
195.327 1904
195.425 1428
195.425 1904
195.425 15232
195.43 1904
195.533 15232
196.363 14756
196.366 14280
196.37 13804
196.373 13328
196.377 12852
196.381 12376
196.384 11900
196.388 11424
196.391 10948
196.395 10472
196.399 9996
196.402 9520
196.406 9044
196.409 8568
196.413 8092
196.417 7616
196.42 7140
196.424 6664
196.427 6188
196.431 5712
196.435 5236
196.438 4760
196.442 4284
196.445 3808
196.449 3332
196.453 2856
196.456 2380
196.46 1904
196.463 1428
196.463 1904
196.467 1428
196.467 1904
196.469 1428
196.469 1904
196.469 15232
196.813 14756
196.817 14280
196.821 13804
196.824 13328
196.828 12852
196.831 12376
196.835 11900
196.839 11424
196.842 10948
196.846 10472
196.849 9996
196.853 9520
196.857 9044
196.86 8568
196.864 8092
196.867 7616
196.871 7140
196.875 6664
196.878 6188
196.882 5712
196.885 5236
196.889 4760
196.892 4284
196.896 3808
196.9 3332
196.903 2856
196.907 2380
196.91 1904
196.914 1428
196.914 1904
196.918 1428
196.918 1904
196.919 1428
196.919 1904
196.919 15232
197.041 14756
197.041 14280
197.044 13804
197.048 13328
197.052 12852
197.055 12376
197.059 11900
197.062 11424
197.066 10948
197.07 10472
197.073 9996
197.077 9520
197.08 9044
197.084 8568
197.091 8092
197.095 7616
197.098 6664
197.102 5712
197.106 4760
197.109 3808
197.113 2856
197.116 1904
197.12 952
197.12 1428
197.12 1904
197.124 952
197.124 1428
197.124 1904
197.127 952
197.127 1428
197.127 1904
197.131 952
197.131 1428
197.131 1904
197.134 952
197.134 1428
197.134 1904
197.138 952
197.138 1428
197.138 1904
197.142 952
197.142 1428
197.142 1904
197.145 952
197.145 9044
197.146 8568
197.149 8092
197.243 7616
197.243 15232
197.478 14756
197.482 14280
197.485 13804
197.489 13328
197.492 12852
197.496 12376
197.5 11900
197.503 11424
197.507 10948
197.51 10472
197.514 9996
197.518 9520
197.521 9044
197.525 8568
197.528 8092
197.532 7616
197.536 7140
197.539 6664
197.543 6188
197.546 5712
197.55 5236
197.554 4760
197.557 4284
197.561 3808
197.564 3332
197.568 2856
197.572 2380
197.575 1904
197.579 1428
197.579 1904
197.582 1428
197.582 1904
197.583 1428
197.583 1904
197.583 15232
198.276 14756
198.279 14280
198.283 13804
198.286 13328
198.29 12852
198.294 12376
198.297 11900
198.301 11424
198.304 10948
198.308 10472
198.312 9996
198.315 9520
198.319 9044
198.322 8568
198.326 8092
198.33 7616
198.333 7140
198.337 6664
198.34 6188
198.344 5712
198.348 5236
198.351 4760
198.355 4284
198.362 3808
198.366 3332
198.369 2380
198.373 1428
198.373 1904
198.376 952
198.376 1428
198.376 1904
198.38 952
198.38 1428
198.38 1904
198.381 952
198.381 13328
198.384 12852
198.482 12376
198.482 15232
198.688 14756
198.688 14280
198.691 13804
198.695 13328
198.698 12852
198.702 12376
198.706 11900
198.709 11424
198.713 10948
198.716 10472
198.72 9996
198.724 9520
198.727 9044
198.731 8568
198.734 8092
198.738 7616
198.742 7140
198.745 6664
198.749 6188
198.752 5712
198.756 5236
198.76 4760
198.763 4284
198.767 3808
198.77 3332
198.774 2856
198.778 2380
198.781 1904
198.785 1428
198.785 1904
198.788 1428
198.788 1904
198.792 1428
198.792 1904
198.792 15232
199.139 14756
199.139 14280
199.143 13804
199.146 13328
199.15 12852
199.153 12376
199.157 11900
199.161 11424
199.164 10948
199.168 10472
199.171 9996
199.175 9520
199.179 9044
199.182 8568
199.186 8092
199.189 7616
199.193 7140
199.197 6664
199.2 6188
199.204 5712
199.207 5236
199.211 4760
199.215 4284
199.218 3808
199.222 3332
199.225 2856
199.229 2380
199.233 1904
199.236 1428
199.236 1904
199.24 1428
199.24 1904
199.243 1428
199.243 1904
199.243 15232
199.478 14756
199.482 14280
199.485 13804
199.489 13328
199.493 12852
199.496 12376
199.5 11900
199.503 11424
199.507 10948
199.511 10472
199.514 9996
199.518 9520
199.521 9044
199.525 8568
199.529 8092
199.532 7616
199.536 7140
199.539 6664
199.543 6188
199.546 5712
199.55 5236
199.554 4760
199.557 4284
199.561 3808
199.564 3332
199.568 2856
199.572 2380
199.575 1904
199.579 1428
199.579 1904
199.582 1428
199.582 1904
199.583 1428
199.583 1904
199.583 15232
199.98 15708
199.98 14756
199.984 13804
199.987 12852
199.991 11900
199.994 10948
199.998 9996
200.005 9044
200.009 8092
200.012 6664
200.016 5236
200.02 3808
200.023 2380
200.027 952
200.027 1428
200.027 1904
200.03 476
200.03 952
200.03 1904
200.034 476
200.034 952
200.034 1904
200.038 476
200.038 952
200.038 1904
200.041 476
200.041 952
200.041 1904
200.045 476
200.045 952
200.045 1904
200.048 476
200.048 952
200.048 1904
200.052 476
200.052 952
200.052 1904
