0.0 0
0.114201 4760
0.114201 4760
0.219224 5236
0.226411 6188
0.233608 7140
0.240805 8092
0.248002 9044
0.360236 9520
0.360236 9044
0.363835 8568
0.367434 8092
0.371032 7616
0.378243 7140
0.381842 6664
0.385441 5712
0.429276 4760
0.432875 3808
0.436474 2856
0.440072 1904
0.443671 952
0.443671 1428
0.443671 1904
0.44727 952
0.44727 1428
0.44727 1904
0.450868 952
0.450868 1428
0.450868 1904
0.454467 952
0.454467 1428
0.454467 1904
0.458079 952
0.458079 1428
0.458079 1904
0.461678 952
0.461678 1428
0.461678 1904
0.465263 952
0.465263 4284
0.468861 3808
0.563092 3332
0.563092 9520
0.700505 9044
0.704104 8568
0.707703 8092
0.711301 7616
0.718512 7140
0.722111 6664
0.725709 5712
0.729308 4760
0.732907 3808
0.736505 2856
0.776742 1904
0.780341 952
0.780341 1428
0.780341 1904
0.78394 952
0.78394 1428
0.78394 1904
0.787538 952
0.787538 1428
0.787538 1904
0.794749 952
0.794749 1428
0.794749 1904
0.798348 952
0.798348 1428
0.798348 1904
0.801947 952
0.801947 1428
0.801947 1904
0.805531 952
0.805531 4760
0.806238 4284
0.80913 3808
0.90336 3332
0.90336 9520
1.03719 9996
1.03719 9044
1.04079 8092
1.04439 7140
1.04799 6188
1.05158 5236
1.05518 4284
1.05878 3332
1.06599 2380
1.06959 1428
1.06959 1904
1.07319 476
1.07319 952
1.07319 1904
1.07679 476
1.07679 952
1.07679 1904
1.11703 476
1.11703 952
1.11703 1904
1.12062 476
1.12062 952
1.12062 1904
1.12783 476
1.12783 952
1.12783 1904
1.13505 476
1.13505 1428
1.13505 1904
1.13863 476
1.13863 1428
1.13863 1904
1.14223 952
1.14223 1428
1.14223 1904
1.14294 952
1.14294 1904
1.14581 952
1.14581 5712
1.24006 5236
1.24006 9996
1.49328 10472
1.49328 9996
1.49688 9520
1.50048 9044
1.50408 8568
1.51487 8092
1.51847 7616
1.52207 7140
1.52567 6664
1.55511 6188
1.55871 5712
1.56231 5236
1.5659 4760
1.5695 4284
1.5731 3808
1.5767 3332
1.5803 2856
1.5875 2380
1.59111 1904
1.59471 1428
1.59471 1904
1.59829 1428
1.59829 1904
1.59829 10472
2.01836 10948
2.01836 10472
2.02557 9996
2.02916 9520
2.03276 9044
2.03636 8568
2.04357 8092
2.05077 7140
2.05437 6188
2.05797 5236
2.06157 4284
2.06517 3332
2.06876 2380
2.07236 1428
2.07236 1904
2.07596 952
2.07596 1428
2.07596 1904
2.07956 952
2.07956 1428
2.07956 1904
2.08677 952
2.08677 1428
2.08677 1904
2.09037 952
2.09037 1428
2.09037 1904
2.09397 952
2.09397 1428
2.09397 1904
2.11978 952
2.11978 5236
2.12338 4760
2.12409 4284
2.12698 3808
2.15578 3332
2.15578 10948
2.40181 9996
2.40181 9520
2.40541 9044
2.409 8568
2.4126 8092
2.4162 7616
2.4198 7140
2.44203 6664
2.44563 6188
2.44923 5712
2.45283 5236
2.45643 4760
2.46002 4284
2.47083 3808
2.47443 3332
2.47803 2856
2.48163 2380
2.49604 1904
2.49964 1428
2.49964 1904
2.50323 1428
2.50323 1904
2.50682 1428
2.50682 1904
2.50682 10948
2.65504 10472
2.65864 9996
2.66224 9520
2.66584 9044
2.66944 8568
2.67304 8092
2.67663 7616
2.68023 7140
2.70967 6664
2.71327 6188
2.71687 5712
2.72047 5236
2.72407 4760
2.73127 4284
2.73487 3808
2.73846 3332
2.74206 2856
2.75287 2380
2.76006 1904
2.76076 1428
2.76076 1904
2.8579 1428
2.8579 1904
2.86507 1428
2.86507 1904
2.86507 10948
2.99171 10472
2.99531 9996
2.99891 9520
3.00251 9044
3.00611 8568
3.00971 8092
3.01331 7616
3.0169 7140
3.0205 6664
3.0241 6188
3.0277 5712
3.0313 5236
3.0349 4760
3.0385 4284
3.06794 3808
3.07154 3332
3.07875 2856
3.08596 2380
3.08956 1428
3.08956 1904
3.09315 952
3.09315 1428
3.09315 1904
3.09674 952
3.09674 10472
3.09745 9996
3.10034 9520
3.19457 9044
3.19457 10948
4.07427 11424
4.07427 10948
4.07786 10472
4.08146 9996
4.08506 9520
4.08866 9044
4.09226 8568
4.09586 8092
4.09946 7616
4.10305 7140
4.10665 6664
4.11025 6188
4.11385 5712
4.11745 5236
4.12105 4760
4.14329 4284
4.14689 3808
4.1541 3332
4.1577 2856
4.1613 1904
4.17211 952
4.17211 1428
4.17211 1904
4.17571 952
4.17571 1428
4.17571 1904
4.17929 952
4.17929 9996
4.18289 9520
4.27712 9044
4.27712 11424
4.41094 10948
4.41453 10472
4.41813 9996
4.42173 9520
4.42533 9044
4.42893 8568
4.43253 8092
4.43613 7616
4.43972 7140
4.44332 6664
4.44692 6188
4.45413 5712
4.45773 5236
4.46133 4284
4.46493 3332
4.49077 2380
4.49437 1428
4.49437 1904
4.50158 952
4.50158 1428
4.50158 1904
4.50518 952
4.50518 1428
4.50518 1904
4.50876 952
4.50876 8568
4.51236 8092
4.51596 7616
4.51956 7140
4.61378 6664
4.61378 11424
4.77278 10948
4.77638 10472
4.77998 9996
4.78358 9520
4.79079 9044
4.79439 8568
4.79799 7616
4.80158 6664
4.82743 5712
4.83103 4760
4.83462 3808
4.83822 2856
4.84182 1904
4.84542 952
4.84542 1428
4.84542 1904
4.84902 952
4.84902 1428
4.84902 1904
4.85262 952
4.85262 1428
4.85262 1904
4.85622 952
4.85622 1428
4.85622 1904
4.85981 952
4.85981 1428
4.85981 1904
4.86703 952
4.86703 1428
4.86703 1904
4.87062 952
4.87062 1428
4.87062 1904
4.87422 952
4.87422 1428
4.87422 1904
4.87781 952
4.87781 4760
4.87851 4284
4.88141 3808
4.97564 3332
4.97564 11424
5.14905 10948
5.14905 10472
5.15265 9520
5.15986 8568
5.16346 7616
5.1893 6188
5.1929 4760
5.1965 3332
5.2001 1904
5.2037 476
5.2037 952
5.2037 1904
5.20729 476
5.20729 952
5.20729 1904
5.21089 476
5.21089 952
5.21089 1904
5.21449 476
5.21449 952
5.21449 1904
5.21809 476
5.21809 952
5.21809 1904
5.22169 476
5.22169 952
5.22169 1904
5.2325 476
5.2325 1428
5.2325 1904
5.24328 476
5.24328 3332
5.24688 2380
5.25048 1428
5.25048 1904
5.25408 952
5.25408 1428
5.25408 1904
5.25478 952
5.25478 1904
5.25768 952
5.25768 1428
5.25768 1904
5.34831 952
5.34831 2856
5.35189 2380
5.35189 11424
5.46773 12376
5.46773 11900
5.47133 11424
5.47493 10948
5.47852 10472
5.48212 9996
5.48572 9520
5.48932 9044
5.49292 8568
5.49652 8092
5.50371 7616
5.50731 7140
5.51091 6664
5.51451 6188
5.52172 5712
5.52532 5236
5.52892 4284
5.53252 3332
5.55836 2380
5.56197 1428
5.56197 1904
5.56557 952
5.56557 1428
5.56557 1904
5.57275 952
5.57275 9520
5.57635 9044
5.57995 8568
5.60874 8092
5.67777 7616
5.67777 12376
5.81518 12852
5.81518 11900
5.81878 10948
5.82238 9996
5.82598 9044
5.82957 8092
5.83317 7140
5.83677 6188
5.84037 5236
5.84397 4284
5.84757 3332
5.85117 2380
5.85476 1428
5.85476 1904
5.85836 952
5.85836 1428
5.85836 1904
5.86196 952
5.86196 1428
5.86196 1904
5.86556 952
5.86556 1428
5.86556 1904
5.86916 952
5.86916 1428
5.86916 1904
5.87276 952
5.87276 1428
5.87276 1904
5.8914 952
5.8914 1428
5.8914 1904
5.895 952
5.895 1428
5.895 1904
5.8986 952
5.8986 1428
5.8986 1904
5.9022 952
5.9022 1428
5.9022 1904
5.91301 952
5.91301 1428
5.91301 1904
5.91661 952
5.91661 1428
5.91661 1904
5.92021 952
5.92021 1428
5.92021 1904
5.92091 952
5.92091 1428
5.92091 1904
5.92379 1428
5.92379 1904
5.92379 12852
6.20222 12376
6.20582 11900
6.20941 11424
6.21301 10948
6.23526 10472
6.23886 9996
6.24245 9520
6.24605 9044
6.24965 8568
6.25325 8092
6.25685 7616
6.26045 7140
6.26405 6664
6.26764 6188
6.27484 5712
6.27844 5236
6.28204 4760
6.28564 4284
6.28924 3808
6.29283 3332
6.29643 2856
6.30003 2380
6.30363 1904
6.30723 1428
6.30723 1904
6.30792 1428
6.30792 1904
6.30792 12852
6.43025 12376
6.43745 11900
6.44104 11424
6.44464 10948
6.44824 10472
6.45184 9996
6.45905 9520
6.46265 9044
6.46625 8092
6.46985 7140
6.47704 6188
6.48064 5236
6.48424 4284
6.49144 3332
6.49504 2380
6.49864 1428
6.49864 1904
6.50223 952
6.50223 1428
6.50223 1904
6.50583 952
6.50583 1428
6.50583 1904
6.52449 952
6.52449 1428
6.52449 1904
6.52809 952
6.52809 1428
6.52809 1904
6.53169 952
6.53169 1428
6.53169 1904
6.53527 952
6.53527 6188
6.53598 5712
6.53887 5236
6.54247 4760
6.6367 4284
6.6367 12852
7.24095 12376
7.24455 11900
7.24814 11424
7.25174 10948
7.25534 10472
7.25894 9996
7.26679 9520
7.27039 9044
7.28118 8568
7.28478 8092
7.28838 7616
7.29198 7140
7.29558 6664
7.29918 6188
7.30278 5712
7.30637 5236
7.31357 4760
7.31717 4284
7.32077 3808
7.32437 3332
7.32797 2856
7.33518 2380
7.33878 1904
7.34237 1428
7.34237 1904
7.34596 1428
7.34596 1904
7.34596 12852
7.57041 13328
7.57041 12852
7.574 12376
7.5776 11900
7.5812 11424
7.5848 10948
7.5884 10472
7.592 9996
7.5956 9520
7.5992 9044
7.60279 8568
7.60639 8092
7.60999 7616
7.61359 7140
7.61719 6664
7.62079 6188
7.62439 5712
7.62798 5236
7.63158 4760
7.63518 4284
7.63878 3808
7.64598 3332
7.66102 2856
7.66462 2380
7.66823 1904
7.67183 1428
7.67183 1904
7.67542 1428
7.67542 1904
7.67542 13328
7.81286 13804
7.81286 13328
7.81646 12852
7.82006 11900
7.82366 10948
7.82725 9996
7.83085 9044
7.83445 8092
7.83805 7140
7.84165 6188
7.84525 5236
7.84885 4284
7.85244 3332
7.85604 2380
7.85964 1428
7.85964 1904
7.86324 952
7.86324 1428
7.86324 1904
7.86684 952
7.86684 1428
7.86684 1904
7.87044 952
7.87044 1428
7.87044 1904
7.87404 952
7.87404 1428
7.87404 1904
7.88548 952
7.88548 1428
7.88548 1904
7.88908 952
7.88908 1428
7.88908 1904
7.89268 952
7.89268 1428
7.89268 1904
7.89628 952
7.89628 1428
7.89628 1904
7.90349 952
7.90349 1428
7.90349 1904
7.90709 952
7.90709 1428
7.90709 1904
7.91069 952
7.91069 1428
7.91069 1904
7.91427 952
7.91427 2856
7.91787 2380
7.91858 1904
7.92147 1428
7.92147 1904
8.0157 1428
8.0157 1904
8.0157 13804
8.14232 13328
8.14592 12852
8.14952 12376
8.15311 11900
8.15671 11424
8.16031 10948
8.16391 10472
8.16751 9996
8.17111 9520
8.17471 9044
8.17831 8568
8.1819 8092
8.1855 7616
8.1891 7140
8.1927 6664
8.1963 6188
8.1999 5712
8.2035 5236
8.20709 4760
8.21069 4284
8.22574 3808
8.22934 3332
8.23294 2856
8.23654 2380
8.24013 1904
8.24373 1428
8.24373 1904
8.24733 1428
8.24733 1904
8.24802 1428
8.24802 1904
8.24802 13804
8.46817 14280
8.46817 13804
8.47176 13328
8.47536 12852
8.48257 12376
8.48617 11900
8.48977 10948
8.49337 9996
8.49697 9044
8.50057 8092
8.50417 7140
8.50776 6188
8.51136 5236
8.51496 4284
8.51856 3332
8.52216 2380
8.52576 1428
8.52576 1904
8.52936 952
8.52936 1428
8.52936 1904
8.53295 952
8.53295 1428
8.53295 1904
8.53655 952
8.53655 1428
8.53655 1904
8.54015 952
8.54015 1428
8.54015 1904
8.54375 952
8.54375 1428
8.54375 1904
8.54735 952
8.54735 1428
8.54735 1904
8.55095 952
8.55095 1428
8.55095 1904
8.5588 952
8.5588 1428
8.5588 1904
8.5624 952
8.5624 1428
8.5624 1904
8.56601 952
8.56601 1428
8.56601 1904
8.56961 952
8.56961 1428
8.56961 1904
8.57319 952
8.57319 3808
8.57679 3332
8.67102 2856
8.67102 14280
8.90625 13804
8.90985 13328
8.91345 12852
8.91705 12376
8.92064 11900
8.92424 11424
8.92784 10948
8.93144 10472
8.93504 9996
8.93864 9520
8.94224 9044
8.94583 8568
8.94943 8092
8.95303 7616
8.95663 7140
8.96023 6664
8.96383 6188
8.96743 5712
8.97102 5236
8.97462 4760
8.97822 4284
8.98182 3808
8.98542 3332
8.98967 2856
8.99327 2380
9.00048 1904
9.00408 1428
9.00408 1904
9.00768 1428
9.00768 1904
9.01126 1428
9.01126 1904
9.01126 14280
9.17388 13804
9.17388 13328
9.17748 12852
9.18108 12376
9.18468 11900
9.18827 11424
9.19187 10948
9.19547 10472
9.19907 9996
9.20267 9520
9.20627 9044
9.20987 8568
9.21412 8092
9.21772 7616
9.22131 7140
9.22491 6664
9.22851 6188
9.23211 5712
9.23571 5236
9.23931 4760
9.24291 4284
9.2465 3808
9.2573 3332
9.2609 2856
9.2645 2380
9.2681 1904
9.27169 1428
9.27169 1904
9.27888 1428
9.27888 1904
9.27958 1428
9.27958 1904
9.38389 14280
9.51411 13804
9.51411 13328
9.51771 12852
9.5213 12376
9.5249 11900
9.5285 11424
9.5321 10948
9.5357 10472
9.5393 9996
9.5429 9520
9.54649 9044
9.55009 8568
9.55369 8092
9.55729 7616
9.56089 7140
9.56449 6664
9.56809 6188
9.57168 5712
9.57528 5236
9.57888 4760
9.58248 4284
9.59037 3808
9.59754 3332
9.60114 2380
9.60835 1428
9.60835 1904
9.61195 952
9.61195 1428
9.61195 1904
9.61555 952
9.61555 1428
9.61555 1904
9.61913 952
9.61913 12376
9.61984 11900
9.62273 11424
9.71696 10948
9.71696 14280
9.79974 12852
9.79974 12376
9.82199 11900
9.82559 11424
9.82918 10948
9.83278 10472
9.83638 9996
9.83998 9520
9.84358 9044
9.84718 8568
9.85078 8092
9.85438 7616
9.85797 7140
9.86157 6664
9.86517 6188
9.86877 5712
9.87237 5236
9.87597 4760
9.87957 4284
9.88316 3808
9.88676 3332
9.89036 2856
9.89396 2380
9.89756 1904
9.90116 1428
9.90116 1904
9.90476 1428
9.90476 1904
9.90545 1428
9.90545 1904
9.90545 14280
10.0242 14756
10.0242 14280
10.0278 13804
10.0314 12852
10.035 11900
10.0386 10948
10.0422 9996
10.0458 9044
10.0494 8092
10.053 7140
10.0566 6188
10.0602 5236
10.0674 4284
10.071 3332
10.0746 2380
10.0782 1428
10.0782 1904
10.0818 952
10.0818 1428
10.0818 1904
10.0854 952
10.0854 1428
10.0854 1904
10.089 952
10.089 1428
10.089 1904
10.0926 952
10.0926 1428
10.0926 1904
10.0962 952
10.0962 1428
10.0962 1904
10.0998 952
10.0998 1428
10.0998 1904
10.1034 952
10.1034 1428
10.1034 1904
10.1112 952
10.1112 1428
10.1112 1904
10.1148 952
10.1148 1428
10.1148 1904
10.1184 476
10.1184 952
10.1184 1904
10.122 476
10.122 952
10.122 1904
10.1292 476
10.1292 1904
10.1328 952
10.1328 1428
10.1328 1904
10.2235 952
10.2235 12376
10.2235 1904
10.227 1428
10.227 1904
10.227 14756
10.3285 1904
10.3393 13804
10.3393 13328
10.3393 1904
10.3429 1428
10.3429 1904
10.3465 1428
10.3465 1904
10.3501 1428
10.3501 1904
10.3537 1428
10.3537 1904
10.3573 1428
10.3573 1904
10.3609 1428
10.3609 1904
10.3645 1428
10.3645 1904
10.3681 1428
10.3681 1904
10.3717 1428
10.3717 1904
10.3753 1428
10.3753 1904
10.3789 1428
10.3789 1904
10.3825 1428
10.3825 1904
10.3897 1428
10.3897 1904
10.3933 1428
10.3933 1904
10.3969 1428
10.3969 1904
10.4005 1428
10.4005 1904
10.4041 1428
10.4041 1904
10.4113 1428
10.4113 1904
10.4149 1428
10.4149 1904
10.4185 1428
10.4185 1904
10.4221 1428
10.4221 1904
10.4256 1428
10.4256 1904
10.4292 1428
10.4292 1904
10.4328 1428
10.4328 1904
10.4443 1428
10.4443 1904
10.4443 14756
10.5343 1904
11.2766 2856
11.2766 2380
11.2766 1904
11.3744 1428
11.3744 1904
11.3816 1428
11.3816 1904
11.3816 14756
11.3888 1904
12.4605 2380
12.4605 1904
12.4641 1428
12.4641 1904
12.5619 1428
12.5619 1904
12.5662 1428
12.5662 1904
12.5662 14756
12.5727 1904
13.2172 2380
13.2172 1904
13.2208 1428
13.2208 1904
13.3086 476
13.3186 14756
13.6654 14280
13.669 13804
13.6726 13328
13.6762 12852
13.6798 12376
13.6834 11900
13.687 11424
13.6906 10948
13.6942 10472
13.6978 9996
13.7014 9520
13.705 9044
13.7086 8568
13.7122 8092
13.7158 7616
13.7194 7140
13.723 6664
13.7266 6188
13.7345 5712
13.7381 5236
13.7417 4760
13.7453 4284
13.7524 3808
13.756 3332
13.7596 2856
13.7632 2380
13.7668 1904
13.7704 1428
13.7704 1904
13.7711 1428
13.7711 1904
13.7711 14756
14.1813 14280
14.1849 13804
14.1885 13328
14.1921 12852
14.1957 12376
14.1993 11900
14.2029 11424
14.2065 10948
14.2101 10472
14.2137 9996
14.2173 9520
14.2209 9044
14.2245 8568
14.2281 8092
14.2317 7616
14.2353 7140
14.2389 6664
14.2425 6188
14.2461 5712
14.2497 5236
14.2533 4760
14.2569 4284
14.2605 3808
14.2641 3332
14.2677 2856
14.2713 2380
14.2756 1904
14.2792 1428
14.2792 1904
14.2828 1428
14.2828 1904
14.2864 1428
14.2864 1904
14.2864 14756
14.4202 15232
14.4202 14756
14.4238 14280
14.4274 13804
14.431 13328
14.4346 12852
14.4382 12376
14.4418 11900
14.4454 11424
14.449 10948
14.4526 10472
14.4562 9996
14.4598 9520
14.4634 9044
14.467 8568
14.4706 8092
14.4742 7616
14.4778 7140
14.4814 6664
14.485 6188
14.4886 5712
14.4922 5236
14.4958 4760
14.4994 4284
14.503 3808
14.5066 3332
14.5102 2856
14.5174 2380
14.521 1904
14.5252 1428
14.5252 1904
14.5252 15232
14.893 14756
14.893 14280
14.8966 13804
14.9002 13328
14.9038 12852
14.9074 12376
14.911 11900
14.9146 11424
14.9182 10948
14.9218 10472
14.9254 9996
14.929 9520
14.9326 9044
14.9362 8568
14.9398 8092
14.9434 7616
14.9469 7140
14.9505 6664
14.9541 6188
14.9577 5712
14.9613 5236
14.9649 4760
14.9685 4284
14.9721 3808
14.9757 3332
14.9793 2856
14.9865 2380
14.9901 1904
14.9937 952
14.9937 1428
14.9937 1904
14.9973 952
14.9973 14756
14.998 14280
15.0009 13804
15.0988 13328
15.0988 15232
15.1348 14756
15.1384 14280
15.142 13804
15.1492 13328
15.1528 12852
15.1563 12376
15.1599 11900
15.1635 11424
15.1671 10948
15.1707 10472
15.1743 9996
15.1779 9520
15.1815 9044
15.1851 8568
15.1887 8092
15.1923 7616
15.1959 7140
15.1995 6664
15.2038 6188
15.2074 5712
15.211 5236
15.2146 4760
15.2182 4284
15.2218 3808
15.2254 3332
15.229 2856
15.2326 2380
15.2362 1904
15.2398 1428
15.2398 1904
15.2405 1428
15.2405 1904
15.2405 15232
15.3628 14756
15.3664 14280
15.37 13804
15.3736 13328
15.3772 12852
15.3808 12376
15.3844 11900
15.388 11424
15.3916 10948
15.3988 10472
15.4024 9996
15.406 9520
15.4096 9044
15.4132 8568
15.4168 8092
15.4204 7616
15.424 7140
15.4312 6664
15.4384 6188
15.442 5236
15.4456 3808
15.4492 2380
15.4528 952
15.4528 1428
15.4528 1904
15.4564 476
15.4564 952
15.4564 1904
15.46 476
15.46 952
15.46 1904
15.4636 476
15.4636 952
15.4636 1904
15.4672 476
15.4672 952
15.4672 1904
15.4679 476
15.4679 10472
15.4708 9520
15.5038 8568
15.5722 7616
15.5729 7140
15.5758 6664
15.5758 15232
15.9874 14756
15.991 14280
15.9946 13804
15.9982 13328
16.0018 12852
16.0054 12376
16.009 11900
16.0126 11424
16.0162 10948
16.0198 10472
16.0233 9996
16.0269 9520
16.0305 9044
16.0341 8568
16.0377 8092
16.0413 7616
16.0449 7140
16.0485 6664
16.0521 6188
16.0557 5712
16.0593 5236
16.0629 4760
16.0665 4284
16.0701 3808
16.0737 3332
16.0773 2856
16.0809 2380
16.0845 1904
16.0881 1428
16.0881 1904
16.0917 1428
16.0917 1904
16.0932 1428
16.0932 1904
16.0932 15232
16.7768 14756
16.7804 14280
16.784 13804
16.7876 13328
16.7948 12852
16.7984 12376
16.802 11900
16.8056 11424
16.8092 10948
16.8128 10472
16.8164 9996
16.82 9520
16.8236 9044
16.8272 8568
16.8308 8092
16.8344 7616
16.838 7140
16.8416 6664
16.8452 6188
16.8488 5712
16.8524 5236
16.8559 4760
16.8595 4284
16.8631 3808
16.8667 3332
16.8703 2856
16.8739 2380
16.8775 1904
16.8811 1428
16.8811 1904
16.8818 1428
16.8818 1904
16.8818 15232
17.0977 14756
17.1013 14280
17.1049 13804
17.1085 13328
17.1157 12852
17.1193 12376
17.1229 11900
17.1265 11424
17.1301 10948
17.1337 10472
17.1373 9996
17.1409 9520
17.1445 9044
17.1481 8568
17.1517 8092
17.1553 7616
17.1589 7140
17.1625 6664
17.1661 6188
17.1697 5712
17.1733 5236
17.1769 4760
17.1805 4284
17.1841 3808
17.1877 3332
17.1913 2856
17.1949 2380
17.1985 1904
17.2021 1428
17.2021 1904
17.2028 1428
17.2028 1904
17.2028 15232
17.4331 14756
17.4367 14280
17.4403 13804
17.4439 13328
17.4475 12852
17.4511 12376
17.4547 11900
17.4583 11424
17.4619 10948
17.4654 10472
17.469 9996
17.4726 9520
17.4762 9044
17.4798 8568
17.4834 8092
17.487 7616
17.4906 7140
17.4942 6664
17.4978 6188
17.5014 5712
17.505 5236
17.5086 4760
17.5122 4284
17.5158 3808
17.5194 3332
17.523 2856
17.5266 2380
17.5302 1904
17.5338 1428
17.5338 1904
17.5374 1428
17.5374 1904
17.5381 1428
17.5381 1904
17.5381 15232
17.7036 14756
17.7036 14280
17.7072 13804
17.7108 13328
17.7144 12852
17.718 12376
17.7216 11900
17.7252 11424
17.7288 10948
17.7324 10472
17.736 9996
17.7396 9520
17.7432 9044
17.7468 8568
17.7504 8092
17.754 7616
17.7576 7140
17.7612 6664
17.7648 6188
17.7684 5712
17.772 5236
17.7792 4760
17.7828 4284
17.7864 3332
17.79 2380
17.7936 1428
17.7936 1904
17.7972 952
17.7972 1428
17.7972 1904
17.8008 952
17.8008 1428
17.8008 1904
17.8044 952
17.8044 1428
17.8044 1904
17.808 952
17.808 12376
17.8087 11900
17.9058 11424
17.9058 15232
17.9137 12852
17.9166 12376
17.9202 11900
17.9238 11424
17.9274 10948
17.931 10472
17.9346 9996
17.9382 9520
17.9418 9044
17.9454 8568
17.949 8092
17.9526 7616
17.9562 7140
17.9598 6664
17.9634 6188
17.9706 5712
17.9742 5236
17.985 4284
17.9886 3332
18.0109 1904
18.0145 476
18.0145 952
18.0145 1904
18.0181 476
18.0181 952
18.0181 1904
18.0188 476
18.0188 8568
18.0216 7616
18.0252 6664
18.0901 5712
18.1238 5236
18.1274 4760
18.1274 15232
18.4238 14756
18.4274 14280
18.431 13804
18.4346 13328
18.4382 12852
18.4418 12376
18.4454 11900
18.4526 11424
18.4562 10948
18.4598 10472
18.4634 9996
18.467 9520
18.4706 9044
18.4814 8568
18.4849 8092
18.4885 7616
18.4921 7140
18.4957 6664
18.4993 6188
18.5029 5712
18.5065 5236
18.5101 4760
18.5137 4284
18.5173 3808
18.5209 3332
18.5245 2856
18.5281 2380
18.5288 1904
18.5288 15232
18.803 14756
18.803 14280
18.8066 13804
18.8102 13328
18.8138 12852
18.8174 12376
18.8216 11900
18.8252 11424
18.8288 10948
18.8324 10472
18.836 9996
18.8396 9520
18.8432 9044
18.8468 8568
18.8504 8092
18.854 7616
18.8576 7140
18.8648 6664
18.8684 6188
18.872 5712
18.8756 5236
18.8792 4760
18.8828 4284
18.8864 3808
18.89 3332
18.8936 2856
18.8972 2380
18.9008 1904
18.9044 1428
18.9044 1904
18.9087 1428
18.9087 1904
18.9087 15232
19.1001 14756
19.1037 14280
19.1073 13804
19.1109 13328
19.1145 12852
19.1181 12376
19.1217 11900
19.1253 11424
19.1289 10948
19.1325 10472
19.1361 9996
19.1397 9520
19.1469 9044
19.1505 8568
19.1541 7616
19.1613 6664
19.1649 5712
19.1685 4284
19.1721 2856
19.1763 1428
19.1763 1904
19.1799 476
19.1799 952
19.1799 1904
19.1835 476
19.1835 952
19.1835 1904
19.1907 476
19.1907 1428
19.1907 1904
19.1943 476
19.1943 952
19.1943 1904
19.1979 476
19.1979 952
19.1979 1904
19.2015 476
19.2015 952
19.2015 1904
19.2051 476
19.2051 952
19.2051 1904
19.2058 476
19.2058 7616
19.2087 6664
19.3066 5712
19.3109 5236
19.3138 4760
19.3173 4284
19.3209 3808
19.3245 3332
19.3281 2856
19.3317 2380
19.3353 1904
19.3389 1428
19.3389 1904
19.3425 1428
19.3425 1904
19.3461 1428
19.3461 1904
19.3497 1428
19.3497 1904
19.3533 1428
19.3533 1904
19.4058 476
19.4116 13804
19.5886 13328
19.5922 12852
19.5958 12376
19.5994 11900
19.603 11424
19.6066 10948
19.6102 10472
19.6174 9996
19.621 9520
19.6246 8568
19.6282 7616
19.636 6664
19.6432 5712
19.6468 4760
19.6504 3808
19.654 2856
19.6576 1904
19.6612 952
19.6612 1428
19.6612 1904
19.6648 952
19.6648 1428
19.6648 1904
19.6684 952
19.6684 1428
19.6684 1904
19.672 952
19.672 1428
19.672 1904
19.6756 952
19.6756 1428
19.6756 1904
19.6828 952
19.6828 1428
19.6828 1904
19.6864 952
19.6864 1428
19.6864 1904
19.69 952
19.69 1428
19.69 1904
19.6936 952
19.6936 6188
19.6943 5712
19.6972 5236
19.7914 4760
19.7914 13804
19.954 13328
19.9576 12852
19.9612 12376
19.9648 11900
19.9684 11424
19.972 10948
19.9756 10472
19.9792 9996
19.9828 9520
19.9864 9044
19.9936 8568
20.0015 8092
20.0051 7616
20.0087 7140
20.0123 6664
20.0159 6188
20.0195 5712
20.023 5236
20.0266 4760
20.0302 4284
20.0338 3808
20.0374 3332
20.0483 2856
20.0519 2380
20.0555 1904
20.059 1428
20.059 1904
20.059 13804
20.5913 14280
20.5913 13804
20.5949 13328
20.6057 12852
20.6093 12376
20.6129 11900
20.6165 11424
20.6201 10948
20.6237 10472
20.6273 9996
20.6309 9520
20.6345 9044
20.6381 8568
20.6417 8092
20.6453 7616
20.6489 7140
20.6525 6664
20.6561 6188
20.6597 5712
20.6633 5236
20.6669 4760
20.6705 4284
20.6741 3808
20.6777 3332
20.6849 2856
20.6885 2380
20.6921 1428
20.6921 1904
20.6957 952
20.6957 1428
20.6957 1904
20.6964 952
20.6964 13328
20.6993 12852
20.7971 12376
20.7971 14280
20.8295 13804
20.8295 13328
20.8331 12852
20.8367 12376
20.8403 11900
20.8439 11424
20.8475 10948
20.8511 10472
20.8547 9996
20.8583 9520
20.8619 9044
20.8655 8568
20.8691 8092
20.8727 7616
20.8763 7140
20.8799 6664
20.8835 6188
20.8871 5712
20.8907 5236
20.9021 4760
20.9057 4284
20.9093 3808
20.9129 3332
20.9165 2856
20.9201 2380
20.9237 1904
20.9273 1428
20.9273 1904
20.9309 1428
20.9309 1904
20.9345 1428
20.9345 1904
20.9345 14280
21.3137 13328
21.3137 12852
21.3173 12376
21.3209 11900
21.3251 11424
21.3287 10948
21.3323 10472
21.3359 9996
21.3395 9520
21.3431 9044
21.3467 8568
21.3503 8092
21.3539 7616
21.3575 7140
21.3611 6664
21.3647 6188
21.3683 5712
21.3719 5236
21.3755 4760
21.3791 4284
21.3827 3808
21.3863 3332
21.3899 2856
21.3935 2380
21.4079 1904
21.4115 1428
21.4115 1904
21.4151 1428
21.4151 1904
21.4187 1428
21.4187 1904
21.4187 14280
21.6251 13804
21.6251 13328
21.6287 12852
21.6323 12376
21.6359 11900
21.6395 11424
21.6431 10948
21.6467 10472
21.6503 9996
21.6539 9520
21.6575 9044
21.6611 8568
21.6647 8092
21.6683 7616
21.6719 7140
21.6755 6664
21.6791 6188
21.6827 5712
21.6863 5236
21.6899 4760
21.6935 4284
21.6971 3808
21.7079 3332
21.7115 2856
21.7151 2380
21.7187 1904
21.7223 1428
21.7223 1904
21.7259 1428
21.7259 1904
21.7295 1428
21.7295 1904
21.7295 14280
21.9065 14756
21.9065 14280
21.9101 13804
21.9137 13328
21.9173 12852
21.9209 12376
21.9245 11900
21.9281 11424
21.9324 10948
21.9359 10472
21.9395 9996
21.9431 9520
21.9467 9044
21.9503 8568
21.9539 8092
21.9612 7616
21.9755 6664
21.9791 5712
21.9827 4760
21.9863 3808
21.9899 2856
21.9935 1904
21.9971 952
21.9971 1428
21.9971 1904
22.0007 952
22.0007 1428
22.0007 1904
22.0043 952
22.0043 10472
22.0079 9996
22.0115 9520
22.0122 9044
22.0151 8568
22.0187 8092
22.0223 7616
22.0806 7140
22.0806 14756
22.1597 12376
22.1597 11900
22.1633 11424
22.1856 10948
22.1892 10472
22.1928 9996
22.1964 9520
22.2 9044
22.2036 8568
22.2072 8092
22.2108 7616
22.2144 7140
22.218 6664
22.2252 6188
22.2288 5712
22.2324 4760
22.236 3808
22.2396 2856
22.2432 1904
22.2468 952
22.2468 1428
22.2468 1904
22.2504 952
22.2504 1428
22.2504 1904
22.254 952
22.254 1428
22.254 1904
22.2576 952
22.2576 1428
22.2576 1904
22.2612 952
22.2612 1428
22.2612 1904
22.2648 952
22.2648 8092
22.2655 7616
22.3662 7140
22.3698 6664
22.3698 14756
22.4856 14280
22.4892 13804
22.4928 13328
22.4964 12852
22.5 12376
22.5036 11900
22.5072 11424
22.5108 10948
22.5144 10472
22.518 9996
22.5216 9520
22.5252 9044
22.5288 8568
22.5324 8092
22.536 7616
22.5396 7140
22.5432 6664
22.5468 6188
22.5504 5712
22.554 5236
22.5576 4760
22.5612 4284
22.5648 3808
22.5684 3332
22.572 2856
22.5756 2380
22.5798 1904
22.5834 1428
22.5834 1904
22.587 1428
22.587 1904
22.5906 1428
22.5906 1904
22.5906 14756
22.7316 15232
22.7316 14756
22.7352 14280
22.7388 13804
22.7496 13328
22.7532 12852
22.7568 11424
22.7604 9996
22.764 8568
22.7676 7140
22.7712 5712
22.7748 4284
22.7784 2856
22.782 1428
22.782 1904
22.7856 476
22.7856 952
22.7856 1904
22.7892 476
22.7892 952
22.7892 1904
22.7928 476
22.7928 952
22.7928 1904
22.7964 476
22.7964 952
22.7964 1904
22.8 476
22.8 952
22.8 1904
22.8036 476
22.8036 952
22.8036 1904
22.8072 476
22.8072 952
22.8072 1904
22.8108 476
22.8108 952
22.8108 1904
22.8144 476
22.8144 952
22.8144 1904
22.818 476
22.818 952
22.818 1904
22.8216 476
22.8216 952
22.8216 1904
22.8252 476
22.8252 952
22.8252 1904
22.8288 476
22.8288 952
22.8288 1904
22.8324 476
22.8324 952
22.8324 1904
22.836 476
22.836 952
22.836 1904
22.8367 476
22.8367 3332
22.8396 2380
22.9374 1428
22.9374 1904
22.941 1428
22.941 1904
22.941 15232
23.0784 14756
23.0784 14280
23.082 13804
23.0856 13328
23.0892 12852
23.0928 12376
23.0964 11900
23.1 11424
23.1036 10948
23.1072 10472
23.1108 9996
23.1144 9520
23.118 9044
23.1216 8568
23.1252 8092
23.1288 7616
23.1324 7140
23.136 6664
23.1396 6188
23.1432 5712
23.1468 5236
23.1504 4760
23.154 4284
23.1576 3808
23.1619 3332
23.1655 2856
23.1691 2380
23.1727 1904
23.1763 1428
23.1763 1904
23.1799 1428
23.1799 1904
23.1834 1428
23.1834 1904
23.1834 15232
23.3029 15708
23.3029 15232
23.3065 14756
23.3101 14280
23.3137 13804
23.3173 13328
23.3209 12852
23.3245 12376
23.3281 11900
23.3317 11424
23.3353 10948
23.3389 10472
23.3425 9996
23.3461 9520
23.3497 9044
23.3533 8568
23.3569 8092
23.3605 7616
23.3641 7140
23.3677 6664
23.3749 6188
23.3785 5712
23.3821 4760
23.3857 3808
23.3893 2856
23.3929 1904
23.3965 952
23.3965 1428
23.3965 1904
23.4 952
23.4 12852
23.4036 12376
23.4072 11900
23.4079 11424
23.4108 10948
23.4144 10472
23.418 9996
23.5051 9520
23.5051 15708
23.5122 15232
23.5267 11424
23.5267 10948
23.5303 10472
23.5339 9996
23.5375 9520
23.5411 9044
23.5446 8568
23.5482 8092
23.5518 7616
23.5554 7140
23.559 6664
23.5626 6188
23.5662 5712
23.5698 5236
23.5734 4760
23.577 4284
23.6101 3808
23.6137 3332
23.6173 2856
23.6209 2380
23.6245 1904
23.6281 1428
23.6281 1904
23.6317 1428
23.6317 1904
23.6324 1428
23.6324 1904
23.6324 15232
23.9418 14756
23.9418 14280
23.9454 13804
23.949 13328
23.9526 12852
23.9562 12376
23.9598 11900
23.9634 11424
23.967 10948
23.9706 10472
23.9742 9996
23.9814 9520
23.985 9044
23.9886 8568
23.9958 8092
23.9994 7616
24.003 7140
24.0102 6664
24.0138 6188
24.0174 5236
24.021 4284
24.0246 3332
24.0282 2380
24.0318 1428
24.0318 1904
24.0354 952
24.0354 1428
24.0354 1904
24.039 952
24.039 1428
24.039 1904
24.0426 952
24.0426 1428
24.0426 1904
24.0462 952
24.0462 11424
24.0469 10948
24.0498 10472
24.0864 9996
24.1008 9520
24.1512 9044
24.1512 15232
24.1728 10472
24.1728 9996
24.1764 9520
24.18 9044
24.1836 8568
24.1872 8092
24.1908 7616
24.1944 7140
24.198 6664
24.2016 6188
24.2052 5712
24.2088 5236
24.2124 4760
24.216 4284
24.2196 3808
24.2562 3332
24.2598 2856
24.267 2380
24.2706 1904
24.2742 952
24.2742 1428
24.2742 1904
24.2778 952
24.2778 10472
24.2785 9996
24.2814 9520
24.3792 9044
24.3792 15232
24.4008 10472
24.4008 9996
24.4044 9520
24.408 9044
24.4116 8568
24.4152 8092
24.426 7616
24.4296 6664
24.4332 5712
24.4368 4760
24.4404 3808
24.444 2856
24.4476 1904
24.4843 952
24.4843 1428
24.4843 1904
24.4879 952
24.4879 1428
24.4879 1904
24.4915 952
24.4915 1428
24.4915 1904
24.4951 952
24.4951 1428
24.4951 1904
24.5023 952
24.5023 1428
24.5023 1904
24.5059 952
24.5059 5236
24.5066 4760
24.5095 4284
24.5311 3332
24.6109 2380
24.6145 1904
24.6181 1428
24.6181 1904
24.6217 1428
24.6217 1904
24.6253 1428
24.6253 1904
24.6289 1428
24.6289 1904
24.6325 1428
24.6325 1904
24.7059 476
24.7159 5712
25.0109 476
