0.0 0
0.114232 4294967295
0.219411 4294967295
0.226597 4294967295
0.233794 4294967295
0.240992 4294967295
0.248189 4294967295
0.338989 4294967295
0.338989 4294967295
0.342588 4294967295
0.346187 4294967295
0.3534 4294967295
0.356998 4294967295
0.360597 4294967295
0.364196 4294967295
0.367794 4294967295
0.371393 4294967295
0.378606 4294967295
0.382205 4294967295
0.382205 4294967295
0.385803 4294967295
0.385803 4294967295
0.385803 4294967295
0.429795 4294967295
0.429795 4294967295
0.429795 4294967295
0.433393 4294967295
0.433393 4294967295
0.433393 4294967295
0.437008 4294967295
0.437008 4294967295
0.437008 4294967295
0.440607 4294967295
0.440607 4294967295
0.440607 4294967295
0.444189 4294967295
0.444189 4294967295
0.447788 4294967295
0.542192 4294967295
0.542192 4294967295
0.545775 4294967295
0.545775 4294967295
0.545775 4294967295
0.781333 4294967295
0.781333 4294967295
0.784932 4294967295
0.78853 4294967295
0.792129 4294967295
0.795728 4294967295
0.799326 4294967295
0.802925 4294967295
0.806523 4294967295
0.810122 4294967295
0.813721 4294967295
0.817319 4294967295
0.820918 4294967295
0.861327 4294967295
0.872139 4294967295
0.875737 4294967295
0.879336 4294967295
0.882918 4294967295
0.882918 4294967295
0.886517 4294967295
0.887365 4294967295
0.890116 4294967295
0.893714 4294967295
0.897313 4294967295
0.991701 4294967295
0.9953 4294967295
1.00251 4294967295
1.00611 4294967295
1.01331 4294967295
1.01691 4294967295
1.02051 4294967295
1.0241 4294967295
1.0241 4294967295
1.0241 4294967295
1.0277 4294967295
1.0277 4294967295
1.0277 4294967295
1.0313 4294967295
1.0313 4294967295
1.0313 4294967295
1.0349 4294967295
1.0349 4294967295
1.0349 4294967295
1.08292 4294967295
1.11849 4294967295
2.36659 4294967295
2.36659 4294967295
2.37019 4294967295
2.37019 4294967295
2.46816 4294967295
2.46816 4294967295
2.47261 4294967295
2.47261 4294967295
2.47261 4294967295
5.02101 4294967295
5.02101 4294967295
5.02461 4294967295
5.02819 4294967295
5.12618 4294967295
5.12618 4294967295
5.12618 4294967295
5.34733 4294967295
5.34733 4294967295
5.35816 4294967295
5.36175 4294967295
5.44533 4294967295
5.44533 4294967295
5.44891 4294967295
5.44891 4294967295
5.45251 4294967295
5.45425 4294967295
5.45611 4294967295
5.5505 4294967295
5.5505 4294967295
5.5505 4294967295
5.98198 4294967295
5.98198 4294967295
5.98918 4294967295
6.00359 4294967295
6.00719 4294967295
6.01079 4294967295
6.08355 4294967295
6.08355 4294967295
6.088 4294967295
6.088 4294967295
6.088 4294967295
6.72897 4294967295
6.72897 4294967295
6.73257 4294967295
6.73617 4294967295
6.73977 4294967295
6.74337 4294967295
6.74696 4294967295
6.82696 4294967295
6.82696 4294967295
6.83056 4294967295
6.83056 4294967295
6.83414 4294967295
6.83414 4294967295
6.83414 4294967295
7.81667 4294967295
7.82027 4294967295
7.82387 4294967295
7.82746 4294967295
7.83106 4294967295
7.91106 4294967295
7.91466 4294967295
7.91466 4294967295
7.91825 4294967295
7.91825 4294967295
7.92184 4294967295
7.92184 4294967295
7.92184 4294967295
8.04143 4294967295
8.04503 4294967295
8.04863 4294967295
8.12501 4294967295
8.13584 4294967295
8.13943 4294967295
8.14303 4294967295
8.14303 4294967295
8.14303 4294967295
8.14662 4294967295
8.14662 4294967295
8.15021 4294967295
8.2482 4294967295
8.2482 4294967295
8.38577 4294967295
8.46215 4294967295
8.46575 4294967295
8.47295 4294967295
8.48016 4294967295
8.48376 4294967295
8.48736 4294967295
8.48736 4294967295
8.49094 4294967295
8.49094 4294967295
8.49094 4294967295
8.70852 4294967295
8.70852 4294967295
8.71212 4294967295
8.71572 4294967295
8.71932 4294967295
8.72292 4294967295
8.72292 4294967295
8.73011 4294967295
8.73011 4294967295
8.80651 4294967295
8.80651 4294967295
8.80651 4294967295
8.81052 4294967295
8.81371 4294967295
9.35437 4294967295
9.35437 4294967295
9.44559 4294967295
9.45597 4294967295
10.4173 4294967295
10.6452 4294967295
10.6452 4294967295
10.7261 4294967295
10.7504 4294967295
10.7504 4294967295
11.0075 4294967295
11.0075 4294967295
11.0111 4294967295
11.1019 4294967295
11.1055 4294967295
11.1055 4294967295
11.1091 4294967295
11.1091 4294967295
11.1136 4294967295
11.1136 4294967295
11.1136 4294967295
11.3239 4294967295
11.3239 4294967295
11.3275 4294967295
11.3311 4294967295
11.3383 4294967295
11.3383 4294967295
11.3419 4294967295
11.3419 4294967295
11.3455 4294967295
11.3455 4294967295
11.3455 4294967295
11.4291 4294967295
11.4291 4294967295
11.4435 4294967295
11.4435 4294967295
11.4471 4294967295
11.4471 4294967295
11.4471 4294967295
11.5487 4294967295
11.6862 4294967295
11.6862 4294967295
11.777 4294967295
11.7806 4294967295
11.7842 4294967295
11.7842 4294967295
11.7878 4294967295
11.7878 4294967295
11.7923 4294967295
11.7923 4294967295
11.7923 4294967295
12.5536 4294967295
12.5536 4294967295
12.5536 4294967295
12.5572 4294967295
12.5608 4294967295
12.5681 4294967295
12.6521 4294967295
12.6552 4294967295
12.9856 4294967295
12.9856 4294967295
13.0768 4294967295
13.0836 4294967295
13.6135 4294967295
13.6135 4294967295
13.7115 4294967295
13.7187 4294967295
13.7187 4294967295
13.7187 4294967295
13.9218 4294967295
13.9218 4294967295
13.9326 4294967295
13.9362 4294967295
13.9398 4294967295
13.9398 4294967295
13.9434 4294967295
13.9434 4294967295
14.027 4294967295
14.027 4294967295
14.027 4294967295
14.56 4294967295
14.56 4294967295
14.5636 4294967295
14.5745 4294967295
14.5781 4294967295
14.658 4294967295
14.658 4294967295
14.6616 4294967295
14.6616 4294967295
14.666 4294967295
14.666 4294967295
14.666 4294967295
15.8509 4294967295
15.8509 4294967295
15.8625 4294967295
15.8661 4294967295
15.8697 4294967295
15.8733 4294967295
15.8769 4294967295
15.8769 4294967295
15.9525 4294967295
15.9525 4294967295
15.9596 4294967295
15.9596 4294967295
15.9645 4294967295
15.9821 4294967295
16.2896 4294967295
16.2896 4294967295
16.3808 4294967295
16.3912 4294967295
17.0546 4294967295
17.0546 4294967295
17.1458 4294967295
17.1562 4294967295
18.4438 4294967295
18.4438 4294967295
18.4542 4294967295
18.4542 4294967295
18.5351 4294967295
18.5454 4294967295
20.1914 4294967295
20.1914 4294967295
20.2826 4294967295
20.2929 4294967295
20.5249 4294967295
20.5249 4294967295
20.5285 4294967295
20.5321 4294967295
20.5357 4294967295
20.5393 4294967295
20.5981 4294967295
20.5981 4294967295
20.6233 4294967295
20.6265 4294967295
21.2903 4294967295
21.2903 4294967295
21.3523 4294967295
21.3523 4294967295
21.3815 4294967295
21.3919 4294967295
22.7807 4294967295
22.7807 4294967295
22.7843 4294967295
22.7843 4294967295
22.8719 4294967295
22.8823 4294967295
23.3317 4294967295
23.3317 4294967295
23.3353 4294967295
23.405 4294967295
23.4086 4294967295
23.4122 4294967295
23.4297 4294967295
23.4297 4294967295
23.4369 4294967295
23.4369 4294967295
23.4369 4294967295
23.4387 4294967295
23.7668 4294967295
23.7668 4294967295
23.7704 4294967295
23.774 4294967295
23.854 4294967295
23.8576 4294967295
23.8648 4294967295
23.8648 4294967295
23.8684 4294967295
23.8684 4294967295
23.872 4294967295
23.872 4294967295
23.872 4294967295
23.97 4294967295
24.3035 4294967295
24.3035 4294967295
24.3071 4294967295
24.3107 4294967295
24.3943 4294967295
24.3979 4294967295
24.4015 4294967295
24.4015 4294967295
24.4095 4294967295
24.4095 4294967295
24.4095 4294967295
24.5183 4294967295
24.6235 4294967295
24.6235 4294967295
24.6271 4294967295
24.6343 4294967295
24.6379 4294967295
24.6415 4294967295
24.6415 4294967295
24.6451 4294967295
24.6451 4294967295
24.7286 4294967295
24.7322 4294967295
24.7467 4294967295
24.7467 4294967295
24.7502 4294967295
25.1054 4294967295
25.1745 4294967295
25.1781 4294967295
25.1997 4294967295
25.2033 4294967295
25.2033 4294967295
25.2069 4294967295
25.2069 4294967295
25.2114 4294967295
25.2114 4294967295
25.2114 4294967295
25.766 4294967295
25.7696 4294967295
25.7732 4294967295
25.8604 4294967295
25.864 4294967295
25.864 4294967295
25.8676 4294967295
25.8676 4294967295
25.8712 4294967295
25.8712 4294967295
25.8712 4294967295
25.9764 4294967295
25.9764 4294967295
25.98 4294967295
25.9836 4294967295
25.9908 4294967295
26.0712 4294967295
26.0744 4294967295
26.7382 4294967295
26.7382 4294967295
26.8398 4294967295
26.8398 4294967295
26.945 4294967295
28.6925 4294967295
28.6925 4294967295
28.6961 4294967295
28.7905 4294967295
28.7905 4294967295
28.7941 4294967295
28.7941 4294967295
28.7977 4294967295
28.7977 4294967295
28.8013 4294967295
28.8013 4294967295
28.8992 4294967295
28.8992 4294967295
28.9028 4294967295
28.9028 4294967295
28.9064 4294967295
28.9064 4294967295
29.0044 4294967295
29.0044 4294967295
29.008 4294967295
29.008 4294967295
29.0116 4294967295
29.0116 4294967295
29.0123 4294967295
29.1096 4294967295
29.6714 4294967295
29.6714 4294967295
29.7627 4294967295
29.7694 4294967295
29.973 4294967295
30.1906 4294967295
30.1906 4294967295
30.1942 4294967295
30.1978 4294967295
30.1978 4294967295
30.2921 4294967295
30.2921 4294967295
30.2966 4294967295
30.2966 4294967295
30.2966 4294967295
30.622 4294967295
30.622 4294967295
30.6256 4294967295
30.6292 4294967295
30.6329 4294967295
30.6329 4294967295
30.7205 4294967295
30.7272 4294967295
30.7272 4294967295
30.9484 4294967295
30.9484 4294967295
30.952 4294967295
30.9556 4294967295
30.9592 4294967295
30.9628 4294967295
30.9628 4294967295
30.9664 4294967295
30.9664 4294967295
31.0504 4294967295
31.0535 4294967295
31.0535 4294967295
31.4019 4294967295
31.4019 4294967295
31.4927 4294967295
31.4963 4294967295
31.4963 4294967295
31.4963 4294967295
31.4999 4294967295
31.4999 4294967295
31.4999 4294967295
31.5035 4294967295
31.5035 4294967295
31.5071 4294967295
31.5071 4294967295
31.5079 4294967295
31.5079 4294967295
31.5107 4294967295
31.5107 4294967295
31.5107 4294967295
31.6087 4294967295
31.8478 4294967295
31.9278 4294967295
31.9422 4294967295
31.9494 4294967295
31.9494 4294967295
31.9566 4294967295
31.9566 4294967295
32.0546 4294967295
32.0546 4294967295
32.0546 4294967295
32.1597 4294967295
32.1597 4294967295
32.1633 4294967295
32.1669 4294967295
32.1705 4294967295
32.1741 4294967295
32.1741 4294967295
32.1777 4294967295
32.1777 4294967295
32.2649 4294967295
32.2649 4294967295
32.2649 4294967295
32.2793 4294967295
32.8052 4294967295
32.8052 4294967295
32.8088 4294967295
32.8959 4294967295
32.8995 4294967295
32.9068 4294967295
32.9068 4294967295
32.9103 4294967295
32.9103 4294967295
32.9103 4294967295
33.0119 4294967295
33.2439 4294967295
33.2475 4294967295
33.3382 4294967295
33.3418 4294967295
33.3418 4294967295
33.3454 4294967295
33.3454 4294967295
33.349 4294967295
33.349 4294967295
33.349 4294967295
33.5702 4294967295
33.5702 4294967295
33.661 4294967295
33.6646 4294967295
33.6682 4294967295
33.6682 4294967295
33.6682 4294967295
33.6718 4294967295
33.6718 4294967295
33.6754 4294967295
33.6762 4294967295
33.679 4294967295
33.679 4294967295
33.7734 4294967295
33.7734 4294967295
33.7734 4294967295
33.7769 4294967295
33.8893 4294967295
33.8893 4294967295
33.8929 4294967295
33.9873 4294967295
33.9873 4294967295
33.9873 4294967295
33.9909 4294967295
33.9909 4294967295
33.9909 4294967295
33.9945 4294967295
33.9945 4294967295
33.9945 4294967295
33.9981 4294967295
33.9981 4294967295
34.0961 4294967295
34.0961 4294967295
34.0997 4294967295
34.0997 4294967295
34.1033 4294967295
34.1033 4294967295
34.1033 4294967295
34.1069 4294967295
34.6363 4294967295
34.6363 4294967295
34.6399 4294967295
34.6472 4294967295
34.6508 4294967295
34.7343 4294967295
34.7343 4294967295
34.7379 4294967295
34.7379 4294967295
34.7424 4294967295
34.7424 4294967295
34.7424 4294967295
34.8395 4294967295
34.9707 4294967295
35.0615 4294967295
35.0651 4294967295
35.0687 4294967295
35.0687 4294967295
35.0759 4294967295
35.0759 4294967295
35.0767 4294967295
35.0767 4294967295
35.0767 4294967295
35.3007 4294967295
35.3007 4294967295
35.3879 4294967295
35.395 4294967295
35.395 4294967295
35.3986 4294967295
35.3986 4294967295
35.4059 4294967295
35.4059 4294967295
35.4131 4294967295
35.4131 4294967295
35.4167 4294967295
35.4167 4294967295
35.5002 4294967295
35.5002 4294967295
35.5002 4294967295
35.5182 4294967295
37.0885 4294967295
37.0885 4294967295
37.0885 4294967295
37.0958 4294967295
37.0994 4294967295
37.1829 4294967295
37.1865 4294967295
37.1865 4294967295
37.1937 4294967295
37.1937 4294967295
37.1937 4294967295
37.2009 4294967295
37.7268 4294967295
37.7268 4294967295
37.734 4294967295
37.7376 4294967295
37.8248 4294967295
37.8284 4294967295
37.8284 4294967295
37.8319 4294967295
37.8319 4294967295
37.8319 4294967295
37.8391 4294967295
38.0567 4294967295
38.0603 4294967295
38.1511 4294967295
38.1547 4294967295
38.1547 4294967295
38.1583 4294967295
38.1583 4294967295
38.1619 4294967295
38.1619 4294967295
38.1619 4294967295
38.2779 4294967295
38.2779 4294967295
38.3722 4294967295
38.3758 4294967295
38.3758 4294967295
38.3794 4294967295
38.3794 4294967295
38.3848 4294967295
38.3848 4294967295
38.3848 4294967295
38.5862 4294967295
38.5862 4294967295
38.5898 4294967295
38.5987 4294967295
38.6023 4294967295
38.6059 4294967295
38.6059 4294967295
38.6095 4294967295
38.6095 4294967295
38.6914 4294967295
38.6914 4294967295
38.6914 4294967295
38.7111 4294967295
39.3296 4294967295
39.3296 4294967295
39.3332 4294967295
39.3404 4294967295
39.4276 4294967295
39.4312 4294967295
39.4312 4294967295
39.4384 4294967295
39.4384 4294967295
39.5363 4294967295
39.5363 4294967295
39.5363 4294967295
39.5435 4294967295
39.7611 4294967295
39.7647 4294967295
39.8555 4294967295
39.8591 4294967295
39.8591 4294967295
39.8627 4294967295
39.8627 4294967295
39.8663 4294967295
39.8663 4294967295
39.8663 4294967295
39.9823 4294967295
40.0766 4294967295
40.0766 4294967295
40.0875 4294967295
40.0875 4294967295
40.1782 4294967295
40.1782 4294967295
40.1926 4294967295
40.1926 4294967295
40.2834 4294967295
40.2834 4294967295
40.2834 4294967295
40.9216 4294967295
40.9216 4294967295
40.9252 4294967295
40.9324 4294967295
40.936 4294967295
41.0196 4294967295
41.0196 4294967295
41.0232 4294967295
41.0232 4294967295
41.0276 4294967295
41.0276 4294967295
41.0276 4294967295
41.2416 4294967295
41.2452 4294967295
41.2488 4294967295
41.3351 4294967295
41.3387 4294967295
41.3387 4294967295
41.3423 4294967295
41.3423 4294967295
41.3459 4294967295
41.3459 4294967295
41.3459 4294967295
42.3248 4294967295
42.3248 4294967295
42.3284 4294967295
42.4156 4294967295
42.4156 4294967295
42.4192 4294967295
42.4192 4294967295
42.4192 4294967295
42.4229 4294967295
42.4229 4294967295
42.4229 4294967295
42.4264 4294967295
42.4264 4294967295
42.43 4294967295
42.43 4294967295
42.4309 4294967295
42.4309 4294967295
42.4336 4294967295
42.4336 4294967295
42.4336 4294967295
42.5568 4294967295
42.5568 4294967295
42.6368 4294967295
42.6404 4294967295
42.6476 4294967295
42.6512 4294967295
42.6548 4294967295
42.6584 4294967295
42.6584 4294967295
42.662 4294967295
42.662 4294967295
42.662 4294967295
42.8615 4294967295
42.8615 4294967295
42.8724 4294967295
42.876 4294967295
42.8832 4294967295
42.8904 4294967295
42.894 4294967295
42.8976 4294967295
42.8976 4294967295
42.8976 4294967295
42.9631 4294967295
42.9631 4294967295
42.9667 4294967295
42.9676 4294967295
42.9703 4294967295
43.0027 4294967295
43.0027 4294967295
43.293 4294967295
43.293 4294967295
43.2966 4294967295
43.3183 4294967295
43.3219 4294967295
43.3327 4294967295
43.3399 4294967295
43.3435 4294967295
43.3911 4294967295
43.3911 4294967295
43.3946 4294967295
43.3946 4294967295
43.3946 4294967295
43.3982 4294967295
43.3982 4294967295
43.4018 4294967295
43.4962 4294967295
43.4962 4294967295
43.7138 4294967295
43.7138 4294967295
43.7174 4294967295
43.721 4294967295
43.7246 4294967295
43.7282 4294967295
43.7318 4294967295
43.7354 4294967295
43.739 4294967295
43.7426 4294967295
43.7498 4294967295
43.7498 4294967295
43.8189 4294967295
43.8189 4294967295
43.8189 4294967295
43.9601 4294967295
43.9601 4294967295
43.9673 4294967295
44.0329 4294967295
44.0365 4294967295
44.0401 4294967295
44.0437 4294967295
44.0545 4294967295
44.0581 4294967295
44.0617 4294967295
44.0617 4294967295
44.0653 4294967295
44.0653 4294967295
44.0653 4294967295
44.2432 4294967295
44.2432 4294967295
44.2468 4294967295
44.2756 4294967295
44.2792 4294967295
44.2828 4294967295
44.2864 4294967295
44.29 4294967295
44.2936 4294967295
44.3008 4294967295
44.3044 4294967295
44.308 4294967295
44.308 4294967295
44.3116 4294967295
44.3116 4294967295
44.4132 4294967295
44.4132 4294967295
44.4132 4294967295
44.5436 4294967295
44.5436 4294967295
44.5508 4294967295
44.5544 4294967295
44.558 4294967295
44.5616 4294967295
44.6236 4294967295
44.6272 4294967295
44.6272 4294967295
44.6272 4294967295
44.6344 4294967295
44.6344 4294967295
44.6344 4294967295
44.638 4294967295
44.638 4294967295
44.638 4294967295
44.6416 4294967295
44.6416 4294967295
44.6416 4294967295
44.6452 4294967295
44.6452 4294967295
44.6488 4294967295
44.6496 4294967295
44.6524 4294967295
44.6524 4294967295
44.656 4294967295
44.656 4294967295
44.656 4294967295
44.7791 4294967295
44.7791 4294967295
44.7827 4294967295
44.7863 4294967295
44.7899 4294967295
44.7935 4294967295
44.7971 4294967295
44.8007 4294967295
44.8043 4294967295
44.8627 4294967295
44.8663 4294967295
44.8699 4294967295
44.8735 4294967295
44.8771 4294967295
44.8771 4294967295
44.8807 4294967295
44.8807 4294967295
44.8843 4294967295
44.8843 4294967295
44.8843 4294967295
45.207 4294967295
45.2106 4294967295
45.2179 4294967295
45.2215 4294967295
45.2251 4294967295
45.2287 4294967295
45.2323 4294967295
45.2359 4294967295
45.2395 4294967295
45.2395 4294967295
45.2395 4294967295
45.243 4294967295
45.243 4294967295
45.243 4294967295
45.3015 4294967295
45.3015 4294967295
45.3015 4294967295
45.3086 4294967295
45.3086 4294967295
45.3122 4294967295
45.3122 4294967295
45.3131 4294967295
45.3158 4294967295
45.4138 4294967295
45.4138 4294967295
45.5478 4294967295
45.5514 4294967295
45.555 4294967295
45.5586 4294967295
45.5622 4294967295
45.5658 4294967295
45.5694 4294967295
45.6242 4294967295
45.635 4294967295
45.6422 4294967295
45.6458 4294967295
45.6458 4294967295
45.6538 4294967295
45.6538 4294967295
45.6566 4294967295
45.7402 4294967295
45.759 4294967295
45.7626 4294967295
45.7662 4294967295
45.7698 4294967295
45.7734 4294967295
45.777 4294967295
45.7806 4294967295
45.7842 4294967295
45.7878 4294967295
45.7878 4294967295
45.7914 4294967295
45.7914 4294967295
45.8642 4294967295
45.8642 4294967295
45.8642 4294967295
46.0161 4294967295
46.0161 4294967295
46.0197 4294967295
46.0781 4294967295
46.0817 4294967295
46.0853 4294967295
46.0925 4294967295
46.0961 4294967295
46.1105 4294967295
46.1141 4294967295
46.1141 4294967295
46.1222 4294967295
46.1222 4294967295
46.1249 4294967295
46.1833 4294967295
46.2273 4294967295
46.2273 4294967295
46.2561 4294967295
46.2561 4294967295
46.2597 4294967295
46.2633 4294967295
46.3325 4294967295
46.3397 4294967295
46.3433 4294967295
46.3469 4294967295
46.3505 4294967295
46.3541 4294967295
46.3577 4294967295
46.3577 4294967295
46.3613 4294967295
46.3613 4294967295
46.3613 4294967295
46.4809 4294967295
46.4809 4294967295
46.4845 4294967295
46.4881 4294967295
46.4953 4294967295
46.4989 4294967295
46.5025 4294967295
46.5061 4294967295
46.5097 4294967295
46.5501 4294967295
46.5537 4294967295
46.5717 4294967295
46.5753 4294967295
46.5789 4294967295
46.5825 4294967295
46.5825 4294967295
46.5861 4294967295
46.5861 4294967295
46.5861 4294967295
46.9016 4294967295
46.9016 4294967295
46.9052 4294967295
46.9088 4294967295
46.9124 4294967295
46.916 4294967295
46.9196 4294967295
46.9232 4294967295
46.9268 4294967295
46.9304 4294967295
46.934 4294967295
46.9412 4294967295
46.9484 4294967295
46.952 4294967295
46.9556 4294967295
46.9556 4294967295
46.9556 4294967295
46.9592 4294967295
46.9592 4294967295
46.9628 4294967295
47.0104 4294967295
47.0608 4294967295
47.0608 4294967295
47.166 4294967295
47.166 4294967295
47.1696 4294967295
47.1732 4294967295
47.1768 4294967295
47.1804 4294967295
47.184 4294967295
47.1876 4294967295
47.1911 4294967295
47.1984 4294967295
47.202 4294967295
47.2056 4294967295
47.2092 4294967295
47.2128 4294967295
47.2128 4294967295
47.2163 4294967295
47.2163 4294967295
47.2199 4294967295
47.2235 4294967295
47.2711 4294967295
47.2748 4294967295
47.3215 4294967295
47.3287 4294967295
47.3323 4294967295
47.3359 4294967295
47.3395 4294967295
47.3431 4294967295
47.3467 4294967295
47.3467 4294967295
47.3503 4294967295
47.3503 4294967295
47.3539 4294967295
47.3539 4294967295
47.4163 4294967295
47.4267 4294967295
47.869 4294967295
47.869 4294967295
47.8726 4294967295
47.887 4294967295
47.8978 4294967295
47.9014 4294967295
47.905 4294967295
47.9086 4294967295
47.9122 4294967295
47.967 4294967295
47.967 4294967295
47.9742 4294967295
47.9742 4294967295
47.9778 4294967295
47.9778 4294967295
47.9814 4294967295
47.9814 4294967295
47.985 4294967295
47.985 4294967295
48.003 4294967295
48.003 4294967295
48.003 4294967295
48.1333 4294967295
48.1333 4294967295
48.1369 4294967295
48.1405 4294967295
48.1441 4294967295
48.1477 4294967295
48.1513 4294967295
48.1953 4294967295
48.1989 4294967295
48.2169 4294967295
48.2241 4294967295
48.2277 4294967295
48.2349 4294967295
48.2349 4294967295
48.2385 4294967295
48.2385 4294967295
48.2421 4294967295
48.3401 4294967295
48.3401 4294967295
48.3833 4294967295
48.3833 4294967295
48.4453 4294967295
48.4489 4294967295
48.4525 4294967295
48.4561 4294967295
48.4597 4294967295
48.4633 4294967295
48.4669 4294967295
48.4705 4294967295
48.4741 4294967295
48.4777 4294967295
48.4813 4294967295
48.4813 4294967295
48.4849 4294967295
48.4849 4294967295
48.4893 4294967295
48.4893 4294967295
48.4893 4294967295
49.1491 4294967295
49.1491 4294967295
49.1635 4294967295
49.1671 4294967295
49.1707 4294967295
49.1743 4294967295
49.1779 4294967295
49.1815 4294967295
49.1851 4294967295
49.1851 4294967295
49.1851 4294967295
49.1887 4294967295
49.1887 4294967295
49.1887 4294967295
49.2435 4294967295
49.2435 4294967295
49.2435 4294967295
49.2471 4294967295
49.2471 4294967295
49.2471 4294967295
49.2507 4294967295
49.2507 4294967295
49.2543 4294967295
49.2551 4294967295
49.2579 4294967295
49.3523 4294967295
49.3523 4294967295
49.5043 4294967295
49.5043 4294967295
49.5079 4294967295
49.5115 4294967295
49.5662 4294967295
49.577 4294967295
49.5806 4294967295
49.5842 4294967295
49.5878 4294967295
49.5951 4294967295
49.5987 4294967295
49.5987 4294967295
49.6023 4294967295
49.6023 4294967295
49.6023 4294967295
49.6059 4294967295
49.6059 4294967295
49.6059 4294967295
49.6095 4294967295
49.6095 4294967295
49.6131 4294967295
49.6822 4294967295
49.7111 4294967295
49.7111 4294967295
49.7155 4294967295
49.7155 4294967295
49.7155 4294967295
49.9294 4294967295
49.9294 4294967295
49.933 4294967295
49.9402 4294967295
49.9438 4294967295
49.9474 4294967295
49.951 4294967295
49.9546 4294967295
49.9546 4294967295
49.9546 4294967295
49.9582 4294967295
49.9582 4294967295
49.9582 4294967295
49.9618 4294967295
49.9618 4294967295
49.9618 4294967295
49.9654 4294967295
49.9654 4294967295
49.9654 4294967295
49.969 4294967295
49.969 4294967295
49.969 4294967295
49.9798 4294967295
49.9798 4294967295
49.9798 4294967295
49.9834 4294967295
49.9834 4294967295
49.9834 4294967295
49.987 4294967295
49.987 4294967295
49.987 4294967295
50.0346 4294967295
50.0346 4294967295
50.0346 4294967295
50.0886 4294967295
50.0886 4294967295
50.0886 4294967295
50.201 4294967295
50.201 4294967295
50.2046 4294967295
50.2082 4294967295
50.2118 4294967295
50.2154 4294967295
50.219 4294967295
50.2226 4294967295
50.2262 4294967295
50.2298 4294967295
50.2334 4294967295
50.237 4294967295
50.2406 4294967295
50.2442 4294967295
50.2478 4294967295
50.2514 4294967295
50.255 4294967295
50.299 4294967295
50.299 4294967295
50.3026 4294967295
50.3026 4294967295
50.3061 4294967295
50.3061 4294967295
50.3061 4294967295
50.4041 4294967295
50.5489 4294967295
50.5489 4294967295
50.5525 4294967295
50.5561 4294967295
50.5597 4294967295
50.5633 4294967295
50.5705 4294967295
50.5741 4294967295
50.6217 4294967295
50.6253 4294967295
50.6289 4294967295
50.6325 4294967295
50.6325 4294967295
50.6433 4294967295
50.6433 4294967295
50.6433 4294967295
50.6469 4294967295
50.6469 4294967295
50.6469 4294967295
50.6505 4294967295
50.6505 4294967295
50.6541 4294967295
50.6577 4294967295
50.7269 4294967295
50.7269 4294967295
50.9876 4294967295
50.9912 4294967295
50.9948 4294967295
50.9984 4294967295
51.0424 4294967295
51.046 4294967295
51.0496 4294967295
51.0532 4294967295
51.064 4294967295
51.0676 4294967295
51.0712 4294967295
51.0748 4294967295
51.0784 4294967295
51.082 4294967295
51.0856 4294967295
51.0892 4294967295
51.0892 4294967295
51.0928 4294967295
51.0928 4294967295
51.0936 4294967295
51.0936 4294967295
51.0936 4294967295
51.3211 4294967295
51.3247 4294967295
51.3283 4294967295
51.3319 4294967295
51.3355 4294967295
51.3391 4294967295
51.3427 4294967295
51.3463 4294967295
51.3499 4294967295
51.3535 4294967295
51.3571 4294967295
51.3607 4294967295
51.4047 4294967295
51.4083 4294967295
51.4155 4294967295
51.4191 4294967295
51.4191 4294967295
51.4227 4294967295
51.4227 4294967295
51.4263 4294967295
51.4263 4294967295
51.4263 4294967295
51.6367 4294967295
51.6367 4294967295
51.6367 4294967295
51.6439 4294967295
51.6475 4294967295
51.6511 4294967295
51.6547 4294967295
51.6583 4294967295
51.6619 4294967295
51.6655 4294967295
51.6655 4294967295
51.6655 4294967295
51.6691 4294967295
51.6691 4294967295
51.6691 4294967295
51.6799 4294967295
51.6799 4294967295
51.6799 4294967295
51.6835 4294967295
51.6835 4294967295
51.6835 4294967295
51.6871 4294967295
51.6871 4294967295
51.6871 4294967295
51.6907 4294967295
51.6907 4294967295
51.6943 4294967295
51.6979 4294967295
51.7015 4294967295
51.7015 4294967295
51.7015 4294967295
51.7419 4294967295
51.7419 4294967295
51.7455 4294967295
51.7455 4294967295
51.7455 4294967295
51.7491 4294967295
51.7491 4294967295
51.7491 4294967295
51.7994 4294967295
51.7994 4294967295
51.7994 4294967295
51.7994 4294967295
51.8542 4294967295
51.9514 4294967295
51.9514 4294967295
51.955 4294967295
51.9586 4294967295
51.9658 4294967295
51.9694 4294967295
52.017 4294967295
52.0206 4294967295
52.0242 4294967295
52.0278 4294967295
52.0314 4294967295
52.035 4294967295
52.0386 4294967295
52.0386 4294967295
52.0422 4294967295
52.0422 4294967295
52.0422 4294967295
52.0458 4294967295
52.0458 4294967295
52.0458 4294967295
52.0494 4294967295
52.0494 4294967295
52.0494 4294967295
52.053 4294967295
52.053 4294967295
52.053 4294967295
52.0566 4294967295
52.0566 4294967295
52.0602 4294967295
52.071 4294967295
52.1582 4294967295
52.1582 4294967295
52.1617 4294967295
52.3101 4294967295
52.3137 4294967295
52.3173 4294967295
52.3209 4294967295
52.3721 4294967295
52.3757 4294967295
52.3793 4294967295
52.3829 4294967295
52.3865 4294967295
52.3901 4294967295
52.3937 4294967295
52.3973 4294967295
52.4009 4294967295
52.4045 4294967295
52.4081 4294967295
52.4117 4294967295
52.4117 4294967295
52.4153 4294967295
52.4153 4294967295
52.417 4294967295
52.417 4294967295
52.417 4294967295
52.5493 4294967295
52.5529 4294967295
52.5565 4294967295
52.5601 4294967295
52.5637 4294967295
52.5673 4294967295
52.5709 4294967295
52.5745 4294967295
52.5781 4294967295
52.6221 4294967295
52.6256 4294967295
52.6292 4294967295
52.6328 4294967295
52.6364 4294967295
52.64 4294967295
52.6473 4294967295
52.6473 4294967295
52.6509 4294967295
52.6509 4294967295
52.6544 4294967295
52.6544 4294967295
52.6544 4294967295
52.8576 4294967295
52.8576 4294967295
52.8612 4294967295
52.8648 4294967295
52.8684 4294967295
52.872 4294967295
52.8756 4294967295
52.8792 4294967295
52.8828 4294967295
52.8864 4294967295
52.89 4294967295
52.8936 4294967295
52.8972 4294967295
52.9008 4294967295
52.9044 4294967295
52.9116 4294967295
52.9152 4294967295
52.9188 4294967295
52.9188 4294967295
52.9628 4294967295
52.9628 4294967295
52.9628 4294967295
53.0168 4294967295
53.1147 4294967295
53.1147 4294967295
53.1183 4294967295
53.1219 4294967295
53.1255 4294967295
53.1291 4294967295
53.1731 4294967295
53.1767 4294967295
53.1803 4294967295
53.1839 4294967295
53.1875 4294967295
53.1911 4294967295
53.1947 4294967295
53.1983 4294967295
53.2091 4294967295
53.2127 4294967295
53.2127 4294967295
53.2163 4294967295
53.2163 4294967295
53.2216 4294967295
53.2216 4294967295
53.2216 4294967295
53.3448 4294967295
53.3448 4294967295
53.3484 4294967295
53.352 4294967295
53.3556 4294967295
53.3592 4294967295
53.3628 4294967295
53.3664 4294967295
53.37 4294967295
53.3736 4294967295
53.3772 4294967295
53.3772 4294967295
53.3772 4294967295
53.3808 4294967295
53.3808 4294967295
53.3808 4294967295
53.4267 4294967295
53.4267 4294967295
53.4267 4294967295
53.4303 4294967295
53.4303 4294967295
53.4303 4294967295
53.4356 4294967295
53.4356 4294967295
53.4356 4294967295
53.4392 4294967295
53.4392 4294967295
53.4392 4294967295
53.4428 4294967295
53.4428 4294967295
53.4428 4294967295
53.4464 4294967295
53.4464 4294967295
53.45 4294967295
53.4509 4294967295
53.4536 4294967295
53.4536 4294967295
53.548 4294967295
53.548 4294967295
53.548 4294967295
53.5516 4294967295
53.6748 4294967295
53.6748 4294967295
53.6784 4294967295
53.682 4294967295
53.6856 4294967295
53.6892 4294967295
53.6928 4294967295
53.6964 4294967295
53.7 4294967295
53.7036 4294967295
53.7072 4294967295
53.7108 4294967295
53.7144 4294967295
53.7583 4294967295
53.7619 4294967295
53.7655 4294967295
53.7691 4294967295
53.7728 4294967295
53.7728 4294967295
53.7799 4294967295
53.7799 4294967295
53.8851 4294967295
53.9903 4294967295
53.9975 4294967295
54.0011 4294967295
54.0047 4294967295
54.0083 4294967295
54.0119 4294967295
54.0155 4294967295
54.0191 4294967295
54.0227 4294967295
54.0263 4294967295
54.0335 4294967295
54.0371 4294967295
54.0407 4294967295
54.0443 4294967295
54.0479 4294967295
54.0991 4294967295
54.1027 4294967295
54.1027 4294967295
54.1044 4294967295
54.1044 4294967295
54.1044 4294967295
54.2187 4294967295
54.2187 4294967295
54.2223 4294967295
54.2259 4294967295
54.2331 4294967295
54.2367 4294967295
54.2403 4294967295
54.2439 4294967295
54.2475 4294967295
54.2511 4294967295
54.2547 4294967295
54.2583 4294967295
54.2619 4294967295
54.2654 4294967295
54.269 4294967295
54.2726 4294967295
54.3167 4294967295
54.3203 4294967295
54.3203 4294967295
54.3382 4294967295
54.3382 4294967295
54.3382 4294967295
54.4434 4294967295
54.6789 4294967295
54.6825 4294967295
54.6861 4294967295
54.6969 4294967295
54.7005 4294967295
54.7041 4294967295
54.7077 4294967295
54.7113 4294967295
54.7149 4294967295
54.7185 4294967295
54.7221 4294967295
54.7257 4294967295
54.7293 4294967295
54.7661 4294967295
54.7697 4294967295
54.7733 4294967295
54.7733 4294967295
54.7841 4294967295
54.7841 4294967295
54.785 4294967295
54.785 4294967295
54.785 4294967295
54.8929 4294967295
54.8929 4294967295
54.8965 4294967295
54.9001 4294967295
54.9037 4294967295
54.9073 4294967295
54.9145 4294967295
54.9181 4294967295
54.9217 4294967295
54.9253 4294967295
54.9289 4294967295
54.9325 4294967295
54.9361 4294967295
54.9397 4294967295
54.9433 4294967295
54.9469 4294967295
54.9837 4294967295
54.985 4294967295
54.9945 4294967295
55.2197 4294967295
55.3248 4294967295
56.0934 4294967295
56.0934 4294967295
56.097 4294967295
56.097 4294967295
56.1846 4294967295
56.195 4294967295
57.6306 4294967295
57.6306 4294967295
57.6342 4294967295
57.6342 4294967295
57.7218 4294967295
57.7358 4294967295
58.041 4294967295
58.041 4294967295
58.1322 4294967295
58.1425 4294967295
58.8095 4294967295
58.8095 4294967295
58.8131 4294967295
58.9003 4294967295
58.9039 4294967295
58.9075 4294967295
58.9075 4294967295
58.9111 4294967295
58.9111 4294967295
58.9147 4294967295
58.9147 4294967295
58.9147 4294967295
59.1215 4294967295
59.3534 4294967295
59.5853 4294967295
59.5853 4294967295
59.5889 4294967295
59.5925 4294967295
59.6761 4294967295
59.6797 4294967295
59.6833 4294967295
59.6833 4294967295
59.6869 4294967295
59.6869 4294967295
59.6905 4294967295
59.6905 4294967295
59.6905 4294967295
59.9045 4294967295
59.9045 4294967295
59.9225 4294967295
59.9261 4294967295
59.9297 4294967295
59.9297 4294967295
59.9297 4294967295
60.0025 4294967295
60.0025 4294967295
60.0025 4294967295
60.0061 4294967295
60.0061 4294967295
60.0097 4294967295
60.0097 4294967295
60.0105 4294967295
60.0105 4294967295
60.0132 4294967295
60.0132 4294967295
60.0132 4294967295
60.2344 4294967295
60.238 4294967295
60.2416 4294967295
60.2452 4294967295
60.3252 4294967295
60.3288 4294967295
60.3324 4294967295
60.3324 4294967295
60.336 4294967295
60.336 4294967295
60.3404 4294967295
60.3404 4294967295
60.3404 4294967295
60.5464 4294967295
60.5464 4294967295
60.5544 4294967295
60.558 4294967295
60.5616 4294967295
60.5652 4294967295
60.5724 4294967295
60.5724 4294967295
60.648 4294967295
60.648 4294967295
60.648 4294967295
60.6515 4294967295
60.6515 4294967295
60.6551 4294967295
60.6776 4294967295
60.6776 4294967295
60.8951 4294967295
60.8987 4294967295
60.9023 4294967295
60.9059 4294967295
60.9095 4294967295
60.9715 4294967295
60.9751 4294967295
60.9967 4294967295
60.9967 4294967295
61.0012 4294967295
61.0012 4294967295
61.0012 4294967295
61.359 4294967295
61.359 4294967295
61.4318 4294967295
61.4354 4294967295
61.439 4294967295
61.4426 4294967295
61.4534 4294967295
61.457 4294967295
61.457 4294967295
61.4606 4294967295
61.4606 4294967295
61.4642 4294967295
61.4642 4294967295
61.4642 4294967295
61.591 4294967295
61.591 4294967295
61.5946 4294967295
61.6673 4294967295
61.6709 4294967295
61.6745 4294967295
61.6781 4294967295
61.6817 4294967295
61.6853 4294967295
61.689 4294967295
61.689 4294967295
61.6926 4294967295
61.6926 4294967295
61.6961 4294967295
61.6961 4294967295
61.6961 4294967295
61.9317 4294967295
61.9353 4294967295
61.9389 4294967295
62.0081 4294967295
62.0117 4294967295
62.0153 4294967295
62.0189 4294967295
62.0261 4294967295
62.0297 4294967295
62.0297 4294967295
62.0333 4294967295
62.0333 4294967295
62.0369 4294967295
62.0369 4294967295
62.0369 4294967295
62.2724 4294967295
62.276 4294967295
62.2796 4294967295
62.3488 4294967295
62.3524 4294967295
62.356 4294967295
62.3596 4294967295
62.3668 4294967295
62.3704 4294967295
62.3704 4294967295
62.374 4294967295
62.374 4294967295
62.3776 4294967295
62.3776 4294967295
62.3776 4294967295
62.4828 4294967295
62.4828 4294967295
62.4864 4294967295
62.4936 4294967295
62.5008 4294967295
62.5044 4294967295
62.508 4294967295
62.5116 4294967295
62.5116 4294967295
62.5116 4294967295
62.5776 4294967295
62.5808 4294967295
62.8936 4294967295
