0.114139 476
0.117738 952
0.121336 1428
0.124935 1904
0.128534 2380
0.132132 2856
0.135731 3332
0.13933 3808
0.142928 4284
0.146527 4760
0.218851 4284
0.218851 4760
0.222449 5236
0.226037 4284
0.226048 4760
0.229647 5236
0.233234 4284
0.233245 4760
0.236844 5236
0.240432 4284
0.240443 4760
0.244041 5236
0.247629 4284
0.24764 4760
0.251238 5236
0.254837 5712
0.258436 6188
0.262034 6664
0.265633 7140
0.269232 7616
0.27283 8092
0.276429 8568
0.280027 9044
0.323552 8092
0.323552 8568
0.32715 9044
0.330749 8092
0.330749 8568
0.334347 9044
0.337946 8092
0.337946 8568
0.341545 9044
0.345153 8568
0.345153 9044
0.348752 8568
0.348752 9044
0.35235 8092
0.35235 8568
0.355949 9044
0.355949 8568
0.359547 8092
0.363146 7616
0.370353 7140
0.373952 6664
0.37755 5712
0.381149 5236
0.384747 4760
0.428272 4284
0.43187 3808
0.435469 3332
0.439067 2856
0.442666 2380
0.446265 1904
0.449873 1428
0.449873 1904
0.453472 1428
0.453472 1904
0.457061 1428
0.45707 1904
0.460659 1428
0.460669 1904
0.464267 2380
0.467866 2856
0.471465 3332
0.475063 3808
0.554574 3332
0.554574 3808
0.558172 4284
0.561761 3808
0.561771 4284
0.56537 4760
0.56537 3808
0.568968 4284
0.572567 4760
0.572567 3808
0.576165 4284
0.579764 4760
0.579764 3808
0.583363 4284
0.586961 4760
0.59056 5236
0.594159 5712
0.597757 6188
0.601356 6664
0.604954 7140
0.608553 7616
0.612152 8092
0.61575 8568
0.619349 9044
0.622948 9520
0.662873 8568
0.662873 9044
0.666472 9520
0.673679 9044
0.673679 9520
0.673679 9044
0.677277 9520
0.677277 9044
0.680876 9520
0.680876 8568
0.684475 9044
0.684475 8568
0.688073 9044
0.688073 8568
0.691672 8092
0.69527 7616
0.702477 7140
0.706076 6664
0.709674 5712
0.713273 5236
0.716872 4760
0.72047 4284
0.724069 3808
0.727668 3332
0.767593 2856
0.771192 2380
0.778399 1904
0.781997 1428
0.781997 1904
0.785596 1428
0.785596 1904
0.789185 1428
0.789195 1904
0.792784 1428
0.792793 1904
0.796392 2380
0.79999 2856
0.803589 3332
0.807188 3808
0.886698 3332
0.886698 3808
0.890297 4284
0.893886 3808
0.893895 4284
0.897494 4760
0.897494 3808
0.901093 4284
0.904691 4760
0.904691 3808
0.90829 4284
0.911888 4760
0.911888 3808
0.915487 4284
0.919086 4760
0.922684 5236
0.926283 5712
0.929882 6188
0.93348 6664
0.937079 7140
0.940677 7616
0.944276 8092
0.947875 8568
0.951473 9044
0.955072 9520
0.998606 9044
0.998606 9520
0.998606 9044
1.0022 9520
1.00581 9044
1.00581 9520
1.00941 8568
1.00941 9044
1.01301 9520
1.01301 8568
1.01661 9044
1.01661 8568
1.02021 8092
1.02381 7616
1.0274 7140
1.031 6664
1.0346 6188
1.0382 5712
1.0418 5236
1.0454 4760
1.049 4284
1.05259 3808
1.05619 3332
1.05979 2856
1.10333 2380
1.10692 1904
1.11053 1428
1.11053 1904
1.11412 1428
1.11413 1904
1.11772 1428
1.11773 1904
1.21524 1428
1.21524 1904
1.21882 1428
1.21884 1904
1.22243 952
1.22244 1428
1.22604 1904
1.22964 2380
1.23324 2856
1.23683 3332
1.24043 3808
1.24403 4284
1.24763 4760
1.25123 5236
1.25483 5712
1.25843 6188
1.26203 6664
1.26562 7140
1.26922 7616
1.27282 8092
1.27642 8568
1.28002 9044
1.28362 9520
1.28722 9996
1.32354 9044
1.32354 9520
1.32714 9996
1.33074 9044
1.33074 9520
1.33434 9996
1.33794 9044
1.33794 9520
1.34154 9996
1.34513 9044
1.34513 9520
1.34873 9996
1.35233 9044
1.35233 9520
1.35593 9996
1.35953 9044
1.35953 9520
1.36313 9996
1.36673 9044
1.36673 9520
1.37032 9996
1.37392 9044
1.37392 9520
1.37752 9996
1.38112 9044
1.38112 9520
1.38472 9996
1.38832 9044
1.38832 9520
1.39192 9996
1.42824 9044
1.42824 9520
1.43184 9996
1.43544 9044
1.43544 9520
1.43904 9996
1.44264 9044
1.44264 9520
1.44624 9996
1.44983 9044
1.44983 9520
1.45343 9996
1.45703 9044
1.45703 9520
1.46063 9996
1.46784 9520
1.46784 9996
1.46784 9520
1.47144 9996
1.47144 9520
1.47503 9996
1.47503 9044
1.47863 9520
1.47863 9044
1.48223 9520
1.48223 9044
1.48583 8568
1.49304 8092
1.49664 7616
1.53296 6664
1.53656 6188
1.54016 5712
1.54376 5236
1.54736 4760
1.55096 4284
1.55455 3808
1.55815 3332
1.56175 2856
1.56535 2380
1.57256 1904
1.57616 1428
1.57616 1904
1.57975 1428
1.57975 1904
1.58334 1428
1.58335 1904
1.58694 1428
1.58695 1904
1.59055 2380
1.59415 2856
1.59775 3332
1.68447 2856
1.68804 2380
1.68804 2856
1.69164 3332
1.69165 2380
1.69524 2856
1.69884 3332
1.69885 2380
1.70244 2856
1.70604 3332
1.70964 3808
1.71324 4284
1.71683 4760
1.72043 5236
1.72403 5712
1.72763 6188
1.73123 6664
1.73483 7140
1.73843 7616
1.74202 8092
1.74562 8568
1.74922 9044
1.75282 9520
1.75642 9996
1.79275 9044
1.79275 9520
1.79634 9996
1.79994 9044
1.79994 9520
1.80354 9996
1.80714 9044
1.80714 9520
1.81074 9996
1.81434 9044
1.81434 9520
1.81794 9996
1.82153 9044
1.82153 9520
1.82513 9996
1.82873 9044
1.82873 9520
1.83233 9996
1.83593 9044
1.83593 9520
1.83953 9996
1.84313 9044
1.84313 9520
1.84672 9996
1.85032 9044
1.85032 9520
1.85392 9996
1.85752 9044
1.85752 9520
1.86112 9996
1.89745 9044
1.89745 9520
1.90104 9996
1.90464 9044
1.90464 9520
1.90824 9996
1.91184 9044
1.91184 9520
1.91544 9996
1.91904 9044
1.91904 9520
1.92264 9996
1.92624 9044
1.92624 9520
1.92983 9996
1.93343 9044
1.93343 9520
1.93703 9996
1.94063 9044
1.94063 9520
1.94423 9996
1.94783 9044
1.94783 9520
1.95143 9996
1.95502 9044
1.95502 9520
1.95862 9996
1.96222 9044
1.96222 9520
1.96582 9996
2.00215 9044
2.00215 9520
2.00575 9996
2.00934 9044
2.00934 9520
2.01294 9996
2.01654 9044
2.01654 9520
2.02014 9996
2.02374 9044
2.02374 9520
2.02734 9996
2.03094 9044
2.03094 9520
2.03453 9996
2.03813 9044
2.03813 9520
2.04173 9996
2.04533 9044
2.04533 9520
2.04893 9996
2.05254 9520
2.05254 9996
2.05614 9520
2.05614 9996
2.05973 9044
2.05973 9520
2.06333 9996
2.06333 9520
2.06693 9044
2.07053 8568
2.10686 8092
2.11766 7140
2.11766 7616
2.12126 6664
2.12486 6188
2.12846 5712
2.13206 5236
2.13566 4760
2.13925 4284
2.14285 3808
2.14645 3332
2.15005 2856
2.15365 2380
2.15726 1904
2.16086 1428
2.16086 1904
2.16445 1428
2.16445 1904
2.16804 1428
2.16805 1904
2.17165 2380
2.17525 2856
2.17885 3332
2.18245 3808
2.18605 4284
2.22237 3808
2.26556 3332
2.26556 3808
2.26916 4284
2.27275 4760
2.27275 3808
2.27635 4284
2.27995 4760
2.27995 3808
2.28355 4284
2.28715 4760
2.28715 3808
2.29075 4284
2.29435 4760
2.29794 5236
2.30154 5712
2.30514 6188
2.30874 6664
2.31234 7140
2.31594 7616
2.31954 8092
2.32313 8568
2.32673 9044
2.33033 9520
2.33393 9996
2.33753 10472
2.37026 9520
2.37026 9996
2.37386 10472
2.37745 9520
2.37745 9996
2.38105 10472
2.38465 9520
2.38465 9996
2.38825 10472
2.39185 9520
2.39185 9996
2.39545 10472
2.39905 9520
2.39905 9996
2.40265 10472
2.40624 9520
2.40624 9996
2.40984 10472
2.41344 9520
2.41344 9996
2.41704 10472
2.42064 9520
2.42064 9996
2.42424 10472
2.42784 9520
2.42784 9996
2.43143 10472
2.44223 8568
2.44223 9044
2.44583 9520
2.44943 9996
2.45303 10472
2.48575 8568
2.48575 9044
2.48935 9520
2.49295 9996
2.49295 9044
2.49655 9520
2.50015 9996
2.50015 9044
2.50375 9520
2.50735 9996
2.50735 9044
2.51094 9520
2.51454 9996
2.51454 9044
2.51814 9520
2.52174 9996
2.52174 9044
2.52534 9520
2.52894 9996
2.52894 9044
2.53254 9520
2.53614 9996
2.53614 9044
2.53973 9520
2.54333 9996
2.54693 10472
2.55053 9520
2.55053 9996
2.55413 10472
2.55773 9520
2.55773 9996
2.56133 10472
2.59405 9520
2.59405 9996
2.59765 10472
2.60125 9520
2.60125 9996
2.60485 10472
2.60845 9520
2.60845 9996
2.61205 10472
2.61565 9520
2.61565 9996
2.61924 10472
2.62284 9520
2.62284 9996
2.62644 10472
2.63004 9520
2.63004 9996
2.63364 10472
2.63724 9520
2.63724 9996
2.64084 10472
2.65163 8568
2.65163 9044
2.65523 9520
2.65883 9996
2.65883 9044
2.66243 9520
2.66603 9996
2.66603 9044
2.66962 9520
2.67322 9996
2.67682 10472
2.70235 9520
2.70235 9996
2.70595 10472
2.70955 9520
2.70955 9996
2.71315 10472
2.71675 9520
2.71675 9996
2.72035 10472
2.72394 9520
2.72394 9996
2.72754 10472
2.73114 9520
2.73114 9996
2.73474 10472
2.73834 9520
2.73834 9996
2.74194 10472
2.74554 9520
2.74554 9996
2.74914 10472
2.75993 9520
2.75993 9996
2.76353 10472
2.77433 8568
2.77433 9044
2.77792 9520
2.78152 9996
2.78152 9044
2.78512 9520
2.78872 9996
2.79232 10472
2.81065 9520
2.81065 9996
2.81425 10472
2.81785 9520
2.81785 9996
2.82145 10472
2.82505 9520
2.82505 9996
2.82865 10472
2.83224 9520
2.83224 9996
2.83584 10472
2.84305 9996
2.84305 10472
2.84305 9996
2.84665 10472
2.84665 9996
2.85025 10472
2.85025 9520
2.85385 9996
2.85744 10472
2.86464 9520
2.86824 9996
2.86824 9520
2.87184 9996
2.87544 10472
2.87904 9996
2.88263 9520
2.88623 9044
2.88983 8568
2.89343 8092
2.89703 7616
2.91536 7140
2.91896 6664
2.92256 6188
2.92616 5712
2.92976 5236
2.93336 4760
2.93695 4284
2.94776 3332
2.94776 3808
2.95136 3332
2.95496 2856
2.95855 2380
2.96934 1904
2.96934 2380
2.97294 2856
2.97654 3332
2.97654 2380
2.98014 2856
2.98374 3332
2.98734 3808
2.99093 4284
2.99453 4760
2.99813 5236
3.00173 5712
3.00533 6188
3.00893 6664
3.01253 7140
3.01612 7616
3.01972 8092
3.02332 8568
3.02692 9044
3.03052 9520
3.03412 9996
3.03772 10472
3.04131 10948
3.04491 11424
3.05246 10472
3.05246 10948
3.05606 11424
3.07764 10472
3.07764 10948
3.08124 11424
3.08484 10472
3.08484 10948
3.08844 11424
3.09204 10472
3.09204 10948
3.09563 11424
3.09923 10472
3.09923 10948
3.10283 11424
3.10643 10472
3.10643 10948
3.11003 11424
3.11363 10472
3.11363 10948
3.11723 11424
3.12083 10472
3.12083 10948
3.12442 11424
3.12802 10472
3.12802 10948
3.13162 11424
3.13522 10472
3.13522 10948
3.13882 11424
3.14242 10472
3.14242 10948
3.14602 11424
3.14961 10472
3.14961 10948
3.15321 11424
3.16076 10472
3.16076 10948
3.16436 11424
3.18594 10472
3.18594 10948
3.18954 11424
3.19314 10472
3.19314 10948
3.19674 11424
3.20034 10472
3.20034 10948
3.20393 11424
3.20753 10472
3.20753 10948
3.21113 11424
3.21473 10472
3.21473 10948
3.21833 11424
3.22554 10472
3.22554 10948
3.22913 11424
3.22913 10472
3.23273 10948
3.23273 10472
3.23633 10948
3.23633 10472
3.23993 9996
3.24353 9520
3.24713 9044
3.25073 8568
3.25432 8092
3.25792 7616
3.26547 7140
3.26907 6664
3.29065 6188
3.29425 5712
3.29785 5236
3.30145 4760
3.30505 4284
3.30864 3808
3.31224 3332
3.31584 2856
3.31944 2380
3.32304 1904
3.33025 1428
3.33025 1904
3.33384 1428
3.33384 1904
3.33743 1428
3.33744 1904
3.34104 2380
3.34464 2856
3.34824 3332
3.35184 3808
3.35544 4284
3.35904 4760
3.36263 5236
3.36623 5712
3.36983 6188
3.37343 6664
3.37703 7140
3.38063 7616
3.38423 8092
3.38782 8568
3.39142 9044
3.39502 9520
3.39862 9996
3.40222 10472
3.40582 10948
3.40942 11424
3.43495 10472
3.43495 10948
3.43855 11424
3.44214 10472
3.44214 10948
3.44574 11424
3.44934 10472
3.44934 10948
3.45294 11424
3.45654 10472
3.45654 10948
3.46014 11424
3.46374 10472
3.46374 10948
3.46733 11424
3.47093 10472
3.47093 10948
3.47453 11424
3.47813 10472
3.47813 10948
3.48173 11424
3.48533 10472
3.48533 10948
3.48893 11424
3.49252 10472
3.49252 10948
3.49612 11424
3.49972 10472
3.49972 10948
3.50332 11424
3.50692 10472
3.50692 10948
3.51052 11424
3.51412 10472
3.51412 10948
3.51772 11424
3.54325 10472
3.54325 10948
3.54684 11424
3.55044 10472
3.55044 10948
3.55404 11424
3.55764 10472
3.55764 10948
3.56124 11424
3.56484 10472
3.56484 10948
3.56844 11424
3.57204 10472
3.57204 10948
3.57563 11424
3.57923 10472
3.57923 10948
3.58283 11424
3.58643 10472
3.58643 10948
3.59003 11424
3.59363 10472
3.59363 10948
3.59723 11424
3.60082 10472
3.60082 10948
3.60442 11424
3.60802 10472
3.60802 10948
3.61162 11424
3.61522 10472
3.61522 10948
3.61882 11424
3.62242 10472
3.62242 10948
3.62601 11424
3.65155 10472
3.65155 10948
3.65514 11424
3.65874 10472
3.65874 10948
3.66234 11424
3.66594 10472
3.66594 10948
3.66954 11424
3.67314 10472
3.67314 10948
3.67674 11424
3.68033 10472
3.68033 10948
3.68393 11424
3.68753 10472
3.68753 10948
3.69113 11424
3.69473 10472
3.69473 10948
3.69833 11424
3.70193 10472
3.70193 10948
3.70553 11424
3.70912 10472
3.70912 10948
3.71272 11424
3.71632 10472
3.71632 10948
3.71992 11424
3.72352 10472
3.72352 10948
3.72712 11424
3.73072 10472
3.73072 10948
3.73431 11424
3.75985 10472
3.75985 10948
3.76344 11424
3.76704 10472
3.76704 10948
3.77064 11424
3.77424 10472
3.77424 10948
3.77784 11424
3.78144 10472
3.78144 10948
3.78504 11424
3.78863 10472
3.78863 10948
3.79223 11424
3.79583 10472
3.79583 10948
3.79943 11424
3.80303 10472
3.80303 10948
3.80663 11424
3.81023 10472
3.81023 10948
3.81382 11424
3.81742 10472
3.81742 10948
3.82102 11424
3.82462 10472
3.82462 10948
3.82822 11424
3.83182 10472
3.83182 10948
3.83542 11424
3.83901 10472
3.83901 10948
3.84261 11424
3.86814 10472
3.86814 10948
3.87174 11424
3.87534 10472
3.87534 10948
3.87894 11424
3.88254 10472
3.88254 10948
3.88614 11424
3.88974 10472
3.88974 10948
3.89333 11424
3.90054 10948
3.90054 11424
3.90054 10948
3.90414 11424
3.90414 10948
3.90774 11424
3.90774 10472
3.91134 10948
3.91134 10472
3.91494 10948
3.91494 10472
3.91853 9996
3.92213 9520
3.92573 9044
3.92933 8568
3.93653 7616
3.93653 8092
3.94013 7616
3.94373 7140
3.94732 6664
3.97285 6188
3.97645 5712
3.98005 5236
3.98365 4760
3.98725 4284
3.99085 3808
3.99445 3332
3.99805 2856
4.00525 2380
4.00885 1904
4.01245 1428
4.01245 1904
4.01604 1428
4.01605 1904
4.01965 2380
4.02325 2856
4.02684 3332
4.03044 3808
4.03404 4284
4.03764 4760
4.04123 3808
4.04124 4284
4.04484 4760
4.04844 5236
4.05203 5712
4.05563 6188
4.05923 6664
4.06283 7140
4.06643 7616
4.07003 8092
4.07363 8568
4.07722 9044
4.08082 9520
4.08442 9996
4.08802 10472
4.09162 10948
4.09522 11424
4.12075 10472
4.12075 10948
4.12435 11424
4.12795 10472
4.12795 10948
4.13154 11424
4.13514 10472
4.13514 10948
4.13874 11424
4.14234 10472
4.14234 10948
4.14594 11424
4.14954 10472
4.14954 10948
4.15314 11424
4.15674 10472
4.15674 10948
4.16033 11424
4.16393 10472
4.16393 10948
4.16753 11424
4.17113 10472
4.17113 10948
4.17473 11424
4.17833 10472
4.17833 10948
4.18193 11424
4.18552 10472
4.18552 10948
4.18912 11424
4.19272 10472
4.19272 10948
4.19632 11424
4.19992 10472
4.19992 10948
4.20352 11424
4.22905 10472
4.22905 10948
4.23265 11424
4.23625 10472
4.23625 10948
4.23984 11424
4.24344 10472
4.24344 10948
4.24704 11424
4.26145 10948
4.26145 11424
4.26145 10948
4.26504 11424
4.26504 10948
4.26864 11424
4.26864 9520
4.26864 9996
4.27224 10472
4.27224 9996
4.27584 9520
4.27944 9044
4.28304 8568
4.28664 8092
4.29023 7616
4.29383 7140
4.29743 6664
4.30103 6188
4.30463 5712
4.30823 5236
4.33737 4760
4.34097 4284
4.34456 3332
4.34816 2856
4.35176 2380
4.36617 1904
4.36976 1428
4.36976 1904
4.37336 1428
4.37336 1904
4.37379 1428
4.37696 1904
4.37696 1428
4.38056 1904
4.47447 1428
4.47806 952
4.47807 1428
4.48167 1904
4.48209 1428
4.48527 1904
4.48887 2380
4.49247 2856
4.49607 3332
4.49966 3808
4.50326 4284
4.50686 4760
4.51046 5236
4.51406 5712
4.51766 6188
4.52126 6664
4.52486 7140
4.52845 7616
4.53205 8092
4.53565 8568
4.53925 9044
4.54285 9520
4.54645 9996
4.55005 10472
4.55364 10948
4.55724 11424
4.56084 11900
4.57918 11424
4.57918 11900
4.58637 10948
4.58637 11424
4.58997 11900
4.59357 10948
4.59357 11424
4.59717 11900
4.60078 11424
4.60078 11900
4.60438 11424
4.60438 11900
4.60797 10948
4.60797 11424
4.61157 11900
4.61157 11424
4.61517 10948
4.61877 10472
4.62237 9996
4.62597 9520
4.63317 9044
4.63677 8568
4.64037 7616
4.64397 7140
4.64757 6664
4.65117 6188
4.65477 5712
4.65836 5236
4.66196 4760
4.66556 4284
4.6839 3808
4.69109 3332
4.69469 2856
4.69829 2380
4.70189 1904
4.7055 1428
4.7055 1904
4.7091 1428
4.7091 1904
4.71268 1428
4.71269 1904
4.71628 1428
4.71629 1904
4.71989 2380
4.72349 2856
4.72709 3332
4.73069 3808
4.73429 4284
4.73788 4760
4.8102 4284
4.8102 4760
4.8138 5236
4.81739 4760
4.81739 5236
4.82099 5712
4.82099 4760
4.82459 5236
4.82819 5712
4.82819 4760
4.83179 5236
4.83539 5712
4.83539 4760
4.83899 5236
4.84259 5712
4.84259 4760
4.84618 5236
4.84978 5712
4.85338 6188
4.85698 6664
4.86058 7140
4.86418 7616
4.86778 8092
4.87137 8568
4.87497 9044
4.87857 9520
4.88217 9996
4.88577 10472
4.88937 10948
4.89297 11424
4.89656 11900
4.90016 12376
4.9185 11424
4.9185 11900
4.9221 12376
4.92569 11424
4.92569 11900
4.92929 12376
4.9365 11900
4.9365 12376
4.9365 11900
4.9401 12376
4.9437 10948
4.9437 11424
4.9473 11900
4.9473 11424
4.95089 11900
4.95089 11424
4.95449 11900
4.95449 11424
4.9617 10948
4.9653 10472
4.9689 9520
4.9725 9044
4.9797 8568
4.9833 8092
4.9869 7140
4.9941 6664
4.9977 6188
5.00129 5236
5.00489 4760
5.02323 4284
5.02683 3808
5.03402 2856
5.04123 2380
5.04483 1904
5.05203 2380
5.05203 1904
5.05562 2380
5.05562 1904
5.05922 1428
5.05922 1904
5.15315 1428
5.15674 952
5.15675 1428
5.16034 1904
5.16393 1428
5.16394 1904
5.24843 0
5.24843 476
5.25786 952
5.26144 0
5.26146 476
5.26504 0
5.26505 476
5.26865 952
5.27225 1428
5.27585 1904
5.35313 1428
5.35313 1904
5.37695 952
5.37695 1428
5.38055 1904
5.45783 952
5.45783 1428
5.46143 1904
5.48526 1428
5.48526 1904
5.56254 1428
5.56254 1904
5.56614 952
5.56614 1428
5.56974 1904
5.58997 1428
5.58997 1904
5.66443 0
5.66443 476
5.67084 0
5.67084 476
5.67444 952
5.67804 1428
5.68163 1904
5.68523 2380
5.68883 2856
5.69243 3332
5.69467 2380
5.69603 2856
5.69963 3332
5.70323 3808
5.90127 0
5.90127 476
6.31446 0
6.31446 476
7.14085 0
7.14085 476
8.79363 0
8.79363 476
12.0992 0
12.0992 476
18.7103 0
18.7103 476
31.9325 0
