0.114139 476
0.117738 952
0.121336 1428
0.124935 1904
0.128534 2380
0.132132 2856
0.135731 3332
0.13933 3808
0.142928 4284
0.146527 4760
0.218851 4284
0.218851 4760
0.222449 5236
0.226037 4284
0.226048 4760
0.229647 5236
0.233234 4284
0.233245 4760
0.236844 5236
0.240432 4284
0.240443 4760
0.244041 5236
0.247629 4284
0.24764 4760
0.251238 5236
0.254837 5712
0.258436 6188
0.262034 6664
0.265633 7140
0.269232 7616
0.27283 8092
0.276429 8568
0.280027 9044
0.323552 8092
0.323552 8568
0.32715 9044
0.330749 8092
0.330749 8568
0.334347 9044
0.337946 8092
0.337946 8568
0.341545 9044
0.348752 8568
0.348752 9044
0.348752 8568
0.35235 9044
0.35235 8568
0.355949 9044
0.355949 8092
0.359547 8568
0.359547 8092
0.363146 8568
0.363146 8092
0.366745 7616
0.370343 7140
0.37755 6664
0.381149 6188
0.384747 5236
0.428272 4760
0.43187 4284
0.435469 3808
0.439067 3332
0.442666 2856
0.446265 2380
0.453472 1904
0.45707 1428
0.45707 1904
0.460669 1428
0.460669 1904
0.464258 1428
0.464267 1904
0.467856 1428
0.467866 1904
0.471465 2380
0.475063 2856
0.478662 3332
0.482261 3808
0.561771 3332
0.561771 3808
0.56537 4284
0.568959 3808
0.568968 4284
0.572567 4760
0.572567 3808
0.576165 4284
0.579764 4760
0.579764 3808
0.583363 4284
0.586961 4760
0.586961 3808
0.59056 4284
0.594159 4760
0.597757 5236
0.601356 5712
0.604954 6188
0.608553 6664
0.612152 7140
0.61575 7616
0.619349 8092
0.622948 8568
0.626546 9044
0.67007 8092
0.67007 8568
0.673669 9044
0.677268 8092
0.677268 8568
0.680866 9044
0.684475 8568
0.684475 9044
0.688073 8568
0.688073 9044
0.691672 8092
0.691672 8568
0.69527 9044
0.69527 8568
0.698869 8092
0.702468 7616
0.706066 7140
0.709665 6664
0.716872 6188
0.72047 5712
0.724069 4760
0.727668 4284
0.731266 3808
0.77479 3332
0.778389 2856
0.781988 2380
0.785586 1904
0.789195 1428
0.789195 1904
0.792793 1428
0.792793 1904
0.796382 1428
0.796392 1904
0.799981 1428
0.79999 1904
0.803589 2380
0.807188 2856
0.810786 3332
0.814385 3808
0.817983 4284
0.821582 4760
0.893895 4284
0.893895 4760
0.897494 5236
0.901083 4760
0.901093 5236
0.904691 5712
0.904691 4760
0.90829 5236
0.911888 5712
0.911888 4760
0.915487 5236
0.919086 5712
0.919086 4760
0.922684 5236
0.926283 5712
0.926283 4760
0.929882 5236
0.93348 5712
0.937079 6188
0.940677 6664
0.944276 7140
0.947875 7616
0.951473 8092
0.955072 8568
0.958671 9044
0.962269 9520
1.00219 8568
1.00219 9044
1.00579 9520
1.013 9044
1.013 9520
1.013 9044
1.0166 9520
1.02021 9044
1.02021 9520
1.02381 8568
1.02381 9044
1.0274 9520
1.0274 8568
1.031 9044
1.031 8568
1.0346 8092
1.0382 7616
1.0418 7140
1.0454 6664
1.049 6188
1.05259 5712
1.05619 5236
1.05979 4760
1.06339 4284
1.06699 3808
1.10691 3332
1.11051 2856
1.11772 2380
1.12493 1428
1.12493 1904
1.12852 1428
1.12853 1904
1.13211 1428
1.13212 1904
1.1357 1428
1.13572 1904
1.13932 2380
1.14292 2856
1.14652 3332
1.15012 3808
1.15372 4284
1.15731 4760
1.16091 5236
1.16451 5712
1.16811 6188
1.17171 6664
1.17531 7140
1.17891 7616
1.18251 8092
1.1861 8568
1.1897 9044
1.1933 9520
1.1969 9996
1.23322 9520
1.23322 9996
1.23683 9044
1.23683 9520
1.24042 9996
1.24402 9044
1.24402 9520
1.24762 9996
1.25122 9044
1.25122 9520
1.25482 9996
1.25842 9044
1.25842 9520
1.26202 9996
1.26561 9044
1.26561 9520
1.26921 9996
1.27281 9044
1.27281 9520
1.27641 9996
1.28001 9044
1.28001 9520
1.28361 9996
1.28721 9044
1.28721 9520
1.2908 9996
1.2944 9044
1.2944 9520
1.298 9996
1.3016 9044
1.3016 9520
1.3052 9996
1.34153 9044
1.34153 9520
1.34512 9996
1.34872 9044
1.34872 9520
1.35232 9996
1.35592 9044
1.35592 9520
1.35952 9996
1.36312 9044
1.36312 9520
1.36672 9996
1.37031 9044
1.37031 9520
1.37391 9996
1.37751 9044
1.37751 9520
1.38111 9996
1.38471 9044
1.38471 9520
1.38831 9996
1.40271 9520
1.40271 9996
1.40271 8568
1.40631 9044
1.40631 8568
1.40991 9044
1.40991 8092
1.41351 8568
1.41711 9044
1.42071 9520
1.4243 9996
1.44624 9520
1.44983 9996
1.44983 9520
1.45343 9044
1.45703 8568
1.46063 8092
1.46423 7616
1.46783 7140
1.47143 6664
1.47503 6188
1.47862 5712
1.48222 5236
1.48582 4760
1.48942 4284
1.49302 3808
1.50742 3332
1.51102 2856
1.51462 2380
1.51821 1904
1.52541 952
1.529 1428
1.5326 1904
1.55094 1428
1.55094 1904
1.55454 2380
1.55813 2856
1.56173 3332
1.56533 3808
1.56893 4284
1.57253 4760
1.57613 5236
1.57973 5712
1.58332 6188
1.58692 6664
1.59052 7140
1.59412 7616
1.59772 8092
1.60132 8568
1.60492 9044
1.60852 9520
1.61211 9996
1.61571 10472
1.62291 9996
1.62291 10472
1.6373 9520
1.6373 9996
1.6409 10472
1.65924 9520
1.65924 9996
1.66284 10472
1.66643 9520
1.66643 9996
1.67003 10472
1.67363 9520
1.67363 9996
1.67723 10472
1.68083 9520
1.68083 9996
1.68443 10472
1.68803 9520
1.68803 9996
1.69162 10472
1.69522 9520
1.69522 9996
1.69882 10472
1.70242 9520
1.70242 9996
1.70602 10472
1.70962 9520
1.70962 9996
1.71322 10472
1.71681 9520
1.71681 9996
1.72041 10472
1.72761 9520
1.72761 9996
1.73121 10472
1.7456 9520
1.7456 9996
1.7492 10472
1.76754 9520
1.76754 9996
1.77113 10472
1.77473 9520
1.77473 9996
1.77833 10472
1.78193 9520
1.78193 9996
1.78553 10472
1.78913 9520
1.78913 9996
1.79273 10472
1.79632 9520
1.79632 9996
1.79992 10472
1.80352 9520
1.80352 9996
1.80712 10472
1.81072 9520
1.81072 9996
1.81432 10472
1.81792 9520
1.81792 9996
1.82152 10472
1.82511 9520
1.82511 9996
1.82871 10472
1.83591 9520
1.83591 9996
1.83951 10472
1.8539 9520
1.8539 9996
1.8575 10472
1.87584 9520
1.87584 9996
1.87943 10472
1.89023 8568
1.89023 9044
1.89383 9520
1.89743 9996
1.89743 9044
1.90103 9520
1.90462 9996
1.90462 9044
1.90822 9520
1.91182 9996
1.91182 9044
1.91542 9520
1.91902 9996
1.91902 9044
1.92262 9520
1.92622 9996
1.92622 9044
1.92981 9520
1.93341 9996
1.93341 9044
1.93701 9520
1.94061 9996
1.94421 10472
1.94421 9520
1.94781 9996
1.95141 10472
1.9622 9520
1.9622 9996
1.9658 10472
1.98413 9520
1.98413 9996
1.98773 10472
1.99853 9520
1.99853 9996
2.00213 10472
2.00933 9996
2.00933 10472
2.00933 9996
2.01293 10472
2.01293 9996
2.01653 10472
2.02013 9044
2.02013 9520
2.02373 9996
2.02373 9520
2.02733 9996
2.02733 9520
2.03093 9044
2.03453 8568
2.03812 8092
2.04172 7616
2.04532 7140
2.04892 6664
2.05252 6188
2.05612 5712
2.06691 5236
2.07051 4760
2.08885 4284
2.09244 3808
2.10324 3332
2.10684 2856
2.11405 2380
2.11764 1904
2.12124 1428
2.12124 1904
2.12483 1428
2.12484 1904
2.12885 1428
2.12885 1904
2.13245 2380
2.13605 2856
2.13965 3332
2.14325 3808
2.14685 4284
2.15045 4760
2.15404 5236
2.15764 5712
2.16124 6188
2.16484 6664
2.16844 7140
2.17204 7616
2.17564 8092
2.17923 8568
2.18283 9044
2.18643 9520
2.19003 9996
2.19363 10472
2.22594 9520
2.22594 9996
2.22954 10472
2.23355 9520
2.23355 9996
2.23715 10472
2.24075 9520
2.24075 9996
2.24435 10472
2.24795 9520
2.24795 9996
2.25155 10472
2.25515 9520
2.25515 9996
2.25875 10472
2.26234 9520
2.26234 9996
2.26594 10472
2.26954 9520
2.26954 9996
2.27314 10472
2.27674 9520
2.27674 9996
2.28034 10472
2.28394 9520
2.28394 9996
2.28753 10472
2.29833 8568
2.29833 9044
2.30193 9520
2.30553 9996
2.30913 10472
2.34185 8568
2.34185 9044
2.34545 9520
2.34905 9996
2.34905 9044
2.35265 9520
2.35625 9996
2.35625 9044
2.35985 9520
2.36345 9996
2.36345 9044
2.36704 9520
2.37064 9996
2.37064 9044
2.37424 9520
2.37784 9996
2.37784 9044
2.38144 9520
2.38504 9996
2.38504 9044
2.38864 9520
2.39223 9996
2.39223 9044
2.39583 9520
2.39943 9996
2.40303 10472
2.40663 9520
2.40663 9996
2.41023 10472
2.41383 9520
2.41383 9996
2.41743 10472
2.45015 9520
2.45015 9996
2.45375 10472
2.45735 9520
2.45735 9996
2.46095 10472
2.46455 9520
2.46455 9996
2.46815 10472
2.47175 9520
2.47175 9996
2.47534 10472
2.47894 9520
2.47894 9996
2.48254 10472
2.48614 9520
2.48614 9996
2.48974 10472
2.49334 9520
2.49334 9996
2.49694 10472
2.50053 9520
2.50053 9996
2.50413 10472
2.50773 9520
2.50773 9996
2.51133 10472
2.51493 9520
2.51493 9996
2.51853 10472
2.52213 9520
2.52213 9996
2.52572 10472
2.55845 9520
2.55845 9996
2.56205 10472
2.56565 9520
2.56565 9996
2.56925 10472
2.57285 9520
2.57285 9996
2.57645 10472
2.58004 9520
2.58004 9996
2.58364 10472
2.58724 9520
2.58724 9996
2.59084 10472
2.59444 9520
2.59444 9996
2.59804 10472
2.60164 9520
2.60164 9996
2.60524 10472
2.60883 9520
2.60883 9996
2.61243 10472
2.61603 9520
2.61603 9996
2.61963 10472
2.62323 9520
2.62323 9996
2.62683 10472
2.63043 9520
2.63043 9996
2.63402 10472
2.67395 8568
2.67395 9044
2.67755 9520
2.68115 9996
2.68115 9044
2.68475 9520
2.68834 9996
2.69194 10472
2.69195 9996
2.69195 9520
2.69554 9996
2.69555 9520
2.69914 9996
2.69915 9044
2.70274 9520
2.70275 9044
2.70634 9520
2.70635 9044
2.70995 8568
2.71354 8092
2.71714 7616
2.72074 7140
2.72434 6664
2.72794 6188
2.73515 5712
2.73874 5236
2.77867 4284
2.78588 3808
2.78948 3332
2.79307 2380
2.79667 1904
2.80027 1428
2.80027 1904
2.80387 1428
2.80387 1904
2.80746 1428
2.80747 1904
2.81106 1428
2.81107 1904
2.81467 2380
2.81826 2856
2.82186 3332
2.82546 3808
2.82906 4284
2.90498 3808
2.90857 3332
2.90858 3808
2.91218 4284
2.91577 3332
2.91578 3808
2.91938 4284
2.92297 3332
2.92297 3808
2.92657 4284
2.93016 3332
2.93017 3808
2.93377 4284
2.93737 4760
2.94097 5236
2.94457 5712
2.94816 6188
2.95176 6664
2.95536 7140
2.95896 7616
2.96256 8092
2.96616 8568
2.96976 9044
2.97336 9520
2.97695 9996
2.98055 10472
3.00968 9996
3.00968 10472
3.01688 9520
3.01688 9996
3.02048 10472
3.02408 9520
3.02408 9996
3.02768 10472
3.03127 9520
3.03127 9996
3.03487 10472
3.03847 9520
3.03847 9996
3.04207 10472
3.04567 9520
3.04567 9996
3.04927 10472
3.05287 9520
3.05287 9996
3.05646 10472
3.06006 9520
3.06006 9996
3.06366 10472
3.06726 9520
3.06726 9996
3.07086 10472
3.07446 9520
3.07446 9996
3.07806 10472
3.08165 9520
3.08165 9996
3.08525 10472
3.11438 9520
3.11438 9996
3.11798 10472
3.12518 9520
3.12518 9996
3.12878 10472
3.13238 9520
3.13238 9996
3.13597 10472
3.13957 9520
3.13957 9996
3.14317 10472
3.14677 9520
3.14677 9996
3.15037 10472
3.15397 9520
3.15397 9996
3.15757 10472
3.16117 9520
3.16117 9996
3.16476 10472
3.16836 9520
3.16836 9996
3.17196 10472
3.17556 9520
3.17556 9996
3.17916 10472
3.18276 9520
3.18276 9996
3.18636 10472
3.21909 9996
3.21909 10472
3.21909 9996
3.22269 10472
3.22269 9996
3.22629 10472
3.22989 9520
3.22989 9996
3.23349 10472
3.23349 9996
3.23709 10472
3.23709 9996
3.24069 9520
3.24428 9044
3.24788 8568
3.25148 8092
3.25508 7616
3.25868 7140
3.26228 6664
3.26588 6188
3.26947 5712
3.27307 5236
3.27667 4760
3.28027 4284
3.28387 3808
3.28747 3332
3.29107 2856
3.3238 2380
3.3274 1904
3.331 1428
3.331 1904
3.33459 1428
3.3346 1904
3.33861 1428
3.33861 1904
3.34221 2380
3.34581 2856
3.34941 3332
3.35301 3808
3.35661 4284
3.3602 4760
3.3638 5236
3.3674 5712
3.371 6188
3.3746 6664
3.3782 7140
3.3818 7616
3.38539 8092
3.38899 8568
3.39259 9044
3.39619 9520
3.39979 9996
3.40339 10472
3.40699 10948
3.4357 9996
3.4357 10472
3.4393 10948
3.44331 9996
3.44331 10472
3.44691 10948
3.45051 9996
3.45051 10472
3.45411 10948
3.45771 9996
3.45771 10472
3.46131 10948
3.46491 9996
3.46491 10472
3.4685 10948
3.4721 9996
3.4721 10472
3.4757 10948
3.4793 9996
3.4793 10472
3.4829 10948
3.4865 9996
3.4865 10472
3.4901 10948
3.49369 9996
3.49369 10472
3.49729 10948
3.50089 9996
3.50089 10472
3.50449 10948
3.50809 9996
3.50809 10472
3.51169 10948
3.5404 9996
3.5404 10472
3.544 10948
3.54801 9996
3.54801 10472
3.55161 10948
3.55521 9996
3.55521 10472
3.55881 10948
3.56241 9996
3.56241 10472
3.56601 10948
3.56961 9996
3.56961 10472
3.5732 10948
3.5768 9996
3.5768 10472
3.5804 10948
3.584 9996
3.584 10472
3.5876 10948
3.5912 9996
3.5912 10472
3.5948 10948
3.5984 9996
3.5984 10472
3.60199 10948
3.60559 9996
3.60559 10472
3.60919 10948
3.61279 9996
3.61279 10472
3.61639 10948
3.6451 9996
3.6451 10472
3.6487 10948
3.65272 9996
3.65272 10472
3.65631 10948
3.65991 9996
3.65991 10472
3.66351 10948
3.66711 9996
3.66711 10472
3.67071 10948
3.67431 9996
3.67431 10472
3.67791 10948
3.6815 9996
3.6815 10472
3.6851 10948
3.6887 9996
3.6887 10472
3.6923 10948
3.6959 9996
3.6959 10472
3.6995 10948
3.7031 9996
3.7031 10472
3.70669 10948
3.71029 9996
3.71029 10472
3.71389 10948
3.71749 9996
3.71749 10472
3.72109 10948
3.7498 9996
3.7498 10472
3.7534 10948
3.75742 9996
3.75742 10472
3.76101 10948
3.76461 9996
3.76461 10472
3.76821 10948
3.77181 9996
3.77181 10472
3.77541 10948
3.77901 9996
3.77901 10472
3.78261 10948
3.7862 9996
3.7862 10472
3.7898 10948
3.7934 9996
3.7934 10472
3.797 10948
3.8006 9996
3.8006 10472
3.8042 10948
3.8078 9996
3.8078 10472
3.8114 10948
3.81499 9996
3.81499 10472
3.81859 10948
3.82219 9996
3.82219 10472
3.82579 10948
3.85451 9996
3.85451 10472
3.8581 10948
3.86212 9996
3.86212 10472
3.86572 10948
3.86931 9996
3.86931 10472
3.87291 10948
3.87651 9996
3.87651 10472
3.88011 10948
3.88371 9996
3.88371 10472
3.88731 10948
3.89091 9996
3.89091 10472
3.8945 10948
3.8981 9996
3.8981 10472
3.9017 10948
3.9053 9996
3.9053 10472
3.9089 10948
3.9125 9996
3.9125 10472
3.9161 10948
3.91969 9996
3.91969 10472
3.92329 10948
3.92689 9996
3.92689 10472
3.93049 10948
3.95921 9996
3.95921 10472
3.9628 10948
3.96682 9996
3.96682 10472
3.97042 10948
3.97402 10472
3.97402 10948
3.97762 10472
3.97762 10948
3.98122 9996
3.98122 10472
3.98482 10948
3.98482 10472
3.98842 9996
3.99202 9520
3.99562 9044
3.99921 8568
4.00281 8092
4.00641 7616
4.01361 6664
4.01361 7140
4.01721 6664
4.02081 6188
4.02441 5712
4.028 5236
4.0316 4760
4.0352 4284
4.06392 3808
4.06751 3332
4.07153 2856
4.07513 2380
4.07873 1904
4.08233 1428
4.08233 1904
4.08592 1428
4.08593 1904
4.08953 2380
4.09313 2856
4.09673 3332
4.10033 3808
4.10393 4284
4.10752 4760
4.11112 5236
4.11472 5712
4.11831 4760
4.11832 5236
4.12192 5712
4.12552 6188
4.12912 6664
4.13271 7140
4.13631 7616
4.13991 8092
4.14351 8568
4.14711 9044
4.15071 9520
4.15431 9996
4.1579 10472
4.1615 10948
4.1651 11424
4.19063 10472
4.19063 10948
4.19423 11424
4.19783 10472
4.19783 10948
4.20143 11424
4.20503 10472
4.20503 10948
4.20863 11424
4.21222 10472
4.21222 10948
4.21582 11424
4.21942 10472
4.21942 10948
4.22302 11424
4.22662 10472
4.22662 10948
4.23022 11424
4.23382 10472
4.23382 10948
4.23741 11424
4.24101 10472
4.24101 10948
4.24461 11424
4.24821 10472
4.24821 10948
4.25181 11424
4.25541 10472
4.25541 10948
4.25901 11424
4.26261 10472
4.26261 10948
4.2662 11424
4.2698 10472
4.2698 10948
4.2734 11424
4.30254 10472
4.30254 10948
4.30614 11424
4.30614 10472
4.30974 10948
4.30974 10472
4.31334 10948
4.31334 10472
4.31694 9996
4.32053 9520
4.32413 9044
4.32773 8568
4.33133 8092
4.33493 7616
4.33853 7140
4.34213 6664
4.34933 6188
4.35293 5712
4.35653 4760
4.36013 4284
4.36373 3808
4.36733 3332
4.37092 2856
4.37452 2380
4.37812 1904
4.40726 1428
4.40726 1904
4.41086 1428
4.41086 1904
4.41445 1428
4.41446 1904
4.41805 1428
4.41806 1904
4.42166 2380
4.42525 2856
4.42885 3332
4.43245 3808
4.43605 4284
4.43965 4760
4.44325 5236
4.44685 5712
4.45044 6188
4.45404 6664
4.45764 7140
4.51196 6664
4.51196 7140
4.51556 7616
4.51915 7140
4.51916 7616
4.52276 8092
4.52276 7140
4.52636 7616
4.52995 8092
4.52995 7140
4.53355 7616
4.53715 8092
4.53715 7140
4.54075 7616
4.54435 8092
4.54435 7140
4.54795 7616
4.55155 8092
4.55155 7140
4.55514 7616
4.55874 8092
4.55874 7140
4.56234 7616
4.56594 8092
4.56954 8568
4.57314 9044
4.57674 9520
4.58034 9996
4.58393 10472
4.58753 10948
4.59113 11424
4.61666 10472
4.61666 10948
4.62026 11424
4.62386 10472
4.62386 10948
4.62746 11424
4.63106 10472
4.63106 10948
4.63466 11424
4.63825 10472
4.63825 10948
4.64185 11424
4.64545 10472
4.64545 10948
4.64905 11424
4.65626 10948
4.65626 11424
4.65626 10948
4.65986 11424
4.65986 10948
4.66345 11424
4.66345 10472
4.66705 10948
4.66705 10472
4.67065 10948
4.67065 10472
4.67425 9996
4.67785 9520
4.68506 9044
4.68865 8568
4.69225 7616
4.69585 7140
4.72138 6664
4.72498 6188
4.72858 5712
4.73218 5236
4.73578 4760
4.73938 4284
4.74297 3808
4.74657 3332
4.75017 2856
4.75377 2380
4.76098 1904
4.76458 1428
4.76458 1904
4.76817 1428
4.76817 1904
4.77176 1428
4.77177 1904
4.77536 1428
4.77537 1904
4.77897 2380
4.78257 2856
4.78617 3332
4.78977 3808
4.86928 3332
4.86928 3808
4.87287 4284
4.87646 3808
4.87647 4284
4.88007 4760
4.88007 3808
4.88367 4284
4.88727 4760
4.88727 3808
4.89087 4284
4.89447 4760
4.89447 3808
4.89806 4284
4.90166 4760
4.90526 5236
4.90886 5712
4.91246 6188
4.91606 6664
4.91966 7140
4.92326 7616
4.92685 8092
4.93045 8568
4.93405 9044
4.93765 9520
4.94125 9996
4.94485 10472
4.94845 10948
4.95204 11424
4.97758 10472
4.97758 10948
4.98117 11424
4.98477 10472
4.98477 10948
4.98837 11424
4.99197 10472
4.99197 10948
4.99557 11424
4.99917 10472
4.99917 10948
5.00277 11424
5.00636 10472
5.00636 10948
5.00996 11424
5.02437 9044
5.02437 9520
5.02797 9996
5.02797 9520
5.03156 9996
5.03516 10472
5.03517 9996
5.03876 10472
5.03877 9996
5.04237 9044
5.04597 8568
5.05318 8092
5.05677 7616
5.08231 6664
5.0859 6188
5.0895 5712
5.0931 5236
5.0967 4760
5.1003 4284
5.1039 3808
5.1075 3332
5.11109 2856
5.11469 2380
5.13269 1904
5.13628 2380
5.13628 1904
5.13988 2380
5.13988 1904
5.14348 1428
5.14348 1904
5.2374 1428
5.24099 952
5.24099 1428
5.24459 1904
5.24819 2380
5.25179 2856
5.25539 3332
5.25899 3808
5.26259 4284
5.26619 4760
5.26978 5236
5.27338 5712
5.27698 6188
5.28058 6664
5.28418 7140
5.28778 7616
5.29138 8092
5.29497 8568
5.29857 9044
5.30217 9520
5.30577 9996
5.30937 10472
5.31297 10948
5.31657 11424
5.3421 10472
5.3421 10948
5.3457 11424
5.34929 10472
5.34929 10948
5.35289 11424
5.35649 10472
5.35649 10948
5.36009 11424
5.36369 10472
5.36369 10948
5.36729 11424
5.37089 10472
5.37089 10948
5.37448 11424
5.37808 10472
5.37808 10948
5.38168 11424
5.38528 10472
5.38528 10948
5.38888 11424
5.39248 10472
5.39248 10948
5.39608 11424
5.39967 10472
5.39967 10948
5.40327 11424
5.41408 10948
5.41408 11424
5.41408 10472
5.41768 10948
5.41768 10472
5.42128 10948
5.42128 9996
5.42487 10472
5.42847 10948
5.43207 11424
5.44681 10948
5.45041 11424
5.45041 10948
5.454 10472
5.4576 9996
5.4612 9520
5.4684 8568
5.4684 9044
5.472 8568
5.4756 8092
5.47919 7616
5.48279 7140
5.48639 6664
5.48999 6188
5.49359 5712
5.49719 5236
5.50079 4760
5.50439 4284
5.50798 3808
5.51879 3332
5.52599 2380
5.52599 2856
5.52958 2380
5.53677 1428
5.53677 1904
5.54037 2380
5.54397 2856
5.54757 3332
5.55117 3808
5.55477 4284
5.55836 4760
5.56196 5236
5.56556 5712
5.56916 6188
5.57276 6664
5.5731 5712
5.57636 6188
5.57996 6664
5.58356 7140
5.58715 7616
5.59075 8092
5.59435 8568
5.59795 9044
5.60155 9520
5.60515 9996
5.60875 10472
5.61234 10948
5.61594 11424
5.61954 11900
5.63428 11424
5.63428 11900
5.64507 10948
5.64507 11424
5.64867 11900
5.65948 11424
5.65948 11900
5.65948 11424
5.66308 11900
5.66308 11424
5.66667 11900
5.66667 10472
5.66667 10948
5.67027 11424
5.67027 10948
5.67387 10472
5.67747 9996
5.68107 9520
5.68467 9044
5.68827 8568
5.69186 8092
5.69546 7616
5.69906 7140
5.70266 6664
5.70626 6188
5.70986 5712
5.71346 5236
5.71705 4760
5.72065 4284
5.72425 3808
5.73899 3332
5.74978 2856
5.75338 2380
5.76419 1904
5.76779 1428
5.76779 1904
5.77138 1428
5.77138 1904
5.77181 1428
5.77497 952
5.77498 1428
5.77858 1904
5.78218 2380
5.78578 2856
5.78938 3332
5.79298 3808
5.79657 4284
5.80017 4760
5.80377 5236
5.80737 5712
5.81097 6188
5.81457 6664
5.81817 7140
5.82176 7616
5.82536 8092
5.82896 8568
5.83256 9044
5.83616 9520
5.83976 9996
5.84336 10472
5.84696 10948
5.85055 11424
5.85415 11900
5.85775 12376
5.87608 11424
5.87608 11900
5.87968 12376
5.88328 11424
5.88328 11900
5.88688 12376
5.89048 11424
5.89048 11900
5.89408 12376
5.89768 11424
5.89768 11900
5.90128 12376
5.90487 11424
5.90487 11900
5.90847 12376
5.91207 11424
5.91207 11900
5.91567 12376
5.91927 11424
5.91927 11900
5.92287 12376
5.92647 11424
5.92647 11900
5.93006 12376
5.93366 11424
5.93366 11900
5.93726 12376
5.94086 11424
5.94086 11900
5.94446 12376
5.94806 11424
5.94806 11900
5.95166 12376
5.95525 11424
5.95525 11900
5.95885 12376
5.96245 11424
5.96245 11900
5.96605 12376
5.98438 11424
5.98438 11900
5.98798 12376
5.99158 11424
5.99158 11900
5.99518 12376
6.00598 10472
6.00598 10948
6.00957 11424
6.01317 11900
6.01317 10948
6.01677 11424
6.02037 11900
6.02397 12376
6.02398 11900
6.02398 11424
6.02757 11900
6.02758 11424
6.03117 11900
6.03118 10948
6.03477 11424
6.03477 10948
6.03836 11424
6.03837 10948
6.04197 10472
6.04557 9996
6.04917 9520
6.05277 9044
6.05997 8568
6.06357 8092
6.06717 7140
6.07077 6664
6.0891 6188
6.0927 5712
6.0963 5236
6.0999 4760
6.1107 4284
6.11429 3808
6.11789 3332
6.12149 2856
6.12509 2380
6.12869 1904
6.13229 1428
6.13229 1904
6.13589 1428
6.13589 1904
6.13948 1428
6.13949 1904
6.14307 1428
6.14308 1904
6.14668 2380
6.15028 2856
6.15388 3332
6.15748 3808
6.16108 4284
6.16468 4760
6.23699 4284
6.23699 4760
6.24059 5236
6.24419 5712
6.24461 5236
6.24778 5712
6.25138 6188
6.25139 4760
6.25498 5236
6.25499 4760
6.25858 5236
6.25859 4760
6.26219 4284
6.26579 3808
6.26939 3332
6.3417 2856
6.3453 2380
6.3489 1904
6.35249 1428
6.35249 1904
6.35609 1428
6.35609 1904
6.36011 1428
6.36011 1904
6.36371 2380
6.3673 2856
6.3709 3332
6.3745 3808
6.3781 4284
6.3817 4760
6.3853 5236
6.3889 5712
6.39249 6188
6.39609 6664
6.39969 7140
6.40329 7616
6.40689 8092
6.41049 8568
6.41409 9044
6.41768 9520
6.42128 9996
6.42488 10472
6.42848 10948
6.43208 11424
6.43568 11900
6.43928 12376
6.4572 11424
6.4572 11900
6.46079 12376
6.46481 11424
6.46481 11900
6.46841 12376
6.472 11424
6.472 11900
6.4756 12376
6.4792 11424
6.4792 11900
6.4828 12376
6.4864 11424
6.4864 11900
6.49 12376
6.50079 10472
6.50079 10948
6.50439 11424
6.50799 11900
6.50799 10948
6.51159 11424
6.51519 11900
6.51519 10948
6.51879 11424
6.52239 11900
6.52239 10948
6.52598 11424
6.52958 11900
6.52959 11424
6.53318 11900
6.53319 11424
6.53678 11900
6.53679 10948
6.53679 11424
6.54038 11900
6.54039 11424
6.54399 10948
6.56191 10472
6.5655 9996
6.56952 9520
6.57312 9044
6.57671 8568
6.58031 8092
6.58391 7616
6.58751 7140
6.59111 6664
6.59471 6188
6.6055 5712
6.6091 5236
6.6127 4760
6.6163 4284
6.6199 3808
6.6235 3332
6.6271 2856
6.63069 2380
6.63429 1904
6.63789 1428
6.63789 1904
6.64149 1428
6.64149 1904
6.6419 1428
6.64509 1904
6.64869 2380
6.65229 2856
6.65588 3332
6.65948 3808
6.66308 4284
6.66668 4760
6.67028 5236
6.67388 5712
6.67748 6188
6.68108 6664
6.68467 7140
6.68827 7616
6.69187 8092
6.69547 8568
6.69907 9044
6.70267 9520
6.70627 9996
6.70986 10472
6.71346 10948
6.71706 11424
6.72066 11900
6.72426 12376
6.74259 11424
6.74259 11900
6.74619 12376
6.74979 11424
6.74979 11900
6.75339 12376
6.75699 11424
6.75699 11900
6.76059 12376
6.76418 11424
6.76418 11900
6.76778 12376
6.77138 11424
6.77138 11900
6.77498 12376
6.77858 11424
6.77858 11900
6.78218 12376
6.78578 11424
6.78578 11900
6.78937 12376
6.79297 11424
6.79297 11900
6.79657 12376
6.80017 11424
6.80017 11900
6.80377 12376
6.80737 11424
6.80737 11900
6.81097 12376
6.81456 11424
6.81456 11900
6.81816 12376
6.82176 11424
6.82176 11900
6.82536 12376
6.82896 11424
6.82896 11900
6.83256 12376
6.85089 11424
6.85089 11900
6.85449 12376
6.85809 11424
6.85809 11900
6.86169 12376
6.86529 11424
6.86529 11900
6.86888 12376
6.87248 11424
6.87248 11900
6.87608 12376
6.87968 11424
6.87968 11900
6.88328 12376
6.88688 11424
6.88688 11900
6.89048 12376
6.89408 11424
6.89408 11900
6.89767 12376
6.90127 11424
6.90127 11900
6.90487 12376
6.90847 11424
6.90847 11900
6.91207 12376
6.91567 11424
6.91567 11900
6.91927 12376
6.92286 11424
6.92286 11900
6.92646 12376
6.93006 11424
6.93006 11900
6.93366 12376
6.93726 11424
6.93726 11900
6.94086 12376
6.95919 11424
6.95919 11900
6.96279 12376
6.96639 11424
6.96639 11900
6.96999 12376
6.97359 11424
6.97359 11900
6.97718 12376
6.98078 11424
6.98078 11900
6.98438 12376
6.98798 11424
6.98798 11900
6.99158 12376
6.99518 11424
6.99518 11900
6.99878 12376
7.00237 11424
7.00237 11900
7.00597 12376
7.00957 11424
7.00957 11900
7.01317 12376
7.01677 11424
7.01677 11900
7.02037 12376
7.02397 11424
7.02397 11900
7.02757 12376
7.03116 11424
7.03116 11900
7.03476 12376
7.03836 11424
7.03836 11900
7.04196 12376
7.04556 11424
7.04556 11900
7.04916 12376
7.0675 11900
7.0675 12376
7.0711 11900
7.0711 12376
7.0747 11424
7.0747 11900
7.0783 12376
7.0783 11900
7.08189 11424
7.08549 10948
7.08909 10472
7.09269 9996
7.09989 9044
7.09989 9520
7.10349 9044
7.10709 8568
7.11068 8092
7.11428 7616
7.11788 7140
7.12148 6664
7.12508 6188
7.12868 5712
7.13228 5236
7.13587 4760
7.13947 4284
7.14307 3808
7.14667 3332
7.15027 2856
7.15387 2380
7.17221 1904
7.17581 1428
7.17581 1904
7.1794 1428
7.17941 1904
7.18301 2380
7.18661 2856
7.1902 3332
7.1938 3808
7.1974 4284
7.201 4760
7.20459 3808
7.2046 4284
7.2082 4760
7.2118 5236
7.21539 5712
7.21899 6188
7.22259 6664
7.22619 7140
7.22979 7616
7.23339 8092
7.23699 8568
7.24058 9044
7.24418 9520
7.24778 9996
7.25138 10472
7.25498 10948
7.25858 11424
7.26218 11900
7.26577 12376
7.26937 12852
7.28411 11900
7.28411 12376
7.28771 12852
7.29131 11900
7.29131 12376
7.2949 12852
7.2985 11900
7.2985 12376
7.3021 12852
7.3057 11900
7.3057 12376
7.3093 12852
7.3129 11900
7.3129 12376
7.3165 12852
7.32009 11900
7.32009 12376
7.32369 12852
7.32729 11900
7.32729 12376
7.33089 12852
7.33449 11900
7.33449 12376
7.33809 12852
7.34169 11900
7.34169 12376
7.34529 12852
7.34888 11900
7.34888 12376
7.35248 12852
7.35608 11900
7.35608 12376
7.35968 12852
7.36328 11900
7.36328 12376
7.36688 12852
7.37408 12376
7.37408 12852
7.37408 12376
7.37768 12852
7.38882 12376
7.38882 12852
7.39242 11900
7.39242 12376
7.39602 12852
7.39602 12376
7.39961 12852
7.39961 12376
7.40321 11900
7.40681 11424
7.41041 10948
7.41401 10472
7.41761 9996
7.42121 9520
7.42481 9044
7.4284 8568
7.432 8092
7.4392 7140
7.4392 7616
7.4428 7140
7.4464 6664
7.45 6188
7.45359 5712
7.45719 5236
7.46079 4760
7.46439 4284
7.46799 3808
7.47159 3332
7.47879 2856
7.48239 2380
7.49353 1904
7.49712 1428
7.50072 1904
7.50114 1428
7.50432 1904
7.50791 2380
7.51151 2856
7.51511 3332
7.51871 3808
7.52231 4284
7.52591 4760
7.52951 5236
7.5331 5712
7.5367 6188
7.5403 6664
7.5439 7140
7.5439 6188
7.5475 6664
7.5511 7140
7.5547 7616
7.5583 8092
7.56189 8568
7.56549 9044
7.56909 9520
7.57269 9996
7.57629 10472
7.57989 10948
7.58349 11424
7.58708 11900
7.59068 12376
7.59428 12852
7.59788 13328
7.60902 12376
7.60902 12852
7.61262 13328
7.61621 12376
7.61621 12852
7.61981 13328
7.62341 12376
7.62341 12852
7.62701 13328
7.63061 12376
7.63061 12852
7.63421 13328
7.63781 12376
7.63781 12852
7.6414 13328
7.645 12376
7.645 12852
7.6486 13328
7.6594 11424
7.6594 11900
7.663 12376
7.66659 12852
7.66659 11900
7.67019 12376
7.67379 12852
7.67379 11900
7.67739 12376
7.68099 12852
7.68099 11900
7.68459 12376
7.68819 12852
7.68819 11900
7.69178 12376
7.69538 12852
7.69538 11900
7.69898 12376
7.70258 12852
7.70258 11900
7.70618 12376
7.70978 12852
7.71338 13328
7.71732 12376
7.71732 12852
7.72091 13328
7.72451 12376
7.72451 12852
7.72811 13328
7.73171 12376
7.73171 12852
7.73531 13328
7.73892 12852
7.73892 13328
7.74252 12852
7.74252 13328
7.74611 12376
7.74611 12852
7.74971 13328
7.75332 12852
7.76412 12376
7.76772 11424
7.77131 10948
7.77491 10472
7.77851 9996
7.78211 9520
7.78571 9044
7.78931 8568
7.79291 8092
7.7965 7616
7.8001 7140
7.8037 6664
7.8073 6188
7.8109 5712
7.8145 5236
7.8181 4760
7.82204 4284
7.82563 3808
7.82923 3332
7.83283 2856
7.83643 2380
7.84003 1904
7.84364 1428
7.84364 1904
7.84724 1428
7.84724 1904
7.85082 1428
7.85083 1904
7.85442 1428
7.85443 1904
7.85803 2380
7.94834 1904
7.94834 2380
7.95194 2856
7.95554 3332
7.95913 3808
7.95913 2380
7.96273 2856
7.96633 3332
7.96993 3808
7.97353 4284
7.97713 4760
7.98073 5236
7.98432 5712
7.98792 6188
7.99152 6664
7.99512 7140
7.99872 7616
8.00232 8092
8.00592 8568
8.00951 9044
8.01311 9520
8.01671 9996
8.02031 10472
8.02391 10948
8.02751 11424
8.03111 11900
8.03471 12376
8.0383 12852
8.0419 13328
8.0455 13804
8.05304 12852
8.05304 13328
8.05664 13804
8.06024 12852
8.06024 13328
8.06383 13804
8.06744 13328
8.06744 13804
8.07104 13328
8.07104 13804
8.07464 12852
8.07464 13328
8.07824 13804
8.07824 13328
8.08184 12852
8.08544 12376
8.08903 11900
8.09263 11424
8.09623 10948
8.09983 10472
8.10343 9996
8.10703 9520
8.11063 9044
8.11423 8568
8.11782 8092
8.12142 7616
8.12502 7140
8.12862 6664
8.13222 6188
8.13582 5712
8.13942 5236
8.14301 4760
8.14661 4284
8.15021 3808
8.15775 3332
8.16135 2856
8.16495 2380
8.16855 1904
8.17215 1428
8.17215 1904
8.17575 1428
8.17575 1904
8.17934 1428
8.17935 1904
8.18295 2380
8.18655 2856
8.19015 3332
8.19375 3808
8.19734 4284
8.20094 4760
8.20454 5236
8.20814 5712
8.21174 6188
8.21534 6664
8.21894 7140
8.22253 7616
8.22613 8092
8.22973 8568
8.23333 9044
8.23693 9520
8.24053 9996
8.24413 10472
8.24772 10948
8.25132 11424
8.25492 11900
8.25852 12376
8.26212 12852
8.26572 13328
8.26932 13804
8.27291 14280
8.27685 13328
8.27685 13804
8.28045 14280
8.28405 13328
8.28405 13804
8.28765 14280
8.29125 13328
8.29125 13804
8.29485 14280
8.29845 13328
8.29845 13804
8.30204 14280
8.30564 13328
8.30564 13804
8.30924 14280
8.31284 13328
8.31284 13804
8.31644 14280
8.32004 13328
8.32004 13804
8.32364 14280
8.32723 13328
8.32723 13804
8.33083 14280
8.33443 13328
8.33443 13804
8.33803 14280
8.34163 13328
8.34163 13804
8.34523 14280
8.34883 13328
8.34883 13804
8.35243 14280
8.35602 13328
8.35602 13804
8.35962 14280
8.36322 13328
8.36322 13804
8.36682 14280
8.37042 13328
8.37042 13804
8.37402 14280
8.37763 13804
8.37763 14280
8.38156 13804
8.38156 14280
8.38516 13328
8.38516 13804
8.38876 14280
8.38876 13804
8.39236 13328
8.39596 12852
8.40317 12376
8.40676 11900
8.41036 10948
8.41396 10472
8.41756 9996
8.42116 9520
8.42476 9044
8.42836 8568
8.43195 8092
8.43555 7616
8.43915 7140
8.44275 6664
8.44635 6188
8.44995 5712
8.45355 5236
8.45715 4760
8.46074 4284
8.46434 3808
8.46794 3332
8.47154 2856
8.47514 2380
8.47874 1904
8.48235 1428
8.48235 1904
8.48628 1428
8.48628 1904
8.48987 1428
8.48988 1904
8.49347 1428
8.49348 1904
8.49708 2380
8.50068 2856
8.50428 3332
8.50788 3808
8.58705 3332
8.58705 3808
8.59064 4284
8.59424 4760
8.59457 4284
8.59784 4760
8.59818 3808
8.60144 4284
8.60504 4760
8.60538 3808
8.60864 4284
8.61224 4760
8.61258 3808
8.61584 4284
8.61943 4760
8.62303 5236
8.62663 5712
8.63023 6188
8.63383 6664
8.63743 7140
8.64103 7616
8.64462 8092
8.64822 8568
8.65182 9044
8.65542 9520
8.65902 9996
8.66262 10472
8.66622 10948
8.66981 11424
8.67341 11900
8.67701 12376
8.68061 12852
8.68421 13328
8.68781 13804
8.69141 14280
8.695 14756
8.69535 13804
8.6986 14280
8.7022 14756
8.70254 13804
8.7058 14280
8.7094 14756
8.70974 13804
8.713 14280
8.7166 14756
8.71694 13804
8.7202 14280
8.72379 14756
8.72413 13804
8.72739 14280
8.73099 14756
8.73133 13804
8.73459 14280
8.73819 14756
8.73853 13804
8.74179 14280
8.74539 14756
8.75292 12852
8.75292 13328
8.75652 13804
8.76012 14280
8.76012 13328
8.76372 13804
8.76732 14280
8.76732 13328
8.77092 13804
8.77452 14280
8.77452 13328
8.77811 13804
8.78171 14280
8.78171 13328
8.78531 13804
8.78891 14280
8.78891 13328
8.79251 13804
8.79611 14280
8.79611 13328
8.79971 13804
8.8033 14280
8.8033 13328
8.8069 13804
8.8105 14280
8.8105 13328
8.8141 13804
8.8177 14280
8.8177 13328
8.8213 13804
8.8249 14280
8.8249 13328
8.82849 13804
8.83209 14280
8.83209 13328
8.83569 13804
8.83929 14280
8.83929 13328
8.84289 13804
8.84649 14280
8.84649 13328
8.85009 13804
8.85368 14280
8.85728 14756
8.85762 13804
8.86088 14280
8.86448 14756
8.86482 13804
8.86808 14280
8.87168 14756
8.87202 13804
8.87528 14280
8.87888 14756
8.87922 13804
8.88247 14280
8.88607 14756
8.88641 13804
8.88967 14280
8.89327 14756
8.89361 13804
8.89687 14280
8.90047 14756
8.90081 13804
8.90407 14280
8.90766 14756
8.90801 13804
8.91126 14280
8.91486 14756
8.9152 13804
8.91846 14280
8.92206 14756
8.9224 13804
8.92566 14280
8.92926 14756
8.9296 13804
8.93285 14280
8.93645 14756
8.93679 13804
8.94005 14280
8.94365 14756
8.94399 13804
8.94725 14280
8.95085 14756
8.95119 13804
8.95445 14280
8.95805 14756
8.95839 13804
8.96164 14280
8.96524 14756
8.96558 13804
8.96884 14280
8.97244 14756
8.97278 13804
8.97604 14280
8.97964 14756
8.97998 13804
8.98324 14280
8.98683 14756
8.98717 13804
8.99043 14280
8.99403 14756
8.99437 13804
8.99763 14280
9.00123 14756
9.00157 13804
9.00483 14280
9.00843 14756
9.01237 14280
9.01237 14756
9.01237 14280
9.01597 14756
9.01597 14280
9.01957 14756
9.01957 13804
9.02317 14280
9.02317 13804
9.02677 14280
9.02677 13804
9.03037 13328
9.03397 12852
9.03757 12376
9.04116 11900
9.04476 11424
9.05197 10948
9.05557 10472
9.05917 9520
9.06277 9044
9.06636 8568
9.06996 8092
9.07356 7616
9.07716 7140
9.08076 6664
9.08436 6188
9.08796 5712
9.09155 5236
9.09515 4760
9.09875 4284
9.10235 3808
9.10595 3332
9.10955 2856
9.11315 2380
9.11709 1904
9.12069 1428
9.12069 1904
9.12429 1428
9.12429 1904
9.12788 1428
9.12789 1904
9.13148 1428
9.13149 1904
9.13509 2380
9.13869 2856
9.14229 3332
9.14588 3808
9.14948 4284
9.15308 4760
9.15668 5236
9.22539 4760
9.22539 5236
9.22899 5712
9.23258 5236
9.23259 5712
9.23619 6188
9.23619 5236
9.23979 5712
9.24339 6188
9.24699 6664
9.247 6188
9.247 5712
9.25058 6188
9.25059 5712
9.25418 6188
9.25419 5236
9.25778 5712
9.25779 5236
9.26138 5712
9.26139 5236
9.3301 4760
9.3337 4284
9.3373 3808
9.3409 3332
9.3445 2856
9.3481 2380
9.3517 1904
9.35529 1428
9.35529 1904
9.35889 1428
9.35889 1904
9.36291 1428
9.36291 1904
9.36651 2380
9.3701 2856
9.3737 3332
9.3773 3808
9.3809 4284
9.3845 4760
9.3881 5236
9.3917 5712
9.39529 6188
9.39889 6664
9.40249 7140
9.40609 7616
9.40969 8092
9.41329 8568
9.41689 9044
9.42048 9520
9.42408 9996
9.42768 10472
9.43128 10948
9.43488 11424
9.43848 11900
9.44208 12376
9.44567 12852
9.44927 13328
9.45287 13804
9.45647 14280
9.46 13328
9.46007 13804
9.46367 14280
9.46727 14756
9.46761 13804
9.47087 14280
9.47446 14756
9.4748 13804
9.47806 14280
9.48166 14756
9.482 13804
9.48526 14280
9.48886 14756
9.4892 13804
9.49246 14280
9.49606 14756
9.4964 13804
9.49965 14280
9.50325 14756
9.50359 13804
9.50685 14280
9.51045 14756
9.51079 13804
9.51405 14280
9.51765 14756
9.51799 13804
9.52125 14280
9.52484 14756
9.52519 13804
9.52844 14280
9.53204 14756
9.53238 13804
9.53564 14280
9.53924 14756
9.53958 13804
9.54284 14280
9.54644 14756
9.54678 13804
9.55004 14280
9.55363 14756
9.55397 13804
9.55723 14280
9.56083 14756
9.56117 13804
9.56443 14280
9.56803 14756
9.56837 13804
9.57163 14280
9.57523 14756
9.57557 13804
9.57882 14280
9.58242 14756
9.58276 13804
9.58602 14280
9.58962 14756
9.58996 13804
9.59322 14280
9.59682 14756
9.59716 13804
9.60042 14280
9.60401 14756
9.60436 13804
9.60761 14280
9.61121 14756
9.61156 14280
9.61481 14756
9.61516 14280
9.61841 14756
9.61876 13804
9.61876 14280
9.62201 14756
9.62236 14280
9.62596 13804
9.62956 13328
9.63315 12852
9.63675 12376
9.64035 11900
9.64395 11424
9.64755 10948
9.65115 10472
9.65475 9996
9.65834 9520
9.66194 9044
9.66554 8568
9.66914 8092
9.67274 7616
9.67634 7140
9.67994 6664
9.68353 6188
9.68713 5712
9.69073 5236
9.69793 4284
9.69793 4760
9.70153 4284
9.70872 3332
9.70872 3808
9.71232 3332
9.71592 2856
9.71952 2380
9.72312 1904
9.72398 1428
9.72398 1904
9.72758 2380
9.73117 2856
9.73477 3332
9.73837 3808
9.74197 4284
9.74557 4760
9.74917 5236
9.75277 5712
9.75636 6188
9.75996 6664
9.76356 7140
9.76716 7616
9.77076 8092
9.77436 8568
9.77796 9044
9.78155 9520
9.78515 9996
9.78875 10472
9.79235 10948
9.79595 11424
9.79955 11900
9.80263 10948
9.80315 11424
9.80675 11900
9.81034 12376
9.81394 12852
9.81754 13328
9.82114 13804
9.82474 14280
9.82834 14756
9.82868 13804
9.83194 14280
9.83553 14756
9.83587 13804
9.83913 14280
9.84273 14756
9.84307 13804
9.84633 14280
9.84993 14756
9.85027 13804
9.85353 14280
9.85713 14756
9.85747 13804
9.86072 14280
9.86432 14756
9.86466 13804
9.86792 14280
9.87152 14756
9.87186 13804
9.87512 14280
9.87872 14756
9.87906 13804
9.88232 14280
9.88591 14756
9.88626 13804
9.88951 14280
9.89311 14756
9.89345 13804
9.89671 14280
9.90031 14756
9.90065 13804
9.90391 14280
9.90751 14756
9.91111 15232
9.91146 14756
9.91146 14280
9.9147 14756
9.91505 14280
9.9183 14756
9.9219 15232
9.92226 14280
9.9255 14756
9.9291 15232
9.92946 13804
9.9327 14280
9.93306 13804
9.9363 14280
9.93666 13804
9.94025 13328
9.94385 12852
9.94745 12376
9.95105 11900
9.95465 11424
9.95825 10948
9.96185 10472
9.96544 9996
9.96904 9520
9.97264 9044
9.97624 8568
9.97984 8092
9.98344 7616
9.98704 7140
9.99063 6664
9.99423 6188
9.99783 5712
10.0014 5236
10.005 4760
10.0086 4284
10.0122 3808
10.0158 3332
10.0194 2856
10.023 2380
10.0266 1904
10.0302 1428
10.0338 1904
10.0338 1428
10.0374 952
10.0374 1428
10.041 1904
10.0446 2380
10.0482 2856
10.0518 3332
10.0554 3808
10.059 4284
10.0626 4760
10.0662 5236
10.0698 5712
10.0734 6188
10.077 6664
10.0806 7140
10.0842 7616
10.0878 8092
10.0914 8568
10.095 9044
10.0986 9520
10.1022 9996
10.1058 10472
10.1094 10948
10.113 11424
10.1166 11900
10.1202 12376
10.1238 12852
10.1274 13328
10.131 13804
10.1346 14280
10.1349 13804
10.1382 14280
10.1418 14756
10.1421 13804
10.1454 14280
10.149 14756
10.1526 15232
10.1529 14756
10.1529 14280
10.1562 14756
10.1565 14280
10.1598 14756
10.1601 13804
10.1634 14280
10.1637 13804
10.167 14280
10.1673 13804
10.1709 13328
10.1745 12852
10.1781 12376
10.1817 11900
10.1853 11424
10.1889 10948
10.1925 10472
10.1961 9996
10.1997 9520
10.2033 9044
10.2069 8568
10.2105 8092
10.2141 7616
10.2177 7140
10.2213 6664
10.2249 6188
10.2285 5712
10.2321 5236
10.2357 4760
10.2393 4284
10.2429 3808
10.2465 3332
10.2501 2856
10.2537 2380
10.2573 1904
10.2609 1428
10.2609 1904
10.2645 1428
10.2645 1904
10.2681 1428
10.2681 1904
10.3692 1428
10.3692 1904
10.3692 1428
10.3728 1904
10.3728 1428
10.3764 1904
10.4739 952
10.4739 1428
10.4775 1904
10.4775 1428
10.4811 1904
10.5786 952
10.5822 1428
10.5826 952
10.5858 1428
10.5894 1904
10.593 2380
10.5966 2856
10.6002 3332
10.6038 3808
10.6074 4284
10.611 4760
10.6146 5236
10.6182 5712
10.6218 6188
10.6254 6664
10.629 7140
10.6326 7616
10.6362 8092
10.6398 8568
10.6434 9044
10.647 9520
10.6506 9996
10.6542 10472
10.6578 10948
10.6614 11424
10.665 11900
10.6686 12376
10.6722 12852
10.6758 13328
10.6794 13804
10.683 14280
10.6833 13804
10.6905 12852
10.6977 11900
10.7049 10948
10.7121 9996
10.7193 9520
10.7229 9044
10.7265 8092
10.7265 8568
10.7301 8092
10.7337 7616
10.7373 7140
10.7409 6664
10.7445 6188
10.7481 5712
10.7517 5236
10.7553 4760
10.7589 4284
10.7625 3808
10.7661 3332
10.7697 2856
10.7769 1904
10.7805 1428
10.7805 1904
10.7841 1428
10.7841 1904
10.7877 1428
10.7877 1904
10.8312 1428
10.8312 1904
10.8348 2380
10.8384 2856
10.842 3332
10.8456 3808
10.8492 4284
10.8528 4760
10.8564 5236
10.86 5712
10.8636 6188
10.8672 6664
10.8708 7140
10.8744 7616
10.878 8092
10.8816 8568
10.8852 9044
10.8888 9520
10.8888 8568
10.9359 7616
10.9431 6664
10.9503 5712
10.9575 4760
10.9647 3808
10.9719 2856
10.9791 1904
10.9863 952
10.9863 1428
10.9899 1904
10.9935 952
10.9935 1428
10.9971 1904
11.0946 952
11.0946 1428
11.0982 1904
11.1018 952
11.1018 1428
11.1054 1904
11.2029 952
11.2029 1428
11.2065 1904
11.3112 0
11.3112 476
11.3148 952
11.3184 1428
11.322 1904
11.4195 952
11.4195 1428
11.4231 1904
11.4267 952
11.4267 1428
11.4303 1904
11.5278 952
11.5278 1428
11.5314 1904
11.535 1428
11.535 1904
11.6325 1428
11.6325 1904
11.6361 952
11.6361 1428
11.6397 1904
11.6397 1428
11.6433 1904
11.7278 0
11.7278 476
11.7372 952
11.7408 0
11.7408 476
11.7444 952
11.748 0
11.748 476
11.7516 952
11.7552 1428
11.7588 1904
11.7624 2380
11.766 2856
11.7696 3332
11.7732 3808
11.7768 4284
11.7804 4760
11.784 5236
11.7876 5712
11.7912 6188
11.7948 6664
11.7984 7140
11.802 7616
11.8056 8092
11.8092 8568
11.8128 9044
11.8164 9520
11.82 9996
11.8236 10472
11.8272 10948
11.8308 11424
11.8343 11900
11.8379 12376
11.8415 12852
11.8451 13328
11.8487 13804
11.8523 14280
11.8559 14756
11.8595 15232
11.8631 15708
11.8667 16184
11.8923 10472
11.8923 10948
11.8959 11424
11.8995 11900
11.8995 10948
11.9031 11424
11.9067 11900
11.9067 10948
11.9103 11424
11.9139 11900
11.9139 10948
11.9175 11424
11.9211 11900
11.9247 12376
11.9283 12852
11.9283 10948
11.9319 11424
11.9355 11900
11.9355 10948
11.9391 11424
11.9426 11900
11.9426 10948
11.9462 11424
11.9498 11900
11.9498 10948
11.9534 11424
11.957 11900
11.957 10948
11.9606 11424
11.9642 11900
11.9642 10948
11.9678 11424
11.9714 11900
11.9714 10948
11.975 11424
11.9786 11900
11.9822 12376
11.9858 12852
11.9894 13328
11.993 13804
11.9966 14280
12.0002 14756
12.0006 13804
12.0038 14280
12.0074 14756
12.0078 13804
12.011 14280
12.0146 14756
12.015 13804
12.0182 14280
12.0218 14756
12.0222 13804
12.0254 14280
12.029 14756
12.0294 13804
12.0326 14280
12.0362 14756
12.0366 13804
12.0398 14280
12.0434 14756
12.0438 13804
12.047 14280
12.0506 14756
12.0509 13804
12.0542 14280
12.0578 14756
12.0581 13804
12.0614 14280
12.065 14756
12.0653 13804
12.0686 14280
12.0722 14756
12.0725 13804
12.0758 14280
12.0794 14756
12.0797 13804
12.083 14280
12.0866 14756
12.0869 13804
12.0902 14280
12.0938 14756
12.0974 15232
12.101 15708
12.1013 13804
12.1046 14280
12.1082 14756
12.1085 13804
12.1118 14280
12.1154 14756
12.119 15232
12.1226 15708
12.1229 13804
12.1262 14280
12.1298 14756
12.1301 13804
12.1334 14280
12.137 14756
12.1373 13804
12.1406 14280
12.1442 14756
12.1445 13804
12.1478 14280
12.1514 14756
12.1517 13804
12.155 14280
12.1586 14756
12.1589 13804
12.1622 14280
12.1658 14756
12.1661 13804
12.1694 14280
12.173 14756
12.1733 13804
12.1766 14280
12.1802 14756
12.1805 13804
12.1838 14280
12.1874 14756
12.1877 13804
12.191 14280
12.1946 14756
12.1949 13804
12.1982 14280
12.2017 14756
12.2021 13804
12.2053 14280
12.2089 14756
12.2093 13804
12.2125 14280
12.2161 14756
12.2165 13804
12.2197 14280
12.2233 14756
12.2237 13804
12.2269 14280
12.2305 14756
12.2309 13804
12.2341 14280
12.2377 14756
12.2381 13804
12.2413 14280
12.2449 14756
12.2453 13804
12.2485 14280
12.2521 14756
12.2525 13804
12.2557 14280
12.2593 14756
12.2597 13804
12.2629 14280
12.2665 14756
12.2669 13804
12.2701 14280
12.2737 14756
12.2741 13804
12.2773 14280
12.2809 14756
12.2813 13804
12.2845 14280
12.2881 14756
12.2885 13804
12.2917 14280
12.2953 14756
12.2957 13804
12.2989 14280
12.3025 14756
12.3029 13804
12.3061 14280
12.3097 14756
12.31 13804
12.3133 14280
12.3169 14756
12.3172 13804
12.3205 14280
12.3241 14756
12.3244 13804
12.3277 14280
12.3313 14756
12.3316 13804
12.3349 14280
12.3385 14756
12.3388 13804
12.3421 14280
12.3457 14756
12.346 13804
12.3493 14280
12.3529 14756
12.3532 13804
12.3565 14280
12.3601 14756
12.3604 13804
12.3637 14280
12.3673 14756
12.3676 13804
12.3709 14280
12.3745 14756
12.3748 13804
12.3781 14280
12.3817 14756
12.382 13804
12.3853 14280
12.3889 14756
12.3892 13804
12.3925 14280
12.3961 14756
12.3964 13804
12.3997 14280
12.4033 14756
12.4036 13804
12.4069 14280
12.4105 14756
12.4108 13804
12.4141 14280
12.4177 14756
12.418 13804
12.4213 14280
12.4249 14756
12.4252 13804
12.4285 14280
12.4321 14756
12.4324 13804
12.4357 14280
12.4393 14756
12.4396 13804
12.4429 14280
12.4465 14756
12.4468 13804
12.4501 14280
12.4537 14756
12.454 13804
12.4573 14280
12.4609 14756
12.4612 13804
12.4644 14280
12.468 14756
12.4684 13804
12.4716 14280
12.4752 14756
12.4756 13804
12.4788 14280
12.4824 14756
12.4828 13804
12.486 14280
12.4896 14756
12.49 13804
12.4932 14280
12.4968 14756
12.4972 13804
12.5004 14280
12.504 14756
12.5044 13804
12.5076 14280
12.5112 14756
12.5116 13804
12.5148 14280
12.5184 14756
12.5188 13804
12.522 14280
12.5256 14756
12.526 13804
12.5292 14280
12.5328 14756
12.5332 13804
12.5364 14280
12.54 14756
12.5404 13804
12.5436 14280
12.5472 14756
12.5476 13804
12.5508 14280
12.5544 14756
12.5548 14280
12.558 14756
12.5584 14280
12.5616 14756
12.562 13804
12.562 14280
12.5652 14756
12.5656 14280
12.5692 13804
12.5728 13328
12.58 12376
12.58 12852
12.5836 12376
12.5872 11900
12.5908 11424
12.5944 10948
12.5979 10472
12.6015 9996
12.6051 9520
12.6087 9044
12.6123 8568
12.6159 8092
12.6195 7616
12.6231 7140
12.6267 6664
12.6303 6188
12.6339 5712
12.6375 5236
12.6411 4760
12.6447 4284
12.6483 3808
12.6519 3332
12.6555 2856
12.6591 2380
12.6627 1904
12.6663 1428
12.6663 1904
12.6672 1428
12.6699 1904
12.6735 2380
12.6771 2856
12.6807 3332
12.6843 3808
12.6847 2856
12.6879 3332
12.6915 3808
12.6951 4284
12.6987 4760
12.7023 5236
12.7059 5712
12.7095 6188
12.7131 6664
12.7167 7140
12.7203 7616
12.7239 8092
12.7275 8568
12.7311 9044
12.7347 9520
12.7383 9996
12.7419 10472
12.7455 10948
12.7491 11424
12.7527 11900
12.7563 12376
12.7599 12852
12.7635 13328
12.7671 13804
12.7707 14280
12.7743 14756
12.7746 13804
12.7779 14280
12.7815 14756
12.7818 13804
12.7851 14280
12.7887 14756
12.789 13804
12.7923 14280
12.7959 14756
12.7995 15232
12.8031 15708
12.8067 16184
12.8106 13328
12.8106 13804
12.8142 14280
12.8178 14756
12.8178 13804
12.8214 14280
12.825 14756
12.825 13804
12.8286 14280
12.8322 14756
12.8322 13804
12.8358 14280
12.8394 14756
12.8394 13804
12.843 14280
12.8466 14756
12.8466 13804
12.8502 14280
12.8538 14756
12.8538 13804
12.8574 14280
12.861 14756
12.861 13804
12.8646 14280
12.8682 14756
12.8682 13804
12.8718 14280
12.8754 14756
12.8754 13804
12.879 14280
12.8826 14756
12.8826 13804
12.8862 14280
12.8898 14756
12.8898 13804
12.8934 14280
12.897 14756
12.897 13804
12.9006 14280
12.9042 14756
12.9042 13804
12.9078 14280
12.9114 14756
12.9114 13804
12.915 14280
12.9186 14756
12.9189 13804
12.9222 14280
12.9258 14756
12.9261 13804
12.9294 14280
12.933 14756
12.9333 13804
12.9366 14280
12.9402 14756
12.9405 13804
12.9438 14280
12.9474 14756
12.9477 13804
12.951 14280
12.9546 14756
12.9549 13804
12.9582 14280
12.9618 14756
12.9621 13804
12.9653 14280
12.9689 14756
12.9693 13804
12.9725 14280
12.9761 14756
12.9765 13804
12.9797 14280
12.9833 14756
12.9837 13804
12.9869 14280
12.9905 14756
12.9909 13804
12.9941 14280
12.9977 14756
12.9981 13804
13.0013 14280
13.0049 14756
13.0085 15232
13.0121 15708
13.0125 13804
13.0157 14280
13.0193 14756
13.0197 13804
13.0229 14280
13.0265 14756
13.0269 13804
13.0301 14280
13.0337 14756
13.0341 13804
13.0373 14280
13.0409 14756
13.0445 15232
13.0481 15708
13.0485 13804
13.0517 14280
13.0553 14756
13.0557 13804
13.0589 14280
13.0625 14756
13.0629 13804
13.0661 14280
13.0697 14756
13.0701 13804
13.0733 14280
13.0769 14756
13.0772 13804
13.0805 14280
13.0841 14756
13.0844 13804
13.0877 14280
13.0913 14756
13.0916 13804
13.0949 14280
13.0985 14756
13.0988 13804
13.1021 14280
13.1057 14756
13.106 13804
13.1093 14280
13.1129 14756
13.1132 13804
13.1165 14280
13.1201 14756
13.1204 13804
13.1237 14280
13.1273 14756
13.1276 13804
13.1309 14280
13.1345 14756
13.1348 13804
13.1381 14280
13.1417 14756
13.142 13804
13.1453 14280
13.1489 14756
13.1492 13804
13.1525 14280
13.1561 14756
13.1564 13804
13.1597 14280
13.1633 14756
13.1636 13804
13.1669 14280
13.1705 14756
13.1708 13804
13.1741 14280
13.1777 14756
13.178 13804
13.1813 14280
13.1849 14756
13.1852 13804
13.1885 14280
13.1921 14756
13.1924 13804
13.1957 14280
13.1993 14756
13.1996 13804
13.2029 14280
13.2065 14756
13.2068 13804
13.2101 14280
13.2137 14756
13.214 14280
13.2173 14756
13.2176 14280
13.2209 14756
13.2212 13804
13.2212 14280
13.2245 14756
13.2248 14280
13.2284 13804
13.232 13328
13.2356 12852
13.2392 12376
13.2428 11900
13.2464 11424
13.25 10948
13.2536 10472
13.2572 9996
13.2608 9520
13.2644 9044
13.268 8568
13.2716 8092
13.2752 7616
13.2788 7140
13.286 6664
13.2896 6188
13.2932 5236
13.3004 4284
13.304 3808
13.3076 3332
13.3112 2856
13.3148 2380
13.3184 1904
13.322 1428
13.322 1904
13.3256 1428
13.3256 1904
13.326 1428
13.3292 952
13.3292 1428
13.3328 1904
13.3364 2380
13.34 2856
13.3436 3332
13.3472 3808
13.3508 4284
13.3544 4760
13.358 5236
13.3616 5712
13.3652 6188
13.3688 6664
13.3724 7140
13.376 7616
13.3796 8092
13.3831 8568
13.3867 9044
13.3903 9520
13.3939 9996
13.4267 9520
13.4267 9996
13.4303 10472
13.4307 9996
13.4339 10472
13.4375 10948
13.4375 9996
13.4411 10472
13.4447 10948
13.4447 9996
13.4483 10472
13.4519 10948
13.4519 9996
13.4555 10472
13.4591 10948
13.4591 9996
13.4627 10472
13.4663 10948
13.4663 9996
13.4699 10472
13.4735 10948
13.4735 9996
13.4771 10472
13.4807 10948
13.4807 9996
13.4843 10472
13.4879 10948
13.4914 11424
13.495 11900
13.495 9996
13.4986 10472
13.5022 10948
13.5058 11424
13.5094 11900
13.513 12376
13.5166 12852
13.5202 13328
13.5238 13804
13.5274 14280
13.531 14756
13.5314 13804
13.5346 14280
13.5382 14756
13.5386 13804
13.5418 14280
13.5454 14756
13.5458 13804
13.549 14280
13.5526 14756
13.553 13804
13.5562 14280
13.5598 14756
13.5602 13804
13.5634 14280
13.567 14756
13.5674 13804
13.5706 14280
13.5742 14756
13.5746 13804
13.5778 14280
13.5814 14756
13.5818 13804
13.585 14280
13.5886 14756
13.5922 15232
13.5958 15708
13.5961 13804
13.5994 14280
13.603 14756
13.6033 13804
13.6066 14280
13.6102 14756
13.6105 13804
13.6138 14280
13.6174 14756
13.621 15232
13.6213 14756
13.6213 14280
13.6246 14756
13.6249 14280
13.6282 14756
13.6318 15232
13.6322 14280
13.6354 14756
13.6358 14280
13.639 14756
13.6394 13804
13.643 13328
13.6465 12852
13.6501 12376
13.6537 11900
13.6573 11424
13.6609 10948
13.6645 10472
13.6681 9996
13.6717 9520
13.6753 9044
13.6789 8568
13.6825 8092
13.6861 7616
13.6897 7140
13.6933 6664
13.6969 6188
13.7005 5712
13.7041 5236
13.7077 4760
13.7113 4284
13.7149 3808
13.7185 3332
13.7221 2856
13.7257 2380
13.7293 1904
13.7329 1428
13.7329 1904
13.7365 1428
13.7365 1904
13.7401 1428
13.7401 1904
13.7437 1428
13.7437 1904
13.8376 1428
13.8376 1904
13.8412 2380
13.8448 1904
13.8448 2380
13.8484 2856
13.8484 1904
13.852 2380
13.8556 2856
13.8592 3332
13.8628 3808
13.8664 4284
13.87 4760
13.8736 5236
13.8772 5712
13.8808 6188
13.8844 6664
13.888 7140
13.8916 7616
13.8952 8092
13.8988 8568
13.9024 9044
13.906 9520
13.9096 9996
13.9132 10472
13.9168 10948
13.9204 11424
13.924 11900
13.9276 12376
13.9312 12852
13.9348 13328
13.9384 13804
13.942 14280
13.9456 14756
13.9459 13804
13.9492 14280
13.9528 14756
13.9531 13804
13.9564 14280
13.96 14756
13.9603 13804
13.9636 14280
13.9672 14756
13.9675 13804
13.9708 14280
13.9744 14756
13.9747 13804
13.978 14280
13.9816 14756
13.9819 13804
13.9852 14280
13.9888 14756
13.9891 13804
13.9924 14280
13.996 14756
13.9963 13804
13.9996 14280
14.0032 14756
14.0035 13804
14.0068 14280
14.0104 14756
14.0107 13804
14.014 14280
14.0175 14756
14.0179 13804
14.0211 14280
14.0247 14756
14.0251 13804
14.0283 14280
14.0319 14756
14.0323 13804
14.0355 14280
14.0391 14756
14.0395 13804
14.0427 14280
14.0463 14756
14.0467 13804
14.0499 14280
14.0535 14756
14.0539 13804
14.0571 14280
14.0607 14756
14.0643 15232
14.0647 14756
14.0647 14280
14.0679 14756
14.0683 14280
14.0715 14756
14.0719 13804
14.0751 14280
14.0755 13804
14.0787 14280
14.0791 13804
14.0827 13328
14.0863 12852
14.0899 12376
14.0935 11900
14.0971 11424
14.1007 10948
14.1043 10472
14.1079 9996
14.1115 9520
14.1151 9044
14.1223 8568
14.1259 8092
14.1331 6664
14.1331 7140
14.1403 6664
14.1439 6188
14.1475 5236
14.1511 4760
14.1547 4284
14.1583 3808
14.1619 3332
14.1655 2856
14.1763 2380
14.1799 1904
14.1835 2380
14.1835 1904
14.1871 2380
14.1907 2856
14.1943 3332
14.1978 3808
14.2014 4284
14.205 4760
14.2086 5236
14.2122 5712
14.2158 6188
14.2378 5712
14.2882 5236
14.2918 4284
14.2954 3808
14.299 3332
14.3026 2856
14.3062 2380
14.3098 1904
14.3134 1428
14.3134 1904
14.317 1428
14.317 1904
14.3206 1428
14.3206 1904
14.3799 0
14.3799 476
14.3929 0
14.3929 476
14.3965 952
14.4001 1428
14.4037 1904
14.4181 0
14.4181 476
14.4217 952
14.4253 1428
14.4253 476
14.4289 952
14.4325 1428
14.436 1904
14.6253 0
14.6253 476
15.0253 0
15.0253 476
15.8253 0
15.8253 476
17.4253 0
17.4253 476
20.6253 0
20.6253 476
27.0253 0
27.0253 476
39.8253 0
