0.0 0
0.114232 0.104
0.220339 0.10425
0.227525 0.104969
0.234722 0.105473
0.24192 0.105914
0.249117 0.106424
0.326435 0.115621
0.333632 0.114919
0.340829 0.114179
0.352764 0.114156
0.355945 0.113637
0.362421 0.113182
0.369618 0.112785
0.376815 0.112311
0.384013 0.112023
0.432531 0.116895
0.439728 0.115908
0.451663 0.115669
0.45886 0.115461
0.466057 0.114778
0.473254 0.114181
0.480452 0.113658
0.487649 0.113201
0.494846 0.112676
0.538627 0.116841
0.550561 0.116486
0.557759 0.116175
0.564956 0.115278
0.572153 0.114619
0.57935 0.114041
0.586548 0.113536
0.593745 0.112969
0.600942 0.112473
0.644723 0.116664
0.656657 0.116331
0.663855 0.115415
0.671052 0.114738
0.678249 0.114146
0.685446 0.113627
0.692644 0.113174
0.699841 0.112652
0.711775 0.112821
0.750819 0.116968
0.762753 0.116597
0.769951 0.115647
0.777148 0.114941
0.784345 0.114324
0.791542 0.113783
0.79874 0.113185
0.810674 0.113287
0.817871 0.113376
0.856915 0.116829
0.868849 0.116476
0.876047 0.115666
0.883244 0.114958
0.890441 0.114338
0.897638 0.113796
0.909573 0.113821
0.91677 0.113844
0.923967 0.113238
0.963011 0.116833
0.974945 0.116479
0.982143 0.115669
0.98934 0.114961
0.996537 0.114341
1.00847 0.114298
1.01567 0.114261
1.02287 0.113603
1.03006 0.113153
1.06911 0.116759
1.08104 0.116539
1.08824 0.115721
1.09544 0.115006
1.10737 0.115006
1.11457 0.11488
1.12176 0.114145
1.12896 0.113502
1.13616 0.113064
1.1752 0.116681
1.18714 0.116471
1.19433 0.115662
1.20627 0.115579
1.21347 0.115382
1.22066 0.114709
1.22786 0.113995
1.23506 0.113496
1.24226 0.113059
1.2813 0.116677
1.29323 0.116467
1.30517 0.116284
1.31237 0.116123
1.31956 0.115358
1.32676 0.114563
1.33396 0.113868
1.34115 0.113384
1.34835 0.112961
1.38739 0.116591
1.39933 0.116392
1.41126 0.116218
1.41846 0.115441
1.42566 0.114761
1.43286 0.114041
1.44005 0.113536
1.44725 0.113094
1.45445 0.112707
1.49349 0.116369
1.50543 0.116197
1.51736 0.116048
1.52456 0.115292
1.53175 0.114505
1.53895 0.113817
1.54615 0.11334
1.55335 0.112923
1.56528 0.113182
1.59959 0.116659
1.61152 0.116327
1.62346 0.116036
1.63065 0.115282
1.63785 0.114496
1.64505 0.113934
1.65224 0.113443
1.66418 0.113637
1.67138 0.113808
1.70568 0.116707
1.71762 0.116368
1.72955 0.116072
1.73675 0.115188
1.74395 0.114415
1.75114 0.113863
1.76308 0.114005
1.77028 0.114129
1.77747 0.113613
1.81178 0.116537
1.82371 0.116219
1.83565 0.115942
1.84285 0.115074
1.85004 0.11444
1.86198 0.114385
1.86917 0.114462
1.87637 0.113904
1.88357 0.113416
1.91787 0.116239
1.92981 0.115959
1.94174 0.115714
1.94894 0.114875
1.96088 0.114766
1.96807 0.114795
1.97527 0.114196
1.98247 0.113671
1.98966 0.113212
2.02397 0.116061
2.03591 0.115803
2.04784 0.115578
2.05977 0.115381
2.06697 0.115208
2.07417 0.114557
2.08137 0.113987
2.08856 0.113489
2.09576 0.112928
2.13007 0.115937
2.142 0.11582
2.15394 0.115592
2.16587 0.115393
2.17307 0.114719
2.18027 0.114129
2.18746 0.113613
2.19466 0.113161
2.20186 0.112641
2.23616 0.115686
2.2481 0.1156
2.26003 0.115525
2.27197 0.115335
2.27916 0.114668
2.28636 0.114084
2.29356 0.113574
2.30076 0.113002
2.30795 0.112502
2.34226 0.115564
2.35419 0.115494
2.36613 0.115432
2.37806 0.115378
2.38526 0.114706
2.39246 0.114117
2.39965 0.113603
2.40685 0.113027
2.41879 0.113149
2.44835 0.11613
2.46029 0.115989
2.47222 0.115865
2.48416 0.115757
2.49136 0.115038
2.49855 0.114408
2.50575 0.113732
2.51768 0.113765
2.52488 0.113795
2.55445 0.11607
2.56639 0.115937
2.57832 0.11582
2.59025 0.115717
2.59745 0.115002
2.60465 0.114377
2.61658 0.11433
2.62378 0.114289
2.63098 0.113628
2.66055 0.115924
2.67248 0.115684
2.68442 0.115598
2.69635 0.115523
2.70355 0.114833
2.71548 0.114729
2.72268 0.114638
2.72988 0.113933
2.73707 0.113441
2.76664 0.115761
2.77858 0.115541
2.79051 0.115348
2.80245 0.11518
2.81438 0.115157
2.82158 0.115013
2.82878 0.114261
2.83597 0.113603
2.84317 0.113153
2.87274 0.115509
2.88467 0.11532
2.89661 0.115155
2.90854 0.115011
2.92048 0.114885
2.92767 0.114274
2.93487 0.113615
2.94207 0.113163
2.94927 0.112768
2.97883 0.115172
2.99077 0.115025
3.0027 0.114897
3.01464 0.114785
3.02657 0.114687
3.03377 0.113976
3.04097 0.113354
3.04816 0.112935
3.05536 0.112568
3.08493 0.114997
3.09687 0.114872
3.1088 0.114763
3.12073 0.114668
3.13267 0.114584
3.13987 0.113886
3.14706 0.113401
3.15426 0.112975
3.16146 0.112604
3.19103 0.115153
3.20296 0.115009
3.2149 0.114883
3.22683 0.114772
3.23877 0.114676
3.24596 0.113966
3.25316 0.113471
3.26036 0.113037
3.27229 0.113282
3.29712 0.115622
3.30906 0.115544
3.32099 0.115351
3.33293 0.115182
3.34486 0.115034
3.35206 0.114405
3.35926 0.113855
3.37119 0.113998
3.37839 0.114123
3.40322 0.115858
3.41515 0.11575
3.42709 0.115657
3.43902 0.115575
3.45096 0.115378
3.45815 0.114706
3.47009 0.114742
3.47729 0.114775
3.48448 0.114178
3.50931 0.115905
3.52125 0.115792
3.53318 0.115693
3.54512 0.115607
3.55705 0.115531
3.56899 0.115339
3.57619 0.115297
3.58338 0.114635
3.59058 0.114056
3.61541 0.115674
3.62735 0.115589
3.63928 0.115516
3.65121 0.115451
3.66315 0.115395
3.67508 0.115345
3.68228 0.114677
3.68948 0.114093
3.69668 0.113581
3.72151 0.115258
3.73344 0.115101
3.74538 0.115088
3.75731 0.115077
3.76925 0.115068
3.78118 0.115059
3.78838 0.114427
3.79557 0.113874
3.80277 0.113264
3.8276 0.114981
3.83954 0.114859
3.85147 0.114751
3.86341 0.114782
3.87534 0.11481
3.88728 0.114833
3.89447 0.114229
3.90167 0.113701
3.90887 0.113113
3.9337 0.114849
3.94563 0.114743
3.95757 0.11465
3.9695 0.114569
3.98144 0.114498
3.99337 0.11456
4.00057 0.11399
4.00777 0.113367
4.01496 0.112821
4.03979 0.114593
4.05173 0.114519
4.06366 0.114454
4.0756 0.114397
4.08753 0.114348
4.09947 0.114304
4.10667 0.113766
4.11386 0.11317
4.1258 0.113274
4.14589 0.11499
4.15783 0.114866
4.16976 0.114758
4.18169 0.114663
4.19363 0.11458
4.20556 0.114508
4.21276 0.113819
4.2247 0.113842
4.23189 0.113862
4.25199 0.114879
4.26392 0.114769
4.27586 0.114673
4.28779 0.114589
4.29973 0.114515
4.31166 0.114451
4.32359 0.114394
4.33079 0.114345
4.33799 0.113677
4.35808 0.114842
4.37002 0.114862
4.38195 0.114754
4.39389 0.11466
4.40582 0.114578
4.41776 0.114505
4.42969 0.114442
4.43689 0.113762
4.44408 0.113292
4.46418 0.114505
4.47611 0.114567
4.48805 0.114621
4.49998 0.114544
4.51192 0.114476
4.52385 0.114416
4.53579 0.114364
4.54298 0.113694
4.55018 0.113232
4.57027 0.114453
4.58221 0.114521
4.59414 0.114581
4.60608 0.114633
4.61801 0.114679
4.62995 0.114594
4.64188 0.11452
4.64908 0.113955
4.65628 0.113461
4.67637 0.114653
4.68831 0.114696
4.70024 0.114734
4.71217 0.114768
4.72411 0.114797
4.73604 0.114822
4.74798 0.114719
4.75518 0.114129
4.76237 0.113613
4.78247 0.114787
4.7944 0.114813
4.80634 0.114837
4.81827 0.114857
4.83021 0.114875
4.84214 0.114891
4.85407 0.114904
4.86127 0.114291
4.86847 0.113755
4.88856 0.11491
4.9005 0.114797
4.91243 0.114822
4.92437 0.114844
4.9363 0.114864
4.94824 0.114881
4.96017 0.114896
4.96737 0.114284
4.9793 0.114373
4.99466 0.115327
5.00659 0.115161
5.01853 0.115016
5.03046 0.114889
5.0424 0.114903
5.05433 0.114915
5.06627 0.114925
5.0782 0.114935
5.0854 0.114943
5.10075 0.115325
5.11269 0.115159
5.12462 0.115014
5.13656 0.114888
5.14849 0.114777
5.16043 0.114805
5.17236 0.114829
5.1843 0.11485
5.19149 0.114244
5.20685 0.114714
5.21879 0.114624
5.23072 0.114546
5.24265 0.114478
5.25459 0.114418
5.26652 0.114366
5.27846 0.11432
5.29039 0.114405
5.29759 0.113855
5.31295 0.114248
5.32488 0.114217
5.33682 0.11419
5.34875 0.114166
5.36069 0.114145
5.37262 0.114127
5.38455 0.114111
5.39649 0.114097
5.40369 0.113585
5.41904 0.114137
5.43098 0.11412
5.44291 0.114105
5.45485 0.114092
5.46678 0.11408
5.47872 0.11407
5.49065 0.114061
5.50258 0.114054
5.50978 0.113422
5.52514 0.113994
5.53707 0.11412
5.54901 0.11423
5.56094 0.114201
5.57288 0.114176
5.58481 0.114154
5.59675 0.114135
5.60868 0.114118
5.61588 0.113478
5.63123 0.114043
5.64317 0.114163
5.6551 0.114268
5.66704 0.114359
5.67897 0.114314
5.69091 0.114275
5.70284 0.114241
5.71478 0.114211
5.72197 0.113559
5.73733 0.114114
5.74927 0.114225
5.7612 0.114322
5.77313 0.114407
5.78507 0.114481
5.797 0.114546
5.80894 0.114478
5.82087 0.114418
5.83281 0.114366
5.84343 0.11482
5.85536 0.114842
5.8673 0.114862
5.87923 0.114879
5.89117 0.114894
5.9031 0.114908
5.91503 0.114919
5.92697 0.114804
5.9389 0.114704
5.94952 0.114491
5.96146 0.114429
5.97339 0.114501
5.98533 0.114563
5.99726 0.114618
6.0092 0.114666
6.02113 0.114707
6.03306 0.114744
6.045 0.114651
6.05562 0.114445
6.06755 0.114389
6.07949 0.11434
6.09142 0.114423
6.10336 0.114495
6.11529 0.114558
6.12723 0.114613
6.13916 0.114662
6.1511 0.114704
6.16171 0.114491
6.17365 0.11443
6.18558 0.114376
6.19752 0.114329
6.20945 0.114288
6.22139 0.114377
6.23332 0.114455
6.24526 0.114523
6.25719 0.114583
6.26781 0.114385
6.27975 0.114337
6.29168 0.114295
6.30361 0.114258
6.31555 0.114226
6.32748 0.114197
6.33942 0.114298
6.35135 0.114385
6.36329 0.114462
6.37391 0.114279
6.38584 0.114245
6.39778 0.114214
6.40971 0.114187
6.42165 0.114164
6.43358 0.114143
6.44551 0.114125
6.45745 0.11411
6.46938 0.114221
6.48 0.114193
6.49194 0.114169
6.50387 0.114148
6.51581 0.11413
6.52774 0.114113
6.53968 0.114099
6.55161 0.114087
6.56354 0.114076
6.57548 0.114066
6.58741 0.114183
6.59803 0.114285
6.60997 0.11425
6.6219 0.114218
6.63384 0.114191
6.64577 0.114167
6.65771 0.114146
6.66964 0.114128
6.68158 0.114112
6.69351 0.114098
6.70413 0.113961
6.71606 0.114091
6.728 0.114079
6.73993 0.114069
6.75187 0.114061
6.7638 0.114053
6.77574 0.114047
6.78767 0.114041
6.79961 0.114036
6.81023 0.113906
6.82216 0.114043
6.83409 0.114163
6.84603 0.114267
6.85796 0.114234
6.8699 0.114205
6.88183 0.114179
6.89377 0.114157
6.9057 0.114137
6.91632 0.113995
6.92826 0.114121
6.94019 0.11423
6.95213 0.114327
6.96406 0.114411
6.97599 0.114359
6.98793 0.114315
6.99986 0.114275
7.0118 0.114241
7.02242 0.114086
7.03435 0.1142
7.04629 0.1143
7.05822 0.114388
7.07016 0.114464
7.08209 0.114531
7.09402 0.11459
7.10596 0.114516
7.11789 0.114451
7.12851 0.11427
7.14045 0.114236
7.15238 0.114332
7.16432 0.114415
7.17625 0.114488
7.18819 0.114552
7.20012 0.114608
7.21206 0.114657
7.22399 0.114575
7.23461 0.114378
7.24654 0.114331
7.25848 0.11429
7.27041 0.114378
7.28235 0.114456
7.29428 0.114524
7.30622 0.114584
7.31815 0.114636
7.33009 0.114681
7.34202 0.114721
7.35264 0.114631
7.36457 0.114552
7.37651 0.114483
7.38844 0.114423
7.40038 0.114495
7.41231 0.114558
7.42425 0.114613
7.43618 0.114662
7.44812 0.114704
7.45874 0.114491
7.47067 0.11443
7.48261 0.114376
7.49454 0.114329
7.50647 0.114288
7.51841 0.114377
7.53034 0.114455
7.54228 0.114523
7.55421 0.114582
7.56483 0.114385
7.57677 0.114337
7.5887 0.114295
7.60064 0.114258
7.61257 0.114225
7.6245 0.114197
7.63644 0.114173
7.64837 0.114276
7.66031 0.114367
7.67093 0.114196
7.68286 0.114171
7.6948 0.11415
7.70673 0.114131
7.71867 0.114115
7.7306 0.1141
7.74254 0.114088
7.75447 0.114077
7.7664 0.114192
7.77702 0.114168
7.78896 0.114147
7.80089 0.114129
7.81283 0.114113
7.82476 0.114099
7.8367 0.114086
7.84863 0.114075
7.86057 0.114066
7.8725 0.114058
7.88312 0.113926
7.89505 0.11406
7.90699 0.114052
7.91892 0.114046
7.93086 0.11404
7.94279 0.114035
7.95473 0.114031
7.96666 0.114027
7.9786 0.114024
7.98922 0.113896
8.00115 0.114034
8.01309 0.114154
8.02502 0.11426
8.03695 0.114228
8.04889 0.114199
8.06082 0.114174
8.07276 0.114152
8.08469 0.114133
8.09663 0.114117
8.10725 0.114227
8.11918 0.114324
8.13112 0.114408
8.14305 0.114482
8.15498 0.114422
8.16692 0.114369
8.17885 0.114323
8.19079 0.114283
8.20272 0.114247
8.21334 0.114091
8.22528 0.114205
8.23721 0.114304
8.24915 0.114391
8.26108 0.114467
8.27302 0.114534
8.28495 0.114467
8.29688 0.114409
8.30882 0.114358
8.31944 0.114188
8.33137 0.11429
8.34331 0.114378
8.35524 0.114456
8.36718 0.114524
8.37911 0.114584
8.39105 0.114636
8.40298 0.114556
8.41492 0.114487
8.42553 0.114301
8.43747 0.114263
8.4494 0.114355
8.46134 0.114436
8.47327 0.114506
8.48521 0.114568
8.49714 0.114622
8.50908 0.114669
8.52101 0.114711
8.53163 0.114497
8.54357 0.114435
8.5555 0.11438
8.56743 0.114333
8.57937 0.114416
8.5913 0.114489
8.60324 0.114553
8.61517 0.114609
8.62711 0.114658
8.63773 0.114451
8.64966 0.114394
8.6616 0.114345
8.67353 0.114302
8.68546 0.114264
8.6974 0.114356
8.70933 0.114437
8.72127 0.114507
8.7332 0.114569
8.74382 0.114373
8.75576 0.114326
8.76769 0.114285
8.77963 0.11425
8.79156 0.114218
8.8035 0.114191
8.81543 0.114292
8.82736 0.114381
8.8393 0.114458
8.85123 0.114526
8.86185 0.11446
8.87379 0.114403
8.88572 0.114352
8.89766 0.114308
8.90959 0.11427
8.92153 0.114236
8.93346 0.114206
8.9454 0.114306
8.95733 0.114392
8.96795 0.114218
8.97988 0.114191
8.99182 0.114167
9.00375 0.114146
9.01569 0.114128
9.02762 0.114112
9.03956 0.114098
9.05149 0.114086
9.06343 0.1142
9.07405 0.114175
9.08598 0.114153
9.09791 0.114134
9.10985 0.114117
9.12178 0.114103
9.13372 0.11409
9.14565 0.114079
9.15759 0.114069
9.16952 0.11406
9.18014 0.113928
9.19208 0.114062
9.20401 0.114179
9.21594 0.114157
9.22788 0.114137
9.23981 0.11412
9.25175 0.114105
9.26368 0.114092
9.27562 0.11408
9.28624 0.113945
9.29817 0.114077
9.31011 0.114192
9.32204 0.114293
9.33398 0.114257
9.34591 0.114225
9.35784 0.114197
9.36978 0.114172
9.38171 0.11415
9.39233 0.114007
9.40427 0.114131
9.4162 0.114239
9.42814 0.114335
9.44007 0.114418
9.45201 0.114491
9.46394 0.114429
9.47588 0.114376
9.48781 0.114329
9.49843 0.114163
9.51036 0.114267
9.5223 0.114359
9.53423 0.114439
9.54617 0.114509
9.5581 0.11457
9.57004 0.114624
9.58197 0.114546
9.59391 0.114478
9.60584 0.114418
9.61646 0.114366
9.62839 0.114445
9.64033 0.114514
9.65226 0.114575
9.6642 0.114628
9.67613 0.114675
9.68807 0.114715
9.7 0.114751
9.71194 0.114657
9.72256 0.11445
9.73449 0.114394
9.74642 0.11447
9.75836 0.114536
9.77029 0.114594
9.78223 0.114645
9.79416 0.114689
9.8061 0.114728
9.81803 0.114762
9.82865 0.114542
9.84059 0.114474
9.85252 0.114415
9.86446 0.114363
9.87639 0.114443
9.88832 0.114512
9.90026 0.114573
9.91219 0.114627
9.92413 0.114673
9.93475 0.114464
9.94668 0.114406
9.95862 0.114355
9.97055 0.114311
9.98249 0.114272
9.99442 0.114363
10.0064 0.114443
10.0183 0.114512
10.0302 0.114573
10.0408 0.114377
10.0528 0.11433
10.0647 0.114288
10.0766 0.114252
10.0886 0.114221
10.1005 0.114193
10.1125 0.114169
10.1244 0.114273
10.1363 0.114364
10.1469 0.114193
10.1589 0.114169
10.1708 0.114148
10.1827 0.114129
10.1947 0.114113
10.2066 0.114099
10.2185 0.114087
10.3127 0.124326
10.3282 0.122535
10.4224 0.120968
10.4427 0.120097
10.5321 0.118835
10.5524 0.117731
10.6418 0.116639
10.6621 0.115809
10.7515 0.115083
10.7718 0.114323
10.8612 0.113782
10.8862 0.113935
10.9709 0.113318
10.9959 0.112778
11.0806 0.112431
11.1056 0.112127
11.1903 0.111861
11.2153 0.111628
11.3 0.1113
11.3297 0.111637
11.4097 0.111433
11.4394 0.111254
11.5193 0.111097
11.5491 0.11096
11.629 0.11084
11.6588 0.11061
11.7387 0.110409
11.7732 0.110983
11.8484 0.11086
11.8829 0.110627
11.9581 0.110549
11.9926 0.11048
12.0678 0.110295
12.1023 0.110258
12.1775 0.110226
12.2167 0.110698
12.2872 0.110611
12.3264 0.110534
12.3969 0.110342
12.4361 0.1103
12.5066 0.110262
12.5458 0.110104
12.6163 0.110091
12.6603 0.110705
12.726 0.110492
12.7699 0.110305
12.8357 0.110267
12.8796 0.110234
12.9454 0.110205
12.9893 0.110179
13.0551 0.110157
13.1038 0.110637
13.1648 0.110432
13.2135 0.110378
13.2745 0.110331
13.3232 0.11029
13.3842 0.110253
13.4329 0.110097
13.4939 0.10996
13.5473 0.11059
13.6035 0.110516
13.657 0.110327
13.7132 0.110286
13.7667 0.11025
13.8229 0.110094
13.8764 0.110082
13.9326 0.110072
13.9908 0.110563
14.0423 0.110492
14.1005 0.110431
14.152 0.110377
14.2102 0.11033
14.2617 0.110164
14.3199 0.110018
14.3714 0.110016
14.4343 0.110639
14.4811 0.110559
14.544 0.110489
14.5908 0.110303
14.6537 0.11014
14.7005 0.110123
14.7634 0.110107
14.8102 0.110094
14.8778 0.110582
14.9199 0.110384
14.9875 0.110336
15.0296 0.110294
15.0972 0.110258
15.1393 0.110225
15.2069 0.110072
15.249 0.109938
15.3213 0.110571
15.3587 0.1105
15.431 0.110437
15.4684 0.110382
15.5407 0.11021
15.5781 0.110183
15.6504 0.11016
15.6877 0.110015
15.7649 0.110514
15.7974 0.110449
15.8746 0.110393
15.9071 0.110344
15.9843 0.110301
16.0168 0.110138
16.0939 0.109996
16.1265 0.109997
16.2084 0.110622
16.2362 0.110544
16.3181 0.110476
16.3459 0.110292
16.4278 0.11013
16.4556 0.110114
16.5375 0.1101
16.5653 0.110087
16.6519 0.110576
16.675 0.110379
16.7616 0.110332
16.7847 0.11029
16.8713 0.110254
16.8944 0.110222
16.981 0.11007
17.0041 0.110061
17.0954 0.110678
17.1138 0.110468
17.2051 0.11041
17.2235 0.110359
17.3148 0.110189
17.3332 0.110165
17.4245 0.110145
17.4429 0.110002
17.5389 0.110501
17.5526 0.110439
17.6486 0.110384
17.6622 0.110336
17.7583 0.110294
17.7719 0.110132
17.868 0.110116
17.8816 0.110101
17.9824 0.110589
17.9913 0.110515
18.0921 0.110451
18.101 0.110394
18.2018 0.11022
18.2107 0.110067
18.3115 0.110059
18.3204 0.110052
18.426 0.110545
18.4301 0.110477
18.5357 0.110417
18.5429 0.11024
18.6453 0.11021
18.6525 0.110184
18.755 0.110161
18.7622 0.110141
18.8695 0.110623
18.8727 0.110545
18.9792 0.110477
18.9864 0.110418
19.0889 0.11024
19.0961 0.11021
19.1986 0.110184
19.2058 0.110036
19.313 0.110531
19.3162 0.11059
19.4227 0.110516
19.4299 0.110327
19.5324 0.110286
19.5396 0.11025
19.6421 0.110219
19.6493 0.110192
19.7565 0.110668
19.7597 0.110584
19.8662 0.110511
19.8734 0.110447
19.9759 0.110266
19.9831 0.110233
20.0856 0.110204
20.0928 0.110053
20.2 0.110672
20.2032 0.110713
20.3097 0.110499
20.3169 0.110311
20.4194 0.110272
20.4266 0.110238
20.5291 0.110209
20.5363 0.110183
20.6435 0.11066
20.6467 0.110577
20.7532 0.110505
20.7604 0.110442
20.8629 0.110262
20.8701 0.110229
20.9726 0.1102
20.9798 0.11005
21.0871 0.110669
21.0902 0.11071
21.1967 0.110497
21.2039 0.11031
21.3064 0.110271
21.3136 0.110237
21.4161 0.110207
21.4233 0.110181
21.5306 0.110659
21.5338 0.110576
21.6403 0.110504
21.6475 0.110441
21.75 0.110261
21.7572 0.110229
21.8597 0.1102
21.8669 0.11005
21.9741 0.110669
21.9773 0.11071
22.0838 0.110496
22.091 0.110309
22.1935 0.110271
22.2007 0.110237
22.3032 0.110207
22.3104 0.110181
22.4176 0.110659
22.4208 0.110576
22.5273 0.110504
22.5345 0.110441
22.637 0.110261
22.6442 0.110228
22.7467 0.1102
22.7539 0.11005
22.8611 0.110669
22.8643 0.11071
22.9708 0.110496
22.978 0.110434
23.0805 0.11038
23.0877 0.110207
23.1902 0.110182
23.1974 0.110159
23.3046 0.110639
23.3078 0.110559
23.4143 0.110489
23.4215 0.110428
23.524 0.110375
23.5312 0.110328
23.6337 0.110162
23.6409 0.110017
23.7481 0.110639
23.7513 0.110685
23.8578 0.110474
23.865 0.110415
23.9675 0.110363
23.9747 0.110193
24.0772 0.110168
24.0844 0.110147
24.1917 0.110629
24.1948 0.11055
24.3014 0.110482
24.3086 0.110421
24.4111 0.110369
24.4183 0.110323
24.5207 0.110157
24.5279 0.110013
24.6352 0.110636
24.6384 0.110682
24.7449 0.110471
24.7521 0.110412
24.8546 0.110361
24.8618 0.110191
24.9643 0.110167
24.9715 0.110146
25.0787 0.110628
25.0819 0.110549
25.1884 0.110481
25.1956 0.110421
25.2981 0.110368
25.3053 0.110322
25.4078 0.110157
25.415 0.110012
25.5222 0.110636
25.5254 0.110681
25.6319 0.110471
25.6391 0.110412
25.7416 0.110361
25.7488 0.110191
25.8513 0.110167
25.8585 0.110146
25.9657 0.110628
25.9689 0.110549
26.0754 0.110481
26.0826 0.11042
26.1851 0.110368
26.1923 0.110322
26.2948 0.110157
26.302 0.110137
26.4092 0.110745
26.4124 0.110652
26.5189 0.110445
26.5261 0.11039
26.6286 0.110341
26.6358 0.110173
26.7383 0.110152
26.7455 0.110133
26.8528 0.110616
26.8559 0.110539
26.9625 0.110472
26.9697 0.110413
27.0721 0.110361
27.0793 0.110316
27.1818 0.110152
27.189 0.110133
27.2963 0.110741
27.2995 0.110648
27.406 0.110442
27.4132 0.110387
27.5157 0.110339
27.5229 0.110171
27.6254 0.11015
27.6326 0.110131
27.7398 0.110615
27.743 0.110538
27.8495 0.110471
27.8567 0.110412
27.9592 0.11036
27.9664 0.110315
28.0689 0.110151
28.0761 0.110132
28.1833 0.110741
28.1865 0.110648
28.293 0.110567
28.3002 0.110496
28.4027 0.110309
28.4099 0.110145
28.5124 0.110127
28.5196 0.110111
28.6268 0.110597
28.63 0.110648
28.7365 0.110567
28.7437 0.110371
28.8462 0.110325
28.8534 0.110284
28.9559 0.110123
28.9631 0.110108
29.0703 0.11072
29.0735 0.11063
29.18 0.110551
29.1872 0.110482
29.2897 0.110297
29.2969 0.110135
29.3994 0.110118
29.4066 0.110103
29.5139 0.11059
29.517 0.110641
29.6236 0.110561
29.6307 0.110366
29.7332 0.11032
29.7404 0.11028
29.8429 0.11012
29.8501 0.110105
29.9574 0.110717
29.9606 0.110627
30.0671 0.110549
30.0743 0.11048
30.1768 0.110295
30.184 0.110133
30.2865 0.110117
30.2937 0.110102
30.4009 0.110589
30.4041 0.110641
30.5106 0.110561
30.5178 0.110366
30.6203 0.11032
30.6275 0.11028
30.73 0.11012
30.7372 0.110105
30.8444 0.110717
30.8476 0.110627
30.9541 0.110549
30.9613 0.11048
31.0638 0.110295
31.071 0.110133
31.1735 0.110117
31.1807 0.110102
31.2879 0.110589
31.2911 0.110641
31.3976 0.110561
31.4048 0.110365
31.5073 0.11032
31.5145 0.11028
31.617 0.110245
31.6242 0.110214
31.7314 0.110687
31.7346 0.110602
31.8411 0.110526
31.8483 0.110461
31.9508 0.110278
31.958 0.110243
32.0605 0.110213
32.0677 0.110061
32.175 0.110554
32.1781 0.110609
32.2846 0.110533
32.2918 0.110342
32.3943 0.110299
32.4015 0.110261
32.504 0.110229
32.5112 0.1102
32.6185 0.110675
32.6216 0.110591
32.7282 0.110517
32.7354 0.110452
32.8379 0.110271
32.8451 0.110237
32.9476 0.110207
32.9547 0.110056
33.062 0.110549
33.0652 0.110606
33.1717 0.11053
33.1789 0.110339
33.2814 0.110296
33.2886 0.110259
33.3911 0.110227
33.3983 0.110199
33.5055 0.110674
33.5087 0.11059
33.6152 0.110516
33.6224 0.110451
33.7249 0.11027
33.7321 0.110236
33.8346 0.110207
33.8418 0.110056
33.949 0.110674
33.9522 0.110715
34.0587 0.1105
34.0659 0.110313
34.1684 0.110274
34.1756 0.110239
34.2781 0.11021
34.2853 0.110183
34.3925 0.11066
34.3957 0.110578
34.5022 0.110506
34.5094 0.110442
34.6119 0.110262
34.6191 0.110229
34.7216 0.110201
34.7288 0.110051
34.836 0.110669
34.8392 0.110711
34.9457 0.110497
34.9529 0.11031
35.0554 0.110271
35.0626 0.110237
35.1651 0.110207
35.1723 0.110182
35.2796 0.110659
35.2827 0.110576
35.3893 0.110504
35.3965 0.110441
35.499 0.110261
35.5061 0.110229
35.6086 0.1102
35.6158 0.11005
35.7231 0.110669
35.7263 0.11071
35.8328 0.110496
35.84 0.110309
35.9425 0.110271
35.9497 0.110237
36.0522 0.110207
36.0594 0.110181
36.1666 0.110659
36.1698 0.110576
36.2763 0.110504
36.2835 0.110441
36.386 0.110261
36.3932 0.110228
36.4957 0.1102
36.5029 0.11005
36.6101 0.110669
36.6133 0.11071
36.7198 0.110496
36.727 0.110434
36.8295 0.11038
36.8367 0.110207
36.9392 0.110182
36.9464 0.110159
37.0536 0.110639
37.0568 0.110559
37.1633 0.110489
37.1705 0.110428
37.273 0.110375
37.2802 0.110328
37.3827 0.110162
37.3899 0.110017
37.4971 0.110639
37.5003 0.110685
37.6068 0.110474
37.614 0.110415
37.7165 0.110363
37.7237 0.110193
37.8262 0.110168
37.8334 0.110147
37.9407 0.110629
37.9438 0.11055
38.0504 0.110482
38.0575 0.110421
38.16 0.110369
38.1672 0.110323
38.2697 0.110157
38.2769 0.110013
38.3842 0.110636
38.3874 0.110682
38.4939 0.110471
38.5011 0.110412
38.6036 0.110361
38.6108 0.110191
38.7133 0.110167
38.7205 0.110146
38.8277 0.110628
38.8309 0.110549
38.9374 0.110481
38.9446 0.110421
39.0471 0.110368
39.0543 0.110322
39.1568 0.110157
39.164 0.110012
39.2712 0.110636
39.2744 0.110681
39.3809 0.110471
39.3881 0.110412
39.4906 0.110361
39.4978 0.110191
39.6003 0.110167
39.6075 0.110146
39.7147 0.110628
39.7179 0.110549
39.8244 0.110481
39.8316 0.11042
39.9341 0.110368
39.9413 0.110322
40.0438 0.110157
40.051 0.110137
40.1582 0.110745
40.1614 0.110652
40.2679 0.110445
40.2751 0.11039
40.3776 0.110341
40.3848 0.110173
40.4873 0.110152
40.4945 0.110133
40.6018 0.110616
40.6049 0.110539
40.7114 0.110472
40.7186 0.110413
40.8211 0.110361
40.8283 0.110316
40.9308 0.110152
40.938 0.110133
41.0453 0.110741
41.0484 0.110648
41.155 0.110442
41.1622 0.110387
41.2647 0.110339
41.2719 0.110171
41.3744 0.11015
41.3815 0.110131
41.4888 0.110615
41.492 0.110538
41.5985 0.110471
41.6057 0.110412
41.7082 0.11036
41.7154 0.110315
41.8179 0.110151
41.8251 0.110132
41.9323 0.110741
41.9355 0.110648
42.042 0.110442
42.0492 0.110387
42.1517 0.110338
42.1589 0.110171
42.2614 0.11015
42.2686 0.110131
42.3758 0.110615
42.379 0.110538
42.4855 0.110471
42.4927 0.110287
42.5952 0.110251
42.6024 0.11022
42.7049 0.110067
42.7121 0.110059
42.8193 0.110676
42.8225 0.110592
42.929 0.110518
42.9362 0.110453
43.0387 0.110271
43.0459 0.110113
43.1484 0.110098
43.1556 0.110086
43.2628 0.110575
43.266 0.110628
43.3725 0.11055
43.3797 0.110356
43.4822 0.110312
43.4894 0.110273
43.5919 0.110114
43.5991 0.110099
43.7064 0.110712
43.7095 0.110623
43.8161 0.110545
43.8233 0.110477
43.9258 0.110292
43.9329 0.110131
44.0354 0.110114
44.0426 0.1101
44.1499 0.110588
44.1531 0.110639
44.2596 0.110559
44.2668 0.110364
44.3693 0.110319
44.3765 0.110279
44.479 0.110119
44.4862 0.110104
44.5934 0.110716
44.5966 0.110627
44.7031 0.110548
44.7103 0.11048
44.8128 0.110295
44.82 0.110133
44.9225 0.110116
44.9297 0.110102
45.0369 0.110589
45.0401 0.11064
45.1466 0.11056
45.1538 0.110365
45.2563 0.11032
45.2635 0.11028
45.366 0.11012
45.3732 0.110105
45.4804 0.110717
45.4836 0.110627
45.5901 0.110549
45.5973 0.11048
45.6998 0.110295
45.707 0.110258
45.8095 0.110226
45.8167 0.110073
45.9239 0.110564
45.9271 0.110618
46.0336 0.110541
46.0408 0.110348
46.1433 0.110305
46.1505 0.110267
46.253 0.110233
46.2602 0.110204
46.3675 0.110679
46.3706 0.110594
46.4772 0.11052
46.4843 0.110455
46.5868 0.110273
46.594 0.110239
46.6965 0.110209
46.7037 0.110058
46.811 0.110551
46.8142 0.110607
46.9207 0.110531
46.9279 0.11034
47.0304 0.110297
47.0376 0.11026
47.1401 0.110227
47.1473 0.110199
47.2545 0.110674
47.2577 0.11059
47.3642 0.110516
47.3714 0.110452
47.4739 0.11027
47.4811 0.110236
47.5836 0.110207
47.5908 0.110056
47.698 0.110674
47.7012 0.110715
47.8077 0.1105
47.8149 0.110313
47.9174 0.110274
47.9246 0.11024
48.0271 0.11021
48.0343 0.110183
48.1415 0.11066
48.1447 0.110578
48.2512 0.110506
48.2584 0.110442
48.3609 0.110262
48.3681 0.110229
48.4706 0.110201
48.4778 0.110051
48.585 0.110669
48.5882 0.110711
48.6947 0.110497
48.7019 0.11031
48.8044 0.110271
48.8116 0.110237
48.9141 0.110207
48.9213 0.110182
49.0286 0.110659
49.0317 0.110576
49.1382 0.110504
49.1454 0.110441
49.2479 0.110261
49.2551 0.110229
49.3576 0.1102
49.3648 0.11005
49.4721 0.110669
49.4752 0.11071
49.5818 0.110496
49.589 0.110309
49.6915 0.110271
49.6987 0.110237
49.8012 0.110207
49.8083 0.110181
49.9156 0.110659
49.9188 0.110576
50.0253 0.110504
50.0325 0.110441
50.135 0.110261
50.1422 0.110228
50.2447 0.1102
50.2519 0.11005
50.3591 0.110669
50.3623 0.11071
50.4688 0.110496
50.476 0.110309
50.5785 0.110271
50.5857 0.110237
50.6882 0.110207
50.6954 0.110181
50.8026 0.110659
50.8058 0.110576
50.9123 0.110504
50.9195 0.110441
51.022 0.110386
51.0292 0.110338
51.1317 0.110171
51.1389 0.110024
51.2461 0.110646
51.2493 0.11069
51.3558 0.110479
51.363 0.110419
51.4655 0.110367
51.4727 0.110196
51.5752 0.110171
51.5824 0.11015
51.6896 0.110631
51.6928 0.110552
51.7993 0.110483
51.8065 0.110423
51.909 0.11037
51.9162 0.110324
52.0187 0.110158
52.0259 0.110014
52.1332 0.110637
52.1363 0.110682
52.2429 0.110472
52.2501 0.110413
52.3526 0.110361
52.3598 0.110191
52.4622 0.110167
52.4694 0.110146
52.5767 0.110628
52.5799 0.11055
52.6864 0.110481
52.6936 0.110421
52.7961 0.110368
52.8033 0.110322
52.9058 0.110157
52.913 0.110012
53.0202 0.110636
53.0234 0.110681
53.1299 0.110471
53.1371 0.110412
53.2396 0.110361
53.2468 0.110191
53.3493 0.110167
53.3565 0.110146
53.4637 0.110628
53.4669 0.110549
53.5734 0.110481
53.5806 0.110421
53.6831 0.110368
53.6903 0.110322
53.7928 0.110157
53.8 0.110012
53.9072 0.110636
53.9104 0.110681
54.0169 0.110471
54.0241 0.110412
54.1266 0.110361
54.1338 0.110191
54.2363 0.110167
54.2435 0.110146
54.3507 0.110628
54.3539 0.110549
54.4604 0.110481
54.4676 0.11042
54.5701 0.110368
54.5773 0.110322
54.6798 0.110157
54.687 0.110137
54.7943 0.110745
54.7974 0.110652
54.904 0.110445
54.9112 0.11039
55.0136 0.110341
55.0208 0.110173
55.1233 0.110152
55.1305 0.110133
55.2378 0.110616
55.241 0.110539
55.3475 0.110472
55.3547 0.110413
55.4572 0.110361
55.4644 0.110316
55.5669 0.110152
55.5741 0.110133
55.6813 0.110741
55.6845 0.110648
55.791 0.110442
55.7982 0.110387
55.9007 0.110339
55.9079 0.110171
56.0104 0.11015
56.0176 0.110131
56.1248 0.110615
56.128 0.110538
56.2345 0.110471
56.2417 0.110287
56.3442 0.110251
56.3514 0.11022
56.4539 0.110067
56.4611 0.110059
56.5683 0.110676
56.5715 0.110592
56.678 0.110518
56.6852 0.110453
56.7877 0.110272
56.7949 0.110113
56.8974 0.110098
56.9046 0.110086
57.0118 0.110575
57.015 0.110628
57.1215 0.11055
57.1287 0.110356
57.2312 0.110312
57.2384 0.110273
57.3409 0.110114
57.3481 0.110099
57.4554 0.110712
57.4585 0.110623
57.565 0.110545
57.5722 0.110477
57.6747 0.110292
57.6819 0.110131
57.7844 0.110114
57.7916 0.1101
57.8989 0.110588
57.9021 0.110639
58.0086 0.110559
58.0158 0.110364
58.1183 0.110319
58.1255 0.110279
58.228 0.110119
58.2352 0.110104
58.3424 0.110716
58.3456 0.110627
58.4521 0.110548
58.4593 0.11048
58.5618 0.110295
58.569 0.110133
58.6715 0.110116
58.6787 0.110102
58.7859 0.110589
58.7891 0.11064
58.8956 0.11056
58.9028 0.110365
59.0053 0.11032
59.0125 0.11028
59.115 0.11012
59.1222 0.110105
59.2294 0.110717
59.2326 0.110627
59.3391 0.110549
59.3463 0.11048
59.4488 0.110295
59.456 0.110258
59.5585 0.110226
59.5657 0.110073
59.6729 0.110564
59.6761 0.110618
59.7826 0.110541
59.7898 0.110348
59.8923 0.110305
59.8995 0.110267
60.002 0.110233
60.0092 0.110204
60.1164 0.110679
60.1196 0.110594
60.2261 0.11052
60.2333 0.110455
60.3358 0.110273
60.343 0.110239
60.4455 0.110209
60.4527 0.110058
60.56 0.110551
60.5631 0.110607
60.6697 0.110531
60.6769 0.11034
60.7794 0.110297
60.7866 0.11026
60.889 0.110227
60.8962 0.110199
61.0035 0.110674
61.0067 0.11059
61.1132 0.110516
61.1204 0.110452
61.2229 0.11027
61.2301 0.110236
61.3326 0.110207
61.3398 0.110056
61.447 0.110549
61.4502 0.110605
61.5567 0.11053
61.5639 0.110338
61.6664 0.110296
61.6736 0.110259
61.7761 0.110227
61.7833 0.110198
61.8905 0.110674
61.8937 0.110589
62.0002 0.110516
62.0074 0.110451
62.1099 0.11027
62.1171 0.110236
62.2196 0.110207
62.2268 0.110056
62.334 0.110674
62.3372 0.110715
62.4437 0.1105
62.4509 0.110313
62.5534 0.110274
62.5606 0.110239
62.6631 0.11021
62.6703 0.110183
62.7775 0.11066
62.7807 0.110578
62.8872 0.110506
62.8944 0.110442
62.9969 0.110262
63.0041 0.110229
63.1066 0.110201
63.1138 0.110051
63.2211 0.110669
63.2242 0.110711
63.3308 0.110497
63.338 0.11031
63.4404 0.110271
63.4476 0.110237
63.5501 0.110207
63.5573 0.110182
63.6646 0.110659
63.6678 0.110576
63.7743 0.110504
63.7815 0.110441
63.884 0.110261
63.8912 0.110229
63.9937 0.1102
64.0009 0.11005
64.1081 0.110669
64.1113 0.11071
64.2178 0.110496
64.225 0.110309
64.3275 0.110271
64.3347 0.110237
64.4372 0.110207
64.4444 0.110181
64.5516 0.110659
64.5548 0.110576
64.6613 0.110504
64.6685 0.110441
64.771 0.110261
64.7782 0.110228
64.8807 0.1102
64.8879 0.11005
64.9951 0.110669
64.9983 0.11071
65.1048 0.110496
65.112 0.110434
65.2145 0.11038
65.2217 0.110207
65.3242 0.110182
65.3314 0.110159
65.4386 0.110639
65.4418 0.110559
65.5483 0.110489
65.5555 0.110428
65.658 0.110375
65.6652 0.110328
65.7677 0.110162
65.7749 0.110017
65.8822 0.110639
65.8853 0.110685
65.9918 0.110474
65.999 0.110415
66.1015 0.110363
66.1087 0.110193
66.2112 0.110168
66.2184 0.110147
66.3257 0.110629
66.3289 0.11055
66.4354 0.110482
66.4426 0.110421
66.5451 0.110369
66.5523 0.110323
66.6548 0.110157
66.662 0.110013
66.7692 0.110636
66.7724 0.110682
66.8789 0.110471
66.8861 0.110412
66.9886 0.110361
66.9958 0.110191
67.0983 0.110167
67.1055 0.110146
67.2127 0.110628
67.2159 0.110549
67.3224 0.110481
67.3296 0.110421
67.4321 0.110368
67.4393 0.110322
67.5418 0.110157
67.549 0.110012
67.6562 0.110636
67.6594 0.110681
67.7659 0.110471
67.7731 0.110412
67.8756 0.110361
67.8828 0.110191
67.9853 0.110167
67.9925 0.110146
68.0997 0.110628
68.1029 0.110549
68.2094 0.110481
68.2166 0.11042
68.3191 0.110368
68.3263 0.110322
68.4288 0.110157
68.436 0.110137
68.5433 0.110745
68.5464 0.110652
68.6529 0.110445
68.6601 0.11039
68.7626 0.110341
68.7698 0.110173
68.8723 0.110152
68.8795 0.110133
68.9868 0.110616
68.9899 0.110539
69.0965 0.110472
69.1037 0.110413
69.2062 0.110361
69.2134 0.110316
69.3158 0.110152
69.323 0.110133
69.4303 0.110741
69.4335 0.110648
69.54 0.110442
69.5472 0.110387
69.6497 0.110339
69.6569 0.110171
69.7594 0.11015
69.7666 0.110131
69.8738 0.110615
69.877 0.110538
69.9835 0.110471
69.9907 0.110412
70.0932 0.11036
70.1004 0.110315
70.2029 0.110151
70.2101 0.110132
70.3173 0.110741
70.3205 0.110648
70.427 0.110567
70.4342 0.110496
70.5367 0.110309
70.5439 0.110145
70.6464 0.110127
70.6536 0.110111
70.7608 0.110597
70.764 0.110648
70.8705 0.110567
70.8777 0.110371
70.9802 0.110325
70.9874 0.110284
71.0899 0.110123
71.0971 0.110108
71.2043 0.11072
71.2075 0.11063
71.314 0.110551
71.3212 0.110482
71.4237 0.110297
71.4309 0.110135
71.5334 0.110118
71.5406 0.110103
71.6479 0.11059
71.651 0.110641
71.7576 0.110561
71.7648 0.110366
71.8673 0.11032
71.8744 0.11028
71.9769 0.11012
71.9841 0.110105
72.0914 0.110717
72.0946 0.110627
72.2011 0.110549
72.2083 0.11048
72.3108 0.110295
72.318 0.110133
72.4205 0.110117
72.4277 0.110102
72.5349 0.110589
72.5381 0.110641
72.6446 0.110561
72.6518 0.110366
72.7543 0.11032
72.7615 0.11028
72.864 0.11012
72.8712 0.110105
72.9784 0.110717
72.9816 0.110627
73.0881 0.110549
73.0953 0.11048
73.1978 0.110295
73.205 0.110133
73.3075 0.110117
73.3147 0.110102
73.4219 0.110589
73.4251 0.110641
73.5316 0.110561
73.5388 0.110365
73.6413 0.11032
73.6485 0.11028
73.751 0.110245
73.7582 0.110214
73.8654 0.110687
73.8686 0.110602
73.9751 0.110526
73.9823 0.110461
74.0848 0.110278
74.092 0.110243
74.1945 0.110213
74.2017 0.110061
74.309 0.110554
74.3121 0.110609
74.4187 0.110533
74.4258 0.110342
74.5283 0.110299
74.5355 0.110261
74.638 0.110229
74.6452 0.1102
74.7525 0.110675
74.7557 0.110591
74.8622 0.110517
74.8694 0.110452
74.9719 0.110271
74.9791 0.110237
75.0816 0.110207
75.0888 0.110056
75.196 0.110549
75.1992 0.110606
75.3057 0.11053
75.3129 0.110339
75.4154 0.110296
75.4226 0.110259
75.5251 0.110227
75.5323 0.110199
75.6395 0.110674
75.6427 0.11059
75.7492 0.110516
75.7564 0.110451
75.8589 0.11027
75.8661 0.110236
75.9686 0.110207
75.9758 0.110056
76.083 0.110674
76.0862 0.110715
76.1927 0.1105
76.1999 0.110313
76.3024 0.110274
76.3096 0.110239
76.4121 0.11021
76.4193 0.110183
76.5265 0.11066
76.5297 0.110578
76.6362 0.110506
76.6434 0.110442
76.7459 0.110262
76.7531 0.110229
76.8556 0.110201
76.8628 0.110051
76.9701 0.110669
76.9732 0.110711
77.0797 0.110497
77.0869 0.11031
77.1894 0.110271
77.1966 0.110237
77.2991 0.110207
77.3063 0.110182
77.4136 0.110659
77.4167 0.110576
77.5233 0.110504
77.5305 0.110441
77.633 0.110261
77.6402 0.110229
77.7427 0.1102
77.7498 0.11005
77.8571 0.110669
77.8603 0.11071
77.9668 0.110496
77.974 0.110309
78.0765 0.110271
78.0837 0.110237
78.1862 0.110207
78.1934 0.110181
78.3006 0.110659
78.3038 0.110576
78.4103 0.110504
78.4175 0.110441
78.52 0.110261
78.5272 0.110228
78.6297 0.1102
78.6369 0.11005
78.7441 0.110669
78.7473 0.11071
78.8538 0.110496
78.861 0.110434
78.9635 0.11038
78.9707 0.110207
79.0732 0.110182
79.0804 0.110159
79.1876 0.110639
79.1908 0.110559
79.2973 0.110489
79.3045 0.110428
79.407 0.110375
79.4142 0.110328
79.5167 0.110162
79.5239 0.110017
79.6311 0.110639
79.6343 0.110685
79.7408 0.110474
79.748 0.110415
79.8505 0.110363
79.8577 0.110193
79.9602 0.110168
79.9674 0.110147
80.0747 0.110629
80.0778 0.11055
80.1844 0.110482
80.1916 0.110421
80.2941 0.110369
80.3012 0.110323
80.4037 0.110157
80.4109 0.110013
80.5182 0.110636
80.5214 0.110682
80.6279 0.110471
80.6351 0.110412
80.7376 0.110361
80.7448 0.110191
80.8473 0.110167
80.8545 0.110146
80.9617 0.110628
80.9649 0.110549
81.0714 0.110481
81.0786 0.110421
81.1811 0.110368
81.1883 0.110322
81.2908 0.110157
81.298 0.110012
81.4052 0.110636
81.4084 0.110681
81.5149 0.110471
81.5221 0.110412
81.6246 0.110361
81.6318 0.110191
81.7343 0.110167
81.7415 0.110146
81.8487 0.110628
81.8519 0.110549
81.9584 0.110481
81.9656 0.11042
82.0681 0.110368
82.0753 0.110322
82.1778 0.110157
82.185 0.110137
82.2922 0.110745
82.2954 0.110652
82.4019 0.110445
82.4091 0.11039
82.5116 0.110341
82.5188 0.110173
82.6213 0.110152
82.6285 0.110133
82.7358 0.110616
82.7389 0.110539
82.8455 0.110472
82.8526 0.110413
82.9551 0.110361
82.9623 0.110316
83.0648 0.110152
83.072 0.110133
83.1793 0.110741
83.1825 0.110648
83.289 0.110442
83.2962 0.110387
83.3987 0.110339
83.4059 0.110171
83.5084 0.11015
83.5156 0.110131
83.6228 0.110615
83.626 0.110538
83.7325 0.110471
83.7397 0.110412
83.8422 0.11036
83.8494 0.110315
83.9519 0.110151
83.9591 0.110132
84.0663 0.110741
84.0695 0.110648
84.176 0.110442
84.1832 0.110387
84.2857 0.110338
84.2929 0.110171
84.3954 0.11015
84.4026 0.110131
84.5098 0.110615
84.513 0.110663
84.6195 0.11058
84.6267 0.110382
84.7292 0.110335
84.7364 0.110293
84.8389 0.110131
84.8461 0.110115
84.9533 0.110725
84.9565 0.110635
85.063 0.110555
85.0702 0.110486
85.1727 0.1103
85.1799 0.110138
85.2824 0.110121
85.2896 0.110105
85.3969 0.110592
85.4 0.110643
85.5065 0.110563
85.5137 0.110367
85.6162 0.110322
85.6234 0.110281
85.7259 0.110121
85.7331 0.110106
85.8404 0.110718
85.8435 0.110628
85.9501 0.11055
85.9573 0.110481
86.0598 0.110296
86.067 0.110134
86.1695 0.110117
86.1766 0.110102
86.2839 0.11059
86.2871 0.110641
86.3936 0.110561
86.4008 0.110366
86.5033 0.11032
86.5105 0.11028
86.613 0.11012
86.6202 0.110105
86.7274 0.110717
86.7306 0.110627
86.8371 0.110549
86.8443 0.11048
86.9468 0.110295
86.954 0.110133
87.0565 0.110117
87.0637 0.110102
87.1709 0.110589
87.1741 0.110641
87.2806 0.110561
87.2878 0.110365
87.3903 0.11032
87.3975 0.11028
87.5 0.11012
87.5072 0.110105
87.6144 0.110717
87.6176 0.110627
87.7241 0.110549
87.7313 0.11048
87.8338 0.110295
87.841 0.110258
87.9435 0.110226
87.9507 0.110073
88.0579 0.110564
88.0611 0.110618
88.1676 0.110541
88.1748 0.110348
88.2773 0.110305
88.2845 0.110267
88.387 0.110233
88.3942 0.110204
88.5015 0.110679
88.5046 0.110594
88.6112 0.11052
88.6184 0.110455
88.7209 0.110273
88.728 0.110239
88.8305 0.110209
88.8377 0.110058
88.945 0.110551
88.9482 0.110607
89.0547 0.110531
89.0619 0.11034
89.1644 0.110297
89.1716 0.11026
89.2741 0.110227
89.2813 0.110199
89.3885 0.110674
89.3917 0.11059
89.4982 0.110516
89.5054 0.110452
89.6079 0.11027
89.6151 0.110236
89.7176 0.110207
89.7248 0.110056
89.832 0.110674
89.8352 0.110715
89.9417 0.1105
89.9489 0.110313
90.0514 0.110274
90.0586 0.11024
90.1611 0.11021
90.1683 0.110183
90.2755 0.11066
90.2787 0.110578
90.3852 0.110506
90.3924 0.110442
90.4949 0.110262
90.5021 0.110229
90.6046 0.110201
90.6118 0.110051
90.719 0.110669
90.7222 0.110711
90.8287 0.110497
90.8359 0.11031
90.9384 0.110271
90.9456 0.110237
91.0481 0.110207
91.0553 0.110182
91.1626 0.110659
91.1657 0.110576
91.2723 0.110504
91.2795 0.110441
91.3819 0.110261
91.3891 0.110229
91.4916 0.1102
91.4988 0.11005
91.6061 0.110669
91.6093 0.11071
91.7158 0.110496
91.723 0.110309
91.8255 0.110271
91.8327 0.110237
91.9352 0.110207
91.9424 0.110181
92.0496 0.110659
92.0528 0.110576
92.1593 0.110504
92.1665 0.110441
92.269 0.110261
92.2762 0.110228
92.3787 0.1102
92.3859 0.11005
92.4931 0.110669
92.4963 0.11071
92.6028 0.110496
92.61 0.110309
92.7125 0.110271
92.7197 0.110237
92.8222 0.110207
92.8294 0.110181
92.9366 0.110659
92.9398 0.110576
93.0463 0.110504
93.0535 0.110441
93.156 0.110386
93.1632 0.110338
93.2657 0.110171
93.2729 0.110024
93.3801 0.110646
93.3833 0.11069
93.4898 0.110479
93.497 0.110419
93.5995 0.110367
93.6067 0.110196
93.7092 0.110171
93.7164 0.11015
93.8237 0.110631
93.8268 0.110552
93.9333 0.110483
93.9405 0.110423
94.043 0.11037
94.0502 0.110324
94.1527 0.110158
94.1599 0.110014
94.2672 0.110637
94.2704 0.110682
94.3769 0.110472
94.3841 0.110413
94.4866 0.110361
94.4938 0.110191
94.5963 0.110167
94.6035 0.110146
94.7107 0.110628
94.7139 0.11055
94.8204 0.110481
94.8276 0.110421
94.9301 0.110368
94.9373 0.110322
95.0398 0.110157
95.047 0.110012
95.1542 0.110636
95.1574 0.110681
95.2639 0.110471
95.2711 0.110412
95.3736 0.110361
95.3808 0.110191
95.4833 0.110167
95.4905 0.110146
95.5977 0.110628
95.6009 0.110549
95.7074 0.110481
95.7146 0.110421
95.8171 0.110368
95.8243 0.110322
95.9268 0.110157
95.934 0.110012
96.0412 0.110636
96.0444 0.110681
96.1509 0.110471
96.1581 0.110412
96.2606 0.110361
96.2678 0.110191
96.3703 0.110167
96.3775 0.110146
96.4847 0.110628
96.4879 0.110549
96.5944 0.110481
96.6016 0.11042
96.7041 0.110368
96.7113 0.110322
96.8138 0.110157
96.821 0.110137
96.9283 0.110745
96.9314 0.110652
97.038 0.110445
97.0452 0.11039
97.1477 0.110341
97.1549 0.110173
97.2573 0.110152
97.2645 0.110133
97.3718 0.110616
97.375 0.110539
97.4815 0.110472
97.4887 0.110413
97.5912 0.110361
97.5984 0.110316
97.7009 0.110152
97.7081 0.110133
97.8153 0.110741
97.8185 0.110648
97.925 0.110442
97.9322 0.110387
98.0347 0.110339
98.0419 0.110171
98.1444 0.11015
98.1516 0.110131
98.2588 0.110615
98.262 0.110538
98.3685 0.110471
98.3757 0.110287
98.4782 0.110251
98.4854 0.11022
98.5879 0.110067
98.5951 0.110059
98.7023 0.110676
98.7055 0.110592
98.812 0.110518
98.8192 0.110453
98.9217 0.110272
98.9289 0.110113
99.0314 0.110098
99.0386 0.110086
99.1458 0.110575
99.149 0.110628
99.2555 0.11055
99.2627 0.110356
99.3652 0.110312
99.3724 0.110273
99.4749 0.110114
99.4821 0.110099
99.5894 0.110712
99.5925 0.110623
99.6991 0.110545
99.7063 0.110477
99.8087 0.110292
99.8159 0.110131
99.9184 0.110114
99.9256 0.1101
100.033 0.110588
100.036 0.110639
100.143 0.110559
100.15 0.110364
100.252 0.110319
100.259 0.110279
100.362 0.110119
100.369 0.110104
100.476 0.110716
100.48 0.110627
100.586 0.110548
100.593 0.11048
100.696 0.110295
100.703 0.110133
100.805 0.110116
100.813 0.110102
100.92 0.110589
100.923 0.11064
101.03 0.11056
101.037 0.110365
101.139 0.11032
101.146 0.11028
101.249 0.11012
101.256 0.110105
101.363 0.110717
101.367 0.110627
101.473 0.110549
101.48 0.11048
101.583 0.110295
101.59 0.110258
101.693 0.110226
101.7 0.110073
101.807 0.110564
101.81 0.110618
101.917 0.110541
101.924 0.110348
102.026 0.110305
102.034 0.110267
102.136 0.110233
102.143 0.110204
102.25 0.110679
102.254 0.110594
102.36 0.11052
102.367 0.110455
102.47 0.110273
102.477 0.110239
102.58 0.110209
102.587 0.110058
102.694 0.110551
102.697 0.110607
102.804 0.110531
102.811 0.11034
102.913 0.110297
102.921 0.11026
103.023 0.110227
103.03 0.110199
103.137 0.110674
103.141 0.11059
103.247 0.110516
103.254 0.110452
103.357 0.11027
103.364 0.110236
103.467 0.110207
103.474 0.110056
103.581 0.110674
103.584 0.110715
103.691 0.1105
103.698 0.110313
103.8 0.110274
103.808 0.11024
103.91 0.11021
103.917 0.110183
104.025 0.11066
104.028 0.110578
104.134 0.110506
104.141 0.110442
104.244 0.110262
104.251 0.110229
104.354 0.110201
104.361 0.110051
104.468 0.110669
104.471 0.110711
104.578 0.110497
104.585 0.11031
104.687 0.110271
104.695 0.110237
104.797 0.110207
104.804 0.110182
104.912 0.110659
104.915 0.110576
105.021 0.110504
105.028 0.110441
105.131 0.110261
105.138 0.110229
105.241 0.1102
105.248 0.11005
105.355 0.110669
105.358 0.11071
105.465 0.110496
105.472 0.110309
105.574 0.110271
105.582 0.110237
105.684 0.110207
105.691 0.110181
105.799 0.110659
105.802 0.110576
105.908 0.110504
105.915 0.110441
106.018 0.110261
106.025 0.110228
106.128 0.1102
106.135 0.11005
106.242 0.110669
106.245 0.11071
106.352 0.110496
106.359 0.110309
106.461 0.110271
106.469 0.110237
106.571 0.110207
106.578 0.110181
106.686 0.110659
106.689 0.110576
106.795 0.110504
106.803 0.110441
106.905 0.110386
106.912 0.110338
107.015 0.110171
107.022 0.110024
107.129 0.110646
107.132 0.11069
107.239 0.110479
107.246 0.110419
107.349 0.110367
107.356 0.110196
107.458 0.110171
107.465 0.11015
107.573 0.110631
107.576 0.110552
107.682 0.110483
107.69 0.110423
107.792 0.11037
107.799 0.110324
107.902 0.110158
107.909 0.110014
108.016 0.110637
108.019 0.110682
108.126 0.110472
108.133 0.110413
108.236 0.110361
108.243 0.110191
108.345 0.110167
108.352 0.110146
108.46 0.110628
108.463 0.11055
108.569 0.110481
108.577 0.110421
108.679 0.110368
108.686 0.110322
108.789 0.110157
108.796 0.110012
108.903 0.110636
108.906 0.110681
109.013 0.110471
109.02 0.110412
109.123 0.110361
109.13 0.110191
109.232 0.110167
109.239 0.110146
109.347 0.110628
109.35 0.110549
109.456 0.110481
109.464 0.110421
109.566 0.110368
109.573 0.110322
109.676 0.110157
109.683 0.110012
109.79 0.110636
109.793 0.110681
109.9 0.110471
109.907 0.110412
110.01 0.110361
110.017 0.110191
110.119 0.110167
110.127 0.110146
110.234 0.110628
110.237 0.110549
110.343 0.110481
110.351 0.11042
110.453 0.110368
110.46 0.110322
110.563 0.110157
110.57 0.110137
110.677 0.110745
110.68 0.110652
110.787 0.110445
110.794 0.11039
110.897 0.110341
110.904 0.110173
111.006 0.110152
111.014 0.110133
111.121 0.110616
111.124 0.110539
111.23 0.110472
111.238 0.110413
111.34 0.110361
111.347 0.110316
111.45 0.110152
111.457 0.110133
111.564 0.110741
111.567 0.110648
111.674 0.110442
111.681 0.110387
111.784 0.110339
111.791 0.110171
111.893 0.11015
111.901 0.110131
112.008 0.110615
112.011 0.110538
112.117 0.110471
112.125 0.110287
112.227 0.110251
112.234 0.11022
112.337 0.110067
112.344 0.110059
112.451 0.110676
112.455 0.110592
112.561 0.110518
112.568 0.110453
112.671 0.110272
112.678 0.110113
112.78 0.110098
112.788 0.110086
112.895 0.110575
112.898 0.110628
113.005 0.11055
113.012 0.110356
113.114 0.110312
113.121 0.110273
113.224 0.110114
113.231 0.110099
113.338 0.110712
113.342 0.110623
113.448 0.110545
113.455 0.110477
113.558 0.110292
113.565 0.110131
113.667 0.110114
113.675 0.1101
113.782 0.110588
113.785 0.110639
113.892 0.110559
113.899 0.110364
114.001 0.110319
114.008 0.110279
114.111 0.110119
114.118 0.110104
114.225 0.110716
114.229 0.110627
114.335 0.110548
114.342 0.11048
114.445 0.110295
114.452 0.110133
114.554 0.110116
114.562 0.110102
114.669 0.110589
114.672 0.11064
114.779 0.11056
114.786 0.110365
114.888 0.11032
114.895 0.11028
114.998 0.11012
115.005 0.110105
115.112 0.110717
115.116 0.110627
115.222 0.110549
115.229 0.11048
115.332 0.110295
115.339 0.110258
115.441 0.110226
115.449 0.110073
115.556 0.110564
115.559 0.110618
115.666 0.110541
115.673 0.110348
115.775 0.110305
115.783 0.110267
115.885 0.110233
115.892 0.110204
115.999 0.110679
116.003 0.110594
116.109 0.11052
116.116 0.110455
116.219 0.110273
116.226 0.110239
116.329 0.110209
116.336 0.110058
116.443 0.110551
116.446 0.110607
116.553 0.110531
116.56 0.11034
116.662 0.110297
116.67 0.11026
116.772 0.110227
116.779 0.110199
116.886 0.110674
116.89 0.11059
116.996 0.110516
117.003 0.110452
117.106 0.11027
117.113 0.110236
117.216 0.110207
117.223 0.110056
117.33 0.110549
117.333 0.110605
117.44 0.11053
117.447 0.110338
117.549 0.110296
117.557 0.110259
117.659 0.110227
117.666 0.110198
117.774 0.110674
117.777 0.110589
117.883 0.110516
117.89 0.110451
117.993 0.11027
118 0.110236
118.103 0.110207
118.11 0.110056
118.217 0.110674
118.22 0.110715
118.327 0.1105
118.334 0.110313
118.436 0.110274
118.444 0.110239
118.546 0.11021
118.553 0.110183
118.661 0.11066
118.664 0.110578
118.77 0.110506
118.777 0.110442
118.88 0.110262
118.887 0.110229
118.99 0.110201
118.997 0.110051
119.104 0.110669
119.107 0.110711
119.214 0.110497
119.221 0.11031
119.323 0.110271
119.331 0.110237
119.433 0.110207
119.44 0.110182
119.548 0.110659
119.551 0.110576
119.657 0.110504
119.664 0.110441
119.767 0.110261
119.774 0.110229
119.877 0.1102
119.884 0.11005
119.991 0.110669
119.994 0.11071
120.101 0.110496
120.108 0.110309
120.21 0.110271
120.218 0.110237
120.32 0.110207
120.327 0.110181
120.435 0.110659
120.438 0.110576
120.544 0.110504
120.551 0.110441
120.654 0.110261
120.661 0.110228
120.764 0.1102
120.771 0.11005
120.878 0.110669
120.881 0.11071
120.988 0.110496
120.995 0.110434
121.098 0.11038
121.105 0.110207
121.207 0.110182
121.214 0.110159
121.322 0.110639
121.325 0.110559
121.431 0.110489
121.439 0.110428
121.541 0.110375
121.548 0.110328
121.651 0.110162
121.658 0.110017
121.765 0.110639
121.768 0.110685
121.875 0.110474
121.882 0.110415
121.985 0.110363
121.992 0.110193
122.094 0.110168
122.101 0.110147
122.209 0.110629
122.212 0.11055
122.318 0.110482
122.326 0.110421
122.428 0.110369
122.435 0.110323
122.538 0.110157
122.545 0.110013
122.652 0.110636
122.655 0.110682
122.762 0.110471
122.769 0.110412
122.872 0.110361
122.879 0.110191
122.981 0.110167
122.988 0.110146
123.096 0.110628
123.099 0.110549
123.205 0.110481
123.213 0.110421
123.315 0.110368
123.322 0.110322
123.425 0.110157
123.432 0.110012
123.539 0.110636
123.542 0.110681
123.649 0.110471
123.656 0.110412
123.759 0.110361
123.766 0.110191
123.868 0.110167
123.875 0.110146
123.983 0.110628
123.986 0.110549
124.092 0.110481
124.1 0.11042
124.202 0.110368
124.209 0.110322
124.312 0.110157
124.319 0.110137
124.426 0.110745
124.429 0.110652
124.536 0.110445
124.543 0.11039
124.646 0.110341
124.653 0.110173
124.755 0.110152
124.763 0.110133
124.87 0.110616
124.873 0.110539
124.979 0.110472
124.987 0.110413
125.089 0.110361
125.096 0.110316
125.199 0.110152
125.206 0.110133
125.313 0.110741
125.316 0.110648
125.423 0.110442
125.43 0.110387
125.533 0.110339
125.54 0.110171
125.642 0.11015
125.65 0.110131
125.757 0.110615
125.76 0.110538
125.866 0.110471
125.874 0.110412
125.976 0.11036
125.983 0.110315
126.086 0.110151
126.093 0.110132
126.2 0.110741
126.203 0.110648
126.31 0.110567
126.317 0.110496
126.42 0.110309
126.427 0.110145
126.529 0.110127
126.537 0.110111
126.644 0.110597
126.647 0.110648
126.754 0.110567
126.761 0.110371
126.863 0.110325
126.87 0.110284
126.973 0.110123
126.98 0.110108
127.087 0.11072
127.091 0.11063
127.197 0.110551
127.204 0.110482
127.307 0.110297
127.314 0.110135
127.416 0.110118
127.424 0.110103
127.531 0.11059
127.534 0.110641
127.641 0.110561
127.648 0.110366
127.75 0.11032
127.757 0.11028
127.86 0.11012
127.867 0.110105
127.974 0.110717
127.978 0.110627
128.084 0.110549
128.091 0.11048
128.194 0.110295
128.201 0.110133
128.303 0.110117
128.311 0.110102
128.418 0.110589
128.421 0.110641
128.528 0.110561
128.535 0.110366
128.637 0.11032
128.644 0.11028
128.747 0.11012
128.754 0.110105
128.861 0.110717
128.865 0.110627
128.971 0.110549
128.978 0.11048
129.081 0.110295
129.088 0.110133
129.19 0.110117
129.198 0.110102
129.305 0.110589
129.308 0.110641
129.415 0.110561
129.422 0.110365
129.524 0.11032
129.532 0.11028
129.634 0.110245
129.641 0.110214
129.748 0.110687
129.752 0.110602
129.858 0.110526
129.865 0.110461
129.968 0.110278
129.975 0.110243
130.078 0.110213
130.085 0.110061
130.192 0.110554
130.195 0.110609
130.302 0.110533
130.309 0.110342
130.411 0.110299
130.419 0.110261
130.521 0.110229
130.528 0.1102
130.635 0.110675
130.639 0.110591
130.745 0.110517
130.752 0.110452
130.855 0.110271
130.862 0.110237
130.965 0.110207
130.972 0.110056
131.079 0.110549
131.082 0.110606
131.189 0.11053
131.196 0.110339
131.298 0.110296
131.306 0.110259
131.408 0.110227
131.415 0.110199
131.523 0.110674
131.526 0.11059
131.632 0.110516
131.639 0.110451
131.742 0.11027
131.749 0.110236
131.852 0.110207
131.859 0.110056
131.966 0.110674
131.969 0.110715
132.076 0.1105
132.083 0.110313
132.185 0.110274
132.193 0.110239
132.295 0.11021
132.302 0.110183
132.41 0.11066
132.413 0.110578
132.519 0.110506
132.526 0.110442
132.629 0.110262
132.636 0.110229
132.739 0.110201
132.746 0.110051
132.853 0.110669
132.856 0.110711
132.963 0.110497
132.97 0.11031
133.072 0.110271
133.08 0.110237
133.182 0.110207
133.189 0.110182
133.297 0.110659
133.3 0.110576
133.406 0.110504
133.413 0.110441
133.516 0.110261
133.523 0.110229
133.626 0.1102
133.633 0.11005
133.74 0.110669
133.743 0.11071
133.85 0.110496
133.857 0.110309
133.959 0.110271
133.967 0.110237
134.069 0.110207
134.076 0.110181
134.184 0.110659
134.187 0.110576
134.293 0.110504
134.3 0.110441
134.403 0.110261
134.41 0.110228
134.513 0.1102
134.52 0.11005
134.627 0.110669
134.63 0.11071
134.737 0.110496
134.744 0.110434
134.847 0.11038
134.854 0.110207
134.956 0.110182
134.963 0.110159
135.071 0.110639
135.074 0.110559
135.18 0.110489
135.188 0.110428
135.29 0.110375
135.297 0.110328
135.4 0.110162
135.407 0.110017
135.514 0.110639
135.517 0.110685
135.624 0.110474
135.631 0.110415
135.734 0.110363
135.741 0.110193
135.843 0.110168
135.85 0.110147
135.958 0.110629
135.961 0.11055
136.067 0.110482
136.075 0.110421
136.177 0.110369
136.184 0.110323
136.287 0.110157
136.294 0.110013
136.401 0.110636
136.404 0.110682
136.511 0.110471
136.518 0.110412
136.621 0.110361
136.628 0.110191
136.73 0.110167
136.737 0.110146
136.845 0.110628
136.848 0.110549
136.954 0.110481
136.962 0.110421
137.064 0.110368
137.071 0.110322
137.174 0.110157
137.181 0.110012
137.288 0.110636
137.291 0.110681
137.398 0.110471
137.405 0.110412
137.508 0.110361
137.515 0.110191
137.617 0.110167
137.624 0.110146
137.732 0.110628
137.735 0.110549
137.841 0.110481
137.849 0.11042
137.951 0.110368
137.958 0.110322
138.061 0.110157
138.068 0.110137
138.175 0.110745
138.178 0.110652
138.285 0.110445
138.292 0.11039
138.395 0.110341
138.402 0.110173
138.504 0.110152
138.512 0.110133
138.619 0.110616
138.622 0.110539
138.728 0.110472
138.736 0.110413
138.838 0.110361
138.845 0.110316
138.948 0.110152
138.955 0.110133
139.062 0.110741
139.065 0.110648
139.172 0.110442
139.179 0.110387
139.282 0.110339
139.289 0.110171
139.391 0.11015
139.399 0.110131
139.506 0.110615
139.509 0.110538
139.615 0.110471
139.623 0.110412
139.725 0.11036
139.732 0.110315
139.835 0.110151
139.842 0.110132
139.949 0.110741
139.952 0.110648
140.059 0.110442
140.066 0.110387
140.169 0.110338
140.176 0.110171
140.278 0.11015
140.286 0.110131
140.393 0.110615
140.396 0.110538
140.503 0.110471
140.51 0.110287
140.612 0.110251
140.619 0.11022
140.722 0.110067
140.729 0.110059
140.836 0.110676
140.84 0.110592
140.946 0.110518
140.953 0.110453
141.056 0.110271
141.063 0.110113
141.165 0.110098
141.173 0.110086
141.28 0.110575
141.283 0.110628
141.39 0.11055
141.397 0.110356
141.499 0.110312
141.506 0.110273
141.609 0.110114
141.616 0.110099
141.723 0.110712
141.727 0.110623
141.833 0.110545
141.84 0.110477
141.943 0.110292
141.95 0.110131
142.052 0.110114
142.06 0.1101
142.167 0.110588
142.17 0.110639
142.277 0.110559
142.284 0.110364
142.386 0.110319
142.393 0.110279
142.496 0.110119
142.503 0.110104
142.61 0.110716
142.614 0.110627
142.72 0.110548
142.727 0.11048
142.83 0.110295
142.837 0.110133
142.939 0.110116
142.947 0.110102
143.054 0.110589
143.057 0.11064
143.164 0.11056
143.171 0.110365
143.273 0.11032
143.28 0.11028
143.383 0.11012
143.39 0.110105
143.497 0.110717
143.501 0.110627
143.607 0.110549
143.614 0.11048
143.717 0.110295
143.724 0.110258
143.827 0.110226
143.834 0.110073
143.941 0.110564
143.944 0.110618
144.051 0.110541
144.058 0.110348
144.16 0.110305
144.168 0.110267
144.27 0.110233
144.277 0.110204
144.384 0.110679
144.388 0.110594
144.494 0.11052
144.501 0.110455
144.604 0.110273
144.611 0.110239
144.714 0.110209
144.721 0.110058
144.828 0.110551
144.831 0.110607
144.938 0.110531
144.945 0.11034
145.047 0.110297
145.055 0.11026
145.157 0.110227
145.164 0.110199
145.271 0.110674
145.275 0.11059
145.381 0.110516
145.388 0.110452
145.491 0.11027
145.498 0.110236
145.601 0.110207
145.608 0.110056
145.715 0.110674
145.718 0.110715
145.825 0.1105
145.832 0.110313
145.934 0.110274
145.942 0.11024
146.044 0.11021
146.051 0.110183
146.159 0.11066
146.162 0.110578
146.268 0.110506
146.275 0.110442
146.378 0.110262
146.385 0.110229
146.488 0.110201
146.495 0.110051
146.602 0.110669
146.605 0.110711
146.712 0.110497
146.719 0.11031
146.821 0.110271
146.829 0.110237
146.931 0.110207
146.938 0.110182
147.046 0.110659
147.049 0.110576
147.155 0.110504
147.162 0.110441
147.265 0.110261
147.272 0.110229
147.375 0.1102
147.382 0.11005
147.489 0.110669
147.492 0.11071
147.599 0.110496
147.606 0.110309
147.708 0.110271
147.716 0.110237
147.818 0.110207
147.825 0.110181
147.933 0.110659
147.936 0.110576
148.042 0.110504
148.049 0.110441
148.152 0.110261
148.159 0.110228
148.262 0.1102
148.269 0.11005
148.376 0.110669
148.379 0.11071
148.486 0.110496
148.493 0.110309
148.595 0.110271
148.603 0.110237
148.705 0.110207
148.712 0.110181
148.82 0.110659
148.823 0.110576
148.929 0.110504
148.937 0.110441
149.039 0.110386
149.046 0.110338
149.149 0.110171
149.156 0.110024
149.263 0.110646
149.266 0.11069
149.373 0.110479
149.38 0.110419
149.483 0.110367
149.49 0.110196
149.592 0.110171
149.599 0.11015
149.707 0.110631
149.71 0.110552
149.816 0.110483
149.824 0.110423
149.926 0.11037
149.933 0.110324
150.036 0.110158
150.043 0.110014
150.15 0.110637
150.153 0.110682
150.26 0.110472
150.267 0.110413
150.37 0.110361
150.377 0.110191
150.479 0.110167
150.486 0.110146
150.594 0.110628
150.597 0.11055
150.703 0.110481
150.711 0.110421
150.813 0.110368
150.82 0.110322
150.923 0.110157
150.93 0.110012
151.037 0.110636
151.04 0.110681
151.147 0.110471
151.154 0.110412
151.257 0.110361
151.264 0.110191
151.366 0.110167
151.373 0.110146
151.481 0.110628
151.484 0.110549
151.59 0.110481
151.598 0.110421
151.7 0.110368
151.707 0.110322
151.81 0.110157
151.817 0.110012
151.924 0.110636
151.927 0.110681
152.034 0.110471
152.041 0.110412
152.144 0.110361
152.151 0.110191
152.253 0.110167
152.261 0.110146
152.368 0.110628
152.371 0.110549
152.477 0.110481
152.485 0.11042
152.587 0.110368
152.594 0.110322
152.697 0.110157
152.704 0.110137
152.811 0.110745
152.814 0.110652
152.921 0.110445
152.928 0.11039
153.031 0.110341
153.038 0.110173
153.14 0.110152
153.148 0.110133
153.255 0.110616
153.258 0.110539
153.364 0.110472
153.372 0.110413
153.474 0.110361
153.481 0.110316
153.584 0.110152
153.591 0.110133
153.698 0.110741
153.701 0.110648
153.808 0.110442
153.815 0.110387
153.918 0.110339
153.925 0.110171
154.027 0.11015
154.035 0.110131
154.142 0.110615
154.145 0.110538
154.252 0.110471
154.259 0.110287
154.361 0.110251
154.368 0.11022
154.471 0.110067
154.478 0.110059
154.585 0.110676
154.589 0.110592
154.695 0.110518
154.702 0.110453
154.805 0.110272
154.812 0.110113
154.914 0.110098
154.922 0.110086
155.029 0.110575
155.032 0.110628
155.139 0.11055
155.146 0.110356
155.248 0.110312
155.255 0.110273
155.358 0.110114
155.365 0.110099
155.472 0.110712
155.476 0.110623
155.582 0.110545
155.589 0.110477
155.692 0.110292
155.699 0.110131
155.801 0.110114
155.809 0.1101
155.916 0.110588
155.919 0.110639
156.026 0.110559
156.033 0.110364
156.135 0.110319
156.142 0.110279
156.245 0.110119
156.252 0.110104
156.359 0.110716
156.363 0.110627
156.469 0.110548
156.476 0.11048
156.579 0.110295
156.586 0.110133
156.688 0.110116
156.696 0.110102
156.803 0.110589
156.806 0.11064
156.913 0.11056
156.92 0.110365
157.022 0.11032
157.029 0.11028
157.132 0.11012
157.139 0.110105
157.246 0.110717
157.25 0.110627
157.356 0.110549
157.363 0.11048
157.466 0.110295
157.473 0.110258
157.576 0.110226
157.583 0.110073
157.69 0.110564
157.693 0.110618
157.8 0.110541
157.807 0.110348
157.909 0.110305
157.917 0.110267
158.019 0.110233
158.026 0.110204
158.133 0.110679
158.137 0.110594
158.243 0.11052
158.25 0.110455
158.353 0.110273
158.36 0.110239
158.463 0.110209
158.47 0.110058
158.577 0.110551
158.58 0.110607
158.687 0.110531
158.694 0.11034
158.796 0.110297
158.804 0.11026
158.906 0.110227
158.913 0.110199
159.02 0.110674
159.024 0.11059
159.13 0.110516
159.137 0.110452
159.24 0.11027
159.247 0.110236
159.35 0.110207
159.357 0.110056
159.464 0.110549
159.467 0.110605
159.574 0.11053
159.581 0.110338
159.683 0.110296
159.691 0.110259
159.793 0.110227
159.8 0.110198
159.908 0.110674
159.911 0.110589
160.017 0.110516
160.024 0.110451
160.127 0.11027
160.134 0.110236
160.237 0.110207
160.244 0.110056
160.351 0.110674
160.354 0.110715
160.461 0.1105
160.468 0.110313
160.57 0.110274
160.578 0.110239
160.68 0.11021
160.687 0.110183
160.795 0.11066
160.798 0.110578
160.904 0.110506
160.911 0.110442
161.014 0.110262
161.021 0.110229
161.124 0.110201
161.131 0.110051
161.238 0.110669
161.241 0.110711
161.348 0.110497
161.355 0.11031
161.457 0.110271
161.465 0.110237
161.567 0.110207
161.574 0.110182
161.682 0.110659
161.685 0.110576
161.791 0.110504
161.798 0.110441
161.901 0.110261
161.908 0.110229
162.011 0.1102
162.018 0.11005
162.125 0.110669
162.128 0.11071
162.235 0.110496
162.242 0.110309
162.344 0.110271
162.352 0.110237
162.454 0.110207
162.461 0.110181
162.569 0.110659
162.572 0.110576
162.678 0.110504
162.686 0.110441
162.788 0.110261
162.795 0.110228
162.898 0.1102
162.905 0.11005
163.012 0.110669
163.015 0.11071
163.122 0.110496
163.129 0.110434
163.232 0.11038
163.239 0.110207
163.341 0.110182
163.348 0.110159
163.456 0.110639
163.459 0.110559
163.565 0.110489
163.573 0.110428
163.675 0.110375
163.682 0.110328
163.785 0.110162
163.792 0.110017
163.899 0.110639
163.902 0.110685
164.009 0.110474
164.016 0.110415
164.119 0.110363
164.126 0.110193
164.228 0.110168
164.235 0.110147
164.343 0.110629
164.346 0.11055
164.452 0.110482
164.46 0.110421
164.562 0.110369
164.569 0.110323
164.672 0.110157
164.679 0.110013
164.786 0.110636
164.789 0.110682
164.896 0.110471
164.903 0.110412
165.006 0.110361
165.013 0.110191
165.115 0.110167
165.122 0.110146
165.23 0.110628
165.233 0.110549
165.339 0.110481
165.347 0.110421
165.449 0.110368
165.456 0.110322
165.559 0.110157
165.566 0.110012
165.673 0.110636
165.676 0.110681
165.783 0.110471
165.79 0.110412
165.893 0.110361
165.9 0.110191
166.002 0.110167
166.01 0.110146
166.117 0.110628
166.12 0.110549
166.226 0.110481
166.234 0.11042
166.336 0.110368
166.343 0.110322
166.446 0.110157
166.453 0.110137
166.56 0.110745
166.563 0.110652
166.67 0.110445
166.677 0.11039
166.78 0.110341
166.787 0.110173
166.889 0.110152
166.897 0.110133
167.004 0.110616
167.007 0.110539
167.113 0.110472
167.121 0.110413
167.223 0.110361
167.23 0.110316
167.333 0.110152
167.34 0.110133
167.447 0.110741
167.45 0.110648
167.557 0.110442
167.564 0.110387
167.667 0.110339
167.674 0.110171
167.776 0.11015
167.784 0.110131
167.891 0.110615
167.894 0.110538
168 0.110471
168.008 0.110412
168.11 0.11036
168.117 0.110315
168.22 0.110151
168.227 0.110132
168.334 0.110741
168.337 0.110648
168.444 0.110567
168.451 0.110496
168.554 0.110309
168.561 0.110145
168.663 0.110127
168.671 0.110111
168.778 0.110597
168.781 0.110648
168.888 0.110567
168.895 0.110371
168.997 0.110325
169.004 0.110284
169.107 0.110123
169.114 0.110108
169.221 0.11072
169.225 0.11063
169.331 0.110551
169.338 0.110482
169.441 0.110297
169.448 0.110135
169.55 0.110118
169.558 0.110103
169.665 0.11059
169.668 0.110641
169.775 0.110561
169.782 0.110366
169.884 0.11032
169.891 0.11028
169.994 0.11012
170.001 0.110105
170.108 0.110717
170.112 0.110627
170.218 0.110549
170.225 0.11048
170.328 0.110295
170.335 0.110133
170.437 0.110117
170.445 0.110102
170.552 0.110589
170.555 0.110641
170.662 0.110561
170.669 0.110366
170.771 0.11032
170.778 0.11028
170.881 0.11012
170.888 0.110105
170.995 0.110717
170.999 0.110627
171.105 0.110549
171.112 0.11048
171.215 0.110295
171.222 0.110133
171.324 0.110117
171.332 0.110102
171.439 0.110589
171.442 0.110641
171.549 0.110561
171.556 0.110365
171.658 0.11032
171.666 0.11028
171.768 0.110245
171.775 0.110214
171.882 0.110687
171.886 0.110602
171.992 0.110526
171.999 0.110461
172.102 0.110278
172.109 0.110243
172.212 0.110213
172.219 0.110061
172.326 0.110554
172.329 0.110609
172.436 0.110533
172.443 0.110342
172.545 0.110299
172.553 0.110261
172.655 0.110229
172.662 0.1102
172.769 0.110675
172.773 0.110591
172.879 0.110517
172.886 0.110452
172.989 0.110271
172.996 0.110237
173.099 0.110207
173.106 0.110056
173.213 0.110549
173.216 0.110606
173.323 0.11053
173.33 0.110339
173.432 0.110296
173.44 0.110259
173.542 0.110227
173.549 0.110199
173.657 0.110674
173.66 0.11059
173.766 0.110516
173.773 0.110451
173.876 0.11027
173.883 0.110236
173.986 0.110207
173.993 0.110056
174.1 0.110674
174.103 0.110715
174.21 0.1105
174.217 0.110313
174.319 0.110274
174.327 0.110239
174.429 0.11021
174.436 0.110183
174.544 0.11066
174.547 0.110578
174.653 0.110506
174.66 0.110442
174.763 0.110262
174.77 0.110229
174.873 0.110201
174.88 0.110051
174.987 0.110669
174.99 0.110711
175.097 0.110497
175.104 0.11031
175.206 0.110271
175.214 0.110237
175.316 0.110207
175.323 0.110182
175.431 0.110659
175.434 0.110576
175.54 0.110504
175.547 0.110441
175.65 0.110261
175.657 0.110229
175.76 0.1102
175.767 0.11005
175.874 0.110669
175.877 0.11071
175.984 0.110496
175.991 0.110309
176.093 0.110271
176.101 0.110237
176.203 0.110207
176.21 0.110181
176.318 0.110659
176.321 0.110576
176.427 0.110504
176.434 0.110441
176.537 0.110261
176.544 0.110228
176.647 0.1102
176.654 0.11005
176.761 0.110669
176.764 0.11071
176.871 0.110496
176.878 0.110434
176.981 0.11038
176.988 0.110207
177.09 0.110182
177.097 0.110159
177.205 0.110639
177.208 0.110559
177.314 0.110489
177.322 0.110428
177.424 0.110375
177.431 0.110328
177.534 0.110162
177.541 0.110017
177.648 0.110639
177.651 0.110685
177.758 0.110474
177.765 0.110415
177.868 0.110363
177.875 0.110193
177.977 0.110168
177.984 0.110147
178.092 0.110629
178.095 0.11055
178.201 0.110482
178.209 0.110421
178.311 0.110369
178.318 0.110323
178.421 0.110157
178.428 0.110013
178.535 0.110636
178.538 0.110682
178.645 0.110471
178.652 0.110412
178.755 0.110361
178.762 0.110191
178.864 0.110167
178.871 0.110146
178.979 0.110628
178.982 0.110549
179.088 0.110481
179.096 0.110421
179.198 0.110368
179.205 0.110322
179.308 0.110157
179.315 0.110012
179.422 0.110636
179.425 0.110681
179.532 0.110471
179.539 0.110412
179.642 0.110361
179.649 0.110191
179.751 0.110167
179.758 0.110146
179.866 0.110628
179.869 0.110549
179.975 0.110481
179.983 0.11042
180.085 0.110368
180.092 0.110322
180.195 0.110157
180.202 0.110137
180.309 0.110745
180.312 0.110652
180.419 0.110445
180.426 0.11039
180.529 0.110341
180.536 0.110173
180.638 0.110152
180.646 0.110133
180.753 0.110616
180.756 0.110539
180.862 0.110472
180.87 0.110413
180.972 0.110361
180.979 0.110316
181.082 0.110152
181.089 0.110133
181.196 0.110741
181.199 0.110648
181.306 0.110442
181.313 0.110387
181.416 0.110339
181.423 0.110171
181.525 0.11015
181.533 0.110131
181.64 0.110615
181.643 0.110538
181.749 0.110471
181.757 0.110412
181.859 0.11036
181.866 0.110315
181.969 0.110151
181.976 0.110132
182.083 0.110741
182.086 0.110648
182.193 0.110567
182.2 0.110496
182.303 0.110309
182.31 0.110145
182.412 0.110127
182.42 0.110111
182.527 0.110597
182.53 0.110648
182.637 0.110567
182.644 0.110371
182.746 0.110325
182.753 0.110284
182.856 0.110123
182.863 0.110108
182.97 0.11072
182.974 0.11063
183.08 0.110551
183.087 0.110482
183.19 0.110297
183.197 0.110135
183.299 0.110118
183.307 0.110103
183.414 0.11059
183.417 0.110641
183.524 0.110561
183.531 0.110366
183.633 0.11032
183.64 0.11028
183.743 0.11012
183.75 0.110105
183.857 0.110717
183.861 0.110627
183.967 0.110549
183.974 0.11048
184.077 0.110295
184.084 0.110133
184.186 0.110117
184.194 0.110102
184.301 0.110589
184.304 0.110641
184.411 0.110561
184.418 0.110366
184.52 0.11032
184.527 0.11028
184.63 0.11012
184.637 0.110105
184.744 0.110717
184.748 0.110627
184.854 0.110549
184.861 0.11048
184.964 0.110295
184.971 0.110133
185.073 0.110117
185.081 0.110102
185.188 0.110589
185.191 0.110641
185.298 0.110561
185.305 0.110365
185.407 0.11032
185.415 0.11028
185.517 0.110245
185.524 0.110214
185.631 0.110687
185.635 0.110602
185.741 0.110526
185.748 0.110461
185.851 0.110278
185.858 0.110243
185.961 0.110213
185.968 0.110061
186.075 0.110554
186.078 0.110609
186.185 0.110533
186.192 0.110342
186.294 0.110299
186.302 0.110261
186.404 0.110229
186.411 0.1102
186.518 0.110675
186.522 0.110591
186.628 0.110517
186.635 0.110452
186.738 0.110271
186.745 0.110237
186.848 0.110207
186.855 0.110056
186.962 0.110549
186.965 0.110606
187.072 0.11053
187.079 0.110339
187.181 0.110296
187.189 0.110259
187.291 0.110227
187.298 0.110199
187.405 0.110674
187.409 0.11059
187.515 0.110516
187.522 0.110451
187.625 0.11027
187.632 0.110236
187.735 0.110207
187.742 0.110056
187.849 0.110674
187.852 0.110715
187.959 0.1105
187.966 0.110313
188.068 0.110274
188.076 0.110239
188.178 0.11021
188.185 0.110183
188.293 0.11066
188.296 0.110578
188.402 0.110506
188.409 0.110442
188.512 0.110262
188.519 0.110229
188.622 0.110201
188.629 0.110051
188.736 0.110669
188.739 0.110711
188.846 0.110497
188.853 0.11031
188.955 0.110271
188.963 0.110237
189.065 0.110207
189.072 0.110182
189.18 0.110659
189.183 0.110576
189.289 0.110504
189.296 0.110441
189.399 0.110261
189.406 0.110229
189.509 0.1102
189.516 0.11005
189.623 0.110669
189.626 0.11071
189.733 0.110496
189.74 0.110309
189.842 0.110271
189.85 0.110237
189.952 0.110207
189.959 0.110181
190.067 0.110659
190.07 0.110576
190.176 0.110504
190.183 0.110441
190.286 0.110261
190.293 0.110228
190.396 0.1102
190.403 0.11005
190.51 0.110669
190.513 0.11071
190.62 0.110496
190.627 0.110434
190.729 0.11038
190.737 0.110207
190.839 0.110182
190.846 0.110159
190.954 0.110639
190.957 0.110559
191.063 0.110489
191.071 0.110428
191.173 0.110375
191.18 0.110328
191.283 0.110162
191.29 0.110017
191.397 0.110639
191.4 0.110685
191.507 0.110474
191.514 0.110415
191.617 0.110363
191.624 0.110193
191.726 0.110168
191.733 0.110147
191.841 0.110629
191.844 0.11055
191.95 0.110482
191.958 0.110421
192.06 0.110369
192.067 0.110323
192.17 0.110157
192.177 0.110013
192.284 0.110636
192.287 0.110682
192.394 0.110471
192.401 0.110412
192.504 0.110361
192.511 0.110191
192.613 0.110167
192.62 0.110146
192.728 0.110628
192.731 0.110549
192.837 0.110481
192.845 0.110421
192.947 0.110368
192.954 0.110322
193.057 0.110157
193.064 0.110012
193.171 0.110636
193.174 0.110681
193.281 0.110471
193.288 0.110412
193.391 0.110361
193.398 0.110191
193.5 0.110167
193.507 0.110146
193.615 0.110628
193.618 0.110549
193.724 0.110481
193.732 0.11042
193.834 0.110368
193.841 0.110322
193.944 0.110157
193.951 0.110137
194.058 0.110745
194.061 0.110652
194.168 0.110445
194.175 0.11039
194.278 0.110341
194.285 0.110173
194.387 0.110152
194.395 0.110133
194.502 0.110616
194.505 0.110539
194.611 0.110472
194.619 0.110413
194.721 0.110361
194.728 0.110316
194.831 0.110152
194.838 0.110133
194.945 0.110741
194.948 0.110648
195.055 0.110442
195.062 0.110387
195.165 0.110339
195.172 0.110171
195.274 0.11015
195.282 0.110131
195.389 0.110615
195.392 0.110538
195.498 0.110471
195.506 0.110412
195.608 0.11036
195.615 0.110315
195.718 0.110151
195.725 0.110132
195.832 0.110741
195.835 0.110648
195.942 0.110442
195.949 0.110387
196.052 0.110338
196.059 0.110171
196.161 0.11015
196.169 0.110131
196.276 0.110615
196.279 0.110538
196.386 0.110471
196.393 0.110287
196.495 0.110251
196.502 0.11022
196.605 0.110067
196.612 0.110059
196.719 0.110676
196.723 0.110592
196.829 0.110518
196.836 0.110453
196.939 0.110271
196.946 0.110113
197.048 0.110098
197.056 0.110086
197.163 0.110575
197.166 0.110628
197.273 0.11055
197.28 0.110356
197.382 0.110312
197.389 0.110273
197.492 0.110114
197.499 0.110099
197.606 0.110712
197.61 0.110623
197.716 0.110545
197.723 0.110477
197.826 0.110292
197.833 0.110131
197.935 0.110114
197.943 0.1101
198.05 0.110588
198.053 0.110639
198.16 0.110559
198.167 0.110364
198.269 0.110319
198.276 0.110279
198.379 0.110119
198.386 0.110104
198.493 0.110716
198.497 0.110627
198.603 0.110548
198.61 0.11048
198.713 0.110295
198.72 0.110133
198.822 0.110116
198.83 0.110102
198.937 0.110589
198.94 0.11064
199.047 0.11056
199.054 0.110365
199.156 0.11032
199.163 0.11028
199.266 0.11012
199.273 0.110105
199.38 0.110717
199.384 0.110627
199.49 0.110549
199.497 0.11048
199.6 0.110295
199.607 0.110258
199.71 0.110226
199.717 0.110073
199.824 0.110564
199.827 0.110618
199.934 0.110541
199.941 0.110348
200.043 0.110305
200.051 0.110267
200.153 0.110233
200.16 0.110204
200.267 0.110679
200.271 0.110594
200.377 0.11052
200.384 0.110455
200.487 0.110273
200.494 0.110239
200.597 0.110209
200.604 0.110058
200.711 0.110551
200.714 0.110607
200.821 0.110531
200.828 0.11034
200.93 0.110297
200.938 0.11026
