0.010001 1 -0
0.110001 1 0.00820042
0.110001 2 -0
0.210001 1 0.216916
0.210001 2 0.00820042
0.310001 1 0.286516
0.310001 2 0.0129686
0.410001 1 0.385649
0.410001 2 0.0202931
0.510001 1 0.416989
0.510001 2 0.0349025
0.610001 1 0.405637
0.610001 2 0.0295543
0.710001 1 0.447249
0.710001 2 0.0343287
0.810001 1 0.483382
0.810001 2 0.0394527
0.910001 1 0.478727
0.910001 2 0.0355815
1.01 1 0.486967
1.01 2 0.0400375
1.11 1 0.456634
1.11 2 0.0423159
1.21 1 0.441554
1.21 2 0.0391621
1.31 1 0.467401
1.31 2 0.0375008
1.41 1 0.485484
1.41 2 0.0382467
1.51 1 0.513434
1.51 2 0.0418445
1.61 1 0.493236
1.61 2 0.0426244
1.71 1 0.487693
1.71 2 0.0404405
1.81 1 0.503845
1.81 2 0.0392043
1.91 1 0.519468
1.91 2 0.0393062
2.01 1 0.533507
2.01 2 0.0392231
2.11 1 0.541365
2.11 2 0.0404563
2.21 1 0.550152
2.21 2 0.0422741
2.31 1 0.541703
2.31 2 0.0410155
2.41 1 0.544339
2.41 2 0.0400869
2.51 1 0.552948
2.51 2 0.0406583
2.61 1 0.548167
2.61 2 0.0426467
2.71 1 0.538049
2.71 2 0.041311
2.81 1 0.54844
2.81 2 0.0410043
2.91 1 0.555763
2.91 2 0.0414856
3.01 1 0.552438
3.01 2 0.0433296
3.11 1 0.544087
3.11 2 0.0431341
3.21 1 0.543301
3.21 2 0.0421813
3.31 1 0.553519
3.31 2 0.0417949
3.41 1 0.561353
3.41 2 0.0419616
3.51 1 0.568196
3.51 2 0.0437025
3.61 1 0.560034
3.61 2 0.0439176
3.71 1 0.556113
3.71 2 0.0431964
3.81 1 0.565705
3.81 2 0.0428023
3.91 1 0.575878
3.91 2 0.0428727
4.01 1 0.58727
4.01 2 0.0429999
4.11 1 0.594907
4.11 2 0.0438011
4.21 1 0.594487
4.21 2 0.0447143
4.31 1 0.58298
4.31 2 0.0438434
4.41 1 0.579364
4.41 2 0.0429478
4.51 1 0.586082
4.51 2 0.043807
4.61 1 0.5762
4.61 2 0.0445683
4.71 1 0.582701
4.71 2 0.0438834
4.81 1 0.58746
4.81 2 0.0449573
4.91 1 0.580187
4.91 2 0.0452639
5.01 1 0.572746
5.01 2 0.0446819
5.11 1 0.579965
5.11 2 0.0450926
5.21 1 0.571673
5.21 2 0.045635
5.31 1 0.56883
5.31 2 0.0450488
5.41 1 0.576518
5.41 2 0.0447258
5.51 1 0.580021
5.51 2 0.0457661
5.61 1 0.572326
5.61 2 0.0452922
5.71 1 0.569145
5.71 2 0.0454699
5.81 1 0.573181
5.81 2 0.0460901
5.91 1 0.567038
5.91 2 0.0462645
6.01 1 0.56012
6.01 2 0.0459577
6.11 1 0.553443
6.11 2 0.0455061
6.21 1 0.545365
6.21 2 0.0449795
6.31 1 0.537863
6.31 2 0.0443651
6.41 1 0.533984
6.41 2 0.0439002
6.51 1 0.535062
6.51 2 0.0434064
6.61 1 0.528034
6.61 2 0.0427575
6.71 1 0.521817
6.71 2 0.042177
6.81 1 0.5158
6.81 2 0.0416152
6.91 1 0.510534
6.91 2 0.0410564
7.01 1 0.504936
7.01 2 0.0411158
7.11 1 0.499456
7.11 2 0.0405924
7.21 1 0.494142
7.21 2 0.0400809
7.31 1 0.488986
7.31 2 0.0395848
7.41 1 0.484552
7.41 2 0.0391035
7.51 1 0.479377
7.51 2 0.0386818
7.61 1 0.47404
7.61 2 0.0382275
7.71 1 0.474956
7.71 2 0.0377862
7.81 1 0.47036
7.81 2 0.0373573
7.91 1 0.466431
7.91 2 0.0369832
8.01 1 0.462078
8.01 2 0.0365271
8.11 1 0.457433
8.11 2 0.0360833
8.21 1 0.453025
8.21 2 0.0361003
8.31 1 0.447755
8.31 2 0.0356999
8.41 1 0.44341
8.41 2 0.035286
8.51 1 0.439155
8.51 2 0.0349775
8.61 1 0.436232
8.61 2 0.0346843
8.71 1 0.432817
8.71 2 0.0343842
8.81 1 0.429202
8.81 2 0.0340601
8.91 1 0.425669
8.91 2 0.0337437
9.01 1 0.426702
9.01 2 0.0334725
9.11 1 0.423518
9.11 2 0.0331704
9.21 1 0.420407
9.21 2 0.0328317
9.31 1 0.417041
9.31 2 0.0325184
9.41 1 0.414527
9.41 2 0.0322283
9.51 1 0.411082
9.51 2 0.0319386
9.61 1 0.407937
9.61 2 0.0316461
9.71 1 0.40475
9.71 2 0.0313661
9.81 1 0.401895
9.81 2 0.0311574
9.91 1 0.399676
9.91 2 0.0312167
10.01 1 0.39708
10.01 2 0.0310916
10.11 1 0.394282
10.11 2 0.0308833
10.21 1 0.391005
10.21 2 0.0305894
10.31 1 0.387794
10.31 2 0.0303125
10.41 1 0.384393
10.41 2 0.0300414
10.51 1 0.382061
10.51 2 0.0297757
10.61 1 0.379927
10.61 2 0.0296515
10.71 1 0.377103
10.71 2 0.0295348
10.81 1 0.378349
10.81 2 0.0293286
10.91 1 0.376911
10.91 2 0.0291539
11.01 1 0.375887
11.01 2 0.0290133
11.11 1 0.374499
11.11 2 0.028845
11.21 1 0.373492
11.21 2 0.0286988
11.31 1 0.372178
11.31 2 0.0285476
11.41 1 0.370863
11.41 2 0.0283882
11.51 1 0.369941
11.51 2 0.0282149
11.61 1 0.368671
11.61 2 0.0280904
11.71 1 0.367191
11.71 2 0.0279226
11.81 1 0.366214
11.81 2 0.0279562
11.91 1 0.364553
11.91 2 0.02796
12.01 1 0.363382
12.01 2 0.0278486
12.11 1 0.363132
12.11 2 0.0277035
12.21 1 0.36254
12.21 2 0.0276136
12.31 1 0.361189
12.31 2 0.0274978
12.41 1 0.360303
12.41 2 0.0275006
12.51 1 0.360963
12.51 2 0.0274633
12.61 1 0.360095
12.61 2 0.0273282
12.71 1 0.359667
12.71 2 0.0273324
12.81 1 0.359231
12.81 2 0.0273552
12.91 1 0.358729
12.91 2 0.027235
13.01 1 0.358309
13.01 2 0.0271227
13.11 1 0.358008
13.11 2 0.0270105
13.21 1 0.357503
13.21 2 0.0269456
13.31 1 0.356275
13.31 2 0.0271373
13.41 1 0.356023
13.41 2 0.0270582
13.51 1 0.355845
13.51 2 0.0269755
13.61 1 0.355776
13.61 2 0.0269144
13.71 1 0.355079
13.71 2 0.027027
13.81 1 0.354142
13.81 2 0.0269068
13.91 1 0.35447
13.91 2 0.0268919
14.01 1 0.354007
14.01 2 0.0268619
14.11 1 0.355591
14.11 2 0.0269744
14.21 1 0.353803
14.21 2 0.0268754
14.31 1 0.353173
14.31 2 0.0268979
14.41 1 0.353542
14.41 2 0.0267784
14.51 1 0.35452
14.51 2 0.0267424
14.61 1 0.354641
14.61 2 0.0267294
14.71 1 0.354847
14.71 2 0.0268741
14.81 1 0.354061
14.81 2 0.0269988
14.91 1 0.353188
14.91 2 0.0269013
15.01 1 0.353851
15.01 2 0.0268551
15.11 1 0.354688
15.11 2 0.0268468
15.21 1 0.355237
15.21 2 0.0268191
15.31 1 0.357234
15.31 2 0.0268442
15.41 1 0.358392
15.41 2 0.0270312
15.51 1 0.358417
15.51 2 0.0268869
15.61 1 0.359373
15.61 2 0.0268584
15.71 1 0.360317
15.71 2 0.0269452
15.81 1 0.360982
15.81 2 0.026938
15.91 1 0.361732
15.91 2 0.0269096
16.01 1 0.361968
16.01 2 0.0268777
16.11 1 0.362271
16.11 2 0.026859
16.21 1 0.362998
16.21 2 0.0268513
16.31 1 0.363292
16.31 2 0.0268254
16.41 1 0.364164
16.41 2 0.0268192
16.51 1 0.364787
16.51 2 0.0268109
16.61 1 0.364985
16.61 2 0.0269503
16.71 1 0.365813
16.71 2 0.0269942
16.81 1 0.365688
16.81 2 0.0269259
16.91 1 0.366615
16.91 2 0.026902
17.01 1 0.367603
17.01 2 0.026925
17.11 1 0.367617
17.11 2 0.0270856
17.21 1 0.365989
17.21 2 0.0269485
17.31 1 0.366747
17.31 2 0.0268343
17.41 1 0.366764
17.41 2 0.0268634
17.51 1 0.367647
17.51 2 0.026858
17.61 1 0.36836
17.61 2 0.0269283
17.71 1 0.370116
17.71 2 0.0271199
17.81 1 0.37052
17.81 2 0.0270221
17.91 1 0.371198
17.91 2 0.0270187
18.01 1 0.371502
18.01 2 0.0271669
18.11 1 0.370832
18.11 2 0.0272939
18.21 1 0.371122
18.21 2 0.0272931
18.31 1 0.369666
18.31 2 0.0273179
18.41 1 0.370849
18.41 2 0.0272592
18.51 1 0.371792
18.51 2 0.0272728
18.61 1 0.372374
18.61 2 0.0273931
18.71 1 0.37324
18.71 2 0.027506
18.81 1 0.372734
18.81 2 0.0274439
18.91 1 0.373445
18.91 2 0.0273435
19.01 1 0.374138
19.01 2 0.0273563
19.11 1 0.37434
19.11 2 0.0274246
19.21 1 0.373551
19.21 2 0.0275387
19.31 1 0.37438
19.31 2 0.0274986
19.41 1 0.375132
19.41 2 0.0275351
19.51 1 0.375936
19.51 2 0.0277078
19.61 1 0.375028
19.61 2 0.0276207
19.71 1 0.376595
19.71 2 0.0276418
19.81 1 0.377661
19.81 2 0.0278182
19.91 1 0.376475
19.91 2 0.0277746
20.01 1 0.377531
20.01 2 0.0277145
20.11 1 0.37823
20.11 2 0.0276881
20.21 1 0.379266
20.21 2 0.0276816
20.31 1 0.38029
20.31 2 0.027682
20.41 1 0.380958
20.41 2 0.0276726
20.51 1 0.381512
20.51 2 0.0277775
20.61 1 0.38035
20.61 2 0.0278948
20.71 1 0.381219
20.71 2 0.0278645
20.81 1 0.383087
20.81 2 0.0278735
20.91 1 0.384064
20.91 2 0.0278824
21.01 1 0.38484
21.01 2 0.0278717
21.11 1 0.385598
21.11 2 0.0280143
21.21 1 0.385578
21.21 2 0.0280802
21.31 1 0.38615
21.31 2 0.0281343
21.41 1 0.38482
21.41 2 0.0282042
21.51 1 0.385701
21.51 2 0.0281672
21.61 1 0.387352
21.61 2 0.0281598
21.71 1 0.388272
21.71 2 0.0281397
21.81 1 0.38887
21.81 2 0.0281988
21.91 1 0.388747
21.91 2 0.0283012
22.01 1 0.389011
22.01 2 0.0282269
22.11 1 0.389906
22.11 2 0.0282097
22.21 1 0.39061
22.21 2 0.0282165
22.31 1 0.391065
22.31 2 0.0282748
22.41 1 0.390372
22.41 2 0.0284282
22.51 1 0.390761
22.51 2 0.0283892
22.61 1 0.391333
22.61 2 0.0285083
22.71 1 0.391975
22.71 2 0.0285228
22.81 1 0.392209
22.81 2 0.0284753
22.91 1 0.392882
22.91 2 0.0285132
23.01 1 0.393257
23.01 2 0.0286439
23.11 1 0.393249
23.11 2 0.0285541
23.21 1 0.393344
23.21 2 0.0287045
23.31 1 0.391916
23.31 2 0.0287494
23.41 1 0.390501
23.41 2 0.0286617
23.51 1 0.389621
23.51 2 0.0285834
23.61 1 0.389193
23.61 2 0.028556
23.71 1 0.389062
23.71 2 0.028556
23.81 1 0.389062
23.81 2 0.028556
23.91 1 0.38533
23.91 2 0.028556
24.01 1 0.38533
24.01 2 0.028556
24.11 1 0.38533
24.11 2 0.028556
24.21 1 0.38533
24.21 2 0.028556
24.31 1 0.38533
24.31 2 0.028556
24.41 1 0.37792
24.41 2 0.028556
24.51 1 0.37792
24.51 2 0.028556
24.61 1 0.37792
24.61 2 0.028556
24.71 1 0.37792
24.71 2 0.028556
24.81 1 0.37792
24.81 2 0.028556
24.91 1 0.37792
24.91 2 0.028556
25.01 1 0.37792
25.01 2 0.028556
25.11 1 0.37792
25.11 2 0.028556
25.21 1 0.37792
25.21 2 0.028556
25.31 1 0.363783
25.31 2 0.028556
25.41 1 0.363783
25.41 2 0.028556
25.51 1 0.363783
25.51 2 0.028556
25.61 1 0.363783
25.61 2 0.028556
25.71 1 0.363783
25.71 2 0.028556
25.81 1 0.363783
25.81 2 0.028556
25.91 1 0.363783
25.91 2 0.028556
26.01 1 0.363783
26.01 2 0.028556
26.11 1 0.363783
26.11 2 0.028556
26.21 1 0.363783
26.21 2 0.028556
26.31 1 0.363783
26.31 2 0.028556
26.41 1 0.363783
26.41 2 0.028556
26.51 1 0.363783
26.51 2 0.028556
26.61 1 0.363783
26.61 2 0.028556
26.71 1 0.363783
26.71 2 0.028556
26.81 1 0.363783
26.81 2 0.028556
26.91 1 0.363783
26.91 2 0.028556
27.01 1 0.363783
27.01 2 0.028556
27.11 1 0.363783
27.11 2 0.028556
27.21 1 0.363783
27.21 2 0.028556
27.31 1 0.338342
27.31 2 0.028556
27.41 1 0.338342
27.41 2 0.028556
27.51 1 0.338342
27.51 2 0.028556
27.61 1 0.338342
27.61 2 0.028556
27.71 1 0.338342
27.71 2 0.028556
27.81 1 0.338342
27.81 2 0.028556
27.91 1 0.338342
27.91 2 0.028556
28.01 1 0.338342
28.01 2 0.028556
28.11 1 0.338342
28.11 2 0.028556
28.21 1 0.338342
28.21 2 0.028556
28.31 1 0.338342
28.31 2 0.028556
28.41 1 0.338342
28.41 2 0.028556
28.51 1 0.338342
28.51 2 0.028556
28.61 1 0.338342
28.61 2 0.028556
28.71 1 0.338342
28.71 2 0.028556
28.81 1 0.338342
28.81 2 0.028556
28.91 1 0.338342
28.91 2 0.028556
29.01 1 0.338342
29.01 2 0.028556
29.11 1 0.338342
29.11 2 0.028556
29.21 1 0.338342
29.21 2 0.028556
29.31 1 0.338342
29.31 2 0.028556
29.41 1 0.338342
29.41 2 0.028556
29.51 1 0.338342
29.51 2 0.028556
29.61 1 0.338342
29.61 2 0.028556
29.71 1 0.338342
29.71 2 0.028556
29.81 1 0.338342
29.81 2 0.028556
29.91 1 0.338342
29.91 2 0.028556
30.01 1 0.338342
30.01 2 0.028556
30.11 1 0.338342
30.11 2 0.028556
30.21 1 0.338342
30.21 2 0.028556
30.31 1 0.338342
30.31 2 0.028556
30.41 1 0.338342
30.41 2 0.028556
30.51 1 0.338342
30.51 2 0.028556
30.61 1 0.338342
30.61 2 0.028556
30.71 1 0.338342
30.71 2 0.028556
30.81 1 0.338342
30.81 2 0.028556
30.91 1 0.338342
30.91 2 0.028556
31.01 1 0.338342
31.01 2 0.028556
31.11 1 0.296745
31.11 2 0.028556
31.21 1 0.296745
31.21 2 0.028556
31.31 1 0.296745
31.31 2 0.028556
31.41 1 0.296745
31.41 2 0.028556
31.51 1 0.296745
31.51 2 0.028556
31.61 1 0.296745
31.61 2 0.028556
31.71 1 0.296745
31.71 2 0.028556
31.81 1 0.296745
31.81 2 0.028556
31.91 1 0.296745
31.91 2 0.028556
32.01 1 0.296745
32.01 2 0.028556
32.11 1 0.296745
32.11 2 0.028556
32.21 1 0.296745
32.21 2 0.028556
32.31 1 0.296745
32.31 2 0.028556
32.41 1 0.296745
32.41 2 0.028556
32.51 1 0.296745
32.51 2 0.028556
32.61 1 0.296745
32.61 2 0.028556
32.71 1 0.296745
32.71 2 0.028556
32.81 1 0.296745
32.81 2 0.028556
32.91 1 0.296745
32.91 2 0.028556
33.01 1 0.296745
33.01 2 0.028556
33.11 1 0.296745
33.11 2 0.028556
33.21 1 0.296745
33.21 2 0.028556
33.31 1 0.296745
33.31 2 0.028556
33.41 1 0.296745
33.41 2 0.028556
33.51 1 0.296745
33.51 2 0.028556
33.61 1 0.296745
33.61 2 0.028556
33.71 1 0.296745
33.71 2 0.028556
33.81 1 0.296745
33.81 2 0.028556
33.91 1 0.296745
33.91 2 0.028556
34.01 1 0.296745
34.01 2 0.028556
34.11 1 0.296745
34.11 2 0.028556
34.21 1 0.296745
34.21 2 0.028556
34.31 1 0.296745
34.31 2 0.028556
34.41 1 0.296745
34.41 2 0.028556
34.51 1 0.296745
34.51 2 0.028556
34.61 1 0.296745
34.61 2 0.028556
34.71 1 0.296745
34.71 2 0.028556
34.81 1 0.296745
34.81 2 0.028556
34.91 1 0.296745
34.91 2 0.028556
35.01 1 0.296745
35.01 2 0.028556
35.11 1 0.296745
35.11 2 0.028556
35.21 1 0.296745
35.21 2 0.028556
35.31 1 0.296745
35.31 2 0.028556
35.41 1 0.296745
35.41 2 0.028556
35.51 1 0.296745
35.51 2 0.028556
35.61 1 0.296745
35.61 2 0.028556
35.71 1 0.296745
35.71 2 0.028556
35.81 1 0.296745
35.81 2 0.028556
35.91 1 0.296745
35.91 2 0.028556
36.01 1 0.296745
36.01 2 0.028556
36.11 1 0.296745
36.11 2 0.028556
36.21 1 0.296745
36.21 2 0.028556
36.31 1 0.296745
36.31 2 0.028556
36.41 1 0.296745
36.41 2 0.028556
36.51 1 0.296745
36.51 2 0.028556
36.61 1 0.296745
36.61 2 0.028556
36.71 1 0.296745
36.71 2 0.028556
36.81 1 0.296745
36.81 2 0.028556
36.91 1 0.296745
36.91 2 0.028556
37.01 1 0.296745
37.01 2 0.028556
37.11 1 0.296745
37.11 2 0.028556
37.21 1 0.296745
37.21 2 0.028556
37.31 1 0.296745
37.31 2 0.028556
37.41 1 0.296745
37.41 2 0.028556
37.51 1 0.296745
37.51 2 0.028556
37.61 1 0.296745
37.61 2 0.028556
37.71 1 0.296745
37.71 2 0.028556
37.81 1 0.296745
37.81 2 0.028556
37.91 1 0.296745
37.91 2 0.028556
38.01 1 0.296745
38.01 2 0.028556
38.11 1 0.296745
38.11 2 0.028556
38.21 1 0.296745
38.21 2 0.028556
38.31 1 0.296745
38.31 2 0.028556
38.41 1 0.296745
38.41 2 0.028556
38.51 1 0.296745
38.51 2 0.028556
38.61 1 0.296745
38.61 2 0.028556
38.71 1 0.238137
38.71 2 0.028556
38.81 1 0.238137
38.81 2 0.028556
38.91 1 0.238137
38.91 2 0.028556
39.01 1 0.238137
39.01 2 0.028556
39.11 1 0.238137
39.11 2 0.028556
39.21 1 0.238137
39.21 2 0.028556
39.31 1 0.238137
39.31 2 0.028556
39.41 1 0.238137
39.41 2 0.028556
39.51 1 0.238137
39.51 2 0.028556
39.61 1 0.238137
39.61 2 0.028556
39.71 1 0.238137
39.71 2 0.028556
39.81 1 0.238137
39.81 2 0.028556
39.91 1 0.238137
39.91 2 0.028556
40.01 1 0.238137
40.01 2 0.028556
40.11 1 0.238137
40.11 2 0.028556
40.21 1 0.238137
40.21 2 0.028556
40.31 1 0.238137
40.31 2 0.028556
40.41 1 0.238137
40.41 2 0.028556
40.51 1 0.238137
40.51 2 0.028556
40.61 1 0.238137
40.61 2 0.028556
40.71 1 0.238137
40.71 2 0.028556
40.81 1 0.238137
40.81 2 0.028556
40.91 1 0.238137
40.91 2 0.028556
41.01 1 0.238137
41.01 2 0.028556
41.11 1 0.238137
41.11 2 0.028556
41.21 1 0.238137
41.21 2 0.028556
41.31 1 0.238137
41.31 2 0.028556
41.41 1 0.238137
41.41 2 0.028556
41.51 1 0.238137
41.51 2 0.028556
41.61 1 0.238137
41.61 2 0.028556
41.71 1 0.238137
41.71 2 0.028556
41.81 1 0.238137
41.81 2 0.028556
41.91 1 0.238137
41.91 2 0.028556
42.01 1 0.238137
42.01 2 0.028556
42.11 1 0.238137
42.11 2 0.028556
42.21 1 0.238137
42.21 2 0.028556
42.31 1 0.238137
42.31 2 0.028556
42.41 1 0.238137
42.41 2 0.028556
42.51 1 0.238137
42.51 2 0.028556
42.61 1 0.238137
42.61 2 0.028556
42.71 1 0.238137
42.71 2 0.028556
42.81 1 0.238137
42.81 2 0.028556
42.91 1 0.238137
42.91 2 0.028556
43.01 1 0.238137
43.01 2 0.028556
43.11 1 0.238137
43.11 2 0.028556
43.21 1 0.238137
43.21 2 0.028556
43.31 1 0.238137
43.31 2 0.028556
43.41 1 0.238137
43.41 2 0.028556
43.51 1 0.238137
43.51 2 0.028556
43.61 1 0.238137
43.61 2 0.028556
43.71 1 0.238137
43.71 2 0.028556
43.81 1 0.238137
43.81 2 0.028556
43.91 1 0.238137
43.91 2 0.028556
44.01 1 0.238137
44.01 2 0.028556
44.11 1 0.238137
44.11 2 0.028556
44.21 1 0.238137
44.21 2 0.028556
44.31 1 0.238137
44.31 2 0.028556
44.41 1 0.238137
44.41 2 0.028556
44.51 1 0.238137
44.51 2 0.028556
44.61 1 0.238137
44.61 2 0.028556
44.71 1 0.238137
44.71 2 0.028556
44.81 1 0.238137
44.81 2 0.028556
44.91 1 0.238137
44.91 2 0.028556
45.01 1 0.238137
45.01 2 0.028556
45.11 1 0.238137
45.11 2 0.028556
45.21 1 0.238137
45.21 2 0.028556
45.31 1 0.238137
45.31 2 0.028556
45.41 1 0.238137
45.41 2 0.028556
45.51 1 0.238137
45.51 2 0.028556
45.61 1 0.238137
45.61 2 0.028556
45.71 1 0.238137
45.71 2 0.028556
45.81 1 0.238137
45.81 2 0.028556
45.91 1 0.238137
45.91 2 0.028556
46.01 1 0.238137
46.01 2 0.028556
46.11 1 0.238137
46.11 2 0.028556
46.21 1 0.238137
46.21 2 0.028556
46.31 1 0.238137
46.31 2 0.028556
46.41 1 0.238137
46.41 2 0.028556
46.51 1 0.238137
46.51 2 0.028556
46.61 1 0.238137
46.61 2 0.028556
46.71 1 0.238137
46.71 2 0.028556
46.81 1 0.238137
46.81 2 0.028556
46.91 1 0.238137
46.91 2 0.028556
47.01 1 0.238137
47.01 2 0.028556
47.11 1 0.238137
47.11 2 0.028556
47.21 1 0.238137
47.21 2 0.028556
47.31 1 0.238137
47.31 2 0.028556
47.41 1 0.238137
47.41 2 0.028556
47.51 1 0.238137
47.51 2 0.028556
47.61 1 0.238137
47.61 2 0.028556
47.71 1 0.238137
47.71 2 0.028556
47.81 1 0.238137
47.81 2 0.028556
47.91 1 0.238137
47.91 2 0.028556
48.01 1 0.238137
48.01 2 0.028556
48.11 1 0.238137
48.11 2 0.028556
48.21 1 0.238137
48.21 2 0.028556
48.31 1 0.238137
48.31 2 0.028556
48.41 1 0.238137
48.41 2 0.028556
48.51 1 0.238137
48.51 2 0.028556
48.61 1 0.238137
48.61 2 0.028556
48.71 1 0.238137
48.71 2 0.028556
48.81 1 0.238137
48.81 2 0.028556
48.91 1 0.238137
48.91 2 0.028556
49.01 1 0.238137
49.01 2 0.028556
49.11 1 0.238137
49.11 2 0.028556
49.21 1 0.238137
49.21 2 0.028556
49.31 1 0.238137
49.31 2 0.028556
49.41 1 0.238137
49.41 2 0.028556
49.51 1 0.238137
49.51 2 0.028556
49.61 1 0.238137
49.61 2 0.028556
49.71 1 0.238137
49.71 2 0.028556
49.81 1 0.238137
49.81 2 0.028556
49.91 1 0.238137
49.91 2 0.028556
50.01 1 0.238137
50.01 2 0.028556
50.11 1 0.238137
50.11 2 0.028556
50.21 1 0.238137
50.21 2 0.028556
50.31 1 0.238137
50.31 2 0.028556
50.41 1 0.238137
50.41 2 0.028556
50.51 1 0.238137
50.51 2 0.028556
50.61 1 0.238137
50.61 2 0.028556
50.71 1 0.238137
50.71 2 0.028556
50.81 1 0.238137
50.81 2 0.028556
50.91 1 0.238137
50.91 2 0.028556
51.01 1 0.238137
51.01 2 0.028556
51.11 1 0.238137
51.11 2 0.028556
51.21 1 0.238137
51.21 2 0.028556
51.31 1 0.238137
51.31 2 0.028556
51.41 1 0.238137
51.41 2 0.028556
51.51 1 0.238137
51.51 2 0.028556
51.61 1 0.238137
51.61 2 0.028556
51.71 1 0.238137
51.71 2 0.028556
51.81 1 0.238137
51.81 2 0.028556
51.91 1 0.238137
51.91 2 0.028556
52.01 1 0.238137
52.01 2 0.028556
52.11 1 0.238137
52.11 2 0.028556
52.21 1 0.238137
52.21 2 0.028556
52.31 1 0.238137
52.31 2 0.028556
52.41 1 0.238137
52.41 2 0.028556
52.51 1 0.238137
52.51 2 0.028556
52.61 1 0.238137
52.61 2 0.028556
52.71 1 0.238137
52.71 2 0.028556
52.81 1 0.238137
52.81 2 0.028556
52.91 1 0.238137
52.91 2 0.028556
53.01 1 0.238137
53.01 2 0.028556
53.11 1 0.238137
53.11 2 0.028556
53.21 1 0.238137
53.21 2 0.028556
53.31 1 0.238137
53.31 2 0.028556
53.41 1 0.238137
53.41 2 0.028556
53.51 1 0.238137
53.51 2 0.028556
53.61 1 0.238137
53.61 2 0.028556
53.71 1 0.238137
53.71 2 0.028556
53.81 1 0.238137
53.81 2 0.028556
53.91 1 0.238137
53.91 2 0.028556
54.01 1 0.238137
54.01 2 0.028556
54.11 1 0.238137
54.11 2 0.028556
54.21 1 0.238137
54.21 2 0.028556
54.31 1 0.238137
54.31 2 0.028556
54.41 1 0.238137
54.41 2 0.028556
54.51 1 0.238137
54.51 2 0.028556
54.61 1 0.238137
54.61 2 0.028556
54.71 1 0.238137
54.71 2 0.028556
54.81 1 0.238137
54.81 2 0.028556
54.91 1 0.238137
54.91 2 0.028556
55.01 1 0.238137
55.01 2 0.028556
55.11 1 0.238137
55.11 2 0.028556
55.21 1 0.238137
55.21 2 0.028556
55.31 1 0.238137
55.31 2 0.028556
55.41 1 0.238137
55.41 2 0.028556
55.51 1 0.238137
55.51 2 0.028556
55.61 1 0.238137
55.61 2 0.028556
55.71 1 0.238137
55.71 2 0.028556
55.81 1 0.238137
55.81 2 0.028556
55.91 1 0.238137
55.91 2 0.028556
56.01 1 0.238137
56.01 2 0.028556
56.11 1 0.238137
56.11 2 0.028556
56.21 1 0.238137
56.21 2 0.028556
56.31 1 0.238137
56.31 2 0.028556
56.41 1 0.238137
56.41 2 0.028556
56.51 1 0.238137
56.51 2 0.028556
56.61 1 0.238137
56.61 2 0.028556
56.71 1 0.238137
56.71 2 0.028556
56.81 1 0.238137
56.81 2 0.028556
56.91 1 0.238137
56.91 2 0.028556
57.01 1 0.238137
57.01 2 0.028556
57.11 1 0.238137
57.11 2 0.028556
57.21 1 0.238137
57.21 2 0.028556
57.31 1 0.238137
57.31 2 0.028556
57.41 1 0.238137
57.41 2 0.028556
57.51 1 0.238137
57.51 2 0.028556
57.61 1 0.238137
57.61 2 0.028556
57.71 1 0.238137
57.71 2 0.028556
57.81 1 0.238137
57.81 2 0.028556
57.91 1 0.238137
57.91 2 0.028556
58.01 1 0.238137
58.01 2 0.028556
58.11 1 0.238137
58.11 2 0.028556
58.21 1 0.238137
58.21 2 0.028556
58.31 1 0.238137
58.31 2 0.028556
58.41 1 0.238137
58.41 2 0.028556
58.51 1 0.238137
58.51 2 0.028556
58.61 1 0.238137
58.61 2 0.028556
58.71 1 0.238137
58.71 2 0.028556
58.81 1 0.238137
58.81 2 0.028556
58.91 1 0.238137
58.91 2 0.028556
59.01 1 0.238137
59.01 2 0.028556
59.11 1 0.238137
59.11 2 0.028556
59.21 1 0.238137
59.21 2 0.028556
59.31 1 0.238137
59.31 2 0.028556
59.41 1 0.238137
59.41 2 0.028556
59.51 1 0.238137
59.51 2 0.028556
59.61 1 0.238137
59.61 2 0.028556
59.71 1 0.238137
59.71 2 0.028556
59.81 1 0.238137
59.81 2 0.028556
59.91 1 0.238137
59.91 2 0.028556
60.01 1 0.238137
60.01 2 0.028556
60.11 1 0.238137
60.11 2 0.028556
60.21 1 0.238137
60.21 2 0.028556
60.31 1 0.238137
60.31 2 0.028556
60.41 1 0.238137
60.41 2 0.028556
60.51 1 0.238137
60.51 2 0.028556
60.61 1 0.238137
60.61 2 0.028556
60.71 1 0.238137
60.71 2 0.028556
60.81 1 0.238137
60.81 2 0.028556
60.91 1 0.238137
60.91 2 0.028556
61.01 1 0.238137
61.01 2 0.028556
61.11 1 0.238137
61.11 2 0.028556
61.21 1 0.238137
61.21 2 0.028556
61.31 1 0.238137
61.31 2 0.028556
61.41 1 0.238137
61.41 2 0.028556
61.51 1 0.238137
61.51 2 0.028556
61.61 1 0.238137
61.61 2 0.028556
61.71 1 0.238137
61.71 2 0.028556
61.81 1 0.238137
61.81 2 0.028556
61.91 1 0.238137
61.91 2 0.028556
62.01 1 0.238137
62.01 2 0.028556
62.11 1 0.238137
62.11 2 0.028556
62.21 1 0.238137
62.21 2 0.028556
62.31 1 0.238137
62.31 2 0.028556
62.41 1 0.238137
62.41 2 0.028556
62.51 1 0.238137
62.51 2 0.028556
62.61 1 0.238137
62.61 2 0.028556
62.71 1 0.238137
62.71 2 0.028556
62.81 1 0.238137
62.81 2 0.028556
62.91 1 0.238137
62.91 2 0.028556
63.01 1 0.238137
63.01 2 0.028556
63.11 1 0.238137
63.11 2 0.028556
63.21 1 0.238137
63.21 2 0.028556
63.31 1 0.238137
63.31 2 0.028556
63.41 1 0.238137
63.41 2 0.028556
63.51 1 0.238137
63.51 2 0.028556
63.61 1 0.238137
63.61 2 0.028556
63.71 1 0.238137
63.71 2 0.028556
63.81 1 0.238137
63.81 2 0.028556
63.91 1 0.238137
63.91 2 0.028556
64.01 1 0.238137
64.01 2 0.028556
64.11 1 0.238137
64.11 2 0.028556
64.21 1 0.238137
64.21 2 0.028556
64.31 1 0.238137
64.31 2 0.028556
64.41 1 0.238137
64.41 2 0.028556
64.51 1 0.238137
64.51 2 0.028556
64.61 1 0.238137
64.61 2 0.028556
64.71 1 0.238137
64.71 2 0.028556
64.81 1 0.238137
64.81 2 0.028556
64.91 1 0.238137
64.91 2 0.028556
65.01 1 0.238137
65.01 2 0.028556
65.11 1 0.238137
65.11 2 0.028556
65.21 1 0.238137
65.21 2 0.028556
65.31 1 0.238137
65.31 2 0.028556
65.41 1 0.238137
65.41 2 0.028556
65.51 1 0.238137
65.51 2 0.028556
65.61 1 0.238137
65.61 2 0.028556
65.71 1 0.238137
65.71 2 0.028556
65.81 1 0.238137
65.81 2 0.028556
65.91 1 0.238137
65.91 2 0.028556
66.01 1 0.238137
66.01 2 0.028556
66.11 1 0.238137
66.11 2 0.028556
66.21 1 0.238137
66.21 2 0.028556
66.31 1 0.238137
66.31 2 0.028556
66.41 1 0.238137
66.41 2 0.028556
66.51 1 0.238137
66.51 2 0.028556
66.61 1 0.238137
66.61 2 0.028556
66.71 1 0.238137
66.71 2 0.028556
66.81 1 0.238137
66.81 2 0.028556
66.91 1 0.238137
66.91 2 0.028556
67.01 1 0.238137
67.01 2 0.028556
67.11 1 0.238137
67.11 2 0.028556
67.21 1 0.238137
67.21 2 0.028556
67.31 1 0.238137
67.31 2 0.028556
67.41 1 0.238137
67.41 2 0.028556
67.51 1 0.238137
67.51 2 0.028556
67.61 1 0.238137
67.61 2 0.028556
67.71 1 0.238137
67.71 2 0.028556
67.81 1 0.238137
67.81 2 0.028556
67.91 1 0.238137
67.91 2 0.028556
68.01 1 0.238137
68.01 2 0.028556
68.11 1 0.238137
68.11 2 0.028556
68.21 1 0.238137
68.21 2 0.028556
68.31 1 0.238137
68.31 2 0.028556
68.41 1 0.238137
68.41 2 0.028556
68.51 1 0.238137
68.51 2 0.028556
68.61 1 0.238137
68.61 2 0.028556
68.71 1 0.238137
68.71 2 0.028556
68.81 1 0.238137
68.81 2 0.028556
68.91 1 0.238137
68.91 2 0.028556
69.01 1 0.238137
69.01 2 0.028556
69.11 1 0.238137
69.11 2 0.028556
69.21 1 0.238137
69.21 2 0.028556
69.31 1 0.238137
69.31 2 0.028556
69.41 1 0.238137
69.41 2 0.028556
69.51 1 0.238137
69.51 2 0.028556
69.61 1 0.238137
69.61 2 0.028556
69.71 1 0.238137
69.71 2 0.028556
69.81 1 0.238137
69.81 2 0.028556
69.91 1 0.238137
69.91 2 0.028556
70.01 1 0.238137
70.01 2 0.028556
70.11 1 0.238137
70.11 2 0.028556
70.21 1 0.238137
70.21 2 0.028556
70.31 1 0.238137
70.31 2 0.028556
70.41 1 0.238137
70.41 2 0.028556
70.51 1 0.238137
70.51 2 0.028556
70.61 1 0.238137
70.61 2 0.028556
70.71 1 0.238137
70.71 2 0.028556
70.81 1 0.238137
70.81 2 0.028556
70.91 1 0.238137
70.91 2 0.028556
71.01 1 0.238137
71.01 2 0.028556
71.11 1 0.238137
71.11 2 0.028556
71.21 1 0.238137
71.21 2 0.028556
71.31 1 0.238137
71.31 2 0.028556
71.41 1 0.238137
71.41 2 0.028556
71.51 1 0.238137
71.51 2 0.028556
71.61 1 0.238137
71.61 2 0.028556
71.71 1 0.238137
71.71 2 0.028556
71.81 1 0.238137
71.81 2 0.028556
71.91 1 0.238137
71.91 2 0.028556
72.01 1 0.238137
72.01 2 0.028556
72.11 1 0.238137
72.11 2 0.028556
72.21 1 0.238137
72.21 2 0.028556
72.31 1 0.238137
72.31 2 0.028556
72.41 1 0.238137
72.41 2 0.028556
72.51 1 0.238137
72.51 2 0.028556
72.61 1 0.238137
72.61 2 0.028556
72.71 1 0.238137
72.71 2 0.028556
72.81 1 0.238137
72.81 2 0.028556
72.91 1 0.238137
72.91 2 0.028556
73.01 1 0.238137
73.01 2 0.028556
73.11 1 0.238137
73.11 2 0.028556
73.21 1 0.238137
73.21 2 0.028556
73.31 1 0.238137
73.31 2 0.028556
73.41 1 0.238137
73.41 2 0.028556
73.51 1 0.238137
73.51 2 0.028556
73.61 1 0.238137
73.61 2 0.028556
73.71 1 0.238137
73.71 2 0.028556
73.81 1 0.238137
73.81 2 0.028556
73.91 1 0.238137
73.91 2 0.028556
74.01 1 0.238137
74.01 2 0.028556
74.11 1 0.238137
74.11 2 0.028556
74.21 1 0.238137
74.21 2 0.028556
74.31 1 0.238137
74.31 2 0.028556
74.41 1 0.238137
74.41 2 0.028556
74.51 1 0.238137
74.51 2 0.028556
74.61 1 0.238137
74.61 2 0.028556
74.71 1 0.238137
74.71 2 0.028556
74.81 1 0.238137
74.81 2 0.028556
74.91 1 0.238137
74.91 2 0.028556
75.01 1 0.238137
75.01 2 0.028556
75.11 1 0.238137
75.11 2 0.028556
75.21 1 0.238137
75.21 2 0.028556
75.31 1 0.238137
75.31 2 0.028556
75.41 1 0.238137
75.41 2 0.028556
75.51 1 0.238137
75.51 2 0.028556
75.61 1 0.238137
75.61 2 0.028556
75.71 1 0.238137
75.71 2 0.028556
75.81 1 0.238137
75.81 2 0.028556
75.91 1 0.238137
75.91 2 0.028556
76.01 1 0.238137
76.01 2 0.028556
76.11 1 0.238137
76.11 2 0.028556
76.21 1 0.238137
76.21 2 0.028556
76.31 1 0.238137
76.31 2 0.028556
76.41 1 0.238137
76.41 2 0.028556
76.51 1 0.238137
76.51 2 0.028556
76.61 1 0.238137
76.61 2 0.028556
76.71 1 0.238137
76.71 2 0.028556
76.81 1 0.238137
76.81 2 0.028556
76.91 1 0.238137
76.91 2 0.028556
77.01 1 0.238137
77.01 2 0.028556
77.11 1 0.238137
77.11 2 0.028556
77.21 1 0.238137
77.21 2 0.028556
77.31 1 0.238137
77.31 2 0.028556
77.41 1 0.238137
77.41 2 0.028556
77.51 1 0.238137
77.51 2 0.028556
77.61 1 0.238137
77.61 2 0.028556
77.71 1 0.238137
77.71 2 0.028556
77.81 1 0.238137
77.81 2 0.028556
77.91 1 0.238137
77.91 2 0.028556
78.01 1 0.238137
78.01 2 0.028556
78.11 1 0.238137
78.11 2 0.028556
78.21 1 0.238137
78.21 2 0.028556
78.31 1 0.238137
78.31 2 0.028556
78.41 1 0.238137
78.41 2 0.028556
78.51 1 0.238137
78.51 2 0.028556
78.61 1 0.238137
78.61 2 0.028556
78.71 1 0.238137
78.71 2 0.028556
78.81 1 0.238137
78.81 2 0.028556
78.91 1 0.238137
78.91 2 0.028556
79.01 1 0.238137
79.01 2 0.028556
79.11 1 0.238137
79.11 2 0.028556
79.21 1 0.238137
79.21 2 0.028556
79.31 1 0.238137
79.31 2 0.028556
79.41 1 0.238137
79.41 2 0.028556
79.51 1 0.238137
79.51 2 0.028556
79.61 1 0.238137
79.61 2 0.028556
79.71 1 0.238137
79.71 2 0.028556
79.81 1 0.238137
79.81 2 0.028556
79.91 1 0.238137
79.91 2 0.028556
80.01 1 0.238137
80.01 2 0.028556
80.11 1 0.238137
80.11 2 0.028556
80.21 1 0.238137
80.21 2 0.028556
80.31 1 0.238137
80.31 2 0.028556
80.41 1 0.238137
80.41 2 0.028556
80.51 1 0.238137
80.51 2 0.028556
80.61 1 0.238137
80.61 2 0.028556
80.71 1 0.238137
80.71 2 0.028556
80.81 1 0.238137
80.81 2 0.028556
80.91 1 0.238137
80.91 2 0.028556
81.01 1 0.238137
81.01 2 0.028556
81.11 1 0.238137
81.11 2 0.028556
81.21 1 0.238137
81.21 2 0.028556
81.31 1 0.238137
81.31 2 0.028556
81.41 1 0.238137
81.41 2 0.028556
81.51 1 0.238137
81.51 2 0.028556
81.61 1 0.238137
81.61 2 0.028556
81.71 1 0.238137
81.71 2 0.028556
81.81 1 0.238137
81.81 2 0.028556
81.91 1 0.238137
81.91 2 0.028556
82.01 1 0.238137
82.01 2 0.028556
82.11 1 0.238137
82.11 2 0.028556
82.21 1 0.238137
82.21 2 0.028556
82.31 1 0.238137
82.31 2 0.028556
82.41 1 0.238137
82.41 2 0.028556
82.51 1 0.238137
82.51 2 0.028556
82.61 1 0.238137
82.61 2 0.028556
82.71 1 0.238137
82.71 2 0.028556
82.81 1 0.238137
82.81 2 0.028556
82.91 1 0.238137
82.91 2 0.028556
83.01 1 0.238137
83.01 2 0.028556
83.11 1 0.238137
83.11 2 0.028556
83.21 1 0.238137
83.21 2 0.028556
83.31 1 0.238137
83.31 2 0.028556
83.41 1 0.238137
83.41 2 0.028556
83.51 1 0.238137
83.51 2 0.028556
83.61 1 0.238137
83.61 2 0.028556
83.71 1 0.238137
83.71 2 0.028556
83.81 1 0.238137
83.81 2 0.028556
83.91 1 0.238137
83.91 2 0.028556
84.01 1 0.238137
84.01 2 0.028556
84.11 1 0.238137
84.11 2 0.028556
84.21 1 0.238137
84.21 2 0.028556
84.31 1 0.238137
84.31 2 0.028556
84.41 1 0.238137
84.41 2 0.028556
84.51 1 0.238137
84.51 2 0.028556
84.61 1 0.238137
84.61 2 0.028556
84.71 1 0.238137
84.71 2 0.028556
84.81 1 0.238137
84.81 2 0.028556
84.91 1 0.238137
84.91 2 0.028556
85.01 1 0.238137
85.01 2 0.028556
85.11 1 0.238137
85.11 2 0.028556
85.21 1 0.238137
85.21 2 0.028556
85.31 1 0.238137
85.31 2 0.028556
85.41 1 0.238137
85.41 2 0.028556
85.51 1 0.238137
85.51 2 0.028556
85.61 1 0.238137
85.61 2 0.028556
85.71 1 0.238137
85.71 2 0.028556
85.81 1 0.238137
85.81 2 0.028556
85.91 1 0.238137
85.91 2 0.028556
86.01 1 0.238137
86.01 2 0.028556
86.11 1 0.238137
86.11 2 0.028556
86.21 1 0.238137
86.21 2 0.028556
86.31 1 0.238137
86.31 2 0.028556
86.41 1 0.238137
86.41 2 0.028556
86.51 1 0.238137
86.51 2 0.028556
86.61 1 0.238137
86.61 2 0.028556
86.71 1 0.238137
86.71 2 0.028556
86.81 1 0.238137
86.81 2 0.028556
86.91 1 0.238137
86.91 2 0.028556
87.01 1 0.238137
87.01 2 0.028556
87.11 1 0.238137
87.11 2 0.028556
87.21 1 0.238137
87.21 2 0.028556
87.31 1 0.238137
87.31 2 0.028556
87.41 1 0.238137
87.41 2 0.028556
87.51 1 0.238137
87.51 2 0.028556
87.61 1 0.238137
87.61 2 0.028556
87.71 1 0.238137
87.71 2 0.028556
87.81 1 0.238137
87.81 2 0.028556
87.91 1 0.238137
87.91 2 0.028556
88.01 1 0.238137
88.01 2 0.028556
88.11 1 0.238137
88.11 2 0.028556
88.21 1 0.238137
88.21 2 0.028556
88.31 1 0.238137
88.31 2 0.028556
88.41 1 0.238137
88.41 2 0.028556
88.51 1 0.238137
88.51 2 0.028556
88.61 1 0.238137
88.61 2 0.028556
88.71 1 0.238137
88.71 2 0.028556
88.81 1 0.238137
88.81 2 0.028556
88.91 1 0.238137
88.91 2 0.028556
89.01 1 0.238137
89.01 2 0.028556
89.11 1 0.238137
89.11 2 0.028556
89.21 1 0.238137
89.21 2 0.028556
89.31 1 0.238137
89.31 2 0.028556
89.41 1 0.238137
89.41 2 0.028556
89.51 1 0.238137
89.51 2 0.028556
89.61 1 0.238137
89.61 2 0.028556
89.71 1 0.238137
89.71 2 0.028556
89.81 1 0.238137
89.81 2 0.028556
89.91 1 0.238137
89.91 2 0.028556
90.01 1 0.238137
90.01 2 0.028556
90.11 1 0.238137
90.11 2 0.028556
90.21 1 0.238137
90.21 2 0.028556
90.31 1 0.238137
90.31 2 0.028556
90.41 1 0.238137
90.41 2 0.028556
90.51 1 0.238137
90.51 2 0.028556
90.61 1 0.238137
90.61 2 0.028556
90.71 1 0.238137
90.71 2 0.028556
90.81 1 0.238137
90.81 2 0.028556
90.91 1 0.238137
90.91 2 0.028556
91.01 1 0.238137
91.01 2 0.028556
91.11 1 0.238137
91.11 2 0.028556
91.21 1 0.238137
91.21 2 0.028556
91.31 1 0.238137
91.31 2 0.028556
91.41 1 0.238137
91.41 2 0.028556
91.51 1 0.238137
91.51 2 0.028556
91.61 1 0.238137
91.61 2 0.028556
91.71 1 0.238137
91.71 2 0.028556
91.81 1 0.238137
91.81 2 0.028556
91.91 1 0.238137
91.91 2 0.028556
92.01 1 0.238137
92.01 2 0.028556
92.11 1 0.238137
92.11 2 0.028556
92.21 1 0.238137
92.21 2 0.028556
92.31 1 0.238137
92.31 2 0.028556
92.41 1 0.238137
92.41 2 0.028556
92.51 1 0.238137
92.51 2 0.028556
92.61 1 0.238137
92.61 2 0.028556
92.71 1 0.238137
92.71 2 0.028556
92.81 1 0.238137
92.81 2 0.028556
92.91 1 0.238137
92.91 2 0.028556
93.01 1 0.238137
93.01 2 0.028556
93.11 1 0.238137
93.11 2 0.028556
93.21 1 0.238137
93.21 2 0.028556
93.31 1 0.238137
93.31 2 0.028556
93.41 1 0.238137
93.41 2 0.028556
93.51 1 0.238137
93.51 2 0.028556
93.61 1 0.238137
93.61 2 0.028556
93.71 1 0.238137
93.71 2 0.028556
93.81 1 0.238137
93.81 2 0.028556
93.91 1 0.238137
93.91 2 0.028556
94.01 1 0.238137
94.01 2 0.028556
94.11 1 0.238137
94.11 2 0.028556
94.21 1 0.238137
94.21 2 0.028556
94.31 1 0.238137
94.31 2 0.028556
94.41 1 0.238137
94.41 2 0.028556
94.51 1 0.238137
94.51 2 0.028556
94.61 1 0.238137
94.61 2 0.028556
94.71 1 0.238137
94.71 2 0.028556
94.81 1 0.238137
94.81 2 0.028556
94.91 1 0.238137
94.91 2 0.028556
95.01 1 0.238137
95.01 2 0.028556
95.11 1 0.238137
95.11 2 0.028556
95.21 1 0.238137
95.21 2 0.028556
95.31 1 0.238137
95.31 2 0.028556
95.41 1 0.238137
95.41 2 0.028556
95.51 1 0.238137
95.51 2 0.028556
95.61 1 0.238137
95.61 2 0.028556
95.71 1 0.238137
95.71 2 0.028556
95.81 1 0.238137
95.81 2 0.028556
95.91 1 0.238137
95.91 2 0.028556
96.01 1 0.238137
96.01 2 0.028556
96.11 1 0.238137
96.11 2 0.028556
96.21 1 0.238137
96.21 2 0.028556
96.31 1 0.238137
96.31 2 0.028556
96.41 1 0.238137
96.41 2 0.028556
96.51 1 0.238137
96.51 2 0.028556
96.61 1 0.238137
96.61 2 0.028556
96.71 1 0.238137
96.71 2 0.028556
96.81 1 0.238137
96.81 2 0.028556
96.91 1 0.238137
96.91 2 0.028556
97.01 1 0.238137
97.01 2 0.028556
97.11 1 0.238137
97.11 2 0.028556
97.21 1 0.238137
97.21 2 0.028556
97.31 1 0.238137
97.31 2 0.028556
97.41 1 0.238137
97.41 2 0.028556
97.51 1 0.238137
97.51 2 0.028556
97.61 1 0.238137
97.61 2 0.028556
97.71 1 0.238137
97.71 2 0.028556
97.81 1 0.238137
97.81 2 0.028556
97.91 1 0.238137
97.91 2 0.028556
98.01 1 0.238137
98.01 2 0.028556
98.11 1 0.238137
98.11 2 0.028556
98.21 1 0.238137
98.21 2 0.028556
98.31 1 0.238137
98.31 2 0.028556
98.41 1 0.238137
98.41 2 0.028556
98.51 1 0.238137
98.51 2 0.028556
98.61 1 0.238137
98.61 2 0.028556
98.71 1 0.238137
98.71 2 0.028556
98.81 1 0.238137
98.81 2 0.028556
98.91 1 0.238137
98.91 2 0.028556
99.01 1 0.238137
99.01 2 0.028556
99.11 1 0.238137
99.11 2 0.028556
99.21 1 0.238137
99.21 2 0.028556
99.31 1 0.238137
99.31 2 0.028556
99.41 1 0.238137
99.41 2 0.028556
99.51 1 0.238137
99.51 2 0.028556
99.61 1 0.238137
99.61 2 0.028556
99.71 1 0.238137
99.71 2 0.028556
99.81 1 0.238137
99.81 2 0.028556
99.91 1 0.238137
99.91 2 0.028556
100.01 1 0.238137
100.01 2 0.028556
100.11 1 0.238137
100.11 2 0.028556
100.21 1 0.238137
100.21 2 0.028556
100.31 1 0.238137
100.31 2 0.028556
100.41 1 0.238137
100.41 2 0.028556
100.51 1 0.238137
100.51 2 0.028556
100.61 1 0.238137
100.61 2 0.028556
100.71 1 0.238137
100.71 2 0.028556
100.81 1 0.238137
100.81 2 0.028556
100.91 1 0.238137
100.91 2 0.028556
101.01 1 0.238137
101.01 2 0.028556
101.11 1 0.238137
101.11 2 0.028556
101.21 1 0.238137
101.21 2 0.028556
101.31 1 0.238137
101.31 2 0.028556
101.41 1 0.238137
101.41 2 0.028556
101.51 1 0.238137
101.51 2 0.028556
101.61 1 0.238137
101.61 2 0.028556
101.71 1 0.238137
101.71 2 0.028556
101.81 1 0.238137
101.81 2 0.028556
101.91 1 0.238137
101.91 2 0.028556
102.01 1 0.238137
102.01 2 0.028556
102.11 1 0.238137
102.11 2 0.028556
102.21 1 0.238137
102.21 2 0.028556
102.31 1 0.238137
102.31 2 0.028556
102.41 1 0.238137
102.41 2 0.028556
102.51 1 0.238137
102.51 2 0.028556
102.61 1 0.238137
102.61 2 0.028556
102.71 1 0.238137
102.71 2 0.028556
102.81 1 0.238137
102.81 2 0.028556
102.91 1 0.238137
102.91 2 0.028556
103.01 1 0.238137
103.01 2 0.028556
103.11 1 0.238137
103.11 2 0.028556
103.21 1 0.238137
103.21 2 0.028556
103.31 1 0.238137
103.31 2 0.028556
103.41 1 0.238137
103.41 2 0.028556
103.51 1 0.238137
103.51 2 0.028556
103.61 1 0.238137
103.61 2 0.028556
103.71 1 0.238137
103.71 2 0.028556
103.81 1 0.238137
103.81 2 0.028556
103.91 1 0.238137
103.91 2 0.028556
104.01 1 0.238137
104.01 2 0.028556
104.11 1 0.238137
104.11 2 0.028556
104.21 1 0.238137
104.21 2 0.028556
104.31 1 0.238137
104.31 2 0.028556
104.41 1 0.238137
104.41 2 0.028556
104.51 1 0.238137
104.51 2 0.028556
104.61 1 0.238137
104.61 2 0.028556
104.71 1 0.238137
104.71 2 0.028556
104.81 1 0.238137
104.81 2 0.028556
104.91 1 0.238137
104.91 2 0.028556
105.01 1 0.238137
105.01 2 0.028556
105.11 1 0.238137
105.11 2 0.028556
105.21 1 0.238137
105.21 2 0.028556
105.31 1 0.238137
105.31 2 0.028556
105.41 1 0.238137
105.41 2 0.028556
105.51 1 0.238137
105.51 2 0.028556
105.61 1 0.238137
105.61 2 0.028556
105.71 1 0.238137
105.71 2 0.028556
105.81 1 0.238137
105.81 2 0.028556
105.91 1 0.238137
105.91 2 0.028556
106.01 1 0.238137
106.01 2 0.028556
106.11 1 0.238137
106.11 2 0.028556
106.21 1 0.238137
106.21 2 0.028556
106.31 1 0.238137
106.31 2 0.028556
106.41 1 0.238137
106.41 2 0.028556
106.51 1 0.238137
106.51 2 0.028556
106.61 1 0.238137
106.61 2 0.028556
106.71 1 0.238137
106.71 2 0.028556
106.81 1 0.238137
106.81 2 0.028556
106.91 1 0.238137
106.91 2 0.028556
107.01 1 0.238137
107.01 2 0.028556
107.11 1 0.238137
107.11 2 0.028556
107.21 1 0.238137
107.21 2 0.028556
107.31 1 0.238137
107.31 2 0.028556
107.41 1 0.238137
107.41 2 0.028556
107.51 1 0.238137
107.51 2 0.028556
107.61 1 0.238137
107.61 2 0.028556
107.71 1 0.238137
107.71 2 0.028556
107.81 1 0.238137
107.81 2 0.028556
107.91 1 0.238137
107.91 2 0.028556
108.01 1 0.238137
108.01 2 0.028556
108.11 1 0.238137
108.11 2 0.028556
108.21 1 0.238137
108.21 2 0.028556
108.31 1 0.238137
108.31 2 0.028556
108.41 1 0.238137
108.41 2 0.028556
108.51 1 0.238137
108.51 2 0.028556
108.61 1 0.238137
108.61 2 0.028556
108.71 1 0.238137
108.71 2 0.028556
108.81 1 0.238137
108.81 2 0.028556
108.91 1 0.238137
108.91 2 0.028556
109.01 1 0.238137
109.01 2 0.028556
109.11 1 0.238137
109.11 2 0.028556
109.21 1 0.238137
109.21 2 0.028556
109.31 1 0.238137
109.31 2 0.028556
109.41 1 0.238137
109.41 2 0.028556
109.51 1 0.238137
109.51 2 0.028556
109.61 1 0.238137
109.61 2 0.028556
109.71 1 0.238137
109.71 2 0.028556
109.81 1 0.238137
109.81 2 0.028556
109.91 1 0.238137
109.91 2 0.028556
110.01 1 0.238137
110.01 2 0.028556
110.11 1 0.238137
110.11 2 0.028556
110.21 1 0.238137
110.21 2 0.028556
110.31 1 0.238137
110.31 2 0.028556
110.41 1 0.238137
110.41 2 0.028556
110.51 1 0.238137
110.51 2 0.028556
110.61 1 0.238137
110.61 2 0.028556
110.71 1 0.238137
110.71 2 0.028556
110.81 1 0.238137
110.81 2 0.028556
110.91 1 0.238137
110.91 2 0.028556
111.01 1 0.238137
111.01 2 0.028556
111.11 1 0.238137
111.11 2 0.028556
111.21 1 0.238137
111.21 2 0.028556
111.31 1 0.238137
111.31 2 0.028556
111.41 1 0.238137
111.41 2 0.028556
111.51 1 0.238137
111.51 2 0.028556
111.61 1 0.238137
111.61 2 0.028556
111.71 1 0.238137
111.71 2 0.028556
111.81 1 0.238137
111.81 2 0.028556
111.91 1 0.238137
111.91 2 0.028556
112.01 1 0.238137
112.01 2 0.028556
112.11 1 0.238137
112.11 2 0.028556
112.21 1 0.238137
112.21 2 0.028556
112.31 1 0.238137
112.31 2 0.028556
112.41 1 0.238137
112.41 2 0.028556
112.51 1 0.238137
112.51 2 0.028556
112.61 1 0.238137
112.61 2 0.028556
112.71 1 0.238137
112.71 2 0.028556
112.81 1 0.238137
112.81 2 0.028556
112.91 1 0.238137
112.91 2 0.028556
113.01 1 0.238137
113.01 2 0.028556
113.11 1 0.238137
113.11 2 0.028556
113.21 1 0.238137
113.21 2 0.028556
113.31 1 0.238137
113.31 2 0.028556
113.41 1 0.238137
113.41 2 0.028556
113.51 1 0.238137
113.51 2 0.028556
113.61 1 0.238137
113.61 2 0.028556
113.71 1 0.238137
113.71 2 0.028556
113.81 1 0.238137
113.81 2 0.028556
113.91 1 0.238137
113.91 2 0.028556
114.01 1 0.238137
114.01 2 0.028556
114.11 1 0.238137
114.11 2 0.028556
114.21 1 0.238137
114.21 2 0.028556
114.31 1 0.238137
114.31 2 0.028556
114.41 1 0.238137
114.41 2 0.028556
114.51 1 0.238137
114.51 2 0.028556
114.61 1 0.238137
114.61 2 0.028556
114.71 1 0.238137
114.71 2 0.028556
114.81 1 0.238137
114.81 2 0.028556
114.91 1 0.238137
114.91 2 0.028556
115.01 1 0.238137
115.01 2 0.028556
115.11 1 0.238137
115.11 2 0.028556
115.21 1 0.238137
115.21 2 0.028556
115.31 1 0.238137
115.31 2 0.028556
115.41 1 0.238137
115.41 2 0.028556
115.51 1 0.238137
115.51 2 0.028556
115.61 1 0.238137
115.61 2 0.028556
115.71 1 0.238137
115.71 2 0.028556
115.81 1 0.238137
115.81 2 0.028556
115.91 1 0.238137
115.91 2 0.028556
116.01 1 0.238137
116.01 2 0.028556
116.11 1 0.238137
116.11 2 0.028556
116.21 1 0.238137
116.21 2 0.028556
116.31 1 0.238137
116.31 2 0.028556
116.41 1 0.238137
116.41 2 0.028556
116.51 1 0.238137
116.51 2 0.028556
116.61 1 0.238137
116.61 2 0.028556
116.71 1 0.238137
116.71 2 0.028556
116.81 1 0.238137
116.81 2 0.028556
116.91 1 0.238137
116.91 2 0.028556
117.01 1 0.238137
117.01 2 0.028556
117.11 1 0.238137
117.11 2 0.028556
117.21 1 0.238137
117.21 2 0.028556
117.31 1 0.238137
117.31 2 0.028556
117.41 1 0.238137
117.41 2 0.028556
117.51 1 0.238137
117.51 2 0.028556
117.61 1 0.238137
117.61 2 0.028556
117.71 1 0.238137
117.71 2 0.028556
117.81 1 0.238137
117.81 2 0.028556
117.91 1 0.238137
117.91 2 0.028556
118.01 1 0.238137
118.01 2 0.028556
118.11 1 0.238137
118.11 2 0.028556
118.21 1 0.238137
118.21 2 0.028556
118.31 1 0.238137
118.31 2 0.028556
118.41 1 0.238137
118.41 2 0.028556
118.51 1 0.238137
118.51 2 0.028556
118.61 1 0.238137
118.61 2 0.028556
118.71 1 0.238137
118.71 2 0.028556
118.81 1 0.238137
118.81 2 0.028556
118.91 1 0.238137
118.91 2 0.028556
119.01 1 0.238137
119.01 2 0.028556
119.11 1 0.238137
119.11 2 0.028556
119.21 1 0.238137
119.21 2 0.028556
119.31 1 0.238137
119.31 2 0.028556
119.41 1 0.238137
119.41 2 0.028556
119.51 1 0.238137
119.51 2 0.028556
119.61 1 0.238137
119.61 2 0.028556
119.71 1 0.238137
119.71 2 0.028556
119.81 1 0.238137
119.81 2 0.028556
119.91 1 0.238137
119.91 2 0.028556
120.01 1 0.238137
120.01 2 0.028556
120.11 1 0.238137
120.11 2 0.028556
120.21 1 0.238137
120.21 2 0.028556
120.31 1 0.238137
120.31 2 0.028556
120.41 1 0.238137
120.41 2 0.028556
120.51 1 0.238137
120.51 2 0.028556
120.61 1 0.238137
120.61 2 0.028556
120.71 1 0.238137
120.71 2 0.028556
120.81 1 0.238137
120.81 2 0.028556
120.91 1 0.238137
120.91 2 0.028556
121.01 1 0.238137
121.01 2 0.028556
121.11 1 0.238137
121.11 2 0.028556
121.21 1 0.238137
121.21 2 0.028556
121.31 1 0.238137
121.31 2 0.028556
121.41 1 0.238137
121.41 2 0.028556
121.51 1 0.238137
121.51 2 0.028556
121.61 1 0.238137
121.61 2 0.028556
121.71 1 0.238137
121.71 2 0.028556
121.81 1 0.238137
121.81 2 0.028556
121.91 1 0.238137
121.91 2 0.028556
122.01 1 0.238137
122.01 2 0.028556
122.11 1 0.238137
122.11 2 0.028556
122.21 1 0.238137
122.21 2 0.028556
122.31 1 0.238137
122.31 2 0.028556
122.41 1 0.238137
122.41 2 0.028556
122.51 1 0.238137
122.51 2 0.028556
122.61 1 0.238137
122.61 2 0.028556
122.71 1 0.238137
122.71 2 0.028556
122.81 1 0.238137
122.81 2 0.028556
122.91 1 0.238137
122.91 2 0.028556
123.01 1 0.238137
123.01 2 0.028556
123.11 1 0.238137
123.11 2 0.028556
123.21 1 0.238137
123.21 2 0.028556
123.31 1 0.238137
123.31 2 0.028556
123.41 1 0.238137
123.41 2 0.028556
123.51 1 0.238137
123.51 2 0.028556
123.61 1 0.238137
123.61 2 0.028556
123.71 1 0.238137
123.71 2 0.028556
123.81 1 0.238137
123.81 2 0.028556
123.91 1 0.238137
123.91 2 0.028556
124.01 1 0.238137
124.01 2 0.028556
124.11 1 0.238137
124.11 2 0.028556
124.21 1 0.238137
124.21 2 0.028556
124.31 1 0.238137
124.31 2 0.028556
124.41 1 0.238137
124.41 2 0.028556
124.51 1 0.238137
124.51 2 0.028556
124.61 1 0.238137
124.61 2 0.028556
124.71 1 0.238137
124.71 2 0.028556
124.81 1 0.238137
124.81 2 0.028556
124.91 1 0.238137
124.91 2 0.028556
125.01 1 0.238137
125.01 2 0.028556
125.11 1 0.238137
125.11 2 0.028556
125.21 1 0.238137
125.21 2 0.028556
125.31 1 0.238137
125.31 2 0.028556
125.41 1 0.238137
125.41 2 0.028556
125.51 1 0.238137
125.51 2 0.028556
125.61 1 0.238137
125.61 2 0.028556
125.71 1 0.238137
125.71 2 0.028556
125.81 1 0.238137
125.81 2 0.028556
125.91 1 0.238137
125.91 2 0.028556
126.01 1 0.238137
126.01 2 0.028556
126.11 1 0.238137
126.11 2 0.028556
126.21 1 0.238137
126.21 2 0.028556
126.31 1 0.238137
126.31 2 0.028556
126.41 1 0.238137
126.41 2 0.028556
126.51 1 0.238137
126.51 2 0.028556
126.61 1 0.238137
126.61 2 0.028556
126.71 1 0.238137
126.71 2 0.028556
126.81 1 0.238137
126.81 2 0.028556
126.91 1 0.238137
126.91 2 0.028556
127.01 1 0.238137
127.01 2 0.028556
127.11 1 0.238137
127.11 2 0.028556
127.21 1 0.238137
127.21 2 0.028556
127.31 1 0.238137
127.31 2 0.028556
127.41 1 0.238137
127.41 2 0.028556
127.51 1 0.238137
127.51 2 0.028556
127.61 1 0.238137
127.61 2 0.028556
127.71 1 0.238137
127.71 2 0.028556
127.81 1 0.238137
127.81 2 0.028556
127.91 1 0.238137
127.91 2 0.028556
128.01 1 0.238137
128.01 2 0.028556
128.11 1 0.238137
128.11 2 0.028556
128.21 1 0.238137
128.21 2 0.028556
128.31 1 0.238137
128.31 2 0.028556
128.41 1 0.238137
128.41 2 0.028556
128.51 1 0.238137
128.51 2 0.028556
128.61 1 0.238137
128.61 2 0.028556
128.71 1 0.238137
128.71 2 0.028556
128.81 1 0.238137
128.81 2 0.028556
128.91 1 0.238137
128.91 2 0.028556
129.01 1 0.238137
129.01 2 0.028556
129.11 1 0.238137
129.11 2 0.028556
129.21 1 0.238137
129.21 2 0.028556
129.31 1 0.238137
129.31 2 0.028556
129.41 1 0.238137
129.41 2 0.028556
129.51 1 0.238137
129.51 2 0.028556
129.61 1 0.238137
129.61 2 0.028556
129.71 1 0.238137
129.71 2 0.028556
129.81 1 0.238137
129.81 2 0.028556
129.91 1 0.238137
129.91 2 0.028556
130.01 1 0.238137
130.01 2 0.028556
130.11 1 0.238137
130.11 2 0.028556
130.21 1 0.238137
130.21 2 0.028556
130.31 1 0.238137
130.31 2 0.028556
130.41 1 0.238137
130.41 2 0.028556
130.51 1 0.238137
130.51 2 0.028556
130.61 1 0.238137
130.61 2 0.028556
130.71 1 0.238137
130.71 2 0.028556
130.81 1 0.238137
130.81 2 0.028556
130.91 1 0.238137
130.91 2 0.028556
131.01 1 0.238137
131.01 2 0.028556
131.11 1 0.238137
131.11 2 0.028556
131.21 1 0.238137
131.21 2 0.028556
131.31 1 0.238137
131.31 2 0.028556
131.41 1 0.238137
131.41 2 0.028556
131.51 1 0.238137
131.51 2 0.028556
131.61 1 0.238137
131.61 2 0.028556
131.71 1 0.238137
131.71 2 0.028556
131.81 1 0.238137
131.81 2 0.028556
131.91 1 0.238137
131.91 2 0.028556
132.01 1 0.238137
132.01 2 0.028556
132.11 1 0.238137
132.11 2 0.028556
132.21 1 0.238137
132.21 2 0.028556
132.31 1 0.238137
132.31 2 0.028556
132.41 1 0.238137
132.41 2 0.028556
132.51 1 0.238137
132.51 2 0.028556
132.61 1 0.238137
132.61 2 0.028556
132.71 1 0.238137
132.71 2 0.028556
132.81 1 0.238137
132.81 2 0.028556
132.91 1 0.238137
132.91 2 0.028556
133.01 1 0.238137
133.01 2 0.028556
133.11 1 0.238137
133.11 2 0.028556
133.21 1 0.238137
133.21 2 0.028556
133.31 1 0.238137
133.31 2 0.028556
133.41 1 0.238137
133.41 2 0.028556
133.51 1 0.238137
133.51 2 0.028556
133.61 1 0.238137
133.61 2 0.028556
133.71 1 0.238137
133.71 2 0.028556
133.81 1 0.238137
133.81 2 0.028556
133.91 1 0.238137
133.91 2 0.028556
134.01 1 0.238137
134.01 2 0.028556
134.11 1 0.238137
134.11 2 0.028556
134.21 1 0.238137
134.21 2 0.028556
134.31 1 0.238137
134.31 2 0.028556
134.41 1 0.238137
134.41 2 0.028556
134.51 1 0.238137
134.51 2 0.028556
134.61 1 0.238137
134.61 2 0.028556
134.71 1 0.238137
134.71 2 0.028556
134.81 1 0.238137
134.81 2 0.028556
134.91 1 0.238137
134.91 2 0.028556
135.01 1 0.238137
135.01 2 0.028556
135.11 1 0.238137
135.11 2 0.028556
135.21 1 0.238137
135.21 2 0.028556
135.31 1 0.238137
135.31 2 0.028556
135.41 1 0.238137
135.41 2 0.028556
135.51 1 0.238137
135.51 2 0.028556
135.61 1 0.238137
135.61 2 0.028556
135.71 1 0.238137
135.71 2 0.028556
135.81 1 0.238137
135.81 2 0.028556
135.91 1 0.238137
135.91 2 0.028556
136.01 1 0.238137
136.01 2 0.028556
136.11 1 0.238137
136.11 2 0.028556
136.21 1 0.238137
136.21 2 0.028556
136.31 1 0.238137
136.31 2 0.028556
136.41 1 0.238137
136.41 2 0.028556
136.51 1 0.238137
136.51 2 0.028556
136.61 1 0.238137
136.61 2 0.028556
136.71 1 0.238137
136.71 2 0.028556
136.81 1 0.238137
136.81 2 0.028556
136.91 1 0.238137
136.91 2 0.028556
137.01 1 0.238137
137.01 2 0.028556
137.11 1 0.238137
137.11 2 0.028556
137.21 1 0.238137
137.21 2 0.028556
137.31 1 0.238137
137.31 2 0.028556
137.41 1 0.238137
137.41 2 0.028556
137.51 1 0.238137
137.51 2 0.028556
137.61 1 0.238137
137.61 2 0.028556
137.71 1 0.238137
137.71 2 0.028556
137.81 1 0.238137
137.81 2 0.028556
137.91 1 0.238137
137.91 2 0.028556
138.01 1 0.238137
138.01 2 0.028556
138.11 1 0.238137
138.11 2 0.028556
138.21 1 0.238137
138.21 2 0.028556
138.31 1 0.238137
138.31 2 0.028556
138.41 1 0.238137
138.41 2 0.028556
138.51 1 0.238137
138.51 2 0.028556
138.61 1 0.238137
138.61 2 0.028556
138.71 1 0.238137
138.71 2 0.028556
138.81 1 0.238137
138.81 2 0.028556
138.91 1 0.238137
138.91 2 0.028556
139.01 1 0.238137
139.01 2 0.028556
139.11 1 0.238137
139.11 2 0.028556
139.21 1 0.238137
139.21 2 0.028556
139.31 1 0.238137
139.31 2 0.028556
139.41 1 0.238137
139.41 2 0.028556
139.51 1 0.238137
139.51 2 0.028556
139.61 1 0.238137
139.61 2 0.028556
139.71 1 0.238137
139.71 2 0.028556
139.81 1 0.238137
139.81 2 0.028556
139.91 1 0.238137
139.91 2 0.028556
140.01 1 0.238137
140.01 2 0.028556
140.11 1 0.238137
140.11 2 0.028556
140.21 1 0.238137
140.21 2 0.028556
140.31 1 0.238137
140.31 2 0.028556
140.41 1 0.238137
140.41 2 0.028556
140.51 1 0.238137
140.51 2 0.028556
140.61 1 0.238137
140.61 2 0.028556
140.71 1 0.238137
140.71 2 0.028556
140.81 1 0.238137
140.81 2 0.028556
140.91 1 0.238137
140.91 2 0.028556
141.01 1 0.238137
141.01 2 0.028556
141.11 1 0.238137
141.11 2 0.028556
141.21 1 0.238137
141.21 2 0.028556
141.31 1 0.238137
141.31 2 0.028556
141.41 1 0.238137
141.41 2 0.028556
141.51 1 0.238137
141.51 2 0.028556
141.61 1 0.238137
141.61 2 0.028556
141.71 1 0.238137
141.71 2 0.028556
141.81 1 0.238137
141.81 2 0.028556
141.91 1 0.238137
141.91 2 0.028556
142.01 1 0.238137
142.01 2 0.028556
142.11 1 0.238137
142.11 2 0.028556
142.21 1 0.238137
142.21 2 0.028556
142.31 1 0.238137
142.31 2 0.028556
142.41 1 0.238137
142.41 2 0.028556
142.51 1 0.238137
142.51 2 0.028556
142.61 1 0.238137
142.61 2 0.028556
142.71 1 0.238137
142.71 2 0.028556
142.81 1 0.238137
142.81 2 0.028556
142.91 1 0.238137
142.91 2 0.028556
143.01 1 0.238137
143.01 2 0.028556
143.11 1 0.238137
143.11 2 0.028556
143.21 1 0.238137
143.21 2 0.028556
143.31 1 0.238137
143.31 2 0.028556
143.41 1 0.238137
143.41 2 0.028556
143.51 1 0.238137
143.51 2 0.028556
143.61 1 0.238137
143.61 2 0.028556
143.71 1 0.238137
143.71 2 0.028556
143.81 1 0.238137
143.81 2 0.028556
143.91 1 0.238137
143.91 2 0.028556
144.01 1 0.238137
144.01 2 0.028556
144.11 1 0.238137
144.11 2 0.028556
144.21 1 0.238137
144.21 2 0.028556
144.31 1 0.238137
144.31 2 0.028556
144.41 1 0.238137
144.41 2 0.028556
144.51 1 0.238137
144.51 2 0.028556
144.61 1 0.238137
144.61 2 0.028556
144.71 1 0.238137
144.71 2 0.028556
144.81 1 0.238137
144.81 2 0.028556
144.91 1 0.238137
144.91 2 0.028556
145.01 1 0.238137
145.01 2 0.028556
145.11 1 0.238137
145.11 2 0.028556
145.21 1 0.238137
145.21 2 0.028556
145.31 1 0.238137
145.31 2 0.028556
145.41 1 0.238137
145.41 2 0.028556
145.51 1 0.238137
145.51 2 0.028556
145.61 1 0.238137
145.61 2 0.028556
145.71 1 0.238137
145.71 2 0.028556
145.81 1 0.238137
145.81 2 0.028556
145.91 1 0.238137
145.91 2 0.028556
146.01 1 0.238137
146.01 2 0.028556
146.11 1 0.238137
146.11 2 0.028556
146.21 1 0.238137
146.21 2 0.028556
146.31 1 0.238137
146.31 2 0.028556
146.41 1 0.238137
146.41 2 0.028556
146.51 1 0.238137
146.51 2 0.028556
146.61 1 0.238137
146.61 2 0.028556
146.71 1 0.238137
146.71 2 0.028556
146.81 1 0.238137
146.81 2 0.028556
146.91 1 0.238137
146.91 2 0.028556
147.01 1 0.238137
147.01 2 0.028556
147.11 1 0.238137
147.11 2 0.028556
147.21 1 0.238137
147.21 2 0.028556
147.31 1 0.238137
147.31 2 0.028556
147.41 1 0.238137
147.41 2 0.028556
147.51 1 0.238137
147.51 2 0.028556
147.61 1 0.238137
147.61 2 0.028556
147.71 1 0.238137
147.71 2 0.028556
147.81 1 0.238137
147.81 2 0.028556
147.91 1 0.238137
147.91 2 0.028556
148.01 1 0.238137
148.01 2 0.028556
148.11 1 0.238137
148.11 2 0.028556
148.21 1 0.238137
148.21 2 0.028556
148.31 1 0.238137
148.31 2 0.028556
148.41 1 0.238137
148.41 2 0.028556
148.51 1 0.238137
148.51 2 0.028556
148.61 1 0.238137
148.61 2 0.028556
148.71 1 0.238137
148.71 2 0.028556
148.81 1 0.238137
148.81 2 0.028556
148.91 1 0.238137
148.91 2 0.028556
149.01 1 0.238137
149.01 2 0.028556
149.11 1 0.238137
149.11 2 0.028556
149.21 1 0.238137
149.21 2 0.028556
149.31 1 0.238137
149.31 2 0.028556
149.41 1 0.238137
149.41 2 0.028556
149.51 1 0.238137
149.51 2 0.028556
149.61 1 0.238137
149.61 2 0.028556
149.71 1 0.238137
149.71 2 0.028556
149.81 1 0.238137
149.81 2 0.028556
149.91 1 0.238137
149.91 2 0.028556
150.01 1 0.238137
150.01 2 0.028556
150.11 1 0.238137
150.11 2 0.028556
150.21 1 0.238137
150.21 2 0.028556
150.31 1 0.238137
150.31 2 0.028556
150.41 1 0.238137
150.41 2 0.028556
150.51 1 0.238137
150.51 2 0.028556
150.61 1 0.238137
150.61 2 0.028556
150.71 1 0.238137
150.71 2 0.028556
150.81 1 0.238137
150.81 2 0.028556
150.91 1 0.238137
150.91 2 0.028556
151.01 1 0.238137
151.01 2 0.028556
151.11 1 0.238137
151.11 2 0.028556
151.21 1 0.238137
151.21 2 0.028556
151.31 1 0.238137
151.31 2 0.028556
151.41 1 0.238137
151.41 2 0.028556
151.51 1 0.238137
151.51 2 0.028556
151.61 1 0.238137
151.61 2 0.028556
151.71 1 0.238137
151.71 2 0.028556
151.81 1 0.238137
151.81 2 0.028556
151.91 1 0.238137
151.91 2 0.028556
152.01 1 0.238137
152.01 2 0.028556
152.11 1 0.238137
152.11 2 0.028556
152.21 1 0.238137
152.21 2 0.028556
152.31 1 0.238137
152.31 2 0.028556
152.41 1 0.238137
152.41 2 0.028556
152.51 1 0.238137
152.51 2 0.028556
152.61 1 0.238137
152.61 2 0.028556
152.71 1 0.238137
152.71 2 0.028556
152.81 1 0.238137
152.81 2 0.028556
152.91 1 0.238137
152.91 2 0.028556
153.01 1 0.238137
153.01 2 0.028556
153.11 1 0.238137
153.11 2 0.028556
153.21 1 0.238137
153.21 2 0.028556
153.31 1 0.238137
153.31 2 0.028556
153.41 1 0.238137
153.41 2 0.028556
153.51 1 0.238137
153.51 2 0.028556
153.61 1 0.238137
153.61 2 0.028556
153.71 1 0.238137
153.71 2 0.028556
153.81 1 0.238137
153.81 2 0.028556
153.91 1 0.238137
153.91 2 0.028556
154.01 1 0.238137
154.01 2 0.028556
154.11 1 0.238137
154.11 2 0.028556
154.21 1 0.238137
154.21 2 0.028556
154.31 1 0.238137
154.31 2 0.028556
154.41 1 0.238137
154.41 2 0.028556
154.51 1 0.238137
154.51 2 0.028556
154.61 1 0.238137
154.61 2 0.028556
154.71 1 0.238137
154.71 2 0.028556
154.81 1 0.238137
154.81 2 0.028556
154.91 1 0.238137
154.91 2 0.028556
155.01 1 0.238137
155.01 2 0.028556
155.11 1 0.238137
155.11 2 0.028556
155.21 1 0.238137
155.21 2 0.028556
155.31 1 0.238137
155.31 2 0.028556
155.41 1 0.238137
155.41 2 0.028556
155.51 1 0.238137
155.51 2 0.028556
155.61 1 0.238137
155.61 2 0.028556
155.71 1 0.238137
155.71 2 0.028556
155.81 1 0.238137
155.81 2 0.028556
155.91 1 0.238137
155.91 2 0.028556
156.01 1 0.238137
156.01 2 0.028556
156.11 1 0.238137
156.11 2 0.028556
156.21 1 0.238137
156.21 2 0.028556
156.31 1 0.238137
156.31 2 0.028556
156.41 1 0.238137
156.41 2 0.028556
156.51 1 0.238137
156.51 2 0.028556
156.61 1 0.238137
156.61 2 0.028556
156.71 1 0.238137
156.71 2 0.028556
156.81 1 0.238137
156.81 2 0.028556
156.91 1 0.238137
156.91 2 0.028556
157.01 1 0.238137
157.01 2 0.028556
157.11 1 0.238137
157.11 2 0.028556
157.21 1 0.238137
157.21 2 0.028556
157.31 1 0.238137
157.31 2 0.028556
157.41 1 0.238137
157.41 2 0.028556
157.51 1 0.238137
157.51 2 0.028556
157.61 1 0.238137
157.61 2 0.028556
157.71 1 0.238137
157.71 2 0.028556
157.81 1 0.238137
157.81 2 0.028556
157.91 1 0.238137
157.91 2 0.028556
158.01 1 0.238137
158.01 2 0.028556
158.11 1 0.238137
158.11 2 0.028556
158.21 1 0.238137
158.21 2 0.028556
158.31 1 0.238137
158.31 2 0.028556
158.41 1 0.238137
158.41 2 0.028556
158.51 1 0.238137
158.51 2 0.028556
158.61 1 0.238137
158.61 2 0.028556
158.71 1 0.238137
158.71 2 0.028556
158.81 1 0.238137
158.81 2 0.028556
158.91 1 0.238137
158.91 2 0.028556
159.01 1 0.238137
159.01 2 0.028556
159.11 1 0.238137
159.11 2 0.028556
159.21 1 0.238137
159.21 2 0.028556
159.31 1 0.238137
159.31 2 0.028556
159.41 1 0.238137
159.41 2 0.028556
159.51 1 0.238137
159.51 2 0.028556
159.61 1 0.238137
159.61 2 0.028556
159.71 1 0.238137
159.71 2 0.028556
159.81 1 0.238137
159.81 2 0.028556
159.91 1 0.238137
159.91 2 0.028556
160.01 1 0.238137
160.01 2 0.028556
160.11 1 0.238137
160.11 2 0.028556
160.21 1 0.238137
160.21 2 0.028556
160.31 1 0.238137
160.31 2 0.028556
160.41 1 0.238137
160.41 2 0.028556
160.51 1 0.238137
160.51 2 0.028556
160.61 1 0.238137
160.61 2 0.028556
160.71 1 0.238137
160.71 2 0.028556
160.81 1 0.238137
160.81 2 0.028556
160.91 1 0.238137
160.91 2 0.028556
161.01 1 0.238137
161.01 2 0.028556
161.11 1 0.238137
161.11 2 0.028556
161.21 1 0.238137
161.21 2 0.028556
161.31 1 0.238137
161.31 2 0.028556
161.41 1 0.238137
161.41 2 0.028556
161.51 1 0.238137
161.51 2 0.028556
161.61 1 0.238137
161.61 2 0.028556
161.71 1 0.238137
161.71 2 0.028556
161.81 1 0.238137
161.81 2 0.028556
161.91 1 0.238137
161.91 2 0.028556
162.01 1 0.238137
162.01 2 0.028556
162.11 1 0.238137
162.11 2 0.028556
162.21 1 0.238137
162.21 2 0.028556
162.31 1 0.238137
162.31 2 0.028556
162.41 1 0.238137
162.41 2 0.028556
162.51 1 0.238137
162.51 2 0.028556
162.61 1 0.238137
162.61 2 0.028556
162.71 1 0.238137
162.71 2 0.028556
162.81 1 0.238137
162.81 2 0.028556
162.91 1 0.238137
162.91 2 0.028556
163.01 1 0.238137
163.01 2 0.028556
163.11 1 0.238137
163.11 2 0.028556
163.21 1 0.238137
163.21 2 0.028556
163.31 1 0.238137
163.31 2 0.028556
163.41 1 0.238137
163.41 2 0.028556
163.51 1 0.238137
163.51 2 0.028556
163.61 1 0.238137
163.61 2 0.028556
163.71 1 0.238137
163.71 2 0.028556
163.81 1 0.238137
163.81 2 0.028556
163.91 1 0.238137
163.91 2 0.028556
164.01 1 0.238137
164.01 2 0.028556
164.11 1 0.238137
164.11 2 0.028556
164.21 1 0.238137
164.21 2 0.028556
164.31 1 0.238137
164.31 2 0.028556
164.41 1 0.238137
164.41 2 0.028556
164.51 1 0.238137
164.51 2 0.028556
164.61 1 0.238137
164.61 2 0.028556
164.71 1 0.238137
164.71 2 0.028556
164.81 1 0.238137
164.81 2 0.028556
164.91 1 0.238137
164.91 2 0.028556
165.01 1 0.238137
165.01 2 0.028556
165.11 1 0.238137
165.11 2 0.028556
165.21 1 0.238137
165.21 2 0.028556
165.31 1 0.238137
165.31 2 0.028556
165.41 1 0.238137
165.41 2 0.028556
165.51 1 0.238137
165.51 2 0.028556
165.61 1 0.238137
165.61 2 0.028556
165.71 1 0.238137
165.71 2 0.028556
165.81 1 0.238137
165.81 2 0.028556
165.91 1 0.238137
165.91 2 0.028556
166.01 1 0.238137
166.01 2 0.028556
166.11 1 0.238137
166.11 2 0.028556
166.21 1 0.238137
166.21 2 0.028556
166.31 1 0.238137
166.31 2 0.028556
166.41 1 0.238137
166.41 2 0.028556
166.51 1 0.238137
166.51 2 0.028556
166.61 1 0.238137
166.61 2 0.028556
166.71 1 0.238137
166.71 2 0.028556
166.81 1 0.238137
166.81 2 0.028556
166.91 1 0.238137
166.91 2 0.028556
167.01 1 0.238137
167.01 2 0.028556
167.11 1 0.238137
167.11 2 0.028556
167.21 1 0.238137
167.21 2 0.028556
167.31 1 0.238137
167.31 2 0.028556
167.41 1 0.238137
167.41 2 0.028556
167.51 1 0.238137
167.51 2 0.028556
167.61 1 0.238137
167.61 2 0.028556
167.71 1 0.238137
167.71 2 0.028556
167.81 1 0.238137
167.81 2 0.028556
167.91 1 0.238137
167.91 2 0.028556
168.01 1 0.238137
168.01 2 0.028556
168.11 1 0.238137
168.11 2 0.028556
168.21 1 0.238137
168.21 2 0.028556
168.31 1 0.238137
168.31 2 0.028556
168.41 1 0.238137
168.41 2 0.028556
168.51 1 0.238137
168.51 2 0.028556
168.61 1 0.238137
168.61 2 0.028556
168.71 1 0.238137
168.71 2 0.028556
168.81 1 0.238137
168.81 2 0.028556
168.91 1 0.238137
168.91 2 0.028556
169.01 1 0.238137
169.01 2 0.028556
169.11 1 0.238137
169.11 2 0.028556
169.21 1 0.238137
169.21 2 0.028556
169.31 1 0.238137
169.31 2 0.028556
169.41 1 0.238137
169.41 2 0.028556
169.51 1 0.238137
169.51 2 0.028556
169.61 1 0.238137
169.61 2 0.028556
169.71 1 0.238137
169.71 2 0.028556
169.81 1 0.238137
169.81 2 0.028556
169.91 1 0.238137
169.91 2 0.028556
170.01 1 0.238137
170.01 2 0.028556
170.11 1 0.238137
170.11 2 0.028556
170.21 1 0.238137
170.21 2 0.028556
170.31 1 0.238137
170.31 2 0.028556
170.41 1 0.238137
170.41 2 0.028556
170.51 1 0.238137
170.51 2 0.028556
170.61 1 0.238137
170.61 2 0.028556
170.71 1 0.238137
170.71 2 0.028556
170.81 1 0.238137
170.81 2 0.028556
170.91 1 0.238137
170.91 2 0.028556
171.01 1 0.238137
171.01 2 0.028556
171.11 1 0.238137
171.11 2 0.028556
171.21 1 0.238137
171.21 2 0.028556
171.31 1 0.238137
171.31 2 0.028556
171.41 1 0.238137
171.41 2 0.028556
171.51 1 0.238137
171.51 2 0.028556
171.61 1 0.238137
171.61 2 0.028556
171.71 1 0.238137
171.71 2 0.028556
171.81 1 0.238137
171.81 2 0.028556
171.91 1 0.238137
171.91 2 0.028556
172.01 1 0.238137
172.01 2 0.028556
172.11 1 0.238137
172.11 2 0.028556
172.21 1 0.238137
172.21 2 0.028556
172.31 1 0.238137
172.31 2 0.028556
172.41 1 0.238137
172.41 2 0.028556
172.51 1 0.238137
172.51 2 0.028556
172.61 1 0.238137
172.61 2 0.028556
172.71 1 0.238137
172.71 2 0.028556
172.81 1 0.238137
172.81 2 0.028556
172.91 1 0.238137
172.91 2 0.028556
173.01 1 0.238137
173.01 2 0.028556
173.11 1 0.238137
173.11 2 0.028556
173.21 1 0.238137
173.21 2 0.028556
173.31 1 0.238137
173.31 2 0.028556
173.41 1 0.238137
173.41 2 0.028556
173.51 1 0.238137
173.51 2 0.028556
173.61 1 0.238137
173.61 2 0.028556
173.71 1 0.238137
173.71 2 0.028556
173.81 1 0.238137
173.81 2 0.028556
173.91 1 0.238137
173.91 2 0.028556
174.01 1 0.238137
174.01 2 0.028556
174.11 1 0.238137
174.11 2 0.028556
174.21 1 0.238137
174.21 2 0.028556
174.31 1 0.238137
174.31 2 0.028556
174.41 1 0.238137
174.41 2 0.028556
174.51 1 0.238137
174.51 2 0.028556
174.61 1 0.238137
174.61 2 0.028556
174.71 1 0.238137
174.71 2 0.028556
174.81 1 0.238137
174.81 2 0.028556
174.91 1 0.238137
174.91 2 0.028556
175.01 1 0.238137
175.01 2 0.028556
175.11 1 0.238137
175.11 2 0.028556
175.21 1 0.238137
175.21 2 0.028556
175.31 1 0.238137
175.31 2 0.028556
175.41 1 0.238137
175.41 2 0.028556
175.51 1 0.238137
175.51 2 0.028556
175.61 1 0.238137
175.61 2 0.028556
175.71 1 0.238137
175.71 2 0.028556
175.81 1 0.238137
175.81 2 0.028556
175.91 1 0.238137
175.91 2 0.028556
176.01 1 0.238137
176.01 2 0.028556
176.11 1 0.238137
176.11 2 0.028556
176.21 1 0.238137
176.21 2 0.028556
176.31 1 0.238137
176.31 2 0.028556
176.41 1 0.238137
176.41 2 0.028556
176.51 1 0.238137
176.51 2 0.028556
176.61 1 0.238137
176.61 2 0.028556
176.71 1 0.238137
176.71 2 0.028556
176.81 1 0.238137
176.81 2 0.028556
176.91 1 0.238137
176.91 2 0.028556
177.01 1 0.238137
177.01 2 0.028556
177.11 1 0.238137
177.11 2 0.028556
177.21 1 0.238137
177.21 2 0.028556
177.31 1 0.238137
177.31 2 0.028556
177.41 1 0.238137
177.41 2 0.028556
177.51 1 0.238137
177.51 2 0.028556
177.61 1 0.238137
177.61 2 0.028556
177.71 1 0.238137
177.71 2 0.028556
177.81 1 0.238137
177.81 2 0.028556
177.91 1 0.238137
177.91 2 0.028556
178.01 1 0.238137
178.01 2 0.028556
178.11 1 0.238137
178.11 2 0.028556
178.21 1 0.238137
178.21 2 0.028556
178.31 1 0.238137
178.31 2 0.028556
178.41 1 0.238137
178.41 2 0.028556
178.51 1 0.238137
178.51 2 0.028556
178.61 1 0.238137
178.61 2 0.028556
178.71 1 0.238137
178.71 2 0.028556
178.81 1 0.238137
178.81 2 0.028556
178.91 1 0.238137
178.91 2 0.028556
179.01 1 0.238137
179.01 2 0.028556
179.11 1 0.238137
179.11 2 0.028556
179.21 1 0.238137
179.21 2 0.028556
179.31 1 0.238137
179.31 2 0.028556
179.41 1 0.238137
179.41 2 0.028556
179.51 1 0.238137
179.51 2 0.028556
179.61 1 0.238137
179.61 2 0.028556
179.71 1 0.238137
179.71 2 0.028556
179.81 1 0.238137
179.81 2 0.028556
179.91 1 0.238137
179.91 2 0.028556
180.01 1 0.238137
180.01 2 0.028556
180.11 1 0.238137
180.11 2 0.028556
180.21 1 0.238137
180.21 2 0.028556
180.31 1 0.238137
180.31 2 0.028556
180.41 1 0.238137
180.41 2 0.028556
180.51 1 0.238137
180.51 2 0.028556
180.61 1 0.238137
180.61 2 0.028556
180.71 1 0.238137
180.71 2 0.028556
180.81 1 0.238137
180.81 2 0.028556
180.91 1 0.238137
180.91 2 0.028556
181.01 1 0.238137
181.01 2 0.028556
181.11 1 0.238137
181.11 2 0.028556
181.21 1 0.238137
181.21 2 0.028556
181.31 1 0.238137
181.31 2 0.028556
181.41 1 0.238137
181.41 2 0.028556
181.51 1 0.238137
181.51 2 0.028556
181.61 1 0.238137
181.61 2 0.028556
181.71 1 0.238137
181.71 2 0.028556
181.81 1 0.238137
181.81 2 0.028556
181.91 1 0.238137
181.91 2 0.028556
182.01 1 0.238137
182.01 2 0.028556
182.11 1 0.238137
182.11 2 0.028556
182.21 1 0.238137
182.21 2 0.028556
182.31 1 0.238137
182.31 2 0.028556
182.41 1 0.238137
182.41 2 0.028556
182.51 1 0.238137
182.51 2 0.028556
182.61 1 0.238137
182.61 2 0.028556
182.71 1 0.238137
182.71 2 0.028556
182.81 1 0.238137
182.81 2 0.028556
182.91 1 0.238137
182.91 2 0.028556
183.01 1 0.238137
183.01 2 0.028556
183.11 1 0.238137
183.11 2 0.028556
183.21 1 0.238137
183.21 2 0.028556
183.31 1 0.238137
183.31 2 0.028556
183.41 1 0.238137
183.41 2 0.028556
183.51 1 0.238137
183.51 2 0.028556
183.61 1 0.238137
183.61 2 0.028556
183.71 1 0.238137
183.71 2 0.028556
183.81 1 0.238137
183.81 2 0.028556
183.91 1 0.238137
183.91 2 0.028556
184.01 1 0.238137
184.01 2 0.028556
184.11 1 0.238137
184.11 2 0.028556
184.21 1 0.238137
184.21 2 0.028556
184.31 1 0.238137
184.31 2 0.028556
184.41 1 0.238137
184.41 2 0.028556
184.51 1 0.238137
184.51 2 0.028556
184.61 1 0.238137
184.61 2 0.028556
184.71 1 0.238137
184.71 2 0.028556
184.81 1 0.238137
184.81 2 0.028556
184.91 1 0.238137
184.91 2 0.028556
185.01 1 0.238137
185.01 2 0.028556
185.11 1 0.238137
185.11 2 0.028556
185.21 1 0.238137
185.21 2 0.028556
185.31 1 0.238137
185.31 2 0.028556
185.41 1 0.238137
185.41 2 0.028556
185.51 1 0.238137
185.51 2 0.028556
185.61 1 0.238137
185.61 2 0.028556
185.71 1 0.238137
185.71 2 0.028556
185.81 1 0.238137
185.81 2 0.028556
185.91 1 0.238137
185.91 2 0.028556
186.01 1 0.238137
186.01 2 0.028556
186.11 1 0.238137
186.11 2 0.028556
186.21 1 0.238137
186.21 2 0.028556
186.31 1 0.238137
186.31 2 0.028556
186.41 1 0.238137
186.41 2 0.028556
186.51 1 0.238137
186.51 2 0.028556
186.61 1 0.238137
186.61 2 0.028556
186.71 1 0.238137
186.71 2 0.028556
186.81 1 0.238137
186.81 2 0.028556
186.91 1 0.238137
186.91 2 0.028556
187.01 1 0.238137
187.01 2 0.028556
187.11 1 0.238137
187.11 2 0.028556
187.21 1 0.238137
187.21 2 0.028556
187.31 1 0.238137
187.31 2 0.028556
187.41 1 0.238137
187.41 2 0.028556
187.51 1 0.238137
187.51 2 0.028556
187.61 1 0.238137
187.61 2 0.028556
187.71 1 0.238137
187.71 2 0.028556
187.81 1 0.238137
187.81 2 0.028556
187.91 1 0.238137
187.91 2 0.028556
188.01 1 0.238137
188.01 2 0.028556
188.11 1 0.238137
188.11 2 0.028556
188.21 1 0.238137
188.21 2 0.028556
188.31 1 0.238137
188.31 2 0.028556
188.41 1 0.238137
188.41 2 0.028556
188.51 1 0.238137
188.51 2 0.028556
188.61 1 0.238137
188.61 2 0.028556
188.71 1 0.238137
188.71 2 0.028556
188.81 1 0.238137
188.81 2 0.028556
188.91 1 0.238137
188.91 2 0.028556
189.01 1 0.238137
189.01 2 0.028556
189.11 1 0.238137
189.11 2 0.028556
189.21 1 0.238137
189.21 2 0.028556
189.31 1 0.238137
189.31 2 0.028556
189.41 1 0.238137
189.41 2 0.028556
189.51 1 0.238137
189.51 2 0.028556
189.61 1 0.238137
189.61 2 0.028556
189.71 1 0.238137
189.71 2 0.028556
189.81 1 0.238137
189.81 2 0.028556
189.91 1 0.238137
189.91 2 0.028556
190.01 1 0.238137
190.01 2 0.028556
190.11 1 0.238137
190.11 2 0.028556
190.21 1 0.238137
190.21 2 0.028556
190.31 1 0.238137
190.31 2 0.028556
190.41 1 0.238137
190.41 2 0.028556
190.51 1 0.238137
190.51 2 0.028556
190.61 1 0.238137
190.61 2 0.028556
190.71 1 0.238137
190.71 2 0.028556
190.81 1 0.238137
190.81 2 0.028556
190.91 1 0.238137
190.91 2 0.028556
191.01 1 0.238137
191.01 2 0.028556
191.11 1 0.238137
191.11 2 0.028556
191.21 1 0.238137
191.21 2 0.028556
191.31 1 0.238137
191.31 2 0.028556
191.41 1 0.238137
191.41 2 0.028556
191.51 1 0.238137
191.51 2 0.028556
191.61 1 0.238137
191.61 2 0.028556
191.71 1 0.238137
191.71 2 0.028556
191.81 1 0.238137
191.81 2 0.028556
191.91 1 0.238137
191.91 2 0.028556
192.01 1 0.238137
192.01 2 0.028556
192.11 1 0.238137
192.11 2 0.028556
192.21 1 0.238137
192.21 2 0.028556
192.31 1 0.238137
192.31 2 0.028556
192.41 1 0.238137
192.41 2 0.028556
192.51 1 0.238137
192.51 2 0.028556
192.61 1 0.238137
192.61 2 0.028556
192.71 1 0.238137
192.71 2 0.028556
192.81 1 0.238137
192.81 2 0.028556
192.91 1 0.238137
192.91 2 0.028556
193.01 1 0.238137
193.01 2 0.028556
193.11 1 0.238137
193.11 2 0.028556
193.21 1 0.238137
193.21 2 0.028556
193.31 1 0.238137
193.31 2 0.028556
193.41 1 0.238137
193.41 2 0.028556
193.51 1 0.238137
193.51 2 0.028556
193.61 1 0.238137
193.61 2 0.028556
193.71 1 0.238137
193.71 2 0.028556
193.81 1 0.238137
193.81 2 0.028556
193.91 1 0.238137
193.91 2 0.028556
194.01 1 0.238137
194.01 2 0.028556
194.11 1 0.238137
194.11 2 0.028556
194.21 1 0.238137
194.21 2 0.028556
194.31 1 0.238137
194.31 2 0.028556
194.41 1 0.238137
194.41 2 0.028556
194.51 1 0.238137
194.51 2 0.028556
194.61 1 0.238137
194.61 2 0.028556
194.71 1 0.238137
194.71 2 0.028556
194.81 1 0.238137
194.81 2 0.028556
194.91 1 0.238137
194.91 2 0.028556
195.01 1 0.238137
195.01 2 0.028556
195.11 1 0.238137
195.11 2 0.028556
195.21 1 0.238137
195.21 2 0.028556
195.31 1 0.238137
195.31 2 0.028556
195.41 1 0.238137
195.41 2 0.028556
195.51 1 0.238137
195.51 2 0.028556
195.61 1 0.238137
195.61 2 0.028556
195.71 1 0.238137
195.71 2 0.028556
195.81 1 0.238137
195.81 2 0.028556
195.91 1 0.238137
195.91 2 0.028556
196.01 1 0.238137
196.01 2 0.028556
196.11 1 0.238137
196.11 2 0.028556
196.21 1 0.238137
196.21 2 0.028556
196.31 1 0.238137
196.31 2 0.028556
196.41 1 0.238137
196.41 2 0.028556
196.51 1 0.238137
196.51 2 0.028556
196.61 1 0.238137
196.61 2 0.028556
196.71 1 0.238137
196.71 2 0.028556
196.81 1 0.238137
196.81 2 0.028556
196.91 1 0.238137
196.91 2 0.028556
197.01 1 0.238137
197.01 2 0.028556
197.11 1 0.238137
197.11 2 0.028556
197.21 1 0.238137
197.21 2 0.028556
197.31 1 0.238137
197.31 2 0.028556
197.41 1 0.238137
197.41 2 0.028556
197.51 1 0.238137
197.51 2 0.028556
197.61 1 0.238137
197.61 2 0.028556
197.71 1 0.238137
197.71 2 0.028556
197.81 1 0.238137
197.81 2 0.028556
197.91 1 0.238137
197.91 2 0.028556
198.01 1 0.238137
198.01 2 0.028556
198.11 1 0.238137
198.11 2 0.028556
198.21 1 0.238137
198.21 2 0.028556
198.31 1 0.238137
198.31 2 0.028556
198.41 1 0.238137
198.41 2 0.028556
198.51 1 0.238137
198.51 2 0.028556
198.61 1 0.238137
198.61 2 0.028556
198.71 1 0.238137
198.71 2 0.028556
198.81 1 0.238137
198.81 2 0.028556
198.91 1 0.238137
198.91 2 0.028556
199.01 1 0.238137
199.01 2 0.028556
199.11 1 0.238137
199.11 2 0.028556
199.21 1 0.238137
199.21 2 0.028556
199.31 1 0.238137
199.31 2 0.028556
199.41 1 0.238137
199.41 2 0.028556
199.51 1 0.238137
199.51 2 0.028556
199.61 1 0.238137
199.61 2 0.028556
199.71 1 0.238137
199.71 2 0.028556
199.81 1 0.238137
199.81 2 0.028556
199.91 1 0.238137
199.91 2 0.028556
200.01 1 0.238137
200.01 2 0.028556
200.11 1 0.238137
200.11 2 0.028556
200.21 1 0.238137
200.21 2 0.028556
200.31 1 0.238137
200.31 2 0.028556
200.41 1 0.238137
200.41 2 0.028556
200.51 1 0.238137
200.51 2 0.028556
200.61 1 0.238137
200.61 2 0.028556
200.71 1 0.238137
200.71 2 0.028556
200.81 1 0.238137
200.81 2 0.028556
200.91 1 0.238137
200.91 2 0.028556
