0.010001 1 -0
0.110001 1 0.00819798
0.110001 2 -0
0.210001 1 0.237805
0.210001 2 0.00819798
0.310001 1 0.300925
0.310001 2 0.0144142
0.410001 1 0.389587
0.410001 2 0.0297
0.510001 1 0.334376
0.510001 2 0.0375319
0.610001 1 0.338505
0.610001 2 0.0333584
0.710001 1 0.418984
0.710001 2 0.0343217
0.810001 1 0.431189
0.810001 2 0.0408928
0.910001 1 0.416207
0.910001 2 0.0373364
1.01 1 0.430363
1.01 2 0.0355553
1.11 1 0.435759
1.11 2 0.0412707
1.21 1 0.413696
1.21 2 0.0422362
1.31 1 0.414591
1.31 2 0.0398377
1.41 1 0.443447
1.41 2 0.0388355
1.51 1 0.470079
1.51 2 0.0420985
1.61 1 0.474723
1.61 2 0.043649
1.71 1 0.46513
1.71 2 0.0417764
1.81 1 0.482963
1.81 2 0.0406428
1.91 1 0.507666
1.91 2 0.0410817
2.01 1 0.52646
2.01 2 0.0414286
2.11 1 0.533353
2.11 2 0.0439824
2.21 1 0.526582
2.21 2 0.0437898
2.31 1 0.527927
2.31 2 0.0438806
2.41 1 0.54011
2.41 2 0.0435805
2.51 1 0.552928
2.51 2 0.0461542
2.61 1 0.537521
2.61 2 0.0463317
2.71 1 0.5293
2.71 2 0.0453421
2.81 1 0.536066
2.81 2 0.0451077
2.91 1 0.53483
2.91 2 0.0440526
3.01 1 0.540221
3.01 2 0.0459898
3.11 1 0.529498
3.11 2 0.0466584
3.21 1 0.522422
3.21 2 0.0456871
3.31 1 0.535112
3.31 2 0.0450089
3.41 1 0.547586
3.41 2 0.0453688
3.51 1 0.557885
3.51 2 0.0469132
3.61 1 0.554393
3.61 2 0.0457932
3.71 1 0.565405
3.71 2 0.0462809
3.81 1 0.576422
3.81 2 0.0464665
3.91 1 0.586296
3.91 2 0.0464722
4.01 1 0.595197
4.01 2 0.0464516
4.11 1 0.602281
4.11 2 0.0465147
4.21 1 0.610824
4.21 2 0.0464222
4.31 1 0.622082
4.31 2 0.0464042
4.41 1 0.62791
4.41 2 0.0463905
4.51 1 0.628648
4.51 2 0.0477749
4.61 1 0.618574
4.61 2 0.0471597
4.71 1 0.612124
4.71 2 0.0472346
4.81 1 0.61901
4.81 2 0.0476796
4.91 1 0.608639
4.91 2 0.0482606
5.01 1 0.612925
5.01 2 0.0475591
5.11 1 0.612322
5.11 2 0.0471203
5.21 1 0.614014
5.21 2 0.0480973
5.31 1 0.614014
5.31 2 0.0480973
5.41 1 0.614014
5.41 2 0.0480973
5.51 1 0.614014
5.51 2 0.0480973
5.61 1 0.614014
5.61 2 0.0480973
5.71 1 0.614014
5.71 2 0.0480973
5.81 1 0.552051
5.81 2 0.0480973
5.91 1 0.552051
5.91 2 0.0480973
6.01 1 0.552051
6.01 2 0.0480973
6.11 1 0.552051
6.11 2 0.0480973
6.21 1 0.552051
6.21 2 0.0480973
6.31 1 0.552051
6.31 2 0.0480973
6.41 1 0.552051
6.41 2 0.0480973
6.51 1 0.552051
6.51 2 0.0480973
6.61 1 0.485117
6.61 2 0.0480973
6.71 1 0.485117
6.71 2 0.0480973
6.81 1 0.485117
6.81 2 0.0480973
6.91 1 0.485117
6.91 2 0.0480973
7.01 1 0.485117
7.01 2 0.0480973
7.11 1 0.485117
7.11 2 0.0480973
7.21 1 0.485117
7.21 2 0.0480973
7.31 1 0.485117
7.31 2 0.0480973
7.41 1 0.485117
7.41 2 0.0480973
7.51 1 0.485117
7.51 2 0.0480973
7.61 1 0.485117
7.61 2 0.0480973
7.71 1 0.485117
7.71 2 0.0480973
7.81 1 0.485117
7.81 2 0.0480973
7.91 1 0.485117
7.91 2 0.0480973
8.01 1 0.485117
8.01 2 0.0480973
8.11 1 0.485117
8.11 2 0.0480973
8.21 1 0.390233
8.21 2 0.0480973
8.31 1 0.390233
8.31 2 0.0480973
8.41 1 0.390233
8.41 2 0.0480973
8.51 1 0.390233
8.51 2 0.0480973
8.61 1 0.390233
8.61 2 0.0480973
8.71 1 0.390233
8.71 2 0.0480973
8.81 1 0.390233
8.81 2 0.0480973
8.91 1 0.390233
8.91 2 0.0480973
9.01 1 0.390233
9.01 2 0.0480973
9.11 1 0.390233
9.11 2 0.0480973
9.21 1 0.390233
9.21 2 0.0480973
9.31 1 0.390233
9.31 2 0.0480973
9.41 1 0.390233
9.41 2 0.0480973
9.51 1 0.390233
9.51 2 0.0480973
9.61 1 0.390233
9.61 2 0.0480973
9.71 1 0.390233
9.71 2 0.0480973
9.81 1 0.390233
9.81 2 0.0480973
9.91 1 0.390233
9.91 2 0.0480973
10.01 1 0.390233
10.01 2 0.0480973
10.11 1 0.390233
10.11 2 0.0480973
10.21 1 0.390233
10.21 2 0.0480973
10.31 1 0.390233
10.31 2 0.0480973
10.41 1 0.390233
10.41 2 0.0480973
10.51 1 0.390233
10.51 2 0.0480973
10.61 1 0.390233
10.61 2 0.0480973
10.71 1 0.390233
10.71 2 0.0480973
10.81 1 0.390233
10.81 2 0.0480973
10.91 1 0.390233
10.91 2 0.0480973
11.01 1 0.390233
11.01 2 0.0480973
11.11 1 0.390233
11.11 2 0.0480973
11.21 1 0.390233
11.21 2 0.0480973
11.31 1 0.390233
11.31 2 0.0480973
11.41 1 0.280449
11.41 2 0.0480973
11.51 1 0.280449
11.51 2 0.0480973
11.61 1 0.280449
11.61 2 0.0480973
11.71 1 0.280449
11.71 2 0.0480973
11.81 1 0.280449
11.81 2 0.0480973
11.91 1 0.280449
11.91 2 0.0480973
12.01 1 0.280449
12.01 2 0.0480973
12.11 1 0.280449
12.11 2 0.0480973
12.21 1 0.280449
12.21 2 0.0480973
12.31 1 0.280449
12.31 2 0.0480973
12.41 1 0.280449
12.41 2 0.0480973
12.51 1 0.280449
12.51 2 0.0480973
12.61 1 0.280449
12.61 2 0.0480973
12.71 1 0.280449
12.71 2 0.0480973
12.81 1 0.280449
12.81 2 0.0480973
12.91 1 0.280449
12.91 2 0.0480973
13.01 1 0.280449
13.01 2 0.0480973
13.11 1 0.280449
13.11 2 0.0480973
13.21 1 0.280449
13.21 2 0.0480973
13.31 1 0.280449
13.31 2 0.0480973
13.41 1 0.280449
13.41 2 0.0480973
13.51 1 0.280449
13.51 2 0.0480973
13.61 1 0.280449
13.61 2 0.0480973
13.71 1 0.280449
13.71 2 0.0480973
13.81 1 0.280449
13.81 2 0.0480973
13.91 1 0.280449
13.91 2 0.0480973
14.01 1 0.280449
14.01 2 0.0480973
14.11 1 0.280449
14.11 2 0.0480973
14.21 1 0.280449
14.21 2 0.0480973
14.31 1 0.280449
14.31 2 0.0480973
14.41 1 0.280449
14.41 2 0.0480973
14.51 1 0.280449
14.51 2 0.0480973
14.61 1 0.280449
14.61 2 0.0480973
14.71 1 0.280449
14.71 2 0.0480973
14.81 1 0.280449
14.81 2 0.0480973
14.91 1 0.280449
14.91 2 0.0480973
15.01 1 0.280449
15.01 2 0.0480973
15.11 1 0.280449
15.11 2 0.0480973
15.21 1 0.280449
15.21 2 0.0480973
15.31 1 0.280449
15.31 2 0.0480973
15.41 1 0.280449
15.41 2 0.0480973
15.51 1 0.280449
15.51 2 0.0480973
15.61 1 0.280449
15.61 2 0.0480973
15.71 1 0.280449
15.71 2 0.0480973
15.81 1 0.280449
15.81 2 0.0480973
15.91 1 0.280449
15.91 2 0.0480973
16.01 1 0.280449
16.01 2 0.0480973
16.11 1 0.280449
16.11 2 0.0480973
16.21 1 0.280449
16.21 2 0.0480973
16.31 1 0.280449
16.31 2 0.0480973
16.41 1 0.280449
16.41 2 0.0480973
16.51 1 0.280449
16.51 2 0.0480973
16.61 1 0.280449
16.61 2 0.0480973
16.71 1 0.280449
16.71 2 0.0480973
16.81 1 0.280449
16.81 2 0.0480973
16.91 1 0.280449
16.91 2 0.0480973
17.01 1 0.280449
17.01 2 0.0480973
17.11 1 0.280449
17.11 2 0.0480973
17.21 1 0.280449
17.21 2 0.0480973
17.31 1 0.280449
17.31 2 0.0480973
17.41 1 0.280449
17.41 2 0.0480973
17.51 1 0.280449
17.51 2 0.0480973
17.61 1 0.280449
17.61 2 0.0480973
17.71 1 0.280449
17.71 2 0.0480973
17.81 1 0.280449
17.81 2 0.0480973
17.91 1 0.280449
17.91 2 0.0480973
18.01 1 0.280449
18.01 2 0.0480973
18.11 1 0.280449
18.11 2 0.0480973
18.21 1 0.280449
18.21 2 0.0480973
18.31 1 0.280449
18.31 2 0.0480973
18.41 1 0.280449
18.41 2 0.0480973
18.51 1 0.280449
18.51 2 0.0480973
18.61 1 0.280449
18.61 2 0.0480973
18.71 1 0.280449
18.71 2 0.0480973
18.81 1 0.280449
18.81 2 0.0480973
18.91 1 0.280449
18.91 2 0.0480973
19.01 1 0.280449
19.01 2 0.0480973
19.11 1 0.280449
19.11 2 0.0480973
19.21 1 0.280449
19.21 2 0.0480973
19.31 1 0.280449
19.31 2 0.0480973
19.41 1 0.280449
19.41 2 0.0480973
19.51 1 0.280449
19.51 2 0.0480973
19.61 1 0.280449
19.61 2 0.0480973
19.71 1 0.280449
19.71 2 0.0480973
19.81 1 0.280449
19.81 2 0.0480973
19.91 1 0.280449
19.91 2 0.0480973
20.01 1 0.280449
20.01 2 0.0480973
20.11 1 0.280449
20.11 2 0.0480973
20.21 1 0.280449
20.21 2 0.0480973
20.31 1 0.280449
20.31 2 0.0480973
20.41 1 0.280449
20.41 2 0.0480973
20.51 1 0.280449
20.51 2 0.0480973
20.61 1 0.280449
20.61 2 0.0480973
20.71 1 0.280449
20.71 2 0.0480973
20.81 1 0.280449
20.81 2 0.0480973
20.91 1 0.280449
20.91 2 0.0480973
21.01 1 0.280449
21.01 2 0.0480973
21.11 1 0.280449
21.11 2 0.0480973
21.21 1 0.280449
21.21 2 0.0480973
21.31 1 0.280449
21.31 2 0.0480973
21.41 1 0.280449
21.41 2 0.0480973
21.51 1 0.280449
21.51 2 0.0480973
21.61 1 0.280449
21.61 2 0.0480973
21.71 1 0.280449
21.71 2 0.0480973
21.81 1 0.280449
21.81 2 0.0480973
21.91 1 0.280449
21.91 2 0.0480973
22.01 1 0.280449
22.01 2 0.0480973
22.11 1 0.280449
22.11 2 0.0480973
22.21 1 0.280449
22.21 2 0.0480973
22.31 1 0.280449
22.31 2 0.0480973
22.41 1 0.280449
22.41 2 0.0480973
22.51 1 0.280449
22.51 2 0.0480973
22.61 1 0.280449
22.61 2 0.0480973
22.71 1 0.280449
22.71 2 0.0480973
22.81 1 0.280449
22.81 2 0.0480973
22.91 1 0.280449
22.91 2 0.0480973
23.01 1 0.280449
23.01 2 0.0480973
23.11 1 0.280449
23.11 2 0.0480973
23.21 1 0.280449
23.21 2 0.0480973
23.31 1 0.280449
23.31 2 0.0480973
23.41 1 0.280449
23.41 2 0.0480973
23.51 1 0.280449
23.51 2 0.0480973
23.61 1 0.280449
23.61 2 0.0480973
23.71 1 0.280449
23.71 2 0.0480973
23.81 1 0.280449
23.81 2 0.0480973
23.91 1 0.280449
23.91 2 0.0480973
24.01 1 0.280449
24.01 2 0.0480973
24.11 1 0.280449
24.11 2 0.0480973
24.21 1 0.280449
24.21 2 0.0480973
24.31 1 0.280449
24.31 2 0.0480973
24.41 1 0.280449
24.41 2 0.0480973
24.51 1 0.280449
24.51 2 0.0480973
24.61 1 0.280449
24.61 2 0.0480973
24.71 1 0.280449
24.71 2 0.0480973
24.81 1 0.280449
24.81 2 0.0480973
24.91 1 0.280449
24.91 2 0.0480973
25.01 1 0.280449
25.01 2 0.0480973
25.11 1 0.280449
25.11 2 0.0480973
25.21 1 0.280449
25.21 2 0.0480973
25.31 1 0.280449
25.31 2 0.0480973
25.41 1 0.280449
25.41 2 0.0480973
25.51 1 0.280449
25.51 2 0.0480973
25.61 1 0.280449
25.61 2 0.0480973
25.71 1 0.280449
25.71 2 0.0480973
25.81 1 0.280449
25.81 2 0.0480973
25.91 1 0.280449
25.91 2 0.0480973
26.01 1 0.280449
26.01 2 0.0480973
26.11 1 0.280449
26.11 2 0.0480973
26.21 1 0.280449
26.21 2 0.0480973
26.31 1 0.280449
26.31 2 0.0480973
26.41 1 0.280449
26.41 2 0.0480973
26.51 1 0.280449
26.51 2 0.0480973
26.61 1 0.280449
26.61 2 0.0480973
26.71 1 0.280449
26.71 2 0.0480973
26.81 1 0.280449
26.81 2 0.0480973
26.91 1 0.280449
26.91 2 0.0480973
27.01 1 0.280449
27.01 2 0.0480973
27.11 1 0.280449
27.11 2 0.0480973
27.21 1 0.280449
27.21 2 0.0480973
27.31 1 0.280449
27.31 2 0.0480973
27.41 1 0.280449
27.41 2 0.0480973
27.51 1 0.280449
27.51 2 0.0480973
27.61 1 0.280449
27.61 2 0.0480973
27.71 1 0.280449
27.71 2 0.0480973
27.81 1 0.280449
27.81 2 0.0480973
27.91 1 0.280449
27.91 2 0.0480973
28.01 1 0.280449
28.01 2 0.0480973
28.11 1 0.280449
28.11 2 0.0480973
28.21 1 0.280449
28.21 2 0.0480973
28.31 1 0.280449
28.31 2 0.0480973
28.41 1 0.280449
28.41 2 0.0480973
28.51 1 0.280449
28.51 2 0.0480973
28.61 1 0.280449
28.61 2 0.0480973
28.71 1 0.280449
28.71 2 0.0480973
28.81 1 0.280449
28.81 2 0.0480973
28.91 1 0.280449
28.91 2 0.0480973
29.01 1 0.280449
29.01 2 0.0480973
29.11 1 0.280449
29.11 2 0.0480973
29.21 1 0.280449
29.21 2 0.0480973
29.31 1 0.280449
29.31 2 0.0480973
29.41 1 0.280449
29.41 2 0.0480973
29.51 1 0.280449
29.51 2 0.0480973
29.61 1 0.280449
29.61 2 0.0480973
29.71 1 0.280449
29.71 2 0.0480973
29.81 1 0.280449
29.81 2 0.0480973
29.91 1 0.280449
29.91 2 0.0480973
30.01 1 0.280449
30.01 2 0.0480973
30.11 1 0.280449
30.11 2 0.0480973
30.21 1 0.280449
30.21 2 0.0480973
30.31 1 0.280449
30.31 2 0.0480973
30.41 1 0.280449
30.41 2 0.0480973
30.51 1 0.280449
30.51 2 0.0480973
30.61 1 0.280449
30.61 2 0.0480973
30.71 1 0.280449
30.71 2 0.0480973
30.81 1 0.280449
30.81 2 0.0480973
30.91 1 0.280449
30.91 2 0.0480973
31.01 1 0.280449
31.01 2 0.0480973
31.11 1 0.280449
31.11 2 0.0480973
31.21 1 0.280449
31.21 2 0.0480973
31.31 1 0.280449
31.31 2 0.0480973
31.41 1 0.280449
31.41 2 0.0480973
31.51 1 0.280449
31.51 2 0.0480973
31.61 1 0.280449
31.61 2 0.0480973
31.71 1 0.280449
31.71 2 0.0480973
31.81 1 0.280449
31.81 2 0.0480973
31.91 1 0.280449
31.91 2 0.0480973
32.01 1 0.280449
32.01 2 0.0480973
32.11 1 0.280449
32.11 2 0.0480973
32.21 1 0.280449
32.21 2 0.0480973
32.31 1 0.280449
32.31 2 0.0480973
32.41 1 0.280449
32.41 2 0.0480973
32.51 1 0.280449
32.51 2 0.0480973
32.61 1 0.280449
32.61 2 0.0480973
32.71 1 0.280449
32.71 2 0.0480973
32.81 1 0.280449
32.81 2 0.0480973
32.91 1 0.280449
32.91 2 0.0480973
33.01 1 0.280449
33.01 2 0.0480973
33.11 1 0.280449
33.11 2 0.0480973
33.21 1 0.280449
33.21 2 0.0480973
33.31 1 0.280449
33.31 2 0.0480973
33.41 1 0.280449
33.41 2 0.0480973
33.51 1 0.280449
33.51 2 0.0480973
33.61 1 0.280449
33.61 2 0.0480973
33.71 1 0.280449
33.71 2 0.0480973
33.81 1 0.280449
33.81 2 0.0480973
33.91 1 0.280449
33.91 2 0.0480973
34.01 1 0.280449
34.01 2 0.0480973
34.11 1 0.280449
34.11 2 0.0480973
34.21 1 0.280449
34.21 2 0.0480973
34.31 1 0.280449
34.31 2 0.0480973
34.41 1 0.280449
34.41 2 0.0480973
34.51 1 0.280449
34.51 2 0.0480973
34.61 1 0.280449
34.61 2 0.0480973
34.71 1 0.280449
34.71 2 0.0480973
34.81 1 0.280449
34.81 2 0.0480973
34.91 1 0.280449
34.91 2 0.0480973
35.01 1 0.280449
35.01 2 0.0480973
35.11 1 0.280449
35.11 2 0.0480973
35.21 1 0.280449
35.21 2 0.0480973
35.31 1 0.280449
35.31 2 0.0480973
35.41 1 0.280449
35.41 2 0.0480973
35.51 1 0.280449
35.51 2 0.0480973
35.61 1 0.280449
35.61 2 0.0480973
35.71 1 0.280449
35.71 2 0.0480973
35.81 1 0.280449
35.81 2 0.0480973
35.91 1 0.280449
35.91 2 0.0480973
36.01 1 0.280449
36.01 2 0.0480973
36.11 1 0.280449
36.11 2 0.0480973
36.21 1 0.280449
36.21 2 0.0480973
36.31 1 0.280449
36.31 2 0.0480973
36.41 1 0.280449
36.41 2 0.0480973
36.51 1 0.280449
36.51 2 0.0480973
36.61 1 0.280449
36.61 2 0.0480973
36.71 1 0.280449
36.71 2 0.0480973
36.81 1 0.280449
36.81 2 0.0480973
36.91 1 0.280449
36.91 2 0.0480973
37.01 1 0.280449
37.01 2 0.0480973
37.11 1 0.280449
37.11 2 0.0480973
37.21 1 0.280449
37.21 2 0.0480973
37.31 1 0.280449
37.31 2 0.0480973
37.41 1 0.280449
37.41 2 0.0480973
37.51 1 0.280449
37.51 2 0.0480973
37.61 1 0.280449
37.61 2 0.0480973
37.71 1 0.280449
37.71 2 0.0480973
37.81 1 0.280449
37.81 2 0.0480973
37.91 1 0.280449
37.91 2 0.0480973
38.01 1 0.280449
38.01 2 0.0480973
38.11 1 0.280449
38.11 2 0.0480973
38.21 1 0.280449
38.21 2 0.0480973
38.31 1 0.280449
38.31 2 0.0480973
38.41 1 0.280449
38.41 2 0.0480973
38.51 1 0.280449
38.51 2 0.0480973
38.61 1 0.280449
38.61 2 0.0480973
38.71 1 0.280449
38.71 2 0.0480973
38.81 1 0.280449
38.81 2 0.0480973
38.91 1 0.280449
38.91 2 0.0480973
39.01 1 0.280449
39.01 2 0.0480973
39.11 1 0.280449
39.11 2 0.0480973
39.21 1 0.280449
39.21 2 0.0480973
39.31 1 0.280449
39.31 2 0.0480973
39.41 1 0.280449
39.41 2 0.0480973
39.51 1 0.280449
39.51 2 0.0480973
39.61 1 0.280449
39.61 2 0.0480973
39.71 1 0.280449
39.71 2 0.0480973
39.81 1 0.280449
39.81 2 0.0480973
39.91 1 0.280449
39.91 2 0.0480973
40.01 1 0.280449
40.01 2 0.0480973
40.11 1 0.280449
40.11 2 0.0480973
40.21 1 0.280449
40.21 2 0.0480973
40.31 1 0.280449
40.31 2 0.0480973
40.41 1 0.280449
40.41 2 0.0480973
40.51 1 0.280449
40.51 2 0.0480973
40.61 1 0.280449
40.61 2 0.0480973
40.71 1 0.280449
40.71 2 0.0480973
40.81 1 0.280449
40.81 2 0.0480973
40.91 1 0.280449
40.91 2 0.0480973
41.01 1 0.280449
41.01 2 0.0480973
41.11 1 0.280449
41.11 2 0.0480973
41.21 1 0.280449
41.21 2 0.0480973
41.31 1 0.280449
41.31 2 0.0480973
41.41 1 0.280449
41.41 2 0.0480973
41.51 1 0.280449
41.51 2 0.0480973
41.61 1 0.280449
41.61 2 0.0480973
41.71 1 0.280449
41.71 2 0.0480973
41.81 1 0.280449
41.81 2 0.0480973
41.91 1 0.280449
41.91 2 0.0480973
42.01 1 0.280449
42.01 2 0.0480973
42.11 1 0.280449
42.11 2 0.0480973
42.21 1 0.280449
42.21 2 0.0480973
42.31 1 0.280449
42.31 2 0.0480973
42.41 1 0.280449
42.41 2 0.0480973
42.51 1 0.280449
42.51 2 0.0480973
42.61 1 0.280449
42.61 2 0.0480973
42.71 1 0.280449
42.71 2 0.0480973
42.81 1 0.280449
42.81 2 0.0480973
42.91 1 0.280449
42.91 2 0.0480973
43.01 1 0.280449
43.01 2 0.0480973
43.11 1 0.280449
43.11 2 0.0480973
43.21 1 0.280449
43.21 2 0.0480973
43.31 1 0.280449
43.31 2 0.0480973
43.41 1 0.280449
43.41 2 0.0480973
43.51 1 0.280449
43.51 2 0.0480973
43.61 1 0.280449
43.61 2 0.0480973
43.71 1 0.280449
43.71 2 0.0480973
43.81 1 0.280449
43.81 2 0.0480973
43.91 1 0.280449
43.91 2 0.0480973
44.01 1 0.280449
44.01 2 0.0480973
44.11 1 0.280449
44.11 2 0.0480973
44.21 1 0.280449
44.21 2 0.0480973
44.31 1 0.280449
44.31 2 0.0480973
44.41 1 0.280449
44.41 2 0.0480973
44.51 1 0.280449
44.51 2 0.0480973
44.61 1 0.280449
44.61 2 0.0480973
44.71 1 0.280449
44.71 2 0.0480973
44.81 1 0.280449
44.81 2 0.0480973
44.91 1 0.280449
44.91 2 0.0480973
45.01 1 0.280449
45.01 2 0.0480973
45.11 1 0.280449
45.11 2 0.0480973
45.21 1 0.280449
45.21 2 0.0480973
45.31 1 0.280449
45.31 2 0.0480973
45.41 1 0.280449
45.41 2 0.0480973
45.51 1 0.280449
45.51 2 0.0480973
45.61 1 0.280449
45.61 2 0.0480973
45.71 1 0.280449
45.71 2 0.0480973
45.81 1 0.280449
45.81 2 0.0480973
45.91 1 0.280449
45.91 2 0.0480973
46.01 1 0.280449
46.01 2 0.0480973
46.11 1 0.280449
46.11 2 0.0480973
46.21 1 0.280449
46.21 2 0.0480973
46.31 1 0.280449
46.31 2 0.0480973
46.41 1 0.280449
46.41 2 0.0480973
46.51 1 0.280449
46.51 2 0.0480973
46.61 1 0.280449
46.61 2 0.0480973
46.71 1 0.280449
46.71 2 0.0480973
46.81 1 0.280449
46.81 2 0.0480973
46.91 1 0.280449
46.91 2 0.0480973
47.01 1 0.280449
47.01 2 0.0480973
47.11 1 0.280449
47.11 2 0.0480973
47.21 1 0.280449
47.21 2 0.0480973
47.31 1 0.280449
47.31 2 0.0480973
47.41 1 0.280449
47.41 2 0.0480973
47.51 1 0.280449
47.51 2 0.0480973
47.61 1 0.280449
47.61 2 0.0480973
47.71 1 0.280449
47.71 2 0.0480973
47.81 1 0.280449
47.81 2 0.0480973
47.91 1 0.280449
47.91 2 0.0480973
48.01 1 0.280449
48.01 2 0.0480973
48.11 1 0.280449
48.11 2 0.0480973
48.21 1 0.280449
48.21 2 0.0480973
48.31 1 0.280449
48.31 2 0.0480973
48.41 1 0.280449
48.41 2 0.0480973
48.51 1 0.280449
48.51 2 0.0480973
48.61 1 0.280449
48.61 2 0.0480973
48.71 1 0.280449
48.71 2 0.0480973
48.81 1 0.280449
48.81 2 0.0480973
48.91 1 0.280449
48.91 2 0.0480973
49.01 1 0.280449
49.01 2 0.0480973
49.11 1 0.280449
49.11 2 0.0480973
49.21 1 0.280449
49.21 2 0.0480973
49.31 1 0.280449
49.31 2 0.0480973
49.41 1 0.280449
49.41 2 0.0480973
49.51 1 0.280449
49.51 2 0.0480973
49.61 1 0.280449
49.61 2 0.0480973
49.71 1 0.280449
49.71 2 0.0480973
49.81 1 0.280449
49.81 2 0.0480973
49.91 1 0.280449
49.91 2 0.0480973
50.01 1 0.280449
50.01 2 0.0480973
50.11 1 0.280449
50.11 2 0.0480973
50.21 1 0.280449
50.21 2 0.0480973
50.31 1 0.280449
50.31 2 0.0480973
50.41 1 0.280449
50.41 2 0.0480973
50.51 1 0.280449
50.51 2 0.0480973
50.61 1 0.280449
50.61 2 0.0480973
50.71 1 0.280449
50.71 2 0.0480973
50.81 1 0.280449
50.81 2 0.0480973
50.91 1 0.280449
50.91 2 0.0480973
51.01 1 0.280449
51.01 2 0.0480973
51.11 1 0.280449
51.11 2 0.0480973
51.21 1 0.280449
51.21 2 0.0480973
51.31 1 0.280449
51.31 2 0.0480973
51.41 1 0.280449
51.41 2 0.0480973
51.51 1 0.280449
51.51 2 0.0480973
51.61 1 0.280449
51.61 2 0.0480973
51.71 1 0.280449
51.71 2 0.0480973
51.81 1 0.280449
51.81 2 0.0480973
51.91 1 0.280449
51.91 2 0.0480973
52.01 1 0.280449
52.01 2 0.0480973
52.11 1 0.280449
52.11 2 0.0480973
52.21 1 0.280449
52.21 2 0.0480973
52.31 1 0.280449
52.31 2 0.0480973
52.41 1 0.280449
52.41 2 0.0480973
52.51 1 0.280449
52.51 2 0.0480973
52.61 1 0.280449
52.61 2 0.0480973
52.71 1 0.280449
52.71 2 0.0480973
52.81 1 0.280449
52.81 2 0.0480973
52.91 1 0.280449
52.91 2 0.0480973
53.01 1 0.280449
53.01 2 0.0480973
53.11 1 0.280449
53.11 2 0.0480973
53.21 1 0.280449
53.21 2 0.0480973
53.31 1 0.280449
53.31 2 0.0480973
53.41 1 0.280449
53.41 2 0.0480973
53.51 1 0.280449
53.51 2 0.0480973
53.61 1 0.280449
53.61 2 0.0480973
53.71 1 0.280449
53.71 2 0.0480973
53.81 1 0.280449
53.81 2 0.0480973
53.91 1 0.280449
53.91 2 0.0480973
54.01 1 0.280449
54.01 2 0.0480973
54.11 1 0.280449
54.11 2 0.0480973
54.21 1 0.280449
54.21 2 0.0480973
54.31 1 0.280449
54.31 2 0.0480973
54.41 1 0.280449
54.41 2 0.0480973
54.51 1 0.280449
54.51 2 0.0480973
54.61 1 0.280449
54.61 2 0.0480973
54.71 1 0.280449
54.71 2 0.0480973
54.81 1 0.280449
54.81 2 0.0480973
54.91 1 0.280449
54.91 2 0.0480973
55.01 1 0.280449
55.01 2 0.0480973
55.11 1 0.280449
55.11 2 0.0480973
55.21 1 0.280449
55.21 2 0.0480973
55.31 1 0.280449
55.31 2 0.0480973
55.41 1 0.280449
55.41 2 0.0480973
55.51 1 0.280449
55.51 2 0.0480973
55.61 1 0.280449
55.61 2 0.0480973
55.71 1 0.280449
55.71 2 0.0480973
55.81 1 0.280449
55.81 2 0.0480973
55.91 1 0.280449
55.91 2 0.0480973
56.01 1 0.280449
56.01 2 0.0480973
56.11 1 0.280449
56.11 2 0.0480973
56.21 1 0.280449
56.21 2 0.0480973
56.31 1 0.280449
56.31 2 0.0480973
56.41 1 0.280449
56.41 2 0.0480973
56.51 1 0.280449
56.51 2 0.0480973
56.61 1 0.280449
56.61 2 0.0480973
56.71 1 0.280449
56.71 2 0.0480973
56.81 1 0.280449
56.81 2 0.0480973
56.91 1 0.280449
56.91 2 0.0480973
57.01 1 0.280449
57.01 2 0.0480973
57.11 1 0.280449
57.11 2 0.0480973
57.21 1 0.280449
57.21 2 0.0480973
57.31 1 0.280449
57.31 2 0.0480973
57.41 1 0.280449
57.41 2 0.0480973
57.51 1 0.280449
57.51 2 0.0480973
57.61 1 0.280449
57.61 2 0.0480973
57.71 1 0.280449
57.71 2 0.0480973
57.81 1 0.280449
57.81 2 0.0480973
57.91 1 0.280449
57.91 2 0.0480973
58.01 1 0.280449
58.01 2 0.0480973
58.11 1 0.280449
58.11 2 0.0480973
58.21 1 0.280449
58.21 2 0.0480973
58.31 1 0.280449
58.31 2 0.0480973
58.41 1 0.280449
58.41 2 0.0480973
58.51 1 0.280449
58.51 2 0.0480973
58.61 1 0.280449
58.61 2 0.0480973
58.71 1 0.280449
58.71 2 0.0480973
58.81 1 0.280449
58.81 2 0.0480973
58.91 1 0.280449
58.91 2 0.0480973
59.01 1 0.280449
59.01 2 0.0480973
59.11 1 0.280449
59.11 2 0.0480973
59.21 1 0.280449
59.21 2 0.0480973
59.31 1 0.280449
59.31 2 0.0480973
59.41 1 0.280449
59.41 2 0.0480973
59.51 1 0.280449
59.51 2 0.0480973
59.61 1 0.280449
59.61 2 0.0480973
59.71 1 0.280449
59.71 2 0.0480973
59.81 1 0.280449
59.81 2 0.0480973
59.91 1 0.280449
59.91 2 0.0480973
60.01 1 0.280449
60.01 2 0.0480973
60.11 1 0.280449
60.11 2 0.0480973
60.21 1 0.280449
60.21 2 0.0480973
60.31 1 0.280449
60.31 2 0.0480973
60.41 1 0.280449
60.41 2 0.0480973
60.51 1 0.280449
60.51 2 0.0480973
60.61 1 0.280449
60.61 2 0.0480973
60.71 1 0.280449
60.71 2 0.0480973
60.81 1 0.280449
60.81 2 0.0480973
60.91 1 0.280449
60.91 2 0.0480973
61.01 1 0.280449
61.01 2 0.0480973
61.11 1 0.280449
61.11 2 0.0480973
61.21 1 0.280449
61.21 2 0.0480973
61.31 1 0.280449
61.31 2 0.0480973
61.41 1 0.280449
61.41 2 0.0480973
61.51 1 0.280449
61.51 2 0.0480973
61.61 1 0.280449
61.61 2 0.0480973
61.71 1 0.280449
61.71 2 0.0480973
61.81 1 0.280449
61.81 2 0.0480973
61.91 1 0.280449
61.91 2 0.0480973
62.01 1 0.280449
62.01 2 0.0480973
62.11 1 0.280449
62.11 2 0.0480973
62.21 1 0.280449
62.21 2 0.0480973
62.31 1 0.280449
62.31 2 0.0480973
62.41 1 0.280449
62.41 2 0.0480973
62.51 1 0.280449
62.51 2 0.0480973
62.61 1 0.280449
62.61 2 0.0480973
62.71 1 0.280449
62.71 2 0.0480973
62.81 1 0.280449
62.81 2 0.0480973
62.91 1 0.280449
62.91 2 0.0480973
63.01 1 0.280449
63.01 2 0.0480973
63.11 1 0.280449
63.11 2 0.0480973
63.21 1 0.280449
63.21 2 0.0480973
63.31 1 0.280449
63.31 2 0.0480973
63.41 1 0.280449
63.41 2 0.0480973
63.51 1 0.280449
63.51 2 0.0480973
63.61 1 0.280449
63.61 2 0.0480973
63.71 1 0.280449
63.71 2 0.0480973
63.81 1 0.280449
63.81 2 0.0480973
63.91 1 0.280449
63.91 2 0.0480973
64.01 1 0.280449
64.01 2 0.0480973
64.11 1 0.280449
64.11 2 0.0480973
64.21 1 0.280449
64.21 2 0.0480973
64.31 1 0.280449
64.31 2 0.0480973
64.41 1 0.280449
64.41 2 0.0480973
64.51 1 0.280449
64.51 2 0.0480973
64.61 1 0.280449
64.61 2 0.0480973
64.71 1 0.280449
64.71 2 0.0480973
64.81 1 0.280449
64.81 2 0.0480973
64.91 1 0.280449
64.91 2 0.0480973
65.01 1 0.280449
65.01 2 0.0480973
65.11 1 0.280449
65.11 2 0.0480973
65.21 1 0.280449
65.21 2 0.0480973
65.31 1 0.280449
65.31 2 0.0480973
65.41 1 0.280449
65.41 2 0.0480973
65.51 1 0.280449
65.51 2 0.0480973
65.61 1 0.280449
65.61 2 0.0480973
65.71 1 0.280449
65.71 2 0.0480973
65.81 1 0.280449
65.81 2 0.0480973
65.91 1 0.280449
65.91 2 0.0480973
66.01 1 0.280449
66.01 2 0.0480973
66.11 1 0.280449
66.11 2 0.0480973
66.21 1 0.280449
66.21 2 0.0480973
66.31 1 0.280449
66.31 2 0.0480973
66.41 1 0.280449
66.41 2 0.0480973
66.51 1 0.280449
66.51 2 0.0480973
66.61 1 0.280449
66.61 2 0.0480973
66.71 1 0.280449
66.71 2 0.0480973
66.81 1 0.280449
66.81 2 0.0480973
66.91 1 0.280449
66.91 2 0.0480973
67.01 1 0.280449
67.01 2 0.0480973
67.11 1 0.280449
67.11 2 0.0480973
67.21 1 0.280449
67.21 2 0.0480973
67.31 1 0.280449
67.31 2 0.0480973
67.41 1 0.280449
67.41 2 0.0480973
67.51 1 0.280449
67.51 2 0.0480973
67.61 1 0.280449
67.61 2 0.0480973
67.71 1 0.280449
67.71 2 0.0480973
67.81 1 0.280449
67.81 2 0.0480973
67.91 1 0.280449
67.91 2 0.0480973
68.01 1 0.280449
68.01 2 0.0480973
68.11 1 0.280449
68.11 2 0.0480973
68.21 1 0.280449
68.21 2 0.0480973
68.31 1 0.280449
68.31 2 0.0480973
68.41 1 0.280449
68.41 2 0.0480973
68.51 1 0.280449
68.51 2 0.0480973
68.61 1 0.280449
68.61 2 0.0480973
68.71 1 0.280449
68.71 2 0.0480973
68.81 1 0.280449
68.81 2 0.0480973
68.91 1 0.280449
68.91 2 0.0480973
69.01 1 0.280449
69.01 2 0.0480973
69.11 1 0.280449
69.11 2 0.0480973
69.21 1 0.280449
69.21 2 0.0480973
69.31 1 0.280449
69.31 2 0.0480973
69.41 1 0.280449
69.41 2 0.0480973
69.51 1 0.280449
69.51 2 0.0480973
69.61 1 0.280449
69.61 2 0.0480973
69.71 1 0.280449
69.71 2 0.0480973
69.81 1 0.280449
69.81 2 0.0480973
69.91 1 0.280449
69.91 2 0.0480973
70.01 1 0.280449
70.01 2 0.0480973
70.11 1 0.280449
70.11 2 0.0480973
70.21 1 0.280449
70.21 2 0.0480973
70.31 1 0.280449
70.31 2 0.0480973
70.41 1 0.280449
70.41 2 0.0480973
70.51 1 0.280449
70.51 2 0.0480973
70.61 1 0.280449
70.61 2 0.0480973
70.71 1 0.280449
70.71 2 0.0480973
70.81 1 0.280449
70.81 2 0.0480973
70.91 1 0.280449
70.91 2 0.0480973
71.01 1 0.280449
71.01 2 0.0480973
71.11 1 0.280449
71.11 2 0.0480973
71.21 1 0.280449
71.21 2 0.0480973
71.31 1 0.280449
71.31 2 0.0480973
71.41 1 0.280449
71.41 2 0.0480973
71.51 1 0.280449
71.51 2 0.0480973
71.61 1 0.280449
71.61 2 0.0480973
71.71 1 0.280449
71.71 2 0.0480973
71.81 1 0.280449
71.81 2 0.0480973
71.91 1 0.280449
71.91 2 0.0480973
72.01 1 0.280449
72.01 2 0.0480973
72.11 1 0.280449
72.11 2 0.0480973
72.21 1 0.280449
72.21 2 0.0480973
72.31 1 0.280449
72.31 2 0.0480973
72.41 1 0.280449
72.41 2 0.0480973
72.51 1 0.280449
72.51 2 0.0480973
72.61 1 0.280449
72.61 2 0.0480973
72.71 1 0.280449
72.71 2 0.0480973
72.81 1 0.280449
72.81 2 0.0480973
72.91 1 0.280449
72.91 2 0.0480973
73.01 1 0.280449
73.01 2 0.0480973
73.11 1 0.280449
73.11 2 0.0480973
73.21 1 0.280449
73.21 2 0.0480973
73.31 1 0.280449
73.31 2 0.0480973
73.41 1 0.280449
73.41 2 0.0480973
73.51 1 0.280449
73.51 2 0.0480973
73.61 1 0.280449
73.61 2 0.0480973
73.71 1 0.280449
73.71 2 0.0480973
73.81 1 0.280449
73.81 2 0.0480973
73.91 1 0.280449
73.91 2 0.0480973
74.01 1 0.280449
74.01 2 0.0480973
74.11 1 0.280449
74.11 2 0.0480973
74.21 1 0.280449
74.21 2 0.0480973
74.31 1 0.280449
74.31 2 0.0480973
74.41 1 0.280449
74.41 2 0.0480973
74.51 1 0.280449
74.51 2 0.0480973
74.61 1 0.280449
74.61 2 0.0480973
74.71 1 0.280449
74.71 2 0.0480973
74.81 1 0.280449
74.81 2 0.0480973
74.91 1 0.280449
74.91 2 0.0480973
75.01 1 0.280449
75.01 2 0.0480973
75.11 1 0.280449
75.11 2 0.0480973
75.21 1 0.280449
75.21 2 0.0480973
75.31 1 0.280449
75.31 2 0.0480973
75.41 1 0.280449
75.41 2 0.0480973
75.51 1 0.280449
75.51 2 0.0480973
75.61 1 0.280449
75.61 2 0.0480973
75.71 1 0.280449
75.71 2 0.0480973
75.81 1 0.280449
75.81 2 0.0480973
75.91 1 0.280449
75.91 2 0.0480973
76.01 1 0.280449
76.01 2 0.0480973
76.11 1 0.280449
76.11 2 0.0480973
76.21 1 0.280449
76.21 2 0.0480973
76.31 1 0.280449
76.31 2 0.0480973
76.41 1 0.280449
76.41 2 0.0480973
76.51 1 0.280449
76.51 2 0.0480973
76.61 1 0.280449
76.61 2 0.0480973
76.71 1 0.280449
76.71 2 0.0480973
76.81 1 0.280449
76.81 2 0.0480973
76.91 1 0.280449
76.91 2 0.0480973
77.01 1 0.280449
77.01 2 0.0480973
77.11 1 0.280449
77.11 2 0.0480973
77.21 1 0.280449
77.21 2 0.0480973
77.31 1 0.280449
77.31 2 0.0480973
77.41 1 0.280449
77.41 2 0.0480973
77.51 1 0.280449
77.51 2 0.0480973
77.61 1 0.280449
77.61 2 0.0480973
77.71 1 0.280449
77.71 2 0.0480973
77.81 1 0.280449
77.81 2 0.0480973
77.91 1 0.280449
77.91 2 0.0480973
78.01 1 0.280449
78.01 2 0.0480973
78.11 1 0.280449
78.11 2 0.0480973
78.21 1 0.280449
78.21 2 0.0480973
78.31 1 0.280449
78.31 2 0.0480973
78.41 1 0.280449
78.41 2 0.0480973
78.51 1 0.280449
78.51 2 0.0480973
78.61 1 0.280449
78.61 2 0.0480973
78.71 1 0.280449
78.71 2 0.0480973
78.81 1 0.280449
78.81 2 0.0480973
78.91 1 0.280449
78.91 2 0.0480973
79.01 1 0.280449
79.01 2 0.0480973
79.11 1 0.280449
79.11 2 0.0480973
79.21 1 0.280449
79.21 2 0.0480973
79.31 1 0.280449
79.31 2 0.0480973
79.41 1 0.280449
79.41 2 0.0480973
79.51 1 0.280449
79.51 2 0.0480973
79.61 1 0.280449
79.61 2 0.0480973
79.71 1 0.280449
79.71 2 0.0480973
79.81 1 0.280449
79.81 2 0.0480973
79.91 1 0.280449
79.91 2 0.0480973
80.01 1 0.280449
80.01 2 0.0480973
80.11 1 0.280449
80.11 2 0.0480973
80.21 1 0.280449
80.21 2 0.0480973
80.31 1 0.280449
80.31 2 0.0480973
80.41 1 0.280449
80.41 2 0.0480973
80.51 1 0.280449
80.51 2 0.0480973
80.61 1 0.280449
80.61 2 0.0480973
80.71 1 0.280449
80.71 2 0.0480973
80.81 1 0.280449
80.81 2 0.0480973
80.91 1 0.280449
80.91 2 0.0480973
81.01 1 0.280449
81.01 2 0.0480973
81.11 1 0.280449
81.11 2 0.0480973
81.21 1 0.280449
81.21 2 0.0480973
81.31 1 0.280449
81.31 2 0.0480973
81.41 1 0.280449
81.41 2 0.0480973
81.51 1 0.280449
81.51 2 0.0480973
81.61 1 0.280449
81.61 2 0.0480973
81.71 1 0.280449
81.71 2 0.0480973
81.81 1 0.280449
81.81 2 0.0480973
81.91 1 0.280449
81.91 2 0.0480973
82.01 1 0.280449
82.01 2 0.0480973
82.11 1 0.280449
82.11 2 0.0480973
82.21 1 0.280449
82.21 2 0.0480973
82.31 1 0.280449
82.31 2 0.0480973
82.41 1 0.280449
82.41 2 0.0480973
82.51 1 0.280449
82.51 2 0.0480973
82.61 1 0.280449
82.61 2 0.0480973
82.71 1 0.280449
82.71 2 0.0480973
82.81 1 0.280449
82.81 2 0.0480973
82.91 1 0.280449
82.91 2 0.0480973
83.01 1 0.280449
83.01 2 0.0480973
83.11 1 0.280449
83.11 2 0.0480973
83.21 1 0.280449
83.21 2 0.0480973
83.31 1 0.280449
83.31 2 0.0480973
83.41 1 0.280449
83.41 2 0.0480973
83.51 1 0.280449
83.51 2 0.0480973
83.61 1 0.280449
83.61 2 0.0480973
83.71 1 0.280449
83.71 2 0.0480973
83.81 1 0.280449
83.81 2 0.0480973
83.91 1 0.280449
83.91 2 0.0480973
84.01 1 0.280449
84.01 2 0.0480973
84.11 1 0.280449
84.11 2 0.0480973
84.21 1 0.280449
84.21 2 0.0480973
84.31 1 0.280449
84.31 2 0.0480973
84.41 1 0.280449
84.41 2 0.0480973
84.51 1 0.280449
84.51 2 0.0480973
84.61 1 0.280449
84.61 2 0.0480973
84.71 1 0.280449
84.71 2 0.0480973
84.81 1 0.280449
84.81 2 0.0480973
84.91 1 0.280449
84.91 2 0.0480973
85.01 1 0.280449
85.01 2 0.0480973
85.11 1 0.280449
85.11 2 0.0480973
85.21 1 0.280449
85.21 2 0.0480973
85.31 1 0.280449
85.31 2 0.0480973
85.41 1 0.280449
85.41 2 0.0480973
85.51 1 0.280449
85.51 2 0.0480973
85.61 1 0.280449
85.61 2 0.0480973
85.71 1 0.280449
85.71 2 0.0480973
85.81 1 0.280449
85.81 2 0.0480973
85.91 1 0.280449
85.91 2 0.0480973
86.01 1 0.280449
86.01 2 0.0480973
86.11 1 0.280449
86.11 2 0.0480973
86.21 1 0.280449
86.21 2 0.0480973
86.31 1 0.280449
86.31 2 0.0480973
86.41 1 0.280449
86.41 2 0.0480973
86.51 1 0.280449
86.51 2 0.0480973
86.61 1 0.280449
86.61 2 0.0480973
86.71 1 0.280449
86.71 2 0.0480973
86.81 1 0.280449
86.81 2 0.0480973
86.91 1 0.280449
86.91 2 0.0480973
87.01 1 0.280449
87.01 2 0.0480973
87.11 1 0.280449
87.11 2 0.0480973
87.21 1 0.280449
87.21 2 0.0480973
87.31 1 0.280449
87.31 2 0.0480973
87.41 1 0.280449
87.41 2 0.0480973
87.51 1 0.280449
87.51 2 0.0480973
87.61 1 0.280449
87.61 2 0.0480973
87.71 1 0.280449
87.71 2 0.0480973
87.81 1 0.280449
87.81 2 0.0480973
87.91 1 0.280449
87.91 2 0.0480973
88.01 1 0.280449
88.01 2 0.0480973
88.11 1 0.280449
88.11 2 0.0480973
88.21 1 0.280449
88.21 2 0.0480973
88.31 1 0.280449
88.31 2 0.0480973
88.41 1 0.280449
88.41 2 0.0480973
88.51 1 0.280449
88.51 2 0.0480973
88.61 1 0.280449
88.61 2 0.0480973
88.71 1 0.280449
88.71 2 0.0480973
88.81 1 0.280449
88.81 2 0.0480973
88.91 1 0.280449
88.91 2 0.0480973
89.01 1 0.280449
89.01 2 0.0480973
89.11 1 0.280449
89.11 2 0.0480973
89.21 1 0.280449
89.21 2 0.0480973
89.31 1 0.280449
89.31 2 0.0480973
89.41 1 0.280449
89.41 2 0.0480973
89.51 1 0.280449
89.51 2 0.0480973
89.61 1 0.280449
89.61 2 0.0480973
89.71 1 0.280449
89.71 2 0.0480973
89.81 1 0.280449
89.81 2 0.0480973
89.91 1 0.280449
89.91 2 0.0480973
90.01 1 0.280449
90.01 2 0.0480973
90.11 1 0.280449
90.11 2 0.0480973
90.21 1 0.280449
90.21 2 0.0480973
90.31 1 0.280449
90.31 2 0.0480973
90.41 1 0.280449
90.41 2 0.0480973
90.51 1 0.280449
90.51 2 0.0480973
90.61 1 0.280449
90.61 2 0.0480973
90.71 1 0.280449
90.71 2 0.0480973
90.81 1 0.280449
90.81 2 0.0480973
90.91 1 0.280449
90.91 2 0.0480973
91.01 1 0.280449
91.01 2 0.0480973
91.11 1 0.280449
91.11 2 0.0480973
91.21 1 0.280449
91.21 2 0.0480973
91.31 1 0.280449
91.31 2 0.0480973
91.41 1 0.280449
91.41 2 0.0480973
91.51 1 0.280449
91.51 2 0.0480973
91.61 1 0.280449
91.61 2 0.0480973
91.71 1 0.280449
91.71 2 0.0480973
91.81 1 0.280449
91.81 2 0.0480973
91.91 1 0.280449
91.91 2 0.0480973
92.01 1 0.280449
92.01 2 0.0480973
92.11 1 0.280449
92.11 2 0.0480973
92.21 1 0.280449
92.21 2 0.0480973
92.31 1 0.280449
92.31 2 0.0480973
92.41 1 0.280449
92.41 2 0.0480973
92.51 1 0.280449
92.51 2 0.0480973
92.61 1 0.280449
92.61 2 0.0480973
92.71 1 0.280449
92.71 2 0.0480973
92.81 1 0.280449
92.81 2 0.0480973
92.91 1 0.280449
92.91 2 0.0480973
93.01 1 0.280449
93.01 2 0.0480973
93.11 1 0.280449
93.11 2 0.0480973
93.21 1 0.280449
93.21 2 0.0480973
93.31 1 0.280449
93.31 2 0.0480973
93.41 1 0.280449
93.41 2 0.0480973
93.51 1 0.280449
93.51 2 0.0480973
93.61 1 0.280449
93.61 2 0.0480973
93.71 1 0.280449
93.71 2 0.0480973
93.81 1 0.280449
93.81 2 0.0480973
93.91 1 0.280449
93.91 2 0.0480973
94.01 1 0.280449
94.01 2 0.0480973
94.11 1 0.280449
94.11 2 0.0480973
94.21 1 0.280449
94.21 2 0.0480973
94.31 1 0.280449
94.31 2 0.0480973
94.41 1 0.280449
94.41 2 0.0480973
94.51 1 0.280449
94.51 2 0.0480973
94.61 1 0.280449
94.61 2 0.0480973
94.71 1 0.280449
94.71 2 0.0480973
94.81 1 0.280449
94.81 2 0.0480973
94.91 1 0.280449
94.91 2 0.0480973
95.01 1 0.280449
95.01 2 0.0480973
95.11 1 0.280449
95.11 2 0.0480973
95.21 1 0.280449
95.21 2 0.0480973
95.31 1 0.280449
95.31 2 0.0480973
95.41 1 0.280449
95.41 2 0.0480973
95.51 1 0.280449
95.51 2 0.0480973
95.61 1 0.280449
95.61 2 0.0480973
95.71 1 0.280449
95.71 2 0.0480973
95.81 1 0.280449
95.81 2 0.0480973
95.91 1 0.280449
95.91 2 0.0480973
96.01 1 0.280449
96.01 2 0.0480973
96.11 1 0.280449
96.11 2 0.0480973
96.21 1 0.280449
96.21 2 0.0480973
96.31 1 0.280449
96.31 2 0.0480973
96.41 1 0.280449
96.41 2 0.0480973
96.51 1 0.280449
96.51 2 0.0480973
96.61 1 0.280449
96.61 2 0.0480973
96.71 1 0.280449
96.71 2 0.0480973
96.81 1 0.280449
96.81 2 0.0480973
96.91 1 0.280449
96.91 2 0.0480973
97.01 1 0.280449
97.01 2 0.0480973
97.11 1 0.280449
97.11 2 0.0480973
97.21 1 0.280449
97.21 2 0.0480973
97.31 1 0.280449
97.31 2 0.0480973
97.41 1 0.280449
97.41 2 0.0480973
97.51 1 0.280449
97.51 2 0.0480973
97.61 1 0.280449
97.61 2 0.0480973
97.71 1 0.280449
97.71 2 0.0480973
97.81 1 0.280449
97.81 2 0.0480973
97.91 1 0.280449
97.91 2 0.0480973
98.01 1 0.280449
98.01 2 0.0480973
98.11 1 0.280449
98.11 2 0.0480973
98.21 1 0.280449
98.21 2 0.0480973
98.31 1 0.280449
98.31 2 0.0480973
98.41 1 0.280449
98.41 2 0.0480973
98.51 1 0.280449
98.51 2 0.0480973
98.61 1 0.280449
98.61 2 0.0480973
98.71 1 0.280449
98.71 2 0.0480973
98.81 1 0.280449
98.81 2 0.0480973
98.91 1 0.280449
98.91 2 0.0480973
99.01 1 0.280449
99.01 2 0.0480973
99.11 1 0.280449
99.11 2 0.0480973
99.21 1 0.280449
99.21 2 0.0480973
99.31 1 0.280449
99.31 2 0.0480973
99.41 1 0.280449
99.41 2 0.0480973
99.51 1 0.280449
99.51 2 0.0480973
99.61 1 0.280449
99.61 2 0.0480973
99.71 1 0.280449
99.71 2 0.0480973
99.81 1 0.280449
99.81 2 0.0480973
99.91 1 0.280449
99.91 2 0.0480973
100.01 1 0.280449
100.01 2 0.0480973
100.11 1 0.280449
100.11 2 0.0480973
100.21 1 0.280449
100.21 2 0.0480973
100.31 1 0.280449
100.31 2 0.0480973
100.41 1 0.280449
100.41 2 0.0480973
100.51 1 0.280449
100.51 2 0.0480973
100.61 1 0.280449
100.61 2 0.0480973
100.71 1 0.280449
100.71 2 0.0480973
100.81 1 0.280449
100.81 2 0.0480973
100.91 1 0.280449
100.91 2 0.0480973
101.01 1 0.280449
101.01 2 0.0480973
101.11 1 0.280449
101.11 2 0.0480973
101.21 1 0.280449
101.21 2 0.0480973
101.31 1 0.280449
101.31 2 0.0480973
101.41 1 0.280449
101.41 2 0.0480973
101.51 1 0.280449
101.51 2 0.0480973
101.61 1 0.280449
101.61 2 0.0480973
101.71 1 0.280449
101.71 2 0.0480973
101.81 1 0.280449
101.81 2 0.0480973
101.91 1 0.280449
101.91 2 0.0480973
102.01 1 0.280449
102.01 2 0.0480973
102.11 1 0.280449
102.11 2 0.0480973
102.21 1 0.280449
102.21 2 0.0480973
102.31 1 0.280449
102.31 2 0.0480973
102.41 1 0.280449
102.41 2 0.0480973
102.51 1 0.280449
102.51 2 0.0480973
102.61 1 0.280449
102.61 2 0.0480973
102.71 1 0.280449
102.71 2 0.0480973
102.81 1 0.280449
102.81 2 0.0480973
102.91 1 0.280449
102.91 2 0.0480973
103.01 1 0.280449
103.01 2 0.0480973
103.11 1 0.280449
103.11 2 0.0480973
103.21 1 0.280449
103.21 2 0.0480973
103.31 1 0.280449
103.31 2 0.0480973
103.41 1 0.280449
103.41 2 0.0480973
103.51 1 0.280449
103.51 2 0.0480973
103.61 1 0.280449
103.61 2 0.0480973
103.71 1 0.280449
103.71 2 0.0480973
103.81 1 0.280449
103.81 2 0.0480973
103.91 1 0.280449
103.91 2 0.0480973
104.01 1 0.280449
104.01 2 0.0480973
104.11 1 0.280449
104.11 2 0.0480973
104.21 1 0.280449
104.21 2 0.0480973
104.31 1 0.280449
104.31 2 0.0480973
104.41 1 0.280449
104.41 2 0.0480973
104.51 1 0.280449
104.51 2 0.0480973
104.61 1 0.280449
104.61 2 0.0480973
104.71 1 0.280449
104.71 2 0.0480973
104.81 1 0.280449
104.81 2 0.0480973
104.91 1 0.280449
104.91 2 0.0480973
105.01 1 0.280449
105.01 2 0.0480973
105.11 1 0.280449
105.11 2 0.0480973
105.21 1 0.280449
105.21 2 0.0480973
105.31 1 0.280449
105.31 2 0.0480973
105.41 1 0.280449
105.41 2 0.0480973
105.51 1 0.280449
105.51 2 0.0480973
105.61 1 0.280449
105.61 2 0.0480973
105.71 1 0.280449
105.71 2 0.0480973
105.81 1 0.280449
105.81 2 0.0480973
105.91 1 0.280449
105.91 2 0.0480973
106.01 1 0.280449
106.01 2 0.0480973
106.11 1 0.280449
106.11 2 0.0480973
106.21 1 0.280449
106.21 2 0.0480973
106.31 1 0.280449
106.31 2 0.0480973
106.41 1 0.280449
106.41 2 0.0480973
106.51 1 0.280449
106.51 2 0.0480973
106.61 1 0.280449
106.61 2 0.0480973
106.71 1 0.280449
106.71 2 0.0480973
106.81 1 0.280449
106.81 2 0.0480973
106.91 1 0.280449
106.91 2 0.0480973
107.01 1 0.280449
107.01 2 0.0480973
107.11 1 0.280449
107.11 2 0.0480973
107.21 1 0.280449
107.21 2 0.0480973
107.31 1 0.280449
107.31 2 0.0480973
107.41 1 0.280449
107.41 2 0.0480973
107.51 1 0.280449
107.51 2 0.0480973
107.61 1 0.280449
107.61 2 0.0480973
107.71 1 0.280449
107.71 2 0.0480973
107.81 1 0.280449
107.81 2 0.0480973
107.91 1 0.280449
107.91 2 0.0480973
108.01 1 0.280449
108.01 2 0.0480973
108.11 1 0.280449
108.11 2 0.0480973
108.21 1 0.280449
108.21 2 0.0480973
108.31 1 0.280449
108.31 2 0.0480973
108.41 1 0.280449
108.41 2 0.0480973
108.51 1 0.280449
108.51 2 0.0480973
108.61 1 0.280449
108.61 2 0.0480973
108.71 1 0.280449
108.71 2 0.0480973
108.81 1 0.280449
108.81 2 0.0480973
108.91 1 0.280449
108.91 2 0.0480973
109.01 1 0.280449
109.01 2 0.0480973
109.11 1 0.280449
109.11 2 0.0480973
109.21 1 0.280449
109.21 2 0.0480973
109.31 1 0.280449
109.31 2 0.0480973
109.41 1 0.280449
109.41 2 0.0480973
109.51 1 0.280449
109.51 2 0.0480973
109.61 1 0.280449
109.61 2 0.0480973
109.71 1 0.280449
109.71 2 0.0480973
109.81 1 0.280449
109.81 2 0.0480973
109.91 1 0.280449
109.91 2 0.0480973
110.01 1 0.280449
110.01 2 0.0480973
110.11 1 0.280449
110.11 2 0.0480973
110.21 1 0.280449
110.21 2 0.0480973
110.31 1 0.280449
110.31 2 0.0480973
110.41 1 0.280449
110.41 2 0.0480973
110.51 1 0.280449
110.51 2 0.0480973
110.61 1 0.280449
110.61 2 0.0480973
110.71 1 0.280449
110.71 2 0.0480973
110.81 1 0.280449
110.81 2 0.0480973
110.91 1 0.280449
110.91 2 0.0480973
111.01 1 0.280449
111.01 2 0.0480973
111.11 1 0.280449
111.11 2 0.0480973
111.21 1 0.280449
111.21 2 0.0480973
111.31 1 0.280449
111.31 2 0.0480973
111.41 1 0.280449
111.41 2 0.0480973
111.51 1 0.280449
111.51 2 0.0480973
111.61 1 0.280449
111.61 2 0.0480973
111.71 1 0.280449
111.71 2 0.0480973
111.81 1 0.280449
111.81 2 0.0480973
111.91 1 0.280449
111.91 2 0.0480973
112.01 1 0.280449
112.01 2 0.0480973
112.11 1 0.280449
112.11 2 0.0480973
112.21 1 0.280449
112.21 2 0.0480973
112.31 1 0.280449
112.31 2 0.0480973
112.41 1 0.280449
112.41 2 0.0480973
112.51 1 0.280449
112.51 2 0.0480973
112.61 1 0.280449
112.61 2 0.0480973
112.71 1 0.280449
112.71 2 0.0480973
112.81 1 0.280449
112.81 2 0.0480973
112.91 1 0.280449
112.91 2 0.0480973
113.01 1 0.280449
113.01 2 0.0480973
113.11 1 0.280449
113.11 2 0.0480973
113.21 1 0.280449
113.21 2 0.0480973
113.31 1 0.280449
113.31 2 0.0480973
113.41 1 0.280449
113.41 2 0.0480973
113.51 1 0.280449
113.51 2 0.0480973
113.61 1 0.280449
113.61 2 0.0480973
113.71 1 0.280449
113.71 2 0.0480973
113.81 1 0.280449
113.81 2 0.0480973
113.91 1 0.280449
113.91 2 0.0480973
114.01 1 0.280449
114.01 2 0.0480973
114.11 1 0.280449
114.11 2 0.0480973
114.21 1 0.280449
114.21 2 0.0480973
114.31 1 0.280449
114.31 2 0.0480973
114.41 1 0.280449
114.41 2 0.0480973
114.51 1 0.280449
114.51 2 0.0480973
114.61 1 0.280449
114.61 2 0.0480973
114.71 1 0.280449
114.71 2 0.0480973
114.81 1 0.280449
114.81 2 0.0480973
114.91 1 0.280449
114.91 2 0.0480973
115.01 1 0.280449
115.01 2 0.0480973
115.11 1 0.280449
115.11 2 0.0480973
115.21 1 0.280449
115.21 2 0.0480973
115.31 1 0.280449
115.31 2 0.0480973
115.41 1 0.280449
115.41 2 0.0480973
115.51 1 0.280449
115.51 2 0.0480973
115.61 1 0.280449
115.61 2 0.0480973
115.71 1 0.280449
115.71 2 0.0480973
115.81 1 0.280449
115.81 2 0.0480973
115.91 1 0.280449
115.91 2 0.0480973
116.01 1 0.280449
116.01 2 0.0480973
116.11 1 0.280449
116.11 2 0.0480973
116.21 1 0.280449
116.21 2 0.0480973
116.31 1 0.280449
116.31 2 0.0480973
116.41 1 0.280449
116.41 2 0.0480973
116.51 1 0.280449
116.51 2 0.0480973
116.61 1 0.280449
116.61 2 0.0480973
116.71 1 0.280449
116.71 2 0.0480973
116.81 1 0.280449
116.81 2 0.0480973
116.91 1 0.280449
116.91 2 0.0480973
117.01 1 0.280449
117.01 2 0.0480973
117.11 1 0.280449
117.11 2 0.0480973
117.21 1 0.280449
117.21 2 0.0480973
117.31 1 0.280449
117.31 2 0.0480973
117.41 1 0.280449
117.41 2 0.0480973
117.51 1 0.280449
117.51 2 0.0480973
117.61 1 0.280449
117.61 2 0.0480973
117.71 1 0.280449
117.71 2 0.0480973
117.81 1 0.280449
117.81 2 0.0480973
117.91 1 0.280449
117.91 2 0.0480973
118.01 1 0.280449
118.01 2 0.0480973
118.11 1 0.280449
118.11 2 0.0480973
118.21 1 0.280449
118.21 2 0.0480973
118.31 1 0.280449
118.31 2 0.0480973
118.41 1 0.280449
118.41 2 0.0480973
118.51 1 0.280449
118.51 2 0.0480973
118.61 1 0.280449
118.61 2 0.0480973
118.71 1 0.280449
118.71 2 0.0480973
118.81 1 0.280449
118.81 2 0.0480973
118.91 1 0.280449
118.91 2 0.0480973
119.01 1 0.280449
119.01 2 0.0480973
119.11 1 0.280449
119.11 2 0.0480973
119.21 1 0.280449
119.21 2 0.0480973
119.31 1 0.280449
119.31 2 0.0480973
119.41 1 0.280449
119.41 2 0.0480973
119.51 1 0.280449
119.51 2 0.0480973
119.61 1 0.280449
119.61 2 0.0480973
119.71 1 0.280449
119.71 2 0.0480973
119.81 1 0.280449
119.81 2 0.0480973
119.91 1 0.280449
119.91 2 0.0480973
120.01 1 0.280449
120.01 2 0.0480973
120.11 1 0.280449
120.11 2 0.0480973
120.21 1 0.280449
120.21 2 0.0480973
120.31 1 0.280449
120.31 2 0.0480973
120.41 1 0.280449
120.41 2 0.0480973
120.51 1 0.280449
120.51 2 0.0480973
120.61 1 0.280449
120.61 2 0.0480973
120.71 1 0.280449
120.71 2 0.0480973
120.81 1 0.280449
120.81 2 0.0480973
120.91 1 0.280449
120.91 2 0.0480973
121.01 1 0.280449
121.01 2 0.0480973
121.11 1 0.280449
121.11 2 0.0480973
121.21 1 0.280449
121.21 2 0.0480973
121.31 1 0.280449
121.31 2 0.0480973
121.41 1 0.280449
121.41 2 0.0480973
121.51 1 0.280449
121.51 2 0.0480973
121.61 1 0.280449
121.61 2 0.0480973
121.71 1 0.280449
121.71 2 0.0480973
121.81 1 0.280449
121.81 2 0.0480973
121.91 1 0.280449
121.91 2 0.0480973
122.01 1 0.280449
122.01 2 0.0480973
122.11 1 0.280449
122.11 2 0.0480973
122.21 1 0.280449
122.21 2 0.0480973
122.31 1 0.280449
122.31 2 0.0480973
122.41 1 0.280449
122.41 2 0.0480973
122.51 1 0.280449
122.51 2 0.0480973
122.61 1 0.280449
122.61 2 0.0480973
122.71 1 0.280449
122.71 2 0.0480973
122.81 1 0.280449
122.81 2 0.0480973
122.91 1 0.280449
122.91 2 0.0480973
123.01 1 0.280449
123.01 2 0.0480973
123.11 1 0.280449
123.11 2 0.0480973
123.21 1 0.280449
123.21 2 0.0480973
123.31 1 0.280449
123.31 2 0.0480973
123.41 1 0.280449
123.41 2 0.0480973
123.51 1 0.280449
123.51 2 0.0480973
123.61 1 0.280449
123.61 2 0.0480973
123.71 1 0.280449
123.71 2 0.0480973
123.81 1 0.280449
123.81 2 0.0480973
123.91 1 0.280449
123.91 2 0.0480973
124.01 1 0.280449
124.01 2 0.0480973
124.11 1 0.280449
124.11 2 0.0480973
124.21 1 0.280449
124.21 2 0.0480973
124.31 1 0.280449
124.31 2 0.0480973
124.41 1 0.280449
124.41 2 0.0480973
124.51 1 0.280449
124.51 2 0.0480973
124.61 1 0.280449
124.61 2 0.0480973
124.71 1 0.280449
124.71 2 0.0480973
124.81 1 0.280449
124.81 2 0.0480973
124.91 1 0.280449
124.91 2 0.0480973
125.01 1 0.280449
125.01 2 0.0480973
125.11 1 0.280449
125.11 2 0.0480973
125.21 1 0.280449
125.21 2 0.0480973
125.31 1 0.280449
125.31 2 0.0480973
125.41 1 0.280449
125.41 2 0.0480973
125.51 1 0.280449
125.51 2 0.0480973
125.61 1 0.280449
125.61 2 0.0480973
125.71 1 0.280449
125.71 2 0.0480973
125.81 1 0.280449
125.81 2 0.0480973
125.91 1 0.280449
125.91 2 0.0480973
126.01 1 0.280449
126.01 2 0.0480973
126.11 1 0.280449
126.11 2 0.0480973
126.21 1 0.280449
126.21 2 0.0480973
126.31 1 0.280449
126.31 2 0.0480973
126.41 1 0.280449
126.41 2 0.0480973
126.51 1 0.280449
126.51 2 0.0480973
126.61 1 0.280449
126.61 2 0.0480973
126.71 1 0.280449
126.71 2 0.0480973
126.81 1 0.280449
126.81 2 0.0480973
126.91 1 0.280449
126.91 2 0.0480973
127.01 1 0.280449
127.01 2 0.0480973
127.11 1 0.280449
127.11 2 0.0480973
127.21 1 0.280449
127.21 2 0.0480973
127.31 1 0.280449
127.31 2 0.0480973
127.41 1 0.280449
127.41 2 0.0480973
127.51 1 0.280449
127.51 2 0.0480973
127.61 1 0.280449
127.61 2 0.0480973
127.71 1 0.280449
127.71 2 0.0480973
127.81 1 0.280449
127.81 2 0.0480973
127.91 1 0.280449
127.91 2 0.0480973
128.01 1 0.280449
128.01 2 0.0480973
128.11 1 0.280449
128.11 2 0.0480973
128.21 1 0.280449
128.21 2 0.0480973
128.31 1 0.280449
128.31 2 0.0480973
128.41 1 0.280449
128.41 2 0.0480973
128.51 1 0.280449
128.51 2 0.0480973
128.61 1 0.280449
128.61 2 0.0480973
128.71 1 0.280449
128.71 2 0.0480973
128.81 1 0.280449
128.81 2 0.0480973
128.91 1 0.280449
128.91 2 0.0480973
129.01 1 0.280449
129.01 2 0.0480973
129.11 1 0.280449
129.11 2 0.0480973
129.21 1 0.280449
129.21 2 0.0480973
129.31 1 0.280449
129.31 2 0.0480973
129.41 1 0.280449
129.41 2 0.0480973
129.51 1 0.280449
129.51 2 0.0480973
129.61 1 0.280449
129.61 2 0.0480973
129.71 1 0.280449
129.71 2 0.0480973
129.81 1 0.280449
129.81 2 0.0480973
129.91 1 0.280449
129.91 2 0.0480973
130.01 1 0.280449
130.01 2 0.0480973
130.11 1 0.280449
130.11 2 0.0480973
130.21 1 0.280449
130.21 2 0.0480973
130.31 1 0.280449
130.31 2 0.0480973
130.41 1 0.280449
130.41 2 0.0480973
130.51 1 0.280449
130.51 2 0.0480973
130.61 1 0.280449
130.61 2 0.0480973
130.71 1 0.280449
130.71 2 0.0480973
130.81 1 0.280449
130.81 2 0.0480973
130.91 1 0.280449
130.91 2 0.0480973
131.01 1 0.280449
131.01 2 0.0480973
131.11 1 0.280449
131.11 2 0.0480973
131.21 1 0.280449
131.21 2 0.0480973
131.31 1 0.280449
131.31 2 0.0480973
131.41 1 0.280449
131.41 2 0.0480973
131.51 1 0.280449
131.51 2 0.0480973
131.61 1 0.280449
131.61 2 0.0480973
131.71 1 0.280449
131.71 2 0.0480973
131.81 1 0.280449
131.81 2 0.0480973
131.91 1 0.280449
131.91 2 0.0480973
132.01 1 0.280449
132.01 2 0.0480973
132.11 1 0.280449
132.11 2 0.0480973
132.21 1 0.280449
132.21 2 0.0480973
132.31 1 0.280449
132.31 2 0.0480973
132.41 1 0.280449
132.41 2 0.0480973
132.51 1 0.280449
132.51 2 0.0480973
132.61 1 0.280449
132.61 2 0.0480973
132.71 1 0.280449
132.71 2 0.0480973
132.81 1 0.280449
132.81 2 0.0480973
132.91 1 0.280449
132.91 2 0.0480973
133.01 1 0.280449
133.01 2 0.0480973
133.11 1 0.280449
133.11 2 0.0480973
133.21 1 0.280449
133.21 2 0.0480973
133.31 1 0.280449
133.31 2 0.0480973
133.41 1 0.280449
133.41 2 0.0480973
133.51 1 0.280449
133.51 2 0.0480973
133.61 1 0.280449
133.61 2 0.0480973
133.71 1 0.280449
133.71 2 0.0480973
133.81 1 0.280449
133.81 2 0.0480973
133.91 1 0.280449
133.91 2 0.0480973
134.01 1 0.280449
134.01 2 0.0480973
134.11 1 0.280449
134.11 2 0.0480973
134.21 1 0.280449
134.21 2 0.0480973
134.31 1 0.280449
134.31 2 0.0480973
134.41 1 0.280449
134.41 2 0.0480973
134.51 1 0.280449
134.51 2 0.0480973
134.61 1 0.280449
134.61 2 0.0480973
134.71 1 0.280449
134.71 2 0.0480973
134.81 1 0.280449
134.81 2 0.0480973
134.91 1 0.280449
134.91 2 0.0480973
135.01 1 0.280449
135.01 2 0.0480973
135.11 1 0.280449
135.11 2 0.0480973
135.21 1 0.280449
135.21 2 0.0480973
135.31 1 0.280449
135.31 2 0.0480973
135.41 1 0.280449
135.41 2 0.0480973
135.51 1 0.280449
135.51 2 0.0480973
135.61 1 0.280449
135.61 2 0.0480973
135.71 1 0.280449
135.71 2 0.0480973
135.81 1 0.280449
135.81 2 0.0480973
135.91 1 0.280449
135.91 2 0.0480973
136.01 1 0.280449
136.01 2 0.0480973
136.11 1 0.280449
136.11 2 0.0480973
136.21 1 0.280449
136.21 2 0.0480973
136.31 1 0.280449
136.31 2 0.0480973
136.41 1 0.280449
136.41 2 0.0480973
136.51 1 0.280449
136.51 2 0.0480973
136.61 1 0.280449
136.61 2 0.0480973
136.71 1 0.280449
136.71 2 0.0480973
136.81 1 0.280449
136.81 2 0.0480973
136.91 1 0.280449
136.91 2 0.0480973
137.01 1 0.280449
137.01 2 0.0480973
137.11 1 0.280449
137.11 2 0.0480973
137.21 1 0.280449
137.21 2 0.0480973
137.31 1 0.280449
137.31 2 0.0480973
137.41 1 0.280449
137.41 2 0.0480973
137.51 1 0.280449
137.51 2 0.0480973
137.61 1 0.280449
137.61 2 0.0480973
137.71 1 0.280449
137.71 2 0.0480973
137.81 1 0.280449
137.81 2 0.0480973
137.91 1 0.280449
137.91 2 0.0480973
138.01 1 0.280449
138.01 2 0.0480973
138.11 1 0.280449
138.11 2 0.0480973
138.21 1 0.280449
138.21 2 0.0480973
138.31 1 0.280449
138.31 2 0.0480973
138.41 1 0.280449
138.41 2 0.0480973
138.51 1 0.280449
138.51 2 0.0480973
138.61 1 0.280449
138.61 2 0.0480973
138.71 1 0.280449
138.71 2 0.0480973
138.81 1 0.280449
138.81 2 0.0480973
138.91 1 0.280449
138.91 2 0.0480973
139.01 1 0.280449
139.01 2 0.0480973
139.11 1 0.280449
139.11 2 0.0480973
139.21 1 0.280449
139.21 2 0.0480973
139.31 1 0.280449
139.31 2 0.0480973
139.41 1 0.280449
139.41 2 0.0480973
139.51 1 0.280449
139.51 2 0.0480973
139.61 1 0.280449
139.61 2 0.0480973
139.71 1 0.280449
139.71 2 0.0480973
139.81 1 0.280449
139.81 2 0.0480973
139.91 1 0.280449
139.91 2 0.0480973
140.01 1 0.280449
140.01 2 0.0480973
140.11 1 0.280449
140.11 2 0.0480973
140.21 1 0.280449
140.21 2 0.0480973
140.31 1 0.280449
140.31 2 0.0480973
140.41 1 0.280449
140.41 2 0.0480973
140.51 1 0.280449
140.51 2 0.0480973
140.61 1 0.280449
140.61 2 0.0480973
140.71 1 0.280449
140.71 2 0.0480973
140.81 1 0.280449
140.81 2 0.0480973
140.91 1 0.280449
140.91 2 0.0480973
141.01 1 0.280449
141.01 2 0.0480973
141.11 1 0.280449
141.11 2 0.0480973
141.21 1 0.280449
141.21 2 0.0480973
141.31 1 0.280449
141.31 2 0.0480973
141.41 1 0.280449
141.41 2 0.0480973
141.51 1 0.280449
141.51 2 0.0480973
141.61 1 0.280449
141.61 2 0.0480973
141.71 1 0.280449
141.71 2 0.0480973
141.81 1 0.280449
141.81 2 0.0480973
141.91 1 0.280449
141.91 2 0.0480973
142.01 1 0.280449
142.01 2 0.0480973
142.11 1 0.280449
142.11 2 0.0480973
142.21 1 0.280449
142.21 2 0.0480973
142.31 1 0.280449
142.31 2 0.0480973
142.41 1 0.280449
142.41 2 0.0480973
142.51 1 0.280449
142.51 2 0.0480973
142.61 1 0.280449
142.61 2 0.0480973
142.71 1 0.280449
142.71 2 0.0480973
142.81 1 0.280449
142.81 2 0.0480973
142.91 1 0.280449
142.91 2 0.0480973
143.01 1 0.280449
143.01 2 0.0480973
143.11 1 0.280449
143.11 2 0.0480973
143.21 1 0.280449
143.21 2 0.0480973
143.31 1 0.280449
143.31 2 0.0480973
143.41 1 0.280449
143.41 2 0.0480973
143.51 1 0.280449
143.51 2 0.0480973
143.61 1 0.280449
143.61 2 0.0480973
143.71 1 0.280449
143.71 2 0.0480973
143.81 1 0.280449
143.81 2 0.0480973
143.91 1 0.280449
143.91 2 0.0480973
144.01 1 0.280449
144.01 2 0.0480973
144.11 1 0.280449
144.11 2 0.0480973
144.21 1 0.280449
144.21 2 0.0480973
144.31 1 0.280449
144.31 2 0.0480973
144.41 1 0.280449
144.41 2 0.0480973
144.51 1 0.280449
144.51 2 0.0480973
144.61 1 0.280449
144.61 2 0.0480973
144.71 1 0.280449
144.71 2 0.0480973
144.81 1 0.280449
144.81 2 0.0480973
144.91 1 0.280449
144.91 2 0.0480973
145.01 1 0.280449
145.01 2 0.0480973
145.11 1 0.280449
145.11 2 0.0480973
145.21 1 0.280449
145.21 2 0.0480973
145.31 1 0.280449
145.31 2 0.0480973
145.41 1 0.280449
145.41 2 0.0480973
145.51 1 0.280449
145.51 2 0.0480973
145.61 1 0.280449
145.61 2 0.0480973
145.71 1 0.280449
145.71 2 0.0480973
145.81 1 0.280449
145.81 2 0.0480973
145.91 1 0.280449
145.91 2 0.0480973
146.01 1 0.280449
146.01 2 0.0480973
146.11 1 0.280449
146.11 2 0.0480973
146.21 1 0.280449
146.21 2 0.0480973
146.31 1 0.280449
146.31 2 0.0480973
146.41 1 0.280449
146.41 2 0.0480973
146.51 1 0.280449
146.51 2 0.0480973
146.61 1 0.280449
146.61 2 0.0480973
146.71 1 0.280449
146.71 2 0.0480973
146.81 1 0.280449
146.81 2 0.0480973
146.91 1 0.280449
146.91 2 0.0480973
147.01 1 0.280449
147.01 2 0.0480973
147.11 1 0.280449
147.11 2 0.0480973
147.21 1 0.280449
147.21 2 0.0480973
147.31 1 0.280449
147.31 2 0.0480973
147.41 1 0.280449
147.41 2 0.0480973
147.51 1 0.280449
147.51 2 0.0480973
147.61 1 0.280449
147.61 2 0.0480973
147.71 1 0.280449
147.71 2 0.0480973
147.81 1 0.280449
147.81 2 0.0480973
147.91 1 0.280449
147.91 2 0.0480973
148.01 1 0.280449
148.01 2 0.0480973
148.11 1 0.280449
148.11 2 0.0480973
148.21 1 0.280449
148.21 2 0.0480973
148.31 1 0.280449
148.31 2 0.0480973
148.41 1 0.280449
148.41 2 0.0480973
148.51 1 0.280449
148.51 2 0.0480973
148.61 1 0.280449
148.61 2 0.0480973
148.71 1 0.280449
148.71 2 0.0480973
148.81 1 0.280449
148.81 2 0.0480973
148.91 1 0.280449
148.91 2 0.0480973
149.01 1 0.280449
149.01 2 0.0480973
149.11 1 0.280449
149.11 2 0.0480973
149.21 1 0.280449
149.21 2 0.0480973
149.31 1 0.280449
149.31 2 0.0480973
149.41 1 0.280449
149.41 2 0.0480973
149.51 1 0.280449
149.51 2 0.0480973
149.61 1 0.280449
149.61 2 0.0480973
149.71 1 0.280449
149.71 2 0.0480973
149.81 1 0.280449
149.81 2 0.0480973
149.91 1 0.280449
149.91 2 0.0480973
150.01 1 0.280449
150.01 2 0.0480973
150.11 1 0.280449
150.11 2 0.0480973
150.21 1 0.280449
150.21 2 0.0480973
150.31 1 0.280449
150.31 2 0.0480973
150.41 1 0.280449
150.41 2 0.0480973
150.51 1 0.280449
150.51 2 0.0480973
150.61 1 0.280449
150.61 2 0.0480973
150.71 1 0.280449
150.71 2 0.0480973
150.81 1 0.280449
150.81 2 0.0480973
150.91 1 0.280449
150.91 2 0.0480973
151.01 1 0.280449
151.01 2 0.0480973
151.11 1 0.280449
151.11 2 0.0480973
151.21 1 0.280449
151.21 2 0.0480973
151.31 1 0.280449
151.31 2 0.0480973
151.41 1 0.280449
151.41 2 0.0480973
151.51 1 0.280449
151.51 2 0.0480973
151.61 1 0.280449
151.61 2 0.0480973
151.71 1 0.280449
151.71 2 0.0480973
151.81 1 0.280449
151.81 2 0.0480973
151.91 1 0.280449
151.91 2 0.0480973
152.01 1 0.280449
152.01 2 0.0480973
152.11 1 0.280449
152.11 2 0.0480973
152.21 1 0.280449
152.21 2 0.0480973
152.31 1 0.280449
152.31 2 0.0480973
152.41 1 0.280449
152.41 2 0.0480973
152.51 1 0.280449
152.51 2 0.0480973
152.61 1 0.280449
152.61 2 0.0480973
152.71 1 0.280449
152.71 2 0.0480973
152.81 1 0.280449
152.81 2 0.0480973
152.91 1 0.280449
152.91 2 0.0480973
153.01 1 0.280449
153.01 2 0.0480973
153.11 1 0.280449
153.11 2 0.0480973
153.21 1 0.280449
153.21 2 0.0480973
153.31 1 0.280449
153.31 2 0.0480973
153.41 1 0.280449
153.41 2 0.0480973
153.51 1 0.280449
153.51 2 0.0480973
153.61 1 0.280449
153.61 2 0.0480973
153.71 1 0.280449
153.71 2 0.0480973
153.81 1 0.280449
153.81 2 0.0480973
153.91 1 0.280449
153.91 2 0.0480973
154.01 1 0.280449
154.01 2 0.0480973
154.11 1 0.280449
154.11 2 0.0480973
154.21 1 0.280449
154.21 2 0.0480973
154.31 1 0.280449
154.31 2 0.0480973
154.41 1 0.280449
154.41 2 0.0480973
154.51 1 0.280449
154.51 2 0.0480973
154.61 1 0.280449
154.61 2 0.0480973
154.71 1 0.280449
154.71 2 0.0480973
154.81 1 0.280449
154.81 2 0.0480973
154.91 1 0.280449
154.91 2 0.0480973
155.01 1 0.280449
155.01 2 0.0480973
155.11 1 0.280449
155.11 2 0.0480973
155.21 1 0.280449
155.21 2 0.0480973
155.31 1 0.280449
155.31 2 0.0480973
155.41 1 0.280449
155.41 2 0.0480973
155.51 1 0.280449
155.51 2 0.0480973
155.61 1 0.280449
155.61 2 0.0480973
155.71 1 0.280449
155.71 2 0.0480973
155.81 1 0.280449
155.81 2 0.0480973
155.91 1 0.280449
155.91 2 0.0480973
156.01 1 0.280449
156.01 2 0.0480973
156.11 1 0.280449
156.11 2 0.0480973
156.21 1 0.280449
156.21 2 0.0480973
156.31 1 0.280449
156.31 2 0.0480973
156.41 1 0.280449
156.41 2 0.0480973
156.51 1 0.280449
156.51 2 0.0480973
156.61 1 0.280449
156.61 2 0.0480973
156.71 1 0.280449
156.71 2 0.0480973
156.81 1 0.280449
156.81 2 0.0480973
156.91 1 0.280449
156.91 2 0.0480973
157.01 1 0.280449
157.01 2 0.0480973
157.11 1 0.280449
157.11 2 0.0480973
157.21 1 0.280449
157.21 2 0.0480973
157.31 1 0.280449
157.31 2 0.0480973
157.41 1 0.280449
157.41 2 0.0480973
157.51 1 0.280449
157.51 2 0.0480973
157.61 1 0.280449
157.61 2 0.0480973
157.71 1 0.280449
157.71 2 0.0480973
157.81 1 0.280449
157.81 2 0.0480973
157.91 1 0.280449
157.91 2 0.0480973
158.01 1 0.280449
158.01 2 0.0480973
158.11 1 0.280449
158.11 2 0.0480973
158.21 1 0.280449
158.21 2 0.0480973
158.31 1 0.280449
158.31 2 0.0480973
158.41 1 0.280449
158.41 2 0.0480973
158.51 1 0.280449
158.51 2 0.0480973
158.61 1 0.280449
158.61 2 0.0480973
158.71 1 0.280449
158.71 2 0.0480973
158.81 1 0.280449
158.81 2 0.0480973
158.91 1 0.280449
158.91 2 0.0480973
159.01 1 0.280449
159.01 2 0.0480973
159.11 1 0.280449
159.11 2 0.0480973
159.21 1 0.280449
159.21 2 0.0480973
159.31 1 0.280449
159.31 2 0.0480973
159.41 1 0.280449
159.41 2 0.0480973
159.51 1 0.280449
159.51 2 0.0480973
159.61 1 0.280449
159.61 2 0.0480973
159.71 1 0.280449
159.71 2 0.0480973
159.81 1 0.280449
159.81 2 0.0480973
159.91 1 0.280449
159.91 2 0.0480973
160.01 1 0.280449
160.01 2 0.0480973
160.11 1 0.280449
160.11 2 0.0480973
160.21 1 0.280449
160.21 2 0.0480973
160.31 1 0.280449
160.31 2 0.0480973
160.41 1 0.280449
160.41 2 0.0480973
160.51 1 0.280449
160.51 2 0.0480973
160.61 1 0.280449
160.61 2 0.0480973
160.71 1 0.280449
160.71 2 0.0480973
160.81 1 0.280449
160.81 2 0.0480973
160.91 1 0.280449
160.91 2 0.0480973
161.01 1 0.280449
161.01 2 0.0480973
161.11 1 0.280449
161.11 2 0.0480973
161.21 1 0.280449
161.21 2 0.0480973
161.31 1 0.280449
161.31 2 0.0480973
161.41 1 0.280449
161.41 2 0.0480973
161.51 1 0.280449
161.51 2 0.0480973
161.61 1 0.280449
161.61 2 0.0480973
161.71 1 0.280449
161.71 2 0.0480973
161.81 1 0.280449
161.81 2 0.0480973
161.91 1 0.280449
161.91 2 0.0480973
162.01 1 0.280449
162.01 2 0.0480973
162.11 1 0.280449
162.11 2 0.0480973
162.21 1 0.280449
162.21 2 0.0480973
162.31 1 0.280449
162.31 2 0.0480973
162.41 1 0.280449
162.41 2 0.0480973
162.51 1 0.280449
162.51 2 0.0480973
162.61 1 0.280449
162.61 2 0.0480973
162.71 1 0.280449
162.71 2 0.0480973
162.81 1 0.280449
162.81 2 0.0480973
162.91 1 0.280449
162.91 2 0.0480973
163.01 1 0.280449
163.01 2 0.0480973
163.11 1 0.280449
163.11 2 0.0480973
163.21 1 0.280449
163.21 2 0.0480973
163.31 1 0.280449
163.31 2 0.0480973
163.41 1 0.280449
163.41 2 0.0480973
163.51 1 0.280449
163.51 2 0.0480973
163.61 1 0.280449
163.61 2 0.0480973
163.71 1 0.280449
163.71 2 0.0480973
163.81 1 0.280449
163.81 2 0.0480973
163.91 1 0.280449
163.91 2 0.0480973
164.01 1 0.280449
164.01 2 0.0480973
164.11 1 0.280449
164.11 2 0.0480973
164.21 1 0.280449
164.21 2 0.0480973
164.31 1 0.280449
164.31 2 0.0480973
164.41 1 0.280449
164.41 2 0.0480973
164.51 1 0.280449
164.51 2 0.0480973
164.61 1 0.280449
164.61 2 0.0480973
164.71 1 0.280449
164.71 2 0.0480973
164.81 1 0.280449
164.81 2 0.0480973
164.91 1 0.280449
164.91 2 0.0480973
165.01 1 0.280449
165.01 2 0.0480973
165.11 1 0.280449
165.11 2 0.0480973
165.21 1 0.280449
165.21 2 0.0480973
165.31 1 0.280449
165.31 2 0.0480973
165.41 1 0.280449
165.41 2 0.0480973
165.51 1 0.280449
165.51 2 0.0480973
165.61 1 0.280449
165.61 2 0.0480973
165.71 1 0.280449
165.71 2 0.0480973
165.81 1 0.280449
165.81 2 0.0480973
165.91 1 0.280449
165.91 2 0.0480973
166.01 1 0.280449
166.01 2 0.0480973
166.11 1 0.280449
166.11 2 0.0480973
166.21 1 0.280449
166.21 2 0.0480973
166.31 1 0.280449
166.31 2 0.0480973
166.41 1 0.280449
166.41 2 0.0480973
166.51 1 0.280449
166.51 2 0.0480973
166.61 1 0.280449
166.61 2 0.0480973
166.71 1 0.280449
166.71 2 0.0480973
166.81 1 0.280449
166.81 2 0.0480973
166.91 1 0.280449
166.91 2 0.0480973
167.01 1 0.280449
167.01 2 0.0480973
167.11 1 0.280449
167.11 2 0.0480973
167.21 1 0.280449
167.21 2 0.0480973
167.31 1 0.280449
167.31 2 0.0480973
167.41 1 0.280449
167.41 2 0.0480973
167.51 1 0.280449
167.51 2 0.0480973
167.61 1 0.280449
167.61 2 0.0480973
167.71 1 0.280449
167.71 2 0.0480973
167.81 1 0.280449
167.81 2 0.0480973
167.91 1 0.280449
167.91 2 0.0480973
168.01 1 0.280449
168.01 2 0.0480973
168.11 1 0.280449
168.11 2 0.0480973
168.21 1 0.280449
168.21 2 0.0480973
168.31 1 0.280449
168.31 2 0.0480973
168.41 1 0.280449
168.41 2 0.0480973
168.51 1 0.280449
168.51 2 0.0480973
168.61 1 0.280449
168.61 2 0.0480973
168.71 1 0.280449
168.71 2 0.0480973
168.81 1 0.280449
168.81 2 0.0480973
168.91 1 0.280449
168.91 2 0.0480973
169.01 1 0.280449
169.01 2 0.0480973
169.11 1 0.280449
169.11 2 0.0480973
169.21 1 0.280449
169.21 2 0.0480973
169.31 1 0.280449
169.31 2 0.0480973
169.41 1 0.280449
169.41 2 0.0480973
169.51 1 0.280449
169.51 2 0.0480973
169.61 1 0.280449
169.61 2 0.0480973
169.71 1 0.280449
169.71 2 0.0480973
169.81 1 0.280449
169.81 2 0.0480973
169.91 1 0.280449
169.91 2 0.0480973
170.01 1 0.280449
170.01 2 0.0480973
170.11 1 0.280449
170.11 2 0.0480973
170.21 1 0.280449
170.21 2 0.0480973
170.31 1 0.280449
170.31 2 0.0480973
170.41 1 0.280449
170.41 2 0.0480973
170.51 1 0.280449
170.51 2 0.0480973
170.61 1 0.280449
170.61 2 0.0480973
170.71 1 0.280449
170.71 2 0.0480973
170.81 1 0.280449
170.81 2 0.0480973
170.91 1 0.280449
170.91 2 0.0480973
171.01 1 0.280449
171.01 2 0.0480973
171.11 1 0.280449
171.11 2 0.0480973
171.21 1 0.280449
171.21 2 0.0480973
171.31 1 0.280449
171.31 2 0.0480973
171.41 1 0.280449
171.41 2 0.0480973
171.51 1 0.280449
171.51 2 0.0480973
171.61 1 0.280449
171.61 2 0.0480973
171.71 1 0.280449
171.71 2 0.0480973
171.81 1 0.280449
171.81 2 0.0480973
171.91 1 0.280449
171.91 2 0.0480973
172.01 1 0.280449
172.01 2 0.0480973
172.11 1 0.280449
172.11 2 0.0480973
172.21 1 0.280449
172.21 2 0.0480973
172.31 1 0.280449
172.31 2 0.0480973
172.41 1 0.280449
172.41 2 0.0480973
172.51 1 0.280449
172.51 2 0.0480973
172.61 1 0.280449
172.61 2 0.0480973
172.71 1 0.280449
172.71 2 0.0480973
172.81 1 0.280449
172.81 2 0.0480973
172.91 1 0.280449
172.91 2 0.0480973
173.01 1 0.280449
173.01 2 0.0480973
173.11 1 0.280449
173.11 2 0.0480973
173.21 1 0.280449
173.21 2 0.0480973
173.31 1 0.280449
173.31 2 0.0480973
173.41 1 0.280449
173.41 2 0.0480973
173.51 1 0.280449
173.51 2 0.0480973
173.61 1 0.280449
173.61 2 0.0480973
173.71 1 0.280449
173.71 2 0.0480973
173.81 1 0.280449
173.81 2 0.0480973
173.91 1 0.280449
173.91 2 0.0480973
174.01 1 0.280449
174.01 2 0.0480973
174.11 1 0.280449
174.11 2 0.0480973
174.21 1 0.280449
174.21 2 0.0480973
174.31 1 0.280449
174.31 2 0.0480973
174.41 1 0.280449
174.41 2 0.0480973
174.51 1 0.280449
174.51 2 0.0480973
174.61 1 0.280449
174.61 2 0.0480973
174.71 1 0.280449
174.71 2 0.0480973
174.81 1 0.280449
174.81 2 0.0480973
174.91 1 0.280449
174.91 2 0.0480973
175.01 1 0.280449
175.01 2 0.0480973
175.11 1 0.280449
175.11 2 0.0480973
175.21 1 0.280449
175.21 2 0.0480973
175.31 1 0.280449
175.31 2 0.0480973
175.41 1 0.280449
175.41 2 0.0480973
175.51 1 0.280449
175.51 2 0.0480973
175.61 1 0.280449
175.61 2 0.0480973
175.71 1 0.280449
175.71 2 0.0480973
175.81 1 0.280449
175.81 2 0.0480973
175.91 1 0.280449
175.91 2 0.0480973
176.01 1 0.280449
176.01 2 0.0480973
176.11 1 0.280449
176.11 2 0.0480973
176.21 1 0.280449
176.21 2 0.0480973
176.31 1 0.280449
176.31 2 0.0480973
176.41 1 0.280449
176.41 2 0.0480973
176.51 1 0.280449
176.51 2 0.0480973
176.61 1 0.280449
176.61 2 0.0480973
176.71 1 0.280449
176.71 2 0.0480973
176.81 1 0.280449
176.81 2 0.0480973
176.91 1 0.280449
176.91 2 0.0480973
177.01 1 0.280449
177.01 2 0.0480973
177.11 1 0.280449
177.11 2 0.0480973
177.21 1 0.280449
177.21 2 0.0480973
177.31 1 0.280449
177.31 2 0.0480973
177.41 1 0.280449
177.41 2 0.0480973
177.51 1 0.280449
177.51 2 0.0480973
177.61 1 0.280449
177.61 2 0.0480973
177.71 1 0.280449
177.71 2 0.0480973
177.81 1 0.280449
177.81 2 0.0480973
177.91 1 0.280449
177.91 2 0.0480973
178.01 1 0.280449
178.01 2 0.0480973
178.11 1 0.280449
178.11 2 0.0480973
178.21 1 0.280449
178.21 2 0.0480973
178.31 1 0.280449
178.31 2 0.0480973
178.41 1 0.280449
178.41 2 0.0480973
178.51 1 0.280449
178.51 2 0.0480973
178.61 1 0.280449
178.61 2 0.0480973
178.71 1 0.280449
178.71 2 0.0480973
178.81 1 0.280449
178.81 2 0.0480973
178.91 1 0.280449
178.91 2 0.0480973
179.01 1 0.280449
179.01 2 0.0480973
179.11 1 0.280449
179.11 2 0.0480973
179.21 1 0.280449
179.21 2 0.0480973
179.31 1 0.280449
179.31 2 0.0480973
179.41 1 0.280449
179.41 2 0.0480973
179.51 1 0.280449
179.51 2 0.0480973
179.61 1 0.280449
179.61 2 0.0480973
179.71 1 0.280449
179.71 2 0.0480973
179.81 1 0.280449
179.81 2 0.0480973
179.91 1 0.280449
179.91 2 0.0480973
180.01 1 0.280449
180.01 2 0.0480973
180.11 1 0.280449
180.11 2 0.0480973
180.21 1 0.280449
180.21 2 0.0480973
180.31 1 0.280449
180.31 2 0.0480973
180.41 1 0.280449
180.41 2 0.0480973
180.51 1 0.280449
180.51 2 0.0480973
180.61 1 0.280449
180.61 2 0.0480973
180.71 1 0.280449
180.71 2 0.0480973
180.81 1 0.280449
180.81 2 0.0480973
180.91 1 0.280449
180.91 2 0.0480973
181.01 1 0.280449
181.01 2 0.0480973
181.11 1 0.280449
181.11 2 0.0480973
181.21 1 0.280449
181.21 2 0.0480973
181.31 1 0.280449
181.31 2 0.0480973
181.41 1 0.280449
181.41 2 0.0480973
181.51 1 0.280449
181.51 2 0.0480973
181.61 1 0.280449
181.61 2 0.0480973
181.71 1 0.280449
181.71 2 0.0480973
181.81 1 0.280449
181.81 2 0.0480973
181.91 1 0.280449
181.91 2 0.0480973
182.01 1 0.280449
182.01 2 0.0480973
182.11 1 0.280449
182.11 2 0.0480973
182.21 1 0.280449
182.21 2 0.0480973
182.31 1 0.280449
182.31 2 0.0480973
182.41 1 0.280449
182.41 2 0.0480973
182.51 1 0.280449
182.51 2 0.0480973
182.61 1 0.280449
182.61 2 0.0480973
182.71 1 0.280449
182.71 2 0.0480973
182.81 1 0.280449
182.81 2 0.0480973
182.91 1 0.280449
182.91 2 0.0480973
183.01 1 0.280449
183.01 2 0.0480973
183.11 1 0.280449
183.11 2 0.0480973
183.21 1 0.280449
183.21 2 0.0480973
183.31 1 0.280449
183.31 2 0.0480973
183.41 1 0.280449
183.41 2 0.0480973
183.51 1 0.280449
183.51 2 0.0480973
183.61 1 0.280449
183.61 2 0.0480973
183.71 1 0.280449
183.71 2 0.0480973
183.81 1 0.280449
183.81 2 0.0480973
183.91 1 0.280449
183.91 2 0.0480973
184.01 1 0.280449
184.01 2 0.0480973
184.11 1 0.280449
184.11 2 0.0480973
184.21 1 0.280449
184.21 2 0.0480973
184.31 1 0.280449
184.31 2 0.0480973
184.41 1 0.280449
184.41 2 0.0480973
184.51 1 0.280449
184.51 2 0.0480973
184.61 1 0.280449
184.61 2 0.0480973
184.71 1 0.280449
184.71 2 0.0480973
184.81 1 0.280449
184.81 2 0.0480973
184.91 1 0.280449
184.91 2 0.0480973
185.01 1 0.280449
185.01 2 0.0480973
185.11 1 0.280449
185.11 2 0.0480973
185.21 1 0.280449
185.21 2 0.0480973
185.31 1 0.280449
185.31 2 0.0480973
185.41 1 0.280449
185.41 2 0.0480973
185.51 1 0.280449
185.51 2 0.0480973
185.61 1 0.280449
185.61 2 0.0480973
185.71 1 0.280449
185.71 2 0.0480973
185.81 1 0.280449
185.81 2 0.0480973
185.91 1 0.280449
185.91 2 0.0480973
186.01 1 0.280449
186.01 2 0.0480973
186.11 1 0.280449
186.11 2 0.0480973
186.21 1 0.280449
186.21 2 0.0480973
186.31 1 0.280449
186.31 2 0.0480973
186.41 1 0.280449
186.41 2 0.0480973
186.51 1 0.280449
186.51 2 0.0480973
186.61 1 0.280449
186.61 2 0.0480973
186.71 1 0.280449
186.71 2 0.0480973
186.81 1 0.280449
186.81 2 0.0480973
186.91 1 0.280449
186.91 2 0.0480973
187.01 1 0.280449
187.01 2 0.0480973
187.11 1 0.280449
187.11 2 0.0480973
187.21 1 0.280449
187.21 2 0.0480973
187.31 1 0.280449
187.31 2 0.0480973
187.41 1 0.280449
187.41 2 0.0480973
187.51 1 0.280449
187.51 2 0.0480973
187.61 1 0.280449
187.61 2 0.0480973
187.71 1 0.280449
187.71 2 0.0480973
187.81 1 0.280449
187.81 2 0.0480973
187.91 1 0.280449
187.91 2 0.0480973
188.01 1 0.280449
188.01 2 0.0480973
188.11 1 0.280449
188.11 2 0.0480973
188.21 1 0.280449
188.21 2 0.0480973
188.31 1 0.280449
188.31 2 0.0480973
188.41 1 0.280449
188.41 2 0.0480973
188.51 1 0.280449
188.51 2 0.0480973
188.61 1 0.280449
188.61 2 0.0480973
188.71 1 0.280449
188.71 2 0.0480973
188.81 1 0.280449
188.81 2 0.0480973
188.91 1 0.280449
188.91 2 0.0480973
189.01 1 0.280449
189.01 2 0.0480973
189.11 1 0.280449
189.11 2 0.0480973
189.21 1 0.280449
189.21 2 0.0480973
189.31 1 0.280449
189.31 2 0.0480973
189.41 1 0.280449
189.41 2 0.0480973
189.51 1 0.280449
189.51 2 0.0480973
189.61 1 0.280449
189.61 2 0.0480973
189.71 1 0.280449
189.71 2 0.0480973
189.81 1 0.280449
189.81 2 0.0480973
189.91 1 0.280449
189.91 2 0.0480973
190.01 1 0.280449
190.01 2 0.0480973
190.11 1 0.280449
190.11 2 0.0480973
190.21 1 0.280449
190.21 2 0.0480973
190.31 1 0.280449
190.31 2 0.0480973
190.41 1 0.280449
190.41 2 0.0480973
190.51 1 0.280449
190.51 2 0.0480973
190.61 1 0.280449
190.61 2 0.0480973
190.71 1 0.280449
190.71 2 0.0480973
190.81 1 0.280449
190.81 2 0.0480973
190.91 1 0.280449
190.91 2 0.0480973
191.01 1 0.280449
191.01 2 0.0480973
191.11 1 0.280449
191.11 2 0.0480973
191.21 1 0.280449
191.21 2 0.0480973
191.31 1 0.280449
191.31 2 0.0480973
191.41 1 0.280449
191.41 2 0.0480973
191.51 1 0.280449
191.51 2 0.0480973
191.61 1 0.280449
191.61 2 0.0480973
191.71 1 0.280449
191.71 2 0.0480973
191.81 1 0.280449
191.81 2 0.0480973
191.91 1 0.280449
191.91 2 0.0480973
192.01 1 0.280449
192.01 2 0.0480973
192.11 1 0.280449
192.11 2 0.0480973
192.21 1 0.280449
192.21 2 0.0480973
192.31 1 0.280449
192.31 2 0.0480973
192.41 1 0.280449
192.41 2 0.0480973
192.51 1 0.280449
192.51 2 0.0480973
192.61 1 0.280449
192.61 2 0.0480973
192.71 1 0.280449
192.71 2 0.0480973
192.81 1 0.280449
192.81 2 0.0480973
192.91 1 0.280449
192.91 2 0.0480973
193.01 1 0.280449
193.01 2 0.0480973
193.11 1 0.280449
193.11 2 0.0480973
193.21 1 0.280449
193.21 2 0.0480973
193.31 1 0.280449
193.31 2 0.0480973
193.41 1 0.280449
193.41 2 0.0480973
193.51 1 0.280449
193.51 2 0.0480973
193.61 1 0.280449
193.61 2 0.0480973
193.71 1 0.280449
193.71 2 0.0480973
193.81 1 0.280449
193.81 2 0.0480973
193.91 1 0.280449
193.91 2 0.0480973
194.01 1 0.280449
194.01 2 0.0480973
194.11 1 0.280449
194.11 2 0.0480973
194.21 1 0.280449
194.21 2 0.0480973
194.31 1 0.280449
194.31 2 0.0480973
194.41 1 0.280449
194.41 2 0.0480973
194.51 1 0.280449
194.51 2 0.0480973
194.61 1 0.280449
194.61 2 0.0480973
194.71 1 0.280449
194.71 2 0.0480973
194.81 1 0.280449
194.81 2 0.0480973
194.91 1 0.280449
194.91 2 0.0480973
195.01 1 0.280449
195.01 2 0.0480973
195.11 1 0.280449
195.11 2 0.0480973
195.21 1 0.280449
195.21 2 0.0480973
195.31 1 0.280449
195.31 2 0.0480973
195.41 1 0.280449
195.41 2 0.0480973
195.51 1 0.280449
195.51 2 0.0480973
195.61 1 0.280449
195.61 2 0.0480973
195.71 1 0.280449
195.71 2 0.0480973
195.81 1 0.280449
195.81 2 0.0480973
195.91 1 0.280449
195.91 2 0.0480973
196.01 1 0.280449
196.01 2 0.0480973
196.11 1 0.280449
196.11 2 0.0480973
196.21 1 0.280449
196.21 2 0.0480973
196.31 1 0.280449
196.31 2 0.0480973
196.41 1 0.280449
196.41 2 0.0480973
196.51 1 0.280449
196.51 2 0.0480973
196.61 1 0.280449
196.61 2 0.0480973
196.71 1 0.280449
196.71 2 0.0480973
196.81 1 0.280449
196.81 2 0.0480973
196.91 1 0.280449
196.91 2 0.0480973
197.01 1 0.280449
197.01 2 0.0480973
197.11 1 0.280449
197.11 2 0.0480973
197.21 1 0.280449
197.21 2 0.0480973
197.31 1 0.280449
197.31 2 0.0480973
197.41 1 0.280449
197.41 2 0.0480973
197.51 1 0.280449
197.51 2 0.0480973
197.61 1 0.280449
197.61 2 0.0480973
197.71 1 0.280449
197.71 2 0.0480973
197.81 1 0.280449
197.81 2 0.0480973
197.91 1 0.280449
197.91 2 0.0480973
198.01 1 0.280449
198.01 2 0.0480973
198.11 1 0.280449
198.11 2 0.0480973
198.21 1 0.280449
198.21 2 0.0480973
198.31 1 0.280449
198.31 2 0.0480973
198.41 1 0.280449
198.41 2 0.0480973
198.51 1 0.280449
198.51 2 0.0480973
198.61 1 0.280449
198.61 2 0.0480973
198.71 1 0.280449
198.71 2 0.0480973
198.81 1 0.280449
198.81 2 0.0480973
198.91 1 0.280449
198.91 2 0.0480973
199.01 1 0.280449
199.01 2 0.0480973
199.11 1 0.280449
199.11 2 0.0480973
199.21 1 0.280449
199.21 2 0.0480973
199.31 1 0.280449
199.31 2 0.0480973
199.41 1 0.280449
199.41 2 0.0480973
199.51 1 0.280449
199.51 2 0.0480973
199.61 1 0.280449
199.61 2 0.0480973
199.71 1 0.280449
199.71 2 0.0480973
199.81 1 0.280449
199.81 2 0.0480973
199.91 1 0.280449
199.91 2 0.0480973
200.01 1 0.280449
200.01 2 0.0480973
200.11 1 0.280449
200.11 2 0.0480973
200.21 1 0.280449
200.21 2 0.0480973
200.31 1 0.280449
200.31 2 0.0480973
200.41 1 0.280449
200.41 2 0.0480973
200.51 1 0.280449
200.51 2 0.0480973
200.61 1 0.280449
200.61 2 0.0480973
200.71 1 0.280449
200.71 2 0.0480973
200.81 1 0.280449
200.81 2 0.0480973
200.91 1 0.280449
200.91 2 0.0480973
