0.0 0
0.114232 0.104
0.219839 0.104125
0.227025 0.104859
0.234222 0.105377
0.24142 0.10583
0.248617 0.106226
0.325435 0.115323
0.332632 0.114532
0.339829 0.113841
0.347027 0.113361
0.354224 0.112816
0.361421 0.112339
0.368618 0.111921
0.375815 0.111556
0.383013 0.111362
0.431031 0.116191
0.438228 0.115293
0.445425 0.114506
0.452622 0.113818
0.45982 0.113216
0.467017 0.112814
0.474214 0.112337
0.481411 0.11192
0.488609 0.111555
0.536627 0.11636
0.543824 0.11544
0.551021 0.11476
0.558218 0.11404
0.565416 0.11341
0.572613 0.112859
0.587007 0.112502
0.594205 0.112064
0.642223 0.116806
0.64942 0.11583
0.656617 0.114976
0.667429 0.114729
0.882236 0.125513
0.889433 0.123449
0.89663 0.121643
0.903827 0.120063
0.911025 0.118805
0.918222 0.117579
0.925419 0.116507
0.932616 0.115568
0.939814 0.114747
0.987832 0.119154
0.995029 0.11801
1.00223 0.116883
1.00942 0.115898
1.01662 0.115036
1.02382 0.114281
1.03102 0.113746
1.03821 0.113153
1.04541 0.112634
1.09343 0.117305
1.10062 0.116266
1.10782 0.115358
1.11502 0.114688
1.12222 0.113977
1.12941 0.113355
1.13661 0.112811
1.14381 0.112334
1.15101 0.112043
1.19902 0.116787
1.20622 0.115814
1.21342 0.114962
1.22062 0.114217
1.22781 0.113565
1.23501 0.113119
1.24221 0.112604
1.2494 0.112154
1.2566 0.11176
1.30462 0.11654
1.31182 0.115597
1.31901 0.114897
1.32621 0.11416
1.3335 0.113515
1.34061 0.112951
1.3478 0.112457
1.355 0.11215
1.3622 0.111756
1.41022 0.116537
1.41741 0.115595
1.42461 0.11477
1.43181 0.114049
1.43909 0.113543
1.44629 0.112975
1.45349 0.112478
1.46068 0.112043
1.46788 0.111663
1.51581 0.116455
1.52301 0.115648
1.53021 0.114817
1.5374 0.11409
1.54469 0.113454
1.55189 0.112897
1.55908 0.112535
1.56628 0.112093
1.57348 0.111706
1.62141 0.116493
1.6286 0.115556
1.6358 0.114737
1.643 0.11402
1.65028 0.113392
1.65748 0.112843
1.66468 0.112363
1.67188 0.111943
1.67907 0.1117
1.727 0.116487
1.7342 0.115551
1.7414 0.114732
1.7486 0.114016
1.75588 0.113389
1.76308 0.112965
1.77027 0.11247
1.77747 0.112036
1.78467 0.111656
1.8326 0.116449
1.8398 0.115518
1.84708 0.114828
1.85419 0.114225
1.86148 0.113572
1.86867 0.113
1.87587 0.1125
1.89027 0.112063
1.9382 0.116805
1.94539 0.115829
1.95268 0.114976
1.95988 0.114229
1.96707 0.1137
1.97427 0.113113
1.98147 0.112598
1.99586 0.113024
2.00306 0.112646
2.04379 0.116315
2.05099 0.115401
2.05827 0.114726
2.06547 0.11401
2.07267 0.113384
2.07987 0.112836
2.08706 0.112481
2.10146 0.112921
2.10865 0.112431
2.14939 0.116252
2.15658 0.115346
2.16387 0.114552
2.17107 0.113983
2.17826 0.11336
2.18546 0.112815
2.19266 0.112338
2.20705 0.112921
2.21425 0.112431
2.25498 0.116127
2.26218 0.115361
2.26947 0.114566
2.27666 0.11387
2.28386 0.113262
2.29106 0.112854
2.29825 0.112372
2.31265 0.112826
2.31985 0.112347
2.36058 0.116179
2.36778 0.115282
2.37506 0.114621
2.38226 0.113919
2.38946 0.113304
2.39665 0.112766
2.40385 0.112295
2.41825 0.112883
2.42544 0.112398
2.46618 0.116223
2.47337 0.11532
2.48066 0.11453
2.48786 0.113839
2.49505 0.113359
2.50225 0.112814
2.50945 0.112337
2.52384 0.112795
2.53104 0.112446
2.57177 0.11614
2.57897 0.115248
2.58625 0.114592
2.59345 0.113893
2.60065 0.113281
2.60785 0.112746
2.61504 0.112403
2.62944 0.112852
2.63663 0.112371
2.67737 0.116199
2.68456 0.1153
2.69185 0.114512
2.69905 0.113948
2.70624 0.11333
2.71344 0.112788
2.72064 0.112315
2.73503 0.1129
2.74223 0.112413
2.78296 0.116111
2.79016 0.115347
2.79745 0.114554
2.81184 0.11386
2.81904 0.113377
2.82623 0.11283
2.84063 0.113226
2.84783 0.112698
2.88856 0.116486
2.89576 0.11555
2.90304 0.114856
2.91744 0.114999
2.92463 0.114249
2.93183 0.113593
2.93903 0.113144
2.94623 0.112626
2.95342 0.112173
2.99416 0.116026
3.00135 0.115148
3.00864 0.114379
3.02303 0.114707
3.03023 0.113994
3.03743 0.113369
3.04462 0.112823
3.05182 0.112345
3.05902 0.112052
3.09975 0.115796
3.10695 0.114946
3.11423 0.114328
3.12863 0.114537
3.13583 0.113845
3.14302 0.113364
3.15022 0.112819
3.15742 0.112341
3.16461 0.111924
3.20535 0.115808
3.21254 0.114957
3.21983 0.114213
3.23422 0.114561
3.24142 0.113866
3.24862 0.113258
3.25582 0.112725
3.26301 0.112385
3.27021 0.111962
3.31094 0.115716
3.31814 0.115002
3.32543 0.114252
3.33982 0.11447
3.34702 0.113911
3.3543 0.113297
3.36141 0.11276
3.36861 0.11229
3.37581 0.111879
3.41654 0.115769
3.42374 0.114923
3.43102 0.114308
3.44542 0.114519
3.45261 0.113829
3.4599 0.113226
3.4671 0.112822
3.47429 0.112345
3.48149 0.111927
3.52214 0.115811
3.52933 0.114959
3.53662 0.114214
3.55101 0.114563
3.55821 0.113867
3.56549 0.113259
3.57269 0.112727
3.57989 0.112261
3.58709 0.111978
3.62773 0.115731
3.63493 0.11489
3.64221 0.114278
3.65661 0.114494
3.66381 0.113807
3.67109 0.113331
3.67829 0.11279
3.68549 0.112316
3.69268 0.111901
3.73333 0.115789
3.74052 0.11494
3.74781 0.114198
3.7622 0.114548
3.7694 0.113854
3.77669 0.113248
3.78388 0.112717
3.79108 0.112377
3.79828 0.111955
3.83892 0.115711
3.84612 0.114997
3.85341 0.114247
3.8678 0.114466
3.875 0.113783
3.88228 0.113185
3.88948 0.112662
3.89668 0.112204
3.90387 0.111804
3.94452 0.115703
3.95172 0.114865
3.959 0.114257
3.9734 0.114475
3.98059 0.113791
3.98788 0.113192
3.99508 0.112793
4.00227 0.112319
4.00947 0.111904
4.05012 0.115791
4.05731 0.114942
4.0646 0.114199
4.07899 0.114424
4.08619 0.113871
4.09347 0.113262
4.10067 0.11273
4.10787 0.112263
4.11507 0.11198
4.15571 0.115733
4.16291 0.114891
4.17019 0.11428
4.19179 0.11362
4.19907 0.113167
4.20627 0.112646
4.21347 0.112191
4.22066 0.111792
4.26131 0.115693
4.2685 0.114856
4.27579 0.114124
4.29738 0.115359
4.30458 0.114564
4.31178 0.113868
4.31897 0.11326
4.32617 0.112852
4.33337 0.112371
4.3669 0.115199
4.37419 0.11455
4.38139 0.113856
4.40298 0.114999
4.41017 0.114374
4.41737 0.113702
4.42457 0.113114
4.43177 0.1126
4.43896 0.11215
4.4725 0.115131
4.47978 0.114365
4.48698 0.113694
4.50857 0.114983
4.51577 0.114235
4.52297 0.11358
4.53017 0.113133
4.53736 0.112616
4.54456 0.112164
4.5781 0.115144
4.58538 0.114376
4.59258 0.113704
4.61778 0.115366
4.83259 0.125945
4.83979 0.123827
4.84699 0.121974
4.85418 0.120477
4.86138 0.119042
4.86858 0.117787
4.87577 0.116689
4.88297 0.115728
4.89017 0.115012
4.93819 0.119385
4.94538 0.118087
4.95258 0.116951
4.95987 0.115957
4.96698 0.115088
4.97417 0.114452
4.98137 0.11377
4.98857 0.113174
5.04378 0.117777
5.05098 0.11668
5.05818 0.115845
5.06546 0.114989
5.07266 0.114241
5.07986 0.113586
5.08705 0.113137
5.09425 0.11262
5.14938 0.118168
5.15658 0.117022
5.16377 0.116019
5.17097 0.115142
5.17817 0.114499
5.18536 0.113812
5.19256 0.11321
5.19976 0.112684
5.20696 0.112223
5.25497 0.116945
5.26217 0.116077
5.26937 0.115193
5.27657 0.114419
5.28376 0.113741
5.29096 0.113149
5.29816 0.112755
5.30536 0.112286
5.31255 0.111875
5.36057 0.116641
5.37497 0.115685
5.38216 0.114975
5.38936 0.114228
5.39656 0.113574
5.40375 0.113003
5.41815 0.112627
5.46617 0.117299
5.48056 0.117137
5.48785 0.116119
5.49496 0.11523
5.50215 0.114576
5.50935 0.113879
5.51655 0.113269
5.52374 0.112735
5.53094 0.112268
5.57176 0.11611
5.58616 0.116221
5.59344 0.115319
5.60064 0.114529
5.60784 0.113838
5.61503 0.113358
5.62223 0.112813
5.62943 0.112337
5.64024 0.112419
5.89938 0.111992
5.90658 0.111618
5.91377 0.111291
6.14659 0.111004
6.15379 0.110754
6.16098 0.110535
6.16827 0.110468
6.17538 0.110284
6.18257 0.110124
6.18977 0.109983
6.24859 0.10986
6.25578 0.109753
6.26298 0.109659
6.27018 0.109701
6.27738 0.109614
6.28457 0.109537
6.29177 0.10947
6.29897 0.109411
6.30616 0.109485
6.31336 0.109424
6.35778 0.109371
6.36498 0.109325
6.37218 0.109409
6.37937 0.109358
6.38657 0.109313
6.39377 0.109274
6.40096 0.10924
6.40816 0.109335
6.41536 0.109293
6.42256 0.109256
6.46698 0.109224
6.47417 0.109321
6.48137 0.109281
6.48857 0.109246
6.49576 0.109215
6.50296 0.109188
6.51016 0.10929
6.51736 0.109254
6.52455 0.109222
6.53175 0.109194
6.57617 0.109295
6.58337 0.109258
6.80179 0.120601
6.80899 0.119151
6.8198 0.118382
6.96138 0.119459
7.0418 0.118152
7.049 0.117008
7.0562 0.116007
7.06339 0.115131
7.07059 0.114365
7.07779 0.113694
7.08498 0.113107
7.30341 0.124094
7.3106 0.122207
7.3178 0.120556
7.325 0.119112
7.3322 0.117848
7.33939 0.116742
7.34659 0.115774
7.35379 0.114927
7.36098 0.114186
7.36818 0.113663
7.37538 0.11308
7.4126 0.11257
7.4198 0.112124
7.43419 0.111858
7.44139 0.111501
7.44859 0.111188
7.45578 0.110915
7.46298 0.110676
7.47018 0.110591
7.47738 0.110392
7.48457 0.110218
7.5218 0.110066
7.52899 0.109933
7.54339 0.109816
7.55058 0.109714
7.55778 0.109625
7.56498 0.109547
7.57218 0.109603
7.57937 0.109528
7.58657 0.109462
7.59377 0.109404
7.60096 0.109354
7.63099 0.109309
7.63819 0.109396
7.65258 0.109346
7.65978 0.109303
7.66698 0.109265
7.67417 0.109357
7.68137 0.109312
7.68857 0.109273
7.69577 0.109239
7.70296 0.109209
7.71016 0.109308
7.74018 0.109395
7.74738 0.109345
7.76178 0.109302
7.76897 0.109264
7.77617 0.109356
7.78337 0.109312
7.79057 0.109273
7.79776 0.109239
7.80496 0.109209
7.81216 0.109308
7.81935 0.109269
7.84938 0.109236
7.85658 0.109206
7.87097 0.10918
7.87817 0.109283
7.88537 0.109247
7.89256 0.109217
7.89976 0.109189
7.90696 0.109166
7.91415 0.10927
7.92135 0.109236
7.92855 0.109207
7.95857 0.109181
7.96577 0.109158
7.98017 0.109264
7.98736 0.109231
7.99456 0.109202
8.00176 0.109177
8.00895 0.109154
8.01615 0.10926
8.02335 0.109228
8.03055 0.109199
8.03774 0.109174
8.06777 0.109152
8.07497 0.109133
8.08936 0.109117
8.09656 0.109102
8.10375 0.109089
8.11095 0.109078
8.11815 0.109193
8.12535 0.109169
8.13254 0.109148
8.13974 0.10913
8.14694 0.109113
8.17696 0.109099
8.18416 0.109212
8.19855 0.109185
8.20575 0.109162
8.21295 0.109142
8.22015 0.109249
8.22734 0.109218
8.23454 0.109191
8.24174 0.109167
8.24894 0.109146
8.25613 0.109253
8.28616 0.109346
8.29335 0.109303
8.30775 0.109265
8.31495 0.109232
8.32214 0.109328
8.32934 0.109287
8.33654 0.109251
8.34374 0.10922
8.35093 0.109192
8.35813 0.109293
8.36533 0.109257
8.39535 0.109224
8.40255 0.109196
8.41694 0.109172
8.42414 0.109275
8.43134 0.109241
8.43854 0.109211
8.44573 0.109184
8.45293 0.109161
8.46013 0.109266
8.46732 0.109233
8.47452 0.109204
8.50455 0.109178
8.51174 0.109156
8.52614 0.109262
8.53334 0.109229
8.54053 0.1092
8.54773 0.109175
8.55493 0.109153
8.56212 0.109259
8.56932 0.109227
8.57652 0.109198
8.58372 0.109174
8.61374 0.109152
8.62094 0.109133
8.63533 0.109116
8.64253 0.109102
8.65692 0.109089
8.66412 0.109203
8.67132 0.109178
8.67852 0.109155
8.68571 0.109136
8.69291 0.109119
8.72294 0.109104
8.73013 0.109216
8.74453 0.109189
8.75173 0.109165
8.76612 0.10927
8.77332 0.109236
8.78051 0.109207
8.78771 0.109181
8.79491 0.109158
8.80211 0.109263
8.8093 0.10923
8.83213 0.109327
8.83933 0.109286
8.85372 0.10925
8.86092 0.109219
8.87531 0.109191
8.88251 0.109168
8.88971 0.109147
8.89691 0.109128
8.9041 0.109237
8.9113 0.109208
8.9185 0.109182
8.94133 0.109159
8.94852 0.109139
8.96292 0.109122
8.97011 0.109231
8.98451 0.109203
8.99171 0.109177
8.9989 0.109155
9.0061 0.109261
9.0133 0.109228
9.02049 0.1092
9.02769 0.109175
9.05052 0.109153
9.05772 0.109134
9.07211 0.109242
9.07931 0.109212
9.0937 0.109185
9.1009 0.109162
9.1081 0.109267
9.1153 0.109233
9.12249 0.109204
9.12969 0.109179
9.13689 0.109156
9.15971 0.109137
9.16691 0.10912
9.18131 0.109105
9.1885 0.109092
9.2029 0.10908
9.2101 0.109195
9.21729 0.109171
9.22449 0.109149
9.23169 0.109131
9.23888 0.109114
9.24608 0.109225
9.26891 0.109197
9.27611 0.109297
9.2905 0.10926
9.2977 0.109228
9.31209 0.109324
9.31929 0.109284
9.32649 0.109248
9.33368 0.109217
9.34088 0.10919
9.34808 0.109291
9.35528 0.109255
9.3781 0.109348
9.3853 0.109305
9.3997 0.109266
9.40689 0.109233
9.42129 0.109204
9.42848 0.109178
9.44288 0.109156
9.45008 0.109262
9.45727 0.109229
9.46447 0.1092
9.4873 0.109175
9.4945 0.109153
9.50889 0.109134
9.51609 0.109242
9.53048 0.109212
9.53768 0.109186
9.55207 0.109287
9.55927 0.109251
9.56647 0.10922
9.57367 0.109193
9.58086 0.109168
9.59649 0.109147
9.60369 0.109129
9.61808 0.109238
9.62528 0.109208
9.63968 0.109182
9.64687 0.109159
9.66127 0.109139
9.66847 0.109122
9.67566 0.109107
9.68286 0.109093
9.69006 0.109207
9.70569 0.109181
9.71288 0.109158
9.72728 0.109138
9.73448 0.109121
9.74887 0.109106
9.75607 0.109218
9.77046 0.109191
9.77766 0.109167
9.78486 0.109146
9.79205 0.109253
9.79925 0.109221
9.81488 0.109193
9.82208 0.109294
9.83647 0.109257
9.84367 0.109225
9.85807 0.109322
9.86526 0.109282
9.87966 0.109247
9.88685 0.109216
9.89405 0.109314
9.90125 0.109275
9.90845 0.10924
9.92408 0.109335
9.93127 0.109293
9.94567 0.109257
9.95287 0.109225
9.96726 0.109197
9.97446 0.109172
9.98885 0.10915
9.99605 0.109257
10.0032 0.109225
10.0104 0.109196
10.0176 0.109172
10.0333 0.10915
10.0405 0.109132
10.0549 0.109115
10.0729 0.110476
10.2877 0.121666
10.2949 0.120083
10.3969 0.118698
10.4041 0.11761
10.5061 0.116659
10.5133 0.115702
10.6153 0.114864
10.6225 0.114131
10.7245 0.11349
10.7317 0.112928
10.8337 0.112437
10.8408 0.112008
10.9428 0.111632
10.95 0.111428
11.052 0.111249
11.0592 0.110968
11.1613 0.110722
11.1684 0.110507
11.2705 0.110318
11.2777 0.110154
11.3797 0.110009
11.3869 0.109883
11.4889 0.109773
11.4961 0.109801
11.5981 0.109826
11.6053 0.109723
11.7073 0.109632
11.7145 0.109553
11.8165 0.109484
11.8237 0.109424
11.9257 0.109371
11.9329 0.109324
12.0349 0.109284
12.0421 0.109373
12.1441 0.109452
12.1513 0.109395
12.2533 0.109346
12.3589 0.121553
12.6865 0.119984
12.7849 0.129986
12.7921 0.127487
12.8941 0.125301
12.9013 0.123264
13.0033 0.121481
13.0105 0.119921
13.1125 0.118556
13.1197 0.117361
13.2217 0.116316
13.2289 0.115402
13.3309 0.114601
13.3381 0.114026
13.4401 0.113523
13.4473 0.112958
13.5493 0.112463
13.5565 0.11203
13.6585 0.111651
13.6657 0.11132
13.7677 0.11103
13.7749 0.110776
13.8769 0.110554
13.8841 0.110485
13.9861 0.110424
13.9933 0.110246
14.0952 0.11009
14.1024 0.109954
14.2044 0.109835
14.2116 0.109731
14.3136 0.109639
14.3208 0.109559
14.4228 0.109489
14.532 0.109553
14.6412 0.109484
14.7468 0.121674
14.9688 0.120089
15.0708 0.118703
15.078 0.117615
15.18 0.116663
15.1872 0.115705
15.2892 0.114867
15.2964 0.114134
15.3984 0.113492
15.4056 0.112931
15.5076 0.112439
15.5148 0.112009
15.6168 0.111633
15.624 0.111429
15.726 0.11125
15.7332 0.110969
15.8352 0.110723
15.8424 0.110508
15.9444 0.110319
15.9516 0.110154
16.0572 0.11051
