0.0 0
0.114179 0.104
0.219807 0.104125
0.226993 0.104734
0.23419 0.105393
0.241388 0.105844
0.248585 0.106238
0.325424 0.115333
0.332621 0.114542
0.339818 0.113849
0.347015 0.113368
0.354213 0.112947
0.36141 0.112453
0.368607 0.112022
0.375804 0.111644
0.383002 0.111439
0.431041 0.116384
0.438238 0.115461
0.445435 0.114653
0.452632 0.113947
0.459829 0.113328
0.467027 0.112912
0.474224 0.112423
0.481421 0.111995
0.488618 0.111621
0.536657 0.116418
0.543855 0.115491
0.551052 0.114805
0.558249 0.114079
0.565446 0.113444
0.783902 0.124264
0.791099 0.122481
0.798297 0.120796
0.805494 0.119321
0.812691 0.118031
0.819888 0.116902
0.827086 0.116039
0.834283 0.115159
0.84148 0.11439
0.848677 0.113716
0.893118 0.113251
0.900315 0.11272
0.907512 0.112255
0.914709 0.111848
0.921907 0.111492
0.929104 0.111306
0.936301 0.111017
0.943498 0.110765
0.950696 0.110545
0.957893 0.110351
1.00233 0.110183
1.00953 0.110035
1.01673 0.109905
1.03112 0.109917
1.03832 0.109803
1.04552 0.109702
1.05271 0.109614
1.05991 0.109538
1.06711 0.109595
1.11155 0.109521
1.11875 0.109456
1.12594 0.109399
1.14034 0.109349
1.14753 0.109305
1.15473 0.109267
1.16193 0.109234
1.16913 0.10933
1.17632 0.109288
1.18352 0.109252
1.22076 0.109221
1.22796 0.109193
1.23516 0.109294
1.24955 0.109257
1.25675 0.109225
1.26395 0.109197
1.27114 0.109297
1.27834 0.10926
1.28554 0.109228
1.29274 0.109199
1.32998 0.109174
1.33718 0.109278
1.34437 0.109243
1.35877 0.109212
1.36597 0.109186
1.37316 0.109288
1.38036 0.109252
1.38756 0.10922
1.39475 0.109193
1.40195 0.109169
1.4392 0.109273
1.44639 0.109238
1.45359 0.109209
1.46798 0.109183
1.47518 0.109285
1.48238 0.109249
1.48958 0.109218
1.49677 0.109191
1.50397 0.109167
1.54482 0.113396
1.75967 0.124222
1.76687 0.122319
1.77406 0.120779
1.78126 0.119307
1.78846 0.118018
1.79566 0.116891
1.80285 0.115905
1.81005 0.115167
1.81725 0.114396
1.82444 0.113721
1.86888 0.113131
1.87608 0.11274
1.88328 0.112272
1.89048 0.111863
2.10893 0.12288
2.11613 0.12127
2.12333 0.119736
2.13052 0.118394
2.13772 0.11722
2.14492 0.116193
2.15212 0.115419
2.15931 0.114616
2.16651 0.113914
2.17371 0.1133
2.21455 0.117012
2.22175 0.116011
2.22894 0.115135
2.23614 0.114493
2.24334 0.113806
2.25054 0.113205
2.25773 0.11268
2.26493 0.11222
2.27213 0.111942
2.49058 0.118824
2.53141 0.121846
2.53861 0.120241
2.54581 0.118836
2.553 0.117731
2.5602 0.116765
2.5674 0.115794
2.5746 0.114945
2.58179 0.114202
2.58899 0.113552
2.59619 0.113108
2.60338 0.112594
2.64063 0.112145
2.64783 0.111752
2.65502 0.111533
2.66222 0.111216
2.66942 0.110939
2.67661 0.110697
2.68381 0.110485
2.69101 0.110424
2.69821 0.110371
2.7054 0.1102
2.7126 0.11005
2.74984 0.109919
2.75704 0.109929
2.76424 0.109813
2.77144 0.109711
2.77863 0.109622
2.78583 0.109544
2.79303 0.109601
2.80022 0.109526
2.80742 0.10946
2.81462 0.109403
2.82182 0.109352
2.85906 0.109433
2.86626 0.109379
2.87345 0.109332
2.88065 0.10929
2.88785 0.109254
2.89505 0.109347
2.90224 0.109304
2.90944 0.109266
2.91664 0.109233
2.92383 0.109204
2.93103 0.109303
2.96827 0.109265
2.97547 0.109232
2.98267 0.109203
2.98987 0.109178
2.99706 0.10928
3.00426 0.109245
3.01146 0.109215
3.01866 0.109188
3.02585 0.109164
3.03305 0.109269
3.04025 0.109235
3.07749 0.109206
3.08469 0.10918
3.09188 0.109158
3.09908 0.109263
3.10628 0.10923
3.11348 0.109201
3.12067 0.109176
3.12787 0.109154
3.13507 0.10926
3.14227 0.109227
3.14946 0.109199
3.18671 0.109174
3.1939 0.109152
3.2011 0.109258
3.2083 0.109226
3.21549 0.109198
3.22269 0.109173
3.22989 0.109151
3.23709 0.109257
3.24428 0.109225
3.25148 0.109197
3.25868 0.109172
3.29592 0.109151
3.30312 0.109257
3.31032 0.109225
3.31751 0.109197
3.32471 0.109172
3.33191 0.109151
3.3391 0.109257
3.3463 0.109225
3.3535 0.109197
3.3607 0.109172
3.36789 0.109151
3.40514 0.109257
3.41233 0.109225
3.41953 0.109197
3.42673 0.109172
3.44112 0.109275
3.44832 0.109241
3.45552 0.109211
3.46271 0.109185
3.46991 0.109161
3.47711 0.109266
3.51435 0.109233
3.52155 0.109204
3.52875 0.109178
3.53594 0.109156
3.55034 0.109137
3.55754 0.10912
3.56473 0.109105
3.57193 0.109092
3.57913 0.109205
3.58632 0.109179
3.59352 0.109157
3.62357 0.109137
3.63076 0.10912
3.63796 0.109105
3.64516 0.109217
3.65955 0.10919
3.66675 0.109166
3.67395 0.109145
3.68115 0.109252
3.68834 0.109221
3.69554 0.109193
3.70274 0.109169
3.73278 0.109148
3.73998 0.109129
3.74718 0.109238
3.75437 0.109208
3.76877 0.109182
3.77597 0.10916
3.78316 0.109265
3.79036 0.109232
3.79756 0.109203
3.80476 0.109177
3.81195 0.109155
3.842 0.109136
3.8492 0.109244
3.85639 0.109213
3.86359 0.109187
3.87798 0.109163
3.88518 0.109268
3.89238 0.109234
3.89958 0.109205
3.90677 0.109179
3.91397 0.109157
3.92117 0.109262
3.95121 0.109355
3.95841 0.10931
3.96561 0.109271
3.97281 0.109238
3.9872 0.109333
3.9944 0.109291
4.00521 0.109755
4.23446 0.10966
4.32928 0.120578
4.33648 0.119131
4.34367 0.117864
4.35087 0.116756
4.35807 0.115912
4.36526 0.115048
4.37966 0.114292
4.38686 0.11363
4.39405 0.113177
4.40125 0.112654
4.44209 0.112323
4.44929 0.111907
4.45649 0.111544
4.46368 0.111226
4.47088 0.110948
4.48528 0.111704
4.49247 0.111366
4.49967 0.11107
4.50687 0.110812
4.51407 0.11071
4.54771 0.113746
4.55491 0.113153
4.5621 0.112759
4.5693 0.112289
4.5765 0.111878
4.5837 0.111518
4.59089 0.111203
4.59809 0.111053
4.60529 0.110796
4.61248 0.110572
4.61968 0.110375
4.65333 0.113578
4.66052 0.113006
4.66772 0.112505
4.67492 0.112067
4.68212 0.111809
4.68931 0.111458
4.69651 0.11115
4.70371 0.110882
4.7109 0.110646
4.7181 0.110566
4.7253 0.11037
4.75894 0.113449
4.76614 0.113018
4.77334 0.112515
4.78054 0.112076
4.78773 0.111691
4.79493 0.111355
4.80213 0.111186
4.80932 0.110912
4.81652 0.110673
4.82733 0.110964
5.04577 0.119219
5.07581 0.120316
5.08661 0.119402
5.22462 0.119852
5.30866 0.118495
5.31585 0.117308
5.32305 0.116395
5.33025 0.11547
5.33745 0.114662
5.34464 0.113954
5.35184 0.113335
5.35904 0.112918
5.36623 0.112428
5.37343 0.112
5.38063 0.111625
5.38783 0.111297
5.41787 0.111009
5.42507 0.110883
5.43227 0.110648
5.43946 0.110442
5.44666 0.110262
5.45386 0.110104
5.46106 0.110091
5.46825 0.109955
5.47545 0.109835
5.48265 0.109731
5.48984 0.109639
5.49704 0.109685
5.52709 0.109724
5.53429 0.109633
5.54148 0.109554
5.54868 0.109485
5.55588 0.109424
5.56307 0.109496
5.57027 0.109434
5.57747 0.10938
5.58467 0.109333
5.59186 0.109291
5.59906 0.10938
5.60626 0.109332
5.6363 0.109291
5.6435 0.109254
5.6507 0.109222
5.6579 0.109195
5.66509 0.109295
5.67229 0.109258
5.67949 0.109226
5.68668 0.109198
5.69388 0.109173
5.70108 0.109276
5.70828 0.109242
5.71547 0.109212
5.74552 0.109185
5.75272 0.109162
5.75991 0.109142
5.76711 0.109249
5.77431 0.109218
5.78151 0.109191
5.7887 0.109167
5.7959 0.109146
5.8031 0.109253
5.81029 0.109221
5.81749 0.109194
5.82469 0.109169
5.85473 0.109148
5.86193 0.10913
5.86913 0.109238
5.87633 0.109209
5.88352 0.109183
5.89072 0.10916
5.89792 0.10914
5.90512 0.109247
5.91231 0.109216
5.91951 0.109189
5.92671 0.109166
5.9339 0.109145
5.96395 0.109127
5.97115 0.109236
5.97834 0.109206
5.98554 0.109181
5.99274 0.109158
5.99994 0.109138
6.00713 0.109246
6.01433 0.109215
6.02153 0.109188
6.02873 0.109165
6.03592 0.109144
6.04312 0.109251
6.07317 0.109345
6.08036 0.109302
6.08756 0.109264
6.09476 0.109231
6.10195 0.109202
6.10915 0.109302
6.11635 0.109264
6.12355 0.109231
6.13074 0.109202
6.13794 0.109177
6.14514 0.10928
6.15234 0.109245
6.18238 0.109214
6.18958 0.109187
6.19678 0.109164
6.20397 0.109144
6.21117 0.109251
6.21837 0.109219
6.22556 0.109192
6.23276 0.109168
6.23996 0.109147
6.24716 0.109254
6.25435 0.109222
6.26155 0.109194
6.2916 0.10917
6.29879 0.109149
6.30599 0.10913
6.31319 0.109239
6.32039 0.109209
6.32758 0.109183
6.33478 0.10916
6.34198 0.10914
6.56043 0.120622
6.56763 0.11917
6.57483 0.117898
6.58202 0.116911
6.58922 0.115922
6.59642 0.115057
6.60362 0.1143
6.61081 0.113637
6.61801 0.113183
6.62521 0.112785
6.63241 0.112312
6.6396 0.111898
6.66605 0.114036
6.67325 0.113406
6.68044 0.112855
6.68764 0.112373
6.69484 0.111952
6.70204 0.111708
6.70923 0.111369
6.71643 0.111073
6.72363 0.110814
6.73083 0.110587
6.73802 0.110514
6.74522 0.110325
6.77167 0.112534
6.77886 0.112092
6.78606 0.111831
6.79326 0.111477
6.80046 0.111167
6.80765 0.110896
6.81485 0.110659
6.82205 0.110577
6.82924 0.11038
6.83644 0.110207
6.84364 0.110056
6.85084 0.109924
6.87728 0.112309
6.88448 0.111895
6.89168 0.111533
6.89888 0.111217
6.90607 0.111065
6.91327 0.110806
6.92047 0.110581
6.92766 0.110383
6.93847 0.11071
7.15332 0.121996
7.16051 0.120372
7.16771 0.11895
7.17491 0.117707
7.18211 0.116743
7.1893 0.115775
7.1965 0.114928
7.2037 0.114187
7.2109 0.113539
7.21809 0.113097
7.22529 0.112585
7.23249 0.112136
7.25893 0.114119
7.26613 0.113604
7.27333 0.113029
7.28053 0.112525
7.28772 0.112085
7.29492 0.111699
7.30212 0.111487
7.30932 0.111176
7.31651 0.110904
7.32371 0.110666
7.33091 0.110458
7.3381 0.1104
7.36455 0.1126
7.37175 0.11215
7.37895 0.111757
7.50977 0.111912
7.6046 0.111548
7.6118 0.111229
7.61899 0.110951
7.62619 0.110832
7.63339 0.110603
7.64059 0.110403
7.64778 0.110227
7.65498 0.110074
7.66218 0.110065
7.66937 0.109932
7.67657 0.109815
7.68377 0.109713
7.69097 0.109624
7.71381 0.109546
7.72101 0.109603
7.72821 0.109652
7.73541 0.109571
7.7426 0.1095
7.7498 0.109437
7.757 0.109382
7.7642 0.10946
7.77139 0.109402
7.77859 0.109352
7.78579 0.109308
7.79298 0.109269
7.82304 0.112236
8.04149 0.111831
8.04868 0.111477
8.05588 0.111168
8.06308 0.111022
8.07027 0.110769
8.07747 0.110548
8.08467 0.110354
8.09187 0.110185
8.09906 0.110162
8.10626 0.110017
8.11346 0.10989
8.12066 0.109778
8.12785 0.109681
8.15071 0.111596
8.36196 0.122146
8.37276 0.120503
8.37995 0.119065
8.38715 0.117932
8.39435 0.116816
8.40154 0.115839
8.40874 0.114984
8.41594 0.114236
8.42314 0.113706
8.43033 0.113118
8.43753 0.112603
8.44473 0.112153
8.45193 0.111759
8.46758 0.112539
8.47837 0.112597
8.48557 0.112147
8.49277 0.111754
8.49996 0.111409
8.50716 0.111233
8.51436 0.110954
8.52156 0.11071
8.52875 0.110496
8.53595 0.110309
8.54315 0.11027
8.55034 0.110112
8.55754 0.109973
8.57319 0.110976
8.58399 0.111104
8.59119 0.110966
8.59838 0.11072
8.60558 0.110505
8.61278 0.110317
8.61998 0.110152
8.62717 0.110133
8.63437 0.109992
8.64157 0.109868
8.64876 0.109759
8.65596 0.109664
8.66316 0.109706
8.67881 0.110618
8.68961 0.110916
8.6968 0.110676
8.704 0.110592
8.7112 0.110518
8.7184 0.110328
8.72559 0.110162
8.73279 0.110017
8.73999 0.10989
8.74718 0.109903
8.75438 0.109791
8.76158 0.109692
8.76878 0.109605
8.78443 0.110655
8.79522 0.110948
8.80242 0.110704
8.80962 0.110491
8.81681 0.110305
8.82401 0.110267
8.83121 0.110233
8.83841 0.110079
8.8456 0.109944
8.8528 0.109826
8.86 0.109723
8.8672 0.109758
8.87439 0.109663
8.89004 0.110705
8.90084 0.110867
8.90804 0.110759
8.91523 0.110539
8.92243 0.110346
8.92963 0.110178
8.93683 0.110031
8.94402 0.110027
8.95122 0.109899
8.95842 0.109786
8.96562 0.109688
8.97281 0.109602
8.98001 0.109652
8.99566 0.110695
9.00646 0.110983
9.01365 0.110735
9.02085 0.110519
9.02805 0.110454
9.03525 0.110272
9.04244 0.110113
9.04964 0.109974
9.05684 0.109852
9.06403 0.109871
9.07123 0.109762
9.07843 0.109667
9.08563 0.109583
9.10128 0.110635
9.11207 0.110931
9.11927 0.11069
9.13367 0.110478
9.14086 0.110294
9.14806 0.110257
9.15526 0.1101
9.16245 0.109962
9.16965 0.109842
9.17685 0.109737
9.18405 0.10977
9.19124 0.109673
9.20689 0.110589
9.21769 0.110891
9.22489 0.110654
9.23928 0.111447
9.24648 0.111142
9.25368 0.110874
9.26087 0.11064
9.26807 0.11056
9.27527 0.110365
9.28247 0.110194
9.28966 0.110045
9.29686 0.109914
9.30406 0.109925
9.31251 0.109934
9.32331 0.110318
9.3305 0.110153
9.3449 0.110884
9.3521 0.110773
9.35929 0.110552
9.36649 0.110358
9.37369 0.110188
9.38089 0.110039
9.38808 0.110035
9.39528 0.109905
9.40248 0.109792
9.40967 0.109693
9.41813 0.109856
9.42892 0.110124
9.43612 0.110109
9.45052 0.110845
9.45771 0.110615
9.46491 0.110413
9.47211 0.110361
9.47931 0.110191
9.4865 0.110042
9.4937 0.109912
9.5009 0.109798
9.51171 0.110198
9.72655 0.121423
9.73375 0.11987
9.74094 0.118512
9.74814 0.117448
9.75534 0.116392
9.76254 0.115468
9.76973 0.114659
9.77693 0.113952
9.78413 0.113458
9.79133 0.112901
9.79852 0.112413
9.80572 0.111986
9.81292 0.111613
9.83217 0.112911
9.83936 0.112423
9.84656 0.111995
9.85376 0.11162
9.86096 0.111293
9.86815 0.111131
9.87535 0.110865
9.88255 0.110632
9.88974 0.110428
9.89694 0.110249
9.90414 0.110218
9.91134 0.110066
9.91853 0.109933
9.93778 0.111316
9.94498 0.111027
9.95218 0.110898
9.95938 0.110661
9.96657 0.110453
9.97377 0.110272
9.98097 0.110113
9.98816 0.110099
9.99536 0.109961
10.0026 0.109841
10.0098 0.109736
10.017 0.109644
10.0242 0.109688
10.0434 0.111102
10.0506 0.11084
10.0578 0.11061
10.065 0.110408
10.0722 0.110357
10.0794 0.110188
10.0866 0.110039
10.0938 0.109909
10.101 0.109796
10.1082 0.109821
10.1154 0.109719
10.1226 0.109629
10.1298 0.10955
10.149 0.111106
10.1562 0.110968
10.1634 0.110722
10.1706 0.110507
10.1778 0.110318
10.185 0.110279
10.1922 0.110244
10.1994 0.110088
10.2066 0.109952
10.2138 0.109833
10.3122 0.121229
10.323 0.119825
10.4214 0.118472
10.4322 0.117288
10.5306 0.116252
10.5414 0.115346
10.6399 0.114552
10.6507 0.113858
10.7491 0.113376
10.7599 0.112829
10.8583 0.11235
10.8691 0.112057
10.9675 0.111675
10.9783 0.11134
11.0767 0.111048
11.0875 0.110792
11.1859 0.110568
11.1967 0.110372
11.2952 0.110325
11.3059 0.11016
11.4044 0.110015
11.4152 0.110013
11.5136 0.109886
11.5244 0.109775
11.6228 0.109679
11.6336 0.109594
11.732 0.109645
11.7428 0.109564
11.8412 0.109493
11.852 0.109557
11.9504 0.109487
11.9612 0.109426
12.0597 0.109373
12.0705 0.109326
12.1797 0.109286
12.2889 0.10925
12.2961 0.109344
12.6238 0.109301
12.631 0.109263
12.6382 0.109355
12.6453 0.109311
12.6525 0.109272
12.6597 0.109238
12.6669 0.109208
12.6741 0.109307
12.6813 0.109269
12.6885 0.109235
12.6957 0.109206
12.7029 0.10918
12.7101 0.109283
12.7294 0.110747
12.7366 0.110529
12.7438 0.110338
12.751 0.110171
12.7582 0.110149
12.7654 0.110006
12.7726 0.10988
12.7798 0.10977
12.787 0.109674
12.7941 0.109714
12.8013 0.109625
12.8085 0.109547
12.8157 0.109479
12.835 0.110919
12.8422 0.110804
12.8494 0.110578
12.8566 0.110381
12.8638 0.110208
12.871 0.110057
12.8782 0.11005
12.8854 0.109919
12.8926 0.109804
12.8998 0.109704
12.907 0.109616
12.9142 0.109664
12.9214 0.109581
12.9406 0.111008
12.9478 0.110757
12.955 0.110662
12.9622 0.11058
12.9694 0.110382
12.9766 0.110209
12.991 0.110058
12.9982 0.110051
13.0054 0.10992
13.0126 0.109805
13.0198 0.109704
13.027 0.109616
13.0462 0.111164
13.0534 0.110894
13.0606 0.110657
13.0678 0.11045
13.075 0.110394
13.0822 0.110344
13.0966 0.111051
13.1038 0.110795
13.111 0.110571
13.1182 0.110499
13.1254 0.110312
13.1326 0.110148
13.1398 0.110004
13.1518 0.110504
13.159 0.110441
13.1662 0.110261
13.1734 0.110103
13.1806 0.109965
13.1878 0.109845
13.2022 0.110739
13.2094 0.110522
13.2166 0.110331
13.2238 0.110165
13.231 0.110144
13.2382 0.110126
13.2454 0.109986
13.2575 0.110487
13.2647 0.110301
13.2719 0.110139
13.279 0.110121
13.2862 0.109981
13.2934 0.109859
13.3078 0.110626
13.315 0.110548
13.3222 0.110354
13.3294 0.110185
13.3366 0.110037
13.3438 0.109907
13.351 0.109919
13.3631 0.110429
13.3703 0.11025
13.3775 0.110094
13.3847 0.109957
13.3919 0.109838
13.3991 0.109858
13.4135 0.110626
13.4207 0.110423
13.4279 0.110245
13.435 0.110214
13.4422 0.110062
13.4494 0.10993
13.4566 0.109813
13.4687 0.110337
13.4759 0.11017
13.4831 0.110148
13.4903 0.110005
13.4975 0.109879
13.5047 0.109769
13.5191 0.110673
13.5263 0.110464
13.5335 0.110281
13.5407 0.110121
13.5479 0.109981
13.5551 0.109983
13.5623 0.10986
13.5743 0.110378
13.5815 0.110206
13.5887 0.110055
13.5959 0.109923
13.6031 0.109933
13.6103 0.109816
13.6247 0.110589
13.6319 0.11039
13.6391 0.110342
13.6463 0.110174
13.6535 0.110027
13.6607 0.109899
13.6679 0.109786
13.6799 0.110313
13.6871 0.110274
13.6943 0.110115
13.7015 0.109975
13.7087 0.109853
13.7159 0.109747
13.7303 0.110653
13.7375 0.110447
13.7447 0.110266
13.7519 0.110108
13.7591 0.110094
13.7663 0.109957
13.7735 0.109838
13.7855 0.110358
13.7927 0.110188
13.7999 0.11004
14.0184 0.12141
14.0256 0.119859
14.0328 0.118501
14.04 0.117314
14.2656 0.116274
14.2692 0.115365
14.2764 0.114569
14.2836 0.113873
14.2908 0.113264
14.298 0.112856
14.3052 0.112374
14.3124 0.111952
14.3196 0.111583
14.3268 0.11126
14.334 0.111103
14.3677 0.11084
14.3749 0.11061
14.3857 0.110909
14.6005 0.122045
14.6149 0.120414
14.6221 0.119113
14.6293 0.117849
14.6365 0.116743
14.6437 0.115775
14.6509 0.114928
14.6581 0.114312
14.6653 0.113648
14.6725 0.113067
14.6797 0.112559
14.6869 0.112114
14.6941 0.11185
14.7061 0.112118
14.7205 0.112604
14.7277 0.112153
14.7349 0.111759
14.7421 0.111539
14.7529 0.111597
14.9714 0.123147
15.1934 0.121379
15.197 0.119956
15.2042 0.118587
15.2114 0.117388
15.2186 0.11634
15.2955 0.115422
15.3027 0.11462
15.3099 0.113917
15.317 0.113428
15.3242 0.112874
15.3314 0.11239
15.3386 0.111966
15.3458 0.111595
15.353 0.111396
15.3602 0.111096
15.5787 0.122209
15.5859 0.120558
15.5931 0.119238
15.6003 0.117959
15.6075 0.116839
15.6147 0.115859
15.6219 0.115002
15.6291 0.114376
15.6363 0.113704
15.6435 0.113116
15.6507 0.112602
15.6579 0.112152
15.6651 0.111883
15.6723 0.111522
15.6795 0.111207
15.6879 0.110931
15.6951 0.110815
15.7023 0.110588
15.7095 0.110389
15.7167 0.110216
15.7239 0.110064
15.7311 0.110056
15.7383 0.109924
15.7455 0.109808
15.7527 0.109707
15.7635 0.110119
15.9891 0.110104
15.9963 0.109966
16.0035 0.109845
16.0107 0.10974
16.0179 0.109647
16.0251 0.109691
16.0323 0.109605
16.0395 0.109529
16.0876 0.114588
16.0948 0.11389
16.102 0.113278
16.1092 0.112869
16.1163 0.112385
16.1235 0.111962
16.1307 0.111592
16.1379 0.111268
16.1451 0.111109
16.1523 0.110846
16.1595 0.110615
16.1667 0.110413
16.1739 0.110236
16.1811 0.110207
16.1883 0.110056
16.1968 0.109924
16.204 0.109808
16.2112 0.109832
16.2184 0.109728
16.2256 0.109637
16.2328 0.109558
16.24 0.109488
16.2472 0.109552
16.2544 0.109483
16.2616 0.109423
16.2687 0.10937
16.2759 0.109324
16.2831 0.109408
16.2903 0.109357
16.2975 0.109312
16.306 0.109273
16.3132 0.109364
16.3204 0.109319
16.3276 0.109279
16.3348 0.109244
16.342 0.109213
16.3492 0.109312
16.3564 0.109273
16.3636 0.109239
16.3708 0.109209
16.378 0.109183
16.3852 0.109285
16.3924 0.109249
16.3996 0.109218
16.4068 0.109191
16.4152 0.109292
16.4224 0.109256
16.4296 0.109224
16.4368 0.109196
16.444 0.109171
16.4512 0.109275
16.4584 0.10924
16.4656 0.10921
16.4728 0.109184
16.48 0.109161
16.4872 0.109266
16.4944 0.109233
16.5016 0.109204
16.5088 0.109178
16.516 0.109156
16.5244 0.109136
16.5316 0.109119
16.5388 0.109104
16.546 0.109216
16.5532 0.109314
16.564 0.109775
16.7789 0.121053
16.7861 0.119672
16.8005 0.118338
16.8077 0.11717
16.8149 0.116149
16.822 0.11538
16.8292 0.114583
16.8364 0.113885
16.8436 0.113274
16.8508 0.11274
16.858 0.112398
16.8652 0.111973
16.8724 0.111601
16.8796 0.111276
16.8881 0.111117
16.8953 0.110852
16.9097 0.110621
16.9169 0.110418
16.9241 0.110366
16.9313 0.110195
16.9385 0.110046
16.9457 0.109915
16.9529 0.109801
16.9601 0.109825
16.9672 0.109722
16.9744 0.109632
16.9816 0.109553
16.9888 0.109484
16.996 0.109548
17.0032 0.10948
17.0104 0.10942
17.0189 0.109367
17.0261 0.109446
17.0333 0.109391
17.0405 0.109342
17.0477 0.109299
17.0549 0.109262
17.0621 0.109354
17.0693 0.10931
17.0765 0.109271
17.0837 0.109237
17.0909 0.109208
17.0981 0.109307
17.1053 0.109268
17.1125 0.109235
17.1196 0.109205
17.1281 0.109305
17.1353 0.109267
17.1425 0.109233
17.1497 0.109204
17.1569 0.109179
17.1641 0.109281
17.1713 0.109246
17.1785 0.109215
17.1857 0.109188
17.1965 0.109665
17.4149 0.121457
17.4221 0.120025
17.4293 0.118647
17.4365 0.117441
17.4437 0.116386
17.4509 0.115462
17.4581 0.11478
17.4653 0.114057
17.4725 0.113425
17.4797 0.112872
17.4869 0.112388
17.4941 0.112089
17.5013 0.111703
17.5085 0.111365
17.5157 0.11107
17.5241 0.110936
17.5313 0.110694
17.5385 0.110482
17.5457 0.110297
17.5529 0.110135
17.5601 0.110118
17.5673 0.109978
17.5745 0.109856
17.5817 0.109749
17.5889 0.109655
17.5961 0.109698
17.6033 0.109611
17.6105 0.109535
17.6177 0.109468
17.6249 0.109409
17.6334 0.109358
17.6406 0.109313
17.655 0.109274
17.6622 0.109365
17.6693 0.109319
17.6765 0.109279
17.6837 0.109245
17.6909 0.109214
17.6981 0.109312
17.7053 0.109273
17.7125 0.109239
17.7197 0.109209
17.7269 0.109183
17.7341 0.109285
17.7426 0.109249
17.7498 0.109218
17.7642 0.109316
17.7714 0.109277
17.7786 0.109242
17.7858 0.109212
17.793 0.109185
17.8002 0.109287
17.8074 0.109251
17.8146 0.10922
17.8217 0.109192
17.8289 0.109168
17.8361 0.109272
17.8433 0.109238
17.8505 0.109208
17.8577 0.109182
17.8649 0.10916
17.8734 0.10914
17.8806 0.109122
17.8878 0.109107
17.895 0.109094
17.9022 0.109207
17.9094 0.109181
17.9166 0.109158
17.9238 0.109139
17.931 0.109121
17.9382 0.109231
17.9454 0.109202
17.9526 0.109177
17.9598 0.109155
17.967 0.109135
17.9741 0.109244
17.9826 0.109213
17.9898 0.109186
17.997 0.109163
18.0042 0.109268
18.0114 0.109234
18.0186 0.109205
18.0258 0.109179
18.033 0.109157
18.0402 0.109262
18.0474 0.10923
18.0546 0.109201
18.0618 0.109176
18.069 0.109154
18.0762 0.10926
18.0834 0.109227
18.0918 0.109199
18.099 0.109299
18.1062 0.109387
18.1134 0.109338
18.1206 0.109296
18.1278 0.109259
18.135 0.109352
18.1422 0.109433
18.1494 0.109379
18.1566 0.109331
18.1638 0.10929
18.171 0.109254
18.1782 0.109347
18.1854 0.109304
18.1926 0.109266
18.201 0.109357
18.2082 0.109313
18.2154 0.109274
18.2226 0.109239
18.2298 0.109209
18.237 0.109308
18.2442 0.10927
18.2514 0.109236
18.2586 0.109207
18.2658 0.109181
18.273 0.109283
18.2802 0.109373
18.2874 0.109326
18.2946 0.109285
18.3018 0.10925
18.3102 0.109218
18.3174 0.109191
18.3246 0.109167
18.3318 0.109146
18.339 0.109253
18.3462 0.109221
18.3534 0.109194
18.3606 0.10917
18.3678 0.109148
18.375 0.109255
18.3822 0.109223
18.3894 0.109195
18.3966 0.109171
18.4038 0.109149
18.411 0.109256
18.4195 0.109224
18.4267 0.109196
18.4339 0.109171
18.4411 0.109275
18.4483 0.109241
18.4555 0.10921
18.4626 0.109184
18.4698 0.109161
18.477 0.109266
18.4842 0.109233
18.4914 0.109204
18.4986 0.109178
18.5058 0.109156
18.513 0.109261
18.5202 0.109229
18.5287 0.1092
18.5359 0.109175
18.5431 0.109278
18.5503 0.109243
18.5575 0.109213
18.5647 0.109186
18.5719 0.109163
18.5791 0.109268
18.5863 0.109234
18.5935 0.109205
18.6007 0.109179
18.6078 0.109157
18.615 0.109262
18.6222 0.10923
18.6294 0.109201
18.6379 0.109176
18.6451 0.109279
18.6523 0.109244
18.6595 0.109213
18.6667 0.109187
18.6739 0.109163
18.6811 0.109268
18.6919 0.109609
18.9067 0.120908
18.9139 0.11942
18.9211 0.118242
18.9283 0.117087
18.9355 0.116076
18.9427 0.115192
19.0771 0.115418
19.1684 0.114615
19.1756 0.113914
19.1828 0.113299
19.19 0.112762
19.1972 0.112417
19.2044 0.11199
19.2116 0.111616
19.2188 0.111289
19.2259 0.111003
19.2331 0.110877
19.4539 0.122518
19.4611 0.120953
19.4683 0.119459
19.4755 0.118152
19.4827 0.117008
19.4899 0.116007
19.4971 0.115256
19.5043 0.114474
19.5115 0.11379
19.5187 0.113191
19.5259 0.112667
19.5331 0.112334
19.5403 0.111917
19.5475 0.111552
19.5547 0.111233
19.5619 0.110954
19.5691 0.110835
19.5763 0.110606
19.5835 0.110405
19.5907 0.110229
19.5979 0.110076
19.6051 0.110066
19.6123 0.109933
19.6195 0.109816
19.6267 0.109714
19.6339 0.109625
19.6411 0.109672
19.6483 0.109588
19.6555 0.109514
19.6627 0.10945
19.6698 0.109394
19.677 0.10947
19.6842 0.109411
19.6914 0.10936
19.6986 0.109315
19.7058 0.109275
19.713 0.109366
19.7202 0.10932
19.7274 0.10928
19.7346 0.109245
19.7418 0.109214
19.749 0.109313
19.7562 0.109399
19.7634 0.109349
19.7706 0.109305
19.7778 0.109267
19.785 0.109359
19.7922 0.109439
19.7994 0.109384
19.8066 0.109336
19.8138 0.109294
19.8282 0.109382
19.8354 0.109334
19.8426 0.109293
19.8498 0.109256
19.857 0.109224
19.8642 0.109321
19.8714 0.109281
19.8786 0.109246
19.8858 0.109215
19.893 0.109188
19.9002 0.10929
19.9074 0.109253
19.9146 0.109222
19.9218 0.109194
19.9289 0.10917
19.9374 0.109149
19.9446 0.10913
19.9518 0.109114
19.959 0.1091
19.9662 0.109212
19.9734 0.109186
19.9806 0.109162
19.9878 0.109142
19.995 0.109124
20.0022 0.109234
20.0094 0.109205
20.0166 0.109179
20.0238 0.109157
20.031 0.109137
20.0382 0.109245
20.0454 0.109214
20.0526 0.109188
20.0598 0.109164
20.067 0.109144
20.0742 0.109251
20.0813 0.109219
20.0885 0.109192
20.0957 0.109168
20.1029 0.109147
20.1101 0.109254
20.1173 0.109222
20.1245 0.109194
20.1317 0.10917
20.1389 0.109149
20.1461 0.109255
20.1533 0.109223
20.1605 0.109195
20.1677 0.109171
20.1749 0.109149
20.1821 0.109256
20.1893 0.109224
20.1965 0.109196
20.2037 0.109171
20.2109 0.10915
20.2181 0.109256
20.2253 0.109224
20.4461 0.121071
20.4533 0.119562
20.4605 0.118242
20.4677 0.117087
20.4749 0.116076
20.4821 0.115316
20.4929 0.114902
20.7064 0.125664
20.7136 0.123581
20.7208 0.121758
20.728 0.120289
20.7352 0.118878
20.7424 0.117643
20.7496 0.116563
20.7568 0.115617
20.764 0.114915
20.7712 0.114176
20.7784 0.113529
20.7856 0.112963
20.7928 0.112467
20.8 0.112159
20.8072 0.111889
20.8144 0.111528
20.8216 0.111212
20.8288 0.110935
20.836 0.110693
20.8432 0.110607
20.8504 0.110406
20.8576 0.11023
20.8648 0.110076
20.872 0.109942
20.8792 0.109949
20.8864 0.10983
20.8936 0.109727
20.9008 0.109636
20.908 0.109556
20.9152 0.109612
20.9224 0.109535
20.9296 0.109468
20.9368 0.10941
20.944 0.109359
20.9512 0.109439
20.9584 0.109384
20.9655 0.109336
20.9727 0.109294
20.9799 0.109257
20.9871 0.10935
20.9943 0.109306
21.0015 0.109268
21.0087 0.109235
21.0159 0.109205
21.0231 0.109305
21.0303 0.109266
21.0375 0.109233
21.0447 0.109204
21.0519 0.109179
21.0591 0.109281
21.0663 0.109246
21.0735 0.109215
21.0807 0.109188
21.0879 0.109165
21.0951 0.109269
21.1023 0.109236
21.1095 0.109206
21.1167 0.10918
21.1239 0.109158
21.1311 0.109263
21.1383 0.10923
21.1455 0.109201
21.1527 0.109176
21.1599 0.109154
21.1671 0.10926
21.1743 0.109227
21.1815 0.109199
21.1887 0.109174
21.1959 0.109152
21.2031 0.109258
21.2103 0.109226
21.2175 0.109198
21.2246 0.109173
21.2318 0.109151
21.239 0.109257
21.2462 0.109225
21.2534 0.109197
21.2606 0.109173
21.2678 0.109151
21.275 0.109257
21.2822 0.109225
21.2894 0.109197
21.2966 0.109172
21.3038 0.109151
21.311 0.109257
21.3182 0.10935
21.3254 0.109306
21.3326 0.109268
21.3398 0.109234
21.347 0.10933
21.3542 0.109414
21.3614 0.109362
21.3686 0.109317
21.3758 0.109277
21.383 0.109243
21.3902 0.109337
21.3974 0.109295
21.4046 0.109258
21.4118 0.109226
21.419 0.109198
21.4262 0.109298
21.4334 0.109261
21.4406 0.109228
21.4478 0.1092
21.455 0.109175
21.4622 0.109278
21.4694 0.109243
21.4766 0.109213
21.4838 0.109186
21.4909 0.109163
21.4981 0.109267
21.5053 0.109234
21.5125 0.109205
21.5197 0.109179
21.5269 0.109157
21.5341 0.109262
21.5413 0.109229
21.5485 0.109201
21.5557 0.109176
21.5629 0.109154
21.5701 0.109259
21.5773 0.109227
21.5845 0.109199
21.5917 0.109174
21.5989 0.109152
21.6061 0.109258
21.6133 0.109226
21.6205 0.109198
21.6277 0.109173
21.6349 0.109151
21.6421 0.109257
21.6493 0.109225
21.6565 0.109197
21.6637 0.109172
21.6709 0.109151
21.6781 0.109257
21.6853 0.109225
21.6925 0.109197
21.6997 0.109172
21.7069 0.109151
21.7141 0.109257
21.7213 0.109225
21.7285 0.109197
21.7357 0.109172
21.7429 0.109151
21.75 0.109257
21.7572 0.109225
21.7644 0.109197
21.7716 0.109172
21.7788 0.10915
21.786 0.109257
21.7932 0.109225
21.8004 0.109197
21.8076 0.109172
21.8148 0.10915
21.822 0.109257
21.8292 0.109225
21.8364 0.109196
21.8436 0.109172
21.8508 0.10915
21.858 0.109257
21.8652 0.10935
21.8724 0.109306
21.8796 0.109268
21.8868 0.109234
21.894 0.109205
21.9012 0.109304
21.9084 0.109266
21.9192 0.109733
22.1328 0.121016
22.14 0.119514
22.1472 0.118325
22.1544 0.117159
22.3751 0.128014
22.3823 0.125638
22.3895 0.123558
22.3967 0.121738
22.4039 0.120146
22.4111 0.118878
22.4183 0.117643
22.4255 0.116563
22.4327 0.115617
22.4399 0.11479
22.4471 0.114191
22.4543 0.113542
22.4615 0.112975
22.4687 0.112478
22.4759 0.112043
22.4831 0.111788
22.4903 0.111439
22.4975 0.111134
22.5047 0.110868
22.5119 0.110634
22.5191 0.110555
22.5263 0.11036
22.5335 0.11019
22.5407 0.110042
22.5479 0.109911
22.5551 0.109922
22.5623 0.109807
22.5731 0.110206
22.7867 0.12143
22.7939 0.119877
22.8011 0.118642
22.8083 0.117437
22.8154 0.116382
22.8226 0.115459
22.8298 0.114652
22.837 0.114071
22.8442 0.113437
22.8514 0.112882
22.8586 0.112397
22.8658 0.111972
22.873 0.111726
22.8802 0.111385
22.8874 0.111087
22.8946 0.110826
22.9018 0.110598
22.909 0.110523
22.9162 0.110458
22.9234 0.110275
22.9306 0.110116
22.9378 0.109977
22.945 0.109854
22.9522 0.109873
22.9594 0.109764
22.9666 0.109668
22.9738 0.109585
22.981 0.109512
22.9882 0.109573
22.9954 0.109501
23.0026 0.109438
23.0098 0.109384
23.017 0.109336
23.0242 0.109419
23.0314 0.109366
23.0386 0.109321
23.0458 0.10928
23.053 0.109245
23.0602 0.10934
23.0674 0.109297
23.0745 0.10926
23.0817 0.109228
23.0889 0.109199
23.0961 0.109299
23.1033 0.109262
23.1105 0.109229
23.1177 0.1092
23.1249 0.109175
23.1321 0.109278
23.1393 0.109244
23.1465 0.109213
23.1537 0.109187
23.1609 0.109163
23.1681 0.109268
23.1753 0.109234
23.1825 0.109205
23.1897 0.109179
23.1969 0.109157
23.2041 0.109262
23.2113 0.10923
23.2185 0.109201
23.2257 0.109176
23.2329 0.109154
23.2401 0.10926
23.2473 0.109227
23.2545 0.109199
23.2617 0.109174
23.2689 0.109152
23.2761 0.109258
23.2833 0.109226
23.2905 0.109198
23.2977 0.109173
23.3049 0.109151
23.3121 0.109257
23.3193 0.109225
23.3265 0.109197
23.3337 0.109172
23.3408 0.109151
23.348 0.109257
23.3552 0.109225
23.3696 0.109197
23.3768 0.109172
23.384 0.109276
23.3912 0.109241
23.3984 0.109211
23.4056 0.109185
23.4128 0.109162
23.42 0.109266
23.4272 0.109358
23.4344 0.109313
23.4416 0.109274
23.4488 0.10924
23.456 0.109335
23.4632 0.109418
23.4704 0.109366
23.4789 0.10932
23.486 0.109405
23.4932 0.109354
23.5004 0.10931
23.5076 0.109271
23.5148 0.109237
23.522 0.109333
23.5292 0.109291
23.5364 0.109255
23.5436 0.109223
23.5508 0.109195
23.558 0.109296
23.5652 0.109259
23.5724 0.109226
23.5796 0.109198
23.5868 0.109173
23.594 0.109277
23.6012 0.109367
23.6084 0.109321
23.6156 0.109281
23.6228 0.109246
23.63 0.109215
23.6372 0.109313
23.6444 0.109274
23.6588 0.10924
23.666 0.10921
23.6732 0.109309
23.9096 0.10927
23.9168 0.109236
23.924 0.109332
23.9312 0.10929
23.9384 0.109254
24.0009 0.116097
24.0117 0.11521
24.0189 0.114434
24.0261 0.11388
24.0332 0.11327
24.0404 0.112736
24.0476 0.112269
24.0548 0.11186
24.062 0.111628
24.0692 0.111299
24.0764 0.111012
24.0836 0.11076
24.0908 0.11054
24.098 0.110473
24.1052 0.110289
24.1124 0.110128
24.1196 0.109987
24.1268 0.109863
24.134 0.10988
24.1412 0.109895
24.1484 0.109783
24.1556 0.109686
24.1628 0.1096
24.17 0.109525
24.1772 0.109584
24.1844 0.109511
24.1916 0.109447
24.1988 0.109391
24.206 0.109342
24.2132 0.109425
24.2204 0.109372
24.2276 0.109325
24.2348 0.109284
24.242 0.109249
24.2492 0.109343
24.2564 0.1093
24.2636 0.109262
24.2708 0.10923
24.278 0.109201
24.2852 0.109301
24.2923 0.109263
24.2995 0.10923
24.3067 0.109202
24.3139 0.109176
24.3211 0.109279
24.3283 0.109244
24.3355 0.109214
24.3427 0.109187
24.3535 0.109664
24.4807 0.110206
24.5743 0.110055
24.5815 0.109923
24.5887 0.109808
24.5959 0.109707
24.6031 0.109743
24.6103 0.109651
24.6175 0.109569
24.6247 0.109498
24.6319 0.109436
24.6391 0.109506
24.6463 0.109443
24.6535 0.109388
24.6607 0.109339
24.6679 0.109297
24.6751 0.109385
24.6823 0.109337
24.6895 0.109295
24.6967 0.109258
24.7039 0.109225
24.7111 0.109322
24.7183 0.109282
24.7255 0.109247
24.7327 0.109216
24.7398 0.109189
24.747 0.10929
24.7542 0.109254
24.7614 0.109222
24.7686 0.109194
24.7758 0.10917
24.783 0.109274
24.7902 0.10924
24.7974 0.10921
24.8046 0.109183
24.8118 0.109161
24.819 0.109265
24.8262 0.109357
24.8334 0.109313
24.8406 0.109274
24.8478 0.109239
24.855 0.109334
24.8622 0.109418
24.8694 0.109365
24.8766 0.10932
24.8838 0.10928
24.891 0.109245
24.8982 0.109339
24.9054 0.109297
24.9126 0.10926
24.927 0.109227
24.9342 0.109324
24.9414 0.109283
24.9486 0.109248
24.9558 0.109217
24.963 0.10919
24.9702 0.109291
24.9774 0.109255
24.9846 0.109223
24.9918 0.109195
24.9989 0.109171
25.0061 0.109274
25.0133 0.10924
25.0205 0.10921
25.0277 0.109184
25.0362 0.109286
25.0434 0.10925
25.0506 0.109219
25.0578 0.109191
25.065 0.109168
25.0722 0.109272
25.0794 0.109238
25.0866 0.109208
25.0938 0.109182
25.101 0.109159
25.1082 0.109264
25.1154 0.109231
25.1226 0.109202
25.1298 0.109177
25.137 0.109155
25.1442 0.109261
25.1513 0.109228
25.1585 0.109199
25.1657 0.109175
25.1729 0.109153
25.1801 0.109259
25.1873 0.109226
25.1945 0.109198
25.2017 0.109173
25.2089 0.109152
25.2161 0.109258
25.2233 0.109225
25.2305 0.109197
25.2377 0.109173
25.2449 0.109151
25.2521 0.109257
25.2593 0.109225
25.2665 0.109197
25.2737 0.109172
25.2809 0.109151
25.2881 0.109257
25.2953 0.109225
25.3025 0.109197
25.3097 0.109172
25.3169 0.109151
25.3241 0.109257
25.3313 0.109225
25.3385 0.109197
25.3457 0.109172
25.3529 0.109151
25.3601 0.109257
25.3673 0.109225
25.3745 0.109197
25.3817 0.109172
25.3889 0.10915
25.3961 0.109257
25.4033 0.109225
25.4104 0.109197
25.4176 0.109172
25.4248 0.10915
25.432 0.109257
25.4392 0.109225
25.4464 0.109196
25.4536 0.109172
25.4608 0.10915
25.468 0.109257
25.4752 0.109225
25.4824 0.109196
25.4896 0.109172
25.4968 0.10915
25.504 0.109257
25.5112 0.10935
25.5184 0.109306
25.5256 0.109268
25.5328 0.109234
25.54 0.109205
25.5472 0.109304
25.5544 0.109266
25.5616 0.109233
25.5688 0.109204
25.576 0.109178
25.5832 0.109281
25.5904 0.109246
25.5976 0.109215
25.6048 0.109188
25.612 0.109165
25.6192 0.109269
25.6264 0.109236
25.6336 0.109206
25.6408 0.10918
25.648 0.109158
25.6588 0.109638
25.8795 0.109558
25.8831 0.109614
25.8903 0.109537
25.8975 0.10947
25.9047 0.109411
25.9119 0.10936
25.9191 0.10944
25.9263 0.109385
25.9816 0.109337
25.9888 0.109295
25.996 0.109258
26.0032 0.109351
26.0104 0.109307
26.0176 0.109268
26.0248 0.109235
26.0319 0.109205
26.0391 0.109305
26.0463 0.109267
26.0535 0.109233
26.0607 0.109204
26.0679 0.109179
26.0751 0.109281
26.0823 0.109246
26.0895 0.109215
26.0967 0.109188
26.1039 0.109165
26.1111 0.109269
26.1183 0.109236
26.1255 0.109206
26.1327 0.10918
26.1399 0.109158
26.1507 0.109638
26.6951 0.109683
26.7023 0.109598
26.8043 0.109523
26.8115 0.109458
26.9135 0.109401
26.9207 0.10935
27.0227 0.109307
27.0299 0.109268
27.132 0.109235
27.1392 0.10933
27.2412 0.109414
27.2484 0.109362
27.3504 0.109317
27.3576 0.109277
27.4596 0.109243
27.4668 0.109212
27.5688 0.109186
27.576 0.109288
27.678 0.109377
27.6852 0.10933
27.7873 0.109288
27.7945 0.109252
27.8965 0.109221
27.9037 0.109193
28.0057 0.109169
28.0129 0.109148
28.1149 0.109129
28.1221 0.109238
28.2241 0.109333
28.2313 0.109292
28.2385 0.109255
28.2457 0.109223
28.2529 0.109195
28.2601 0.109296
28.2673 0.109259
28.2745 0.109227
28.2817 0.109198
28.2889 0.109174
28.2961 0.109277
28.3033 0.109242
28.3177 0.109212
28.3249 0.109185
28.3321 0.109287
28.3393 0.109251
28.3465 0.10922
28.3537 0.109192
28.3609 0.109168
28.3681 0.109272
28.3753 0.109238
28.3825 0.109209
28.3897 0.109182
28.3969 0.10916
28.404 0.109265
28.4112 0.109232
28.4184 0.109203
28.4269 0.109177
28.4341 0.10928
28.4413 0.109245
28.4485 0.109214
28.4557 0.109188
28.6765 0.121039
28.6837 0.119534
28.6909 0.118218
28.6981 0.11719
28.7053 0.116167
28.7125 0.115271
28.7197 0.114487
28.7269 0.113801
28.734 0.113326
28.7412 0.112785
28.7484 0.112312
28.7556 0.111898
28.7628 0.111536
28.77 0.111344
28.7772 0.111051
28.7844 0.110794
28.7916 0.11057
28.7988 0.110374
28.806 0.110327
28.8132 0.110161
28.8204 0.110016
28.8276 0.109889
28.8348 0.109778
28.842 0.109806
28.8492 0.10983
28.8564 0.109726
28.8636 0.109635
28.8708 0.109556
28.878 0.109487
28.8852 0.109551
28.8924 0.109482
28.8996 0.109422
28.9068 0.109369
28.914 0.109323
28.9212 0.109407
28.9284 0.109357
28.9356 0.109312
28.9428 0.109273
28.95 0.109239
28.9572 0.109334
28.9644 0.109292
28.9716 0.109256
28.9788 0.109224
28.986 0.109196
28.9931 0.109296
29.0003 0.109259
29.0075 0.109227
29.0147 0.109198
29.0219 0.109174
29.0291 0.109277
29.0363 0.109242
29.0435 0.109212
29.0507 0.109186
29.0579 0.109162
29.0651 0.109267
29.0723 0.109234
29.0795 0.109204
29.0867 0.109179
29.0939 0.109157
29.1011 0.109262
29.1083 0.109229
29.1155 0.109201
29.1227 0.109176
29.1299 0.109154
29.1371 0.109259
29.1443 0.109227
29.1515 0.109199
29.1587 0.109174
29.1731 0.109277
29.1803 0.109242
29.1875 0.109212
29.1947 0.109186
29.2019 0.109162
29.2091 0.109267
29.2163 0.109234
29.2235 0.109204
29.2379 0.109179
29.2451 0.109282
29.2522 0.109246
29.2594 0.109216
29.2666 0.109189
29.2738 0.109165
29.2823 0.109144
29.2895 0.109126
29.2967 0.109111
29.3039 0.109097
29.3111 0.10921
29.3183 0.109183
29.3255 0.109161
29.3327 0.10914
29.3399 0.109123
29.3471 0.109233
29.3543 0.109203
29.3615 0.109178
29.3687 0.109156
29.3759 0.109136
29.3831 0.109244
29.3903 0.109214
29.3975 0.109187
29.4046 0.109164
29.4118 0.109143
29.419 0.10925
29.4262 0.109219
29.4334 0.109192
29.4406 0.109168
29.4478 0.109147
29.455 0.109253
29.4622 0.109222
29.4694 0.109194
29.4766 0.10917
29.4838 0.109149
29.491 0.109255
29.4982 0.109348
29.5054 0.109305
29.5126 0.109267
29.5198 0.109233
29.527 0.109329
29.5342 0.109413
29.5414 0.109361
29.5486 0.109316
29.5558 0.109277
29.563 0.109242
29.5702 0.109337
29.5774 0.109295
29.5846 0.109258
29.5918 0.109226
29.599 0.109197
29.6062 0.109298
29.6134 0.109261
29.6206 0.109228
29.6278 0.109199
29.635 0.109175
29.6422 0.109278
29.6494 0.109243
29.6637 0.109213
29.6709 0.109186
29.6781 0.109288
29.6853 0.109252
29.6925 0.10922
29.6997 0.109193
29.7069 0.109169
29.7141 0.109273
29.7213 0.109239
29.7285 0.109209
29.9506 0.121058
29.9578 0.11955
29.965 0.118232
29.9722 0.117203
29.9794 0.116177
29.9866 0.11528
29.9938 0.114495
30.0009 0.113808
30.0081 0.113332
30.0153 0.112791
30.0225 0.112317
30.0297 0.111902
30.0369 0.111539
30.0441 0.111347
30.0513 0.111054
30.0585 0.110797
30.0657 0.110572
30.0729 0.110376
30.0801 0.110329
30.0873 0.110163
30.0945 0.110017
30.1017 0.10989
30.1089 0.109779
30.1161 0.109807
30.1233 0.109706
30.1305 0.109618
30.1377 0.10954
30.1449 0.109473
30.1521 0.109539
30.1593 0.109471
30.1665 0.109412
30.1737 0.109361
30.1809 0.109316
30.1881 0.109401
30.1953 0.109351
30.2025 0.109307
30.2097 0.109269
30.2169 0.109235
30.2241 0.109331
30.2313 0.109289
30.2385 0.109253
30.2457 0.109222
30.2529 0.109194
30.26 0.109295
30.2672 0.109258
30.2744 0.109226
30.2816 0.109197
30.2888 0.109173
30.296 0.109276
30.3032 0.109242
30.3104 0.109211
30.3176 0.109185
30.3248 0.109162
30.332 0.109267
30.3392 0.109233
30.3464 0.109204
30.3536 0.109179
30.3608 0.109156
30.368 0.109262
30.3752 0.109354
30.3824 0.10931
30.3896 0.109271
30.3968 0.109237
30.404 0.109208
30.4112 0.109307
30.4184 0.109268
30.4256 0.109235
30.4328 0.109205
30.44 0.10918
30.4472 0.109282
30.4544 0.109247
30.4616 0.109216
30.4688 0.109189
30.476 0.109165
30.4832 0.10927
30.4904 0.109236
30.4976 0.109207
30.5048 0.109181
30.512 0.109158
30.5191 0.109263
30.5263 0.10923
30.5335 0.109202
30.5407 0.109176
30.5479 0.109154
30.5551 0.10926
30.5623 0.109228
30.5695 0.109199
30.5767 0.109174
30.5839 0.109152
30.5911 0.109258
30.5983 0.109226
30.6055 0.109198
30.6127 0.109173
30.6199 0.109151
30.6271 0.109258
30.6343 0.109225
30.6415 0.109197
30.6487 0.109173
30.6559 0.109151
30.6631 0.109257
30.6703 0.109225
30.6775 0.109197
30.6847 0.109172
30.6955 0.109651
31.0183 0.121944
31.0255 0.120326
31.0327 0.118911
31.0399 0.117672
31.0471 0.116713
31.0543 0.115749
31.0687 0.114905
31.0759 0.114167
31.0831 0.113646
31.0903 0.113065
31.0975 0.112557
31.1047 0.112113
31.1119 0.111723
31.1191 0.111508
31.1263 0.111195
31.1335 0.11092
31.1407 0.11068
31.1479 0.11047
31.1551 0.110411
31.1623 0.110235
31.1695 0.110081
31.1779 0.109946
31.1851 0.109952
31.1923 0.109833
31.1995 0.109729
31.2067 0.109638
31.2139 0.109558
31.2211 0.109613
31.2283 0.109537
31.2355 0.10947
31.2427 0.109411
31.2499 0.10936
31.2571 0.10944
31.2643 0.109385
31.2715 0.109337
31.2787 0.109295
31.2859 0.109258
31.2931 0.10935
31.3003 0.109307
31.3075 0.109268
31.3147 0.109235
31.3219 0.109205
31.329 0.109305
31.3362 0.109267
31.3434 0.109233
31.3506 0.109204
31.3578 0.109179
31.365 0.109281
31.3722 0.109246
31.3794 0.109215
31.3866 0.109188
31.3938 0.109165
31.401 0.109269
31.4082 0.109236
31.4154 0.109206
31.4226 0.10918
31.4298 0.109158
31.557 0.109388
31.6614 0.10984
31.875 0.12111
31.8822 0.119721
31.8894 0.118381
31.8966 0.117208
31.9038 0.116182
31.911 0.115284
31.9182 0.114624
31.9254 0.113921
31.9326 0.113306
31.9398 0.112768
31.9506 0.112797
32.1641 0.123822
32.1713 0.121969
32.1785 0.120348
32.1857 0.11893
32.1929 0.117688
32.2001 0.116727
32.2073 0.115761
32.2145 0.114916
32.2217 0.114177
32.2289 0.11353
32.2361 0.113088
32.2433 0.112577
32.2505 0.11213
32.2577 0.111739
32.2649 0.111397
32.2721 0.111222
32.2793 0.110944
32.2865 0.110701
32.2937 0.110489
32.3009 0.110302
32.3081 0.110265
32.3225 0.110107
32.3297 0.109968
32.3369 0.109847
32.3441 0.109866
32.3513 0.109758
32.3585 0.109663
32.3657 0.10958
32.3729 0.109508
32.3801 0.109569
32.3873 0.109498
32.3944 0.109436
32.4016 0.109381
32.4088 0.109334
32.416 0.109417
32.4232 0.109365
32.4317 0.109319
32.4389 0.109279
32.4461 0.109369
32.4533 0.109323
32.4605 0.109283
32.4677 0.109247
32.4749 0.109217
32.4821 0.109314
32.4893 0.109275
32.4965 0.109241
32.5037 0.109211
32.5109 0.109184
32.5181 0.109286
32.5253 0.109251
32.5325 0.109219
32.5397 0.109192
32.5468 0.109168
32.554 0.109272
32.5612 0.109238
32.5684 0.109208
32.5756 0.109182
32.5828 0.109159
32.59 0.109264
32.5972 0.109231
32.6044 0.109202
32.6116 0.109177
32.6188 0.109155
32.626 0.109261
32.6332 0.109353
32.6404 0.109309
32.6476 0.10927
32.6548 0.109237
32.662 0.109332
32.6692 0.109415
32.6764 0.109364
32.6836 0.109318
32.6908 0.109278
32.698 0.109244
32.7052 0.109338
32.7124 0.109296
32.7196 0.109259
32.7268 0.109226
32.734 0.109198
32.7412 0.109298
32.7484 0.109261
32.7556 0.109228
32.7628 0.1092
32.77 0.109175
32.7772 0.109278
32.7844 0.109243
32.7916 0.109213
32.7988 0.109186
32.8059 0.109163
32.8131 0.109268
32.8203 0.109234
32.8275 0.109205
32.8347 0.109179
32.8419 0.109157
32.8491 0.109262
32.8563 0.109229
32.8635 0.109201
32.8707 0.109176
32.8779 0.109154
32.8851 0.10926
32.8923 0.109227
32.8995 0.109199
32.9067 0.109174
32.9139 0.109152
32.9211 0.109258
32.9283 0.109226
32.9355 0.109198
32.9427 0.109173
32.9499 0.109151
32.9571 0.109257
32.9643 0.109225
32.9715 0.109197
32.9787 0.109172
32.9859 0.109151
32.9931 0.109257
33.0003 0.109225
33.0075 0.109197
33.0147 0.109172
33.0219 0.109151
33.0291 0.109257
33.0363 0.109225
33.0435 0.109197
33.0507 0.109172
33.0579 0.109151
33.065 0.109257
33.0722 0.109225
33.0794 0.109197
33.0866 0.109172
33.0938 0.10915
33.101 0.109257
33.1118 0.1096
33.431 0.121025
33.4418 0.119522
33.449 0.118331
33.4562 0.11729
33.4634 0.116254
33.4706 0.115347
33.4778 0.114554
33.485 0.113984
33.4922 0.113486
33.4994 0.112926
33.5066 0.112435
33.5138 0.112006
33.521 0.11163
33.5282 0.111426
33.5354 0.111123
33.5426 0.110857
33.5498 0.110625
33.557 0.110422
33.5642 0.110369
33.5714 0.110198
33.5786 0.110048
33.5858 0.109917
33.593 0.109803
33.6002 0.109827
33.6074 0.109724
33.6146 0.109633
33.6218 0.109554
33.6289 0.109485
33.6361 0.109549
33.6433 0.109481
33.6505 0.109421
33.6577 0.109368
33.6649 0.109322
33.6721 0.109407
33.6793 0.109356
33.6865 0.109311
33.6937 0.109273
33.7009 0.109238
33.7081 0.109334
33.7153 0.109292
33.7225 0.109255
33.7297 0.109224
33.7369 0.109196
33.7441 0.109296
33.7585 0.109259
33.7657 0.109227
33.7729 0.109198
33.7801 0.109299
33.7873 0.109261
33.7945 0.109229
33.8017 0.1092
33.8089 0.109175
33.8161 0.109278
33.8233 0.109243
33.8305 0.109213
33.8377 0.109186
33.8449 0.109163
33.8521 0.109268
33.8641 0.109859
33.8713 0.109752
33.8785 0.109658
33.8857 0.109576
33.8929 0.109504
33.9001 0.109566
33.9073 0.109495
33.9145 0.109433
33.9217 0.109379
33.9289 0.109332
33.9361 0.109415
33.9433 0.109363
33.9505 0.109318
33.9577 0.109278
33.9649 0.109243
33.9721 0.109338
33.9793 0.109296
33.9865 0.109259
33.9937 0.109226
34.0081 0.109323
34.0153 0.109283
34.0225 0.109247
34.0297 0.109216
34.0368 0.109189
34.044 0.109291
34.0512 0.109254
34.0584 0.109223
34.0656 0.109195
34.0728 0.10917
34.08 0.109274
34.0872 0.10924
34.0944 0.10921
34.1016 0.109184
34.1137 0.109786
34.1209 0.109687
34.1281 0.109727
34.1353 0.109636
34.1497 0.109556
34.1569 0.109487
34.1641 0.109551
34.1713 0.109482
34.1785 0.109422
34.1856 0.109369
34.1928 0.109323
34.2 0.109408
34.2072 0.109357
34.2144 0.109312
34.2216 0.109273
34.2288 0.109239
34.236 0.109334
34.2432 0.109292
34.2553 0.109881
34.2625 0.109771
34.2697 0.109674
34.2769 0.10959
34.2841 0.109641
34.2913 0.109561
34.2985 0.109491
34.3057 0.10943
34.3129 0.109376
34.3201 0.109454
34.3273 0.109397
34.3344 0.109348
34.5552 0.121179
34.5624 0.119657
34.5696 0.118325
34.5768 0.117159
34.584 0.116264
34.5912 0.115356
34.5984 0.114562
34.6056 0.113866
34.6128 0.113258
34.62 0.112851
34.6272 0.112494
34.6344 0.112058
34.6416 0.111675
34.6488 0.111341
34.656 0.111048
34.6632 0.110917
34.6704 0.110678
34.6776 0.110468
34.6848 0.110284
34.692 0.110124
34.6992 0.110108
34.7064 0.10997
34.7136 0.109849
34.7208 0.109743
34.728 0.10965
34.7352 0.109694
34.7424 0.109607
34.7496 0.109531
34.7568 0.109465
34.764 0.109407
34.7712 0.109481
34.7783 0.109421
34.7855 0.109368
34.7927 0.109322
34.7999 0.109282
34.8071 0.109372
34.8143 0.109325
34.8215 0.109284
34.8287 0.109249
34.8359 0.109218
34.8431 0.109316
34.8503 0.109276
34.8575 0.109242
34.8647 0.109211
34.8719 0.109185
34.8791 0.109287
34.8863 0.109251
34.8935 0.10922
34.9007 0.109192
34.9079 0.109168
34.9151 0.109272
34.9223 0.109238
34.9295 0.109208
34.9367 0.109182
34.9439 0.10916
34.9511 0.109265
34.9583 0.109232
34.9655 0.109203
34.9727 0.109177
34.9799 0.109155
34.9871 0.109261
34.9943 0.109228
35.0015 0.1092
35.0087 0.109175
35.0159 0.109153
35.0231 0.109259
35.0303 0.109226
35.0374 0.109198
35.0483 0.109673
35.2618 0.120964
35.269 0.119594
35.2762 0.118269
35.2834 0.117111
35.2906 0.116097
35.2978 0.11521
35.305 0.114559
35.3122 0.113989
35.3194 0.113365
35.3266 0.11282
35.3338 0.112342
35.341 0.112049
35.3482 0.111793
35.3554 0.111444
35.3626 0.111139
35.3698 0.110871
35.377 0.110637
35.3842 0.110558
35.3914 0.110363
35.3986 0.110193
35.4058 0.110043
35.413 0.109913
35.4202 0.109924
35.6458 0.109558
35.6518 0.109489
35.659 0.109428
35.6662 0.109499
35.6734 0.109437
35.7466 0.117632
35.7538 0.116553
35.761 0.115609
35.7682 0.114908
35.7754 0.114169
35.7826 0.113523
35.7898 0.112958
35.8006 0.112963
36.0106 0.123468
36.0214 0.121659
36.0285 0.120077
36.0357 0.118692
36.0429 0.117481
36.0501 0.116546
36.0573 0.115602
36.0645 0.114777
36.0717 0.114055
36.0789 0.113423
36.0861 0.112995
36.0933 0.112496
36.1005 0.112059
36.1077 0.111676
36.1149 0.111342
36.1221 0.111174
36.1293 0.110902
36.1365 0.110665
36.1437 0.110457
36.1509 0.110274
36.1581 0.11024
36.1653 0.110085
36.1725 0.109949
36.1797 0.109831
36.1869 0.109727
36.1941 0.109761
36.2013 0.109666
36.2085 0.109583
36.2157 0.10951
36.2229 0.109446
36.2301 0.109515
36.2373 0.109451
36.2445 0.109395
36.2517 0.109345
36.2589 0.109302
36.2661 0.109389
36.2733 0.109341
36.2805 0.109298
36.2876 0.109261
36.2948 0.109228
36.302 0.109325
36.3092 0.109284
36.3164 0.109249
36.3236 0.109218
36.3308 0.10919
36.338 0.109292
36.3452 0.109255
36.3524 0.109223
36.3596 0.109195
36.3668 0.109171
36.374 0.109275
36.3812 0.109365
36.3884 0.10932
36.3956 0.10928
36.4028 0.109245
36.41 0.109339
36.4172 0.109422
36.4244 0.109369
36.4316 0.109323
36.4388 0.109283
36.446 0.109247
36.4532 0.109341
36.4604 0.109299
36.4676 0.109261
36.4748 0.109229
36.482 0.1092
36.4892 0.1093
36.4964 0.109263
36.5036 0.10923
36.5108 0.109201
36.518 0.109176
36.5252 0.109279
36.5324 0.109244
36.5396 0.109214
36.5468 0.109187
36.5539 0.109163
36.5611 0.109268
36.5683 0.109235
36.5755 0.109205
36.5827 0.10918
36.5899 0.109157
36.5971 0.109262
36.6043 0.10923
36.6115 0.109201
36.6187 0.109176
36.6259 0.109154
36.6331 0.10926
36.6403 0.109227
36.6475 0.109199
36.6547 0.109174
36.6619 0.109152
36.6691 0.109258
36.6763 0.109226
36.6835 0.109198
36.6907 0.109173
36.6979 0.109151
36.7087 0.109632
36.9223 0.121053
36.9295 0.119547
36.9367 0.118228
36.9439 0.117075
36.9511 0.11619
36.9583 0.115292
36.9655 0.114505
36.9727 0.113817
36.9799 0.113215
36.9871 0.112813
36.9942 0.112336
37.0014 0.111919
37.0086 0.111554
37.0158 0.111235
37.023 0.111081
37.0302 0.110821
37.0374 0.110593
37.0446 0.110394
37.0518 0.11022
37.059 0.110192
37.0662 0.110043
37.0734 0.109913
37.0806 0.109799
37.0878 0.109699
37.3086 0.121487
37.3158 0.119926
37.323 0.11856
37.5546 0.117365
37.6543 0.127944
37.6615 0.125576
37.6687 0.123504
37.6759 0.121691
37.6831 0.12023
37.6902 0.118826
37.6974 0.117598
37.7046 0.116523
37.7118 0.115583
37.719 0.114885
37.7262 0.114149
37.7334 0.113506
37.7406 0.112942
37.7478 0.11245
37.755 0.112143
37.7622 0.11175
37.7694 0.111407
37.7766 0.111106
37.7838 0.110843
37.791 0.110737
37.7982 0.110645
37.8054 0.110439
37.8126 0.11026
37.8198 0.110102
37.827 0.109964
37.8342 0.109969
37.8414 0.109848
37.8486 0.109742
37.8558 0.109649
37.863 0.109568
37.8702 0.109622
37.8774 0.109544
37.8846 0.109476
37.8918 0.109417
37.899 0.109365
38.1257 0.109194
38.1306 0.10917
38.2254 0.120149
38.2326 0.118755
38.2398 0.117536
38.247 0.116469
38.2542 0.11566
38.2686 0.114828
38.2758 0.114099
38.283 0.113462
38.2902 0.113029
38.2974 0.112525
38.3046 0.112085
38.3117 0.111699
38.3189 0.111362
38.3261 0.111192
38.3333 0.110918
38.7846 0.110678
38.7918 0.110468
38.799 0.11041
38.8062 0.110233
38.8134 0.110079
38.8206 0.109944
38.8278 0.109826
38.8657 0.113598
38.8939 0.113023
38.9011 0.112645
38.9083 0.11219
38.9155 0.111791
38.9227 0.111442
38.9298 0.111137
38.937 0.110995
38.975 0.110745
39.0031 0.110652
39.2215 0.121821
39.2287 0.120218
39.2359 0.118816
39.2431 0.117714
39.2503 0.116625
39.2575 0.115672
39.2647 0.114838
39.2719 0.114108
39.3272 0.119594
39.3343 0.11827
39.3415 0.117111
39.3487 0.116097
39.3559 0.11521
39.3631 0.114559
39.3703 0.113864
39.3775 0.113256
39.476 0.124099
39.4867 0.122212
39.5852 0.120685
39.596 0.119225
39.6944 0.117947
39.7016 0.116828
39.7088 0.11585
39.716 0.114993
39.7232 0.114369
39.7304 0.113698
39.7376 0.113111
39.7448 0.112597
39.8 0.118147
39.8072 0.117129
39.8144 0.116113
39.8216 0.115224
39.836 0.114446
39.8432 0.11389
39.8504 0.113279
39.9056 0.118744
39.9128 0.117526
39.92 0.116585
39.9272 0.115762
39.9416 0.115792
39.9488 0.114943
39.956 0.1142
39.9632 0.113675
40.0112 0.118216
40.0184 0.117064
40.0256 0.116056
40.0328 0.115174
40.0472 0.115402
40.0544 0.114602
40.0616 0.113902
40.0688 0.113289
40.1169 0.117878
40.124 0.116893
40.1312 0.115906
40.1384 0.115043
40.1528 0.115163
40.16 0.114517
40.1672 0.113828
40.1744 0.113224
40.2225 0.117821
40.2369 0.116719
40.2441 0.115879
40.2585 0.115894
40.2657 0.115032
40.2728 0.114278
40.28 0.113743
40.3281 0.118275
40.3425 0.117991
40.3497 0.116867
40.3569 0.115884
40.3641 0.115148
40.3713 0.11438
40.3785 0.113707
40.3857 0.113119
40.4337 0.117729
40.4481 0.117638
40.4553 0.116558
40.4625 0.115613
40.4697 0.114787
40.4769 0.114063
40.4841 0.113555
40.4913 0.112986
40.5393 0.117613
40.5537 0.117411
40.5609 0.11636
40.783 0.127315
40.7902 0.12515
40.7974 0.123132
40.8046 0.121365
40.8118 0.11982
40.819 0.118467
40.8261 0.117409
40.8333 0.116358
40.8405 0.115438
40.8922 0.114758
40.8994 0.114038
40.9066 0.113409
40.9138 0.112858
40.921 0.112375
40.9282 0.112078
40.9354 0.111694
40.9426 0.111357
40.9498 0.111062
41.0014 0.110805
41.0086 0.110579
41.0194 0.110882
41.1466 0.110646
41.2414 0.121441
41.2498 0.119886
41.257 0.118525
41.2642 0.117459
41.2714 0.116402
41.2786 0.115477
41.2857 0.114667
41.2929 0.113959
41.3001 0.113464
41.3073 0.112906
41.347 0.116543
41.359 0.1156
41.3662 0.1149
41.3734 0.114162
41.3806 0.113517
41.3878 0.112952
41.395 0.112458
41.4022 0.112151
41.4094 0.111757
41.4166 0.111413
41.4563 0.111111
41.4682 0.110972
41.4754 0.110726
41.4826 0.11051
41.4898 0.110321
41.497 0.110156
41.5042 0.110136
41.5114 0.109994
41.5186 0.10987
41.5258 0.109761
41.5655 0.109666
41.5774 0.109583
41.5846 0.10951
41.5918 0.109446
41.599 0.109516
41.6062 0.109576
41.6134 0.109504
41.6206 0.109441
41.6278 0.109386
41.635 0.109338
41.6747 0.109295
41.6902 0.109759
41.9051 0.121164
41.9123 0.119643
41.9195 0.118313
41.9267 0.117149
41.9339 0.11613
41.9411 0.115364
41.9483 0.114568
41.9555 0.113872
41.9627 0.113263
41.9699 0.11273
42.0143 0.112264
42.0215 0.111856
42.2363 0.122499
42.2507 0.120812
42.2579 0.119335
42.2651 0.118168
42.2723 0.117022
42.2795 0.116019
42.2867 0.115142
42.2939 0.114374
42.3011 0.113828
42.3083 0.113224
42.342 0.115946
42.3564 0.116078
42.3635 0.115193
42.3707 0.114419
42.3779 0.113742
42.3851 0.113274
42.3923 0.11274
42.3995 0.112272
42.4067 0.111863
42.4139 0.111505
42.4476 0.114567
42.462 0.114746
42.4692 0.114153
42.4764 0.113509
42.4836 0.112945
42.4908 0.112452
42.498 0.112021
42.5052 0.111768
42.5123 0.111422
42.5195 0.111119
42.5532 0.114229
42.5676 0.114451
42.5748 0.113769
42.582 0.113173
42.5892 0.112777
42.5964 0.112304
42.6036 0.111891
42.6108 0.11153
42.618 0.111214
42.6252 0.111062
42.6588 0.114054
42.6732 0.114422
42.6804 0.113745
42.6876 0.113152
42.6948 0.112633
42.702 0.112179
42.7092 0.111906
42.7164 0.111543
42.7236 0.111225
42.7308 0.110947
42.7644 0.114079
42.7788 0.114319
42.786 0.113779
42.7932 0.113307
42.8004 0.112768
42.8076 0.112297
42.8184 0.112385
43.0333 0.123462
43.0405 0.121654
43.0477 0.120072
43.0549 0.118688
43.062 0.117602
43.0692 0.116527
43.0764 0.115586
43.0836 0.114763
43.0908 0.114043
43.098 0.113537
43.1389 0.117095
43.1461 0.116208
43.1533 0.115307
43.1605 0.114519
43.1677 0.113829
43.1749 0.113225
43.1821 0.112822
43.1893 0.112344
43.1965 0.111926
43.2037 0.111561
43.2445 0.11549
43.4701 0.126554
43.4773 0.12436
43.4845 0.12244
43.4917 0.12076
43.4989 0.11929
43.5061 0.118129
43.5133 0.116988
43.5205 0.115989
43.5277 0.115116
43.5349 0.114351
43.5421 0.113807
43.5829 0.113581
43.5901 0.113134
43.5973 0.112617
43.6045 0.112165
43.6117 0.111769
43.6189 0.111423
43.6261 0.111245
43.6333 0.110965
43.6405 0.110719
43.6477 0.110504
43.6886 0.114566
43.6958 0.11387
43.703 0.113262
43.7102 0.112854
43.7174 0.112372
43.7246 0.111951
43.7317 0.111582
43.7389 0.111259
43.7461 0.111102
43.7533 0.110839
43.7942 0.114859
43.8014 0.114127
43.8086 0.113486
43.8158 0.112925
43.823 0.112434
43.8374 0.112005
43.8446 0.11163
43.8518 0.111301
43.859 0.111013
43.8998 0.115012
43.907 0.11426
43.9142 0.113728
43.9214 0.113137
43.9286 0.11262
43.943 0.113042
43.9502 0.112662
43.9574 0.112204
43.9646 0.111804
43.9718 0.111453
44.0054 0.114522
44.0126 0.113831
44.0198 0.113227
44.027 0.112824
44.0342 0.112471
44.0486 0.112912
44.0558 0.112423
44.063 0.111995
44.0702 0.111746
44.0774 0.111403
44.111 0.114477
44.1182 0.113793
44.1254 0.113194
44.1326 0.112669
44.1398 0.112211
44.1542 0.112809
44.1614 0.112333
44.1686 0.111917
44.1758 0.111552
44.183 0.111358
44.2167 0.114438
44.2238 0.113758
44.231 0.113289
44.2382 0.112753
44.2454 0.112283
44.2598 0.112748
44.267 0.112405
44.2742 0.111979
44.2814 0.111607
44.2886 0.111281
44.3223 0.114371
44.3295 0.113699
44.3367 0.113112
44.3439 0.112598
44.3511 0.112273
44.3655 0.112739
44.3726 0.112272
44.3798 0.111863
44.387 0.11163
44.3942 0.111301
44.4279 0.114263
44.4351 0.113731
44.4423 0.113139
44.4495 0.112622
44.4567 0.112169
44.4783 0.111773
44.4855 0.111426
44.4927 0.111123
44.4999 0.110858
44.5335 0.114
44.5407 0.113375
44.5479 0.112828
44.5551 0.112475
44.5623 0.112041
44.5839 0.11341
44.5911 0.112984
44.5983 0.112486
44.6055 0.11205
44.6127 0.111669
44.6391 0.113835
44.6463 0.113231
44.6535 0.112702
44.6607 0.112239
44.6679 0.111834
44.6895 0.113355
44.6967 0.112811
44.7039 0.112334
44.7111 0.112043
44.7183 0.111662
44.7447 0.113704
44.7519 0.113116
44.7591 0.112727
44.7663 0.112261
44.7735 0.111853
44.7951 0.113372
44.8023 0.112825
44.8095 0.112347
44.8167 0.111929
44.8239 0.111563
44.8504 0.113742
44.8575 0.11315
44.8647 0.112631
44.8719 0.112177
44.8791 0.111905
44.9007 0.113292
44.9079 0.112755
44.9151 0.112411
44.9223 0.111985
44.9295 0.111611
44.956 0.11366
44.9632 0.113203
44.9704 0.112677
44.9776 0.112218
44.9848 0.111815
45.0063 0.113338
45.0135 0.112796
45.0207 0.112322
45.0279 0.111906
45.0351 0.111668
45.0616 0.11371
45.0688 0.113121
45.076 0.112606
45.0832 0.11228
45.0904 0.11187
45.112 0.113261
45.1192 0.112854
45.1264 0.112372
45.1336 0.11195
45.1408 0.111582
45.1672 0.113759
45.1744 0.113164
45.1816 0.112644
45.1888 0.112188
45.196 0.11179
45.2176 0.113316
45.2248 0.112776
45.232 0.112304
45.2392 0.112016
45.2464 0.111639
45.2728 0.113684
45.28 0.113224
45.2872 0.112821
45.2944 0.112343
45.3016 0.111925
45.3232 0.113435
45.3304 0.11288
45.3376 0.112395
45.3448 0.111971
45.352 0.1116
45.3784 0.113775
45.3856 0.113178
45.3928 0.112656
45.4 0.112324
45.4072 0.111908
45.4288 0.113295
45.436 0.112883
45.4432 0.112522
45.4504 0.112082
45.4576 0.111697
45.4841 0.11386
45.4913 0.113252
45.4984 0.112721
45.5056 0.112256
45.5128 0.111849
45.5344 0.113368
45.5416 0.112822
45.5488 0.112344
45.556 0.112051
45.5632 0.11167
45.5897 0.113711
45.5969 0.113122
45.6041 0.112732
45.6113 0.112265
45.6185 0.111857
45.6401 0.113375
45.6472 0.112828
45.6544 0.11235
45.6688 0.111931
45.6953 0.114065
45.7025 0.113431
45.7097 0.112878
45.7169 0.112393
45.7241 0.112094
45.7457 0.113457
45.7529 0.1129
45.7601 0.112537
45.7745 0.11297
45.7817 0.112474
45.8009 0.11354
45.8081 0.113097
45.8153 0.112585
45.8225 0.112137
45.8297 0.111745
45.8513 0.113277
45.8585 0.112742
45.8657 0.112274
45.8801 0.112865
45.8873 0.112382
45.9065 0.113459
45.9137 0.112902
45.9209 0.112414
45.9281 0.112112
45.9353 0.111723
45.9569 0.113133
45.9641 0.112741
45.9713 0.112274
45.9857 0.112739
45.9929 0.112272
46.0121 0.113488
46.0193 0.112927
46.0265 0.112436
46.0337 0.112007
46.0409 0.111631
46.0625 0.113177
46.0697 0.112655
46.0769 0.112198
46.0913 0.112798
46.0985 0.112323
46.1178 0.113408
46.125 0.112857
46.1321 0.1125
46.1393 0.112062
46.1465 0.11168
46.1681 0.11322
46.1753 0.112692
46.1825 0.112231
46.1969 0.112702
46.2041 0.112364
46.2234 0.113444
46.2306 0.112888
46.2378 0.112402
46.245 0.111977
46.2522 0.11173
46.2738 0.113139
46.2809 0.112621
46.2881 0.112294
46.3025 0.112757
46.3097 0.112287
46.329 0.113376
46.3362 0.112954
46.3434 0.11246
46.3506 0.112028
46.3578 0.111649
46.3794 0.113193
46.3866 0.112669
46.3938 0.11221
46.4082 0.112809
46.4154 0.112333
46.4346 0.113416
46.4418 0.112864
46.449 0.112381
46.4562 0.112084
46.4634 0.111698
46.485 0.113111
46.4922 0.112722
46.5138 0.113132
46.521 0.112615
46.7515 0.123538
46.7587 0.121721
46.7659 0.120131
46.7731 0.118865
46.7803 0.117631
46.7875 0.116553
46.7947 0.115608
46.8019 0.114782
46.8163 0.11406
46.8235 0.113427
46.8607 0.112874
46.8679 0.11239
46.8751 0.112091
46.8823 0.111704
46.8895 0.111366
46.8967 0.111071
46.9039 0.110812
46.9111 0.11071
46.9255 0.110497
46.9327 0.110309
46.9399 0.110146
46.9699 0.110003
46.9771 0.110002
46.9843 0.109877
46.9915 0.109767
46.9987 0.109671
47.0059 0.109587
47.0131 0.109639
47.0203 0.109559
47.0347 0.109489
47.0419 0.109428
47.0491 0.1095
47.0791 0.109562
47.0863 0.109492
47.0935 0.10943
47.1007 0.109377
47.1079 0.10933
47.1151 0.109413
47.1223 0.109362
47.1295 0.109316
47.1439 0.109277
47.1511 0.109367
47.1583 0.109321
47.1883 0.109281
47.1955 0.109246
47.2027 0.109215
47.2099 0.109188
47.2171 0.10929
47.2243 0.109254
47.2315 0.109222
47.2387 0.109194
47.2531 0.109295
47.2603 0.109258
47.2675 0.109226
47.2976 0.109198
47.3048 0.109173
47.312 0.109151
47.3192 0.109257
47.3263 0.109225
47.3335 0.109197
47.3407 0.109172
47.3479 0.109151
47.3623 0.109132
47.3695 0.109115
47.4068 0.109101
47.414 0.109088
47.4212 0.109202
47.4284 0.109177
47.4356 0.109155
47.4428 0.109136
47.45 0.109119
47.4572 0.109229
47.4715 0.1092
47.4787 0.109175
47.516 0.109153
47.5232 0.109259
47.5304 0.109227
47.5376 0.109198
47.5448 0.109174
47.552 0.109152
47.5592 0.109258
47.5664 0.109226
47.5736 0.109197
47.5808 0.109173
47.588 0.109151
47.6252 0.109257
47.6324 0.109225
47.6396 0.109197
47.6468 0.109172
47.654 0.109151
47.6612 0.109257
47.6684 0.109225
47.6756 0.109197
47.6828 0.109172
47.69 0.109151
47.6972 0.109257
47.7344 0.109225
47.7416 0.109197
47.7488 0.109172
47.756 0.109276
47.7632 0.109366
47.7704 0.10932
47.7776 0.10928
47.7848 0.109245
47.792 0.109215
47.7992 0.109313
47.8064 0.109274
47.8436 0.109239
47.8508 0.10921
47.858 0.109308
47.8652 0.10927
47.8724 0.109236
47.8796 0.109207
47.8868 0.109181
47.894 0.109283
47.9012 0.109373
47.9084 0.109326
47.9156 0.109285
47.9529 0.10925
47.96 0.109343
47.9672 0.109301
47.9744 0.109263
47.9816 0.10923
47.9888 0.109201
47.996 0.109301
48.0032 0.109264
48.0104 0.109231
48.0176 0.109202
48.0248 0.109177
48.0621 0.109279
48.0693 0.109245
48.0765 0.109214
48.0837 0.109187
48.0909 0.109164
48.0981 0.109268
48.1053 0.109235
48.1124 0.109205
48.1196 0.10918
48.1268 0.109157
48.134 0.109263
48.1713 0.10923
48.1785 0.109201
48.1857 0.109176
48.1929 0.109154
48.2001 0.10926
48.2073 0.109227
48.2145 0.109199
48.2217 0.109174
48.2289 0.109152
48.2361 0.109258
48.2433 0.109226
48.2805 0.109198
48.2877 0.109173
48.2949 0.109151
48.3021 0.109257
48.3093 0.109225
48.3165 0.109197
48.3237 0.109172
48.3309 0.109151
48.3381 0.109257
48.3453 0.109225
48.3525 0.109197
48.3897 0.109172
48.3969 0.109151
48.4041 0.109257
48.4113 0.109225
48.4185 0.109197
48.4257 0.109172
48.4329 0.109151
48.4401 0.109257
48.4473 0.109225
48.4545 0.109197
48.4989 0.113797
48.7174 0.113197
48.7246 0.112673
48.7318 0.112214
48.739 0.111812
48.7462 0.111585
48.7534 0.111262
48.7606 0.110979
48.7678 0.110732
48.775 0.110516
48.7822 0.110451
48.7894 0.11027
48.823 0.113486
48.8302 0.11305
48.8374 0.112544
48.8446 0.112101
48.8518 0.111713
48.859 0.111374
48.8662 0.111202
48.8734 0.110927
48.8806 0.110686
48.8878 0.110475
48.895 0.110291
48.9286 0.113505
48.9358 0.112942
48.943 0.112574
48.9502 0.112252
48.9574 0.111846
48.9646 0.11149
48.9718 0.111179
48.979 0.110906
48.9862 0.110793
48.9934 0.110569
49.0006 0.110373
49.0342 0.113576
49.0414 0.113004
49.0486 0.112504
49.0558 0.112066
49.063 0.111807
49.0702 0.111457
49.0774 0.111149
49.0846 0.110881
49.0918 0.110646
49.099 0.110565
49.1062 0.110494
49.1399 0.113558
49.147 0.113113
49.1542 0.112599
49.1651 0.112649
49.3799 0.123568
49.3871 0.121872
49.3943 0.120263
49.4087 0.118855
49.4231 0.117748
49.4303 0.116655
49.4375 0.115698
49.4447 0.114861
49.4519 0.114128
49.4855 0.116862
49.4927 0.115879
49.4999 0.115019
49.5143 0.115267
49.5215 0.114484
49.5287 0.113798
49.5395 0.113698
49.7544 0.124611
49.7616 0.12266
49.7687 0.120952
49.7759 0.119458
49.7831 0.118276
49.7903 0.117116
49.7975 0.116102
49.8047 0.115214
49.8119 0.114437
49.8191 0.113883
49.8263 0.113272
49.86 0.115988
49.8672 0.11524
49.8744 0.11446
49.8816 0.113777
49.8888 0.11318
49.896 0.112658
49.9032 0.112325
49.9104 0.11191
49.9175 0.111546
49.9247 0.111228
49.9319 0.110949
49.9656 0.114081
49.9728 0.113446
49.98 0.11289
49.9872 0.112529
49.9944 0.112088
50.2128 0.123077
50.22 0.121442
50.2272 0.119887
50.2344 0.118526
50.2416 0.117335
50.2488 0.116293
50.256 0.115507
50.2632 0.114818
50.2704 0.114091
50.2776 0.113455
50.2848 0.112898
50.292 0.112536
50.322 0.112219
50.3292 0.111816
50.3364 0.111464
50.3436 0.111156
50.3508 0.110887
50.358 0.110776
50.3652 0.110554
50.3724 0.11036
50.3796 0.11019
50.3868 0.110041
50.394 0.110036
50.4012 0.109906
50.4313 0.109793
50.4385 0.109694
50.4457 0.109607
50.4529 0.109531
50.4601 0.10959
50.4672 0.109516
50.4744 0.109452
50.4816 0.109395
50.4888 0.109346
50.496 0.109428
50.5032 0.109374
50.5104 0.109327
50.5405 0.109286
50.5477 0.109251
50.5549 0.109219
50.5621 0.109317
50.5693 0.109277
50.5765 0.109243
50.5837 0.109212
50.5909 0.109186
50.5981 0.109288
50.6053 0.109252
50.6125 0.10922
50.6196 0.109193
50.6497 0.109169
50.6569 0.109147
50.6641 0.109254
50.6713 0.109222
50.6785 0.109194
50.6857 0.10917
50.6929 0.109149
50.7001 0.109255
50.7145 0.109223
50.7217 0.109195
50.7289 0.109171
50.7589 0.10915
50.7661 0.109256
50.7733 0.109224
50.7805 0.109196
50.7877 0.109171
50.7949 0.10915
50.8021 0.109256
50.8093 0.109224
51.0493 0.109196
51.1514 0.109172
51.1586 0.10915
51.1658 0.109131
51.1729 0.109115
51.1801 0.109226
51.1873 0.109197
51.1945 0.109173
51.2017 0.109151
51.2089 0.109132
51.2161 0.109241
51.2233 0.109211
51.2305 0.109184
51.2606 0.109161
51.2678 0.109141
51.275 0.109123
51.2822 0.109233
51.2894 0.109204
51.2966 0.109178
51.3038 0.109156
51.311 0.109137
51.3181 0.109245
51.3253 0.109214
51.5474 0.121062
51.5546 0.119554
51.5618 0.118235
51.569 0.117081
51.5762 0.116196
51.5834 0.115296
51.5906 0.114509
51.5978 0.113821
51.605 0.113218
51.6122 0.112816
51.6194 0.112339
51.6266 0.111921
51.6338 0.111556
51.6566 0.111237
51.6638 0.110957
51.671 0.110837
51.6782 0.110733
51.6854 0.110516
51.6926 0.110327
51.6998 0.110161
51.707 0.110016
51.7142 0.110014
51.7214 0.109887
51.7286 0.109776
51.7358 0.109679
51.743 0.109594
51.7658 0.10952
51.773 0.10958
51.7802 0.109507
51.7874 0.109444
51.7946 0.109389
51.8018 0.10934
51.809 0.109422
51.8162 0.109495
51.8234 0.109433
51.8306 0.109379
51.8378 0.109331
51.845 0.109415
51.8522 0.109488
51.875 0.109552
51.8822 0.109483
51.8894 0.109423
51.8966 0.10937
51.9038 0.109324
52.1223 0.120783
52.1295 0.11931
52.1367 0.118021
52.1439 0.116894
52.1511 0.116032
52.1583 0.115153
52.1655 0.114384
52.1727 0.113711
52.1799 0.113122
52.1871 0.112732
52.1943 0.112265
52.2015 0.111857
52.2087 0.1115
52.2279 0.112688
52.2351 0.112352
52.2423 0.111933
52.2495 0.111566
52.2567 0.111245
52.2639 0.110965
52.2711 0.110844
52.2783 0.110614
52.2855 0.110412
52.2927 0.110235
52.2999 0.110081
52.3071 0.110071
52.3143 0.109937
52.3335 0.11132
52.3407 0.11103
52.3479 0.110776
52.3551 0.110679
52.3623 0.110469
52.3695 0.110286
52.3767 0.110125
52.3839 0.109984
52.3911 0.109986
52.3983 0.109863
52.4055 0.109755
52.4127 0.109661
52.4199 0.109578
52.4391 0.111131
52.4463 0.110864
52.4535 0.110631
52.4607 0.110427
52.4679 0.110249
52.4751 0.110218
52.4823 0.110066
52.4895 0.109932
52.4967 0.109816
52.5039 0.109714
52.5111 0.10975
52.5183 0.109656
52.5255 0.109574
52.5448 0.111002
52.552 0.110752
52.5592 0.110658
52.5664 0.110451
52.5735 0.110269
52.5807 0.110111
52.5879 0.109972
52.5951 0.109975
52.6023 0.109853
52.6095 0.109747
52.6167 0.109653
52.6239 0.109572
52.6311 0.109625
52.6504 0.111047
52.6576 0.110791
52.6648 0.110567
52.672 0.110371
52.6792 0.110325
52.8976 0.121534
52.9048 0.119968
52.912 0.118722
52.9192 0.117631
52.9264 0.116552
52.9336 0.115608
52.9408 0.114782
52.948 0.114185
52.9552 0.113662
52.9624 0.113079
53.1557 0.120819
53.1881 0.119467
53.1952 0.118158
53.2024 0.117013
53.2096 0.116012
53.2168 0.115135
53.224 0.114493
53.2312 0.113807
53.2384 0.113206
53.2456 0.11268
53.2528 0.11222
53.26 0.111943
53.2672 0.111575
53.2744 0.111253
53.2816 0.110971
53.2937 0.11135
53.3009 0.111056
53.3153 0.110799
53.3225 0.110574
53.3297 0.110377
53.3369 0.110205
53.344 0.11018
53.3512 0.110032
53.3584 0.109903
53.3656 0.10979
53.3728 0.109691
53.38 0.10973
53.3872 0.109639
53.3993 0.110184
53.4065 0.110036
53.4209 0.110781
53.4281 0.110684
53.4353 0.110473
53.4425 0.110289
53.4497 0.110128
53.4569 0.109987
53.4641 0.109989
53.4713 0.109865
53.4785 0.109757
53.4857 0.109662
53.4928 0.10958
53.5 0.109632
53.5072 0.109553
53.5144 0.109484
53.5265 0.110048
53.5337 0.109917
53.5409 0.109803
53.5481 0.109827
53.5553 0.109724
53.5625 0.109633
53.5697 0.109554
53.5769 0.109485
53.5841 0.109549
53.5913 0.109481
53.5985 0.109421
53.6057 0.109368
53.6129 0.109322
53.6201 0.109407
53.6321 0.109981
53.6393 0.109858
53.6465 0.109751
53.6537 0.109657
53.6609 0.109575
53.6681 0.109628
53.6753 0.10955
53.6825 0.109481
53.6897 0.109421
53.6969 0.109368
53.7041 0.109447
53.7185 0.109391
53.7257 0.109342
53.7377 0.109925
53.7449 0.109809
53.7521 0.109833
53.7593 0.109729
53.7665 0.109638
53.7737 0.109558
53.7809 0.109488
53.7881 0.109552
53.7953 0.109483
53.8025 0.109423
53.8097 0.10937
53.8241 0.110324
53.8313 0.110158
53.8385 0.110013
53.8457 0.109887
53.8529 0.109776
53.8601 0.109804
53.8673 0.109703
53.8745 0.109616
53.8817 0.109539
53.8889 0.109471
53.8961 0.109537
53.9033 0.10947
53.9105 0.109411
53.9177 0.10936
53.9297 0.10994
53.9369 0.109822
53.9441 0.109845
54.1626 0.121114
54.1698 0.1196
54.177 0.118275
54.1842 0.11724
54.1913 0.11621
54.1985 0.115309
54.2057 0.11452
54.2129 0.11383
54.2201 0.113352
54.2273 0.112808
54.2345 0.112332
54.2417 0.111915
54.2489 0.111551
54.2561 0.111357
54.2633 0.111062
54.2718 0.110805
54.279 0.110579
54.2862 0.110507
54.2934 0.110318
54.3006 0.110154
54.3078 0.110009
54.315 0.109883
54.3222 0.109898
54.3294 0.109786
54.3366 0.109687
54.3437 0.109601
54.3509 0.109526
54.3581 0.109585
54.3653 0.109512
54.3725 0.109448
54.381 0.109392
54.3882 0.109468
54.3954 0.10941
54.4026 0.109358
54.4098 0.109314
54.417 0.109274
54.4242 0.109365
54.4314 0.109319
54.4386 0.10928
54.4458 0.109245
54.453 0.109214
54.4602 0.109312
54.4674 0.109273
54.4818 0.109239
54.4902 0.109334
54.4974 0.109292
54.5046 0.109256
54.5118 0.109224
54.519 0.109196
54.5262 0.109296
54.5334 0.109259
54.5406 0.109227
54.5478 0.109199
54.555 0.109174
54.5622 0.109277
54.5694 0.109242
54.5766 0.109212
54.591 0.109186
54.5982 0.109287
54.6054 0.109251
54.6126 0.10922
54.6198 0.109193
54.627 0.109168
54.6342 0.109272
54.6413 0.109238
54.6485 0.109209
54.6557 0.109182
54.6629 0.10916
54.6701 0.109265
54.6773 0.109232
54.6845 0.109203
54.6917 0.109177
54.7002 0.10928
54.7074 0.109245
54.7146 0.109215
54.7218 0.109188
54.729 0.109164
54.7362 0.109269
54.7434 0.109235
54.7506 0.109206
54.7578 0.10918
54.765 0.109158
54.7722 0.109263
54.7794 0.10923
54.7866 0.109201
54.8009 0.109176
54.8094 0.109154
54.8166 0.109135
54.8238 0.109118
54.831 0.109103
54.8382 0.109215
54.8454 0.109188
54.8526 0.109165
54.8598 0.109144
54.867 0.109126
54.8742 0.109235
54.8814 0.109206
54.8886 0.10918
54.8958 0.109158
54.9102 0.109263
54.9174 0.10923
54.9246 0.109201
54.9318 0.109176
54.9389 0.109154
54.9461 0.10926
54.9533 0.109227
54.9605 0.109199
54.9677 0.109174
54.9749 0.109152
54.9821 0.109258
54.9893 0.109226
55.2078 0.120573
55.215 0.119126
55.2222 0.117985
55.2294 0.116862
55.2366 0.115879
55.2438 0.11502
55.251 0.114267
55.2582 0.113734
55.2654 0.113142
55.2726 0.112624
55.2798 0.112171
55.287 0.111775
55.2942 0.111553
55.3014 0.111234
55.3085 0.110955
55.3157 0.11071
55.3229 0.110496
55.3301 0.110434
55.3373 0.110255
55.3445 0.110098
55.3517 0.109961
55.3589 0.109841
55.3661 0.109861
55.3733 0.109753
55.3805 0.109659
55.3877 0.109577
55.3949 0.109505
55.4021 0.109566
55.4093 0.109496
55.4165 0.109434
55.4237 0.109379
55.4309 0.109332
55.4381 0.109416
55.4453 0.109364
55.4525 0.109318
55.4597 0.109278
55.4669 0.109244
55.4741 0.109338
55.4813 0.109296
55.4885 0.109259
55.4957 0.109227
55.5029 0.109198
55.5101 0.109298
55.5173 0.109261
55.5245 0.109228
55.5317 0.1092
55.5389 0.109175
55.5461 0.109278
55.5533 0.109243
55.5605 0.109213
55.5676 0.109186
55.5748 0.109163
55.582 0.109268
55.5892 0.109234
55.5964 0.109205
55.6036 0.109179
55.6108 0.109157
55.618 0.109262
55.6288 0.109604
55.756 0.109654
55.8509 0.120447
55.8592 0.119141
55.8664 0.117874
55.8736 0.116764
55.8808 0.115794
55.888 0.114945
55.8952 0.114327
55.9024 0.113661
55.9096 0.113078
55.9168 0.112568
55.924 0.112122
55.9312 0.111857
55.9384 0.1115
55.9456 0.111187
55.9528 0.110914
55.96 0.110675
55.9672 0.11059
55.9744 0.110392
55.9816 0.110218
55.9888 0.110065
55.9959 0.109932
56.0031 0.109941
56.0103 0.109823
56.0175 0.10972
56.0247 0.10963
56.0319 0.109551
56.0391 0.109608
56.0463 0.109532
56.0535 0.109465
56.0607 0.109407
56.0679 0.109356
56.0751 0.109437
56.4051 0.121757
56.4123 0.120162
56.4195 0.118767
56.4267 0.117546
56.4339 0.116478
56.4411 0.115668
56.4483 0.114835
56.4555 0.114105
56.4627 0.113467
56.4699 0.112909
56.4771 0.112545
56.4843 0.112102
56.4915 0.111714
56.4987 0.111375
56.5059 0.111078
56.5131 0.110943
56.5203 0.1107
56.5275 0.110488
56.5347 0.110302
56.5491 0.111139
56.7699 0.110872
56.7735 0.110638
56.7807 0.110433
56.7879 0.110254
56.7951 0.110222
56.8023 0.110069
56.8683 0.117311
56.8755 0.116272
56.8827 0.115363
56.8899 0.114568
56.8971 0.113997
56.9043 0.113372
56.9115 0.112826
56.9187 0.112347
56.9331 0.112054
56.9403 0.111672
56.9475 0.111338
56.9547 0.111046
56.9619 0.11079
56.9691 0.110691
56.9763 0.11048
56.9835 0.110295
56.9907 0.110133
56.9979 0.109991
57.0051 0.109993
57.0122 0.109868
57.0194 0.10976
57.0266 0.109665
57.0338 0.109582
57.041 0.109634
57.0482 0.109555
57.0554 0.109485
57.0626 0.109425
57.0698 0.109372
57.077 0.10945
57.0842 0.109394
57.0914 0.109345
57.0986 0.109302
57.1058 0.109264
57.113 0.109356
57.1202 0.109436
57.1274 0.109382
57.1382 0.109834
57.3158 0.116605
57.359 0.115654
57.3662 0.114947
57.3734 0.114204
57.3806 0.113554
57.3878 0.112984
57.395 0.112486
57.4022 0.112176
57.4094 0.111779
57.4166 0.111431
57.4238 0.111127
57.431 0.110861
57.4382 0.110754
57.4454 0.110535
57.4526 0.110343
57.4597 0.110175
57.4669 0.110028
57.4741 0.110025
57.4813 0.109896
57.4885 0.109784
57.4993 0.110186
57.623 0.110038
57.7214 0.121408
57.7286 0.119857
57.8306 0.1185
57.8378 0.117313
57.845 0.116274
57.8522 0.115489
57.8594 0.114678
57.8666 0.113968
57.8738 0.113347
57.881 0.112804
57.8882 0.112453
57.8954 0.112022
57.9026 0.111644
57.9098 0.111314
57.917 0.111024
57.9242 0.110896
57.9314 0.110659
57.9385 0.110452
57.9457 0.11027
57.9529 0.110112
57.9601 0.110098
57.9673 0.10996
57.9745 0.10984
57.9817 0.109735
57.9889 0.109643
58.2097 0.121438
58.2169 0.119883
58.2241 0.118648
58.2313 0.117442
58.2385 0.116387
58.2457 0.115463
58.2529 0.114655
58.2601 0.114073
58.2673 0.113439
58.2745 0.112884
58.2817 0.112399
58.2889 0.111974
58.2961 0.111727
58.3033 0.111386
58.3105 0.111088
58.3177 0.110827
58.3249 0.110599
58.3321 0.110524
58.3393 0.110333
58.3465 0.110167
58.3537 0.110021
58.3609 0.109893
58.3681 0.109907
58.3753 0.109793
58.3824 0.109694
58.3896 0.109607
58.3968 0.109531
58.404 0.10959
58.4112 0.109516
58.4184 0.109452
58.4256 0.109395
58.4328 0.109346
58.44 0.109428
58.4472 0.109374
58.4544 0.109327
58.4616 0.109286
58.4688 0.109251
58.476 0.109344
58.4832 0.109426
58.4904 0.109373
58.4976 0.109326
58.5048 0.109286
58.512 0.10925
58.5192 0.109344
58.5264 0.109301
58.5336 0.109263
58.5408 0.10923
58.548 0.109201
58.5552 0.109301
58.7832 0.109389
58.7904 0.10934
58.7976 0.109298
58.8048 0.10926
58.812 0.109228
58.8192 0.109324
58.8263 0.109284
58.8335 0.109248
58.8407 0.109217
58.8479 0.10919
58.8551 0.109291
58.8623 0.109255
58.8695 0.109223
58.8803 0.109695
59.4067 0.115983
59.4211 0.11611
59.5159 0.115222
59.5303 0.114444
59.6252 0.113888
59.6395 0.113277
59.7344 0.112743
59.7488 0.112275
59.8436 0.111865
59.858 0.111507
59.9528 0.111194
59.9672 0.111045
60.062 0.110914
60.1712 0.110675
60.2805 0.110465
60.2877 0.110282
60.3897 0.110122
60.3969 0.109982
60.4989 0.109859
60.5061 0.109877
60.6081 0.109892
60.6153 0.109781
