0.0 0
0.214162 4294967295
0.41964 4294967295
0.433747 4294967295
0.447865 4294967295
0.461983 4294967295
0.4761 4294967295
1.12076 4294967295
1.12782 4294967295
1.13488 4294967295
1.14194 4294967295
1.24152 4294967295
1.24858 4294967295
1.25564 4294967295
1.2627 4294967295
1.26976 4294967295
1.27681 4294967295
1.28387 4294967295
1.29093 4294967295
1.29799 4294967295
1.30505 4294967295
1.31211 4294967295
1.31917 4294967295
1.31917 4294967295
1.32623 4294967295
1.32623 4294967295
1.32721 4294967295
1.32721 4294967295
1.32721 4294967295
3.16838 4294967295
3.16838 4294967295
3.17544 4294967295
3.1825 4294967295
3.18956 4294967295
3.19662 4294967295
3.20368 4294967295
3.21074 4294967295
3.2178 4294967295
3.22485 4294967295
3.23191 4294967295
3.23897 4294967295
3.24603 4294967295
3.25309 4294967295
3.26015 4294967295
3.26721 4294967295
3.27427 4294967295
3.28134 4294967295
3.28134 4294967295
3.28839 4294967295
3.28839 4294967295
3.3233 4294967295
3.37385 4294967295
3.37385 4294967295
3.84833 4294967295
3.84833 4294967295
3.85538 4294967295
3.86244 4294967295
3.8695 4294967295
3.87656 4294967295
3.88362 4294967295
3.89068 4294967295
3.89774 4294967295
3.9048 4294967295
3.91186 4294967295
3.91891 4294967295
3.92597 4294967295
3.93303 4294967295
3.94009 4294967295
3.94715 4294967295
4.02556 4294967295
4.03262 4294967295
4.03969 4294967295
4.03969 4294967295
4.04359 4294967295
4.04675 4294967295
6.1579 4294967295
6.1579 4294967295
6.16497 4294967295
6.16497 4294967295
6.19408 4294967295
6.35632 4294967295
10.4296 4294967295
15.375 4294967295
15.375 4294967295
15.382 4294967295
15.5593 4294967295
15.5593 4294967295
15.5663 4294967295
15.5663 4294967295
15.5804 4294967295
15.5804 4294967295
15.5804 4294967295
17.0611 4294967295
17.0611 4294967295
17.0681 4294967295
17.0752 4294967295
17.1606 4294967295
17.2454 4294967295
20.674 4294967295
21.7296 4294967295
21.7296 4294967295
21.7867 4294967295
21.7938 4294967295
21.7938 4294967295
21.7938 4294967295
21.921 4294967295
21.921 4294967295
21.921 4294967295
21.928 4294967295
21.928 4294967295
21.928 4294967295
21.9351 4294967295
21.9351 4294967295
21.9351 4294967295
21.9421 4294967295
21.9421 4294967295
21.9421 4294967295
23.033 4294967295
23.1891 4294967295
23.2173 4294967295
23.2244 4294967295
23.2314 4294967295
23.2314 4294967295
23.2385 4294967295
23.2385 4294967295
23.2385 4294967295
23.6706 4294967295
23.6706 4294967295
23.6777 4294967295
23.6847 4294967295
23.8408 4294967295
23.8478 4294967295
23.862 4294967295
23.862 4294967295
23.869 4294967295
23.869 4294967295
23.8761 4294967295
23.8761 4294967295
23.8761 4294967295
25.534 4294967295
25.541 4294967295
25.5481 4294967295
25.5551 4294967295
25.7183 4294967295
25.7253 4294967295
25.7253 4294967295
25.7324 4294967295
25.7324 4294967295
25.7394 4294967295
25.7394 4294967295
25.7394 4294967295
26.3558 4294967295
26.3558 4294967295
26.3629 4294967295
26.37 4294967295
26.377 4294967295
26.3912 4294967295
26.5472 4294967295
26.5543 4294967295
26.5543 4294967295
26.5633 4294967295
26.5633 4294967295
26.5633 4294967295
27.1777 4294967295
27.1777 4294967295
27.1868 4294967295
27.1939 4294967295
27.2009 4294967295
27.208 4294967295
27.215 4294967295
27.2221 4294967295
27.2292 4294967295
27.2292 4294967295
27.3762 4294967295
27.3762 4294967295
27.3804 4294967295
27.3832 4294967295
27.3832 4294967295
28.2658 4294967295
28.2658 4294967295
28.2729 4294967295
28.2799 4294967295
28.287 4294967295
28.294 4294967295
28.3011 4294967295
28.443 4294967295
28.4501 4294967295
28.4572 4294967295
28.4572 4294967295
28.4642 4294967295
28.4642 4294967295
28.4713 4294967295
28.4713 4294967295
28.4713 4294967295
28.6626 4294967295
30.9369 4294967295
31.2059 4294967295
35.9662 4294967295
36.0869 4294967295
36.094 4294967295
36.1011 4294967295
36.1081 4294967295
36.1152 4294967295
36.1505 4294967295
36.1575 4294967295
36.1646 4294967295
36.1646 4294967295
36.1675 4294967295
36.1716 4294967295
36.1716 4294967295
37.5133 4294967295
37.5133 4294967295
37.5274 4294967295
37.5345 4294967295
37.5415 4294967295
37.617 4294967295
37.6241 4294967295
37.6341 4294967295
37.6341 4294967295
37.6341 4294967295
37.6411 4294967295
37.6411 4294967295
37.6411 4294967295
37.6467 4294967295
37.7047 4294967295
39.8441 4294967295
39.8441 4294967295
39.8511 4294967295
39.8511 4294967295
39.8541 4294967295
40.0425 4294967295
40.2821 4294967295
40.2832 4294967295
44.1429 4294967295
44.3695 4294967295
47.5715 4294967295
47.5786 4294967295
47.5856 4294967295
47.7558 4294967295
47.7629 4294967295
47.7629 4294967295
47.7699 4294967295
47.7699 4294967295
47.777 4294967295
47.777 4294967295
47.777 4294967295
56.271 4294967295
56.271 4294967295
56.278 4294967295
56.2851 4294967295
56.3063 4294967295
56.3133 4294967295
56.3154 4294967295
56.3204 4294967295
63.7397 4294967295
68.8976 4294967295
68.8976 4294967295
68.9046 4294967295
68.9117 4294967295
68.9187 4294967295
68.9258 4294967295
68.9329 4294967295
69.0889 4294967295
69.0889 4294967295
69.096 4294967295
69.096 4294967295
69.103 4294967295
69.103 4294967295
69.103 4294967295
71.6322 4294967295
71.6322 4294967295
71.6393 4294967295
71.6463 4294967295
71.6534 4294967295
71.6604 4294967295
71.6675 4294967295
71.6745 4294967295
71.6767 4294967295
71.6816 4294967295
76.3664 4294967295
76.3664 4294967295
76.3684 4294967295
76.5578 4294967295
82.7422 4294967295
82.7422 4294967295
82.7493 4294967295
82.7493 4294967295
82.751 4294967295
82.9406 4294967295
83.1778 4294967295
83.1814 4294967295
89.5465 4294967295
89.5465 4294967295
89.5889 4294967295
89.596 4294967295
89.603 4294967295
89.603 4294967295
89.606 4294967295
89.7449 4294967295
91.5087 4294967295
91.5087 4294967295
91.5158 4294967295
91.5228 4294967295
91.6718 4294967295
91.6789 4294967295
91.6859 4294967295
91.693 4294967295
91.695 4294967295
91.7001 4294967295
94.0257 4294967295
94.0257 4294967295
94.0328 4294967295
94.0328 4294967295
94.0539 4294967295
94.2241 4294967295
96.3917 4294967295
96.3988 4294967295
96.4059 4294967295
96.576 4294967295
96.5831 4294967295
96.5831 4294967295
96.5902 4294967295
96.5902 4294967295
96.5972 4294967295
96.5972 4294967295
96.5972 4294967295
100.869 4294967295
101.266 4294967295
106.579 4294967295
106.579 4294967295
106.586 4294967295
106.593 4294967295
106.6 4294967295
106.607 4294967295
106.609 4294967295
106.614 4294967295
109.145 4294967295
109.145 4294967295
109.148 4294967295
109.335 4294967295
109.566 4294967295
109.568 4294967295
109.797 4294967295
109.799 4294967295
112.709 4294967295
112.936 4294967295
121.983 4294967295
121.983 4294967295
121.99 4294967295
122.168 4294967295
122.168 4294967295
122.175 4294967295
122.175 4294967295
122.189 4294967295
122.189 4294967295
122.189 4294967295
124.094 4294967295
124.272 4294967295
124.279 4294967295
124.279 4294967295
124.286 4294967295
124.286 4294967295
124.293 4294967295
124.293 4294967295
124.293 4294967295
145.113 4294967295
145.113 4294967295
145.156 4294967295
145.163 4294967295
145.17 4294967295
145.17 4294967295
145.173 4294967295
145.312 4294967295
145.312 4294967295
152.149 4294967295
152.553 4294967295
152.793 4294967295
152.793 4294967295
152.8 4294967295
152.971 4294967295
152.978 4294967295
152.992 4294967295
152.992 4294967295
152.999 4294967295
152.999 4294967295
153.197 4294967295
153.197 4294967295
153.204 4294967295
153.204 4294967295
153.204 4294967295
153.842 4294967295
153.849 4294967295
153.856 4294967295
154.026 4294967295
154.033 4294967295
154.033 4294967295
154.04 4294967295
154.04 4294967295
154.047 4294967295
154.047 4294967295
154.047 4294967295
157.696 4294967295
157.696 4294967295
157.859 4294967295
157.866 4294967295
157.873 4294967295
157.88 4294967295
157.882 4294967295
157.887 4294967295
160.425 4294967295
160.425 4294967295
160.432 4294967295
160.432 4294967295
160.447 4294967295
160.624 4294967295
162.6 4294967295
162.607 4294967295
162.614 4294967295
162.784 4294967295
162.791 4294967295
162.791 4294967295
162.798 4294967295
162.798 4294967295
162.8 4294967295
162.805 4294967295
162.805 4294967295
166.753 4294967295
166.753 4294967295
166.76 4294967295
166.767 4294967295
166.774 4294967295
166.908 4294967295
166.915 4294967295
166.945 4294967295
166.945 4294967295
166.952 4294967295
166.952 4294967295
166.959 4294967295
166.959 4294967295
166.959 4294967295
167.15 4294967295
167.405 4294967295
167.872 4294967295
167.872 4294967295
167.879 4294967295
167.886 4294967295
168.035 4294967295
168.042 4294967295
168.05 4294967295
168.057 4294967295
168.064 4294967295
168.064 4294967295
168.071 4294967295
168.071 4294967295
168.078 4294967295
168.078 4294967295
168.078 4294967295
169.778 4294967295
169.785 4294967295
169.927 4294967295
169.934 4294967295
169.941 4294967295
169.948 4294967295
169.962 4294967295
169.969 4294967295
169.969 4294967295
169.976 4294967295
169.976 4294967295
169.983 4294967295
169.983 4294967295
169.983 4294967295
170.203 4294967295
170.203 4294967295
170.21 4294967295
170.217 4294967295
170.224 4294967295
170.231 4294967295
170.238 4294967295
170.38 4294967295
170.387 4294967295
170.402 4294967295
170.402 4294967295
170.409 4294967295
170.409 4294967295
170.607 4294967295
170.607 4294967295
170.615 4294967295
170.615 4294967295
170.812 4294967295
170.812 4294967295
170.82 4294967295
170.82 4294967295
170.827 4294967295
170.827 4294967295
170.947 4294967295
171.018 4294967295
178.634 4294967295
178.634 4294967295
178.636 4294967295
178.825 4294967295
187.135 4294967295
187.135 4294967295
187.142 4294967295
187.142 4294967295
187.145 4294967295
187.333 4294967295
189.076 4294967295
189.472 4294967295
189.487 4294967295
189.487 4294967295
189.488 4294967295
189.678 4294967295
189.908 4294967295
189.912 4294967295
190.14 4294967295
190.142 4294967295
190.371 4294967295
190.388 4294967295
193.987 4294967295
193.987 4294967295
193.994 4294967295
194.001 4294967295
194.008 4294967295
194.192 4294967295
194.192 4294967295
194.192 4294967295
199.923 4294967295
199.923 4294967295
199.93 4294967295
199.938 4294967295
199.952 4294967295
199.959 4294967295
199.966 4294967295
199.966 4294967295
199.969 4294967295
