0.010001 1 -0
0.110001 1 0.00820042
0.110001 2 -0
0.210001 1 0.326749
0.210001 2 0.00820042
0.310001 1 0.427778
0.310001 2 0.0214969
0.410001 1 0.574922
0.410001 2 0.0329622
0.510001 1 0.658568
0.510001 2 0.040685
0.610001 1 0.68429
0.610001 2 0.0537691
0.710001 1 0.634514
0.710001 2 0.0469643
0.810001 1 0.692184
0.810001 2 0.0497128
0.910001 1 0.732786
0.910001 2 0.0507544
1.01 1 0.801819
1.01 2 0.0522465
1.11 1 0.834975
1.11 2 0.0534844
1.21 1 0.862038
1.21 2 0.0545032
1.31 1 0.881284
1.31 2 0.0550874
1.41 1 0.900552
1.41 2 0.0555861
1.51 1 0.90772
1.51 2 0.0562476
1.61 1 0.918329
1.61 2 0.0574263
1.71 1 0.926216
1.71 2 0.0618618
1.81 1 0.908106
1.81 2 0.0595988
1.91 1 0.920875
1.91 2 0.0597135
2.01 1 0.932252
2.01 2 0.0598731
2.11 1 0.941814
2.11 2 0.060127
2.21 1 0.948589
2.21 2 0.0603223
2.31 1 0.953244
2.31 2 0.0615373
2.41 1 0.958726
2.41 2 0.0618137
2.51 1 0.964001
2.51 2 0.0620653
2.61 1 0.96838
2.61 2 0.0622093
2.71 1 0.968357
2.71 2 0.0622489
2.81 1 0.97147
2.81 2 0.0621873
2.91 1 0.986409
2.91 2 0.0621695
3.01 1 0.991644
3.01 2 0.0621928
3.11 1 0.995142
3.11 2 0.0622645
3.21 1 0.999722
3.21 2 0.0622459
3.31 1 1.0015
3.31 2 0.062332
3.41 1 0.998207
3.41 2 0.0634157
3.51 1 0.972979
3.51 2 0.0642081
3.61 1 0.950772
3.61 2 0.0626782
3.71 1 0.938464
3.71 2 0.0614808
3.81 1 0.918
3.81 2 0.0606518
3.91 1 0.898678
3.91 2 0.0592085
4.01 1 0.880405
4.01 2 0.057932
4.11 1 0.861239
4.11 2 0.0567249
4.21 1 0.862118
4.21 2 0.0556111
4.31 1 0.844622
4.31 2 0.054654
4.41 1 0.829184
4.41 2 0.0536433
4.51 1 0.819582
4.51 2 0.0529214
4.61 1 0.810829
4.61 2 0.0521703
4.71 1 0.802484
4.71 2 0.0515047
4.81 1 0.794517
4.81 2 0.0517903
4.91 1 0.786905
4.91 2 0.0512265
5.01 1 0.778817
5.01 2 0.0506878
5.11 1 0.770544
5.11 2 0.0502883
5.21 1 0.771748
5.21 2 0.0500901
5.31 1 0.763504
5.31 2 0.0494303
5.41 1 0.75639
5.41 2 0.0489349
5.51 1 0.749064
5.51 2 0.0484638
5.61 1 0.743725
5.61 2 0.0484485
5.71 1 0.735463
5.71 2 0.0479388
5.81 1 0.729606
5.81 2 0.047394
5.91 1 0.726553
5.91 2 0.0470574
6.01 1 0.723611
6.01 2 0.0467474
6.11 1 0.720774
6.11 2 0.0470126
6.21 1 0.717386
6.21 2 0.0467751
6.31 1 0.713937
6.31 2 0.0465559
6.41 1 0.705972
6.41 2 0.0466522
6.51 1 0.701709
6.51 2 0.0461818
6.61 1 0.699531
6.61 2 0.0459738
6.71 1 0.696946
6.71 2 0.0457976
6.81 1 0.694136
6.81 2 0.0456268
6.91 1 0.692165
6.91 2 0.0454613
7.01 1 0.696666
7.01 2 0.0453009
7.11 1 0.694986
7.11 2 0.0451452
7.21 1 0.693356
7.21 2 0.0449941
7.31 1 0.691773
7.31 2 0.0448473
7.41 1 0.690236
7.41 2 0.0446489
7.51 1 0.688741
7.51 2 0.044511
7.61 1 0.687288
7.61 2 0.0443222
7.71 1 0.685875
7.71 2 0.0441383
7.81 1 0.6845
7.81 2 0.0440127
7.91 1 0.681716
7.91 2 0.0437868
8.01 1 0.679334
8.01 2 0.0440695
8.11 1 0.675634
8.11 2 0.0440975
8.21 1 0.674206
8.21 2 0.0438603
8.31 1 0.672172
8.31 2 0.0437453
8.41 1 0.670437
8.41 2 0.0436332
8.51 1 0.668685
8.51 2 0.0435239
8.61 1 0.667218
8.61 2 0.0434173
8.71 1 0.6656
8.71 2 0.0433133
8.81 1 0.669638
8.81 2 0.0432118
8.91 1 0.668622
8.91 2 0.0430747
9.01 1 0.66763
9.01 2 0.0429784
9.11 1 0.666661
9.11 2 0.0428843
9.21 1 0.665714
9.21 2 0.042776
9.31 1 0.664788
9.31 2 0.0426403
9.41 1 0.663883
9.41 2 0.0425237
9.51 1 0.662999
9.51 2 0.0423935
9.61 1 0.662133
9.61 2 0.0422948
9.71 1 0.66087
9.71 2 0.0421696
9.81 1 0.658125
9.81 2 0.0425772
9.91 1 0.656447
9.91 2 0.0424509
10.01 1 0.655924
10.01 2 0.0423178
10.11 1 0.655043
10.11 2 0.0422977
10.21 1 0.656904
10.21 2 0.0422779
10.31 1 0.652326
10.31 2 0.0419721
10.41 1 0.647843
10.41 2 0.0416727
10.51 1 0.646372
10.51 2 0.0413597
10.61 1 0.646694
10.61 2 0.0412651
10.71 1 0.647009
10.71 2 0.0414709
10.81 1 0.647318
10.81 2 0.0414606
10.91 1 0.647123
10.91 2 0.0414506
11.01 1 0.64542
11.01 2 0.0413763
11.11 1 0.645467
11.11 2 0.0413375
11.21 1 0.645295
11.21 2 0.041329
11.31 1 0.644575
11.31 2 0.0412853
11.41 1 0.647337
11.41 2 0.0414678
11.51 1 0.645666
11.51 2 0.0414264
11.61 1 0.644087
11.61 2 0.0413134
11.71 1 0.644401
11.71 2 0.0412442
11.81 1 0.644708
11.81 2 0.0411999
11.91 1 0.64501
11.91 2 0.041143
12.01 1 0.645307
12.01 2 0.0411003
12.11 1 0.645598
12.11 2 0.0412825
12.21 1 0.645884
12.21 2 0.0412751
12.31 1 0.645368
12.31 2 0.0412679
12.41 1 0.645037
12.41 2 0.0412607
12.51 1 0.644275
12.51 2 0.0412537
12.61 1 0.643958
12.61 2 0.0412469
12.71 1 0.646979
12.71 2 0.0412401
12.81 1 0.64707
12.81 2 0.0412116
12.91 1 0.646593
12.91 2 0.0413641
13.01 1 0.644761
13.01 2 0.0413144
13.11 1 0.643624
13.11 2 0.0411608
13.21 1 0.643905
13.21 2 0.0410886
13.31 1 0.644182
13.31 2 0.0410505
13.41 1 0.644153
13.41 2 0.041215
13.51 1 0.643847
13.51 2 0.041218
13.61 1 0.641899
13.61 2 0.0413859
13.71 1 0.64057
13.71 2 0.041201
13.81 1 0.640599
13.81 2 0.0412242
13.91 1 0.640773
13.91 2 0.0412289
14.01 1 0.640835
14.01 2 0.0412336
14.11 1 0.640739
14.11 2 0.0412382
14.21 1 0.64103
14.21 2 0.0412427
14.31 1 0.643872
14.31 2 0.0412193
14.41 1 0.643967
14.41 2 0.0412032
14.51 1 0.644381
14.51 2 0.0411777
14.61 1 0.644789
14.61 2 0.0411526
14.71 1 0.645191
14.71 2 0.0411367
14.81 1 0.645588
14.81 2 0.0411329
14.91 1 0.645978
14.91 2 0.0411086
15.01 1 0.646364
15.01 2 0.0410933
15.11 1 0.646744
15.11 2 0.0410899
15.21 1 0.646841
15.21 2 0.0412124
15.31 1 0.647213
15.31 2 0.0411947
15.41 1 0.647438
15.41 2 0.0411991
15.51 1 0.64745
15.51 2 0.0412036
15.61 1 0.647431
15.61 2 0.0412079
15.71 1 0.647542
15.71 2 0.0412122
15.81 1 0.647554
15.81 2 0.0412165
15.91 1 0.647428
15.91 2 0.0412207
16.01 1 0.64738
16.01 2 0.0412056
16.11 1 0.647392
16.11 2 0.0412079
16.21 1 0.64975
16.21 2 0.0412121
16.31 1 0.650081
16.31 2 0.0412162
16.41 1 0.650407
16.41 2 0.0412203
16.51 1 0.65073
16.51 2 0.0412243
16.61 1 0.651049
16.61 2 0.0412019
16.71 1 0.651363
16.71 2 0.0411798
16.81 1 0.651674
16.81 2 0.0411657
16.91 1 0.651981
16.91 2 0.0411622
17.01 1 0.652283
17.01 2 0.0411407
17.11 1 0.652583
17.11 2 0.0411195
17.21 1 0.652878
17.21 2 0.041124
17.31 1 0.652937
17.31 2 0.041251
17.41 1 0.651892
17.41 2 0.0413977
17.51 1 0.650371
17.51 2 0.0413834
17.61 1 0.650806
17.61 2 0.041334
17.71 1 0.651008
17.71 2 0.0414325
17.81 1 0.649987
17.81 2 0.0415622
17.91 1 0.651274
17.91 2 0.0414638
18.01 1 0.652892
18.01 2 0.0414914
18.11 1 0.653627
18.11 2 0.0415575
18.21 1 0.653121
18.21 2 0.0417472
18.31 1 0.652781
18.31 2 0.0417962
18.41 1 0.653631
18.41 2 0.0417762
18.51 1 0.654244
18.51 2 0.041911
18.61 1 0.654944
18.61 2 0.0420589
18.71 1 0.654586
18.71 2 0.0419764
18.81 1 0.656028
18.81 2 0.0420049
18.91 1 0.657239
18.91 2 0.0421092
19.01 1 0.656636
19.01 2 0.042309
19.11 1 0.656468
19.11 2 0.0421381
19.21 1 0.65583
19.21 2 0.0423978
19.31 1 0.655096
19.31 2 0.0424759
19.41 1 0.65662
19.41 2 0.0424738
19.51 1 0.658238
19.51 2 0.0425757
19.61 1 0.659565
19.61 2 0.0426764
19.71 1 0.660947
19.71 2 0.042776
19.81 1 0.663881
19.81 2 0.0429998
19.91 1 0.663333
19.91 2 0.0430316
20.01 1 0.663432
20.01 2 0.0429558
20.11 1 0.665342
20.11 2 0.0430171
20.21 1 0.667232
20.21 2 0.0430914
20.31 1 0.669102
20.31 2 0.0431576
20.41 1 0.670587
20.41 2 0.0432305
20.51 1 0.672057
20.51 2 0.0433957
20.61 1 0.673513
20.61 2 0.0434872
20.71 1 0.674658
20.71 2 0.0435779
20.81 1 0.675886
20.81 2 0.0438235
20.91 1 0.673307
20.91 2 0.0438732
21.01 1 0.676141
21.01 2 0.0438425
21.11 1 0.677705
21.11 2 0.043936
21.21 1 0.678198
21.21 2 0.0441539
21.31 1 0.678086
21.31 2 0.0440164
21.41 1 0.679286
21.41 2 0.0441013
21.51 1 0.680386
21.51 2 0.0441853
21.61 1 0.681516
21.61 2 0.0444175
21.71 1 0.679009
21.71 2 0.0445175
21.81 1 0.68056
21.81 2 0.0444681
21.91 1 0.683499
21.91 2 0.0445372
22.01 1 0.685258
22.01 2 0.0446026
22.11 1 0.687
22.11 2 0.0446705
22.21 1 0.688536
22.21 2 0.0447291
22.31 1 0.690247
22.31 2 0.0448079
22.41 1 0.691941
22.41 2 0.0448739
22.51 1 0.69362
22.51 2 0.0449457
22.61 1 0.695282
22.61 2 0.0450225
22.71 1 0.692807
22.71 2 0.0451372
22.81 1 0.690372
22.81 2 0.0449795
22.91 1 0.690583
22.91 2 0.0448296
23.01 1 0.690946
23.01 2 0.0447659
23.11 1 0.692587
23.11 2 0.0448417
23.21 1 0.694213
23.21 2 0.0449054
23.31 1 0.695824
23.31 2 0.0449746
23.41 1 0.697421
23.41 2 0.0450486
23.51 1 0.699003
23.51 2 0.0451106
23.61 1 0.700572
23.61 2 0.045178
23.71 1 0.701907
23.71 2 0.045236
23.81 1 0.703209
23.81 2 0.0452964
23.91 1 0.704423
23.91 2 0.0454388
24.01 1 0.70532
24.01 2 0.0456234
24.11 1 0.703174
24.11 2 0.0457637
24.21 1 0.703608
24.21 2 0.0457239
24.31 1 0.706114
24.31 2 0.0457772
24.41 1 0.706944
24.41 2 0.0460289
24.51 1 0.706673
24.51 2 0.0458759
24.61 1 0.708099
24.61 2 0.0460237
24.71 1 0.709602
24.71 2 0.0461181
24.81 1 0.711152
24.81 2 0.0462118
24.91 1 0.71261
24.91 2 0.0463046
25.01 1 0.714136
25.01 2 0.0463807
25.11 1 0.715503
25.11 2 0.0464268
25.21 1 0.717786
25.21 2 0.0465017
25.31 1 0.719555
25.31 2 0.046576
25.41 1 0.721309
25.41 2 0.0466497
25.51 1 0.723048
25.51 2 0.0467281
25.61 1 0.724696
25.61 2 0.0467954
25.71 1 0.725778
25.71 2 0.0468698
25.81 1 0.726295
25.81 2 0.0471225
25.91 1 0.72546
25.91 2 0.0471719
26.01 1 0.726977
26.01 2 0.0471585
26.11 1 0.728678
26.11 2 0.0472496
26.21 1 0.730246
26.21 2 0.04734
26.31 1 0.731728
26.31 2 0.0474297
26.41 1 0.733391
26.41 2 0.0475186
26.51 1 0.734851
26.51 2 0.047587
26.61 1 0.736372
26.61 2 0.0476324
26.71 1 0.737861
26.71 2 0.0477098
26.81 1 0.740139
26.81 2 0.0477915
26.91 1 0.741811
26.91 2 0.0478629
27.01 1 0.743471
27.01 2 0.0479385
27.11 1 0.745118
27.11 2 0.0480185
27.21 1 0.746752
27.21 2 0.0480883
27.31 1 0.748219
27.31 2 0.0481622
27.41 1 0.749647
27.41 2 0.0482282
27.51 1 0.751044
27.51 2 0.0483138
27.61 1 0.75207
27.61 2 0.0483811
27.71 1 0.753469
27.71 2 0.0484483
27.81 1 0.754789
27.81 2 0.0485244
27.91 1 0.756279
27.91 2 0.0486277
28.01 1 0.757503
28.01 2 0.0487442
28.11 1 0.758764
28.11 2 0.048985
28.21 1 0.758674
28.21 2 0.0488558
28.31 1 0.760161
28.31 2 0.048925
28.41 1 0.761721
28.41 2 0.0490593
28.51 1 0.763315
28.51 2 0.0491553
28.61 1 0.764833
28.61 2 0.0492505
28.71 1 0.766405
28.71 2 0.0493451
28.81 1 0.76784
28.81 2 0.0494258
28.91 1 0.769201
28.91 2 0.0494943
29.01 1 0.770742
29.01 2 0.0495739
29.11 1 0.773222
29.11 2 0.049653
29.21 1 0.774554
29.21 2 0.049787
29.31 1 0.774289
29.31 2 0.0499805
29.41 1 0.77223
29.41 2 0.049839
29.51 1 0.77046
29.51 2 0.0497679
29.61 1 0.769047
29.61 2 0.0496906
29.71 1 0.766874
29.71 2 0.0497077
29.81 1 0.76484
29.81 2 0.0495632
29.91 1 0.764902
29.91 2 0.0494317
30.01 1 0.762945
30.01 2 0.0493012
30.11 1 0.761002
30.11 2 0.0491716
30.21 1 0.759073
30.21 2 0.0490429
30.31 1 0.757158
30.31 2 0.0489152
30.41 1 0.755256
30.41 2 0.0487884
30.51 1 0.753369
30.51 2 0.04865
30.61 1 0.751494
30.61 2 0.0486625
30.71 1 0.749633
30.71 2 0.0485375
30.81 1 0.747785
30.81 2 0.0484134
30.91 1 0.74595
30.91 2 0.0482902
31.01 1 0.744128
31.01 2 0.0481678
31.11 1 0.742095
31.11 2 0.0480463
31.21 1 0.742318
31.21 2 0.0479256
31.31 1 0.740521
31.31 2 0.0478058
31.41 1 0.738737
31.41 2 0.0476868
31.51 1 0.736965
31.51 2 0.0475686
31.61 1 0.735205
31.61 2 0.0474512
31.71 1 0.73333
31.71 2 0.0473283
31.81 1 0.73145
31.81 2 0.0473385
31.91 1 0.729738
31.91 2 0.0472399
32.01 1 0.728745
32.01 2 0.0471278
32.11 1 0.727524
32.11 2 0.0470566
32.21 1 0.726245
32.21 2 0.0470207
32.31 1 0.724425
32.31 2 0.0469649
32.41 1 0.723293
32.41 2 0.046882
32.51 1 0.724104
32.51 2 0.0468153
32.61 1 0.723195
32.61 2 0.0467491
32.71 1 0.722168
32.71 2 0.0467011
32.81 1 0.721159
32.81 2 0.0466688
32.91 1 0.720032
32.91 2 0.0465511
33.01 1 0.719227
33.01 2 0.0465873
33.11 1 0.718428
33.11 2 0.0465278
33.21 1 0.717633
33.21 2 0.0464687
33.31 1 0.716843
33.31 2 0.0464099
33.41 1 0.716058
33.41 2 0.0463515
33.51 1 0.715158
33.51 2 0.0462935
33.61 1 0.714036
33.61 2 0.0462646
33.71 1 0.71249
33.71 2 0.0462457
33.81 1 0.713184
33.81 2 0.0461688
33.91 1 0.712421
33.91 2 0.0461121
34.01 1 0.711662
34.01 2 0.0460557
34.11 1 0.710908
34.11 2 0.0459997
34.21 1 0.710159
34.21 2 0.045944
34.31 1 0.709414
34.31 2 0.0458886
34.41 1 0.708674
34.41 2 0.0458219
34.51 1 0.707939
34.51 2 0.0457585
34.61 1 0.707207
34.61 2 0.0457013
34.71 1 0.706481
34.71 2 0.0456357
34.81 1 0.705759
34.81 2 0.0456707
34.91 1 0.705041
34.91 2 0.045617
35.01 1 0.704327
35.01 2 0.0455636
35.11 1 0.703618
35.11 2 0.0455106
35.21 1 0.702793
35.21 2 0.0454579
35.31 1 0.702092
35.31 2 0.0453959
35.41 1 0.701234
35.41 2 0.0453439
35.51 1 0.700443
35.51 2 0.0452809
35.61 1 0.7005
35.61 2 0.0452069
35.71 1 0.698925
35.71 2 0.0451056
35.81 1 0.697486
35.81 2 0.0449983
35.91 1 0.695917
35.91 2 0.0448938
36.01 1 0.694958
36.01 2 0.0447989
36.11 1 0.694295
36.11 2 0.0447319
36.21 1 0.693636
36.21 2 0.04468
36.31 1 0.692981
36.31 2 0.0447141
36.41 1 0.692329
36.41 2 0.0446654
36.51 1 0.691682
36.51 2 0.044617
36.61 1 0.691038
36.61 2 0.0445689
36.71 1 0.690398
36.71 2 0.0445211
36.81 1 0.689595
36.81 2 0.0444735
36.91 1 0.688697
36.91 2 0.0444385
37.01 1 0.687782
37.01 2 0.0444417
37.11 1 0.686661
37.11 2 0.0443551
37.21 1 0.685778
37.21 2 0.0443449
37.31 1 0.686012
37.31 2 0.0442655
37.41 1 0.685371
37.41 2 0.0442198
37.51 1 0.684914
37.51 2 0.044196
37.61 1 0.684552
37.61 2 0.0442099
37.71 1 0.68388
37.71 2 0.0442289
37.81 1 0.683496
37.81 2 0.0441775
37.91 1 0.682735
37.91 2 0.0442065
38.01 1 0.681881
38.01 2 0.0441823
38.11 1 0.681621
38.11 2 0.0441416
38.21 1 0.681417
38.21 2 0.0441311
38.31 1 0.681118
38.31 2 0.0441206
38.41 1 0.682175
38.41 2 0.0441103
38.51 1 0.682162
38.51 2 0.0441
38.61 1 0.682045
38.61 2 0.0441209
38.71 1 0.681366
38.71 2 0.0441257
38.81 1 0.680804
38.81 2 0.044043
38.91 1 0.680858
38.91 2 0.0440284
39.01 1 0.680913
39.01 2 0.0440119
39.11 1 0.680966
39.11 2 0.0440652
39.21 1 0.68102
39.21 2 0.0440593
39.31 1 0.681073
39.31 2 0.0440533
39.41 1 0.680939
39.41 2 0.0440474
39.51 1 0.680629
39.51 2 0.0440315
39.61 1 0.680673
39.61 2 0.0440177
39.71 1 0.680727
39.71 2 0.0440035
39.81 1 0.680728
39.81 2 0.0439978
39.91 1 0.680596
39.91 2 0.0439921
40.01 1 0.680518
40.01 2 0.0439864
40.11 1 0.680427
40.11 2 0.0439808
40.21 1 0.681267
40.21 2 0.0440367
40.31 1 0.680778
40.31 2 0.0440359
40.41 1 0.679458
40.41 2 0.0439539
40.51 1 0.678972
40.51 2 0.0438859
40.61 1 0.679271
40.61 2 0.0438778
40.71 1 0.679569
40.71 2 0.0438765
40.81 1 0.679864
40.81 2 0.0439343
40.91 1 0.680017
40.91 2 0.043943
41.01 1 0.680092
41.01 2 0.0439517
41.11 1 0.680107
41.11 2 0.0439603
41.21 1 0.68004
41.21 2 0.0440015
41.31 1 0.680474
41.31 2 0.0440336
41.41 1 0.68018
41.41 2 0.0439974
41.51 1 0.68047
41.51 2 0.0439957
41.61 1 0.680758
41.61 2 0.0439868
41.71 1 0.681044
41.71 2 0.0439825
41.81 1 0.681329
41.81 2 0.0439809
41.91 1 0.681613
41.91 2 0.0440407
42.01 1 0.681719
42.01 2 0.0440489
42.11 1 0.681826
42.11 2 0.044057
42.21 1 0.681931
42.21 2 0.0440651
42.31 1 0.681912
42.31 2 0.0440732
42.41 1 0.682017
42.41 2 0.0440812
42.51 1 0.682121
42.51 2 0.0440821
42.61 1 0.683283
42.61 2 0.0440893
42.71 1 0.683557
42.71 2 0.0440778
42.81 1 0.683734
42.81 2 0.044103
42.91 1 0.683221
42.91 2 0.0441447
43.01 1 0.682757
43.01 2 0.0440675
43.11 1 0.683029
43.11 2 0.044058
43.21 1 0.6833
43.21 2 0.0441158
43.31 1 0.683399
43.31 2 0.0441158
43.41 1 0.68345
43.41 2 0.0441236
43.51 1 0.683549
43.51 2 0.0441251
43.61 1 0.683245
43.61 2 0.0441203
43.71 1 0.683248
43.71 2 0.044113
43.81 1 0.684256
43.81 2 0.0441116
43.91 1 0.684407
43.91 2 0.0440964
44.01 1 0.684578
44.01 2 0.0441566
44.11 1 0.684106
44.11 2 0.0441705
44.21 1 0.683775
44.21 2 0.044108
44.31 1 0.683832
44.31 2 0.0441773
44.41 1 0.683263
44.41 2 0.0442334
44.51 1 0.683462
44.51 2 0.0442084
44.61 1 0.683555
44.61 2 0.0442161
44.71 1 0.683514
44.71 2 0.0442137
44.81 1 0.683711
44.81 2 0.0442174
44.91 1 0.683861
44.91 2 0.0442282
45.01 1 0.684959
45.01 2 0.044239
45.11 1 0.685268
45.11 2 0.0442465
45.21 1 0.685487
45.21 2 0.0442741
45.31 1 0.68555
45.31 2 0.0443503
45.41 1 0.685428
45.41 2 0.04427
45.51 1 0.685788
45.51 2 0.0443338
45.61 1 0.686146
45.61 2 0.0443568
45.71 1 0.686388
45.71 2 0.0443796
45.81 1 0.686743
45.81 2 0.0444023
45.91 1 0.687096
45.91 2 0.044425
46.01 1 0.687404
46.01 2 0.0444475
46.11 1 0.688516
46.11 2 0.0444633
46.21 1 0.689023
46.21 2 0.0444743
46.31 1 0.689526
46.31 2 0.0444804
46.41 1 0.689937
46.41 2 0.0444864
46.51 1 0.690357
46.51 2 0.0444997
46.61 1 0.690843
46.61 2 0.0444992
46.71 1 0.691338
46.71 2 0.0445587
46.81 1 0.691563
46.81 2 0.0445806
46.91 1 0.691899
46.91 2 0.0446023
47.01 1 0.692233
47.01 2 0.044624
47.11 1 0.692522
47.11 2 0.0446455
47.21 1 0.692768
47.21 2 0.0447025
47.31 1 0.693295
47.31 2 0.0447529
47.41 1 0.693088
47.41 2 0.0446989
47.51 1 0.693569
47.51 2 0.0447114
47.61 1 0.693944
47.61 2 0.0447156
47.71 1 0.694269
47.71 2 0.0447223
47.81 1 0.694592
47.81 2 0.0447732
47.91 1 0.694872
47.91 2 0.044794
48.01 1 0.695109
48.01 2 0.0448091
48.11 1 0.695337
48.11 2 0.0448942
48.21 1 0.694439
48.21 2 0.0448948
48.31 1 0.694682
48.31 2 0.0448784
48.41 1 0.694969
48.41 2 0.0448987
48.51 1 0.696127
48.51 2 0.0449106
48.61 1 0.696508
48.61 2 0.0449676
48.71 1 0.696138
48.71 2 0.044997
48.81 1 0.695928
48.81 2 0.0449384
48.91 1 0.696389
48.91 2 0.044942
49.01 1 0.696705
49.01 2 0.0449507
49.11 1 0.69669
49.11 2 0.0449944
49.21 1 0.696968
49.21 2 0.0450077
49.31 1 0.697276
49.31 2 0.0450274
49.41 1 0.697685
49.41 2 0.045047
49.51 1 0.698096
49.51 2 0.0450666
49.61 1 0.698376
49.61 2 0.0450957
49.71 1 0.698591
49.71 2 0.0451368
49.81 1 0.698391
49.81 2 0.0450684
49.91 1 0.698838
49.91 2 0.0450795
50.01 1 0.699138
50.01 2 0.04513
50.11 1 0.699437
50.11 2 0.0451492
50.21 1 0.699463
50.21 2 0.0451683
50.31 1 0.699761
50.31 2 0.0451739
50.41 1 0.700056
50.41 2 0.0451928
50.51 1 0.700228
50.51 2 0.0452057
50.61 1 0.701229
50.61 2 0.0452178
50.71 1 0.701662
50.71 2 0.0452132
50.81 1 0.702015
50.81 2 0.0452429
50.91 1 0.701937
50.91 2 0.0453035
51.01 1 0.70172
51.01 2 0.0452433
51.11 1 0.702008
51.11 2 0.0452991
51.21 1 0.701976
51.21 2 0.0453098
51.31 1 0.702223
51.31 2 0.0453569
51.41 1 0.702393
51.41 2 0.0453911
51.51 1 0.702277
51.51 2 0.0453636
51.61 1 0.70275
51.61 2 0.0453797
51.71 1 0.703221
51.71 2 0.045393
51.81 1 0.70362
51.81 2 0.0454115
51.91 1 0.703996
51.91 2 0.0454117
52.01 1 0.704462
52.01 2 0.0454276
52.11 1 0.704694
52.11 2 0.0454582
52.21 1 0.704386
52.21 2 0.0455373
52.31 1 0.703436
52.31 2 0.0455753
52.41 1 0.703073
52.41 2 0.0455216
52.51 1 0.703306
52.51 2 0.0455033
52.61 1 0.70228
52.61 2 0.0454365
52.71 1 0.701297
52.71 2 0.0453706
52.81 1 0.701226
52.81 2 0.0453157
52.91 1 0.701689
52.91 2 0.0453365
53.01 1 0.702075
53.01 2 0.0453496
53.11 1 0.702487
53.11 2 0.0453648
53.21 1 0.702245
53.21 2 0.0454573
53.31 1 0.701996
53.31 2 0.0454693
53.41 1 0.702472
53.41 2 0.0454647
53.51 1 0.70284
53.51 2 0.0454819
53.61 1 0.703363
53.61 2 0.0455369
53.71 1 0.703625
53.71 2 0.0456156
53.81 1 0.703516
53.81 2 0.0455655
53.91 1 0.704197
53.91 2 0.0455829
54.01 1 0.704797
54.01 2 0.0456026
54.11 1 0.705374
54.11 2 0.0456599
54.21 1 0.704318
54.21 2 0.0457842
54.31 1 0.705512
54.31 2 0.0457609
54.41 1 0.706359
54.41 2 0.0457949
54.51 1 0.707128
54.51 2 0.0458473
54.61 1 0.707244
54.61 2 0.0459626
54.71 1 0.707085
54.71 2 0.0458979
54.81 1 0.707874
54.81 2 0.0459568
54.91 1 0.708651
54.91 2 0.0459964
55.01 1 0.709466
55.01 2 0.0460356
55.11 1 0.710173
55.11 2 0.0460879
55.21 1 0.710516
55.21 2 0.0462209
55.31 1 0.709906
55.31 2 0.046159
55.41 1 0.710748
55.41 2 0.0462376
55.51 1 0.711317
55.51 2 0.0463481
55.61 1 0.711443
55.61 2 0.046294
55.71 1 0.71235
55.71 2 0.0463412
55.81 1 0.713146
55.81 2 0.0463883
55.91 1 0.713717
55.91 2 0.046527
56.01 1 0.712979
56.01 2 0.046568
56.11 1 0.71377
56.11 2 0.0465832
56.21 1 0.714547
56.21 2 0.0466896
56.31 1 0.71354
56.31 2 0.0467086
56.41 1 0.713089
56.41 2 0.0466456
56.51 1 0.713653
56.51 2 0.0467201
56.61 1 0.712889
56.61 2 0.0467444
56.71 1 0.713777
56.71 2 0.0467371
56.81 1 0.714598
56.81 2 0.0467767
56.91 1 0.715825
56.91 2 0.0468162
57.01 1 0.716829
57.01 2 0.0468569
57.11 1 0.717756
57.11 2 0.046902
57.21 1 0.718752
57.21 2 0.0469259
57.31 1 0.719496
57.31 2 0.0469638
57.41 1 0.720273
57.41 2 0.0470153
57.51 1 0.721136
57.51 2 0.0470553
57.61 1 0.721927
57.61 2 0.0471335
57.71 1 0.722467
57.71 2 0.04727
57.81 1 0.722557
57.81 2 0.0472162
57.91 1 0.72341
57.91 2 0.04726
58.01 1 0.724227
58.01 2 0.0472985
58.11 1 0.725074
58.11 2 0.0473655
58.21 1 0.725831
58.21 2 0.0474156
58.31 1 0.726673
58.31 2 0.0474655
58.41 1 0.727512
58.41 2 0.0475152
58.51 1 0.728314
58.51 2 0.0475581
58.61 1 0.729147
58.61 2 0.0475956
58.71 1 0.730344
58.71 2 0.0476367
58.81 1 0.73129
58.81 2 0.0476792
58.91 1 0.732233
58.91 2 0.0477214
59.01 1 0.733104
59.01 2 0.0477822
59.11 1 0.733032
59.11 2 0.0479011
59.21 1 0.732878
59.21 2 0.0478337
59.31 1 0.7338
59.31 2 0.0478849
59.41 1 0.734689
59.41 2 0.0479502
59.51 1 0.735543
59.51 2 0.0480011
59.61 1 0.736344
59.61 2 0.0480517
59.71 1 0.737154
59.71 2 0.0481731
59.81 1 0.736153
59.81 2 0.0482356
59.91 1 0.735512
59.91 2 0.0481834
60.01 1 0.736753
60.01 2 0.0481558
60.11 1 0.737871
60.11 2 0.048203
60.21 1 0.738985
60.21 2 0.0482514
60.31 1 0.739949
60.31 2 0.0483039
60.41 1 0.740871
60.41 2 0.0483486
60.51 1 0.741799
60.51 2 0.0484007
60.61 1 0.742762
60.61 2 0.0484705
60.71 1 0.743744
60.71 2 0.0485287
60.81 1 0.744723
60.81 2 0.0485866
60.91 1 0.745668
60.91 2 0.0486401
61.01 1 0.746641
61.01 2 0.0486893
61.11 1 0.747459
61.11 2 0.0487404
61.21 1 0.748632
61.21 2 0.0488292
61.31 1 0.7488
61.31 2 0.04892
61.41 1 0.748927
61.41 2 0.0488725
61.51 1 0.749961
61.51 2 0.0489258
61.61 1 0.750983
61.61 2 0.0489777
61.71 1 0.752039
61.71 2 0.0490252
61.81 1 0.752997
61.81 2 0.0490801
61.91 1 0.753724
61.91 2 0.0491747
62.01 1 0.75409
62.01 2 0.0493003
62.11 1 0.753502
62.11 2 0.0492574
62.21 1 0.753957
62.21 2 0.049229
62.31 1 0.754901
62.31 2 0.0492811
62.41 1 0.755902
62.41 2 0.0493317
62.51 1 0.756936
62.51 2 0.0493854
62.61 1 0.757939
62.61 2 0.049437
62.71 1 0.758909
62.71 2 0.0494925
62.81 1 0.759955
62.81 2 0.0495604
62.91 1 0.760686
62.91 2 0.0496111
63.01 1 0.761583
63.01 2 0.0496507
63.11 1 0.762619
63.11 2 0.0497442
63.21 1 0.762776
63.21 2 0.049826
63.31 1 0.763047
63.31 2 0.0497895
63.41 1 0.764178
63.41 2 0.0498485
63.51 1 0.765246
63.51 2 0.0499074
63.61 1 0.766341
63.61 2 0.0499613
63.71 1 0.767309
63.71 2 0.0500134
63.81 1 0.768377
63.81 2 0.0500783
63.91 1 0.769398
63.91 2 0.0501594
64.01 1 0.769944
64.01 2 0.0503047
64.11 1 0.769876
64.11 2 0.0502503
64.21 1 0.771025
64.21 2 0.0503107
64.31 1 0.772079
64.31 2 0.0503709
64.41 1 0.772856
64.41 2 0.0505192
64.51 1 0.772117
64.51 2 0.0505725
64.61 1 0.772904
64.61 2 0.050559
64.71 1 0.773911
64.71 2 0.0505987
64.81 1 0.774777
64.81 2 0.0507448
64.91 1 0.774243
64.91 2 0.0507669
65.01 1 0.775371
65.01 2 0.0507621
65.11 1 0.776467
65.11 2 0.0508254
65.21 1 0.777635
65.21 2 0.0508789
65.31 1 0.77869
65.31 2 0.0509758
65.41 1 0.779034
65.41 2 0.0510834
65.51 1 0.779074
65.51 2 0.051035
65.61 1 0.780176
65.61 2 0.0510929
65.71 1 0.78131
65.71 2 0.0511562
65.81 1 0.782413
65.81 2 0.0512138
65.91 1 0.783504
65.91 2 0.0512661
66.01 1 0.784629
66.01 2 0.0513243
66.11 1 0.785722
66.11 2 0.0513948
66.21 1 0.786721
66.21 2 0.0514572
66.31 1 0.787793
66.31 2 0.0515143
66.41 1 0.788752
66.41 2 0.051632
66.51 1 0.788912
66.51 2 0.0517043
66.61 1 0.789125
66.61 2 0.0516718
66.71 1 0.790274
66.71 2 0.0517278
66.81 1 0.791392
66.81 2 0.0517846
66.91 1 0.792402
66.91 2 0.0518448
67.01 1 0.79308
67.01 2 0.0519829
67.11 1 0.792477
67.11 2 0.0520402
67.21 1 0.792627
67.21 2 0.052014
67.31 1 0.793777
67.31 2 0.0520322
67.41 1 0.794949
67.41 2 0.0520877
67.51 1 0.795994
67.51 2 0.0521745
67.61 1 0.796558
67.61 2 0.052309
67.71 1 0.796268
67.71 2 0.0522495
67.81 1 0.797341
67.81 2 0.0523745
67.91 1 0.79633
67.91 2 0.0524561
68.01 1 0.797614
68.01 2 0.0524258
68.11 1 0.79881
68.11 2 0.0525436
68.21 1 0.799008
68.21 2 0.0526478
68.31 1 0.799258
68.31 2 0.052604
68.41 1 0.800514
68.41 2 0.052676
68.51 1 0.801775
68.51 2 0.0527429
68.61 1 0.803093
68.61 2 0.0528086
68.71 1 0.804204
68.71 2 0.05288
68.81 1 0.805515
68.81 2 0.0529367
68.91 1 0.805891
68.91 2 0.0529966
69.01 1 0.804977
69.01 2 0.0529344
69.11 1 0.804066
69.11 2 0.0528723
69.21 1 0.803721
69.21 2 0.0528054
69.31 1 0.805023
69.31 2 0.052866
69.41 1 0.806094
69.41 2 0.0529315
69.51 1 0.807296
69.51 2 0.053038
69.61 1 0.807514
69.61 2 0.053145
69.71 1 0.807611
69.71 2 0.0531045
69.81 1 0.808646
69.81 2 0.0532281
69.91 1 0.808836
69.91 2 0.0533273
70.01 1 0.80906
70.01 2 0.0532932
70.11 1 0.81008
70.11 2 0.0533472
70.21 1 0.811299
70.21 2 0.0534042
70.31 1 0.811997
70.31 2 0.0535683
70.41 1 0.8115
70.41 2 0.0535923
70.51 1 0.81242
70.51 2 0.0536788
70.61 1 0.811587
70.61 2 0.0537157
70.71 1 0.810663
70.71 2 0.0536598
70.81 1 0.809699
70.81 2 0.053598
70.91 1 0.808945
70.91 2 0.0535365
71.01 1 0.808053
71.01 2 0.0534752
71.11 1 0.80798
71.11 2 0.053414
71.21 1 0.807092
71.21 2 0.053353
71.31 1 0.806205
71.31 2 0.0532881
71.41 1 0.805322
71.41 2 0.0532269
71.51 1 0.804441
71.51 2 0.0531724
71.61 1 0.803563
71.61 2 0.0531121
71.71 1 0.802688
71.71 2 0.0530479
71.81 1 0.801815
71.81 2 0.0530463
71.91 1 0.800945
71.91 2 0.0529864
72.01 1 0.800077
72.01 2 0.0529267
72.11 1 0.799146
72.11 2 0.0528626
72.21 1 0.798419
72.21 2 0.0528033
72.31 1 0.797559
72.31 2 0.0527441
72.41 1 0.797491
72.41 2 0.0526852
72.51 1 0.796634
72.51 2 0.0526264
72.61 1 0.795779
72.61 2 0.0525678
72.71 1 0.794927
72.71 2 0.0525094
72.81 1 0.794078
72.81 2 0.0524566
72.91 1 0.793231
72.91 2 0.0523985
73.01 1 0.792386
73.01 2 0.052393
73.11 1 0.791544
73.11 2 0.0523351
73.21 1 0.79065
73.21 2 0.0522774
73.31 1 0.789879
73.31 2 0.0522144
73.41 1 0.788939
73.41 2 0.0521695
73.51 1 0.788154
73.51 2 0.0521161
73.61 1 0.787311
73.61 2 0.0520639
73.71 1 0.787591
73.71 2 0.0520356
73.81 1 0.787047
73.81 2 0.0520183
73.91 1 0.786439
73.91 2 0.0519685
74.01 1 0.785986
74.01 2 0.0519343
74.11 1 0.785534
74.11 2 0.0518954
74.21 1 0.785083
74.21 2 0.0518565
74.31 1 0.784634
74.31 2 0.0518173
74.41 1 0.78411
74.41 2 0.0518318
74.51 1 0.783663
74.51 2 0.051793
74.61 1 0.783218
74.61 2 0.0517593
74.71 1 0.782774
74.71 2 0.0517258
74.81 1 0.782242
74.81 2 0.0516923
74.91 1 0.781777
74.91 2 0.0516589
75.01 1 0.781248
75.01 2 0.0516255
75.11 1 0.780744
75.11 2 0.0515923
75.21 1 0.780234
75.21 2 0.0515592
75.31 1 0.780572
75.31 2 0.0515262
75.41 1 0.780135
75.41 2 0.0514932
75.51 1 0.779646
75.51 2 0.0514799
75.61 1 0.779015
75.61 2 0.0514475
75.71 1 0.778426
75.71 2 0.0513997
75.81 1 0.777995
75.81 2 0.0513671
75.91 1 0.77751
75.91 2 0.0513254
76.01 1 0.777081
76.01 2 0.0512887
76.11 1 0.776653
76.11 2 0.051252
76.21 1 0.776227
76.21 2 0.0512659
76.31 1 0.775801
76.31 2 0.0512337
76.41 1 0.775377
76.41 2 0.0512015
76.51 1 0.774954
76.51 2 0.0511695
76.61 1 0.774533
76.61 2 0.0511376
76.71 1 0.774088
76.71 2 0.0511057
76.81 1 0.773582
76.81 2 0.0510739
76.91 1 0.7731
76.91 2 0.0510422
77.01 1 0.772612
77.01 2 0.0510106
77.11 1 0.772163
77.11 2 0.0509791
77.21 1 0.772441
77.21 2 0.0509426
77.31 1 0.771954
77.31 2 0.0509065
77.41 1 0.77154
77.41 2 0.0508752
77.51 1 0.771128
77.51 2 0.0508441
77.61 1 0.770716
77.61 2 0.0508092
77.71 1 0.770306
77.71 2 0.050773
77.81 1 0.769897
77.81 2 0.0507373
77.91 1 0.769489
77.91 2 0.0507065
78.01 1 0.769082
78.01 2 0.0506711
78.11 1 0.768676
78.11 2 0.0506852
78.21 1 0.768271
78.21 2 0.0506546
78.31 1 0.767867
78.31 2 0.050624
78.41 1 0.767465
78.41 2 0.0505935
78.51 1 0.767063
78.51 2 0.0505631
78.61 1 0.766639
78.61 2 0.0505328
78.71 1 0.766177
78.71 2 0.0505026
78.81 1 0.76571
78.81 2 0.0504724
78.91 1 0.765273
78.91 2 0.0504423
79.01 1 0.764815
79.01 2 0.0504123
79.11 1 0.764297
79.11 2 0.0503782
79.21 1 0.764623
79.21 2 0.0503483
79.31 1 0.764229
79.31 2 0.0503186
79.41 1 0.763836
79.41 2 0.0502889
79.51 1 0.763393
79.51 2 0.0502582
79.61 1 0.762917
79.61 2 0.0502428
79.71 1 0.762435
79.71 2 0.0502301
79.81 1 0.761658
79.81 2 0.0501781
79.91 1 0.761196
79.91 2 0.0501255
80.01 1 0.760861
80.01 2 0.0500948
80.11 1 0.760595
80.11 2 0.0501127
80.21 1 0.760215
80.21 2 0.0500904
80.31 1 0.759866
80.31 2 0.0500641
80.41 1 0.759518
80.41 2 0.050042
80.51 1 0.759216
80.51 2 0.0500199
80.61 1 0.758904
80.61 2 0.0499994
80.71 1 0.759078
80.71 2 0.0500003
80.81 1 0.758438
80.81 2 0.0499579
80.91 1 0.758284
80.91 2 0.0499432
81.01 1 0.758009
81.01 2 0.0499212
81.11 1 0.757749
81.11 2 0.0499263
81.21 1 0.757333
81.21 2 0.0499156
81.31 1 0.756555
81.31 2 0.049865
81.41 1 0.756069
81.41 2 0.0498118
81.51 1 0.755848
81.51 2 0.0498261
81.61 1 0.755627
81.61 2 0.0498068
81.71 1 0.755406
81.71 2 0.0497876
81.81 1 0.755186
81.81 2 0.0497684
81.91 1 0.754944
81.91 2 0.0497493
82.01 1 0.754642
82.01 2 0.0497302
82.11 1 0.754364
82.11 2 0.0497112
82.21 1 0.754079
82.21 2 0.0496922
82.31 1 0.753823
82.31 2 0.0496733
82.41 1 0.753547
82.41 2 0.0496544
82.51 1 0.753264
82.51 2 0.0496356
82.61 1 0.753663
82.61 2 0.0496168
82.71 1 0.753447
82.71 2 0.0495981
82.81 1 0.753233
82.81 2 0.0495794
82.91 1 0.753018
82.91 2 0.0495607
83.01 1 0.752756
83.01 2 0.0495318
83.11 1 0.752395
83.11 2 0.0495257
83.21 1 0.751733
83.21 2 0.0495017
83.31 1 0.751462
83.31 2 0.0494629
83.41 1 0.751171
83.41 2 0.049475
83.51 1 0.751053
83.51 2 0.0494504
83.61 1 0.750816
83.61 2 0.0494387
83.71 1 0.750639
83.71 2 0.0494271
83.81 1 0.750463
83.81 2 0.0494154
83.91 1 0.750264
83.91 2 0.0494038
84.01 1 0.750696
84.01 2 0.0493923
84.11 1 0.750602
84.11 2 0.0493807
84.21 1 0.750508
84.21 2 0.0493647
84.31 1 0.750414
84.31 2 0.0493457
84.41 1 0.75032
84.41 2 0.0493298
84.51 1 0.750227
84.51 2 0.0493125
84.61 1 0.750086
84.61 2 0.0493349
84.71 1 0.749971
84.71 2 0.0493242
84.81 1 0.749289
84.81 2 0.0493419
84.91 1 0.749094
84.91 2 0.0492999
85.01 1 0.748976
85.01 2 0.04929
85.11 1 0.748804
85.11 2 0.049293
85.21 1 0.749046
85.21 2 0.0493129
85.31 1 0.748743
85.31 2 0.0492822
85.41 1 0.748796
85.41 2 0.0492712
85.51 1 0.74885
85.51 2 0.0492641
85.61 1 0.748903
85.61 2 0.0492527
85.71 1 0.748909
85.71 2 0.0492792
85.81 1 0.748881
85.81 2 0.0492719
85.91 1 0.748565
85.91 2 0.0493012
86.01 1 0.748118
86.01 2 0.0492884
86.11 1 0.748043
86.11 2 0.0492658
86.21 1 0.747994
86.21 2 0.0492593
86.31 1 0.747968
86.31 2 0.0492567
86.41 1 0.7479
86.41 2 0.0492541
86.51 1 0.748442
86.51 2 0.0492469
86.61 1 0.748433
86.61 2 0.0492315
86.71 1 0.748486
86.71 2 0.0492287
86.81 1 0.748539
86.81 2 0.0492232
86.91 1 0.748591
86.91 2 0.049215
87.01 1 0.748595
87.01 2 0.0492042
87.11 1 0.748569
87.11 2 0.0492224
87.21 1 0.748543
87.21 2 0.0492199
87.31 1 0.748578
87.31 2 0.0492174
87.41 1 0.748609
87.41 2 0.0492149
87.51 1 0.74854
87.51 2 0.0492124
87.61 1 0.748453
87.61 2 0.0492099
87.71 1 0.748816
87.71 2 0.0492403
87.81 1 0.748531
87.81 2 0.0492374
87.91 1 0.747976
87.91 2 0.0491977
88.01 1 0.747784
88.01 2 0.049166
88.11 1 0.747807
88.11 2 0.0491575
88.21 1 0.74789
88.21 2 0.0491557
88.31 1 0.747973
88.31 2 0.0491524
88.41 1 0.747878
88.41 2 0.0491417
88.51 1 0.747939
88.51 2 0.049137
88.61 1 0.747944
88.61 2 0.0491337
88.71 1 0.747925
88.71 2 0.0491327
88.81 1 0.747972
88.81 2 0.0491842
88.91 1 0.747674
88.91 2 0.0491788
89.01 1 0.747787
89.01 2 0.0491624
89.11 1 0.747879
89.11 2 0.0491682
89.21 1 0.747991
89.21 2 0.049174
89.31 1 0.748062
89.31 2 0.0491754
89.41 1 0.748159
89.41 2 0.049173
89.51 1 0.748694
89.51 2 0.0491746
89.61 1 0.748882
89.61 2 0.0491761
89.71 1 0.749024
89.71 2 0.0491842
89.81 1 0.748864
89.81 2 0.0492197
89.91 1 0.748644
89.91 2 0.049229
90.01 1 0.74884
90.01 2 0.0492126
90.11 1 0.749002
90.11 2 0.0492166
90.21 1 0.749141
90.21 2 0.0492242
90.31 1 0.749336
90.31 2 0.0492319
90.41 1 0.749496
90.41 2 0.0492395
90.51 1 0.749635
90.51 2 0.0492471
90.61 1 0.749829
90.61 2 0.0492547
90.71 1 0.749967
90.71 2 0.0492623
90.81 1 0.750125
90.81 2 0.0492655
90.91 1 0.750278
90.91 2 0.049265
91.01 1 0.750808
91.01 2 0.0492684
91.11 1 0.75102
91.11 2 0.0492757
91.21 1 0.751231
91.21 2 0.0492788
91.31 1 0.751383
91.31 2 0.049274
91.41 1 0.751593
91.41 2 0.0492773
91.51 1 0.751803
91.51 2 0.0492848
91.61 1 0.752013
91.61 2 0.0492881
91.71 1 0.752162
91.71 2 0.0492954
91.81 1 0.752335
91.81 2 0.0493028
91.91 1 0.752549
91.91 2 0.0493102
92.01 1 0.752713
92.01 2 0.0493313
92.11 1 0.752691
92.11 2 0.0493766
92.21 1 0.752208
92.21 2 0.0493781
92.31 1 0.752431
92.31 2 0.0493651
92.41 1 0.752667
92.41 2 0.0493784
92.51 1 0.752883
92.51 2 0.0493889
92.61 1 0.753495
92.61 2 0.0493981
92.71 1 0.75376
92.71 2 0.0494234
92.81 1 0.753693
92.81 2 0.0494617
92.91 1 0.753581
92.91 2 0.0494243
93.01 1 0.753827
93.01 2 0.0494317
93.11 1 0.754128
93.11 2 0.0494404
93.21 1 0.75441
93.21 2 0.0494727
93.31 1 0.754628
93.31 2 0.0494877
93.41 1 0.754829
93.41 2 0.049536
93.51 1 0.754214
93.51 2 0.0495557
93.61 1 0.754563
93.61 2 0.0495808
93.71 1 0.754723
93.71 2 0.0495989
93.81 1 0.754722
93.81 2 0.0495746
93.91 1 0.755185
93.91 2 0.0495932
94.01 1 0.755646
94.01 2 0.0496117
94.11 1 0.756107
94.11 2 0.04963
94.21 1 0.756393
94.21 2 0.0496449
94.31 1 0.756751
94.31 2 0.0496844
94.41 1 0.75688
94.41 2 0.0497483
94.51 1 0.756875
94.51 2 0.0497251
94.61 1 0.756246
94.61 2 0.0497402
94.71 1 0.755638
94.71 2 0.0496985
94.81 1 0.755131
94.81 2 0.049657
94.91 1 0.755494
94.91 2 0.0496655
95.01 1 0.755848
95.01 2 0.0497142
95.11 1 0.755845
95.11 2 0.0496738
95.21 1 0.75629
95.21 2 0.0496978
95.31 1 0.756759
95.31 2 0.0497218
95.41 1 0.757198
95.41 2 0.0497624
95.51 1 0.757358
95.51 2 0.0498448
95.61 1 0.75703
95.61 2 0.0498063
95.71 1 0.757552
95.71 2 0.0498394
95.81 1 0.758097
95.81 2 0.0498676
95.91 1 0.758623
95.91 2 0.0498932
96.01 1 0.759128
96.01 2 0.0499158
96.11 1 0.759683
96.11 2 0.0499362
96.21 1 0.760205
96.21 2 0.0499616
96.31 1 0.760862
96.31 2 0.0499846
96.41 1 0.761319
96.41 2 0.0500049
96.51 1 0.761889
96.51 2 0.0500267
96.61 1 0.762414
96.61 2 0.0500496
96.71 1 0.76294
96.71 2 0.0500713
96.81 1 0.763436
96.81 2 0.0501128
96.91 1 0.763446
96.91 2 0.0501802
97.01 1 0.763392
97.01 2 0.0501447
97.11 1 0.763943
97.11 2 0.0501761
97.21 1 0.764263
97.21 2 0.0502667
97.31 1 0.763848
97.31 2 0.0502824
97.41 1 0.764397
97.41 2 0.0502774
97.51 1 0.764875
97.51 2 0.0503382
97.61 1 0.76504
97.61 2 0.0503874
97.71 1 0.76485
97.71 2 0.0503632
97.81 1 0.765252
97.81 2 0.0503575
97.91 1 0.765754
97.91 2 0.050393
98.01 1 0.765819
98.01 2 0.0504773
98.11 1 0.765662
98.11 2 0.050434
98.21 1 0.766287
98.21 2 0.0504755
98.31 1 0.766768
98.31 2 0.0505069
98.41 1 0.767308
98.41 2 0.0505707
98.51 1 0.76745
98.51 2 0.0506242
98.61 1 0.767258
98.61 2 0.0506037
98.71 1 0.767546
98.71 2 0.0505947
98.81 1 0.768105
98.81 2 0.0506482
98.91 1 0.768178
98.91 2 0.0507131
99.01 1 0.768228
99.01 2 0.0506844
99.11 1 0.768874
99.11 2 0.0507212
99.21 1 0.769525
99.21 2 0.0507921
99.31 1 0.768854
99.31 2 0.0508558
99.41 1 0.769468
99.41 2 0.0508399
99.51 1 0.770329
99.51 2 0.0508665
99.61 1 0.771118
99.61 2 0.0509074
99.71 1 0.771865
99.71 2 0.0509456
99.81 1 0.772561
99.81 2 0.0510161
99.91 1 0.772552
99.91 2 0.051086
100.01 1 0.772615
100.01 2 0.0510561
100.11 1 0.773383
100.11 2 0.0510995
100.21 1 0.774174
100.21 2 0.0511365
100.31 1 0.774939
100.31 2 0.0511794
100.41 1 0.775657
100.41 2 0.0512235
100.51 1 0.776073
100.51 2 0.0513259
100.61 1 0.775759
100.61 2 0.0513391
100.71 1 0.776405
100.71 2 0.0513983
100.81 1 0.775891
100.81 2 0.051439
100.91 1 0.775558
100.91 2 0.0514107
101.01 1 0.77634
101.01 2 0.051438
101.11 1 0.776497
101.11 2 0.0514989
101.21 1 0.776488
101.21 2 0.0514677
101.31 1 0.777234
101.31 2 0.0515099
101.41 1 0.777553
101.41 2 0.0516056
101.51 1 0.777353
101.51 2 0.0516221
101.61 1 0.77799
101.61 2 0.0516222
101.71 1 0.778701
101.71 2 0.0516574
101.81 1 0.77936
101.81 2 0.0517299
101.91 1 0.779578
101.91 2 0.0517876
102.01 1 0.779619
102.01 2 0.0517733
102.11 1 0.779844
102.11 2 0.0518648
102.21 1 0.779697
102.21 2 0.0518259
102.31 1 0.780465
102.31 2 0.0518643
102.41 1 0.781211
102.41 2 0.0519212
102.51 1 0.781559
102.51 2 0.0520197
102.61 1 0.781412
102.61 2 0.0519807
102.71 1 0.782152
102.71 2 0.0520576
102.81 1 0.781544
102.81 2 0.0521184
102.91 1 0.782327
102.91 2 0.0521003
103.01 1 0.783054
103.01 2 0.0521735
103.11 1 0.782442
103.11 2 0.0522342
103.21 1 0.783082
103.21 2 0.0522194
103.31 1 0.783828
103.31 2 0.0522986
103.41 1 0.783335
103.41 2 0.0523374
103.51 1 0.78417
103.51 2 0.0523265
103.61 1 0.784987
103.61 2 0.052369
103.71 1 0.785743
103.71 2 0.0524125
103.81 1 0.786547
103.81 2 0.0524796
103.91 1 0.786767
103.91 2 0.052561
104.01 1 0.78678
104.01 2 0.0525252
104.11 1 0.787663
104.11 2 0.0525725
104.21 1 0.788545
104.21 2 0.0526198
104.31 1 0.789369
104.31 2 0.0526632
104.41 1 0.790037
104.41 2 0.0527466
104.51 1 0.789473
104.51 2 0.0527932
104.61 1 0.790271
104.61 2 0.0527742
104.71 1 0.791068
104.71 2 0.0528578
104.81 1 0.79118
104.81 2 0.0529382
104.91 1 0.790734
104.91 2 0.0529044
105.01 1 0.790947
105.01 2 0.0528833
105.11 1 0.791772
105.11 2 0.0529298
105.21 1 0.792563
105.21 2 0.0529865
105.31 1 0.792943
105.31 2 0.0530813
105.41 1 0.792809
105.41 2 0.0530424
105.51 1 0.793637
105.51 2 0.0530852
105.61 1 0.794241
105.61 2 0.0531955
105.71 1 0.793847
105.71 2 0.0532274
105.81 1 0.794245
105.81 2 0.0532149
105.91 1 0.795072
105.91 2 0.0532333
106.01 1 0.79592
106.01 2 0.0532794
106.11 1 0.796783
106.11 2 0.0533245
106.21 1 0.797644
106.21 2 0.0533673
106.31 1 0.798504
106.31 2 0.0534132
106.41 1 0.79929
106.41 2 0.0534568
106.51 1 0.799923
106.51 2 0.0535693
106.61 1 0.799565
106.61 2 0.0535921
106.71 1 0.800382
106.71 2 0.0535911
106.81 1 0.800901
106.81 2 0.0537046
106.91 1 0.800648
106.91 2 0.053714
107.01 1 0.801499
107.01 2 0.0537128
107.11 1 0.802315
107.11 2 0.053758
107.21 1 0.803153
107.21 2 0.0538032
107.31 1 0.803999
107.31 2 0.0538451
107.41 1 0.804844
107.41 2 0.0538901
107.51 1 0.805687
107.51 2 0.0539327
107.61 1 0.806529
107.61 2 0.0539775
107.71 1 0.807316
107.71 2 0.0540415
107.81 1 0.807669
107.81 2 0.0541409
107.91 1 0.807546
107.91 2 0.0541003
108.01 1 0.808349
108.01 2 0.0541448
108.11 1 0.8091
108.11 2 0.0541974
108.21 1 0.809598
108.21 2 0.0543176
108.31 1 0.809195
108.31 2 0.054327
108.41 1 0.80908
108.41 2 0.0542933
108.51 1 0.809911
108.51 2 0.0542997
108.61 1 0.810699
108.61 2 0.0543508
108.71 1 0.811063
108.71 2 0.0544567
108.81 1 0.810876
108.81 2 0.0544167
108.91 1 0.811703
108.91 2 0.0544583
109.01 1 0.812528
109.01 2 0.054502
109.11 1 0.813352
109.11 2 0.0545457
109.21 1 0.81412
109.21 2 0.0545857
109.31 1 0.8149
109.31 2 0.0546221
109.41 1 0.81542
109.41 2 0.0547317
109.51 1 0.815069
109.51 2 0.0547479
109.61 1 0.815887
109.61 2 0.0547413
109.71 1 0.816667
109.71 2 0.0547845
109.81 1 0.817481
109.81 2 0.0548618
109.91 1 0.817586
109.91 2 0.0549297
110.01 1 0.81771
110.01 2 0.0549032
110.11 1 0.818485
110.11 2 0.0549637
110.21 1 0.818778
110.21 2 0.0550596
110.31 1 0.818683
110.31 2 0.0550235
110.41 1 0.819455
110.41 2 0.0550861
110.51 1 0.819609
110.51 2 0.0551683
110.61 1 0.819679
110.61 2 0.0551352
110.71 1 0.820484
110.71 2 0.0551777
110.81 1 0.821252
110.81 2 0.0552138
110.91 1 0.821981
110.91 2 0.0552923
111.01 1 0.822074
111.01 2 0.0553586
111.11 1 0.822193
111.11 2 0.0553351
111.21 1 0.822887
111.21 2 0.0553699
111.31 1 0.823639
111.31 2 0.055411
111.41 1 0.824197
111.41 2 0.05551
111.51 1 0.823868
111.51 2 0.0554965
111.61 1 0.824627
111.61 2 0.055515
111.71 1 0.825312
111.71 2 0.0556043
111.81 1 0.824802
111.81 2 0.0556509
111.91 1 0.825355
111.91 2 0.0556357
112.01 1 0.826146
112.01 2 0.0556638
112.11 1 0.826936
112.11 2 0.0556963
112.21 1 0.827724
112.21 2 0.0557377
112.31 1 0.828441
112.31 2 0.055776
112.41 1 0.829217
112.41 2 0.0558173
112.51 1 0.829965
112.51 2 0.0558555
112.61 1 0.830625
112.61 2 0.0559484
112.71 1 0.830143
112.71 2 0.0559838
112.81 1 0.830872
112.81 2 0.0559679
112.91 1 0.831652
112.91 2 0.0560032
113.01 1 0.832431
113.01 2 0.0560376
113.11 1 0.833162
113.11 2 0.0560777
113.21 1 0.833938
113.21 2 0.0561184
113.31 1 0.834712
113.31 2 0.056159
113.41 1 0.835449
113.41 2 0.0562052
113.51 1 0.83588
113.51 2 0.0563097
113.61 1 0.835639
113.61 2 0.0562728
113.71 1 0.836367
113.71 2 0.0563041
113.81 1 0.836996
113.81 2 0.0563531
113.91 1 0.837361
113.91 2 0.0564637
114.01 1 0.836981
114.01 2 0.0564201
114.11 1 0.836907
114.11 2 0.0564023
114.21 1 0.837664
114.21 2 0.0564424
114.31 1 0.838428
114.31 2 0.0564824
114.41 1 0.839191
114.41 2 0.0565223
114.51 1 0.839952
114.51 2 0.0565542
114.61 1 0.840659
114.61 2 0.0566041
114.71 1 0.841033
114.71 2 0.0567025
114.81 1 0.840816
114.81 2 0.0566592
114.91 1 0.841472
114.91 2 0.0567085
115.01 1 0.841831
115.01 2 0.0568161
115.11 1 0.841536
115.11 2 0.0567758
115.21 1 0.84155
115.21 2 0.0567654
115.31 1 0.842259
115.31 2 0.0568022
115.41 1 0.842977
115.41 2 0.0568548
115.51 1 0.843321
115.51 2 0.0569465
115.61 1 0.84313
115.61 2 0.0569057
115.71 1 0.843831
115.71 2 0.0569448
115.81 1 0.844575
115.81 2 0.0570231
115.91 1 0.843982
115.91 2 0.0570684
116.01 1 0.844663
116.01 2 0.0570481
116.11 1 0.845125
116.11 2 0.0571417
116.21 1 0.844838
116.21 2 0.0571308
116.31 1 0.845583
116.31 2 0.0571456
116.41 1 0.846313
116.41 2 0.0571842
116.51 1 0.847055
116.51 2 0.0572228
116.61 1 0.847762
116.61 2 0.0572588
116.71 1 0.848505
116.71 2 0.0573332
116.81 1 0.8479
116.81 2 0.0573861
116.91 1 0.848638
116.91 2 0.0573634
117.01 1 0.849375
117.01 2 0.0574017
117.11 1 0.850077
117.11 2 0.0574399
117.21 1 0.850767
117.21 2 0.0575137
117.31 1 0.8502
117.31 2 0.0575713
117.41 1 0.850306
117.41 2 0.0575516
117.51 1 0.85097
117.51 2 0.0575637
117.61 1 0.851318
117.61 2 0.0576762
117.71 1 0.850769
117.71 2 0.0576353
117.81 1 0.850502
117.81 2 0.0576384
117.91 1 0.851223
117.91 2 0.0576289
118.01 1 0.851918
118.01 2 0.0576666
118.11 1 0.852632
118.11 2 0.0577451
118.21 1 0.852016
118.21 2 0.0578053
118.31 1 0.851796
118.31 2 0.0577708
118.41 1 0.852522
118.41 2 0.0577576
118.51 1 0.853212
118.51 2 0.057795
118.61 1 0.85385
118.61 2 0.0578738
118.71 1 0.853196
118.71 2 0.0579268
118.81 1 0.853224
118.81 2 0.0579032
118.91 1 0.853946
118.91 2 0.0579003
119.01 1 0.854653
119.01 2 0.0579341
119.11 1 0.855338
119.11 2 0.0579705
119.21 1 0.856022
119.21 2 0.058039
119.31 1 0.856115
119.31 2 0.0581072
119.41 1 0.855984
119.41 2 0.0580867
119.51 1 0.856127
119.51 2 0.0581372
119.61 1 0.85581
119.61 2 0.0581448
119.71 1 0.856524
119.71 2 0.0581361
119.81 1 0.857204
119.81 2 0.058181
119.91 1 0.857486
119.91 2 0.0582715
120.01 1 0.857314
120.01 2 0.0582284
120.11 1 0.857989
120.11 2 0.0582593
120.21 1 0.858699
120.21 2 0.0582918
120.31 1 0.859408
120.31 2 0.0583282
120.41 1 0.86005
120.41 2 0.0583618
120.51 1 0.860647
120.51 2 0.0583953
120.61 1 0.86133
120.61 2 0.0584804
120.71 1 0.860795
120.71 2 0.0585265
120.81 1 0.860296
120.81 2 0.0584883
120.91 1 0.860999
120.91 2 0.0584665
121.01 1 0.861702
121.01 2 0.0585019
121.11 1 0.86237
121.11 2 0.0585379
121.21 1 0.863061
121.21 2 0.0586134
121.31 1 0.862479
121.31 2 0.0586562
121.41 1 0.863145
121.41 2 0.0586328
121.51 1 0.863842
121.51 2 0.0587033
121.61 1 0.863875
121.61 2 0.05876
121.71 1 0.863863
121.71 2 0.0587321
121.81 1 0.864433
121.81 2 0.0587661
121.91 1 0.864817
121.91 2 0.0588603
122.01 1 0.864499
122.01 2 0.0588714
122.11 1 0.864786
122.11 2 0.0588527
122.21 1 0.865478
122.21 2 0.0588714
122.31 1 0.866157
122.31 2 0.0589067
122.41 1 0.866784
122.41 2 0.0589386
122.51 1 0.867467
122.51 2 0.0589684
122.61 1 0.868093
122.61 2 0.0590088
122.71 1 0.868506
122.71 2 0.0591032
122.81 1 0.868221
122.81 2 0.0590668
122.91 1 0.868874
122.91 2 0.059121
123.01 1 0.869102
123.01 2 0.0591951
123.11 1 0.868962
123.11 2 0.0591601
123.21 1 0.869645
123.21 2 0.0591925
123.31 1 0.870327
123.31 2 0.0592245
123.41 1 0.870947
123.41 2 0.0592752
123.51 1 0.871223
123.51 2 0.0593545
123.61 1 0.871064
123.61 2 0.0593181
123.71 1 0.871743
123.71 2 0.0593499
123.81 1 0.872409
123.81 2 0.0593813
123.91 1 0.873085
123.91 2 0.0594134
124.01 1 0.873761
124.01 2 0.0594477
124.11 1 0.874436
124.11 2 0.0594794
124.21 1 0.87508
124.21 2 0.0595137
124.31 1 0.875746
124.31 2 0.059548
124.41 1 0.876417
124.41 2 0.0595758
124.51 1 0.877055
124.51 2 0.05961
124.61 1 0.877724
124.61 2 0.05967
124.71 1 0.877859
124.71 2 0.059734
124.81 1 0.877829
124.81 2 0.0597028
124.91 1 0.878464
124.91 2 0.059734
125.01 1 0.879019
125.01 2 0.0598164
125.11 1 0.878512
125.11 2 0.0598464
125.21 1 0.879176
125.21 2 0.0598273
125.31 1 0.87984
125.31 2 0.0598592
125.41 1 0.880503
125.41 2 0.0598929
125.51 1 0.88112
125.51 2 0.0599307
125.61 1 0.88151
125.61 2 0.0600221
125.71 1 0.880893
125.71 2 0.0600304
125.81 1 0.880504
125.81 2 0.0599907
125.91 1 0.881163
125.91 2 0.0599741
126.01 1 0.881794
126.01 2 0.0600076
126.11 1 0.882444
126.11 2 0.060041
126.21 1 0.883069
126.21 2 0.0600743
126.31 1 0.883716
126.31 2 0.0601455
126.41 1 0.883176
126.41 2 0.060189
126.51 1 0.883786
126.51 2 0.0601671
126.61 1 0.884408
126.61 2 0.0602203
126.71 1 0.884551
126.71 2 0.0602931
126.81 1 0.884237
126.81 2 0.0602646
126.91 1 0.884377
126.91 2 0.0602461
127.01 1 0.884996
127.01 2 0.0602904
127.11 1 0.885279
127.11 2 0.0603763
127.21 1 0.885065
127.21 2 0.060338
127.31 1 0.885714
127.31 2 0.0603708
127.41 1 0.886361
127.41 2 0.0604035
127.51 1 0.887008
127.51 2 0.0604362
127.61 1 0.88761
127.61 2 0.0604734
127.71 1 0.88801
127.71 2 0.0605629
127.81 1 0.887646
127.81 2 0.0605688
127.91 1 0.888262
127.91 2 0.060589
128.01 1 0.887806
128.01 2 0.0606364
128.11 1 0.887213
128.11 2 0.0606
128.21 1 0.886795
128.21 2 0.0605731
128.31 1 0.886829
128.31 2 0.0605444
128.41 1 0.88622
128.41 2 0.0605012
128.51 1 0.885662
128.51 2 0.0604614
128.61 1 0.885489
128.61 2 0.060424
128.71 1 0.886124
128.71 2 0.0604564
128.81 1 0.886764
128.81 2 0.0604831
128.91 1 0.887372
128.91 2 0.0605153
129.01 1 0.88803
129.01 2 0.0605843
129.11 1 0.887428
129.11 2 0.0606245
129.21 1 0.888034
129.21 2 0.0605991
129.31 1 0.88848
129.31 2 0.0606851
129.41 1 0.888103
129.41 2 0.0607009
129.51 1 0.888699
129.51 2 0.0606823
129.61 1 0.889334
129.61 2 0.0607142
129.71 1 0.889967
129.71 2 0.0607444
129.81 1 0.890599
129.81 2 0.0607763
129.91 1 0.891231
129.91 2 0.0608081
130.01 1 0.89185
130.01 2 0.0608368
130.11 1 0.892448
130.11 2 0.0608649
130.21 1 0.89294
130.21 2 0.0609423
130.31 1 0.892479
130.31 2 0.0609678
130.41 1 0.893101
130.41 2 0.0609488
130.51 1 0.893727
130.51 2 0.0609804
130.61 1 0.894353
130.61 2 0.0610118
130.71 1 0.894977
130.71 2 0.0610433
130.81 1 0.89559
130.81 2 0.0610721
130.91 1 0.896182
130.91 2 0.0611158
131.01 1 0.896479
131.01 2 0.0611959
131.11 1 0.896207
131.11 2 0.0611558
131.21 1 0.896822
131.21 2 0.061187
131.31 1 0.897411
131.31 2 0.0612164
131.41 1 0.897879
131.41 2 0.0613015
131.51 1 0.897461
131.51 2 0.0613187
131.61 1 0.898068
131.61 2 0.0613355
131.71 1 0.897531
131.71 2 0.061383
131.81 1 0.898117
131.81 2 0.0613562
131.91 1 0.898605
131.91 2 0.0614334
132.01 1 0.898133
132.01 2 0.0614602
132.11 1 0.898748
132.11 2 0.0614705
132.21 1 0.898829
132.21 2 0.0615239
132.31 1 0.898815
132.31 2 0.061497
132.41 1 0.899398
132.41 2 0.0615255
132.51 1 0.899879
132.51 2 0.0615992
132.61 1 0.899418
132.61 2 0.0616348
132.71 1 0.899646
132.71 2 0.0616295
132.81 1 0.899911
132.81 2 0.0616939
132.91 1 0.899383
132.91 2 0.06166
133.01 1 0.899124
133.01 2 0.0616215
133.11 1 0.899734
133.11 2 0.0616502
133.21 1 0.900343
133.21 2 0.0616806
133.31 1 0.90094
133.31 2 0.0617109
133.41 1 0.901547
133.41 2 0.0617412
133.51 1 0.902123
133.51 2 0.0617709
133.61 1 0.902721
133.61 2 0.0618335
133.71 1 0.902163
133.71 2 0.0618575
133.81 1 0.902737
133.81 2 0.0618514
133.91 1 0.903215
133.91 2 0.0619225
134.01 1 0.902747
134.01 2 0.0619551
134.11 1 0.903033
134.11 2 0.0619315
134.21 1 0.903635
134.21 2 0.0619448
134.31 1 0.904176
134.31 2 0.0619747
134.41 1 0.904776
134.41 2 0.062029
134.51 1 0.904855
134.51 2 0.0620837
134.61 1 0.904777
134.61 2 0.0620602
134.71 1 0.905102
134.71 2 0.0621393
134.81 1 0.904743
134.81 2 0.0621479
134.91 1 0.905169
134.91 2 0.062179
135.01 1 0.904702
135.01 2 0.0621828
135.11 1 0.90459
135.11 2 0.0621554
135.21 1 0.903997
135.21 2 0.0621129
135.31 1 0.903452
135.31 2 0.0620739
135.41 1 0.902908
135.41 2 0.0620349
135.51 1 0.902365
135.51 2 0.0619922
135.61 1 0.901823
135.61 2 0.061996
135.71 1 0.901282
135.71 2 0.0619571
135.81 1 0.900742
135.81 2 0.0619183
135.91 1 0.900203
135.91 2 0.0618796
136.01 1 0.899664
136.01 2 0.0618409
136.11 1 0.899073
136.11 2 0.0618023
136.21 1 0.899127
136.21 2 0.0617637
136.31 1 0.89859
136.31 2 0.0617252
136.41 1 0.898054
136.41 2 0.0616868
136.51 1 0.897519
136.51 2 0.0616484
136.61 1 0.896985
136.61 2 0.0616101
136.71 1 0.896451
136.71 2 0.0615703
136.81 1 0.895919
136.81 2 0.0615719
136.91 1 0.895387
136.91 2 0.0615337
137.01 1 0.894856
137.01 2 0.0614956
137.11 1 0.894326
137.11 2 0.0614575
137.21 1 0.893797
137.21 2 0.0614195
137.31 1 0.893258
137.31 2 0.0613815
137.41 1 0.892662
137.41 2 0.0613436
137.51 1 0.892741
137.51 2 0.0613058
137.61 1 0.892215
137.61 2 0.0612681
137.71 1 0.891689
137.71 2 0.0612303
137.81 1 0.891164
137.81 2 0.0611927
137.91 1 0.89064
137.91 2 0.0611551
138.01 1 0.890087
138.01 2 0.0611159
138.11 1 0.88956
138.11 2 0.0611218
138.21 1 0.889077
138.21 2 0.0610877
138.31 1 0.888545
138.31 2 0.0610536
138.41 1 0.888025
138.41 2 0.0610163
138.51 1 0.887506
138.51 2 0.0609769
138.61 1 0.887055
138.61 2 0.0609393
138.71 1 0.886537
138.71 2 0.0609021
138.81 1 0.885991
138.81 2 0.0608621
138.91 1 0.885378
138.91 2 0.0608321
139.01 1 0.885421
139.01 2 0.0607969
139.11 1 0.884929
139.11 2 0.0607624
139.21 1 0.884455
139.21 2 0.0607284
139.31 1 0.883964
139.31 2 0.0606931
139.41 1 0.883474
139.41 2 0.0606579
139.51 1 0.882984
139.51 2 0.0606227
139.61 1 0.882496
139.61 2 0.0605876
139.71 1 0.882008
139.71 2 0.0605504
139.81 1 0.881521
139.81 2 0.0605154
139.91 1 0.881034
139.91 2 0.0605175
140.01 1 0.880549
140.01 2 0.0604825
140.11 1 0.880064
140.11 2 0.0604476
140.21 1 0.879546
140.21 2 0.0604128
140.31 1 0.87904
140.31 2 0.0603764
140.41 1 0.878539
140.41 2 0.0603401
140.51 1 0.878057
140.51 2 0.0603078
140.61 1 0.877529
140.61 2 0.0602806
140.71 1 0.876988
140.71 2 0.0602457
140.81 1 0.877073
140.81 2 0.0602205
140.91 1 0.876611
140.91 2 0.0601909
141.01 1 0.876145
141.01 2 0.060159
141.11 1 0.875731
141.11 2 0.0601393
141.21 1 0.875324
141.21 2 0.0601116
141.31 1 0.87494
141.31 2 0.0600792
141.41 1 0.874602
141.41 2 0.0600506
141.51 1 0.874277
141.51 2 0.0600231
141.61 1 0.873953
141.61 2 0.0600295
141.71 1 0.873601
141.71 2 0.0600041
141.81 1 0.873196
141.81 2 0.0599797
141.91 1 0.872721
141.91 2 0.0599622
142.01 1 0.872333
142.01 2 0.0599359
142.11 1 0.872033
142.11 2 0.0599095
142.21 1 0.871734
142.21 2 0.0598834
142.31 1 0.871405
142.31 2 0.0598598
142.41 1 0.871496
142.41 2 0.0598363
142.51 1 0.871198
142.51 2 0.0598127
142.61 1 0.870901
142.61 2 0.0597892
142.71 1 0.870603
142.71 2 0.0597652
142.81 1 0.870307
142.81 2 0.0597396
142.91 1 0.870011
142.91 2 0.0597146
143.01 1 0.869715
143.01 2 0.0596907
143.11 1 0.869419
143.11 2 0.0596703
143.21 1 0.869124
143.21 2 0.059647
143.31 1 0.868802
143.31 2 0.0596232
143.41 1 0.868439
143.41 2 0.0596228
143.51 1 0.868076
143.51 2 0.059609
143.61 1 0.867702
143.61 2 0.0595873
143.71 1 0.867425
143.71 2 0.05956
143.81 1 0.867154
143.81 2 0.0595405
143.91 1 0.866939
143.91 2 0.0595182
144.01 1 0.866711
144.01 2 0.0594958
144.11 1 0.866424
144.11 2 0.0594772
144.21 1 0.866462
144.21 2 0.0594686
144.31 1 0.866024
144.31 2 0.0594513
144.41 1 0.865685
144.41 2 0.0594177
144.51 1 0.865453
144.51 2 0.0594101
144.61 1 0.865185
144.61 2 0.0593951
144.71 1 0.864901
144.71 2 0.0593934
144.81 1 0.864554
144.81 2 0.0593598
144.91 1 0.864372
144.91 2 0.0593454
145.01 1 0.86416
145.01 2 0.0593289
145.11 1 0.864368
145.11 2 0.0593148
145.21 1 0.864229
145.21 2 0.0593007
145.31 1 0.864089
145.31 2 0.059285
145.41 1 0.86395
145.41 2 0.0592683
145.51 1 0.863811
145.51 2 0.0592522
145.61 1 0.863672
145.61 2 0.059236
145.71 1 0.863534
145.71 2 0.0592184
145.81 1 0.863395
145.81 2 0.0592281
145.91 1 0.863246
145.91 2 0.0592142
146.01 1 0.863042
146.01 2 0.0592002
146.11 1 0.862857
146.11 2 0.0591863
146.21 1 0.862636
146.21 2 0.0591696
146.31 1 0.862488
146.31 2 0.0591528
146.41 1 0.862664
146.41 2 0.0591389
146.51 1 0.862527
146.51 2 0.059123
146.61 1 0.86239
146.61 2 0.0591048
146.71 1 0.862253
146.71 2 0.0590889
146.81 1 0.862116
146.81 2 0.0590715
146.91 1 0.861953
146.91 2 0.05906
147.01 1 0.861705
147.01 2 0.059079
147.11 1 0.861329
147.11 2 0.0590701
147.21 1 0.861152
147.21 2 0.0590463
147.31 1 0.860951
147.31 2 0.0590326
147.41 1 0.860769
147.41 2 0.0590166
147.51 1 0.861005
147.51 2 0.0590029
147.61 1 0.86087
147.61 2 0.0589893
147.71 1 0.860736
147.71 2 0.0589682
147.81 1 0.860559
147.81 2 0.0589455
147.91 1 0.860425
147.91 2 0.0589298
148.01 1 0.860291
148.01 2 0.0589402
148.11 1 0.86013
148.11 2 0.0589267
148.21 1 0.859849
148.21 2 0.0589275
148.31 1 0.859477
148.31 2 0.0589119
148.41 1 0.859334
148.41 2 0.0588881
148.51 1 0.859181
148.51 2 0.0588761
148.61 1 0.859059
148.61 2 0.058864
148.71 1 0.858906
148.71 2 0.0588498
148.81 1 0.859121
148.81 2 0.0588378
148.91 1 0.85901
148.91 2 0.0588258
149.01 1 0.85887
149.01 2 0.0588115
149.11 1 0.85873
149.11 2 0.0587956
149.21 1 0.858619
149.21 2 0.0587833
149.31 1 0.858508
149.31 2 0.0587693
149.41 1 0.858356
149.41 2 0.0587505
149.51 1 0.858246
149.51 2 0.0587386
149.61 1 0.858135
149.61 2 0.0587247
149.71 1 0.858025
149.71 2 0.0587107
149.81 1 0.857915
149.81 2 0.0586989
149.91 1 0.857805
149.91 2 0.0587064
150.01 1 0.857655
150.01 2 0.0586946
150.11 1 0.857545
150.11 2 0.0586802
150.21 1 0.857436
150.21 2 0.0586656
150.31 1 0.857327
150.31 2 0.0586538
150.41 1 0.857207
150.41 2 0.0586421
150.51 1 0.857031
150.51 2 0.0586304
150.61 1 0.856861
150.61 2 0.0586352
150.71 1 0.856395
150.71 2 0.0586283
150.81 1 0.856632
150.81 2 0.0586054
150.91 1 0.856523
150.91 2 0.0585918
151.01 1 0.856415
151.01 2 0.0585798
151.11 1 0.85628
151.11 2 0.0585753
151.21 1 0.856087
151.21 2 0.0585751
151.31 1 0.855827
151.31 2 0.0585436
151.41 1 0.855754
151.41 2 0.0585334
151.51 1 0.855653
151.51 2 0.0585495
151.61 1 0.855181
151.61 2 0.0585649
151.71 1 0.85496
151.71 2 0.0585393
151.81 1 0.855231
151.81 2 0.0585256
151.91 1 0.855206
151.91 2 0.0585184
152.01 1 0.85518
152.01 2 0.0585096
152.11 1 0.855154
152.11 2 0.0585014
152.21 1 0.855128
152.21 2 0.0584942
152.31 1 0.855102
152.31 2 0.0584855
152.41 1 0.855077
152.41 2 0.0584773
152.51 1 0.855051
152.51 2 0.0584687
152.61 1 0.855025
152.61 2 0.0584615
152.71 1 0.855
152.71 2 0.0584528
152.81 1 0.854946
152.81 2 0.0584656
152.91 1 0.854836
152.91 2 0.0584568
153.01 1 0.8548
153.01 2 0.0584458
153.11 1 0.854719
153.11 2 0.0584392
153.21 1 0.854654
153.21 2 0.0584427
153.31 1 0.8547
153.31 2 0.0584505
153.41 1 0.854504
153.41 2 0.0584299
153.51 1 0.854538
153.51 2 0.0584228
153.61 1 0.854573
153.61 2 0.0584174
153.71 1 0.854608
153.71 2 0.0584123
153.81 1 0.854642
153.81 2 0.0584071
153.91 1 0.85465
153.91 2 0.0584019
154.01 1 0.854644
154.01 2 0.0584139
154.11 1 0.85456
154.11 2 0.0584082
154.21 1 0.854525
154.21 2 0.0584023
154.31 1 0.854589
154.31 2 0.0583992
154.41 1 0.854594
154.41 2 0.058396
154.51 1 0.854579
154.51 2 0.0583929
154.61 1 0.854816
154.61 2 0.0583859
154.71 1 0.854827
154.71 2 0.0583785
154.81 1 0.854832
154.81 2 0.0583693
154.91 1 0.854839
154.91 2 0.0583808
155.01 1 0.854467
155.01 2 0.058399
155.11 1 0.854462
155.11 2 0.0583778
155.21 1 0.854457
155.21 2 0.058372
155.31 1 0.854442
155.31 2 0.0583649
155.41 1 0.854688
155.41 2 0.0583593
155.51 1 0.854695
155.51 2 0.058352
155.61 1 0.854703
155.61 2 0.0583448
155.71 1 0.854737
155.71 2 0.0583382
155.81 1 0.854771
155.81 2 0.0583332
155.91 1 0.854795
155.91 2 0.0583323
156.01 1 0.854739
156.01 2 0.0583436
156.11 1 0.854702
156.11 2 0.0583384
156.21 1 0.854667
156.21 2 0.0583523
156.31 1 0.854194
156.31 2 0.0583533
156.41 1 0.85413
156.41 2 0.0583327
156.51 1 0.854433
156.51 2 0.0583249
156.61 1 0.854487
156.61 2 0.0583202
156.71 1 0.854501
156.71 2 0.0583118
156.81 1 0.854438
156.81 2 0.0583087
156.91 1 0.853974
156.91 2 0.0582784
157.01 1 0.853539
157.01 2 0.0582791
157.11 1 0.853281
157.11 2 0.0582481
157.21 1 0.853271
157.21 2 0.058231
157.31 1 0.853214
157.31 2 0.0582558
157.41 1 0.85284
157.41 2 0.0582449
157.51 1 0.852914
157.51 2 0.058229
157.61 1 0.852988
157.61 2 0.0582307
157.71 1 0.853288
157.71 2 0.0582304
157.81 1 0.853401
157.81 2 0.0582282
157.91 1 0.853488
157.91 2 0.05824
158.01 1 0.853344
158.01 2 0.058255
158.11 1 0.853204
158.11 2 0.0582273
158.21 1 0.853336
158.21 2 0.0582283
158.31 1 0.853406
158.31 2 0.0582277
158.41 1 0.853292
158.41 2 0.0582594
158.51 1 0.852864
158.51 2 0.0582713
158.61 1 0.852638
158.61 2 0.0582412
158.71 1 0.85276
158.71 2 0.0582303
158.81 1 0.852911
158.81 2 0.0582345
158.91 1 0.853061
158.91 2 0.0582394
159.01 1 0.853202
159.01 2 0.0582437
159.11 1 0.853558
159.11 2 0.0582474
159.21 1 0.853747
159.21 2 0.0582518
159.31 1 0.853883
159.31 2 0.058256
159.41 1 0.853951
159.41 2 0.0582828
159.51 1 0.853632
159.51 2 0.0582968
159.61 1 0.853785
159.61 2 0.0582848
159.71 1 0.85387
159.71 2 0.0583218
159.81 1 0.853564
159.81 2 0.0582946
159.91 1 0.85379
159.91 2 0.0583045
160.01 1 0.854005
160.01 2 0.0583133
160.11 1 0.854388
160.11 2 0.0583221
160.21 1 0.854651
160.21 2 0.058329
160.31 1 0.854914
160.31 2 0.0583357
160.41 1 0.855176
160.41 2 0.058342
160.51 1 0.855334
160.51 2 0.0583488
160.61 1 0.855548
160.61 2 0.0583595
160.71 1 0.855746
160.71 2 0.0583721
160.81 1 0.855872
160.81 2 0.0584189
160.91 1 0.855779
160.91 2 0.0583937
161.01 1 0.85603
161.01 2 0.0583998
161.11 1 0.8562
161.11 2 0.0584086
161.21 1 0.856248
161.21 2 0.0584428
161.31 1 0.855958
161.31 2 0.0584578
161.41 1 0.855896
161.41 2 0.0584392
161.51 1 0.856118
161.51 2 0.0584406
161.61 1 0.85634
161.61 2 0.0584479
161.71 1 0.856552
161.71 2 0.0584565
161.81 1 0.856913
161.81 2 0.0584625
161.91 1 0.857145
161.91 2 0.0584691
162.01 1 0.857404
162.01 2 0.0584777
162.11 1 0.857662
162.11 2 0.0584849
162.21 1 0.857872
162.21 2 0.0584935
162.31 1 0.858092
162.31 2 0.0585016
162.41 1 0.85829
162.41 2 0.0585207
162.51 1 0.858477
162.51 2 0.0585312
162.61 1 0.858696
162.61 2 0.0585396
162.71 1 0.858879
162.71 2 0.058548
162.81 1 0.859098
162.81 2 0.0585565
162.91 1 0.859294
162.91 2 0.058565
163.01 1 0.859662
163.01 2 0.0585735
163.11 1 0.859892
163.11 2 0.0586015
163.21 1 0.859808
163.21 2 0.0586179
163.31 1 0.85974
163.31 2 0.0585949
163.41 1 0.860013
163.41 2 0.0586047
163.51 1 0.860234
163.51 2 0.0586229
163.61 1 0.860211
163.61 2 0.0586613
163.71 1 0.860042
163.71 2 0.0586314
163.81 1 0.860252
163.81 2 0.0586425
163.91 1 0.86044
163.91 2 0.0586754
164.01 1 0.860502
164.01 2 0.0586986
164.11 1 0.86039
164.11 2 0.058691
164.21 1 0.860377
164.21 2 0.0587199
164.31 1 0.860272
164.31 2 0.0586931
164.41 1 0.860492
164.41 2 0.0587017
164.51 1 0.860556
164.51 2 0.0587325
164.61 1 0.86022
164.61 2 0.0587505
164.71 1 0.860481
164.71 2 0.0587376
164.81 1 0.86069
164.81 2 0.0587486
164.91 1 0.860932
164.91 2 0.0587566
165.01 1 0.861171
165.01 2 0.0587657
165.11 1 0.861401
165.11 2 0.0587915
165.21 1 0.861523
165.21 2 0.0588151
165.31 1 0.861454
165.31 2 0.0587903
165.41 1 0.861696
165.41 2 0.0588012
165.51 1 0.861931
165.51 2 0.0588107
165.61 1 0.862137
165.61 2 0.0588264
165.71 1 0.862115
165.71 2 0.0588632
165.81 1 0.861997
165.81 2 0.0588345
165.91 1 0.86225
165.91 2 0.0588572
166.01 1 0.862392
166.01 2 0.0589056
166.11 1 0.862261
166.11 2 0.0588767
166.21 1 0.862542
166.21 2 0.0588906
166.31 1 0.862784
166.31 2 0.05893
166.41 1 0.862423
166.41 2 0.058954
166.51 1 0.862727
166.51 2 0.0589404
166.61 1 0.863033
166.61 2 0.0589546
166.71 1 0.863168
166.71 2 0.0589988
166.81 1 0.863088
166.81 2 0.0589891
166.91 1 0.863396
166.91 2 0.0590132
167.01 1 0.863516
167.01 2 0.0590477
167.11 1 0.863422
167.11 2 0.0590296
167.21 1 0.863491
167.21 2 0.0590765
167.31 1 0.863297
167.31 2 0.0590476
167.41 1 0.863593
167.41 2 0.0590882
167.51 1 0.863203
167.51 2 0.0591151
167.61 1 0.86353
167.61 2 0.0590972
167.71 1 0.863885
167.71 2 0.059139
167.81 1 0.863491
167.81 2 0.0591597
167.91 1 0.86391
167.91 2 0.0591403
168.01 1 0.864286
168.01 2 0.0591665
168.11 1 0.86433
168.11 2 0.0592143
168.21 1 0.864262
168.21 2 0.0591842
168.31 1 0.864689
168.31 2 0.0592093
168.41 1 0.865106
168.41 2 0.0592283
168.51 1 0.865532
168.51 2 0.0592443
168.61 1 0.865907
168.61 2 0.0592651
168.71 1 0.866224
168.71 2 0.0593202
168.81 1 0.865911
168.81 2 0.0593364
168.91 1 0.866305
168.91 2 0.0593286
169.01 1 0.86656
169.01 2 0.0593871
169.11 1 0.866381
169.11 2 0.0593619
169.21 1 0.866868
169.21 2 0.0593821
169.31 1 0.866975
169.31 2 0.0593999
169.41 1 0.866564
169.41 2 0.0593705
169.51 1 0.866153
169.51 2 0.0593411
169.61 1 0.866001
169.61 2 0.0593117
169.71 1 0.866471
169.71 2 0.0593347
169.81 1 0.866932
169.81 2 0.059365
169.91 1 0.867156
169.91 2 0.0594263
170.01 1 0.866986
170.01 2 0.0593971
170.11 1 0.867374
170.11 2 0.0594299
170.21 1 0.867584
170.21 2 0.0594827
170.31 1 0.867404
170.31 2 0.0594536
170.41 1 0.867862
170.41 2 0.0595052
170.51 1 0.867466
170.51 2 0.0595367
170.61 1 0.86791
170.61 2 0.059523
170.71 1 0.86804
170.71 2 0.0595807
170.81 1 0.867909
170.81 2 0.0595764
170.91 1 0.868366
170.91 2 0.0595815
171.01 1 0.868588
171.01 2 0.0596406
171.11 1 0.868393
171.11 2 0.0596108
171.21 1 0.868801
171.21 2 0.059629
171.31 1 0.869293
171.31 2 0.0596488
171.41 1 0.869686
171.41 2 0.0596835
171.51 1 0.869834
171.51 2 0.0597295
171.61 1 0.869706
171.61 2 0.0596999
171.71 1 0.870121
171.71 2 0.0597228
171.81 1 0.870575
171.81 2 0.0597542
171.91 1 0.870764
171.91 2 0.0598126
172.01 1 0.870645
172.01 2 0.0597844
172.11 1 0.871088
172.11 2 0.059807
172.21 1 0.871546
172.21 2 0.0598292
172.31 1 0.871979
172.31 2 0.0598499
172.41 1 0.872396
172.41 2 0.0599036
172.51 1 0.872042
172.51 2 0.0599289
172.61 1 0.872528
172.61 2 0.0599148
172.71 1 0.873013
172.71 2 0.0599393
172.81 1 0.873475
172.81 2 0.0599637
172.91 1 0.87395
172.91 2 0.0600124
173.01 1 0.874008
173.01 2 0.06005
173.11 1 0.873991
173.11 2 0.060027
173.21 1 0.874446
173.21 2 0.060049
173.31 1 0.874904
173.31 2 0.0600711
173.41 1 0.875362
173.41 2 0.0600921
173.51 1 0.875819
173.51 2 0.0601163
173.61 1 0.876291
173.61 2 0.0601366
173.71 1 0.876749
173.71 2 0.0601608
173.81 1 0.877131
173.81 2 0.0602194
173.91 1 0.87679
173.91 2 0.0602383
174.01 1 0.877264
174.01 2 0.0602254
174.11 1 0.877719
174.11 2 0.0602475
174.21 1 0.878194
174.21 2 0.0602693
174.31 1 0.878648
174.31 2 0.0602895
174.41 1 0.879065
174.41 2 0.0603071
174.51 1 0.879536
174.51 2 0.0603595
174.61 1 0.879127
174.61 2 0.060388
174.71 1 0.879598
174.71 2 0.0603716
174.81 1 0.880074
174.81 2 0.0603954
174.91 1 0.880549
174.91 2 0.0604193
175.01 1 0.880976
175.01 2 0.0604418
175.11 1 0.881368
175.11 2 0.0604996
175.21 1 0.881047
175.21 2 0.0605189
175.31 1 0.881521
175.31 2 0.0605039
175.41 1 0.881993
175.41 2 0.0605257
175.51 1 0.882422
175.51 2 0.0605494
175.61 1 0.882866
175.61 2 0.0605895
175.71 1 0.882987
175.71 2 0.0606446
175.81 1 0.882736
175.81 2 0.0606223
175.91 1 0.88282
175.91 2 0.0606098
176.01 1 0.883288
176.01 2 0.0606307
176.11 1 0.883735
176.11 2 0.0606544
176.21 1 0.884034
176.21 2 0.0607191
176.31 1 0.883763
176.31 2 0.0607288
176.41 1 0.884232
176.41 2 0.0607184
176.51 1 0.884654
176.51 2 0.0607484
176.61 1 0.88486
176.61 2 0.0608166
176.71 1 0.884672
176.71 2 0.0607888
176.81 1 0.884677
176.81 2 0.0607864
176.91 1 0.885114
176.91 2 0.0608075
177.01 1 0.885503
177.01 2 0.0608661
177.11 1 0.885141
177.11 2 0.0608849
177.21 1 0.885599
177.21 2 0.0608691
177.31 1 0.886041
177.31 2 0.0608993
177.41 1 0.886268
177.41 2 0.0609576
177.51 1 0.886071
177.51 2 0.0609294
177.61 1 0.88653
177.61 2 0.0609507
177.71 1 0.88697
177.71 2 0.0609719
177.81 1 0.887434
177.81 2 0.0609951
177.91 1 0.887873
177.91 2 0.061015
178.01 1 0.888301
178.01 2 0.0610359
178.11 1 0.888691
178.11 2 0.061094
178.21 1 0.888371
178.21 2 0.0611129
178.31 1 0.888789
178.31 2 0.0610976
178.41 1 0.889198
178.41 2 0.0611267
178.51 1 0.889428
178.51 2 0.061187
178.61 1 0.889221
178.61 2 0.0611566
178.71 1 0.889636
178.71 2 0.0611885
178.81 1 0.889824
178.81 2 0.0612501
178.91 1 0.889627
178.91 2 0.061222
179.01 1 0.889486
179.01 2 0.0612499
179.11 1 0.889298
179.11 2 0.0612235
179.21 1 0.889505
179.21 2 0.0612386
179.31 1 0.889704
179.31 2 0.0612496
179.41 1 0.889905
179.41 2 0.0612731
179.51 1 0.890016
179.51 2 0.0612956
179.61 1 0.889926
179.61 2 0.0612708
179.71 1 0.890152
179.71 2 0.0612811
179.81 1 0.890059
179.81 2 0.0613043
179.91 1 0.889826
179.91 2 0.0613022
180.01 1 0.889941
180.01 2 0.0612824
180.11 1 0.889689
180.11 2 0.0612873
180.21 1 0.889929
180.21 2 0.0612759
180.31 1 0.890177
180.31 2 0.0612861
180.41 1 0.890378
180.41 2 0.0612985
180.51 1 0.890638
180.51 2 0.061336
180.61 1 0.890418
180.61 2 0.0613427
180.71 1 0.890641
180.71 2 0.0613309
180.81 1 0.890843
180.81 2 0.061344
180.91 1 0.891066
180.91 2 0.0613867
181.01 1 0.890859
181.01 2 0.0613579
181.11 1 0.891127
181.11 2 0.0613686
181.21 1 0.891395
181.21 2 0.0613867
181.31 1 0.891678
181.31 2 0.0613992
181.41 1 0.89195
181.41 2 0.0614106
181.51 1 0.892212
181.51 2 0.0614235
181.61 1 0.892499
181.61 2 0.061436
181.71 1 0.892769
181.71 2 0.0614473
181.81 1 0.893031
181.81 2 0.061459
181.91 1 0.893317
181.91 2 0.0614692
182.01 1 0.893578
182.01 2 0.0614746
182.11 1 0.893848
182.11 2 0.0614862
182.21 1 0.894188
182.21 2 0.0614974
182.31 1 0.894458
182.31 2 0.061508
182.41 1 0.89475
182.41 2 0.0615192
182.51 1 0.895018
182.51 2 0.0615332
182.61 1 0.895278
182.61 2 0.0615459
182.71 1 0.895561
182.71 2 0.0615546
182.81 1 0.89582
182.81 2 0.0615661
182.91 1 0.896087
182.91 2 0.0615784
183.01 1 0.896326
183.01 2 0.0615895
183.11 1 0.896582
183.11 2 0.0616009
183.21 1 0.896721
183.21 2 0.0616465
183.31 1 0.89656
183.31 2 0.0616267
183.41 1 0.896568
183.41 2 0.0616236
183.51 1 0.896688
183.51 2 0.061675
183.61 1 0.896468
183.61 2 0.0616755
183.71 1 0.896769
183.71 2 0.0616634
183.81 1 0.897092
183.81 2 0.0616778
183.91 1 0.897417
183.91 2 0.061687
184.01 1 0.897701
184.01 2 0.0617187
184.11 1 0.897773
184.11 2 0.06176
184.21 1 0.897477
184.21 2 0.0617385
184.31 1 0.897484
184.31 2 0.0617208
184.41 1 0.897834
184.41 2 0.0617385
184.51 1 0.898099
184.51 2 0.0617781
184.61 1 0.897706
184.61 2 0.0618011
184.71 1 0.897935
184.71 2 0.061783
184.81 1 0.898262
184.81 2 0.0617995
184.91 1 0.898455
184.91 2 0.0618562
185.01 1 0.898174
185.01 2 0.0618268
185.11 1 0.89809
185.11 2 0.0618116
185.21 1 0.898481
185.21 2 0.0618333
185.31 1 0.898886
185.31 2 0.0618532
185.41 1 0.89928
185.41 2 0.061872
185.51 1 0.899666
185.51 2 0.0618868
185.61 1 0.899971
185.61 2 0.0618966
185.71 1 0.900379
185.71 2 0.0619153
185.81 1 0.900763
185.81 2 0.0619343
185.91 1 0.901155
185.91 2 0.0619502
186.01 1 0.901524
186.01 2 0.0619666
186.11 1 0.901885
186.11 2 0.0619825
186.21 1 0.902225
186.21 2 0.0619992
186.31 1 0.902615
186.31 2 0.0620165
186.41 1 0.902974
186.41 2 0.0620354
186.51 1 0.903357
186.51 2 0.0620533
186.61 1 0.903689
186.61 2 0.0620999
186.71 1 0.903335
186.71 2 0.0621173
186.81 1 0.903722
186.81 2 0.0620989
186.91 1 0.90415
186.91 2 0.06212
187.01 1 0.90457
187.01 2 0.0621351
187.11 1 0.90494
187.11 2 0.0621524
187.21 1 0.90536
187.21 2 0.0621717
187.31 1 0.905786
187.31 2 0.0621912
187.41 1 0.906102
187.41 2 0.0622086
187.51 1 0.906528
187.51 2 0.0622258
187.61 1 0.906956
187.61 2 0.0622468
187.71 1 0.907374
187.71 2 0.0622678
187.81 1 0.907776
187.81 2 0.0622854
187.91 1 0.908181
187.91 2 0.0623064
188.01 1 0.908492
188.01 2 0.0623252
188.11 1 0.908837
188.11 2 0.0623693
188.21 1 0.908485
188.21 2 0.0623946
188.31 1 0.908557
188.31 2 0.0623781
188.41 1 0.908983
188.41 2 0.0623769
188.51 1 0.90939
188.51 2 0.0623961
188.61 1 0.90981
188.61 2 0.0624172
188.71 1 0.910213
188.71 2 0.0624427
188.81 1 0.910447
188.81 2 0.0625004
188.91 1 0.910212
188.91 2 0.0625029
189.01 1 0.910628
189.01 2 0.0624926
189.11 1 0.911029
189.11 2 0.0625118
189.21 1 0.911452
189.21 2 0.0625324
189.31 1 0.911852
189.31 2 0.0625512
189.41 1 0.91227
189.41 2 0.06257
189.51 1 0.912669
189.51 2 0.0625891
189.61 1 0.91309
189.61 2 0.0626088
189.71 1 0.913489
189.71 2 0.0626296
189.81 1 0.913867
189.81 2 0.0626808
189.91 1 0.91352
189.91 2 0.0627024
190.01 1 0.913919
190.01 2 0.062687
190.11 1 0.91429
190.11 2 0.0627311
190.21 1 0.913888
190.21 2 0.0627644
190.31 1 0.913981
190.31 2 0.062749
190.41 1 0.914399
190.41 2 0.0627487
190.51 1 0.914798
190.51 2 0.0627693
190.61 1 0.915188
190.61 2 0.0627922
190.71 1 0.915414
190.71 2 0.0628492
190.81 1 0.915225
190.81 2 0.0628214
190.91 1 0.915634
190.91 2 0.0628419
191.01 1 0.916007
191.01 2 0.0628772
191.11 1 0.916124
191.11 2 0.0629165
191.21 1 0.915978
191.21 2 0.0628964
191.31 1 0.916189
191.31 2 0.0629546
191.41 1 0.915992
191.41 2 0.0629262
191.51 1 0.916407
191.51 2 0.0629467
191.61 1 0.916814
191.61 2 0.0629671
191.71 1 0.917207
191.71 2 0.062999
191.81 1 0.917358
191.81 2 0.0630477
191.91 1 0.917223
191.91 2 0.0630223
192.01 1 0.917633
192.01 2 0.0630426
192.11 1 0.918046
192.11 2 0.0630612
192.21 1 0.918458
192.21 2 0.0630794
192.31 1 0.918867
192.31 2 0.0630995
192.41 1 0.91925
192.41 2 0.0631197
192.51 1 0.919594
192.51 2 0.0631711
192.61 1 0.919261
192.61 2 0.0631889
192.71 1 0.919654
192.71 2 0.0631735
192.81 1 0.92006
192.81 2 0.0631916
192.91 1 0.920467
192.91 2 0.0632104
193.01 1 0.920876
193.01 2 0.0632288
193.11 1 0.921264
193.11 2 0.0632573
193.21 1 0.921457
193.21 2 0.0633114
193.31 1 0.921287
193.31 2 0.0632843
193.41 1 0.921695
193.41 2 0.0633023
193.51 1 0.922078
193.51 2 0.0633204
193.61 1 0.922485
193.61 2 0.0633404
193.71 1 0.922871
193.71 2 0.0633593
193.81 1 0.923266
193.81 2 0.0634063
193.91 1 0.922871
193.91 2 0.0634315
194.01 1 0.923277
194.01 2 0.0634319
194.11 1 0.923159
194.11 2 0.0634697
194.21 1 0.923241
194.21 2 0.0634462
194.31 1 0.923646
194.31 2 0.0634644
194.41 1 0.924051
194.41 2 0.0634825
194.51 1 0.924413
194.51 2 0.0635023
194.61 1 0.924795
194.61 2 0.0635424
194.71 1 0.92439
194.71 2 0.0635721
194.81 1 0.924794
194.81 2 0.0635713
194.91 1 0.924872
194.91 2 0.0636091
195.01 1 0.924503
195.01 2 0.0635831
195.11 1 0.924106
195.11 2 0.0635552
195.21 1 0.923718
195.21 2 0.0635273
195.31 1 0.92333
195.31 2 0.0635028
195.41 1 0.922942
195.41 2 0.063475
195.51 1 0.922555
195.51 2 0.0634472
195.61 1 0.922168
195.61 2 0.0634439
195.71 1 0.921781
195.71 2 0.0634162
195.81 1 0.921395
195.81 2 0.0633885
195.91 1 0.920988
195.91 2 0.0633608
196.01 1 0.920663
196.01 2 0.0633331
196.11 1 0.920279
196.11 2 0.0633055
196.21 1 0.92024
196.21 2 0.0632779
196.31 1 0.919855
196.31 2 0.0632504
196.41 1 0.919451
196.41 2 0.0632208
196.51 1 0.919106
196.51 2 0.0631992
196.61 1 0.918685
196.61 2 0.0631732
196.71 1 0.918319
196.71 2 0.0631475
196.81 1 0.918043
196.81 2 0.063121
196.91 1 0.917785
196.91 2 0.0631267
197.01 1 0.917495
197.01 2 0.0631047
197.11 1 0.917195
197.11 2 0.0630825
197.21 1 0.91691
197.21 2 0.0630609
197.31 1 0.916652
197.31 2 0.063041
197.41 1 0.916396
197.41 2 0.0630212
197.51 1 0.916449
197.51 2 0.0629996
197.61 1 0.916172
197.61 2 0.0629781
197.71 1 0.915793
197.71 2 0.0629509
197.81 1 0.915414
197.81 2 0.0629292
197.91 1 0.915072
197.91 2 0.0629021
198.01 1 0.91478
198.01 2 0.0628856
198.11 1 0.914436
198.11 2 0.0628709
198.21 1 0.914226
198.21 2 0.0628629
198.31 1 0.914044
198.31 2 0.0628464
198.41 1 0.913808
198.41 2 0.0628279
198.51 1 0.913571
198.51 2 0.0628094
198.61 1 0.913335
198.61 2 0.0627909
198.71 1 0.9131
198.71 2 0.0627725
198.81 1 0.912835
198.81 2 0.062754
198.91 1 0.912593
198.91 2 0.0627356
199.01 1 0.912337
199.01 2 0.0627172
199.11 1 0.91234
199.11 2 0.0626989
199.21 1 0.912105
199.21 2 0.0626805
199.31 1 0.911871
199.31 2 0.0626622
199.41 1 0.911637
199.41 2 0.0626481
199.51 1 0.911403
199.51 2 0.0626298
199.61 1 0.911169
199.61 2 0.0626115
199.71 1 0.910936
199.71 2 0.0625933
199.81 1 0.910702
199.81 2 0.062575
199.91 1 0.910469
199.91 2 0.0625554
200.01 1 0.910217
200.01 2 0.0625352
200.11 1 0.910016
200.11 2 0.0625417
200.21 1 0.910016
200.21 2 0.0625308
200.31 1 0.910016
200.31 2 0.0625308
200.41 1 0.910016
200.41 2 0.0625308
200.51 1 0.910016
200.51 2 0.0625308
200.61 1 0.910016
200.61 2 0.0625308
200.71 1 0.910016
200.71 2 0.0625308
200.81 1 0.910016
200.81 2 0.0625308
200.91 1 0.910016
200.91 2 0.0625308
