0.0 0
0.114179 4294967295
0.219091 4294967295
0.226277 4294967295
0.233474 4294967295
0.240672 4294967295
0.247869 4294967295
0.345596 4294967295
0.349195 4294967295
0.352793 4294967295
0.360003 4294967295
0.363601 4294967295
0.3672 4294967295
0.370799 4294967295
0.374397 4294967295
0.377996 4294967295
0.381594 4294967295
0.385193 4294967295
0.385193 4294967295
0.385193 4294967295
0.428918 4294967295
0.428918 4294967295
0.428918 4294967295
0.432516 4294967295
0.432516 4294967295
0.432516 4294967295
0.439726 4294967295
0.439726 4294967295
0.439726 4294967295
0.443324 4294967295
0.443324 4294967295
0.443324 4294967295
0.446923 4294967295
0.446923 4294967295
0.446923 4294967295
0.450509 4294967295
0.450509 4294967295
0.451115 4294967295
0.454108 4294967295
0.548225 4294967295
0.548225 4294967295
0.681928 4294967295
0.681928 4294967295
0.685526 4294967295
0.689125 4294967295
0.692724 4294967295
0.696322 4294967295
0.699921 4294967295
0.70352 4294967295
0.707118 4294967295
0.710717 4294967295
0.714315 4294967295
0.75804 4294967295
0.761638 4294967295
0.765237 4294967295
0.768836 4294967295
0.772434 4294967295
0.776033 4294967295
0.779644 4294967295
0.779644 4294967295
0.783243 4294967295
0.783243 4294967295
0.786829 4294967295
0.786829 4294967295
0.786829 4294967295
0.906149 4294967295
0.906149 4294967295
0.909748 4294967295
0.913346 4294967295
0.916945 4294967295
0.920543 4294967295
0.924142 4294967295
0.927741 4294967295
0.93495 4294967295
0.938549 4294967295
0.942148 4294967295
0.945746 4294967295
0.949345 4294967295
0.989471 4294967295
0.993069 4294967295
0.993069 4294967295
0.993069 4294967295
0.996668 4294967295
0.996668 4294967295
0.996668 4294967295
1.00027 4294967295
1.00027 4294967295
1.00027 4294967295
1.00388 4294967295
1.00388 4294967295
1.00388 4294967295
1.01106 4294967295
1.01106 4294967295
1.01467 4294967295
1.10879 4294967295
1.12317 4294967295
1.12677 4294967295
1.13037 4294967295
1.13397 4294967295
1.13757 4294967295
1.14117 4294967295
1.14476 4294967295
1.14476 4294967295
1.14836 4294967295
1.14836 4294967295
1.21369 4294967295
1.21369 4294967295
1.21369 4294967295
1.37618 4294967295
1.37978 4294967295
1.38699 4294967295
1.42352 4294967295
1.42712 4294967295
1.43072 4294967295
1.43431 4294967295
1.43791 4294967295
1.44151 4294967295
1.44511 4294967295
1.44871 4294967295
1.44871 4294967295
1.45231 4294967295
1.45231 4294967295
1.45231 4294967295
1.45591 4294967295
1.45591 4294967295
1.45591 4294967295
1.4631 4294967295
1.4631 4294967295
1.47031 4294967295
1.47031 4294967295
1.47031 4294967295
1.47391 4294967295
1.47391 4294967295
1.47391 4294967295
1.47751 4294967295
1.47751 4294967295
1.47751 4294967295
1.4811 4294967295
1.4811 4294967295
1.4817 4294967295
1.4847 4294967295
1.57881 4294967295
1.57881 4294967295
1.9547 4294967295
1.9583 4294967295
1.9619 4294967295
1.9655 4294967295
1.9691 4294967295
1.9727 4294967295
2.00564 4294967295
2.00924 4294967295
2.01284 4294967295
2.01643 4294967295
2.02003 4294967295
2.02363 4294967295
2.02723 4294967295
2.02723 4294967295
2.03083 4294967295
2.03083 4294967295
2.03083 4294967295
2.03443 4294967295
2.03443 4294967295
2.03443 4294967295
2.04883 4294967295
2.04883 4294967295
2.04883 4294967295
2.05243 4294967295
2.05243 4294967295
2.05243 4294967295
2.05603 4294967295
2.05603 4294967295
2.05603 4294967295
2.05962 4294967295
2.05962 4294967295
2.06022 4294967295
2.06322 4294967295
2.15733 4294967295
2.15733 4294967295
2.37075 4294967295
2.37075 4294967295
2.37435 4294967295
2.37794 4294967295
2.38154 4294967295
2.38514 4294967295
2.38874 4294967295
2.39234 4294967295
2.39594 4294967295
2.40313 4294967295
2.40673 4294967295
2.41033 4294967295
2.41393 4294967295
2.41753 4294967295
2.42113 4294967295
2.42473 4294967295
2.43194 4294967295
2.43553 4294967295
2.43913 4294967295
2.44272 4294967295
2.44272 4294967295
2.47565 4294967295
2.47565 4294967295
2.47565 4294967295
2.72505 4294967295
2.72505 4294967295
2.72865 4294967295
2.73224 4294967295
2.73584 4294967295
2.73944 4294967295
2.74304 4294967295
2.74664 4294967295
2.75024 4294967295
2.75384 4294967295
2.75744 4294967295
2.76103 4294967295
2.76463 4294967295
2.76823 4294967295
2.79396 4294967295
2.80117 4294967295
2.80477 4294967295
2.81557 4294967295
2.81917 4294967295
2.81917 4294967295
2.82278 4294967295
2.82278 4294967295
2.82278 4294967295
2.82637 4294967295
2.82637 4294967295
2.82637 4294967295
2.82996 4294967295
2.82996 4294967295
2.83356 4294967295
2.92768 4294967295
2.92768 4294967295
3.49898 4294967295
3.49898 4294967295
3.50258 4294967295
3.50617 4294967295
3.50977 4294967295
3.51337 4294967295
3.51697 4294967295
3.52057 4294967295
3.52417 4294967295
3.52777 4294967295
3.53136 4294967295
3.56069 4294967295
3.56429 4294967295
3.56789 4294967295
3.57149 4294967295
3.57509 4294967295
3.57869 4294967295
3.58229 4294967295
3.58588 4294967295
3.58948 4294967295
3.59308 4294967295
3.59669 4294967295
3.59669 4294967295
3.60029 4294967295
3.60029 4294967295
3.60388 4294967295
3.60388 4294967295
3.60388 4294967295
3.91861 4294967295
3.91861 4294967295
3.9222 4294967295
3.9258 4294967295
3.93301 4294967295
3.93661 4294967295
3.94381 4294967295
3.94741 4294967295
3.95101 4294967295
3.9546 4294967295
3.9582 4294967295
3.9618 4294967295
3.9654 4294967295
3.969 4294967295
3.9726 4294967295
3.9726 4294967295
3.9726 4294967295
3.9762 4294967295
3.9762 4294967295
3.9762 4294967295
3.97979 4294967295
3.97979 4294967295
3.97979 4294967295
3.98339 4294967295
3.98339 4294967295
3.98339 4294967295
3.9906 4294967295
3.9906 4294967295
3.9906 4294967295
3.9942 4294967295
3.9942 4294967295
3.9942 4294967295
3.9978 4294967295
3.9978 4294967295
3.9978 4294967295
4.01992 4294967295
4.01992 4294967295
4.02352 4294967295
4.02412 4294967295
4.02712 4294967295
4.04871 4294967295
4.04871 4294967295
4.18961 4294967295
4.19682 4294967295
4.20042 4294967295
4.20402 4294967295
4.20761 4294967295
4.21121 4294967295
4.21481 4294967295
4.21841 4294967295
4.22201 4294967295
4.23694 4294967295
4.24054 4294967295
4.24414 4294967295
4.24774 4294967295
4.24774 4294967295
4.24774 4294967295
4.25854 4294967295
4.25854 4294967295
4.25854 4294967295
4.26213 4294967295
4.26213 4294967295
4.26213 4294967295
4.26573 4294967295
4.26573 4294967295
4.26573 4294967295
4.26933 4294967295
4.26933 4294967295
4.26933 4294967295
4.27293 4294967295
4.27293 4294967295
4.27293 4294967295
4.27653 4294967295
4.27653 4294967295
4.27653 4294967295
4.28374 4294967295
4.28374 4294967295
4.28374 4294967295
4.28734 4294967295
4.28734 4294967295
4.28734 4294967295
4.29094 4294967295
4.29094 4294967295
4.29094 4294967295
4.29452 4294967295
4.29452 4294967295
4.29513 4294967295
4.29812 4294967295
4.39224 4294967295
4.39224 4294967295
4.52594 4294967295
4.52954 4294967295
4.53675 4294967295
4.54035 4294967295
4.54395 4294967295
4.54754 4294967295
4.55475 4294967295
4.55835 4294967295
4.56195 4294967295
4.56555 4294967295
4.56915 4294967295
4.57275 4294967295
4.57275 4294967295
4.57275 4294967295
4.57635 4294967295
4.57635 4294967295
4.57635 4294967295
4.57994 4294967295
4.57994 4294967295
4.57994 4294967295
4.60927 4294967295
4.60927 4294967295
4.60927 4294967295
4.61287 4294967295
4.61287 4294967295
4.61287 4294967295
4.61647 4294967295
4.61647 4294967295
4.61647 4294967295
4.62367 4294967295
4.62367 4294967295
4.62367 4294967295
4.62727 4294967295
4.62727 4294967295
4.62727 4294967295
4.63087 4294967295
4.63087 4294967295
4.63087 4294967295
4.63146 4294967295
4.63146 4294967295
4.63445 4294967295
4.73218 4294967295
4.73218 4294967295
4.73577 4294967295
4.73577 4294967295
4.87308 4294967295
4.87308 4294967295
4.87668 4294967295
4.88028 4294967295
4.88388 4294967295
4.88748 4294967295
4.89107 4294967295
4.89827 4294967295
4.90187 4294967295
4.90547 4294967295
4.90907 4294967295
4.91267 4294967295
4.91626 4294967295
4.91626 4294967295
4.91626 4294967295
4.91986 4294967295
4.91986 4294967295
4.91986 4294967295
4.92346 4294967295
4.92346 4294967295
4.92346 4294967295
4.92706 4294967295
4.92706 4294967295
4.92706 4294967295
4.95999 4294967295
4.95999 4294967295
4.96359 4294967295
4.96359 4294967295
4.96359 4294967295
4.96719 4294967295
4.96719 4294967295
4.96719 4294967295
4.9708 4294967295
4.9708 4294967295
4.9708 4294967295
4.9744 4294967295
4.9744 4294967295
4.9744 4294967295
4.97799 4294967295
4.97799 4294967295
4.97799 4294967295
4.97923 4294967295
4.97923 4294967295
4.97923 4294967295
4.98158 4294967295
4.98158 4294967295
4.98158 4294967295
5.0973 4294967295
5.1009 4294967295
5.1045 4294967295
5.1081 4294967295
5.1117 4294967295
5.1153 4294967295
5.11889 4294967295
5.12249 4294967295
5.12609 4294967295
5.12969 4294967295
5.13329 4294967295
5.13689 4294967295
5.14049 4294967295
5.14408 4294967295
5.14768 4294967295
5.15128 4294967295
5.15488 4294967295
5.15848 4294967295
5.16208 4294967295
5.16568 4294967295
5.16927 4294967295
5.19142 4294967295
5.19502 4294967295
5.19502 4294967295
5.19862 4294967295
5.19862 4294967295
5.2022 4294967295
5.2022 4294967295
5.2022 4294967295
5.41563 4294967295
5.41563 4294967295
5.41923 4294967295
5.42283 4294967295
5.42642 4294967295
5.43002 4294967295
5.43362 4294967295
5.43722 4294967295
5.44082 4294967295
5.44442 4294967295
5.44802 4294967295
5.45161 4294967295
5.45521 4294967295
5.45881 4294967295
5.46241 4294967295
5.46601 4294967295
5.46961 4294967295
5.47321 4294967295
5.484 4294967295
5.4876 4294967295
5.4912 4294967295
5.4948 4294967295
5.4984 4294967295
5.502 4294967295
5.51334 4294967295
5.51334 4294967295
5.51694 4294967295
5.51694 4294967295
5.52053 4294967295
5.52053 4294967295
5.52053 4294967295
5.63265 4294967295
5.63265 4294967295
5.63625 4294967295
5.63985 4294967295
5.64345 4294967295
5.64705 4294967295
5.65065 4294967295
5.65424 4294967295
5.65784 4294967295
5.66144 4294967295
5.66864 4294967295
5.67224 4294967295
5.67584 4294967295
5.68303 4294967295
5.69024 4294967295
5.69384 4294967295
5.69744 4294967295
5.70104 4294967295
5.70464 4294967295
5.70824 4294967295
5.72317 4294967295
5.72317 4294967295
5.72677 4294967295
5.72677 4294967295
5.72677 4294967295
5.73038 4294967295
5.73038 4294967295
5.73038 4294967295
5.73398 4294967295
5.73398 4294967295
5.73398 4294967295
5.73757 4294967295
5.73757 4294967295
5.74116 4294967295
5.77355 4294967295
5.78795 4294967295
5.84247 4294967295
5.84247 4294967295
6.08107 4294967295
6.08467 4294967295
6.08827 4294967295
6.09187 4294967295
6.09546 4294967295
6.09906 4294967295
6.10266 4294967295
6.10626 4294967295
6.10986 4294967295
6.11346 4294967295
6.11706 4294967295
6.12065 4294967295
6.12425 4294967295
6.12785 4294967295
6.13145 4294967295
6.13505 4294967295
6.13865 4294967295
6.14225 4294967295
6.14585 4294967295
6.14944 4294967295
6.15304 4294967295
6.16438 4294967295
6.16798 4294967295
6.17519 4294967295
6.1824 4294967295
6.1824 4294967295
6.18598 4294967295
6.18598 4294967295
6.28731 4294967295
6.28731 4294967295
6.29088 4294967295
6.29088 4294967295
6.29088 4294967295
6.43541 4294967295
6.43901 4294967295
6.4426 4294967295
6.4462 4294967295
6.4498 4294967295
6.4534 4294967295
6.457 4294967295
6.4606 4294967295
6.4642 4294967295
6.46779 4294967295
6.47139 4294967295
6.47499 4294967295
6.47859 4294967295
6.48579 4294967295
6.49712 4294967295
6.50072 4294967295
6.50432 4294967295
6.50792 4294967295
6.51152 4294967295
6.51512 4294967295
6.51872 4294967295
6.52232 4294967295
6.52952 4294967295
6.53312 4294967295
6.53672 4294967295
6.53672 4294967295
6.54031 4294967295
6.54031 4294967295
6.54031 4294967295
6.87304 4294967295
6.87304 4294967295
6.87664 4294967295
6.88024 4294967295
6.88384 4294967295
6.88744 4294967295
6.89103 4294967295
6.89463 4294967295
6.89823 4294967295
6.90183 4294967295
6.90543 4294967295
6.90903 4294967295
6.91263 4294967295
6.91623 4294967295
6.91982 4294967295
6.91982 4294967295
6.92342 4294967295
6.92342 4294967295
6.92342 4294967295
6.92702 4294967295
6.92702 4294967295
6.92702 4294967295
6.93062 4294967295
6.93062 4294967295
6.93062 4294967295
6.93422 4294967295
6.93422 4294967295
6.93422 4294967295
6.93782 4294967295
6.93782 4294967295
6.93782 4294967295
6.94142 4294967295
6.94142 4294967295
6.94142 4294967295
6.94501 4294967295
6.94501 4294967295
6.94501 4294967295
6.94861 4294967295
6.94861 4294967295
6.94861 4294967295
6.95221 4294967295
6.95221 4294967295
6.95221 4294967295
6.96716 4294967295
6.96716 4294967295
6.97076 4294967295
6.97076 4294967295
6.97076 4294967295
6.97795 4294967295
6.97795 4294967295
6.98155 4294967295
7.07206 4294967295
7.07206 4294967295
7.07206 4294967295
7.39037 4294967295
7.39037 4294967295
7.39397 4294967295
7.39757 4294967295
7.40117 4294967295
7.40477 4294967295
7.40837 4294967295
7.41197 4294967295
7.41556 4294967295
7.41916 4294967295
7.42276 4294967295
7.42636 4294967295
7.42996 4294967295
7.43356 4294967295
7.43716 4294967295
7.44075 4294967295
7.44435 4294967295
7.45515 4294967295
7.45875 4294967295
7.46235 4294967295
7.46595 4294967295
7.46954 4294967295
7.47314 4294967295
7.47674 4294967295
7.48034 4294967295
7.48394 4294967295
7.48754 4294967295
7.49114 4294967295
7.49114 4294967295
7.49473 4294967295
7.49473 4294967295
7.49596 4294967295
7.49596 4294967295
7.49596 4294967295
7.70455 4294967295
7.70815 4294967295
7.71175 4294967295
7.71534 4294967295
7.71894 4294967295
7.72254 4294967295
7.72614 4294967295
7.72974 4294967295
7.73334 4294967295
7.73694 4294967295
7.74053 4294967295
7.74413 4294967295
7.74773 4294967295
7.75133 4294967295
7.75493 4294967295
7.75853 4294967295
7.76213 4294967295
7.76573 4294967295
7.76932 4294967295
7.77292 4294967295
7.77652 4294967295
7.78012 4294967295
7.78372 4294967295
7.78732 4294967295
7.79092 4294967295
7.79813 4294967295
7.80172 4294967295
7.80172 4294967295
7.80532 4294967295
7.80532 4294967295
7.80891 4294967295
7.80891 4294967295
7.80891 4294967295
7.96422 4294967295
7.96781 4294967295
7.97141 4294967295
7.97501 4294967295
7.97861 4294967295
7.98221 4294967295
7.98581 4294967295
7.98941 4294967295
7.993 4294967295
7.9966 4294967295
8.0002 4294967295
8.0038 4294967295
8.0074 4294967295
8.01154 4294967295
8.01874 4294967295
8.02595 4294967295
8.02954 4294967295
8.03314 4294967295
8.03674 4294967295
8.04034 4294967295
8.04394 4294967295
8.04754 4294967295
8.04754 4294967295
8.05114 4294967295
8.05114 4294967295
8.05114 4294967295
8.05835 4294967295
8.05835 4294967295
8.05835 4294967295
8.06194 4294967295
8.06194 4294967295
8.06194 4294967295
8.06554 4294967295
8.06554 4294967295
8.06554 4294967295
8.06913 4294967295
8.06913 4294967295
8.06973 4294967295
8.07273 4294967295
8.12365 4294967295
8.17044 4294967295
8.17044 4294967295
8.21364 4294967295
8.21364 4294967295
8.21724 4294967295
8.22084 4294967295
8.22444 4294967295
8.22803 4294967295
8.23163 4294967295
8.23523 4294967295
8.27536 4294967295
8.27896 4294967295
8.28255 4294967295
8.28615 4294967295
8.28975 4294967295
8.29335 4294967295
8.29695 4294967295
8.30055 4294967295
8.30774 4294967295
8.31134 4294967295
8.31494 4294967295
8.31854 4294967295
8.31854 4294967295
8.31913 4294967295
8.31913 4294967295
8.31913 4294967295
8.57515 4294967295
8.57875 4294967295
8.58235 4294967295
8.58594 4294967295
8.58954 4294967295
8.59314 4294967295
8.59674 4294967295
8.60034 4294967295
8.61114 4294967295
8.61473 4294967295
8.61833 4294967295
8.62193 4294967295
8.63274 4294967295
8.63634 4294967295
8.63634 4294967295
8.63994 4294967295
8.63994 4294967295
8.63994 4294967295
8.64354 4294967295
8.64354 4294967295
8.64354 4294967295
8.64713 4294967295
8.64713 4294967295
8.64713 4294967295
8.65073 4294967295
8.65073 4294967295
8.65073 4294967295
8.65433 4294967295
8.65433 4294967295
8.65433 4294967295
8.65793 4294967295
8.65793 4294967295
8.65793 4294967295
8.66153 4294967295
8.66153 4294967295
8.66153 4294967295
8.66513 4294967295
8.66513 4294967295
8.66513 4294967295
8.66873 4294967295
8.66873 4294967295
8.66873 4294967295
8.67232 4294967295
8.67232 4294967295
8.67232 4294967295
8.67592 4294967295
8.67592 4294967295
8.67592 4294967295
8.67951 4294967295
8.67951 4294967295
8.68011 4294967295
8.68011 4294967295
8.77724 4294967295
8.77724 4294967295
8.78082 4294967295
8.78082 4294967295
8.88575 4294967295
8.88935 4294967295
8.89295 4294967295
8.90014 4294967295
8.90374 4294967295
8.90734 4294967295
8.91094 4294967295
8.91454 4294967295
8.91814 4294967295
8.92174 4294967295
8.92533 4294967295
8.92893 4294967295
8.93253 4294967295
8.93613 4294967295
8.94334 4294967295
8.94694 4294967295
8.95054 4294967295
8.95414 4294967295
8.95773 4294967295
8.96133 4294967295
8.96493 4294967295
8.96853 4294967295
8.97213 4294967295
8.97213 4294967295
8.97213 4294967295
8.97573 4294967295
8.97573 4294967295
8.97573 4294967295
8.97933 4294967295
8.97933 4294967295
8.97933 4294967295
8.98082 4294967295
8.98292 4294967295
10.3985 4294967295
10.5934 4294967295
10.597 4294967295
10.6042 4294967295
10.6078 4294967295
10.6114 4294967295
10.615 4294967295
10.6186 4294967295
10.6222 4294967295
10.6258 4294967295
10.6294 4294967295
10.633 4294967295
10.6366 4294967295
10.6402 4294967295
10.6438 4294967295
10.6474 4294967295
10.651 4294967295
10.651 4294967295
10.6546 4294967295
10.6546 4294967295
10.6546 4294967295
10.6582 4294967295
10.6582 4294967295
10.6582 4294967295
10.6618 4294967295
10.6618 4294967295
10.6618 4294967295
10.6654 4294967295
10.6654 4294967295
10.6654 4294967295
10.669 4294967295
10.669 4294967295
10.669 4294967295
10.6726 4294967295
10.6726 4294967295
10.6726 4294967295
10.6798 4294967295
10.6798 4294967295
10.6834 4294967295
10.6834 4294967295
10.6834 4294967295
10.6875 4294967295
10.6875 4294967295
10.6875 4294967295
10.6911 4294967295
10.6911 4294967295
10.6911 4294967295
10.6947 4294967295
10.6947 4294967295
10.6947 4294967295
10.6983 4294967295
10.6983 4294967295
10.6989 4294967295
10.7019 4294967295
10.796 4294967295
10.796 4294967295
11.0125 4294967295
11.0161 4294967295
11.0197 4294967295
11.0233 4294967295
11.0269 4294967295
11.0305 4294967295
11.0341 4294967295
11.0377 4294967295
11.0454 4294967295
11.049 4294967295
11.0526 4294967295
11.0562 4294967295
11.0598 4294967295
11.0634 4294967295
11.067 4294967295
11.0706 4294967295
11.0742 4294967295
11.0778 4294967295
11.0814 4294967295
11.085 4294967295
11.0886 4294967295
11.0922 4294967295
11.0958 4294967295
11.0994 4294967295
11.103 4294967295
11.1066 4294967295
11.1102 4294967295
11.1138 4294967295
11.1138 4294967295
11.1174 4294967295
11.1174 4294967295
11.118 4294967295
11.118 4294967295
11.118 4294967295
11.3051 4294967295
11.3087 4294967295
11.3123 4294967295
11.3159 4294967295
11.3195 4294967295
11.3231 4294967295
11.3267 4294967295
11.3303 4294967295
11.3339 4294967295
11.3375 4294967295
11.3411 4294967295
11.3447 4294967295
11.3483 4294967295
11.3519 4294967295
11.3555 4294967295
11.3591 4294967295
11.3627 4294967295
11.3663 4294967295
11.3699 4294967295
11.3771 4294967295
11.3807 4294967295
11.3843 4294967295
11.3879 4294967295
11.3951 4294967295
11.3992 4294967295
11.3992 4294967295
11.3992 4294967295
11.4028 4294967295
11.4028 4294967295
11.4028 4294967295
11.4064 4294967295
11.4064 4294967295
11.4064 4294967295
11.41 4294967295
11.41 4294967295
11.4106 4294967295
11.4136 4294967295
11.5077 4294967295
11.5077 4294967295
11.6738 4294967295
11.6738 4294967295
11.6774 4294967295
11.681 4294967295
11.6846 4294967295
11.6882 4294967295
11.6918 4294967295
11.6954 4294967295
11.699 4294967295
11.7026 4294967295
11.7062 4294967295
11.7098 4294967295
11.7134 4294967295
11.717 4294967295
11.7206 4294967295
11.7242 4294967295
11.7242 4294967295
11.7242 4294967295
11.7278 4294967295
11.7278 4294967295
11.7278 4294967295
11.7314 4294967295
11.7314 4294967295
11.7314 4294967295
11.735 4294967295
11.735 4294967295
11.735 4294967295
11.7386 4294967295
11.7386 4294967295
11.7386 4294967295
11.7422 4294967295
11.7422 4294967295
11.7422 4294967295
11.7458 4294967295
11.7458 4294967295
11.7458 4294967295
11.7494 4294967295
11.7494 4294967295
11.7494 4294967295
11.753 4294967295
11.753 4294967295
11.753 4294967295
11.7566 4294967295
11.7566 4294967295
11.7566 4294967295
11.7602 4294967295
11.7602 4294967295
11.7602 4294967295
11.7643 4294967295
11.7643 4294967295
11.7643 4294967295
11.7679 4294967295
11.7679 4294967295
11.7679 4294967295
11.7716 4294967295
11.7716 4294967295
11.7716 4294967295
11.7787 4294967295
11.7787 4294967295
11.7793 4294967295
11.7823 4294967295
11.7823 4294967295
11.7823 4294967295
11.9268 4294967295
11.9268 4294967295
11.9304 4294967295
11.934 4294967295
11.9376 4294967295
11.9412 4294967295
11.9448 4294967295
11.9484 4294967295
11.952 4294967295
11.9556 4294967295
11.9592 4294967295
11.9628 4294967295
11.9664 4294967295
11.97 4294967295
11.9736 4294967295
11.9772 4294967295
11.9808 4294967295
11.9844 4294967295
11.988 4294967295
11.9916 4294967295
11.9952 4294967295
11.9988 4294967295
12.0024 4294967295
12.006 4294967295
12.0096 4294967295
12.0132 4294967295
12.0168 4294967295
12.0204 4294967295
12.024 4294967295
12.024 4294967295
12.0276 4294967295
12.0276 4294967295
12.0318 4294967295
12.0318 4294967295
12.0318 4294967295
12.3604 4294967295
12.3604 4294967295
12.364 4294967295
12.3712 4294967295
12.3748 4294967295
12.3784 4294967295
12.382 4294967295
12.3856 4294967295
12.3892 4294967295
12.3928 4294967295
12.3964 4294967295
12.4 4294967295
12.4036 4294967295
12.4071 4294967295
12.4107 4294967295
12.4143 4294967295
12.4179 4294967295
12.4179 4294967295
12.4215 4294967295
12.4215 4294967295
12.4215 4294967295
12.4251 4294967295
12.4251 4294967295
12.4251 4294967295
12.4287 4294967295
12.4287 4294967295
12.4287 4294967295
12.4323 4294967295
12.4323 4294967295
12.4323 4294967295
12.4359 4294967295
12.4359 4294967295
12.4359 4294967295
12.4395 4294967295
12.4395 4294967295
12.4395 4294967295
12.4431 4294967295
12.4431 4294967295
12.4431 4294967295
12.4467 4294967295
12.4467 4294967295
12.4467 4294967295
12.4503 4294967295
12.4503 4294967295
12.4503 4294967295
12.4539 4294967295
12.4539 4294967295
12.4539 4294967295
12.4575 4294967295
12.4575 4294967295
12.4575 4294967295
12.4611 4294967295
12.4611 4294967295
12.4611 4294967295
12.4647 4294967295
12.4647 4294967295
12.4653 4294967295
12.4683 4294967295
12.5624 4294967295
12.5624 4294967295
12.7933 4294967295
12.7974 4294967295
12.801 4294967295
12.8046 4294967295
12.8082 4294967295
12.8118 4294967295
12.8154 4294967295
12.819 4294967295
12.8226 4294967295
12.8262 4294967295
12.8298 4294967295
12.8334 4294967295
12.8406 4294967295
12.8442 4294967295
12.8514 4294967295
12.855 4294967295
12.8586 4294967295
12.8622 4294967295
12.8658 4294967295
12.8694 4294967295
12.8694 4294967295
12.8694 4294967295
12.873 4294967295
12.873 4294967295
12.873 4294967295
12.8766 4294967295
12.8766 4294967295
12.8766 4294967295
12.8802 4294967295
12.8802 4294967295
12.8802 4294967295
12.8838 4294967295
12.8838 4294967295
12.8838 4294967295
12.8874 4294967295
12.8874 4294967295
12.8874 4294967295
12.891 4294967295
12.891 4294967295
12.891 4294967295
12.8946 4294967295
12.8946 4294967295
12.8946 4294967295
12.8982 4294967295
12.8982 4294967295
12.8982 4294967295
12.8988 4294967295
12.8988 4294967295
12.9018 4294967295
12.9995 4294967295
13.0031 4294967295
13.0031 4294967295
13.5728 4294967295
13.5728 4294967295
13.5764 4294967295
13.58 4294967295
13.5836 4294967295
13.5872 4294967295
13.5908 4294967295
13.5944 4294967295
13.598 4294967295
13.6016 4294967295
13.6052 4294967295
13.6088 4294967295
13.6124 4294967295
13.616 4294967295
13.6196 4294967295
13.6232 4294967295
13.6268 4294967295
13.6304 4294967295
13.634 4294967295
13.6376 4294967295
13.6412 4294967295
13.6448 4294967295
13.6484 4294967295
13.652 4294967295
13.6556 4294967295
13.6592 4294967295
13.6628 4294967295
13.6664 4294967295
13.67 4294967295
13.67 4294967295
13.6736 4294967295
13.6736 4294967295
13.6772 4294967295
13.6772 4294967295
13.6772 4294967295
13.9116 4294967295
13.9152 4294967295
13.9188 4294967295
13.9224 4294967295
13.926 4294967295
13.9296 4294967295
13.9332 4294967295
13.9368 4294967295
13.9404 4294967295
13.944 4294967295
13.9476 4294967295
13.9512 4294967295
13.9548 4294967295
13.9584 4294967295
13.962 4294967295
13.9656 4294967295
13.9692 4294967295
13.9728 4294967295
13.9764 4294967295
13.98 4294967295
13.9836 4294967295
13.9872 4294967295
13.9908 4294967295
13.9944 4294967295
13.998 4294967295
14.0016 4294967295
14.0088 4294967295
14.0124 4294967295
14.016 4294967295
14.016 4294967295
14.0166 4294967295
14.0166 4294967295
14.0166 4294967295
14.3044 4294967295
14.308 4294967295
14.3116 4294967295
14.3188 4294967295
14.3224 4294967295
14.326 4294967295
14.3296 4294967295
14.3332 4294967295
14.3368 4294967295
14.3404 4294967295
14.344 4294967295
14.3476 4294967295
14.3512 4294967295
14.3548 4294967295
14.3584 4294967295
14.362 4294967295
14.3656 4294967295
14.3692 4294967295
14.3728 4294967295
14.3764 4294967295
14.38 4294967295
14.3836 4294967295
14.3872 4294967295
14.3908 4294967295
14.3944 4294967295
14.398 4294967295
14.4016 4294967295
14.4052 4294967295
14.4088 4294967295
14.4088 4294967295
14.4094 4294967295
14.4094 4294967295
14.4094 4294967295
14.5677 4294967295
14.5677 4294967295
14.5713 4294967295
14.5749 4294967295
14.5785 4294967295
14.5821 4294967295
14.5857 4294967295
14.5893 4294967295
14.5929 4294967295
14.5965 4294967295
14.6001 4294967295
14.6037 4294967295
14.6073 4294967295
14.6109 4294967295
14.6145 4294967295
14.6181 4294967295
14.6217 4294967295
14.6253 4294967295
14.6289 4294967295
14.6325 4294967295
14.6361 4294967295
14.6433 4294967295
14.6469 4294967295
14.6505 4294967295
14.6541 4294967295
14.6618 4294967295
14.6654 4294967295
14.669 4294967295
14.669 4294967295
14.6726 4294967295
14.6726 4294967295
14.6726 4294967295
14.8711 4294967295
14.8747 4294967295
14.8783 4294967295
14.8819 4294967295
14.8855 4294967295
14.8891 4294967295
14.8927 4294967295
14.8963 4294967295
14.8999 4294967295
14.9071 4294967295
14.9107 4294967295
14.9143 4294967295
14.9179 4294967295
14.9215 4294967295
14.9251 4294967295
14.9287 4294967295
14.9323 4294967295
14.9395 4294967295
14.9431 4294967295
14.9467 4294967295
14.9503 4294967295
14.9539 4294967295
14.9575 4294967295
14.9647 4294967295
14.9647 4294967295
14.9683 4294967295
14.9683 4294967295
14.9683 4294967295
14.9719 4294967295
14.9719 4294967295
14.9719 4294967295
14.9755 4294967295
14.9755 4294967295
14.9755 4294967295
14.9761 4294967295
14.9761 4294967295
14.9791 4294967295
15.012 4294967295
15.0804 4294967295
15.081 4294967295
15.084 4294967295
15.084 4294967295
15.2285 4294967295
15.2321 4294967295
15.2357 4294967295
15.2393 4294967295
15.2429 4294967295
15.2465 4294967295
15.2501 4294967295
15.2537 4294967295
15.2573 4294967295
15.2609 4294967295
15.2645 4294967295
15.2681 4294967295
15.2753 4294967295
15.2789 4294967295
15.2825 4294967295
15.2861 4294967295
15.2897 4294967295
15.2933 4294967295
15.2969 4294967295
15.3005 4294967295
15.304 4294967295
15.3076 4294967295
15.3112 4294967295
15.3148 4294967295
15.3184 4294967295
15.322 4294967295
15.3256 4294967295
15.3329 4294967295
15.3334 4294967295
15.3334 4294967295
15.3802 4294967295
15.3802 4294967295
15.4383 4294967295
15.4383 4294967295
15.4383 4294967295
15.5792 4294967295
15.5828 4294967295
15.5864 4294967295
15.59 4294967295
15.5936 4294967295
15.6008 4294967295
15.6044 4294967295
15.608 4294967295
15.6116 4294967295
15.6152 4294967295
15.6188 4294967295
15.6224 4294967295
15.626 4294967295
15.6296 4294967295
15.6368 4294967295
15.644 4294967295
15.6476 4294967295
15.6476 4294967295
15.6512 4294967295
15.6512 4294967295
15.6512 4294967295
15.6548 4294967295
15.6548 4294967295
15.6548 4294967295
15.6584 4294967295
15.6584 4294967295
15.6584 4294967295
15.662 4294967295
15.662 4294967295
15.662 4294967295
15.6656 4294967295
15.6656 4294967295
15.6656 4294967295
15.6728 4294967295
15.6728 4294967295
15.6728 4294967295
15.6764 4294967295
15.6764 4294967295
15.6764 4294967295
15.68 4294967295
15.68 4294967295
15.68 4294967295
15.6836 4294967295
15.6836 4294967295
15.6836 4294967295
15.6842 4294967295
15.6842 4294967295
15.6872 4294967295
15.7849 4294967295
15.7885 4294967295
15.7885 4294967295
15.9762 4294967295
15.9798 4294967295
15.9834 4294967295
15.987 4294967295
15.9906 4294967295
15.9942 4294967295
16.0014 4294967295
16.005 4294967295
16.0086 4294967295
16.0122 4294967295
16.0158 4294967295
16.0194 4294967295
16.023 4294967295
16.0266 4294967295
16.0302 4294967295
16.0338 4294967295
16.0374 4294967295
16.041 4294967295
16.0446 4294967295
16.0446 4294967295
16.0446 4294967295
16.0482 4294967295
16.0482 4294967295
16.0482 4294967295
16.0518 4294967295
16.0518 4294967295
16.0518 4294967295
16.0554 4294967295
16.0554 4294967295
16.0554 4294967295
16.059 4294967295
16.059 4294967295
16.059 4294967295
16.0626 4294967295
16.0626 4294967295
16.0626 4294967295
16.0662 4294967295
16.0662 4294967295
16.0662 4294967295
16.0698 4294967295
16.0698 4294967295
16.0698 4294967295
16.0734 4294967295
16.0734 4294967295
16.0734 4294967295
16.077 4294967295
16.077 4294967295
16.077 4294967295
16.0806 4294967295
16.0806 4294967295
16.0806 4294967295
16.0812 4294967295
16.0812 4294967295
16.0842 4294967295
16.1861 4294967295
16.1861 4294967295
16.3954 4294967295
16.399 4294967295
16.4026 4294967295
16.4062 4294967295
16.4098 4294967295
16.4134 4294967295
16.417 4294967295
16.4242 4294967295
16.4278 4294967295
16.4314 4294967295
16.435 4294967295
16.4386 4294967295
16.4422 4294967295
16.4458 4294967295
16.4494 4294967295
16.453 4294967295
16.4566 4294967295
16.4602 4294967295
16.4638 4294967295
16.4638 4294967295
16.4674 4294967295
16.4674 4294967295
16.4674 4294967295
16.471 4294967295
16.471 4294967295
16.471 4294967295
16.4746 4294967295
16.4746 4294967295
16.4746 4294967295
16.4782 4294967295
16.4782 4294967295
16.4782 4294967295
16.4818 4294967295
16.4818 4294967295
16.4818 4294967295
16.4854 4294967295
16.4854 4294967295
16.4854 4294967295
16.489 4294967295
16.489 4294967295
16.489 4294967295
16.4926 4294967295
16.4926 4294967295
16.4926 4294967295
16.4962 4294967295
16.4962 4294967295
16.4962 4294967295
16.4998 4294967295
16.4998 4294967295
16.4998 4294967295
16.5003 4294967295
16.5003 4294967295
16.5033 4294967295
16.6011 4294967295
16.6011 4294967295
16.8571 4294967295
16.8607 4294967295
16.8643 4294967295
16.8679 4294967295
16.8715 4294967295
16.8751 4294967295
16.8787 4294967295
16.8823 4294967295
16.8859 4294967295
16.8895 4294967295
16.8931 4294967295
16.8967 4294967295
16.9003 4294967295
16.9039 4294967295
16.9075 4294967295
16.9111 4294967295
16.9147 4294967295
16.9183 4294967295
16.9219 4294967295
16.9255 4294967295
16.9291 4294967295
16.9327 4294967295
16.9363 4294967295
16.9399 4294967295
16.9435 4294967295
16.9507 4294967295
16.9543 4294967295
16.9579 4294967295
16.9579 4294967295
16.9615 4294967295
16.9615 4294967295
16.9615 4294967295
16.9621 4294967295
16.9621 4294967295
16.9651 4294967295
17.0628 4294967295
17.0628 4294967295
17.0772 4294967295
17.0808 4294967295
17.0844 4294967295
17.088 4294967295
17.0916 4294967295
17.0952 4294967295
17.0988 4294967295
17.1024 4294967295
17.106 4294967295
17.1096 4294967295
17.1132 4294967295
17.1168 4294967295
17.1204 4294967295
17.124 4294967295
17.1276 4294967295
17.1312 4294967295
17.1348 4294967295
17.1384 4294967295
17.1456 4294967295
17.1492 4294967295
17.1528 4294967295
17.1564 4294967295
17.16 4294967295
17.1636 4294967295
17.1677 4294967295
17.1713 4294967295
17.1749 4294967295
17.1785 4294967295
17.1821 4294967295
17.1821 4294967295
17.1827 4294967295
17.1827 4294967295
17.1827 4294967295
17.5209 4294967295
17.5209 4294967295
17.5281 4294967295
17.5317 4294967295
17.5353 4294967295
17.5389 4294967295
17.5425 4294967295
17.5461 4294967295
17.5497 4294967295
17.5533 4294967295
17.5569 4294967295
17.5605 4294967295
17.5641 4294967295
17.5677 4294967295
17.5713 4294967295
17.5749 4294967295
17.5785 4294967295
17.5821 4294967295
17.5857 4294967295
17.5893 4294967295
17.5929 4294967295
17.5965 4294967295
17.6037 4294967295
17.6073 4294967295
17.6109 4294967295
17.6145 4294967295
17.6181 4294967295
17.6217 4294967295
17.6253 4294967295
17.6253 4294967295
17.6253 4294967295
17.759 4294967295
17.759 4294967295
17.7626 4294967295
17.7662 4294967295
17.7698 4294967295
17.7734 4294967295
17.777 4294967295
17.7806 4294967295
17.7842 4294967295
17.7878 4294967295
17.7914 4294967295
17.795 4294967295
17.7985 4294967295
17.8021 4294967295
17.8057 4294967295
17.8093 4294967295
17.8165 4294967295
17.8201 4294967295
17.8237 4294967295
17.8273 4294967295
17.8309 4294967295
17.8381 4294967295
17.8417 4294967295
17.8453 4294967295
17.8489 4294967295
17.8525 4294967295
17.8561 4294967295
17.8597 4294967295
17.8633 4294967295
17.8633 4294967295
17.8633 4294967295
17.9754 4294967295
17.9754 4294967295
17.979 4294967295
17.9826 4294967295
17.9862 4294967295
17.9898 4294967295
17.9934 4294967295
18.0006 4294967295
18.0042 4294967295
18.0078 4294967295
18.0114 4294967295
18.0186 4294967295
18.0222 4294967295
18.0258 4294967295
18.0294 4294967295
18.033 4294967295
18.0366 4294967295
18.0366 4294967295
18.0402 4294967295
18.0402 4294967295
18.0402 4294967295
18.0438 4294967295
18.0438 4294967295
18.0438 4294967295
18.0474 4294967295
18.0474 4294967295
18.0474 4294967295
18.051 4294967295
18.051 4294967295
18.051 4294967295
18.0546 4294967295
18.0546 4294967295
18.0546 4294967295
18.0582 4294967295
18.0582 4294967295
18.0582 4294967295
18.0618 4294967295
18.0618 4294967295
18.0618 4294967295
18.0654 4294967295
18.0654 4294967295
18.0654 4294967295
18.0726 4294967295
18.0726 4294967295
18.0726 4294967295
18.0762 4294967295
18.0762 4294967295
18.0762 4294967295
18.0798 4294967295
18.0798 4294967295
18.0804 4294967295
18.0834 4294967295
18.1811 4294967295
18.1811 4294967295
18.1847 4294967295
18.1847 4294967295
18.1919 4294967295
18.1919 4294967295
18.1955 4294967295
18.1955 4294967295
18.1991 4294967295
18.1991 4294967295
18.2027 4294967295
18.2027 4294967295
18.2806 4294967295
18.286 4294967295
18.5678 4294967295
18.5714 4294967295
18.575 4294967295
18.5786 4294967295
18.5822 4294967295
18.5858 4294967295
18.5894 4294967295
18.593 4294967295
18.5966 4294967295
18.6223 4294967295
18.6259 4294967295
18.6295 4294967295
18.6331 4294967295
18.6367 4294967295
18.6403 4294967295
18.6439 4294967295
18.6475 4294967295
18.6511 4294967295
18.6547 4294967295
18.6619 4294967295
18.6655 4294967295
18.6655 4294967295
18.6691 4294967295
18.6691 4294967295
18.6727 4294967295
18.6727 4294967295
18.6727 4294967295
18.828 4294967295
18.8352 4294967295
18.8388 4294967295
18.8424 4294967295
18.846 4294967295
18.8496 4294967295
18.8754 4294967295
18.879 4294967295
18.8826 4294967295
18.8862 4294967295
18.8898 4294967295
18.8934 4294967295
18.8934 4294967295
18.897 4294967295
18.897 4294967295
18.897 4294967295
18.9006 4294967295
18.9006 4294967295
18.9006 4294967295
18.9042 4294967295
18.9042 4294967295
18.9042 4294967295
18.9078 4294967295
18.9078 4294967295
18.9078 4294967295
18.9114 4294967295
18.9114 4294967295
18.9114 4294967295
18.915 4294967295
18.915 4294967295
18.915 4294967295
18.9222 4294967295
18.9222 4294967295
18.9222 4294967295
18.9258 4294967295
18.9258 4294967295
18.9258 4294967295
18.9294 4294967295
18.9294 4294967295
18.9294 4294967295
18.9329 4294967295
18.9329 4294967295
18.9335 4294967295
18.9365 4294967295
19.0307 4294967295
19.0307 4294967295
19.1428 4294967295
19.1428 4294967295
19.15 4294967295
19.1536 4294967295
19.1572 4294967295
19.1608 4294967295
19.1644 4294967295
19.168 4294967295
19.1716 4294967295
19.1752 4294967295
19.1824 4294967295
19.186 4294967295
19.1896 4294967295
19.1896 4294967295
19.1932 4294967295
19.1932 4294967295
19.1932 4294967295
19.1968 4294967295
19.1968 4294967295
19.1968 4294967295
19.2004 4294967295
19.2004 4294967295
19.2004 4294967295
19.204 4294967295
19.204 4294967295
19.204 4294967295
19.2076 4294967295
19.2076 4294967295
19.2076 4294967295
19.2112 4294967295
19.2112 4294967295
19.2112 4294967295
19.2148 4294967295
19.2148 4294967295
19.2148 4294967295
19.2405 4294967295
19.2405 4294967295
19.2405 4294967295
19.2415 4294967295
19.2441 4294967295
23.3564 4294967295
23.3564 4294967295
23.4443 4294967295
23.4541 4294967295
23.4541 4294967295
23.6639 4294967295
24.7237 4294967295
24.7237 4294967295
24.7273 4294967295
24.8214 4294967295
24.8214 4294967295
24.8286 4294967295
24.8286 4294967295
24.8286 4294967295
25.8087 4294967295
25.9028 4294967295
25.9064 4294967295
25.9064 4294967295
25.91 4294967295
25.91 4294967295
25.9136 4294967295
25.9136 4294967295
25.9136 4294967295
26.6695 4294967295
26.6695 4294967295
26.6731 4294967295
26.6767 4294967295
26.761 4294967295
26.7673 4294967295
27.8451 4294967295
27.8451 4294967295
27.8487 4294967295
27.8487 4294967295
27.9464 4294967295
27.9464 4294967295
27.9536 4294967295
27.9536 4294967295
27.9536 4294967295
30.6882 4294967295
30.6882 4294967295
30.6918 4294967295
30.6954 4294967295
30.6954 4294967295
30.699 4294967295
30.699 4294967295
30.7931 4294967295
30.7931 4294967295
30.7931 4294967295
31.8745 4294967295
31.8745 4294967295
31.8781 4294967295
31.8817 4294967295
31.8853 4294967295
31.8853 4294967295
31.9732 4294967295
31.9758 4294967295
34.9181 4294967295
34.928 4294967295
35.1315 4294967295
