0.0 0
0.114232 0.104
0.220339 0.10425
0.227525 0.104969
0.234722 0.105473
0.24192 0.105914
0.249117 0.106424
0.326435 0.115621
0.333632 0.114919
0.340829 0.114179
0.348027 0.113656
0.356209 0.113324
0.362421 0.112909
0.369618 0.112545
0.376815 0.112102
0.384013 0.111839
0.432531 0.116734
0.439728 0.115768
0.446925 0.114922
0.457116 0.114681
0.462305 0.114221
0.469502 0.113694
0.476699 0.113107
0.483897 0.112594
0.491094 0.112269
0.538627 0.116986
0.545824 0.115987
0.553021 0.115239
0.563212 0.114959
0.570409 0.114339
0.797028 0.113797
0.800642 0.113322
0.807839 0.112782
0.815037 0.112434
0.902534 0.112505
0.906738 0.112067
0.913935 0.111683
0.921133 0.111473
0.92833 0.111289
0.935527 0.111128
0.942724 0.110862
0.949922 0.110629
0.957119 0.11055
0.965301 0.110607
1.01223 0.110531
1.01943 0.110464
1.02662 0.110406
1.03382 0.110231
1.04102 0.110202
1.04822 0.110177
1.05541 0.110154
1.0656 0.11051
1.06981 0.110321
1.077 0.110281
1.12192 0.110121
1.12912 0.110106
1.13632 0.110093
1.14352 0.110081
1.15071 0.109946
1.15791 0.109828
1.16609 0.109974
1.1753 0.109977
1.18249 0.10998
1.18969 0.109983
1.23162 0.109985
1.23882 0.109862
1.24601 0.109879
1.25321 0.109894
1.2634 0.110282
1.2676 0.110247
1.27579 0.110091
1.28499 0.109955
1.29219 0.10996
1.29939 0.109965
1.34131 0.10997
1.34851 0.109974
1.35571 0.109852
1.36389 0.10987
1.3731 0.109887
1.38029 0.109901
1.38749 0.109913
1.39469 0.109924
1.40188 0.109808
1.40908 0.109832
1.45101 0.109853
1.4612 0.110247
1.4654 0.110216
1.47358 0.110189
1.48279 0.11004
1.48999 0.10991
1.49718 0.109921
1.50438 0.109931
1.51158 0.10994
1.51878 0.109822
1.5607 0.10972
1.57089 0.10963
1.57809 0.109676
1.58529 0.109716
1.59248 0.109752
1.59968 0.109783
1.60688 0.109685
1.61408 0.109724
1.62427 0.110134
1.62847 0.110117
1.6704 0.110102
1.89281 0.121465
1.90001 0.120032
1.90721 0.118778
1.9174 0.118055
1.9216 0.117049
1.9288 0.116042
1.93599 0.115162
1.94319 0.114517
1.95039 0.113952
1.95759 0.113458
1.99891 0.117151
2.0061 0.116257
2.01429 0.1156
2.02349 0.115275
2.03069 0.114616
2.03789 0.113914
2.04508 0.113424
2.05228 0.112996
2.05948 0.112622
2.06668 0.112294
2.31723 0.123507
2.32442 0.121819
2.33162 0.120342
2.33882 0.118924
2.34602 0.117808
2.35321 0.116832
2.3614 0.116103
2.36761 0.11534
2.37481 0.114548
2.382 0.113979
2.3892 0.113482
2.42692 0.112922
2.44132 0.112556
2.45151 0.112612
2.45571 0.11216
2.46291 0.111765
2.47109 0.111545
2.47829 0.111352
2.48549 0.111183
2.49268 0.111035
2.49988 0.11078
2.53662 0.110683
2.55101 0.110598
2.55821 0.110523
2.56541 0.110457
2.5726 0.1104
2.5798 0.110225
2.587 0.110072
2.59419 0.110063
2.60139 0.110055
2.61158 0.110423
2.61579 0.110245
2.64631 0.110215
2.66071 0.110063
2.6679 0.10993
2.6751 0.109939
2.6823 0.109946
2.68949 0.109953
2.69669 0.109959
2.70487 0.109964
2.71109 0.109969
2.72128 0.109973
2.72847 0.109976
2.75601 0.109979
2.7704 0.109982
2.7776 0.109984
2.78479 0.109861
2.79499 0.110128
2.79919 0.110112
2.80639 0.110098
2.81457 0.110086
2.82177 0.10995
2.83097 0.109831
2.83817 0.109852
2.8657 0.109746
2.88009 0.109778
2.88828 0.10993
2.89449 0.109939
2.90468 0.109947
2.91188 0.109828
2.91907 0.10985
2.92627 0.109869
2.93347 0.109885
2.94067 0.109899
2.95086 0.110162
2.9754 0.110142
2.98979 0.109999
2.99797 0.109874
3.00517 0.10989
3.01437 0.109904
3.02157 0.109916
3.02877 0.109801
3.03597 0.109701
3.04415 0.109863
3.05036 0.109881
3.06055 0.109895
3.08509 0.109909
3.09948 0.10992
3.10767 0.10993
3.11486 0.109814
3.12407 0.109837
3.13426 0.110232
3.13846 0.110203
3.14566 0.110178
3.15384 0.110031
3.16104 0.110027
3.17025 0.110023
3.19478 0.109896
3.20918 0.109909
3.21736 0.10992
3.22554 0.110055
3.23376 0.109923
3.24395 0.109808
3.25115 0.109832
3.25835 0.109853
3.26555 0.109871
3.27274 0.109762
3.27994 0.109667
3.30747 0.110084
3.31887 0.109948
3.32706 0.109955
3.33524 0.10996
3.34346 0.109965
3.35365 0.10997
3.36085 0.109848
3.36804 0.109867
3.37524 0.109884
3.38342 0.110023
3.38964 0.110021
3.42857 0.110018
3.43675 0.109891
3.44493 0.109779
3.45315 0.109807
3.46334 0.109831
3.47353 0.110227
3.47774 0.110074
3.48494 0.10994
3.49312 0.109947
3.50032 0.109954
3.53826 0.10996
3.54546 0.109965
3.55266 0.109969
3.55985 0.109848
3.56804 0.109992
3.57425 0.109993
3.58323 0.109994
3.59043 0.109995
3.59762 0.109995
3.60482 0.109871
3.61202 0.109887
3.64796 0.109776
3.65815 0.110179
3.66235 0.110157
3.67773 0.110012
3.68493 0.109886
3.69292 0.109775
3.70012 0.109803
3.70732 0.109828
3.71452 0.109849
3.7227 0.109868
3.75765 0.109885
3.76784 0.109774
3.77504 0.109802
3.78743 0.109827
3.79462 0.109849
3.80182 0.109743
3.80902 0.109775
3.81921 0.110178
3.82341 0.110156
3.83061 0.110136
3.83781 0.109994
3.86735 0.109995
3.87754 0.109996
3.88473 0.109871
3.89712 0.109887
3.90432 0.109901
3.9125 0.110039
3.91871 0.109909
3.9289 0.109795
3.9361 0.109821
3.9433 0.109843
3.95049 0.109863
3.97704 0.10988
3.98723 0.109895
3.99742 0.110283
4.00682 0.110123
4.01401 0.110107
4.02219 0.110094
4.02939 0.110082
4.25082 0.121447
4.25802 0.120016
4.27241 0.118764
4.27961 0.117669
4.28681 0.116585
4.3012 0.115762
4.3084 0.115042
4.31658 0.114536
4.32279 0.113844
4.35692 0.116614
4.36411 0.115787
4.37851 0.115939
4.38571 0.115071
4.3929 0.114312
4.4001 0.113773
4.41029 0.113677
4.4145 0.113217
4.42169 0.112815
4.42889 0.112338
4.43609 0.112046
4.46301 0.11429
4.47021 0.113754
4.48822 0.11466
4.70763 0.125952
4.71482 0.123833
4.72202 0.122104
4.72922 0.120591
4.73641 0.119267
4.74361 0.118109
4.75179 0.117095
4.75801 0.116208
4.76882 0.115807
4.98462 0.126456
4.99182 0.124274
5 0.122615
5.00622 0.121038
5.01341 0.119658
5.02061 0.118451
5.02781 0.11727
5.035 0.116361
5.0422 0.115566
5.0494 0.11487
5.05959 0.114636
5.09072 0.117307
5.09792 0.116268
5.1061 0.11561
5.12049 0.114909
5.12769 0.114295
5.13489 0.113633
5.14209 0.113179
5.15027 0.112907
5.15648 0.112543
5.16569 0.112475
5.19682 0.115041
5.20401 0.114411
5.2122 0.113985
5.22659 0.114361
5.23379 0.113691
5.24398 0.11348
5.24818 0.113045
5.25538 0.112664
5.26258 0.112331
5.26977 0.111915
5.27697 0.11155
5.30291 0.113607
5.31011 0.113156
5.31829 0.112886
5.33269 0.113401
5.33988 0.11285
5.35007 0.112869
5.35727 0.112511
5.36447 0.112197
5.37167 0.111922
5.37886 0.111557
5.38606 0.111362
5.40901 0.113192
5.41621 0.112793
5.42439 0.112569
5.43878 0.113123
5.45617 0.113107
5.46337 0.112719
5.47056 0.112379
5.47776 0.111957
5.48594 0.111712
5.49216 0.111498
5.5151 0.113311
5.5223 0.112897
5.53048 0.11266
5.54488 0.113202
5.56227 0.114052
5.56946 0.113546
5.57965 0.113477
5.58386 0.112918
5.59106 0.112553
5.59825 0.112234
5.60545 0.111955
5.6212 0.112835
5.6284 0.112481
5.63658 0.112296
5.65097 0.112759
5.66836 0.113664
5.67556 0.113206
5.68575 0.113055
5.69295 0.112548
5.70014 0.11223
5.70734 0.111951
5.71454 0.111707
5.7273 0.112119
5.73749 0.112229
5.74268 0.112075
5.75707 0.112691
5.77446 0.113605
5.78166 0.113154
5.79185 0.11301
5.79904 0.112634
5.80986 0.112679
6.02566 0.123719
6.03286 0.121879
6.04006 0.120395
6.04725 0.119095
6.05445 0.117958
6.06165 0.116964
6.06983 0.116093
6.07604 0.115331
6.08324 0.114665
6.09044 0.114082
6.09763 0.113572
6.13176 0.116375
6.13896 0.115453
6.14615 0.114772
6.15634 0.11455
6.16055 0.113981
6.16774 0.113359
6.17593 0.112939
6.18312 0.112572
6.19032 0.11225
6.19752 0.111969
6.20472 0.111598
6.23785 0.114523
6.24604 0.114083
6.25225 0.113572
6.26244 0.113501
6.26964 0.113063
6.27683 0.112555
6.28403 0.112236
6.29123 0.111956
6.29843 0.111712
6.30862 0.111873
6.31282 0.111514
6.34395 0.1142
6.35213 0.1138
6.35933 0.113325
6.36853 0.113159
6.37573 0.112639
6.38293 0.112184
6.39013 0.111911
6.39831 0.111797
6.40452 0.111573
6.41471 0.111626
6.42191 0.111298
6.45005 0.113761
6.45823 0.113416
6.46543 0.112989
6.47463 0.112865
6.48482 0.112757
6.48903 0.112412
6.49622 0.112111
6.50441 0.111972
6.5116 0.111725
6.52081 0.111635
6.528 0.11143
6.55614 0.113877
6.56432 0.113517
6.57251 0.113202
6.58073 0.112927
6.59092 0.112811
6.59811 0.11246
6.60531 0.112152
6.61251 0.111883
6.61971 0.111523
6.6269 0.111208
6.63709 0.111432
6.66224 0.113878
6.67042 0.113518
6.6786 0.113203
6.68682 0.112803
6.69701 0.112827
6.70421 0.112474
6.71141 0.112165
6.71861 0.111894
6.72679 0.111657
6.733 0.111325
6.74319 0.111535
6.76833 0.113593
6.77652 0.113269
6.79292 0.11286
6.80311 0.112878
6.8133 0.112893
6.8175 0.112531
6.82832 0.11259
7.04471 0.123641
7.05191 0.121811
7.0621 0.12071
7.0663 0.119371
7.0735 0.1182
7.0807 0.11705
7.0879 0.116043
7.09509 0.115288
7.10229 0.114627
7.10949 0.114049
7.11668 0.113543
7.15081 0.11635
7.158 0.115556
7.1682 0.115236
7.17539 0.114582
7.18259 0.114009
7.18979 0.113383
7.19698 0.112835
7.20418 0.112481
7.21437 0.112546
7.21858 0.112227
7.22577 0.111824
7.2569 0.114471
7.2641 0.113912
7.27429 0.113798
7.28149 0.113323
7.28869 0.112908
7.29588 0.112419
7.30407 0.112242
7.31028 0.111962
7.32047 0.112092
7.32767 0.11183
7.33486 0.111476
7.363 0.113792
7.3702 0.113318
7.38039 0.113278
7.39058 0.113243
7.39478 0.112713
7.40198 0.112249
7.41016 0.112093
7.41736 0.111831
7.42656 0.111852
7.43376 0.111496
7.44096 0.111184
7.4691 0.113661
7.47728 0.113328
7.48648 0.113287
7.49667 0.113251
7.50387 0.11272
7.51468 0.112755
7.73049 0.123786
7.74066 0.122437
7.74786 0.120758
7.75506 0.119413
7.76226 0.118236
7.76945 0.117207
7.77665 0.116306
7.78385 0.115393
7.79404 0.115094
7.79824 0.114457
7.80544 0.1139
7.83659 0.116412
7.84676 0.115861
7.85396 0.115003
7.86116 0.114378
7.86835 0.113831
7.87555 0.113352
7.88373 0.112933
7.88994 0.112441
7.90013 0.112511
7.90733 0.112197
7.91453 0.111923
7.94268 0.114182
7.95286 0.113909
7.96005 0.113421
7.97024 0.113368
7.97445 0.112947
7.98165 0.112579
7.98983 0.112256
7.99703 0.111974
8.00623 0.111978
8.01343 0.11173
8.02063 0.111514
8.04878 0.113825
8.05895 0.113597
8.07634 0.113522
8.08354 0.113082
8.09073 0.112572
8.09793 0.112125
8.10513 0.11186
8.11233 0.111627
8.12252 0.111799
8.12672 0.111449
8.15487 0.113768
8.16505 0.113672
8.18244 0.114463
8.18963 0.113905
8.19683 0.113292
8.20403 0.11288
8.21123 0.11252
8.21941 0.11233
8.22562 0.112039
8.23282 0.111659
8.24001 0.111452
8.26097 0.112895
8.27114 0.112908
8.28853 0.113795
8.29573 0.113195
8.30592 0.113046
8.31012 0.112665
8.31732 0.112332
8.3255 0.112166
8.3327 0.11177
8.3399 0.111424
8.3471 0.111246
8.36707 0.112715
8.37724 0.112751
8.39463 0.113657
8.40183 0.113075
8.41202 0.113065
8.41921 0.112682
8.42641 0.112347
8.43361 0.112054
8.44081 0.111672
8.45819 0.111838
8.47316 0.112983
8.69556 0.122735
8.71293 0.122268
8.72013 0.120735
8.72831 0.119518
8.73452 0.118328
8.74172 0.117162
8.74892 0.116142
8.75612 0.115374
8.76331 0.114702
8.77051 0.114115
8.77771 0.113475
8.7879 0.113291
8.80526 0.11288
8.82263 0.11252
8.82982 0.11208
8.83801 0.11182
8.84882 0.111967
9.07282 0.111346
9.07843 0.111178
9.08563 0.111031
9.18094 0.111277
9.39675 0.122492
9.40694 0.120806
9.41414 0.119455
9.42134 0.118273
9.42853 0.117239
9.43573 0.116209
9.44293 0.115308
9.45012 0.114644
9.45831 0.114189
9.46452 0.113665
9.47172 0.113082
9.47891 0.112572
9.50644 0.11225
9.51664 0.111969
9.52383 0.111598
9.53103 0.111398
9.54122 0.111598
9.54542 0.111399
9.55262 0.111224
9.55982 0.110946
9.568 0.110828
9.5752 0.110724
9.5824 0.110634
9.58959 0.110554
9.61614 0.110485
9.62633 0.110424
9.63353 0.110371
9.64072 0.1102
9.65092 0.11005
9.65811 0.110044
9.66531 0.110038
9.67251 0.110033
9.6797 0.109904
9.68989 0.110166
9.6941 0.110145
9.7013 0.110127
9.72583 0.109986
9.73602 0.109988
9.74322 0.10999
9.75042 0.109991
9.76061 0.109992
9.76781 0.109868
9.77599 0.109885
9.7822 0.109899
9.7894 0.109912
9.79959 0.109923
9.80679 0.109807
9.81398 0.109706
9.83553 0.109743
9.84572 0.10965
9.85591 0.109944
9.86011 0.109951
9.8703 0.109957
9.8775 0.109962
9.88568 0.109967
9.89288 0.109846
9.90008 0.109865
9.90928 0.109882
9.91648 0.109897
9.92466 0.110035
9.94522 0.110031
9.95541 0.110027
9.9656 0.110023
9.9728 0.109895
9.98 0.109784
9.9872 0.109811
9.99538 0.109834
10.0056 0.11023
10.0098 0.110076
10.019 0.109942
10.0262 0.109949
10.0344 0.109955
10.0549 0.109836
10.0651 0.109856
10.0753 0.109874
10.0825 0.10989
10.0907 0.110029
10.0969 0.1099
10.1051 0.109913
10.1153 0.109924
10.1225 0.109933
10.1297 0.109942
10.1369 0.109824
10.1441 0.109846
10.1676 0.11024
10.1748 0.110085
10.185 0.109949
10.1922 0.109956
10.2004 0.109961
10.2076 0.109966
10.2148 0.109845
10.3173 0.109865
10.7148 0.117882
10.722 0.116771
10.7291 0.115925
10.8244 0.115184
10.8316 0.114536
10.8398 0.113969
10.846 0.113473
10.8532 0.113039
10.8604 0.112659
10.8676 0.112327
10.8748 0.111911
10.882 0.111672
10.8892 0.111463
10.8994 0.111655
10.9036 0.111448
10.9341 0.111267
10.9413 0.111109
10.9495 0.11097
10.9567 0.110724
10.9639 0.110508
10.9711 0.110445
10.9783 0.110389
10.9865 0.110466
10.9927 0.110282
10.9999 0.110122
11.0091 0.110107
11.0163 0.110093
11.0438 0.109957
11.051 0.109962
11.0592 0.109967
11.0694 0.110346
11.0736 0.110303
11.0808 0.11014
11.088 0.110122
11.0962 0.110107
11.1034 0.110094
11.1106 0.110082
11.1188 0.109947
11.126 0.109953
11.1535 0.109959
11.1607 0.109839
11.1689 0.109734
11.1791 0.109768
11.1863 0.109797
11.1935 0.109822
11.2007 0.109719
11.2079 0.109629
11.2181 0.110051
11.2223 0.110044
11.2295 0.110039
11.2367 0.110034
11.2632 0.11003
11.2704 0.110026
11.2786 0.110023
11.2888 0.109895
11.296 0.109783
11.3042 0.109935
11.3104 0.109943
11.3176 0.10995
11.3278 0.109832
11.335 0.109728
11.3422 0.109762
11.3494 0.109791
11.3729 0.109693
11.3831 0.110106
11.3883 0.110093
11.3985 0.110081
11.4057 0.110071
11.4139 0.109937
11.4211 0.109945
11.4283 0.109952
11.4375 0.109958
11.4447 0.109963
11.4529 0.109968
11.4591 0.109972
11.4826 0.109975
11.4928 0.109853
11.5 0.109872
11.5082 0.109888
11.5154 0.109902
11.5236 0.109914
11.5338 0.110175
11.538 0.110028
11.5472 0.110024
11.5544 0.110021
11.5625 0.110019
11.5697 0.109891
11.6025 0.109905
11.6097 0.109792
11.6179 0.109693
11.6251 0.109731
11.6333 0.109765
11.6435 0.109794
11.6506 0.10982
11.6578 0.109717
11.665 0.109753
11.6722 0.109784
11.6824 0.110186
11.7122 0.110163
11.7194 0.110142
11.7266 0.110124
11.7338 0.109984
11.741 0.109861
11.7482 0.109878
11.7554 0.109893
11.7626 0.109907
11.7708 0.109918
11.777 0.109804
11.7842 0.109828
11.7921 0.10985
11.8219 0.109743
11.8291 0.109776
11.8363 0.109804
11.8435 0.109828
11.8537 0.110225
11.8579 0.110072
11.8651 0.110063
11.8723 0.110055
11.8805 0.110048
11.8877 0.110042
11.8948 0.109912
11.902 0.109923
11.9316 0.109932
11.9398 0.109941
11.946 0.109823
11.9532 0.109845
11.9634 0.109865
11.9706 0.109882
11.9778 0.109771
11.985 0.109675
11.9922 0.109716
12.0023 0.110126
12.0066 0.11011
12.0137 0.109972
12.0413 0.109975
12.0495 0.109978
12.0567 0.109981
12.0639 0.109858
12.0731 0.109876
12.0803 0.109892
12.0884 0.11003
12.0947 0.110026
12.1019 0.109898
12.112 0.109911
12.1192 0.109922
12.1264 0.109932
12.151 0.109815
12.1592 0.109838
12.1693 0.110234
12.1736 0.110204
12.1828 0.110054
12.1981 0.110047
12.2053 0.110041
12.2125 0.110036
12.2217 0.109907
12.2289 0.109793
12.2371 0.109944
12.2607 0.109951
12.2689 0.109832
12.2827 0.110228
12.4985 0.121575
12.5057 0.120128
12.5129 0.118737
12.5201 0.117645
12.5273 0.116689
12.5345 0.115853
12.5416 0.115121
12.5488 0.114356
12.556 0.113812
12.5642 0.11346
12.5704 0.113028
12.5776 0.112649
12.6082 0.112318
12.6154 0.112028
12.6226 0.111775
12.6298 0.111428
12.6369 0.111124
12.6471 0.111359
12.6513 0.111189
12.6585 0.11104
12.6657 0.110785
12.6739 0.110562
12.6811 0.110492
12.6883 0.11043
12.7179 0.110252
12.7251 0.11022
12.7332 0.110318
12.7394 0.110278
12.7466 0.110243
12.7568 0.110088
12.764 0.110077
12.7712 0.110067
12.7784 0.110059
12.7856 0.110051
12.7958 0.110295
12.8 0.110258
12.8275 0.110226
12.8347 0.110073
12.8429 0.109939
12.8501 0.109946
12.8573 0.109953
12.8665 0.109959
12.8737 0.109839
13.0941 0.121734
13.1013 0.120267
13.1085 0.118984
13.1157 0.117736
13.1239 0.116769
13.1301 0.115923
13.1373 0.115182
13.1445 0.114535
13.1517 0.113843
13.1589 0.113237
13.1661 0.112833
13.1733 0.112479
13.2002 0.114669
13.2074 0.114085
13.2146 0.113575
13.2218 0.113003
13.23 0.112752
13.2372 0.112408
13.2444 0.112107
13.2516 0.111844
13.2588 0.111488
13.267 0.111302
13.2732 0.11114
13.2804 0.110997
13.3063 0.113247
13.3135 0.112842
13.3207 0.112361
13.3279 0.111941
13.3361 0.111824
13.3463 0.111971
13.3505 0.111724
13.3577 0.111509
13.3649 0.111195
13.3731 0.111171
13.3803 0.111024
13.3875 0.110896
13.4124 0.113034
13.4196 0.112655
13.4278 0.112323
13.434 0.112033
13.4422 0.111904
13.4524 0.112041
13.4596 0.111786
13.4668 0.111437
13.474 0.111133
13.4812 0.110991
13.4914 0.111242
13.4956 0.111087
13.5185 0.112826
13.5257 0.112348
13.5339 0.112054
13.5411 0.111798
13.5483 0.111573
13.5585 0.111751
13.5657 0.111532
13.5739 0.111341
13.5801 0.111173
13.5873 0.111027
13.5975 0.111273
13.6047 0.111114
13.6246 0.112475
13.6318 0.11204
13.64 0.111785
13.6502 0.111937
13.6544 0.111695
13.6646 0.111858
13.6718 0.111501
13.68 0.111313
13.6872 0.111149
13.6944 0.111005
13.7036 0.11113
13.7108 0.110864
13.7307 0.112256
13.7379 0.111849
13.7461 0.111743
13.7563 0.1119
13.7635 0.111662
13.7707 0.111455
13.7779 0.111148
13.7861 0.111129
13.7962 0.111363
13.8004 0.111193
13.8097 0.111294
13.8168 0.111007
13.8368 0.112381
14.0592 0.123833
14.0664 0.122104
14.0736 0.120591
14.0808 0.119142
14.088 0.117875
14.0952 0.11689
14.1024 0.116029
14.1142 0.1159
14.3336 0.115163
14.3372 0.114517
14.3444 0.113953
14.3546 0.113834
14.3588 0.113229
14.366 0.112701
14.3732 0.112363
14.3804 0.112068
14.3876 0.111809
14.3948 0.111458
14.4325 0.115026
14.4397 0.114273
14.4479 0.113739
14.4541 0.113271
14.4613 0.112862
14.4685 0.112505
14.4757 0.112191
14.4829 0.111793
14.4901 0.111568
14.4973 0.111372
14.5075 0.111576
14.5117 0.111379
14.5189 0.111082
14.5422 0.110946
14.5494 0.110828
14.5576 0.110725
14.5648 0.110509
14.572 0.11032
14.5792 0.11028
14.5874 0.11037
14.5936 0.110324
14.6008 0.110158
14.608 0.110014
14.6172 0.110012
14.6244 0.11001
14.6316 0.110009
14.6519 0.109883
14.6621 0.110273
14.6673 0.110239
14.6745 0.110209
14.6889 0.110058
14.697 0.11005
14.7042 0.110044
14.7114 0.110039
14.7186 0.110034
14.7269 0.109905
14.7341 0.109916
14.7413 0.109927
14.7616 0.109936
14.7718 0.109819
14.779 0.109717
14.7862 0.109752
14.7986 0.109783
14.8087 0.11006
14.813 0.109928
14.8201 0.109937
14.8273 0.109945
14.8345 0.109952
14.8417 0.109833
14.8526 0.110229
15.0871 0.1102
15.1781 0.120675
15.4027 0.119466
15.4099 0.118157
15.4171 0.117138
15.4243 0.116246
15.5036 0.115465
15.5138 0.115032
15.518 0.114278
15.5252 0.113743
15.5324 0.113275
15.5396 0.112866
15.554 0.112383
15.5612 0.112085
15.5684 0.111824
15.5766 0.111721
15.5828 0.111381
15.59 0.111083
15.6097 0.112448
15.6199 0.112392
15.6271 0.112093
15.6343 0.111831
15.6415 0.111602
15.6517 0.111777
15.6601 0.112055
15.6673 0.111798
15.6745 0.111573
15.6817 0.111377
15.6889 0.11108
15.6961 0.110945
15.7033 0.110827
15.7158 0.111348
15.726 0.11143
15.7332 0.111251
15.7404 0.111095
15.7476 0.110958
15.7578 0.111088
15.7662 0.111077
15.7734 0.110942
15.7806 0.110825
15.7908 0.110972
15.795 0.110725
15.8022 0.110634
15.8094 0.110555
15.8219 0.111111
15.8321 0.111347
15.8393 0.111179
15.8465 0.111031
15.8537 0.110902
15.8639 0.11104
15.8723 0.111035
15.8795 0.110905
15.8867 0.110792
15.8969 0.110943
15.9041 0.110825
15.9113 0.110722
15.9184 0.110632
15.9286 0.110928
15.9382 0.111187
15.9454 0.111038
15.9526 0.110909
15.9598 0.11067
15.97 0.110836
15.9784 0.110857
15.9856 0.11075
15.9928 0.110531
16.247 0.11259
16.3285 0.121516
16.3357 0.120076
16.3429 0.118692
16.3501 0.117605
16.3573 0.116655
16.3645 0.115823
16.3717 0.115095
16.3789 0.114333
16.386 0.113791
16.3942 0.113443
16.4004 0.113012
16.4076 0.112636
16.4148 0.112181
16.422 0.111909
16.4382 0.11167
16.4454 0.111461
16.4526 0.111279
16.4628 0.111369
16.467 0.111073
16.4742 0.110939
16.4813 0.110821
16.4885 0.110719
16.4957 0.110504
16.5039 0.110316
16.5111 0.110276
16.5183 0.110242
16.5265 0.110337
16.5327 0.110169
16.5479 0.110023
16.5551 0.11002
16.5623 0.110018
16.5724 0.110016
16.5796 0.110014
16.5868 0.109887
16.597 0.110276
16.6012 0.110242
16.6084 0.110211
16.6156 0.110185
16.6228 0.110037
16.63 0.110032
16.6372 0.110028
16.6444 0.110025
16.6576 0.110022
16.6657 0.110019
16.6719 0.109892
16.6821 0.109905
16.6893 0.109917
16.6965 0.109927
16.7067 0.109811
16.7139 0.10971
16.7211 0.109746
16.7313 0.110153
16.7355 0.110134
16.7427 0.109992
16.7499 0.109868
16.7571 0.109885
16.7672 0.109899
16.7754 0.109912
16.7826 0.109923
16.7918 0.109807
16.8 0.109956
16.8062 0.109962
16.8164 0.109967
16.8236 0.109971
16.8308 0.109849
16.841 0.109868
16.8482 0.109885
16.8554 0.109899
16.8656 0.110287
16.8698 0.110126
16.877 0.109985
16.8851 0.109987
16.8923 0.109989
16.9015 0.10999
16.9097 0.109866
16.9169 0.109758
16.9261 0.109788
16.9343 0.10994
16.9405 0.109947
16.9507 0.109829
16.9579 0.109725
16.9651 0.10976
16.9753 0.10979
16.9861 0.110316
17.2019 0.121651
17.2091 0.120195
17.2163 0.118921
17.2235 0.117806
17.2317 0.116955
17.2451 0.116086
17.2523 0.115325
17.2595 0.114659
17.2667 0.114077
17.2739 0.113442
17.2811 0.113012
17.2913 0.11301
17.2955 0.112634
17.3116 0.112305
17.3188 0.111892
17.326 0.11153
17.3332 0.111339
17.3414 0.111172
17.3548 0.1109
17.362 0.110663
17.3702 0.110705
17.3764 0.110617
17.3836 0.11054
17.3908 0.110347
17.398 0.110179
17.4052 0.110156
17.4124 0.110137
17.4213 0.11012
17.4315 0.11048
17.4357 0.11042
17.4429 0.110242
17.4511 0.110212
17.4645 0.110186
17.4717 0.110162
17.4799 0.110017
17.4871 0.110015
17.4942 0.110013
17.5024 0.110136
17.5086 0.110119
17.5158 0.109979
17.523 0.109982
17.531 0.109859
17.5412 0.109877
17.5484 0.109892
17.5556 0.109906
17.5658 0.110168
17.5742 0.110147
17.5814 0.110128
17.5895 0.110112
17.5967 0.109973
17.6039 0.109852
17.6121 0.10987
17.6193 0.109886
17.6265 0.109901
17.6347 0.109913
17.6409 0.109799
17.6509 0.109699
17.6617 0.110112
17.8775 0.121473
17.8847 0.120039
17.8919 0.118659
17.8991 0.117576
17.9063 0.116629
17.9135 0.115801
17.9207 0.115076
17.9289 0.114441
17.9351 0.113886
17.9423 0.1134
18.1051 0.117725
18.1708 0.116635
18.178 0.115805
18.1852 0.11508
18.1924 0.114445
18.1996 0.113889
18.2068 0.113278
18.217 0.113243
18.2212 0.112838
18.2284 0.112483
18.2356 0.112173
18.2428 0.111776
18.25 0.111554
18.2572 0.11136
18.2644 0.11119
18.2769 0.111666
18.2851 0.111583
18.2913 0.111385
18.2985 0.111212
18.3057 0.110935
18.3129 0.110693
18.3231 0.110982
18.5425 0.122234
18.5497 0.12058
18.5569 0.119132
18.5641 0.117991
18.5723 0.117117
18.5785 0.116227
18.5857 0.115324
18.5929 0.114533
18.6001 0.113967
18.6073 0.113471
18.6145 0.113037
18.6217 0.112532
18.6319 0.112466
18.6361 0.112158
18.6433 0.111888
18.6522 0.111652
18.6594 0.111445
18.6666 0.111265
18.6738 0.110982
18.682 0.110859
18.6892 0.110752
18.6974 0.110783
18.7036 0.110685
18.7108 0.110474
18.718 0.11029
18.7252 0.110254
18.7324 0.110222
18.7416 0.110194
18.7488 0.110045
18.759 0.110289
18.7632 0.110253
18.7704 0.110222
18.7776 0.110194
18.7848 0.110045
18.792 0.109914
18.7992 0.109925
18.8071 0.109934
18.8143 0.109942
18.8225 0.110075
18.8287 0.110065
18.8359 0.109932
18.8431 0.109941
18.8513 0.109948
18.8585 0.109955
18.8687 0.10996
18.8759 0.10984
18.8861 0.110235
18.8903 0.110206
18.8975 0.11018
18.9047 0.110158
18.9119 0.110013
18.9191 0.110011
18.9262 0.11001
18.9334 0.110009
18.9406 0.110008
18.9488 0.110007
18.955 0.110006
18.9622 0.110005
18.9694 0.110004
18.9784 0.110004
18.9856 0.110003
18.9958 0.109878
19.0029 0.109768
19.0131 0.110172
19.0173 0.110151
19.0245 0.110132
19.0317 0.10999
19.0389 0.109867
19.0461 0.109883
19.0533 0.109898
19.0605 0.109911
19.0677 0.109797
19.0759 0.109822
19.0821 0.109844
19.0893 0.109864
19.0965 0.109881
19.1054 0.109896
19.1126 0.109909
19.1228 0.109795
19.13 0.109821
19.1402 0.110218
19.1444 0.110191
19.1516 0.110167
19.1588 0.110021
19.166 0.110019
19.1732 0.110016
19.1804 0.110014
19.1876 0.110012
19.1948 0.109886
19.203 0.1099
19.2092 0.109913
19.2164 0.109924
19.2236 0.109933
19.2325 0.109941
19.2397 0.109824
19.2499 0.109721
19.2571 0.109756
19.2673 0.110161
19.2715 0.110141
19.2787 0.109998
19.2859 0.109874
19.2931 0.109889
19.3003 0.109903
19.3075 0.109915
19.3147 0.109926
19.3219 0.10981
19.3301 0.109959
19.3363 0.109964
19.3435 0.109969
19.3507 0.109972
19.3596 0.109976
19.3668 0.109854
19.377 0.109747
19.3842 0.109779
19.3944 0.110181
19.3986 0.110159
19.4058 0.110014
19.4202 0.110012
19.4274 0.110011
19.4346 0.110009
19.4418 0.109883
19.449 0.109773
19.4572 0.109926
19.4634 0.109935
19.4706 0.109943
19.4778 0.109826
19.4867 0.109847
19.4939 0.109741
19.5041 0.109774
19.5113 0.109802
19.5215 0.110202
19.5299 0.110052
19.5371 0.110045
19.5443 0.110039
19.5515 0.110035
19.5587 0.11003
19.5659 0.109901
19.5731 0.109914
19.5803 0.109925
19.5884 0.110059
19.5947 0.110052
19.6019 0.10992
19.609 0.10993
19.6162 0.109939
19.6234 0.109947
19.6312 0.109953
19.6396 0.109959
19.6498 0.110214
19.654 0.110062
19.6612 0.110055
19.6684 0.110048
19.6756 0.110042
19.6828 0.109912
19.69 0.109798
19.8258 0.110823
19.9195 0.11072
19.9267 0.110505
19.9349 0.110442
19.9483 0.110387
19.9555 0.110338
19.9627 0.110171
19.9699 0.110025
19.9771 0.110022
19.9843 0.110019
19.9945 0.110392
19.9987 0.110218
20.0059 0.110065
20.0131 0.110057
20.0203 0.11005
20.0275 0.110044
20.0347 0.109913
20.0419 0.109799
20.0544 0.110449
20.0626 0.110518
20.0688 0.110328
20.076 0.110287
20.0832 0.110251
20.0904 0.11022
20.0976 0.110192
20.1048 0.110043
20.112 0.110038
20.1222 0.110408
20.1264 0.110357
20.1336 0.110313
20.1408 0.110148
20.148 0.110005
20.1552 0.110004
20.1624 0.110004
20.1696 0.110003
20.1768 0.109878
20.185 0.109893
20.1912 0.109907
20.1984 0.109918
20.2056 0.109928
20.2128 0.109812
20.22 0.109711
20.2283 0.109872
20.2355 0.109888
20.2457 0.110277
20.2499 0.110117
20.2571 0.110103
20.2643 0.11009
20.2715 0.110079
20.2787 0.110069
20.2859 0.109935
20.2931 0.109943
20.3003 0.10995
20.3085 0.110082
20.3147 0.110071
20.3219 0.109937
20.3291 0.109945
20.3363 0.109952
20.3435 0.109958
20.3518 0.110088
20.359 0.109952
20.3692 0.110333
20.3734 0.110292
20.3806 0.110255
20.3878 0.110098
20.395 0.109961
20.4022 0.109966
20.4094 0.10997
20.4166 0.109974
20.4238 0.109852
20.4319 0.109871
20.4381 0.109887
20.4453 0.109901
20.4525 0.109913
20.4597 0.109799
20.4669 0.109699
20.4753 0.109862
20.4825 0.109879
20.4927 0.110269
20.4969 0.110111
20.5041 0.110097
20.5113 0.110085
20.5184 0.110074
20.5256 0.110065
20.5328 0.109932
20.54 0.10994
20.5472 0.109948
20.5554 0.110079
20.5616 0.110069
20.5688 0.109936
20.576 0.109944
20.5832 0.109951
20.5904 0.109957
20.5987 0.110087
20.6059 0.109951
20.6161 0.110332
20.624 0.110666
20.8398 0.121958
20.85 0.120338
20.8572 0.119046
20.8643 0.117915
20.8715 0.116926
20.8787 0.115935
20.8859 0.115068
20.8931 0.114435
20.9013 0.114005
20.9075 0.113505
20.9147 0.112942
20.9219 0.112449
20.9291 0.112143
20.9363 0.111875
20.9435 0.111641
20.9507 0.11131
20.9609 0.111397
20.9651 0.111222
20.9723 0.111069
20.9795 0.110936
20.9867 0.110694
20.9939 0.110482
21.0011 0.110422
21.0083 0.110369
21.0155 0.110323
21.0237 0.110408
21.0299 0.110232
21.0371 0.110203
21.0443 0.110177
21.0515 0.110155
21.0587 0.110136
21.067 0.110244
21.0742 0.110213
21.0844 0.110562
21.0886 0.110491
21.0958 0.110305
21.103 0.110142
21.1102 0.110124
21.1174 0.110109
21.1246 0.110095
21.1318 0.109958
21.139 0.109838
21.1472 0.109984
21.1534 0.109986
21.1606 0.109987
21.1678 0.109864
21.175 0.109756
21.1822 0.109787
21.1905 0.109938
21.1977 0.109946
21.2079 0.110203
21.2121 0.110177
21.2193 0.110155
21.2265 0.110136
21.2409 0.109994
21.2481 0.109995
21.2553 0.109995
21.2625 0.109996
21.2706 0.110121
21.2769 0.109981
21.284 0.109984
21.2912 0.109986
21.2984 0.109987
21.3056 0.109989
21.314 0.10999
21.4117 0.121242
21.4267 0.120211
21.5214 0.118935
21.5364 0.117818
21.6311 0.116841
21.6383 0.115986
21.6455 0.115237
21.6527 0.114458
21.6599 0.113776
21.6671 0.113304
21.6753 0.113016
21.6815 0.112639
21.6887 0.112184
21.6959 0.111786
21.7031 0.111563
21.7103 0.111367
21.7175 0.111196
21.7247 0.111047
21.7349 0.111166
21.7391 0.11102
21.7463 0.110893
21.7535 0.110781
21.7607 0.110683
21.7679 0.110473
21.7751 0.110414
21.7823 0.110362
21.7895 0.110317
21.7976 0.110402
21.8039 0.110227
21.8111 0.110199
21.8183 0.110174
21.8255 0.110152
21.8326 0.110133
21.841 0.110116
21.8482 0.110102
21.8584 0.110464
21.8626 0.110406
21.8698 0.11023
21.877 0.110077
21.8842 0.110067
21.8914 0.110059
21.8986 0.110051
21.9058 0.10992
21.9129 0.109805
21.9211 0.109954
21.9273 0.10996
21.9345 0.109965
21.9417 0.109844
21.9489 0.109739
21.9561 0.109771
21.9645 0.109925
21.9717 0.109934
21.9818 0.110193
21.9861 0.110169
21.9933 0.110147
22.0004 0.110129
22.0076 0.110113
22.0148 0.109974
22.022 0.109977
22.0292 0.10998
22.0364 0.109982
22.0446 0.11011
22.0508 0.109971
22.058 0.109975
22.0652 0.109978
22.0724 0.109981
22.0796 0.109983
22.0879 0.109985
22.0951 0.109987
22.1053 0.110364
22.1095 0.110318
22.1167 0.110153
22.1239 0.110009
22.1311 0.110008
22.1383 0.110007
22.1455 0.110006
22.1527 0.10988
22.1599 0.10977
22.1681 0.109924
22.1743 0.109934
22.1815 0.109942
22.1887 0.109824
22.1959 0.109721
22.2031 0.109756
22.2114 0.109911
22.2186 0.109923
22.2288 0.110182
22.233 0.110159
22.2402 0.11014
22.2474 0.110122
22.2546 0.110107
22.2618 0.109968
22.269 0.109972
22.4914 0.121851
22.4986 0.120369
22.5088 0.119323
22.513 0.118033
22.5202 0.117029
22.5274 0.11615
22.5346 0.115381
22.5418 0.114584
22.549 0.113886
22.5562 0.1134
22.5634 0.112975
22.5716 0.112728
22.5778 0.112262
22.585 0.111854
22.5922 0.111623
22.5994 0.11142
22.6066 0.111242
22.6138 0.110962
22.621 0.110717
22.6311 0.111002
22.6354 0.110877
22.6425 0.110767
22.6497 0.110546
22.6569 0.110353
22.6641 0.110309
22.6713 0.11027
22.6785 0.110237
22.6857 0.110082
22.6939 0.110072
22.7001 0.110063
22.7073 0.110055
22.7145 0.110048
22.7217 0.109917
22.7289 0.109802
22.7361 0.109827
22.7433 0.109849
22.7535 0.110243
22.7577 0.110087
22.7649 0.109951
22.7721 0.109957
22.7793 0.109963
22.7865 0.109967
22.7937 0.109972
22.8009 0.10985
22.8081 0.109869
22.8163 0.11001
22.8225 0.110009
22.8297 0.110008
22.8369 0.109882
22.8441 0.109897
22.8513 0.10991
22.8585 0.109921
22.8657 0.109931
22.8759 0.110189
22.8801 0.110166
22.8873 0.110145
22.8945 0.110127
22.9016 0.110111
22.9088 0.109972
22.916 0.109976
22.9232 0.109979
22.9304 0.109981
22.9386 0.110109
22.9448 0.10997
22.952 0.109974
22.9592 0.109977
22.9664 0.10998
22.9736 0.109982
22.9808 0.10986
22.988 0.109877
22.9982 0.110268
23.0024 0.110234
23.0096 0.110205
23.0168 0.110054
23.024 0.110047
23.0312 0.110042
23.0384 0.110036
23.0456 0.110032
23.0528 0.109903
23.061 0.109915
23.0672 0.109926
23.0744 0.109935
23.0816 0.109943
23.0888 0.109825
23.096 0.109722
23.1032 0.109757
23.328 0.121662
23.3382 0.120579
23.3424 0.119257
23.3496 0.1181
23.3568 0.116962
23.364 0.116092
23.3712 0.115331
23.5925 0.126539
23.5997 0.124472
23.6069 0.122538
23.6171 0.121346
23.6213 0.119927
23.6285 0.118686
23.6357 0.117601
23.6429 0.116526
23.6501 0.11571
23.6573 0.114996
23.6645 0.114372
23.6717 0.113825
23.6798 0.113347
23.6861 0.112929
23.6933 0.112563
23.7004 0.112242
23.7076 0.111962
23.7148 0.111592
23.722 0.111393
23.7292 0.111219
23.7394 0.111441
23.7436 0.111261
23.7508 0.110979
23.758 0.110856
23.7652 0.110749
23.7724 0.110656
23.7796 0.110574
23.7868 0.110377
23.794 0.11033
23.8022 0.110414
23.8084 0.110362
23.8156 0.110317
23.8228 0.110152
23.83 0.110008
23.8372 0.110007
23.8444 0.110006
23.8516 0.110005
23.8618 0.110255
23.866 0.110098
23.8732 0.110086
23.8804 0.110075
23.8876 0.110066
23.8948 0.109932
23.902 0.109816
23.9092 0.109839
23.9164 0.109859
23.9245 0.110002
23.9308 0.109876
23.938 0.109767
23.9452 0.109796
23.9524 0.109822
23.9595 0.109844
23.9667 0.109738
23.9739 0.109646
23.9841 0.110065
23.9883 0.110057
23.9955 0.11005
24.0027 0.109919
24.0099 0.109804
24.0171 0.109828
24.0243 0.10985
24.0315 0.109869
24.0387 0.10976
24.0469 0.10979
24.2672 0.121691
24.2774 0.12023
24.2846 0.118951
24.2918 0.117707
24.299 0.116619
24.3062 0.115791
24.3134 0.115068
24.3206 0.114434
24.3287 0.11388
24.335 0.11327
24.3421 0.112861
24.3493 0.112503
24.3565 0.112191
24.3637 0.111792
24.3709 0.111443
24.3781 0.111262
24.3883 0.11148
24.3925 0.111295
24.3997 0.111008
24.4069 0.110757
24.4141 0.110662
24.4213 0.110579
24.4285 0.110507
24.4357 0.110319
24.4429 0.110154
24.4511 0.11026
24.4573 0.110227
24.4645 0.110199
24.4717 0.110049
24.4789 0.109918
24.4861 0.109928
24.4933 0.109937
24.5005 0.109945
24.5107 0.110327
24.5149 0.110161
24.5221 0.110141
24.5293 0.110123
24.5365 0.110108
24.5437 0.110094
24.5509 0.109958
24.5581 0.109963
24.5653 0.109968
24.5734 0.110097
24.5797 0.110084
24.5869 0.109949
24.5941 0.109955
24.6012 0.109961
24.6084 0.109966
24.6156 0.10997
24.6228 0.109849
24.633 0.110243
24.6372 0.110212
24.6444 0.110186
24.6516 0.110163
24.6588 0.110017
24.666 0.110015
24.6732 0.110013
24.6804 0.110012
24.6876 0.11001
24.6958 0.110009
24.702 0.110008
24.7128 0.110382
24.9269 0.121709
24.9341 0.120245
24.9413 0.118965
24.9485 0.117844
24.9557 0.116864
24.9629 0.115881
24.9731 0.115521
24.9773 0.114831
24.9845 0.114227
24.9917 0.113698
24.9988 0.113111
25.006 0.112722
25.0132 0.112382
25.0204 0.112084
25.0276 0.111824
25.0358 0.111596
25.042 0.111396
25.0528 0.111597
25.3767 0.122772
25.3839 0.121051
25.3911 0.119669
25.3982 0.118461
25.4054 0.117403
25.4126 0.116478
25.4228 0.115918
25.427 0.115178
25.4342 0.114531
25.4414 0.113965
25.4486 0.113469
25.4558 0.11291
25.463 0.112547
25.4702 0.112228
25.4774 0.11195
25.4856 0.111831
25.4918 0.111477
25.499 0.111292
25.5062 0.111131
25.5134 0.11099
25.5206 0.110866
25.5278 0.110633
25.535 0.110429
25.5452 0.11075
25.5494 0.110656
25.5566 0.110574
25.5638 0.110377
25.571 0.110205
25.5782 0.11018
25.5854 0.110157
25.5926 0.110137
25.5998 0.109995
25.608 0.109996
25.6142 0.109996
25.6214 0.109997
25.6286 0.109997
25.6358 0.109873
25.643 0.109764
25.6502 0.109793
25.6574 0.109819
25.6675 0.110217
25.6717 0.110065
25.6789 0.109931
25.6861 0.10994
25.6933 0.109948
25.7005 0.109954
25.7077 0.109835
25.7149 0.10973
25.7221 0.109764
25.7303 0.109919
25.7365 0.109929
25.7437 0.109813
25.7509 0.109711
25.7581 0.109747
25.7653 0.109779
25.7725 0.109806
25.7797 0.109706
25.7899 0.109992
25.929 0.111868
26.0183 0.11201
26.0255 0.111759
26.0327 0.111414
26.0399 0.111112
26.0471 0.110973
26.0543 0.110851
26.0615 0.110745
26.0717 0.110902
26.0759 0.110664
26.0831 0.110581
26.0903 0.110508
26.0975 0.110445
26.1047 0.110264
26.1119 0.110106
26.1191 0.110093
26.1263 0.110081
26.1345 0.110196
26.1407 0.110047
26.1479 0.109916
26.1587 0.110301
26.3764 0.121764
26.3853 0.120543
26.3925 0.119225
26.3997 0.118072
26.4069 0.116938
26.4151 0.116196
26.4213 0.115421
26.4285 0.114744
26.4357 0.114151
26.4429 0.113507
26.4501 0.113069
26.4573 0.112685
26.4645 0.112349
26.4747 0.112431
26.4789 0.112002
26.4861 0.111752
26.4933 0.111533
26.5004 0.111341
26.5076 0.111173
26.5148 0.110902
26.522 0.110789
26.5292 0.11069
26.5374 0.110729
26.5436 0.110638
26.5508 0.110433
26.558 0.110379
26.5652 0.110332
26.5724 0.11029
26.5796 0.110254
26.5868 0.110097
26.597 0.11046
26.6012 0.110403
26.6084 0.110352
26.6156 0.110308
26.6228 0.110145
26.63 0.110002
26.6372 0.110001
26.6444 0.110001
26.6516 0.110001
26.6598 0.110001
26.666 0.109876
26.6732 0.109891
26.6804 0.109905
26.6876 0.109917
26.6948 0.109802
26.702 0.109702
26.7092 0.109739
26.7194 0.110147
26.7236 0.110128
26.7308 0.109987
26.738 0.109864
26.7452 0.109881
26.7524 0.109896
26.7595 0.109909
26.7667 0.109795
26.7739 0.109696
26.7821 0.109859
26.7883 0.109877
26.7955 0.109892
26.8027 0.10978
26.8099 0.109683
26.8171 0.109723
26.8243 0.109757
26.8315 0.109788
26.8417 0.110064
26.8459 0.109931
26.8531 0.10994
26.8603 0.109947
26.8675 0.109954
26.8747 0.109835
26.8819 0.10973
26.8891 0.109764
26.8963 0.109793
26.9045 0.109944
26.9107 0.109951
26.9179 0.109832
26.9251 0.109853
26.9323 0.109872
26.9395 0.109888
26.9467 0.109902
26.9539 0.109789
26.9641 0.11019
26.9683 0.110167
26.9755 0.110146
26.9827 0.110128
26.9899 0.109987
26.9971 0.109988
27.0043 0.10999
27.0115 0.109991
27.0186 0.109992
27.0268 0.109993
27.033 0.109994
27.0402 0.109995
27.0474 0.109995
27.0546 0.109996
27.0618 0.109871
27.069 0.109888
27.0762 0.109902
27.0864 0.110289
27.0906 0.110253
27.0978 0.110096
27.105 0.110084
27.1122 0.110074
27.1194 0.110064
27.1266 0.110056
27.1338 0.109924
27.141 0.109934
27.1492 0.110067
27.6243 0.112809
27.6315 0.112458
27.6387 0.11215
27.6459 0.111757
27.6531 0.111537
27.6603 0.111345
27.6675 0.111177
27.6747 0.11103
27.6828 0.110901
27.6891 0.110788
27.6963 0.11069
27.7304 0.113979
27.7376 0.113481
27.7448 0.112921
27.752 0.112431
27.7592 0.112127
27.7694 0.112236
27.7736 0.111957
27.7808 0.111587
27.788 0.111264
27.8024 0.111106
27.8096 0.110968
27.8167 0.110722
27.8239 0.110506
27.8365 0.111068
27.8437 0.110935
27.8509 0.110693
27.8581 0.110606
27.8653 0.11053
27.8755 0.110839
27.8827 0.110734
27.8899 0.110517
27.9 0.110828
27.9085 0.111224
27.9156 0.111071
27.9228 0.110812
27.93 0.110711
27.9372 0.110622
28.1639 0.110419
28.1675 0.110367
28.1747 0.110321
28.1819 0.110156
28.1921 0.110511
28.1963 0.110447
28.2035 0.110392
28.2664 0.110343
28.2736 0.1103
28.2808 0.110137
28.288 0.109995
28.2952 0.109996
28.3024 0.109996
28.3105 0.110122
28.3168 0.109982
28.3239 0.109859
28.3311 0.109876
28.3383 0.109892
28.3455 0.109905
28.3527 0.109792
28.3599 0.109693
28.3701 0.110107
28.3761 0.110093
28.3833 0.110082
28.3905 0.110071
28.3977 0.110062
28.4049 0.10993
28.4121 0.109938
28.4202 0.109946
28.4274 0.109953
28.4356 0.110084
28.4418 0.109948
28.449 0.109955
28.4562 0.10996
28.4634 0.109965
28.4706 0.10997
28.4798 0.109848
28.487 0.109867
28.4972 0.110259
28.5014 0.110227
28.5086 0.110198
28.5158 0.110049
28.523 0.110042
28.5302 0.110037
28.5374 0.110032
28.5453 0.110028
28.5525 0.110025
28.5607 0.110022
28.5669 0.109894
28.5741 0.109907
28.5813 0.109919
28.5895 0.109929
28.5967 0.109813
28.6069 0.109711
28.6141 0.109747
28.6243 0.110154
28.6285 0.110135
28.6357 0.110118
28.6429 0.109978
28.6501 0.109981
28.6573 0.109983
28.6645 0.109985
28.6717 0.109987
28.6789 0.109864
28.6871 0.110006
28.6933 0.110005
28.7005 0.110004
28.7077 0.110004
28.7166 0.110003
28.7238 0.109878
28.734 0.109768
28.7412 0.109797
28.9688 0.109448
28.9774 0.109892
28.9816 0.109905
28.9888 0.109792
28.996 0.109818
29.0032 0.109841
29.0104 0.109861
29.0176 0.109878
29.0248 0.109768
29.032 0.109672
29.0402 0.109838
29.0464 0.109858
29.0536 0.109876
29.0697 0.110892
29.0769 0.110655
29.0841 0.110573
29.0913 0.110502
29.0985 0.110439
29.1087 0.110634
29.1129 0.11043
29.1201 0.110376
29.1273 0.110329
29.1345 0.110288
29.1417 0.110252
29.1489 0.110095
29.1561 0.110084
29.1633 0.110073
29.1715 0.110189
29.1777 0.110165
29.1849 0.11002
29.1921 0.110017
29.1993 0.110015
29.2065 0.110013
29.2148 0.110137
29.222 0.109994
29.2322 0.11037
29.2364 0.110324
29.2436 0.110283
29.2508 0.110123
29.258 0.109983
29.2652 0.109985
29.2724 0.109987
29.2796 0.109988
29.2868 0.109865
29.2949 0.109882
29.3048 0.110271
29.5236 0.121988
29.5308 0.120364
29.538 0.118944
29.5452 0.117826
29.5524 0.116847
29.5596 0.115992
29.5667 0.115118
29.5769 0.114728
29.5811 0.114137
29.5883 0.11362
29.5955 0.113167
29.6027 0.112646
29.6099 0.112191
29.6171 0.111917
29.6243 0.111677
29.6315 0.111468
29.6397 0.111284
29.6459 0.110999
29.6531 0.110874
29.6603 0.110765
29.6675 0.110669
29.6747 0.11046
29.683 0.110528
29.6902 0.110462
29.7004 0.110779
29.7046 0.110682
29.7118 0.110471
29.719 0.110413
29.7262 0.110361
29.7334 0.110316
29.961 0.110026
29.9666 0.110023
29.9738 0.109895
29.984 0.110283
29.9882 0.110248
29.9954 0.110217
30.0026 0.11019
30.0098 0.110041
30.017 0.110036
30.0242 0.110031
30.0655 0.110028
30.0727 0.109899
30.0809 0.109912
30.0871 0.109923
30.0943 0.109932
30.1015 0.109941
30.1087 0.109823
30.1159 0.10972
30.1231 0.109755
30.1303 0.109786
30.1405 0.110188
30.1447 0.110039
30.1519 0.109909
30.1591 0.109921
30.1663 0.109931
30.1735 0.109939
30.1807 0.109947
30.1879 0.109828
30.1951 0.10985
30.2033 0.109994
30.2095 0.109994
30.2167 0.109995
30.2239 0.109871
30.2311 0.109887
30.2383 0.109901
30.2455 0.109913
30.2527 0.109924
30.2628 0.110184
30.267 0.110161
30.2742 0.110141
30.2814 0.110123
30.2886 0.110108
30.2958 0.109969
30.303 0.109973
30.3102 0.109976
30.3174 0.109979
30.3256 0.110107
30.3318 0.109969
30.339 0.109973
30.3462 0.109976
30.3534 0.109979
30.3642 0.110482
30.5783 0.121921
30.5855 0.120431
30.5927 0.119127
30.6029 0.118236
30.6071 0.117207
30.6143 0.116306
30.6215 0.115518
30.6287 0.114828
30.6359 0.1141
30.6431 0.113587
30.6503 0.113139
30.6575 0.112746
30.6656 0.112528
30.6718 0.112087
30.679 0.111826
30.6862 0.111598
30.6934 0.111398
30.7006 0.111223
30.7078 0.110945
30.715 0.110827
30.7252 0.111099
30.7294 0.110962
30.7366 0.110841
30.7438 0.110611
30.751 0.110535
30.7582 0.110468
30.7654 0.110409
30.7726 0.110358
30.7798 0.110188
30.788 0.110165
30.7942 0.110144
30.8014 0.110126
30.8086 0.11011
30.8158 0.109972
30.823 0.10985
30.8302 0.109869
30.8374 0.109885
30.8476 0.110275
30.8518 0.110115
30.859 0.109976
30.8662 0.109979
30.8734 0.109982
30.8806 0.109984
30.8878 0.109861
30.895 0.109753
30.9022 0.109784
30.9103 0.109936
30.9166 0.109944
30.9238 0.109826
30.9309 0.109723
30.9381 0.109757
30.9453 0.109788
30.9525 0.109814
30.9597 0.109713
30.9699 0.109998
30.9741 0.109999
30.9813 0.109999
30.9885 0.109999
30.9957 0.109874
31.0029 0.109765
31.0101 0.109794
31.0173 0.10982
31.0245 0.109842
31.0327 0.109862
31.0389 0.109754
31.0461 0.109785
31.0533 0.109812
31.0605 0.109835
31.0677 0.109731
31.0749 0.10964
31.0821 0.109685
31.0923 0.110099
31.0965 0.110087
31.1037 0.110076
31.1109 0.109941
31.1181 0.109949
31.1253 0.109955
31.1325 0.109961
31.1397 0.109966
31.1469 0.109845
31.155 0.109989
31.1613 0.109991
31.1685 0.109992
31.1757 0.109993
31.1829 0.109869
31.19 0.109885
31.1972 0.1099
31.2044 0.109912
31.2146 0.110298
31.226 0.110261
31.2332 0.110228
31.2404 0.1102
31.2476 0.110175
31.2548 0.110028
31.262 0.110024
31.2692 0.110021
31.2774 0.110144
31.2836 0.110126
31.2908 0.109985
31.298 0.109987
31.3052 0.109989
31.3124 0.10999
31.3196 0.109991
31.3268 0.109867
31.3387 0.110134
31.3429 0.109992
31.3501 0.109993
31.3573 0.109994
31.3645 0.109995
31.3717 0.10987
31.3789 0.109762
31.3861 0.109791
31.3933 0.109817
31.4015 0.109965
31.4149 0.11072
31.6343 0.11063
31.6415 0.110551
31.6487 0.110357
31.6559 0.110187
31.6631 0.110164
31.6703 0.110144
31.6775 0.110126
31.6857 0.11011
31.6919 0.109971
31.6991 0.109975
31.7063 0.109978
31.7135 0.109981
31.7207 0.109983
31.7279 0.10986
31.7351 0.109878
31.7453 0.110268
31.7495 0.110234
31.9563 0.12033
31.9789 0.118914
31.9861 0.1178
31.9933 0.116825
32.0005 0.115972
32.0149 0.1151
32.0251 0.114838
32.0293 0.114233
32.0365 0.113704
32.0437 0.113116
32.0509 0.112601
32.0581 0.112276
32.0653 0.111992
32.0725 0.111743
32.0797 0.111525
32.0879 0.111334
32.0941 0.111167
32.1013 0.111022
32.1085 0.110894
32.1157 0.110782
32.1229 0.110559
32.1301 0.110489
32.1373 0.110428
32.1475 0.11075
32.1517 0.110656
32.1625 0.110949
32.3837 0.11058
32.3883 0.110508
32.3955 0.110444
32.6185 0.122264
32.6257 0.120606
32.6329 0.119155
32.6401 0.118011
32.6473 0.117009
32.6545 0.116133
32.6617 0.115242
32.6689 0.114461
32.6761 0.113904
32.6843 0.113541
32.6905 0.113098
32.6977 0.112711
32.7049 0.112247
32.7121 0.111966
32.7193 0.11172
32.7265 0.111505
32.7337 0.111317
32.7439 0.111403
32.7481 0.111227
32.7625 0.111074
32.7697 0.11094
32.7769 0.110697
32.7841 0.11061
32.7913 0.110534
32.7985 0.110467
32.8066 0.110534
32.8129 0.110342
32.82 0.110299
32.8272 0.110262
32.8344 0.110229
32.8416 0.1102
32.8488 0.11005
32.856 0.110044
32.8662 0.110414
32.8704 0.110362
32.8776 0.110317
32.8848 0.110152
32.892 0.110133
32.8992 0.110116
32.9064 0.110102
32.9136 0.110089
32.9208 0.109953
32.929 0.109959
32.9352 0.109964
32.9424 0.109969
32.9496 0.109972
32.9568 0.109851
32.964 0.109745
32.9712 0.109776
32.9784 0.109804
32.9886 0.110204
32.9928 0.110053
33 0.109922
33.0072 0.109931
33.0144 0.10994
33.0216 0.109948
33.0288 0.109829
33.036 0.109725
33.0432 0.10976
33.0513 0.109915
33.0576 0.109925
33.0648 0.10981
33.072 0.109709
33.0791 0.109745
33.0863 0.109777
33.0935 0.109805
33.1007 0.109704
33.1109 0.109991
33.1151 0.109992
33.1223 0.109993
33.1331 0.110494
33.3472 0.121932
33.3544 0.120441
33.3616 0.119136
33.3688 0.117869
33.376 0.11676
33.3832 0.115915
33.3914 0.115301
33.3976 0.114638
33.4048 0.113933
33.412 0.113317
33.4192 0.112902
33.4264 0.112539
33.4336 0.112222
33.4408 0.111819
33.451 0.111842
33.4552 0.111612
33.4624 0.11141
33.4696 0.111234
33.4767 0.110955
33.4839 0.11071
33.4911 0.110622
33.4983 0.110544
33.5055 0.110476
33.5137 0.110416
33.5199 0.110239
33.5271 0.110209
33.5343 0.110183
33.5415 0.11016
33.5487 0.110015
33.5559 0.109888
33.5631 0.109902
33.5733 0.11029
33.5775 0.110253
33.5847 0.110097
33.5919 0.10996
33.5991 0.109965
33.6063 0.109969
33.6135 0.109973
33.6207 0.109976
33.6279 0.109854
33.6361 0.109997
33.6423 0.109998
33.6495 0.109998
33.6567 0.109998
33.6639 0.109874
33.6711 0.109889
33.6783 0.109903
33.6855 0.109915
33.6957 0.110301
33.6999 0.110138
33.7071 0.110121
33.7143 0.110106
33.7215 0.110093
33.7287 0.110081
33.7358 0.109946
33.743 0.109953
33.7502 0.109959
33.7584 0.110089
33.7646 0.110078
33.7718 0.109943
33.779 0.10995
33.7862 0.109956
33.7934 0.109962
33.8006 0.109967
33.8078 0.109846
33.818 0.11024
33.8222 0.11021
33.8294 0.110184
33.8366 0.110161
33.8438 0.110016
33.851 0.110014
33.8582 0.110012
33.8654 0.110011
33.8726 0.110009
33.8808 0.110008
33.887 0.109882
33.8942 0.109897
33.9014 0.10991
33.9086 0.109921
33.9158 0.109806
33.923 0.109705
33.9302 0.109742
33.9404 0.110149
33.9446 0.110131
33.959 0.109989
33.9662 0.109991
33.9734 0.109992
33.9806 0.109993
33.9878 0.109869
33.9949 0.10976
34.0031 0.109915
34.0093 0.109926
34.0165 0.109935
34.0237 0.109818
34.0309 0.109716
34.0381 0.109751
34.0453 0.109782
34.0525 0.10981
34.0627 0.110083
34.0669 0.109948
34.0741 0.109955
34.0813 0.10996
34.0885 0.109965
34.0957 0.109845
34.1029 0.109739
34.1101 0.109772
34.1173 0.1098
34.1255 0.10995
34.1317 0.109831
34.1389 0.109727
34.1461 0.109762
34.1533 0.109791
34.1605 0.109817
34.1677 0.10984
34.1749 0.109735
34.1851 0.110143
34.1893 0.110125
34.1965 0.11011
34.2037 0.110096
34.2109 0.109959
34.2181 0.109964
34.2253 0.109969
34.2325 0.109973
34.2397 0.109976
34.2478 0.109979
34.2541 0.109982
34.2612 0.109984
34.2684 0.109986
34.2756 0.109988
34.2828 0.109864
34.29 0.109881
34.2972 0.109896
34.3074 0.110284
34.3116 0.110249
34.3188 0.110092
34.326 0.110081
34.3332 0.110071
34.3404 0.110062
34.3476 0.110054
34.3548 0.109922
34.362 0.109932
34.3702 0.110066
34.3764 0.110057
34.3836 0.11005
34.3908 0.109919
34.398 0.109804
34.4052 0.109829
34.4124 0.10985
34.4196 0.109869
34.4298 0.110135
34.434 0.109993
34.4412 0.109994
34.4484 0.109995
34.4556 0.109995
34.4628 0.109871
34.47 0.109762
34.4772 0.109792
34.4844 0.109818
34.4925 0.109966
34.4988 0.109845
34.506 0.109739
34.5132 0.109772
34.5203 0.1098
34.5275 0.109825
34.5347 0.109722
34.5419 0.109632
34.5521 0.110053
34.5563 0.110046
34.5671 0.110541
34.7822 0.122098
34.7894 0.120586
34.7966 0.119263
34.8038 0.11798
34.811 0.116857
34.8182 0.116
34.8254 0.11525
34.8336 0.114719
34.8398 0.114004
34.847 0.113378
34.8542 0.112956
34.8614 0.112587
34.8686 0.112263
34.8758 0.111855
34.8829 0.111498
34.8931 0.111686
34.8973 0.111475
34.9045 0.111291
34.9117 0.111005
34.9189 0.110754
34.9261 0.11066
34.9333 0.110577
34.9405 0.110505
34.9477 0.110317
34.9559 0.110277
34.9621 0.110243
34.9693 0.110212
34.9765 0.110186
34.9837 0.110038
34.9909 0.109908
34.9981 0.109919
35.0053 0.109929
35.0155 0.110313
35.0197 0.110149
35.0269 0.110005
35.0341 0.110005
35.2338 0.119129
35.2626 0.117988
35.2698 0.116865
35.2769 0.115881
35.2841 0.115146
35.2943 0.114878
35.2985 0.114268
35.3057 0.11361
35.3129 0.113034
35.3201 0.112654
35.3273 0.112323
35.3345 0.112032
35.3417 0.111653
35.3489 0.111322
35.3571 0.111281
35.3633 0.111121
35.3705 0.110981
35.3777 0.110733
35.3849 0.110517
35.3921 0.110452
35.3993 0.110396
35.4065 0.110346
35.4167 0.110553
35.4209 0.110359
35.4281 0.110314
35.4353 0.110275
35.4425 0.11024
35.4497 0.11021
35.4569 0.110059
35.4641 0.110052
35.4713 0.110045
35.4795 0.110165
35.4857 0.110144
35.4929 0.110001
35.5001 0.110001
35.5073 0.110001
35.5145 0.110001
35.5217 0.110001
35.5289 0.109875
35.539 0.110266
35.5432 0.110233
35.5504 0.110204
35.5576 0.110178
35.572 0.110156
35.5792 0.110136
35.5864 0.110119
35.5936 0.110104
35.6018 0.110091
35.608 0.11008
35.6152 0.11007
35.6224 0.110061
35.6296 0.110054
35.6368 0.109922
35.644 0.109932
35.6512 0.10994
35.6614 0.110323
35.6656 0.110282
35.6728 0.110122
35.68 0.109982
35.6872 0.109984
35.6944 0.109986
35.7016 0.109988
35.7088 0.109864
35.716 0.109756
35.7242 0.109912
35.7304 0.109923
35.7376 0.109932
35.7448 0.109816
35.752 0.109714
35.7592 0.10975
35.7664 0.109781
35.7736 0.109808
35.7837 0.110082
35.788 0.109947
35.7952 0.109954
35.8023 0.109959
35.8095 0.109964
35.8167 0.109844
35.8239 0.109738
35.8311 0.109771
35.8383 0.1098
35.8465 0.10995
35.8527 0.109831
36.0802 0.109602
36.0858 0.109527
36.093 0.109461
36.1002 0.109528
36.1074 0.109587
36.1146 0.109639
36.1218 0.109559
36.13 0.109614
36.1362 0.109662
36.1434 0.109705
36.1506 0.109742
36.1811 0.112649
36.1883 0.112318
36.1955 0.112028
36.2027 0.111775
36.2129 0.111803
36.2171 0.111577
36.2243 0.11138
36.2315 0.111208
36.2387 0.111057
36.2459 0.1108
36.2531 0.1107
36.2603 0.110612
36.2675 0.110536
36.2756 0.110594
36.2819 0.110395
36.2891 0.110345
36.2962 0.110302
36.3034 0.110264
36.3106 0.110231
36.3178 0.110077
36.3352 0.110443
36.3394 0.110387
36.3466 0.110339
36.361 0.110297
36.3682 0.110259
36.5906 0.122102
36.5978 0.120464
36.605 0.119156
36.6152 0.118387
36.6194 0.117338
36.6266 0.116421
36.6338 0.115493
36.6482 0.114807
36.6554 0.114206
36.6626 0.11368
36.6698 0.113095
36.678 0.112708
36.6842 0.11237
36.6914 0.112074
36.6986 0.111814
36.7058 0.111463
36.713 0.111155
36.7202 0.11101
36.7274 0.110884
36.7376 0.111149
36.7418 0.11088
36.749 0.110645
36.7562 0.110564
36.7634 0.110494
36.7706 0.110432
36.7777 0.110253
36.7849 0.110096
36.7921 0.110084
36.8003 0.110199
36.8065 0.110174
36.8209 0.110027
36.8353 0.110024
36.8425 0.110021
36.8497 0.109893
36.8599 0.110157
36.8641 0.110137
36.8713 0.11012
36.8785 0.110105
36.8857 0.109967
36.8929 0.109846
36.9001 0.109865
36.9073 0.109882
36.9145 0.109897
36.9227 0.110035
36.9289 0.109905
36.9361 0.109917
36.9433 0.109928
36.9505 0.109937
36.9577 0.109945
36.9649 0.109826
36.9721 0.109848
36.9823 0.110242
36.9865 0.110212
36.9937 0.110185
37.0081 0.110162
37.0153 0.110142
37.0225 0.110124
37.0297 0.110109
37.0368 0.10997
37.045 0.110099
37.0512 0.110086
37.0584 0.110076
37.0656 0.110066
37.0728 0.109933
37.08 0.109941
37.0872 0.109949
37.0944 0.109955
37.1046 0.110336
37.1088 0.110169
37.116 0.110148
37.1232 0.110129
37.1304 0.110113
37.1376 0.110099
37.1448 0.109962
37.152 0.109966
37.1592 0.109971
37.1674 0.110099
37.1736 0.110087
37.1808 0.109951
37.188 0.109832
37.1952 0.109853
37.2024 0.109871
37.2096 0.109888
37.2204 0.110277
37.4416 0.110242
37.4498 0.110712
37.453 0.110748
37.4597 0.110654
37.4669 0.110448
37.5406 0.118642
37.5478 0.117436
37.555 0.116382
37.5622 0.115584
37.5694 0.114886
37.5775 0.1144
37.5837 0.113725
37.5909 0.113135
37.5981 0.112743
37.6053 0.1124
37.6125 0.1121
37.6197 0.111712
37.6269 0.111373
37.6371 0.111577
37.6413 0.11138
37.6485 0.111207
37.6557 0.110931
37.6629 0.11069
37.6701 0.110604
37.8967 0.110278
37.9022 0.110243
37.9094 0.110213
37.9196 0.110561
37.9238 0.110366
37.931 0.110195
37.9382 0.110171
37.9975 0.11665
38.0047 0.115818
38.0119 0.114966
38.0191 0.114345
38.0263 0.113802
38.0345 0.113452
38.0407 0.11302
38.0479 0.112518
38.0551 0.112203
38.0623 0.111928
38.0695 0.111687
38.0767 0.111476
38.0839 0.111166
38.094 0.111396
38.0983 0.111221
38.1055 0.111069
38.1126 0.110935
38.1198 0.110693
38.127 0.110606
38.1342 0.110531
38.1414 0.110464
38.1486 0.110406
38.1568 0.110355
38.163 0.110311
38.1702 0.110272
38.1774 0.110238
38.1846 0.110208
38.4112 0.109932
38.5408 0.109816
38.6413 0.121464
38.6485 0.120031
38.6557 0.118777
38.6629 0.117555
38.6711 0.116736
38.6773 0.115894
38.6845 0.115157
38.6917 0.114512
38.6989 0.113823
38.7061 0.113345
38.7133 0.112927
38.7204 0.112561
38.7306 0.112616
38.7348 0.112164
38.742 0.111894
38.7492 0.111657
38.7564 0.11145
38.7636 0.111269
38.7708 0.110985
38.7816 0.111237
38.9993 0.122957
39.0095 0.121713
39.0137 0.120249
39.0209 0.118842
39.0281 0.117737
39.0353 0.11677
39.0425 0.115924
39.0497 0.115183
39.0641 0.114535
39.0723 0.114093
39.0785 0.113582
39.0857 0.113134
39.1001 0.112742
39.2062 0.124775
39.2133 0.122928
39.3158 0.121187
39.326 0.120163
39.4255 0.118893
39.4357 0.117656
39.5352 0.116699
39.5424 0.115862
39.5496 0.115129
39.5568 0.114363
39.564 0.113818
39.5712 0.11334
39.5794 0.113048
39.5856 0.112667
39.5928 0.112209
39.6 0.111932
39.6072 0.111691
39.6144 0.11148
39.6216 0.111295
39.6288 0.111008
39.639 0.111132
39.6432 0.11099
39.6504 0.110867
39.6576 0.110758
39.6648 0.110538
39.672 0.110346
39.6792 0.110303
39.6864 0.110265
39.6936 0.110232
39.7018 0.110203
39.708 0.110053
39.7152 0.110046
39.7224 0.11004
39.7296 0.110035
39.7368 0.109906
39.744 0.109793
39.7512 0.109818
39.7613 0.110216
39.7655 0.110189
39.9986 0.110166
40.0058 0.11002
40.013 0.110017
40.0202 0.110015
40.1011 0.110013
40.1083 0.110012
40.1185 0.110385
40.1227 0.110212
40.1299 0.110061
40.1371 0.110053
40.1443 0.110046
40.1515 0.110041
40.1587 0.110035
40.1659 0.109906
40.1731 0.109918
40.1813 0.110053
40.1875 0.110046
40.1947 0.110041
40.2019 0.109911
40.2091 0.109922
40.2163 0.109932
40.2235 0.10994
40.2307 0.109948
40.2409 0.110204
40.2451 0.110179
40.2523 0.110156
40.2594 0.110137
40.2666 0.11012
40.2738 0.10998
40.281 0.109982
40.2882 0.109984
40.2954 0.109986
40.3036 0.110113
40.3098 0.109974
40.317 0.109977
40.3242 0.10998
40.5455 0.121858
40.5527 0.120375
40.5599 0.118953
40.5671 0.117834
40.5743 0.116855
40.5825 0.116123
40.5887 0.115358
40.5959 0.114563
40.6031 0.113993
40.6103 0.113494
40.6175 0.113057
40.6247 0.112675
40.6319 0.112215
40.642 0.112313
40.6463 0.112024
40.6535 0.111771
40.6606 0.11155
40.6678 0.111231
40.675 0.111077
40.6822 0.110943
40.6894 0.110825
40.6966 0.110722
40.7048 0.110631
40.711 0.110553
40.7182 0.110483
40.7254 0.110423
40.7326 0.11037
40.7398 0.110199
40.747 0.110174
40.7578 0.110527
40.9719 0.121836
40.9821 0.120732
40.9863 0.11939
40.9935 0.118217
41.0007 0.117189
41.0079 0.116166
41.0151 0.115395
41.0223 0.114721
41.0295 0.114131
41.0367 0.113614
41.0448 0.113162
41.2615 0.124142
41.2753 0.122374
41.2825 0.120828
41.2897 0.119349
41.2969 0.118056
41.3041 0.117049
41.3113 0.116167
41.3185 0.115397
41.3267 0.114847
41.3329 0.114116
41.3401 0.113602
41.3473 0.113151
41.3545 0.112757
41.3617 0.112413
41.3689 0.111986
41.3761 0.111738
41.3863 0.111896
41.3905 0.111659
41.3977 0.111451
41.4049 0.111145
41.4121 0.111002
41.4193 0.110877
41.4265 0.110767
41.4337 0.110671
41.4408 0.110462
41.449 0.110529
41.4552 0.110463
41.4624 0.110405
41.4696 0.110355
41.484 0.11031
41.4912 0.110272
41.4984 0.110238
41.5086 0.110583
41.5128 0.110385
41.5272 0.110337
41.5344 0.110295
41.5416 0.110258
41.5488 0.110101
41.556 0.110088
41.5632 0.110077
41.5714 0.110192
41.5776 0.110168
41.5848 0.110022
41.592 0.109895
41.5992 0.109908
41.6064 0.109919
41.6136 0.109929
41.6208 0.109813
41.631 0.110087
41.6352 0.110076
41.6424 0.110066
41.6496 0.110058
41.6568 0.109926
41.664 0.10981
41.6712 0.109834
41.6784 0.109855
41.6856 0.109873
41.6937 0.109889
41.6999 0.109778
41.7071 0.109805
41.7143 0.10983
41.7215 0.109851
41.7287 0.109745
41.7359 0.109652
41.7431 0.109695
41.7533 0.110108
41.7575 0.110095
41.7647 0.109958
41.7719 0.109838
41.7791 0.109858
41.7863 0.109876
41.7935 0.109892
41.8007 0.10978
41.8079 0.109683
41.8161 0.109847
41.8223 0.109866
41.8295 0.109883
41.8367 0.109773
41.8439 0.109676
41.8511 0.109717
41.8583 0.109752
41.8655 0.109783
41.8757 0.110185
41.8799 0.110037
41.8871 0.110032
41.8943 0.110028
41.9015 0.110025
41.9087 0.110022
41.9159 0.109894
41.9231 0.109907
41.9303 0.109919
41.9384 0.110054
41.9447 0.110047
41.9519 0.109916
41.959 0.109927
41.9699 0.110311
42.1839 0.121647
42.1911 0.120191
42.1983 0.118917
42.2055 0.117803
42.2157 0.117077
42.2235 0.116568
42.4514 0.115747
42.4586 0.115028
42.4658 0.114275
42.6888 0.125615
42.696 0.123539
42.7032 0.121846
42.7104 0.120365
42.7176 0.11907
42.7257 0.117936
42.732 0.116819
42.7392 0.115967
42.7464 0.115221
42.7536 0.114568
42.7607 0.113872
42.7679 0.113263
42.7751 0.112855
42.7853 0.112873
42.7895 0.112514
42.7967 0.112075
42.8039 0.111691
42.8111 0.111479
42.8183 0.111294
42.8255 0.111133
42.8327 0.110866
42.8399 0.110633
42.8481 0.110679
42.8543 0.110594
42.8615 0.11052
42.8687 0.11033
42.8759 0.110163
42.8831 0.110143
42.8939 0.1105
43.0432 0.113313
43.1223 0.112899
43.1305 0.112661
43.1367 0.112204
43.1439 0.111803
43.1511 0.111578
43.1583 0.111381
43.1655 0.111208
43.1727 0.110932
43.1799 0.11069
43.1901 0.110979
43.1943 0.110857
43.2015 0.11075
43.2087 0.110531
43.2159 0.11034
43.2231 0.110297
43.2303 0.11026
43.2447 0.111102
43.4012 0.115215
43.469 0.114813
43.4732 0.114211
43.4804 0.113685
43.4876 0.113224
43.4948 0.112696
43.502 0.112234
43.5092 0.111955
43.5163 0.111711
43.5235 0.111497
43.5317 0.11131
43.5379 0.111021
43.5451 0.110893
43.5523 0.110782
43.5595 0.110684
43.5667 0.110473
43.5739 0.110289
43.5811 0.110253
43.5913 0.110596
43.5955 0.110522
43.6027 0.110332
43.6099 0.110165
43.6171 0.110145
43.6243 0.110126
43.6315 0.110111
43.6387 0.109972
43.6459 0.10985
43.6541 0.109994
43.6603 0.109995
43.6747 0.109995
43.6819 0.109871
43.6891 0.109887
43.6963 0.109901
43.7035 0.109914
43.7137 0.110299
43.7179 0.110137
43.7251 0.11012
43.7323 0.110105
43.7395 0.110092
43.7467 0.11008
43.7539 0.109945
43.7611 0.109952
43.7683 0.109958
43.7764 0.110088
43.7826 0.110077
43.7898 0.109943
43.797 0.10995
43.8042 0.109956
43.8114 0.109962
43.8186 0.109966
43.8258 0.109846
43.836 0.11024
43.8402 0.11021
43.8474 0.110184
43.8546 0.110161
43.8618 0.110016
43.869 0.110014
43.8762 0.110012
43.8834 0.11001
43.8906 0.110009
43.8988 0.110008
43.905 0.109882
43.9122 0.109897
43.9194 0.10991
43.9266 0.109921
43.9338 0.109806
43.941 0.109705
43.9482 0.109742
43.9584 0.110149
43.9626 0.110131
43.9698 0.109989
43.977 0.109866
43.9842 0.109882
43.9914 0.109897
43.9986 0.10991
44.0058 0.109796
44.013 0.109697
44.0211 0.10986
44.0274 0.109877
44.0345 0.109893
44.0417 0.109781
44.0489 0.109683
44.0561 0.109723
44.0633 0.109758
44.0705 0.109788
44.0807 0.110064
44.0849 0.109931
44.0921 0.10994
44.0993 0.109947
44.1065 0.109954
44.1137 0.109835
44.1209 0.10973
44.1281 0.109764
44.1353 0.109794
44.1435 0.109944
44.1497 0.109826
44.1569 0.109723
44.1641 0.109758
44.1713 0.109788
44.1785 0.109814
44.1857 0.109838
44.1929 0.109733
44.2031 0.110141
44.2073 0.110124
44.2145 0.110108
44.2217 0.110095
44.2289 0.109958
44.2361 0.109963
44.2433 0.109968
44.2505 0.109972
44.2577 0.109975
44.2658 0.109978
44.2721 0.109981
44.2793 0.109983
44.2865 0.109986
44.2936 0.109987
44.3008 0.109864
44.308 0.109881
44.3152 0.109896
44.3254 0.110284
44.3296 0.110248
44.3368 0.110092
44.344 0.110081
44.3512 0.110071
44.3584 0.110062
44.3656 0.110054
44.3728 0.109922
44.38 0.109932
44.3882 0.110066
44.3944 0.110057
44.4016 0.11005
44.4088 0.109919
44.416 0.109929
44.4232 0.109938
44.4304 0.109946
44.4376 0.109952
44.4478 0.110208
44.452 0.110057
44.4592 0.11005
44.4664 0.110044
44.4736 0.110038
44.4808 0.109909
44.488 0.109795
44.4952 0.109821
44.5024 0.109843
44.5106 0.109988
44.5168 0.109864
44.524 0.109756
44.5312 0.109787
44.5384 0.109813
44.5456 0.109837
44.5528 0.109732
44.5599 0.109641
44.5701 0.110061
44.5743 0.110053
44.5815 0.110046
44.5887 0.109916
44.5959 0.109801
44.6031 0.109826
44.6103 0.109848
44.6175 0.109867
44.6247 0.109758
44.6329 0.109789
44.6391 0.109815
44.6463 0.109838
44.6535 0.109858
44.6607 0.109751
44.6679 0.109657
44.6751 0.1097
44.6823 0.109738
44.6925 0.110145
44.6967 0.110002
44.7039 0.109877
44.7111 0.109892
44.7183 0.109906
44.7255 0.109918
44.7327 0.109928
44.7399 0.109812
44.7471 0.109835
44.7553 0.109981
44.7615 0.109983
44.7687 0.109985
44.7759 0.109862
44.7831 0.109879
44.7903 0.109895
44.7975 0.109908
44.8047 0.109919
44.8148 0.110179
44.819 0.110157
44.8262 0.110137
44.8334 0.11012
44.8406 0.110105
44.8478 0.109967
44.855 0.109971
44.8622 0.109975
44.8694 0.109978
44.8776 0.110106
44.8838 0.109967
44.891 0.109972
44.8982 0.109975
44.9054 0.109978
44.9126 0.109981
44.9198 0.109858
44.927 0.109876
44.9372 0.110267
44.9414 0.110233
44.9486 0.110204
44.9558 0.110054
44.963 0.109922
44.9702 0.109932
44.9774 0.10994
44.9846 0.109948
44.9918 0.109829
45 0.109851
45.0062 0.109869
45.0134 0.109886
45.0206 0.1099
45.0278 0.109787
45.035 0.109689
45.0422 0.109728
45.0494 0.109762
45.0596 0.110167
45.0674 0.110521
45.2814 0.121831
45.2916 0.120352
45.2988 0.118933
45.306 0.117816
45.3132 0.116839
45.3204 0.115984
45.3276 0.115236
45.3348 0.114457
45.343 0.1139
45.3492 0.113412
45.3564 0.112986
45.3636 0.112612
45.3708 0.112161
45.378 0.111766
45.3852 0.111545
45.3924 0.111352
45.4026 0.111558
45.4068 0.111238
45.414 0.110958
45.4212 0.110839
45.4284 0.110734
45.4356 0.110642
45.4428 0.110437
45.45 0.110257
45.4572 0.110225
45.4653 0.110322
45.4715 0.110282
45.4787 0.110121
45.4859 0.109981
45.4931 0.109984
45.5003 0.109986
45.5075 0.109987
45.5147 0.109864
45.5249 0.110131
45.5291 0.110115
45.5363 0.1101
45.5435 0.110088
45.5507 0.109952
45.5579 0.109833
45.5651 0.109854
45.5723 0.109872
45.5795 0.109888
45.5877 0.109902
45.5939 0.109789
45.6011 0.109816
45.6083 0.109839
45.6155 0.109859
45.6227 0.109876
45.6299 0.109767
45.6371 0.109796
45.6473 0.110197
45.6515 0.110172
45.6587 0.11015
45.6659 0.110007
45.6731 0.110006
45.6803 0.110005
45.6875 0.110004
45.6947 0.110004
45.7019 0.109878
45.71 0.110019
45.7163 0.110016
45.9437 0.109639
45.9493 0.109684
45.9565 0.109724
46.0446 0.119758
46.0518 0.118414
46.059 0.117362
46.0728 0.117192
46.2941 0.116668
46.2973 0.116209
46.3019 0.115308
46.3091 0.114645
46.3163 0.114064
46.3235 0.113556
46.3307 0.113111
46.3379 0.112598
46.3451 0.112273
46.3553 0.112364
46.3595 0.112068
46.3667 0.11181
46.3739 0.111459
46.39 0.112276
46.3972 0.111992
46.4044 0.111743
46.4116 0.111525
46.4188 0.111209
46.427 0.111058
46.4332 0.110926
46.4404 0.11081
46.4476 0.110709
46.4548 0.110495
46.462 0.110308
46.4692 0.11027
46.4764 0.110236
46.4865 0.110582
46.4908 0.110384
46.4979 0.110211
46.5051 0.110185
46.5123 0.110161
46.5195 0.110141
46.5267 0.109999
46.5339 0.109874
46.5411 0.10989
46.5493 0.110028
46.5555 0.110025
46.5627 0.109897
46.5699 0.109785
46.5771 0.109812
46.5843 0.109835
46.8056 0.121731
46.8128 0.120139
46.82 0.118747
46.8282 0.117779
46.8344 0.116806
46.8416 0.115955
46.8488 0.115086
46.856 0.114325
46.8632 0.113785
46.8704 0.113312
46.8776 0.112898
46.8877 0.112785
46.8919 0.112312
46.8991 0.112023
46.9063 0.11177
46.9135 0.111549
46.9207 0.11123
46.9279 0.110952
46.9351 0.110833
46.9423 0.110729
46.9505 0.110762
46.9567 0.110542
46.9639 0.110349
46.9711 0.110306
46.9783 0.110268
46.9855 0.110234
46.9927 0.11008
46.9999 0.109945
47.0101 0.110327
47.0143 0.110286
47.0215 0.11025
47.0287 0.110094
47.0359 0.109957
47.0431 0.109963
47.0503 0.109967
47.0575 0.109971
47.0647 0.109975
47.0729 0.109978
47.0791 0.109981
47.0863 0.109983
47.0935 0.109985
47.1007 0.109987
47.1079 0.109864
47.1151 0.109881
47.1223 0.109896
47.1325 0.110284
47.1367 0.110248
47.1439 0.110092
47.1511 0.110081
47.1582 0.110071
47.1654 0.110062
47.1726 0.110054
47.1798 0.109922
47.187 0.109932
47.1952 0.110066
47.2014 0.110057
47.2086 0.11005
47.2158 0.109919
47.223 0.109929
47.2302 0.109938
47.2374 0.109946
47.2446 0.109952
47.2548 0.110208
47.259 0.110182
47.2662 0.11016
47.2734 0.11014
47.2806 0.110122
47.2878 0.109982
47.295 0.109859
47.3022 0.109877
47.3094 0.109892
47.3176 0.110031
47.3238 0.109902
47.331 0.109789
47.3382 0.109815
47.3454 0.109839
47.3526 0.109859
47.3598 0.109751
47.367 0.109657
47.3772 0.110075
47.3814 0.110066
47.3886 0.110058
47.403 0.109925
47.4102 0.109935
47.4245 0.109943
47.4317 0.109825
47.4399 0.109847
47.4461 0.109866
47.4533 0.109883
47.4605 0.109897
47.4677 0.109785
47.4749 0.109687
47.4821 0.109726
47.4893 0.10976
47.4995 0.110165
47.5037 0.11002
47.5109 0.109892
47.5181 0.109906
47.5253 0.109917
47.5325 0.109928
47.5397 0.109812
47.5469 0.10971
47.5541 0.109747
47.5623 0.109903
47.5685 0.109915
47.5757 0.109926
47.5829 0.10981
47.5901 0.109834
47.5973 0.109855
47.6045 0.109873
47.6117 0.109889
47.6219 0.110153
47.6261 0.110134
47.6333 0.110117
47.6405 0.110102
47.6477 0.110089
47.6549 0.109953
47.6621 0.109959
47.6693 0.109964
47.6764 0.109969
47.6846 0.110098
47.6908 0.10996
47.698 0.109965
47.7052 0.10997
47.7124 0.109973
47.7196 0.109977
47.7268 0.109855
47.734 0.109873
47.7442 0.110264
47.7484 0.110231
47.7556 0.110202
47.7628 0.110052
47.77 0.110045
47.7772 0.11004
47.7844 0.110035
47.7916 0.11003
47.7988 0.109902
47.807 0.109914
47.8132 0.109925
47.8204 0.109934
47.8276 0.109942
47.8348 0.109824
47.842 0.109721
47.8492 0.109756
47.8564 0.109787
47.8666 0.110188
47.8708 0.11004
47.878 0.10991
47.8852 0.109921
47.8924 0.109931
47.9068 0.109815
47.914 0.109713
47.9212 0.109749
47.9293 0.109905
47.9355 0.109917
47.9427 0.109802
47.9499 0.109702
47.9571 0.109739
47.9643 0.109772
47.9715 0.1098
47.9787 0.1097
47.9889 0.109988
47.9931 0.109989
48.0003 0.109991
48.0075 0.109992
48.0147 0.109868
48.0219 0.109759
48.0291 0.109789
48.0363 0.109816
48.0435 0.109839
48.0517 0.109859
48.0579 0.109752
48.0651 0.109783
48.0723 0.10981
48.0795 0.109834
48.0867 0.109854
48.0939 0.109748
48.1011 0.109779
48.1113 0.110182
48.1155 0.110159
48.1227 0.110139
48.1299 0.109997
48.1371 0.109997
48.1443 0.109998
48.1515 0.109998
48.3781 0.109748
48.3835 0.10978
48.3937 0.110057
48.3979 0.109925
48.4051 0.109934
48.4123 0.109943
48.4195 0.10995
48.4267 0.109831
48.4824 0.109852
48.4896 0.109871
48.4968 0.109762
48.505 0.109917
48.5112 0.109927
48.5184 0.109936
48.5256 0.109944
48.5328 0.109826
48.54 0.109848
48.5472 0.109867
48.5544 0.109883
48.5646 0.110273
48.5688 0.110114
48.576 0.1101
48.5832 0.110087
48.5904 0.110076
48.5976 0.110067
48.612 0.109933
48.6192 0.109942
48.6274 0.110074
48.6336 0.110065
48.6408 0.109932
48.648 0.109815
48.6552 0.109838
48.6624 0.109859
48.6696 0.109876
48.6768 0.109767
48.687 0.110046
48.6912 0.11004
48.6984 0.110035
48.7056 0.110031
48.7128 0.109902
48.72 0.109789
48.7272 0.109815
48.7343 0.109839
48.7415 0.109859
48.7497 0.109876
48.7559 0.109767
48.7631 0.109796
48.7703 0.109821
48.7775 0.109844
48.7847 0.109738
48.7919 0.109646
48.7991 0.10969
48.8093 0.110104
48.8135 0.110091
48.8207 0.109955
48.8279 0.109835
48.8351 0.109856
48.8423 0.109874
48.8495 0.10989
48.8567 0.109778
48.8639 0.109681
48.8721 0.109846
48.8783 0.109865
48.8855 0.109882
48.8927 0.109897
48.8999 0.109785
48.9071 0.109812
48.9143 0.109835
48.9215 0.109856
48.9317 0.110249
48.9359 0.110093
48.9431 0.110081
48.9503 0.110071
48.9575 0.110062
48.9647 0.110054
48.9719 0.109923
48.9791 0.109932
48.9863 0.109941
48.9944 0.110073
49.0006 0.110064
49.0078 0.109931
49.015 0.10994
49.0222 0.109947
49.0294 0.109954
49.0366 0.10996
49.0438 0.10984
49.054 0.110235
49.0582 0.110205
49.0654 0.11018
49.0726 0.110157
49.0798 0.110013
49.087 0.110011
49.0942 0.11001
49.1014 0.110008
49.1086 0.110007
49.1168 0.110006
49.123 0.110006
49.1302 0.110005
49.1374 0.110004
49.1446 0.110004
49.1518 0.109878
49.159 0.109769
49.1662 0.109797
49.1764 0.110198
49.1806 0.110173
49.1878 0.110026
49.2022 0.110023
49.2094 0.11002
49.2166 0.110018
49.2238 0.10989
49.231 0.109779
49.2391 0.109932
49.2454 0.10994
49.2526 0.109948
49.2597 0.109829
49.2669 0.109726
49.2741 0.10976
49.2813 0.10979
49.2885 0.109816
49.3003 0.110339
49.5206 0.110297
49.5242 0.11026
49.5314 0.110227
49.5386 0.110199
49.5458 0.110049
49.553 0.110043
49.5602 0.110037
49.5674 0.110033
49.5746 0.110029
49.5828 0.110025
49.589 0.109897
49.5962 0.10991
49.6034 0.109921
49.6106 0.109931
49.6231 0.10994
49.6303 0.109947
49.6375 0.109954
49.6477 0.11021
49.6519 0.110058
49.6591 0.110051
49.6663 0.110045
49.6735 0.110039
49.8948 0.121909
49.902 0.120296
49.9092 0.119009
49.9164 0.117883
49.9265 0.117272
49.9307 0.116238
49.9379 0.115333
49.9451 0.114667
49.9523 0.114083
49.9595 0.113573
49.9667 0.113001
49.9739 0.112501
49.9811 0.112189
49.9893 0.11204
49.9955 0.111785
50.0027 0.111437
50.0099 0.111132
50.0171 0.110991
50.0243 0.110867
50.0315 0.110759
50.0387 0.110539
50.0489 0.110721
50.0531 0.110631
50.0603 0.110552
50.0675 0.110483
50.0747 0.110423
50.0819 0.110245
50.0891 0.110214
50.0963 0.110188
50.1035 0.110164
50.1117 0.110269
50.1179 0.11011
50.1251 0.110096
50.1323 0.110084
50.1395 0.110074
50.1467 0.110064
50.1539 0.109931
50.1611 0.10994
50.1713 0.110323
50.1755 0.110282
50.1827 0.110247
50.1898 0.110091
50.197 0.11008
50.2042 0.11007
50.2114 0.110061
50.2186 0.110053
50.2258 0.109922
50.234 0.110056
50.2402 0.110049
50.2474 0.110043
50.2546 0.110038
50.2618 0.109908
50.269 0.10992
50.2762 0.10993
50.2834 0.109938
50.2936 0.110321
50.2978 0.110156
50.305 0.110136
50.3122 0.110119
50.3194 0.110105
50.3266 0.110091
50.341 0.109955
50.3482 0.109961
50.3564 0.110091
50.3626 0.110079
50.3698 0.109944
50.377 0.109826
50.3842 0.109848
50.3914 0.109867
50.3986 0.109884
50.4058 0.109773
50.416 0.110052
50.4202 0.110045
50.4274 0.110039
50.4346 0.110035
50.4418 0.109905
50.4526 0.110292
50.6666 0.121631
50.6738 0.120052
50.681 0.118795
50.6882 0.117696
50.6964 0.116859
50.7026 0.116002
50.7098 0.115126
50.717 0.114486
50.7242 0.113925
50.7314 0.113434
50.7386 0.113005
50.7458 0.112504
50.756 0.112441
50.7602 0.112136
50.7674 0.111869
50.7746 0.111635
50.7818 0.111306
50.789 0.111018
50.7962 0.110891
50.8034 0.110779
50.8106 0.110682
50.8187 0.110597
50.825 0.110397
50.8322 0.110347
50.8394 0.110304
50.8466 0.110266
50.8537 0.110108
50.8609 0.109969
50.8681 0.109973
50.8783 0.110351
50.8825 0.110308
50.8897 0.110144
50.9041 0.110126
50.9113 0.11011
50.9185 0.110097
50.9257 0.109959
50.9329 0.10984
50.9411 0.109985
50.9473 0.109987
50.9545 0.109988
50.9617 0.109865
50.9689 0.109757
50.9761 0.109787
50.9833 0.109814
50.9905 0.109837
51.0007 0.110232
51.0049 0.110078
51.0121 0.110068
51.0193 0.11006
51.0265 0.110052
51.0337 0.110046
51.0409 0.109915
51.0481 0.109926
51.0553 0.109935
51.0661 0.110443
51.2903 0.110763
51.2975 0.110667
51.3047 0.110459
51.3119 0.110277
51.3191 0.110242
51.3263 0.110212
51.3335 0.110185
51.3407 0.110037
51.3509 0.110283
51.3551 0.110247
51.3623 0.110216
51.3695 0.110189
51.5985 0.109916
51.6039 0.109801
51.6111 0.109826
51.6183 0.109848
51.6291 0.110367
51.9097 0.121696
51.9199 0.120484
51.9241 0.119173
51.9313 0.118027
51.9385 0.117023
51.9457 0.116145
51.9529 0.115252
51.9601 0.114596
51.9673 0.114021
51.9745 0.113519
51.9827 0.113204
51.9961 0.112803
52.0033 0.112453
52.0105 0.112146
52.0177 0.111878
52.0249 0.111518
52.0321 0.111328
52.0423 0.111537
52.0465 0.111345
52.0537 0.111177
52.0608 0.110905
52.068 0.110792
52.0752 0.110693
52.0824 0.110606
52.0896 0.11053
52.0968 0.110339
52.105 0.110422
52.1112 0.110369
52.1184 0.110323
52.1256 0.110283
52.1328 0.110122
52.14 0.110107
52.1472 0.110094
52.1544 0.110082
52.1646 0.110447
52.1688 0.110266
52.176 0.110233
52.1832 0.110204
52.1904 0.110178
52.1976 0.110156
52.2048 0.110011
52.212 0.109885
52.2192 0.109899
52.2274 0.110037
52.2336 0.110032
52.2408 0.109903
52.248 0.10979
52.2552 0.109817
52.2624 0.109839
52.2696 0.10986
52.2768 0.109752
52.287 0.110033
52.2912 0.110029
52.2984 0.110025
52.3056 0.110022
52.3128 0.109894
52.3199 0.109783
52.3271 0.10981
52.3343 0.109834
52.3415 0.109854
52.3497 0.109873
52.3559 0.109763
52.3631 0.109793
52.3703 0.109819
52.3775 0.109842
52.3847 0.109736
52.3919 0.109644
52.3991 0.109689
52.4093 0.110103
52.4135 0.11009
52.4207 0.109954
52.4279 0.109834
52.4351 0.109855
52.4423 0.109873
52.4495 0.109889
52.4567 0.109778
52.4639 0.109681
52.4721 0.109846
52.4783 0.109865
52.4855 0.109882
52.4927 0.109897
52.4999 0.109784
52.5071 0.109811
52.5143 0.109835
52.5215 0.109856
52.5317 0.110249
52.5359 0.110093
52.5431 0.110081
52.5503 0.110071
52.5575 0.110062
52.5647 0.110054
52.5719 0.109922
52.579 0.109932
52.5862 0.109941
52.5944 0.110073
52.6006 0.110064
52.6078 0.109931
52.615 0.10994
52.6222 0.109947
52.6294 0.109954
52.6366 0.10996
52.6438 0.10984
52.654 0.110235
52.6582 0.110205
52.6654 0.11018
52.6726 0.110157
52.6798 0.110013
52.687 0.110011
52.6942 0.11001
52.7014 0.110008
52.7086 0.110007
52.7168 0.110006
52.723 0.109881
52.7302 0.109896
52.7374 0.109909
52.7446 0.10992
52.7518 0.109805
52.759 0.109704
52.7662 0.109741
52.7764 0.110149
52.7806 0.11013
52.7878 0.109989
52.795 0.109865
52.8022 0.109882
52.8094 0.109897
52.8166 0.10991
52.8238 0.109796
52.831 0.109696
52.8391 0.109859
52.8453 0.109877
52.8525 0.109892
52.8597 0.109781
52.8669 0.109683
52.8741 0.109723
52.8813 0.109757
52.8885 0.109788
52.8987 0.110064
52.9029 0.109931
52.9101 0.10994
52.9173 0.109947
52.9245 0.109954
52.9317 0.109835
52.9389 0.10973
52.9461 0.109764
52.9533 0.109794
52.9615 0.109944
52.9677 0.109826
52.9749 0.109723
52.9821 0.109758
52.9893 0.109788
52.9965 0.109814
53.0037 0.109838
53.0109 0.109733
53.0211 0.110141
53.0253 0.110124
53.0325 0.110108
53.0397 0.110095
53.0469 0.109958
53.0541 0.109963
53.0613 0.109968
53.0685 0.109972
53.0757 0.109975
53.0838 0.109978
53.0901 0.109981
53.0973 0.109983
53.1044 0.109986
53.1116 0.109987
53.1188 0.109864
53.126 0.109881
53.1332 0.109896
53.1434 0.110284
53.1476 0.110248
53.1548 0.110092
53.162 0.110081
53.1692 0.110071
53.1764 0.110062
53.1836 0.110054
53.1908 0.109922
53.198 0.109932
53.2062 0.110066
53.2124 0.110057
53.2196 0.11005
53.2268 0.109919
53.2376 0.110304
53.4331 0.119391
53.4589 0.118092
53.4661 0.117081
53.4733 0.116196
53.4835 0.115796
53.4877 0.115072
53.4949 0.114313
53.502 0.113774
53.5092 0.113302
53.5164 0.112889
53.5236 0.112528
53.5308 0.112087
53.538 0.111826
53.5462 0.111723
53.5524 0.111507
53.5596 0.111319
53.5668 0.111029
53.574 0.110901
53.5812 0.110788
53.5884 0.110689
53.5956 0.110603
53.6058 0.110778
53.61 0.110681
53.6172 0.110596
53.6244 0.110521
53.6316 0.110456
53.6388 0.110274
53.646 0.110115
53.6532 0.1101
53.6604 0.110088
53.6686 0.110202
53.6748 0.110052
53.682 0.10992
53.6892 0.10993
53.6964 0.109939
53.7036 0.109947
53.7108 0.109828
53.718 0.109725
53.7282 0.110134
53.7324 0.110117
53.7396 0.110103
53.7468 0.109965
53.754 0.109844
53.7611 0.109864
53.7683 0.109881
53.7755 0.109896
53.7827 0.109784
53.7909 0.109811
53.7971 0.109834
53.8043 0.109855
53.8115 0.109873
53.8187 0.109764
53.8259 0.109669
53.8331 0.10971
53.8403 0.109746
53.8505 0.110153
53.8547 0.110009
53.8619 0.109883
53.8691 0.109897
53.8763 0.10991
53.8835 0.109921
53.8907 0.109806
53.8979 0.109705
53.9051 0.109742
53.9133 0.1099
53.9195 0.109912
53.9267 0.109923
53.9339 0.109808
53.9411 0.109832
53.9483 0.109853
53.9555 0.109871
53.9627 0.109887
53.9729 0.110151
53.9771 0.110132
53.9843 0.110116
53.9915 0.110101
54.0059 0.109964
54.0131 0.109968
54.0203 0.109972
54.0274 0.109976
54.0356 0.110104
54.0418 0.109966
54.049 0.10997
54.0562 0.109974
54.0634 0.109977
54.0706 0.10998
54.085 0.109982
54.0952 0.11036
54.0994 0.110315
54.1066 0.110275
54.1138 0.110116
54.121 0.110101
54.1282 0.110089
54.1354 0.110078
54.1426 0.110068
54.1498 0.109934
54.158 0.109943
54.1642 0.10995
54.1714 0.109956
54.1786 0.109962
54.1858 0.109841
54.193 0.109736
54.2002 0.109769
54.2074 0.109798
54.2176 0.110198
54.2218 0.110048
54.229 0.109917
54.2362 0.109928
54.2434 0.109937
54.2506 0.109945
54.2578 0.109827
54.265 0.109723
54.2722 0.109758
54.2803 0.109913
54.2865 0.109924
54.2937 0.109808
54.3009 0.109707
54.3081 0.109744
54.3153 0.109776
54.3225 0.109804
54.3297 0.109703
54.3399 0.109991
54.3441 0.109992
54.3513 0.109993
54.3585 0.109994
54.3657 0.109869
54.3729 0.109761
54.3801 0.109791
54.3873 0.109817
54.3945 0.10984
54.4027 0.10986
54.4089 0.109752
54.4161 0.109783
54.4305 0.10981
54.4377 0.109834
54.4449 0.10973
54.4521 0.109764
54.4623 0.110168
54.4665 0.110147
54.4737 0.110129
54.4809 0.109988
54.4881 0.109989
54.4953 0.109991
54.5025 0.109992
54.5097 0.109993
54.5169 0.109869
54.525 0.11001
54.5313 0.110009
54.5385 0.110008
54.5456 0.110007
54.5528 0.109881
54.5672 0.109896
54.5744 0.109909
54.5846 0.110295
54.5888 0.110133
54.596 0.110117
54.6032 0.110102
54.6104 0.110089
54.6176 0.110078
54.6248 0.109943
54.632 0.10995
54.6392 0.109957
54.6474 0.110087
54.6536 0.110076
54.6608 0.109942
54.668 0.109949
54.6752 0.109955
54.6824 0.109961
54.6896 0.109966
54.6968 0.109845
54.707 0.110114
54.7112 0.1101
54.7184 0.110088
54.7256 0.110077
54.7328 0.109942
54.74 0.109824
54.7472 0.109846
54.7544 0.109865
54.7616 0.109882
54.7697 0.109897
54.776 0.109785
54.7832 0.109812
54.7904 0.109835
54.7976 0.109856
54.812 0.110624
55.0332 0.110546
55.0368 0.110353
55.044 0.110309
55.0522 0.110395
55.0584 0.110346
55.0656 0.110302
55.0728 0.11014
55.1357 0.109997
55.1429 0.109873
55.1501 0.109888
55.1573 0.109902
55.1675 0.11029
55.1717 0.110128
55.1789 0.109987
55.1861 0.109989
55.1933 0.10999
55.2005 0.109992
55.2149 0.109868
55.2221 0.109884
55.2303 0.110024
55.2365 0.110021
55.2437 0.110018
55.2509 0.109891
55.2581 0.109904
55.2653 0.109916
55.2725 0.109927
55.2797 0.109936
55.2899 0.110194
55.2941 0.11017
55.3013 0.110149
55.3085 0.11013
55.3157 0.110114
55.3229 0.109975
55.3301 0.109978
55.3373 0.10998
55.3444 0.109983
55.3526 0.11011
55.3588 0.109971
55.366 0.109975
55.3732 0.109978
55.3804 0.109981
55.3876 0.109983
55.3948 0.10986
55.402 0.109878
55.4122 0.110268
55.4164 0.110235
55.6233 0.12033
55.6459 0.118914
55.6531 0.1178
55.6603 0.116825
55.6675 0.115972
55.6747 0.115225
55.6819 0.114447
55.692 0.114266
55.6963 0.113733
55.7034 0.113266
55.7106 0.112858
55.7178 0.112376
55.725 0.112079
55.7322 0.111819
55.7394 0.111592
55.7466 0.111393
55.7548 0.111219
55.761 0.111066
55.7682 0.110933
55.7754 0.110816
55.7826 0.110714
55.7898 0.1105
55.797 0.110437
55.8042 0.110383
55.8144 0.11071
55.8186 0.110621
55.8258 0.110419
55.833 0.110241
55.8402 0.110211
55.8474 0.110185
55.8546 0.110162
55.8618 0.110016
55.869 0.109889
55.8772 0.110028
55.8834 0.110025
55.8906 0.110022
55.8978 0.109894
55.905 0.109782
55.9122 0.109809
55.9194 0.109833
55.9266 0.109854
55.9368 0.110122
55.941 0.109982
55.9482 0.109984
55.9554 0.109986
55.9625 0.109988
55.9697 0.109864
55.9769 0.109756
55.9841 0.109787
55.9913 0.109813
55.9995 0.109962
56.0057 0.109842
56.0129 0.109736
56.0201 0.109769
56.0273 0.109798
56.0345 0.109823
56.0417 0.10972
56.0489 0.10963
56.1478 0.121052
56.1586 0.11967
56.2575 0.118461
56.2683 0.117404
56.3672 0.116478
56.3744 0.115668
56.3816 0.11496
56.3888 0.114215
56.396 0.113563
56.4042 0.113243
56.4104 0.112837
56.4176 0.112483
56.4248 0.112047
56.432 0.111666
56.4392 0.111458
56.4464 0.111276
56.4536 0.111116
56.4638 0.111227
56.468 0.110948
56.4752 0.11083
56.4824 0.110726
56.4896 0.110635
56.4968 0.110431
56.504 0.110252
56.5111 0.110221
56.5183 0.110193
56.5265 0.110294
56.5327 0.110132
56.5399 0.109991
56.5471 0.109992
56.5543 0.109993
56.5615 0.109994
56.5687 0.10987
56.5759 0.109761
56.5861 0.110166
56.5903 0.110145
56.5975 0.110127
56.6047 0.109986
56.6119 0.109863
56.6191 0.10988
56.6263 0.109895
56.6335 0.109908
56.6407 0.109795
56.6489 0.10982
56.6551 0.109843
56.6623 0.109862
56.6695 0.10988
56.6767 0.109895
56.6839 0.109783
56.6911 0.10981
56.6983 0.109834
56.7085 0.110229
56.7127 0.110201
56.7199 0.110051
56.7271 0.110044
56.7343 0.110039
56.7415 0.110034
56.7487 0.11003
56.7559 0.109901
56.7631 0.109913
56.7712 0.110049
56.7774 0.110043
56.7846 0.110038
56.7918 0.109908
56.799 0.109919
56.8062 0.10993
56.8134 0.109938
56.8206 0.109946
56.835 0.109953
56.8422 0.109959
56.8494 0.109964
56.8566 0.109968
56.8638 0.109847
56.871 0.109866
56.8782 0.109883
56.892 0.110773
57.0593 0.116676
57.1103 0.115842
57.1175 0.115111
57.1247 0.114472
57.1319 0.113788
57.1391 0.113315
57.1463 0.112901
57.1535 0.112538
57.1607 0.112221
57.1708 0.112193
57.175 0.111919
57.1822 0.111679
57.1894 0.111469
57.1966 0.111286
57.2038 0.111
57.211 0.110875
57.2182 0.110766
57.2254 0.11067
57.2336 0.110711
57.2398 0.110497
57.247 0.110435
57.2542 0.110381
57.2614 0.110333
57.2686 0.110291
57.2758 0.11013
57.283 0.110114
57.2932 0.110475
57.2974 0.110415
57.3046 0.110363
57.3118 0.110193
57.319 0.110044
57.3262 0.110038
57.3334 0.110034
57.3406 0.110029
57.3478 0.109901
57.356 0.109913
57.3622 0.109924
57.5295 0.115058
57.5888 0.119551
57.596 0.118232
57.6032 0.117203
57.6104 0.116303
57.6176 0.115515
57.6248 0.114701
57.6329 0.114113
57.6392 0.113599
57.6464 0.113149
57.6536 0.112755
57.6608 0.112286
57.6679 0.111875
57.6751 0.111641
57.6823 0.111436
57.6925 0.111631
57.6967 0.111302
57.7039 0.111015
57.7111 0.110888
57.7183 0.110777
57.7255 0.11068
57.7327 0.11047
57.7399 0.110286
57.7471 0.11025
57.7553 0.110344
57.7615 0.110301
57.7687 0.110138
57.7759 0.109996
57.7867 0.110372
58.008 0.1102
58.0116 0.110175
58.0188 0.110028
58.026 0.1099
58.0362 0.110287
58.0404 0.110251
58.0476 0.11022
58.0548 0.110067
58.062 0.109934
58.0745 0.110567
58.0817 0.110371
58.0889 0.1102
58.0961 0.110175
58.1043 0.110278
58.1105 0.110243
58.1177 0.110213
58.1249 0.110061
58.1321 0.110054
58.1393 0.110047
58.1465 0.110041
58.1537 0.110036
58.1655 0.110531
58.3785 0.12184
58.3857 0.120235
58.3929 0.118831
58.4001 0.117727
58.4073 0.116761
58.4145 0.115916
58.4217 0.115051
58.4289 0.114295
58.4361 0.113758
58.4443 0.113413
58.4505 0.112987
58.4577 0.112488
58.4649 0.112052
58.4721 0.111796
58.4793 0.111571
58.4865 0.111375
58.4937 0.111203
58.5039 0.111303
58.5081 0.11114
58.5153 0.110997
58.5225 0.110873
58.5297 0.110764
58.5369 0.110543
58.5441 0.110475
58.5513 0.110416
58.5585 0.110364
58.5666 0.110443
58.5729 0.110263
58.5801 0.11023
58.5873 0.110201
58.5945 0.110176
58.9218 0.121779
58.9307 0.120182
58.9379 0.118784
58.9461 0.117811
58.9523 0.116835
58.9595 0.11598
58.9667 0.115108
58.9739 0.114344
58.9811 0.113801
58.9883 0.113326
58.9955 0.11291
59.0057 0.112797
59.0099 0.112322
59.0171 0.112032
59.0243 0.111778
59.0315 0.111556
59.0387 0.111236
59.0459 0.110957
59.0531 0.110837
59.0603 0.110732
59.0685 0.110766
59.0747 0.11067
59.0819 0.110461
59.0891 0.110404
59.0999 0.110728
59.2342 0.112137
59.3212 0.11187
59.3283 0.111636
59.3355 0.111432
59.3457 0.111503
59.3499 0.11119
59.3571 0.111041
59.3643 0.110911
59.3715 0.110797
59.3787 0.110573
59.3859 0.110376
59.3931 0.110329
59.4003 0.110288
59.4085 0.110377
59.4147 0.110205
59.4219 0.110054
59.4291 0.110047
59.4363 0.110041
59.4435 0.110036
59.4507 0.109907
59.4579 0.109793
59.4681 0.110194
59.4723 0.11017
59.4795 0.110149
59.4903 0.11063
59.7044 0.122051
59.7116 0.120545
59.7188 0.119102
59.7259 0.117839
59.7331 0.116859
59.7403 0.116002
59.7485 0.115377
59.7547 0.11458
59.7619 0.113882
59.7691 0.113397
59.7763 0.112972
59.7835 0.112601
59.7907 0.112151
59.7979 0.111757
59.8081 0.111912
59.8123 0.111673
59.8195 0.111464
59.8267 0.111156
59.8339 0.110887
59.8411 0.110776
59.8483 0.110679
59.8555 0.110594
59.8627 0.110395
59.8709 0.110345
59.8771 0.110302
59.8843 0.110264
59.8915 0.110231
59.8987 0.110202
59.9059 0.110052
59.9131 0.110046
59.9203 0.11004
59.9305 0.11041
59.9347 0.110359
59.9419 0.110189
59.9527 0.11054
60.1775 0.110473
60.1847 0.110289
60.1919 0.110128
60.1991 0.110112
60.2063 0.110098
60.2145 0.11021
60.28 0.117559
60.2872 0.116614
60.2944 0.115787
60.3016 0.115064
60.3088 0.114306
60.316 0.113768
60.3232 0.113297
60.3334 0.11326
60.3376 0.112852
60.3448 0.112371
60.352 0.111949
60.3592 0.111706
60.3664 0.111492
60.3736 0.111306
60.3808 0.111018
60.388 0.110765
60.3962 0.110795
60.4024 0.110695
60.4096 0.110609
60.4168 0.110407
60.424 0.110232
60.4312 0.110203
60.4384 0.110177
60.4456 0.110155
60.4558 0.110386
60.46 0.110212
60.4672 0.110186
60.4744 0.110163
60.4815 0.110142
60.4887 0.11
60.4959 0.109875
60.5031 0.10989
60.5103 0.109904
60.5185 0.110041
60.5247 0.109911
60.5319 0.109797
60.5391 0.109822
60.5463 0.109845
60.5535 0.109864
60.5607 0.109756
60.5679 0.109662
60.5781 0.110079
60.5823 0.110069
60.5895 0.11006
60.5967 0.109928
60.6039 0.109812
60.6111 0.109835
60.6183 0.109856
60.6255 0.109874
60.6327 0.10989
60.6409 0.109903
60.6543 0.109916
60.6615 0.109926
60.6687 0.109935
60.6759 0.109818
60.6831 0.109841
60.6903 0.109861
60.7005 0.110253
60.7047 0.110222
60.7119 0.110069
60.7191 0.11006
60.7263 0.110053
60.7335 0.110046
60.7406 0.11004
60.7478 0.10991
60.755 0.109922
60.7632 0.110056
60.7694 0.110049
60.7766 0.110043
60.7838 0.109913
60.791 0.109924
60.7982 0.109933
60.8054 0.109942
60.8126 0.109949
60.8228 0.110205
60.827 0.11018
60.8342 0.110157
60.8414 0.110138
60.8486 0.11012
60.8558 0.10998
60.863 0.109983
60.8702 0.109985
60.8774 0.109987
60.8856 0.110113
60.8918 0.109974
60.899 0.109852
60.9062 0.109871
60.9134 0.109887
60.9206 0.109901
60.9278 0.109789
60.935 0.10969
60.9452 0.110104
60.9494 0.110091
60.9566 0.110079
60.9638 0.109944
60.971 0.109826
60.9782 0.109848
60.9854 0.109867
60.9926 0.109884
60.9997 0.109773
61.0079 0.109802
61.0141 0.109826
61.0213 0.109848
61.0285 0.109867
61.0357 0.109759
61.0429 0.109664
61.0501 0.109706
61.0573 0.109743
61.0675 0.11015
61.0717 0.110006
61.0789 0.10988
61.0861 0.109895
61.0933 0.109908
61.1005 0.10992
61.1077 0.109805
61.1149 0.109704
61.1221 0.109741
61.1303 0.109899
61.1365 0.109911
61.1437 0.109922
61.1509 0.109807
61.1581 0.109831
61.1653 0.109852
61.1725 0.109871
61.1797 0.109887
61.1899 0.110151
61.1941 0.110132
61.2013 0.110116
61.2085 0.110101
61.2157 0.110089
61.2229 0.109952
61.2301 0.109958
61.2373 0.109964
61.2445 0.109968
61.2526 0.110097
61.2589 0.10996
61.266 0.109965
61.2732 0.109969
61.2804 0.109973
61.2876 0.109977
61.2948 0.109854
61.302 0.109873
61.3122 0.110264
61.3164 0.110231
61.3236 0.110202
61.3308 0.110052
61.3452 0.110045
61.3524 0.110039
61.3596 0.110035
61.3668 0.109905
61.375 0.109917
61.3812 0.109927
61.3884 0.109937
61.3956 0.109944
61.4028 0.109826
61.41 0.109723
61.4172 0.109758
61.4244 0.109788
61.4346 0.110189
61.4388 0.110041
61.446 0.109911
61.4532 0.109922
61.4604 0.109932
61.4676 0.10994
61.4748 0.109823
61.482 0.10972
61.4892 0.109755
61.5036 0.109785
61.5108 0.109687
61.518 0.109601
61.5251 0.109651
61.5323 0.109695
61.5395 0.109733
61.5467 0.109641
61.5569 0.109936
61.5611 0.109944
61.5683 0.109951
61.5755 0.109957
61.5827 0.109838
61.5935 0.110233
61.7356 0.112579
61.8148 0.112131
61.822 0.11174
61.8292 0.111522
61.8374 0.111457
61.8436 0.111275
61.8508 0.110991
61.858 0.110742
61.8652 0.110649
61.8724 0.110568
61.8796 0.110497
62.3365 0.110435
62.4157 0.11938
62.4462 0.118208
62.5254 0.117182
62.5559 0.116159
62.6351 0.115389
62.7448 0.114591
62.8545 0.114017
62.8647 0.11389
62.9642 0.113403
62.9744 0.112978
63.0739 0.112481
63.18 0.124046
63.403 0.122165
63.5055 0.120644
63.5127 0.119314
63.6116 0.129525
63.6188 0.126959
63.7177 0.136214
63.7249 0.132812
63.8238 0.141336
63.831 0.137294
63.9299 0.145257
63.9371 0.14085
64.036 0.148369
64.0432 0.143573
64.1421 0.150876
64.1493 0.145767
64.2482 0.152796
64.2554 0.147446
64.3542 0.154265
64.3624 0.148857
64.4603 0.1555
64.4685 0.149938
64.5664 0.156195
64.5746 0.150546
64.6725 0.156728
64.6807 0.150887
64.7786 0.157026
64.7888 0.151398
64.8847 0.157473
64.8949 0.151789
64.9908 0.157565
65.001 0.151995
65.0969 0.157745
65.1071 0.152152
65.203 0.158008
65.2132 0.152382
65.3091 0.158209
65.3193 0.152558
65.4152 0.158363
65.4254 0.152693
65.5213 0.158481
65.5315 0.152796
65.6274 0.158572
65.6376 0.152875
65.7335 0.158516
65.7437 0.152701
65.8396 0.158364
65.8498 0.152568
65.9457 0.158247
65.9559 0.152466
66.0518 0.158158
66.062 0.152388
66.1579 0.15809
66.1681 0.152453
66.264 0.158147
66.2742 0.152503
66.3701 0.158316
66.3803 0.152651
66.4762 0.158445
66.4864 0.152764
66.5823 0.158544
66.5925 0.152851
66.6884 0.158619
66.6986 0.152917
66.7945 0.158552
66.8046 0.152858
66.9006 0.158501
66.9107 0.152688
67.0066 0.158352
67.0168 0.152558
67.1127 0.158238
67.1229 0.152459
67.2188 0.158151
67.229 0.152507
67.3249 0.158194
67.3351 0.152545
67.431 0.158352
67.4412 0.152683
67.5371 0.158472
67.5473 0.152788
67.6432 0.158565
67.6534 0.152869
67.7493 0.158636
67.7595 0.152931
67.8554 0.158565
67.8656 0.152869
67.9615 0.15851
67.9717 0.152697
68.0676 0.15836
68.0778 0.152565
68.1737 0.158244
68.1839 0.152464
68.2798 0.158156
68.29 0.152386
68.3859 0.158088
68.3961 0.152452
68.492 0.158145
68.5058 0.152877
68.8139 0.158393
68.8283 0.152344
68.8385 0.147426
68.92 0.152372
68.938 0.146951
68.9482 0.142332
69.0297 0.13829
69.0477 0.134754
69.0579 0.131535
69.1394 0.128843
69.1574 0.126488
69.1676 0.124427
69.2491 0.122623
69.2671 0.121045
69.2773 0.119665
69.3588 0.118332
69.3768 0.117165
69.387 0.116145
69.4685 0.115376
69.4895 0.115079
69.4966 0.114444
69.5782 0.113889
69.5991 0.113403
69.6063 0.112977
69.6879 0.11248
69.7088 0.112045
69.716 0.11179
69.7975 0.111566
69.8185 0.11137
69.8257 0.111074
69.9072 0.11094
69.9282 0.110822
69.9354 0.110719
70.0169 0.110504
70.0379 0.110316
70.0451 0.110277
70.1296 0.110617
70.1476 0.11054
70.1548 0.110348
70.2393 0.110304
70.2573 0.110266
70.2645 0.110233
70.349 0.110204
70.367 0.110178
70.3742 0.110156
70.4587 0.110011
70.4767 0.109885
70.4839 0.109774
70.5684 0.109803
70.5864 0.109827
70.5936 0.109849
70.6781 0.109868
70.6961 0.109884
70.7063 0.110274
70.7878 0.110115
70.8058 0.109975
70.816 0.109853
70.8975 0.109872
70.9155 0.109888
70.9257 0.109902
71.0072 0.109914
71.0252 0.109925
71.0354 0.109934
71.1169 0.109817
71.1349 0.109715
71.1451 0.109751
71.2266 0.109782
71.2446 0.109809
71.2548 0.109708
71.3363 0.109745
71.3573 0.110151
71.3645 0.110133
71.446 0.109991
71.4669 0.109867
71.4741 0.109884
71.5557 0.109898
71.5766 0.109911
71.5838 0.109797
71.6863 0.109822
71.6945 0.10997
71.796 0.109973
71.8042 0.109977
71.9057 0.109855
71.9129 0.109748
71.9201 0.109779
72.0154 0.109807
72.0226 0.109831
72.0328 0.110102
72.1251 0.110089
72.1323 0.110078
72.1425 0.110068
72.2348 0.109935
72.242 0.109943
72.2522 0.10995
72.3445 0.109956
72.3517 0.109837
72.3619 0.109732
72.4542 0.109766
72.4614 0.109795
72.4716 0.109821
72.5639 0.109718
72.5711 0.109753
72.5813 0.109784
72.6736 0.109811
72.6838 0.110085
72.691 0.109949
