0.010001 1 -0
0.110001 1 -0
0.210001 1 0.00418536
0.210001 2 -0
0.310001 1 0.00418536
0.310001 2 0.00418536
0.410001 1 0.11097
0.410001 2 0.00418536
0.510001 1 0.11097
0.510001 2 0.00663481
0.610001 1 0.163783
0.610001 2 0.00663481
0.710001 1 0.186516
0.710001 2 0.00926119
0.810001 1 0.21453
0.810001 2 0.0101128
0.910001 1 0.237596
0.910001 2 0.0114761
1.01 1 0.247344
1.01 2 0.0127213
1.11 1 0.264539
1.11 2 0.0130444
1.21 1 0.270606
1.21 2 0.0139856
1.31 1 0.282625
1.31 2 0.0143499
1.41 1 0.284467
1.41 2 0.0148263
1.51 1 0.295605
1.51 2 0.0149127
1.61 1 0.296007
1.61 2 0.0154285
1.71 1 0.305375
1.71 2 0.0154477
1.81 1 0.303884
1.81 2 0.0158811
1.91 1 0.315256
1.91 2 0.0158608
2.01 1 0.310198
2.01 2 0.0164099
2.11 1 0.321139
2.11 2 0.0161047
2.21 1 0.316193
2.21 2 0.0166792
2.31 1 0.325961
2.31 2 0.0163818
2.41 1 0.320432
2.41 2 0.0168957
2.51 1 0.329985
2.51 2 0.0166117
2.61 1 0.325648
2.61 2 0.0170763
2.71 1 0.333393
2.71 2 0.0168698
2.81 1 0.328618
2.81 2 0.0172292
2.91 1 0.337777
2.91 2 0.0170346
3.01 1 0.331758
3.01 2 0.0174737
3.11 1 0.340217
3.11 2 0.0171738
3.21 1 0.333975
3.21 2 0.017583
3.31 1 0.342354
3.31 2 0.0172473
3.41 1 0.335934
3.41 2 0.0176758
3.51 1 0.34424
3.51 2 0.0173575
3.61 1 0.338134
3.61 2 0.0177576
3.71 1 0.345489
3.71 2 0.0174131
3.81 1 0.340727
3.81 2 0.0178304
3.91 1 0.346611
3.91 2 0.0175561
4.01 1 0.342105
4.01 2 0.0178586
4.11 1 0.349036
4.11 2 0.0176673
4.21 1 0.343689
4.21 2 0.0180013
4.31 1 0.349889
4.31 2 0.018036
4.41 1 0.350972
4.41 2 0.0180523
4.51 1 0.350668
4.51 2 0.0180852
4.61 1 0.352041
4.61 2 0.0180672
4.71 1 0.35171
4.71 2 0.01813
4.81 1 0.353018
4.81 2 0.0181111
4.91 1 0.352351
4.91 2 0.0181708
5.01 1 0.354767
5.01 2 0.0181513
5.11 1 0.352942
5.11 2 0.0182744
5.21 1 0.355557
5.21 2 0.0181607
5.31 1 0.354248
5.31 2 0.0183082
5.41 1 0.356286
5.41 2 0.0182575
5.51 1 0.355041
5.51 2 0.0183375
5.61 1 0.356962
5.61 2 0.0182644
5.71 1 0.355477
5.71 2 0.0183647
5.81 1 0.357589
5.81 2 0.0182935
5.91 1 0.355883
5.91 2 0.0183899
6.01 1 0.358881
6.01 2 0.0183205
6.11 1 0.356511
6.11 2 0.0184681
6.21 1 0.359402
6.21 2 0.0183231
6.31 1 0.356859
6.31 2 0.0184898
6.41 1 0.359891
6.41 2 0.0183475
6.51 1 0.357185
6.51 2 0.0185086
6.61 1 0.360349
6.61 2 0.0183704
6.71 1 0.358346
6.71 2 0.0185261
6.81 1 0.360779
6.81 2 0.01842
6.91 1 0.358611
6.91 2 0.0185426
7.01 1 0.361787
7.01 2 0.0184408
7.11 1 0.358861
7.11 2 0.0186049
7.21 1 0.362152
7.21 2 0.0184591
7.31 1 0.359302
7.31 2 0.0186196
7.41 1 0.362496
7.41 2 0.0184576
7.51 1 0.359521
7.51 2 0.0186321
7.61 1 0.362822
7.61 2 0.0184744
7.71 1 0.359728
7.71 2 0.018644
7.81 1 0.362943
7.81 2 0.0184903
7.91 1 0.360646
7.91 2 0.0186553
8.01 1 0.363742
8.01 2 0.0185129
8.11 1 0.360816
8.11 2 0.0186492
8.21 1 0.36386
8.21 2 0.0185445
8.31 1 0.360977
8.31 2 0.0187008
8.41 1 0.363948
8.41 2 0.0185575
8.51 1 0.361305
8.51 2 0.0187099
8.61 1 0.364201
8.61 2 0.0187256
8.71 1 0.364708
8.71 2 0.0187031
8.81 1 0.364277
8.81 2 0.0187339
8.91 1 0.364937
8.91 2 0.0187116
9.01 1 0.36435
9.01 2 0.0187417
9.11 1 0.365623
9.11 2 0.0187198
9.21 1 0.364578
9.21 2 0.0187853
9.31 1 0.365821
9.31 2 0.0187133
9.41 1 0.365089
9.41 2 0.0187928
9.51 1 0.366012
9.51 2 0.0187558
9.61 1 0.36514
9.61 2 0.0187988
9.71 1 0.366194
9.71 2 0.0187636
9.81 1 0.365338
9.81 2 0.0188046
9.91 1 0.366368
9.91 2 0.0187566
10.01 1 0.365382
10.01 2 0.0188102
10.11 1 0.366954
10.11 2 0.018763
10.21 1 0.365425
10.21 2 0.0188479
10.31 1 0.367107
10.31 2 0.0187692
10.41 1 0.365605
10.41 2 0.0188534
10.51 1 0.367253
10.51 2 0.0187625
10.61 1 0.367253
10.61 2 0.0188577
10.71 1 0.361335
10.71 2 0.0188577
10.81 1 0.361335
10.81 2 0.0185575
10.91 1 0.355779
10.91 2 0.0185575
11.01 1 0.355779
11.01 2 0.018269
11.11 1 0.350815
11.11 2 0.018269
11.21 1 0.350815
11.21 2 0.0180219
11.31 1 0.345524
11.31 2 0.0180219
11.41 1 0.345665
11.41 2 0.0177524
11.51 1 0.340631
11.51 2 0.0177542
11.61 1 0.340704
11.61 2 0.0174942
11.71 1 0.3357
11.71 2 0.0174965
11.81 1 0.336266
11.81 2 0.0174965
11.91 1 0.336266
11.91 2 0.0172758
12.01 1 0.331663
12.01 2 0.0172758
12.11 1 0.331663
12.11 2 0.0170365
12.21 1 0.327206
12.21 2 0.0170365
12.31 1 0.327206
12.31 2 0.0168047
12.41 1 0.322902
12.41 2 0.0168047
12.51 1 0.322902
12.51 2 0.0165809
12.61 1 0.319077
12.61 2 0.0165809
12.71 1 0.319077
12.71 2 0.0163913
12.81 1 0.31505
12.81 2 0.0163913
12.91 1 0.31505
12.91 2 0.0161818
13.01 1 0.311155
13.01 2 0.0161818
13.11 1 0.311155
13.11 2 0.0159746
13.21 1 0.307267
13.21 2 0.0159791
13.31 1 0.307384
13.31 2 0.0157781
13.41 1 0.30347
13.41 2 0.0157828
13.51 1 0.304046
13.51 2 0.0157828
13.61 1 0.304046
13.61 2 0.0156178
13.71 1 0.300503
13.71 2 0.0156178
13.81 1 0.300503
13.81 2 0.0154333
13.91 1 0.297068
13.91 2 0.0154333
14.01 1 0.297068
14.01 2 0.0152545
14.11 1 0.293737
14.11 2 0.0152545
14.21 1 0.293737
14.21 2 0.015081
14.31 1 0.2908
14.31 2 0.015081
14.41 1 0.2908
14.41 2 0.0149362
14.51 1 0.287658
14.51 2 0.0149362
14.61 1 0.287658
14.61 2 0.0147725
14.71 1 0.284607
14.71 2 0.0147725
14.81 1 0.284607
14.81 2 0.0146134
14.91 1 0.281505
14.91 2 0.0146134
15.01 1 0.281914
15.01 2 0.0144529
15.11 1 0.278897
15.11 2 0.0144809
15.21 1 0.279039
15.21 2 0.0143248
15.31 1 0.279039
15.31 2 0.014331
15.41 1 0.276234
15.41 2 0.014331
15.51 1 0.276234
15.51 2 0.0141847
15.61 1 0.273504
15.61 2 0.0141847
15.71 1 0.273504
15.71 2 0.0140423
15.81 1 0.271116
15.81 2 0.0140423
15.91 1 0.271116
15.91 2 0.0139251
16.01 1 0.268527
16.01 2 0.0139251
16.11 1 0.268527
16.11 2 0.01379
16.21 1 0.266006
16.21 2 0.01379
16.31 1 0.266006
16.31 2 0.0136585
16.41 1 0.26355
16.41 2 0.0136585
16.51 1 0.26355
16.51 2 0.0135303
16.61 1 0.261279
16.61 2 0.0135303
16.71 1 0.261411
16.71 2 0.0134184
16.81 1 0.258922
16.81 2 0.0134256
16.91 1 0.259075
16.91 2 0.0132968
17.01 1 0.256513
17.01 2 0.0133036
17.11 1 0.256797
17.11 2 0.0133036
17.21 1 0.256797
17.21 2 0.0131847
17.31 1 0.254575
17.31 2 0.0131847
17.41 1 0.254575
17.41 2 0.0130686
17.51 1 0.252649
17.51 2 0.0130686
17.61 1 0.252649
17.61 2 0.0129746
17.71 1 0.25053
17.71 2 0.0129746
17.81 1 0.25053
17.81 2 0.0128639
17.91 1 0.248461
17.91 2 0.0128639
18.01 1 0.248461
18.01 2 0.0127558
18.11 1 0.246666
18.11 2 0.0127558
18.21 1 0.246666
18.21 2 0.0126684
18.31 1 0.244698
18.31 2 0.0126684
18.41 1 0.244698
18.41 2 0.0125654
18.51 1 0.24261
18.51 2 0.0125654
18.61 1 0.242767
18.61 2 0.0124573
18.71 1 0.240722
18.71 2 0.0124645
18.81 1 0.24088
18.81 2 0.0123585
18.91 1 0.24088
18.91 2 0.0123658
19.01 1 0.239258
19.01 2 0.0123658
19.11 1 0.239258
19.11 2 0.012287
19.21 1 0.237452
19.21 2 0.012287
19.31 1 0.237452
19.31 2 0.0121925
19.41 1 0.235685
19.41 2 0.0121925
19.51 1 0.235685
19.51 2 0.0121
19.61 1 0.233956
19.61 2 0.0121
19.71 1 0.233956
19.71 2 0.0120095
19.81 1 0.232478
19.81 2 0.0120095
19.91 1 0.232478
19.91 2 0.011938
20.01 1 0.23082
20.01 2 0.011938
20.11 1 0.23082
20.11 2 0.0118511
20.21 1 0.229077
20.21 2 0.0118511
20.31 1 0.229196
20.31 2 0.0117588
20.41 1 0.227448
20.41 2 0.0117661
20.51 1 0.227607
20.51 2 0.0116755
20.61 1 0.225972
20.61 2 0.0116828
20.71 1 0.226254
20.71 2 0.0116828
20.81 1 0.226254
20.81 2 0.0116176
20.91 1 0.224727
20.91 2 0.0116176
21.01 1 0.224727
21.01 2 0.0115375
21.11 1 0.22323
21.11 2 0.0115375
21.21 1 0.22323
21.21 2 0.0114591
21.31 1 0.221956
21.31 2 0.0114591
21.41 1 0.221956
21.41 2 0.0113977
21.51 1 0.220522
21.51 2 0.0113977
21.61 1 0.220522
21.61 2 0.0113225
21.71 1 0.219111
21.71 2 0.0113225
21.81 1 0.219111
21.81 2 0.0112485
21.91 1 0.217726
21.91 2 0.0112485
22.01 1 0.217726
22.01 2 0.0111759
22.11 1 0.216211
22.11 2 0.0111759
22.21 1 0.216559
22.21 2 0.0110973
22.31 1 0.215069
22.31 2 0.0111198
22.41 1 0.215225
22.41 2 0.0111198
22.51 1 0.215225
22.51 2 0.0110498
22.61 1 0.213917
22.61 2 0.0110498
22.71 1 0.213917
22.71 2 0.0109811
22.81 1 0.212632
22.81 2 0.0109811
22.91 1 0.212632
22.91 2 0.0109137
23.01 1 0.211555
23.01 2 0.0109137
23.11 1 0.211555
23.11 2 0.0108622
23.21 1 0.210316
23.21 2 0.0108622
23.31 1 0.210316
23.31 2 0.0107971
23.41 1 0.209099
23.41 2 0.0107971
23.51 1 0.209099
23.51 2 0.0107332
23.61 1 0.207905
23.61 2 0.0107332
23.71 1 0.207905
23.71 2 0.0106704
23.81 1 0.2068
23.81 2 0.0106704
23.91 1 0.206908
23.91 2 0.0106157
24.01 1 0.205599
24.01 2 0.0106229
24.11 1 0.205753
24.11 2 0.010555
24.21 1 0.204358
24.21 2 0.0105622
24.31 1 0.204619
24.31 2 0.0105622
24.41 1 0.204619
24.41 2 0.0105026
24.51 1 0.203672
24.51 2 0.0105026
24.61 1 0.203672
24.61 2 0.0104575
24.71 1 0.20258
24.71 2 0.0104575
24.81 1 0.20258
24.81 2 0.0104
24.91 1 0.201502
24.91 2 0.0104
25.01 1 0.201502
25.01 2 0.0103433
25.11 1 0.200442
25.11 2 0.0103433
25.21 1 0.200442
25.21 2 0.0102876
25.31 1 0.199566
25.31 2 0.0102876
25.41 1 0.199566
25.41 2 0.010246
25.51 1 0.19854
25.51 2 0.010246
25.61 1 0.19854
25.61 2 0.0101849
25.71 1 0.197379
25.71 2 0.010192
25.81 1 0.19753
25.81 2 0.0101318
25.91 1 0.196285
25.91 2 0.0101389
26.01 1 0.196537
26.01 2 0.0101389
26.11 1 0.196537
26.11 2 0.0100866
26.21 1 0.195722
26.21 2 0.0100866
26.31 1 0.195722
26.31 2 0.0100481
26.41 1 0.194759
26.41 2 0.0100481
26.51 1 0.194759
26.51 2 0.00999737
26.61 1 0.193812
26.61 2 0.00999737
26.71 1 0.193812
26.71 2 0.00994749
26.81 1 0.19288
26.81 2 0.00994749
26.91 1 0.19288
26.91 2 0.0098984
27.01 1 0.192119
27.01 2 0.0098984
27.11 1 0.192119
27.11 2 0.00986252
27.21 1 0.191215
27.21 2 0.00986252
27.31 1 0.191215
27.31 2 0.00981486
27.41 1 0.190226
27.41 2 0.00981486
27.51 1 0.190324
27.51 2 0.009761
27.61 1 0.189301
27.61 2 0.00976793
27.71 1 0.189596
27.71 2 0.00971481
27.81 1 0.189596
27.81 2 0.00973369
27.91 1 0.188736
27.91 2 0.00973369
28.01 1 0.188736
28.01 2 0.00968828
28.11 1 0.187884
28.11 2 0.00968828
28.21 1 0.187884
28.21 2 0.00964338
28.31 1 0.187046
28.31 2 0.00964338
28.41 1 0.187046
28.41 2 0.00959914
28.51 1 0.186367
28.51 2 0.00959914
28.61 1 0.186367
28.61 2 0.00956736
28.71 1 0.185552
28.71 2 0.00956736
28.81 1 0.185552
28.81 2 0.00952434
28.91 1 0.184749
28.91 2 0.00952434
29.01 1 0.184749
29.01 2 0.00948196
29.11 1 0.183864
29.11 2 0.00948196
29.21 1 0.183958
29.21 2 0.00943342
29.31 1 0.183175
29.31 2 0.00944019
29.41 1 0.183321
29.41 2 0.00940356
29.51 1 0.182317
29.51 2 0.00941047
29.61 1 0.182552
29.61 2 0.00941047
29.71 1 0.182552
29.71 2 0.00936981
29.81 1 0.181793
29.81 2 0.00936981
29.91 1 0.181793
29.91 2 0.00932974
30.01 1 0.181045
30.01 2 0.00932974
30.11 1 0.181045
30.11 2 0.00929023
30.21 1 0.180447
30.21 2 0.00929023
30.31 1 0.180447
30.31 2 0.0092624
30.41 1 0.179719
30.41 2 0.0092624
30.51 1 0.179719
30.51 2 0.00922391
30.61 1 0.179
30.61 2 0.00922391
30.71 1 0.179
30.71 2 0.00918595
30.81 1 0.178426
30.81 2 0.00918595
30.91 1 0.178426
30.91 2 0.00915926
31.01 1 0.177591
31.01 2 0.00915926
31.11 1 0.177729
31.11 2 0.00911585
31.21 1 0.176901
31.21 2 0.00912242
31.31 1 0.177039
31.31 2 0.00912242
31.41 1 0.177039
31.41 2 0.00908593
31.51 1 0.176358
31.51 2 0.00908593
31.61 1 0.176358
31.61 2 0.00904992
31.71 1 0.17582
31.71 2 0.00904992
31.81 1 0.17582
31.81 2 0.00902501
31.91 1 0.175156
31.91 2 0.00902501
32.01 1 0.175156
32.01 2 0.00898989
32.11 1 0.174501
32.11 2 0.00898989
32.21 1 0.174501
32.21 2 0.00895524
32.31 1 0.173855
32.31 2 0.00895524
32.41 1 0.173855
32.41 2 0.00892104
32.51 1 0.173347
32.51 2 0.00892104
32.61 1 0.173347
32.61 2 0.00889762
32.71 1 0.172631
32.71 2 0.00889762
32.81 1 0.172717
32.81 2 0.00885784
32.91 1 0.17196
32.91 2 0.00886423
33.01 1 0.172094
33.01 2 0.0088249
33.11 1 0.171261
33.11 2 0.00883128
33.21 1 0.17148
33.21 2 0.00883128
33.31 1 0.17148
33.31 2 0.00879875
33.41 1 0.171
33.41 2 0.00879875
33.51 1 0.171
33.51 2 0.0087767
33.61 1 0.1704
33.61 2 0.0087767
33.71 1 0.1704
33.71 2 0.00874492
33.81 1 0.169808
33.81 2 0.00874492
33.91 1 0.169808
33.91 2 0.00871354
34.01 1 0.169345
34.01 2 0.00871354
34.11 1 0.169345
34.11 2 0.0086923
34.21 1 0.168769
34.21 2 0.0086923
34.31 1 0.168769
34.31 2 0.00866177
34.41 1 0.168198
34.41 2 0.00866177
34.51 1 0.168198
34.51 2 0.00862526
34.61 1 0.167504
34.61 2 0.00863149
34.71 1 0.167634
34.71 2 0.00859537
34.81 1 0.166865
34.81 2 0.00860157
34.91 1 0.167198
34.91 2 0.00860157
35.01 1 0.167198
35.01 2 0.00858166
35.11 1 0.166647
35.11 2 0.00858166
35.21 1 0.166647
35.21 2 0.00855241
35.31 1 0.166102
35.31 2 0.00855241
35.41 1 0.166102
35.41 2 0.00852351
35.51 1 0.165564
35.51 2 0.00852351
35.61 1 0.165564
35.61 2 0.00849496
35.71 1 0.16515
35.71 2 0.00849496
35.81 1 0.16515
35.81 2 0.00847615
35.91 1 0.164624
35.91 2 0.00847615
36.01 1 0.164624
36.01 2 0.00844821
36.11 1 0.164104
36.11 2 0.00844821
36.21 1 0.164104
36.21 2 0.0084206
36.31 1 0.163511
36.31 2 0.0084206
36.41 1 0.16359
36.41 2 0.00838728
36.51 1 0.163072
36.51 2 0.00839332
36.61 1 0.163198
36.61 2 0.00836953
36.71 1 0.163198
36.71 2 0.00837554
36.81 1 0.162695
36.81 2 0.00837554
36.91 1 0.162695
36.91 2 0.00834883
37.01 1 0.162198
37.01 2 0.00834883
37.11 1 0.162198
37.11 2 0.00832242
37.21 1 0.161818
37.21 2 0.00832242
37.31 1 0.161818
37.31 2 0.00830523
37.41 1 0.161334
37.41 2 0.00830523
37.51 1 0.161334
37.51 2 0.00827949
37.61 1 0.160853
37.61 2 0.00827949
37.71 1 0.160853
37.71 2 0.00825392
37.81 1 0.160377
37.81 2 0.00825392
37.91 1 0.160377
37.91 2 0.00822864
38.01 1 0.160018
38.01 2 0.00822864
38.11 1 0.160018
38.11 2 0.00820344
38.21 1 0.15943
38.21 2 0.00821247
38.31 1 0.159552
38.31 2 0.00818185
38.41 1 0.158894
38.41 2 0.0081877
38.51 1 0.159092
38.51 2 0.0081877
38.61 1 0.159092
38.61 2 0.0081632
38.71 1 0.158636
38.71 2 0.0081632
38.81 1 0.158636
38.81 2 0.00813897
38.91 1 0.158294
38.91 2 0.00813897
39.01 1 0.158294
39.01 2 0.00812365
39.11 1 0.157848
39.11 2 0.00812365
39.21 1 0.157848
39.21 2 0.0080999
39.31 1 0.157407
39.31 2 0.0080999
39.41 1 0.157407
39.41 2 0.0080764
39.51 1 0.15697
39.51 2 0.0080764
39.61 1 0.15697
39.61 2 0.00805316
39.71 1 0.156645
39.71 2 0.00805316
39.81 1 0.156645
39.81 2 0.00803862
39.91 1 0.156143
39.91 2 0.00803862
40.01 1 0.156217
40.01 2 0.00801013
40.11 1 0.155675
40.11 2 0.00801582
40.21 1 0.155793
40.21 2 0.00798759
40.31 1 0.155793
40.31 2 0.00799326
40.41 1 0.155477
40.41 2 0.00799326
40.51 1 0.155477
40.51 2 0.00797916
40.61 1 0.155064
40.61 2 0.00797916
40.71 1 0.155064
40.71 2 0.00795714
40.81 1 0.154653
40.81 2 0.00795714
40.91 1 0.154653
40.91 2 0.00793524
41.01 1 0.154246
41.01 2 0.00793524
41.11 1 0.154246
41.11 2 0.00791357
41.21 1 0.153946
41.21 2 0.00791357
41.31 1 0.153946
41.31 2 0.00790027
41.41 1 0.153548
41.41 2 0.00790027
41.51 1 0.153548
41.51 2 0.007879
41.61 1 0.153082
41.61 2 0.007879
41.71 1 0.153153
41.71 2 0.00785241
41.81 1 0.152647
41.81 2 0.00785795
41.91 1 0.152762
41.91 2 0.00783158
42.01 1 0.15219
42.01 2 0.0078371
42.11 1 0.152476
42.11 2 0.0078371
42.21 1 0.152476
42.21 2 0.00782446
42.31 1 0.152092
42.31 2 0.00782446
42.41 1 0.152092
42.41 2 0.007804
42.51 1 0.151713
42.51 2 0.007804
42.61 1 0.151713
42.61 2 0.00778374
42.71 1 0.151337
42.71 2 0.00778374
42.81 1 0.151337
42.81 2 0.00776368
42.91 1 0.151063
42.91 2 0.00776368
43.01 1 0.151063
43.01 2 0.00775165
43.11 1 0.150694
43.11 2 0.00775165
43.21 1 0.150694
43.21 2 0.00773194
43.31 1 0.150329
43.31 2 0.00773194
43.41 1 0.150329
43.41 2 0.00771243
43.51 1 0.149855
43.51 2 0.00771243
43.61 1 0.150062
43.61 2 0.00768773
43.71 1 0.149594
43.71 2 0.00770073
43.81 1 0.149705
43.81 2 0.00770073
43.91 1 0.149705
43.91 2 0.00768166
44.01 1 0.14935
44.01 2 0.00768166
44.11 1 0.14935
44.11 2 0.00766267
44.21 1 0.148998
44.21 2 0.00766267
44.31 1 0.148998
44.31 2 0.00764387
44.41 1 0.148745
44.41 2 0.00764387
44.51 1 0.148745
44.51 2 0.00763281
44.61 1 0.148399
44.61 2 0.00763281
44.71 1 0.148399
44.71 2 0.00761433
44.81 1 0.148057
44.81 2 0.00761433
44.91 1 0.148057
44.91 2 0.00759602
45.01 1 0.147718
45.01 2 0.00759602
45.11 1 0.147718
45.11 2 0.00757788
45.21 1 0.147409
45.21 2 0.00757788
45.31 1 0.147475
45.31 2 0.00756202
45.41 1 0.147033
45.41 2 0.00756734
45.51 1 0.147142
45.51 2 0.00754429
45.61 1 0.146638
45.61 2 0.00754951
45.71 1 0.146812
45.71 2 0.00754951
45.81 1 0.146812
45.81 2 0.00753184
45.91 1 0.146485
45.91 2 0.00753184
46.01 1 0.146485
46.01 2 0.00751434
46.11 1 0.146252
46.11 2 0.00751434
46.21 1 0.146252
46.21 2 0.00750429
46.31 1 0.145931
46.31 2 0.00750429
46.41 1 0.145931
46.41 2 0.00748707
46.51 1 0.145612
46.51 2 0.00748707
46.61 1 0.145612
46.61 2 0.00747001
46.71 1 0.145385
46.71 2 0.00747001
46.81 1 0.145385
46.81 2 0.00746021
46.91 1 0.145073
46.91 2 0.00746021
47.01 1 0.145073
47.01 2 0.00743841
47.11 1 0.144657
47.11 2 0.00744351
47.21 1 0.144763
47.21 2 0.00742179
47.31 1 0.144286
47.31 2 0.00742687
47.41 1 0.144455
47.41 2 0.00742687
47.51 1 0.144455
47.51 2 0.00741039
47.61 1 0.144239
47.61 2 0.00741039
47.71 1 0.144239
47.71 2 0.00740111
47.81 1 0.143936
47.81 2 0.00740111
47.91 1 0.143936
47.91 2 0.00738489
48.01 1 0.143636
48.01 2 0.00738489
48.11 1 0.143636
48.11 2 0.00736881
48.21 1 0.143339
48.21 2 0.00736881
48.31 1 0.143339
48.31 2 0.00735287
48.41 1 0.143131
48.41 2 0.00735287
48.51 1 0.143131
48.51 2 0.007344
48.61 1 0.142839
48.61 2 0.007344
48.71 1 0.142839
48.71 2 0.00732831
48.81 1 0.142487
48.81 2 0.00732831
48.91 1 0.142549
48.91 2 0.0073078
49.01 1 0.142159
49.01 2 0.00731276
49.11 1 0.142262
49.11 2 0.00729239
49.21 1 0.142262
49.21 2 0.00729733
49.31 1 0.142062
49.31 2 0.00729733
49.41 1 0.142062
49.41 2 0.00728886
49.51 1 0.141779
49.51 2 0.00728886
49.61 1 0.141779
49.61 2 0.00727368
49.71 1 0.141499
49.71 2 0.00727368
49.81 1 0.141499
49.81 2 0.00725862
49.91 1 0.141304
49.91 2 0.00725862
50.01 1 0.141304
50.01 2 0.00725034
50.11 1 0.141029
50.11 2 0.00725034
50.21 1 0.141029
50.21 2 0.00723559
50.31 1 0.140755
50.31 2 0.00723559
50.41 1 0.140755
50.41 2 0.00722088
50.51 1 0.140424
50.51 2 0.00722088
50.61 1 0.140484
50.61 2 0.00720146
50.71 1 0.140114
50.71 2 0.0072063
50.81 1 0.140298
50.81 2 0.00718701
50.91 1 0.139871
50.91 2 0.00719846
51.01 1 0.14003
51.01 2 0.00719846
51.11 1 0.14003
51.11 2 0.00718409
51.21 1 0.139765
51.21 2 0.00718409
51.31 1 0.139765
51.31 2 0.00716984
51.41 1 0.139502
51.41 2 0.00716984
51.51 1 0.139502
51.51 2 0.00715571
51.61 1 0.139323
51.61 2 0.00715571
51.71 1 0.139323
51.71 2 0.0071482
51.81 1 0.139064
51.81 2 0.0071482
51.91 1 0.139064
51.91 2 0.00713427
52.01 1 0.138808
52.01 2 0.00713427
52.11 1 0.138808
52.11 2 0.00712046
52.21 1 0.138553
52.21 2 0.00712046
52.31 1 0.138553
52.31 2 0.00710675
52.41 1 0.138283
52.41 2 0.00710675
52.51 1 0.13838
52.51 2 0.00709487
52.61 1 0.138032
52.61 2 0.00709957
52.71 1 0.138129
52.71 2 0.00709957
52.81 1 0.138129
52.81 2 0.00708606
52.91 1 0.13788
52.91 2 0.00708606
53.01 1 0.13788
53.01 2 0.00707266
53.11 1 0.137711
53.11 2 0.00707266
53.21 1 0.137711
53.21 2 0.00706562
53.31 1 0.137468
53.31 2 0.00706562
53.41 1 0.137468
53.41 2 0.00705249
53.51 1 0.137224
53.51 2 0.00705249
53.61 1 0.137224
53.61 2 0.00703938
53.71 1 0.136983
53.71 2 0.00703938
53.81 1 0.136983
53.81 2 0.00702637
53.91 1 0.136821
53.91 2 0.00702637
54.01 1 0.136821
54.01 2 0.0070197
54.11 1 0.136527
54.11 2 0.0070197
54.21 1 0.136583
54.21 2 0.00700229
54.31 1 0.136252
54.31 2 0.00700688
54.41 1 0.136347
54.41 2 0.00698957
54.51 1 0.135962
54.51 2 0.00699415
54.61 1 0.136113
54.61 2 0.00699415
54.71 1 0.136113
54.71 2 0.00698153
54.81 1 0.135957
54.81 2 0.00698153
54.91 1 0.135957
54.91 2 0.00697513
55.01 1 0.135726
55.01 2 0.00697513
55.11 1 0.135726
55.11 2 0.00696268
55.21 1 0.135497
55.21 2 0.00696268
55.31 1 0.135497
55.31 2 0.00695032
55.41 1 0.13527
55.41 2 0.00695032
55.51 1 0.13527
55.51 2 0.00693805
55.61 1 0.13512
55.61 2 0.00693805
55.71 1 0.13512
55.71 2 0.00693192
55.81 1 0.134895
55.81 2 0.00693192
55.91 1 0.134895
55.91 2 0.00691982
56.01 1 0.13458
56.01 2 0.00691982
56.11 1 0.134673
56.11 2 0.00690334
56.21 1 0.134304
56.21 2 0.00690781
56.31 1 0.134525
56.31 2 0.00690781
56.41 1 0.134525
56.41 2 0.00690179
56.51 1 0.134307
56.51 2 0.00690179
56.61 1 0.134307
56.61 2 0.00689001
56.71 1 0.134089
56.71 2 0.00689001
56.81 1 0.134089
56.81 2 0.00687824
56.91 1 0.133873
56.91 2 0.00687824
57.01 1 0.133873
57.01 2 0.00686657
57.11 1 0.133732
57.11 2 0.00686657
57.21 1 0.133732
57.21 2 0.00686086
57.31 1 0.133519
57.31 2 0.00686086
57.41 1 0.133519
57.41 2 0.00684933
57.51 1 0.133307
57.51 2 0.00684933
57.61 1 0.133307
57.61 2 0.00683789
57.71 1 0.133043
57.71 2 0.00683789
57.81 1 0.133097
57.81 2 0.00682216
57.91 1 0.132869
57.91 2 0.00682654
58.01 1 0.132961
58.01 2 0.00681664
58.11 1 0.13261
58.11 2 0.00682106
58.21 1 0.132753
58.21 2 0.00682106
58.31 1 0.132753
58.31 2 0.00680985
58.41 1 0.132547
58.41 2 0.00680985
58.51 1 0.132547
58.51 2 0.00679871
58.61 1 0.132343
58.61 2 0.00679871
58.71 1 0.132343
58.71 2 0.00678766
58.81 1 0.132212
58.81 2 0.00678766
58.91 1 0.132212
58.91 2 0.00678241
59.01 1 0.13201
59.01 2 0.00678241
59.11 1 0.13201
59.11 2 0.00677149
59.21 1 0.13181
59.21 2 0.00677149
59.31 1 0.13181
59.31 2 0.00676066
59.41 1 0.13168
59.41 2 0.00676066
59.51 1 0.13168
59.51 2 0.00674563
59.61 1 0.131395
59.61 2 0.00675549
59.71 1 0.131484
59.71 2 0.00674059
59.81 1 0.131147
59.81 2 0.00674485
59.91 1 0.131288
59.91 2 0.00674485
60.01 1 0.131288
60.01 2 0.00673423
60.11 1 0.131093
60.11 2 0.00673423
60.21 1 0.131093
60.21 2 0.00672368
60.31 1 0.130969
60.31 2 0.00672368
60.41 1 0.130969
60.41 2 0.00671877
60.51 1 0.130777
60.51 2 0.00671877
60.61 1 0.130777
60.61 2 0.00670835
60.71 1 0.130585
60.71 2 0.00670835
60.81 1 0.130585
60.81 2 0.006698
60.91 1 0.130396
60.91 2 0.006698
61.01 1 0.130396
61.01 2 0.00668773
61.11 1 0.130276
61.11 2 0.00668773
61.21 1 0.130276
61.21 2 0.00668301
61.31 1 0.130038
61.31 2 0.00668301
61.41 1 0.130089
61.41 2 0.00666869
61.51 1 0.129816
61.51 2 0.00667286
61.61 1 0.129903
61.61 2 0.00665862
61.71 1 0.129903
61.71 2 0.00666278
61.81 1 0.129718
61.81 2 0.00666278
61.91 1 0.129718
61.91 2 0.00665276
62.01 1 0.129602
62.01 2 0.00665276
62.11 1 0.129602
62.11 2 0.00664823
62.21 1 0.12942
62.21 2 0.00664823
62.31 1 0.12942
62.31 2 0.00663834
62.41 1 0.129238
62.41 2 0.00663834
62.51 1 0.129238
62.51 2 0.00662851
62.61 1 0.129124
62.61 2 0.00662851
62.71 1 0.129124
62.71 2 0.00662405
62.81 1 0.128946
62.81 2 0.00662405
62.91 1 0.128946
62.91 2 0.00661439
63.01 1 0.128719
63.01 2 0.00661439
63.11 1 0.128768
63.11 2 0.00660066
63.21 1 0.128507
63.21 2 0.00660474
63.31 1 0.128592
63.31 2 0.00659109
63.41 1 0.128283
63.41 2 0.00659516
63.51 1 0.128483
63.51 2 0.00659516
63.61 1 0.128483
63.61 2 0.00659093
63.71 1 0.128308
63.71 2 0.00659093
63.81 1 0.128308
63.81 2 0.00658145
63.91 1 0.128135
63.91 2 0.00658145
64.01 1 0.128135
64.01 2 0.00657204
64.11 1 0.127962
64.11 2 0.00657204
64.21 1 0.127962
64.21 2 0.00656269
64.31 1 0.127857
64.31 2 0.00656269
64.41 1 0.127857
64.41 2 0.00655862
64.51 1 0.127687
64.51 2 0.00655862
64.61 1 0.127687
64.61 2 0.00654938
64.71 1 0.127517
64.71 2 0.00654938
64.81 1 0.127517
64.81 2 0.00654019
64.91 1 0.127267
64.91 2 0.00654019
65.01 1 0.127349
65.01 2 0.00652709
65.11 1 0.127165
65.11 2 0.00653107
65.21 1 0.127247
65.21 2 0.00651775
65.31 1 0.127247
65.31 2 0.00652716
65.41 1 0.127081
65.41 2 0.00652716
65.51 1 0.127081
65.51 2 0.00651814
65.61 1 0.126916
65.61 2 0.00651814
65.71 1 0.126916
65.71 2 0.00650917
65.81 1 0.126815
65.81 2 0.00650917
65.91 1 0.126815
65.91 2 0.00650531
66.01 1 0.126653
66.01 2 0.00650531
66.11 1 0.126653
66.11 2 0.0064965
66.21 1 0.126491
66.21 2 0.0064965
66.31 1 0.126491
66.31 2 0.00648769
66.41 1 0.12633
66.41 2 0.00648769
66.51 1 0.12633
66.51 2 0.00647894
66.61 1 0.126185
66.61 2 0.00647894
66.71 1 0.126234
66.71 2 0.00646996
66.81 1 0.125994
66.81 2 0.00647528
66.91 1 0.126075
66.91 2 0.00646274
67.01 1 0.125789
67.01 2 0.00646662
67.11 1 0.125916
67.11 2 0.00646662
67.21 1 0.125916
67.21 2 0.00645802
67.31 1 0.125759
67.31 2 0.00645802
67.41 1 0.125759
67.41 2 0.00644947
67.51 1 0.125666
67.51 2 0.00644947
67.61 1 0.125666
67.61 2 0.00644595
67.71 1 0.12551
67.71 2 0.00644595
67.81 1 0.12551
67.81 2 0.0064375
67.91 1 0.125356
67.91 2 0.0064375
68.01 1 0.125356
68.01 2 0.00642909
68.11 1 0.125202
68.11 2 0.00642909
68.21 1 0.125202
68.21 2 0.00642074
68.31 1 0.125112
68.31 2 0.00642074
68.41 1 0.125112
68.41 2 0.00641353
68.51 1 0.124881
68.51 2 0.00641735
68.61 1 0.12496
68.61 2 0.00640528
68.71 1 0.124684
68.71 2 0.00640909
68.81 1 0.124809
68.81 2 0.00640909
68.91 1 0.124809
68.91 2 0.00640087
69.01 1 0.124719
69.01 2 0.00640087
69.11 1 0.124719
69.11 2 0.00639753
69.21 1 0.124571
69.21 2 0.00639753
69.31 1 0.124571
69.31 2 0.00638945
69.41 1 0.124423
69.41 2 0.00638945
69.51 1 0.124423
69.51 2 0.00638137
69.61 1 0.124276
69.61 2 0.00638137
69.71 1 0.124276
69.71 2 0.00637334
69.81 1 0.124189
69.81 2 0.00637334
69.91 1 0.124189
69.91 2 0.00637017
70.01 1 0.124044
70.01 2 0.00637017
70.11 1 0.124044
70.11 2 0.00636223
70.21 1 0.123854
70.21 2 0.00636223
70.31 1 0.123899
70.31 2 0.00635059
70.41 1 0.123678
70.41 2 0.00635433
70.51 1 0.123755
70.51 2 0.00634275
70.61 1 0.123755
70.61 2 0.00634647
70.71 1 0.123671
70.71 2 0.00634647
70.81 1 0.123671
70.81 2 0.00634342
70.91 1 0.123529
70.91 2 0.00634342
71.01 1 0.123529
71.01 2 0.00633565
71.11 1 0.123387
71.11 2 0.00633565
71.21 1 0.123387
71.21 2 0.00632793
71.31 1 0.123247
71.31 2 0.00632793
71.41 1 0.123247
71.41 2 0.00632025
71.51 1 0.123166
71.51 2 0.00632025
71.61 1 0.123166
71.61 2 0.00631731
71.71 1 0.123026
71.71 2 0.00631731
71.81 1 0.123026
71.81 2 0.00630971
71.91 1 0.122844
71.91 2 0.00630971
72.01 1 0.122888
72.01 2 0.00629849
72.11 1 0.122675
72.11 2 0.00630215
72.21 1 0.122808
72.21 2 0.00629098
72.31 1 0.122553
72.31 2 0.00629924
72.41 1 0.122672
72.41 2 0.00629924
72.51 1 0.122672
72.51 2 0.00629181
72.61 1 0.122536
72.61 2 0.00629181
72.71 1 0.122536
72.71 2 0.00628437
72.81 1 0.1224
72.81 2 0.00628437
72.91 1 0.1224
72.91 2 0.00627697
73.01 1 0.122323
73.01 2 0.00627697
73.11 1 0.122323
73.11 2 0.00627422
73.21 1 0.122189
73.21 2 0.00627422
73.31 1 0.122189
73.31 2 0.00626689
73.41 1 0.122056
73.41 2 0.00626689
73.51 1 0.122056
73.51 2 0.00625961
73.61 1 0.121924
73.61 2 0.00625961
73.71 1 0.121924
73.71 2 0.00625237
73.81 1 0.121806
73.81 2 0.00625237
73.91 1 0.121849
73.91 2 0.00624609
74.01 1 0.121644
74.01 2 0.00624972
74.11 1 0.121718
74.11 2 0.00623898
74.21 1 0.121718
74.21 2 0.00624255
74.31 1 0.121588
74.31 2 0.00624255
74.41 1 0.121588
74.41 2 0.00623542
74.51 1 0.121458
74.51 2 0.00623542
74.61 1 0.121458
74.61 2 0.00622834
74.71 1 0.121386
74.71 2 0.00622834
74.81 1 0.121386
74.81 2 0.00622578
74.91 1 0.121257
74.91 2 0.00622578
75.01 1 0.121257
75.01 2 0.00621876
75.11 1 0.12113
75.11 2 0.00621876
75.21 1 0.12113
75.21 2 0.00621178
75.31 1 0.121058
75.31 2 0.00621178
75.41 1 0.121058
75.41 2 0.00620925
75.51 1 0.12089
75.51 2 0.00620925
75.61 1 0.120933
75.61 2 0.00619887
75.71 1 0.120734
75.71 2 0.00620238
75.81 1 0.120807
75.81 2 0.006192
75.91 1 0.120568
75.91 2 0.00619551
76.01 1 0.120682
76.01 2 0.00619551
76.11 1 0.120682
76.11 2 0.00618867
76.21 1 0.120613
76.21 2 0.00618867
76.31 1 0.120613
76.31 2 0.00618628
76.41 1 0.120489
76.41 2 0.00618628
76.51 1 0.120489
76.51 2 0.0061795
76.61 1 0.120366
76.61 2 0.0061795
76.71 1 0.120366
76.71 2 0.00617276
76.81 1 0.120244
76.81 2 0.00617276
76.91 1 0.120244
76.91 2 0.00616606
77.01 1 0.120177
77.01 2 0.00616606
77.11 1 0.120177
77.11 2 0.00616376
77.21 1 0.120056
77.21 2 0.00616376
77.31 1 0.120056
77.31 2 0.00615712
77.41 1 0.119864
77.41 2 0.00615712
77.51 1 0.119936
77.51 2 0.00614708
77.61 1 0.119745
77.61 2 0.00615052
77.71 1 0.119816
77.71 2 0.00615052
77.81 1 0.119816
77.81 2 0.00614395
77.91 1 0.119751
77.91 2 0.00614395
78.01 1 0.119751
78.01 2 0.00614173
78.11 1 0.119632
78.11 2 0.00614173
78.21 1 0.119632
78.21 2 0.00613523
78.31 1 0.119514
78.31 2 0.00613523
78.41 1 0.119514
78.41 2 0.00612876
78.51 1 0.11945
78.51 2 0.00612876
78.61 1 0.11945
78.61 2 0.00612655
78.71 1 0.119334
78.71 2 0.00612655
78.81 1 0.119334
78.81 2 0.00612018
78.91 1 0.119217
78.91 2 0.00612018
79.01 1 0.119217
79.01 2 0.0061138
79.11 1 0.119062
79.11 2 0.0061138
79.21 1 0.119102
79.21 2 0.00610408
79.31 1 0.118917
79.31 2 0.00610746
79.41 1 0.11904
79.41 2 0.00609777
79.51 1 0.118816
79.51 2 0.00610538
79.61 1 0.118925
79.61 2 0.00610538
79.71 1 0.118925
79.71 2 0.00609909
79.81 1 0.118811
79.81 2 0.00609909
79.91 1 0.118811
79.91 2 0.00609284
80.01 1 0.118698
80.01 2 0.00609284
80.11 1 0.118698
80.11 2 0.00608661
80.21 1 0.118638
80.21 2 0.00608661
80.31 1 0.118638
80.31 2 0.00608461
80.41 1 0.118526
80.41 2 0.00608461
80.51 1 0.118526
80.51 2 0.00607845
80.61 1 0.118414
80.61 2 0.00607845
80.71 1 0.118414
80.71 2 0.00607231
80.81 1 0.118303
80.81 2 0.00607231
80.91 1 0.118303
80.91 2 0.00606289
81.01 1 0.118176
81.01 2 0.00606621
81.11 1 0.118244
81.11 2 0.00606097
81.21 1 0.118027
81.21 2 0.00606428
81.31 1 0.118134
81.31 2 0.00606428
81.41 1 0.118134
81.41 2 0.00605823
81.51 1 0.118025
81.51 2 0.00605823
81.61 1 0.118025
81.61 2 0.00605221
81.71 1 0.117967
81.71 2 0.00605221
81.81 1 0.117967
81.81 2 0.00605029
81.91 1 0.117859
81.91 2 0.00605029
82.01 1 0.117859
82.01 2 0.00604437
82.11 1 0.117751
82.11 2 0.00604437
82.21 1 0.117751
82.21 2 0.00603843
82.31 1 0.117644
82.31 2 0.00603843
82.41 1 0.117644
82.41 2 0.00603252
82.51 1 0.117588
82.51 2 0.00603252
82.61 1 0.117588
82.61 2 0.00603072
82.71 1 0.117443
82.71 2 0.00603072
82.81 1 0.117481
82.81 2 0.00602161
82.91 1 0.117308
82.91 2 0.00602486
83.01 1 0.117376
83.01 2 0.00601579
83.11 1 0.117376
83.11 2 0.00601904
83.21 1 0.11727
83.21 2 0.00601904
83.31 1 0.11727
83.31 2 0.00601324
83.41 1 0.117216
83.41 2 0.00601324
83.51 1 0.117216
83.51 2 0.0060115
83.61 1 0.117112
83.61 2 0.0060115
83.71 1 0.117112
83.71 2 0.00600575
83.81 1 0.117008
83.81 2 0.00600575
83.91 1 0.117008
83.91 2 0.00600004
84.01 1 0.116904
84.01 2 0.00600004
84.11 1 0.116904
84.11 2 0.00599435
84.21 1 0.116852
84.21 2 0.00599435
84.31 1 0.116852
84.31 2 0.00599267
84.41 1 0.116711
84.41 2 0.00599267
84.51 1 0.116749
84.51 2 0.00598383
84.61 1 0.116581
84.61 2 0.00598703
84.71 1 0.116647
84.71 2 0.00597822
84.81 1 0.116442
84.81 2 0.00598142
84.91 1 0.116595
84.91 2 0.00598142
85.01 1 0.116595
85.01 2 0.00597975
85.11 1 0.116495
85.11 2 0.00597975
85.21 1 0.116495
85.21 2 0.00597422
85.31 1 0.116394
85.31 2 0.00597422
85.41 1 0.116394
85.41 2 0.00596868
85.51 1 0.116294
85.51 2 0.00596868
85.61 1 0.116294
85.61 2 0.00596316
85.71 1 0.116244
85.71 2 0.00596316
85.81 1 0.116244
85.81 2 0.0059616
85.91 1 0.116144
85.91 2 0.0059616
86.01 1 0.116144
86.01 2 0.00595613
86.11 1 0.116046
86.11 2 0.00595613
86.21 1 0.116046
86.21 2 0.00595069
86.31 1 0.115883
86.31 2 0.00595069
86.41 1 0.115948
86.41 2 0.00594213
86.51 1 0.115833
86.51 2 0.00594527
86.61 1 0.115899
86.61 2 0.00594527
86.71 1 0.115899
86.71 2 0.00594376
86.81 1 0.115801
86.81 2 0.00594376
86.91 1 0.115801
86.91 2 0.00593839
87.01 1 0.115704
87.01 2 0.00593839
87.11 1 0.115704
87.11 2 0.00593305
87.21 1 0.115608
87.21 2 0.00593305
87.31 1 0.115608
87.31 2 0.00592773
87.41 1 0.11556
87.41 2 0.00592773
87.51 1 0.11556
87.51 2 0.00592627
87.61 1 0.115465
87.61 2 0.00592627
87.71 1 0.115465
87.71 2 0.005921
87.81 1 0.11537
87.81 2 0.005921
87.91 1 0.11537
87.91 2 0.00591575
88.01 1 0.115238
88.01 2 0.00591575
88.11 1 0.115322
88.11 2 0.00590743
88.21 1 0.115165
88.21 2 0.0059143
88.31 1 0.115228
88.31 2 0.00590604
88.41 1 0.115035
88.41 2 0.00590912
88.51 1 0.115135
88.51 2 0.00590912
88.61 1 0.115135
88.61 2 0.00590394
88.71 1 0.115041
88.71 2 0.00590394
88.81 1 0.115041
88.81 2 0.00589878
88.91 1 0.114996
88.91 2 0.00589878
89.01 1 0.114996
89.01 2 0.00589742
89.11 1 0.114903
89.11 2 0.00589742
89.21 1 0.114903
89.21 2 0.0058923
89.31 1 0.114811
89.31 2 0.0058923
89.41 1 0.114811
89.41 2 0.0058872
89.51 1 0.114719
89.51 2 0.0058872
89.61 1 0.114719
89.61 2 0.00588213
89.71 1 0.114675
89.71 2 0.00588213
89.81 1 0.114675
89.81 2 0.00588082
89.91 1 0.114521
89.91 2 0.00588082
90.01 1 0.114583
90.01 2 0.00587276
90.11 1 0.114395
90.11 2 0.00587579
90.21 1 0.114493
90.21 2 0.00587579
90.31 1 0.114493
90.31 2 0.00587078
90.41 1 0.114403
90.41 2 0.00587078
90.51 1 0.114403
90.51 2 0.00586579
90.61 1 0.114359
90.61 2 0.00586579
90.71 1 0.114359
90.71 2 0.00586454
90.81 1 0.11427
90.81 2 0.00586454
90.91 1 0.11427
90.91 2 0.00585959
91.01 1 0.114181
91.01 2 0.00585959
91.11 1 0.114181
91.11 2 0.00585466
91.21 1 0.114138
91.21 2 0.00585466
91.31 1 0.114138
91.31 2 0.00585341
91.41 1 0.11405
91.41 2 0.00585341
91.51 1 0.11405
91.51 2 0.00584856
91.61 1 0.113927
91.61 2 0.00584856
91.71 1 0.113962
91.71 2 0.00584071
91.81 1 0.113813
91.81 2 0.00584369
91.91 1 0.113875
91.91 2 0.00583587
92.01 1 0.113875
92.01 2 0.00583885
92.11 1 0.113834
92.11 2 0.00583885
92.21 1 0.113834
92.21 2 0.00583767
92.31 1 0.113747
92.31 2 0.00583767
92.41 1 0.113747
92.41 2 0.00583287
92.51 1 0.11366
92.51 2 0.00583287
92.61 1 0.11366
92.61 2 0.00582808
92.71 1 0.113574
92.71 2 0.00582808
92.81 1 0.113574
92.81 2 0.00582332
92.91 1 0.113534
92.91 2 0.00582332
93.01 1 0.113534
93.01 2 0.00582219
93.11 1 0.113449
93.11 2 0.00582219
93.21 1 0.113449
93.21 2 0.00581746
93.31 1 0.113364
93.31 2 0.00581746
93.41 1 0.113364
93.41 2 0.00580982
93.51 1 0.113219
93.51 2 0.00581276
93.61 1 0.113279
93.61 2 0.00580514
93.71 1 0.113145
93.71 2 0.00580807
93.81 1 0.11324
93.81 2 0.00580024
93.91 1 0.11324
93.91 2 0.00580699
94.01 1 0.113156
94.01 2 0.00580699
94.11 1 0.113156
94.11 2 0.00580234
94.21 1 0.113073
94.21 2 0.00580234
94.31 1 0.113073
94.31 2 0.00579771
94.41 1 0.113034
94.41 2 0.00579771
94.51 1 0.113034
94.51 2 0.00579662
94.61 1 0.112951
94.61 2 0.00579662
94.71 1 0.112951
94.71 2 0.00579206
94.81 1 0.112869
94.81 2 0.00579206
94.91 1 0.112869
94.91 2 0.00578748
95.01 1 0.112787
95.01 2 0.00578748
95.11 1 0.112787
95.11 2 0.00578293
95.21 1 0.112671
95.21 2 0.00578293
95.31 1 0.112749
95.31 2 0.00577551
95.41 1 0.112608
95.41 2 0.00578192
95.51 1 0.112668
95.51 2 0.00577452
95.61 1 0.112668
95.61 2 0.00577739
95.71 1 0.112587
95.71 2 0.00577739
95.81 1 0.112587
95.81 2 0.00577289
95.91 1 0.112506
95.91 2 0.00577289
96.01 1 0.112506
96.01 2 0.00576841
96.11 1 0.112469
96.11 2 0.00576841
96.21 1 0.112469
96.21 2 0.00576744
96.31 1 0.112389
96.31 2 0.00576744
96.41 1 0.112389
96.41 2 0.00576299
96.51 1 0.112309
96.51 2 0.00576299
96.61 1 0.112309
96.61 2 0.00575856
96.71 1 0.11223
96.71 2 0.00575856
96.81 1 0.11223
96.81 2 0.00575414
96.91 1 0.112161
96.91 2 0.00575414
97.01 1 0.112194
97.01 2 0.00575038
97.11 1 0.112057
97.11 2 0.00575321
97.21 1 0.112115
97.21 2 0.005746
97.31 1 0.111945
97.31 2 0.00574883
97.41 1 0.112037
97.41 2 0.00574883
97.51 1 0.112037
97.51 2 0.00574447
97.61 1 0.112001
97.61 2 0.00574447
97.71 1 0.112001
97.71 2 0.00574354
97.81 1 0.111924
97.81 2 0.00574354
97.91 1 0.111924
97.91 2 0.00573924
98.01 1 0.111846
98.01 2 0.00573924
98.11 1 0.111846
98.11 2 0.00573492
98.21 1 0.111769
98.21 2 0.00573492
98.31 1 0.111769
98.31 2 0.00573063
98.41 1 0.111735
98.41 2 0.00573063
98.51 1 0.111735
98.51 2 0.00572976
98.61 1 0.111658
98.61 2 0.00572976
98.71 1 0.111658
98.71 2 0.0057255
98.81 1 0.111524
98.81 2 0.0057255
98.91 1 0.111582
98.91 2 0.00571846
99.01 1 0.111448
99.01 2 0.00572125
99.11 1 0.111506
99.11 2 0.00572125
99.21 1 0.111506
99.21 2 0.00571702
99.31 1 0.111473
99.31 2 0.00571702
99.41 1 0.111473
99.41 2 0.00571619
99.51 1 0.111397
99.51 2 0.00571619
99.61 1 0.111397
99.61 2 0.00571199
99.71 1 0.111322
99.71 2 0.00571199
99.81 1 0.111322
99.81 2 0.00570781
99.91 1 0.111247
99.91 2 0.00570781
100.01 1 0.111247
100.01 2 0.00570365
100.11 1 0.111215
100.11 2 0.00570365
100.21 1 0.111215
100.21 2 0.00570285
100.31 1 0.111141
100.31 2 0.00570285
100.41 1 0.111141
100.41 2 0.00569872
100.51 1 0.111034
100.51 2 0.00569872
100.61 1 0.111067
100.61 2 0.00569185
100.71 1 0.110936
100.71 2 0.0056946
100.81 1 0.111034
100.81 2 0.00568775
100.91 1 0.110873
100.91 2 0.0056938
101.01 1 0.110961
101.01 2 0.0056938
101.11 1 0.110961
101.11 2 0.00568974
101.21 1 0.110888
101.21 2 0.00568974
101.31 1 0.110888
101.31 2 0.00568567
101.41 1 0.110815
101.41 2 0.00568567
101.51 1 0.110815
101.51 2 0.00568161
101.61 1 0.110784
101.61 2 0.00568161
101.71 1 0.110784
101.71 2 0.00568087
101.81 1 0.110712
101.81 2 0.00568087
101.91 1 0.110712
101.91 2 0.00567684
102.01 1 0.11064
102.01 2 0.00567684
102.11 1 0.11064
102.11 2 0.00567283
102.21 1 0.110568
102.21 2 0.00567283
102.31 1 0.110568
102.31 2 0.00566612
102.41 1 0.110481
102.41 2 0.00566883
102.51 1 0.110538
102.51 2 0.0056654
102.61 1 0.110379
102.61 2 0.00566813
102.71 1 0.110467
102.71 2 0.00566813
102.81 1 0.110467
102.81 2 0.00566416
102.91 1 0.110396
102.91 2 0.00566416
103.01 1 0.110396
103.01 2 0.0056602
103.11 1 0.110325
103.11 2 0.0056602
103.21 1 0.110325
103.21 2 0.00565627
103.31 1 0.110296
103.31 2 0.00565627
103.41 1 0.110296
103.41 2 0.0056556
103.51 1 0.110226
103.51 2 0.0056556
103.61 1 0.110226
103.61 2 0.00565168
103.71 1 0.110156
103.71 2 0.00565168
103.81 1 0.110156
103.81 2 0.00564779
103.91 1 0.110126
103.91 2 0.00564779
104.01 1 0.110126
104.01 2 0.00564711
104.11 1 0.110026
104.11 2 0.00564711
104.21 1 0.110057
104.21 2 0.0056406
104.31 1 0.109933
104.31 2 0.00564327
104.41 1 0.109988
104.41 2 0.00563675
104.51 1 0.109988
104.51 2 0.00563941
104.61 1 0.109919
104.61 2 0.00563941
104.71 1 0.109919
104.71 2 0.00563557
104.81 1 0.109891
104.81 2 0.00563557
104.91 1 0.109891
104.91 2 0.00563495
105.01 1 0.109823
105.01 2 0.00563495
105.11 1 0.109823
105.11 2 0.00563113
105.21 1 0.109755
105.21 2 0.00563113
105.31 1 0.109755
105.31 2 0.00562733
105.41 1 0.109687
105.41 2 0.00562733
105.51 1 0.109687
105.51 2 0.00562355
105.61 1 0.109659
105.61 2 0.00562355
105.71 1 0.109659
105.71 2 0.00562296
105.81 1 0.109561
105.81 2 0.00562296
105.91 1 0.109592
105.91 2 0.00561657
106.01 1 0.109471
106.01 2 0.0056192
106.11 1 0.109525
106.11 2 0.00561283
106.21 1 0.109374
106.21 2 0.00561545
106.31 1 0.109458
106.31 2 0.00561545
106.41 1 0.109458
106.41 2 0.00561172
106.51 1 0.109431
106.51 2 0.00561172
106.61 1 0.109431
106.61 2 0.00561116
106.71 1 0.109365
106.71 2 0.00561116
106.81 1 0.109365
106.81 2 0.00560745
106.91 1 0.109299
106.91 2 0.00560745
107.01 1 0.109299
107.01 2 0.00560376
107.11 1 0.109272
107.11 2 0.00560376
107.21 1 0.109272
107.21 2 0.00560319
107.31 1 0.109207
107.31 2 0.00560319
107.41 1 0.109207
107.41 2 0.00559954
107.51 1 0.109142
107.51 2 0.00559954
107.61 1 0.109142
107.61 2 0.00559589
107.71 1 0.109023
107.71 2 0.00559589
107.81 1 0.109076
107.81 2 0.00558966
107.91 1 0.108958
107.91 2 0.00559225
108.01 1 0.109051
108.01 2 0.00558604
108.11 1 0.109051
108.11 2 0.00559173
108.21 1 0.108986
108.21 2 0.00559173
108.31 1 0.108986
108.31 2 0.00558811
108.41 1 0.108922
108.41 2 0.00558811
108.51 1 0.108922
108.51 2 0.00558451
108.61 1 0.108857
108.61 2 0.00558451
108.71 1 0.108857
108.71 2 0.00558092
108.81 1 0.108832
108.81 2 0.00558092
108.91 1 0.108832
108.91 2 0.00558043
109.01 1 0.108768
109.01 2 0.00558043
109.11 1 0.108768
109.11 2 0.00557686
109.21 1 0.108705
109.21 2 0.00557686
109.31 1 0.108705
109.31 2 0.0055733
109.41 1 0.108612
109.41 2 0.0055733
109.51 1 0.108642
109.51 2 0.00556721
109.61 1 0.108565
109.61 2 0.00556976
109.71 1 0.108617
109.71 2 0.00556675
109.81 1 0.108472
109.81 2 0.0055693
109.91 1 0.108554
109.91 2 0.0055693
110.01 1 0.108554
110.01 2 0.00556578
110.11 1 0.108492
110.11 2 0.00556578
110.21 1 0.108492
110.21 2 0.00556227
110.31 1 0.108467
110.31 2 0.00556227
110.41 1 0.108467
110.41 2 0.0055618
110.51 1 0.108405
110.51 2 0.0055618
110.61 1 0.108405
110.61 2 0.00555834
110.71 1 0.108344
110.71 2 0.00555834
110.81 1 0.108344
110.81 2 0.00555487
110.91 1 0.108282
110.91 2 0.00555487
111.01 1 0.108282
111.01 2 0.00555141
111.11 1 0.108258
111.11 2 0.00555141
111.21 1 0.108258
111.21 2 0.00555099
111.31 1 0.108145
111.31 2 0.00555099
111.41 1 0.108197
111.41 2 0.00554504
111.51 1 0.108084
111.51 2 0.00554755
111.61 1 0.108136
111.61 2 0.00554755
111.71 1 0.108136
111.71 2 0.00554412
111.81 1 0.108075
111.81 2 0.00554412
111.91 1 0.108075
111.91 2 0.00554071
112.01 1 0.108052
112.01 2 0.00554071
112.11 1 0.108052
112.11 2 0.00554031
112.21 1 0.107992
112.21 2 0.00554031
112.31 1 0.107992
112.31 2 0.00553692
112.41 1 0.107931
112.41 2 0.00553692
112.51 1 0.107931
112.51 2 0.00553354
112.61 1 0.107871
112.61 2 0.00553354
112.71 1 0.107871
112.71 2 0.00553017
112.81 1 0.107849
112.81 2 0.00553017
112.91 1 0.107849
112.91 2 0.0055298
113.01 1 0.10776
113.01 2 0.0055298
113.11 1 0.107789
113.11 2 0.00552398
113.21 1 0.107679
113.21 2 0.00552645
113.31 1 0.10773
113.31 2 0.00552065
113.41 1 0.107591
113.41 2 0.00552312
113.51 1 0.107707
113.51 2 0.00552312
113.61 1 0.107707
113.61 2 0.00552273
113.71 1 0.107649
113.71 2 0.00552273
113.81 1 0.107649
113.81 2 0.00551944
113.91 1 0.10759
113.91 2 0.00551944
114.01 1 0.10759
114.01 2 0.00551614
114.11 1 0.107531
114.11 2 0.00551614
114.21 1 0.107531
114.21 2 0.00551285
114.31 1 0.10751
114.31 2 0.00551285
114.41 1 0.10751
114.41 2 0.00551251
114.51 1 0.107452
114.51 2 0.00551251
114.61 1 0.107452
114.61 2 0.00550924
114.71 1 0.107394
114.71 2 0.00550924
114.81 1 0.107394
114.81 2 0.00550353
114.91 1 0.107286
114.91 2 0.00550598
115.01 1 0.107336
115.01 2 0.00550029
115.11 1 0.1072
115.11 2 0.00550273
115.21 1 0.107315
115.21 2 0.00550273
115.31 1 0.107315
115.31 2 0.00550241
115.41 1 0.107257
115.41 2 0.00550241
115.51 1 0.107257
115.51 2 0.00549918
115.61 1 0.1072
115.61 2 0.00549918
115.71 1 0.1072
115.71 2 0.00549597
115.81 1 0.107143
115.81 2 0.00549597
115.91 1 0.107143
115.91 2 0.00549276
116.01 1 0.107123
116.01 2 0.00549276
116.11 1 0.107123
116.11 2 0.00549246
116.21 1 0.107066
116.21 2 0.00549246
116.31 1 0.107066
116.31 2 0.00548927
116.41 1 0.10701
116.41 2 0.00548927
116.51 1 0.10701
116.51 2 0.0054861
116.61 1 0.106925
116.61 2 0.0054861
116.71 1 0.106989
116.71 2 0.00548053
116.81 1 0.106884
116.81 2 0.00548579
116.91 1 0.106933
116.91 2 0.00548025
117.01 1 0.106933
117.01 2 0.00548266
117.11 1 0.106877
117.11 2 0.00548266
117.21 1 0.106877
117.21 2 0.00547951
117.31 1 0.106822
117.31 2 0.00547951
117.41 1 0.106822
117.41 2 0.00547638
117.51 1 0.106802
117.51 2 0.00547638
117.61 1 0.106802
117.61 2 0.00547611
117.71 1 0.106747
117.71 2 0.00547611
117.81 1 0.106747
117.81 2 0.00547299
117.91 1 0.106692
117.91 2 0.00547299
118.01 1 0.106692
118.01 2 0.00546989
118.11 1 0.106637
118.11 2 0.00546989
118.21 1 0.106637
118.21 2 0.00546679
118.31 1 0.10659
118.31 2 0.00546679
118.41 1 0.106617
118.41 2 0.00546415
118.51 1 0.106514
118.51 2 0.00546655
118.61 1 0.106563
118.61 2 0.0054611
118.71 1 0.106432
118.71 2 0.00546347
118.81 1 0.106508
118.81 2 0.00546347
118.91 1 0.106508
118.91 2 0.0054604
119.01 1 0.106454
119.01 2 0.0054604
119.11 1 0.106454
119.11 2 0.00545734
119.21 1 0.106435
119.21 2 0.00545734
119.31 1 0.106435
119.31 2 0.00545712
119.41 1 0.106381
119.41 2 0.00545712
119.51 1 0.106381
119.51 2 0.00545408
119.61 1 0.106328
119.61 2 0.00545408
119.71 1 0.106328
119.71 2 0.00545105
119.81 1 0.106309
119.81 2 0.00545105
119.91 1 0.106309
119.91 2 0.00545081
120.01 1 0.106256
120.01 2 0.00545081
120.11 1 0.106256
120.11 2 0.00544782
120.21 1 0.106154
120.21 2 0.00544782
120.31 1 0.106203
120.31 2 0.00544248
120.41 1 0.106101
120.41 2 0.00544482
120.51 1 0.106149
120.51 2 0.00544482
120.61 1 0.106149
120.61 2 0.00544183
120.71 1 0.106132
120.71 2 0.00544183
120.81 1 0.106132
120.81 2 0.00544163
120.91 1 0.106079
120.91 2 0.00544163
121.01 1 0.106079
121.01 2 0.00543866
121.11 1 0.106026
121.11 2 0.00543866
121.21 1 0.106026
121.21 2 0.00543569
121.31 1 0.105974
121.31 2 0.00543569
121.41 1 0.105974
121.41 2 0.00543274
121.51 1 0.105956
121.51 2 0.00543274
121.61 1 0.105956
121.61 2 0.00543256
121.71 1 0.105904
121.71 2 0.00543256
121.81 1 0.105904
121.81 2 0.00542962
121.91 1 0.105825
121.91 2 0.00542962
122.01 1 0.105852
122.01 2 0.00542438
122.11 1 0.105753
122.11 2 0.00542669
122.21 1 0.105801
122.21 2 0.00542146
122.31 1 0.105709
122.31 2 0.00542377
122.41 1 0.105784
122.41 2 0.00542377
122.51 1 0.105784
122.51 2 0.00542361
122.61 1 0.105732
122.61 2 0.00542361
122.71 1 0.105732
122.71 2 0.00542071
122.81 1 0.105681
122.81 2 0.00542071
122.91 1 0.105681
122.91 2 0.00541781
123.01 1 0.105664
123.01 2 0.00541781
123.11 1 0.105664
123.11 2 0.00541764
123.21 1 0.105613
123.21 2 0.00541764
123.31 1 0.105613
123.31 2 0.00541478
123.41 1 0.105562
123.41 2 0.00541478
123.51 1 0.105562
123.51 2 0.00541192
123.61 1 0.105512
123.61 2 0.00541192
123.71 1 0.105512
123.71 2 0.00540678
123.81 1 0.105414
123.81 2 0.00540906
123.91 1 0.105495
123.91 2 0.00540393
124.01 1 0.105372
124.01 2 0.00540892
124.11 1 0.105445
124.11 2 0.00540892
124.21 1 0.105445
124.21 2 0.00540608
124.31 1 0.105395
124.31 2 0.00540608
124.41 1 0.105395
124.41 2 0.00540325
124.51 1 0.105345
124.51 2 0.00540325
124.61 1 0.105345
124.61 2 0.00540042
124.71 1 0.105329
124.71 2 0.00540042
124.81 1 0.105329
124.81 2 0.0054003
124.91 1 0.105279
124.91 2 0.0054003
125.01 1 0.105279
125.01 2 0.00539749
125.11 1 0.10523
125.11 2 0.00539749
125.21 1 0.10523
125.21 2 0.00539469
125.31 1 0.10518
125.31 2 0.00539469
125.41 1 0.10518
125.41 2 0.0053919
125.51 1 0.105139
125.51 2 0.0053919
125.61 1 0.105165
125.61 2 0.00538955
125.71 1 0.105069
125.71 2 0.0053918
125.81 1 0.105116
125.81 2 0.00538677
125.91 1 0.105116
125.91 2 0.00538902
126.01 1 0.105067
126.01 2 0.00538902
126.11 1 0.105067
126.11 2 0.00538626
126.21 1 0.105051
126.21 2 0.00538626
126.31 1 0.105051
126.31 2 0.00538614
126.41 1 0.105003
126.41 2 0.00538614
126.51 1 0.105003
126.51 2 0.00538341
126.61 1 0.104954
126.61 2 0.00538341
126.71 1 0.104954
126.71 2 0.00538067
126.81 1 0.104906
126.81 2 0.00538067
126.91 1 0.104906
126.91 2 0.00537793
127.01 1 0.104891
127.01 2 0.00537793
127.11 1 0.104891
127.11 2 0.00537785
127.21 1 0.104843
127.21 2 0.00537785
127.31 1 0.104843
127.31 2 0.00537291
127.41 1 0.104749
127.41 2 0.00537513
127.51 1 0.104795
127.51 2 0.0053702
127.61 1 0.104676
127.61 2 0.00537242
127.71 1 0.104748
127.71 2 0.00537242
127.81 1 0.104748
127.81 2 0.00536972
127.91 1 0.104733
127.91 2 0.00536972
128.01 1 0.104733
128.01 2 0.00536965
128.11 1 0.104685
128.11 2 0.00536965
128.21 1 0.104685
128.21 2 0.00536696
128.31 1 0.104638
128.31 2 0.00536696
128.41 1 0.104638
128.41 2 0.00536428
128.51 1 0.104591
128.51 2 0.00536428
128.61 1 0.104591
128.61 2 0.00536161
128.71 1 0.104577
128.71 2 0.00536161
128.81 1 0.104577
128.81 2 0.00536156
128.91 1 0.10453
128.91 2 0.00536156
129.01 1 0.10453
129.01 2 0.0053589
129.11 1 0.104458
129.11 2 0.0053589
129.21 1 0.104483
129.21 2 0.00535406
129.31 1 0.104391
129.31 2 0.00535625
129.41 1 0.104469
129.41 2 0.00535142
129.51 1 0.104469
129.51 2 0.00535619
129.61 1 0.104423
129.61 2 0.00535619
129.71 1 0.104423
129.71 2 0.00535357
129.81 1 0.104376
129.81 2 0.00535357
129.91 1 0.104376
129.91 2 0.00535095
130.01 1 0.10433
130.01 2 0.00535095
130.11 1 0.10433
130.11 2 0.00534833
130.21 1 0.104316
130.21 2 0.00534833
130.31 1 0.104316
130.31 2 0.0053483
130.41 1 0.10427
130.41 2 0.0053483
130.51 1 0.10427
130.51 2 0.00534569
130.61 1 0.104225
130.61 2 0.00534569
130.71 1 0.104225
130.71 2 0.00534309
130.81 1 0.104154
130.81 2 0.00534309
130.91 1 0.104179
130.91 2 0.00533834
131.01 1 0.104121
131.01 2 0.00534051
131.11 1 0.104166
131.11 2 0.0053383
131.21 1 0.104051
131.21 2 0.00534049
131.31 1 0.10412
131.31 2 0.00534049
131.41 1 0.10412
131.41 2 0.00533791
131.51 1 0.104075
131.51 2 0.00533791
131.61 1 0.104075
131.61 2 0.00533534
131.71 1 0.10403
131.71 2 0.00533534
131.81 1 0.10403
131.81 2 0.00533278
131.91 1 0.104017
131.91 2 0.00533278
132.01 1 0.104017
132.01 2 0.00533278
132.11 1 0.103972
132.11 2 0.00533278
132.21 1 0.103972
132.21 2 0.00533023
132.31 1 0.103927
132.31 2 0.00533023
132.41 1 0.103927
132.41 2 0.00532769
132.51 1 0.103914
132.51 2 0.00532769
132.61 1 0.103914
132.61 2 0.00532767
132.71 1 0.103826
132.71 2 0.00532767
132.81 1 0.10387
132.81 2 0.00532303
132.91 1 0.103782
132.91 2 0.00532517
133.01 1 0.103826
133.01 2 0.00532517
133.11 1 0.103826
133.11 2 0.00532265
133.21 1 0.103782
133.21 2 0.00532265
133.31 1 0.103782
133.31 2 0.00532014
133.41 1 0.103769
133.41 2 0.00532014
133.51 1 0.103769
133.51 2 0.00532015
133.61 1 0.103725
133.61 2 0.00532015
133.71 1 0.103725
133.71 2 0.00531765
133.81 1 0.103681
133.81 2 0.00531765
133.91 1 0.103681
133.91 2 0.00531516
134.01 1 0.103638
134.01 2 0.00531516
134.11 1 0.103638
134.11 2 0.00531268
134.21 1 0.103625
134.21 2 0.00531268
134.31 1 0.103625
134.31 2 0.0053127
134.41 1 0.103557
134.41 2 0.0053127
134.51 1 0.103582
134.51 2 0.00530812
134.61 1 0.103495
134.61 2 0.00531023
134.71 1 0.103539
134.71 2 0.00530566
134.81 1 0.103427
134.81 2 0.00530777
134.91 1 0.103495
134.91 2 0.00530777
135.01 1 0.103495
135.01 2 0.00530531
135.11 1 0.103483
135.11 2 0.00530531
135.21 1 0.103483
135.21 2 0.00530535
135.31 1 0.103441
135.31 2 0.00530535
135.41 1 0.103441
135.41 2 0.00530291
135.51 1 0.103398
135.51 2 0.00530291
135.61 1 0.103398
135.61 2 0.00530047
135.71 1 0.103386
135.71 2 0.00530047
135.81 1 0.103386
135.81 2 0.00530049
135.91 1 0.103343
135.91 2 0.00530049
136.01 1 0.103343
136.01 2 0.00529809
136.11 1 0.103301
136.11 2 0.00529809
136.21 1 0.103301
136.21 2 0.00529358
136.31 1 0.103215
136.31 2 0.00529567
136.41 1 0.103259
136.41 2 0.00529117
136.51 1 0.103149
136.51 2 0.00529326
136.61 1 0.103247
136.61 2 0.00529326
136.71 1 0.103247
136.71 2 0.00529332
136.81 1 0.103205
136.81 2 0.00529332
136.91 1 0.103205
136.91 2 0.00529092
137.01 1 0.103163
137.01 2 0.00529092
137.11 1 0.103163
137.11 2 0.00528852
137.21 1 0.103121
137.21 2 0.00528852
137.31 1 0.103121
137.31 2 0.00528614
137.41 1 0.10311
137.41 2 0.00528614
137.51 1 0.10311
137.51 2 0.00528621
137.61 1 0.103068
137.61 2 0.00528621
137.71 1 0.103068
137.71 2 0.00528383
137.81 1 0.103027
137.81 2 0.00528383
137.91 1 0.103027
137.91 2 0.00528147
138.01 1 0.102961
138.01 2 0.00528147
138.11 1 0.102985
138.11 2 0.00527704
138.21 1 0.102932
138.21 2 0.00527911
138.31 1 0.102975
138.31 2 0.00527712
138.41 1 0.102975
138.41 2 0.00527918
138.51 1 0.102933
138.51 2 0.00527918
138.61 1 0.102933
138.61 2 0.00527684
138.71 1 0.102892
138.71 2 0.00527684
138.81 1 0.102892
138.81 2 0.0052745
138.91 1 0.102881
138.91 2 0.0052745
139.01 1 0.102881
139.01 2 0.00527456
139.11 1 0.102841
139.11 2 0.00527456
139.21 1 0.102841
139.21 2 0.00527225
139.31 1 0.1028
139.31 2 0.00527225
139.41 1 0.1028
139.41 2 0.00526992
139.51 1 0.102759
139.51 2 0.00526992
139.61 1 0.102759
139.61 2 0.00526761
139.71 1 0.102725
139.71 2 0.00526761
139.81 1 0.102749
139.81 2 0.00526511
139.91 1 0.102667
139.91 2 0.0052677
140.01 1 0.102709
140.01 2 0.00526336
140.11 1 0.102603
140.11 2 0.0052654
140.21 1 0.102668
140.21 2 0.0052654
140.31 1 0.102668
140.31 2 0.0052631
140.41 1 0.102628
140.41 2 0.0052631
140.51 1 0.102628
140.51 2 0.0052608
140.61 1 0.102618
140.61 2 0.0052608
140.71 1 0.102618
140.71 2 0.00526091
140.81 1 0.102578
140.81 2 0.00526091
140.91 1 0.102578
140.91 2 0.00525863
141.01 1 0.102538
141.01 2 0.00525863
141.11 1 0.102538
141.11 2 0.00525635
141.21 1 0.102498
141.21 2 0.00525635
141.31 1 0.102498
141.31 2 0.00525408
141.41 1 0.102489
141.41 2 0.00525408
141.51 1 0.102489
141.51 2 0.0052542
141.61 1 0.102407
141.61 2 0.0052542
141.71 1 0.102449
141.71 2 0.00524992
141.81 1 0.102368
141.81 2 0.00525194
141.91 1 0.10241
141.91 2 0.00525194
142.01 1 0.10241
142.01 2 0.00524969
142.11 1 0.102399
142.11 2 0.00524969
142.21 1 0.102399
142.21 2 0.00524978
142.31 1 0.102361
142.31 2 0.00524978
142.41 1 0.102361
142.41 2 0.00524756
142.51 1 0.102321
142.51 2 0.00524756
142.61 1 0.102321
142.61 2 0.00524533
142.71 1 0.102282
142.71 2 0.00524533
142.81 1 0.102282
142.81 2 0.0052431
142.91 1 0.102273
142.91 2 0.0052431
143.01 1 0.102273
143.01 2 0.00524323
143.11 1 0.102234
143.11 2 0.00524323
143.21 1 0.102234
143.21 2 0.00524101
143.31 1 0.102172
143.31 2 0.00524101
143.41 1 0.102196
143.41 2 0.0052368
143.51 1 0.102116
143.51 2 0.0052388
143.61 1 0.102157
143.61 2 0.0052346
143.71 1 0.102054
143.71 2 0.00523659
143.81 1 0.102148
143.81 2 0.00523659
143.91 1 0.102148
143.91 2 0.00523673
144.01 1 0.102109
144.01 2 0.00523673
144.11 1 0.102109
144.11 2 0.00523453
144.21 1 0.102071
144.21 2 0.00523453
144.31 1 0.102071
144.31 2 0.00523234
144.41 1 0.102033
144.41 2 0.00523234
144.51 1 0.102033
144.51 2 0.00523016
144.61 1 0.102024
144.61 2 0.00523016
144.71 1 0.102024
144.71 2 0.0052303
144.81 1 0.101986
144.81 2 0.0052303
144.91 1 0.101986
144.91 2 0.00522813
145.01 1 0.101948
145.01 2 0.00522813
145.11 1 0.101948
145.11 2 0.00522596
145.21 1 0.10187
145.21 2 0.00522596
145.31 1 0.101939
145.31 2 0.00522183
145.41 1 0.101838
145.41 2 0.00522609
145.51 1 0.101901
145.51 2 0.00522609
145.61 1 0.101901
145.61 2 0.00522396
145.71 1 0.101864
145.71 2 0.00522396
145.81 1 0.101864
145.81 2 0.0052218
145.91 1 0.101826
145.91 2 0.0052218
146.01 1 0.101826
146.01 2 0.00521966
146.11 1 0.101818
146.11 2 0.00521966
146.21 1 0.101818
146.21 2 0.00521982
146.31 1 0.10178
146.31 2 0.00521982
146.41 1 0.10178
146.41 2 0.00521768
146.51 1 0.101743
146.51 2 0.00521768
146.61 1 0.101743
146.61 2 0.00521555
146.71 1 0.101706
146.71 2 0.00521555
146.81 1 0.101706
146.81 2 0.00521343
146.91 1 0.101675
146.91 2 0.00521343
147.01 1 0.101698
147.01 2 0.00521163
147.11 1 0.101621
147.11 2 0.00521359
147.21 1 0.101661
147.21 2 0.00520953
147.31 1 0.101561
147.31 2 0.00521148
147.41 1 0.101624
147.41 2 0.00521148
147.51 1 0.101624
147.51 2 0.00520937
147.61 1 0.101587
147.61 2 0.00520937
147.71 1 0.101587
147.71 2 0.00520727
147.81 1 0.101579
147.81 2 0.00520727
147.91 1 0.101579
147.91 2 0.00520744
148.01 1 0.101543
148.01 2 0.00520744
148.11 1 0.101543
148.11 2 0.00520535
148.21 1 0.101506
148.21 2 0.00520535
148.31 1 0.101506
148.31 2 0.00520326
148.41 1 0.101498
148.41 2 0.00520326
148.51 1 0.101498
148.51 2 0.00520342
148.61 1 0.101462
148.61 2 0.00520342
148.71 1 0.101462
148.71 2 0.00519943
148.81 1 0.101386
148.81 2 0.00520136
148.91 1 0.101426
148.91 2 0.00519736
149.01 1 0.101328
149.01 2 0.00519929
149.11 1 0.10139
149.11 2 0.00519929
149.21 1 0.10139
149.21 2 0.00519722
149.31 1 0.101382
149.31 2 0.00519722
149.41 1 0.101382
149.41 2 0.00519741
149.51 1 0.101346
149.51 2 0.00519741
149.61 1 0.101346
149.61 2 0.00519535
149.71 1 0.10131
149.71 2 0.00519535
149.81 1 0.10131
149.81 2 0.00519329
149.91 1 0.101274
149.91 2 0.00519329
150.01 1 0.101274
150.01 2 0.00519125
150.11 1 0.101267
150.11 2 0.00519125
150.21 1 0.101267
150.21 2 0.00519144
150.31 1 0.101231
150.31 2 0.00519144
150.41 1 0.101231
150.41 2 0.0051894
150.51 1 0.101174
150.51 2 0.0051894
150.61 1 0.101196
150.61 2 0.00518546
150.71 1 0.101121
150.71 2 0.00518737
150.81 1 0.101161
150.81 2 0.00518344
150.91 1 0.101161
150.91 2 0.00518534
151.01 1 0.101153
151.01 2 0.00518534
151.11 1 0.101153
151.11 2 0.00518554
151.21 1 0.101118
151.21 2 0.00518554
151.31 1 0.101118
151.31 2 0.00518352
151.41 1 0.101083
151.41 2 0.00518352
151.51 1 0.101083
151.51 2 0.00518151
151.61 1 0.101075
151.61 2 0.00518151
151.71 1 0.101075
151.71 2 0.0051817
151.81 1 0.101041
151.81 2 0.0051817
151.91 1 0.101041
151.91 2 0.00517971
152.01 1 0.101006
152.01 2 0.00517971
152.11 1 0.101006
152.11 2 0.00517771
152.21 1 0.100949
152.21 2 0.00517771
152.31 1 0.100971
152.31 2 0.00517383
152.41 1 0.100898
152.41 2 0.00517571
152.51 1 0.100964
152.51 2 0.00517184
152.61 1 0.100869
152.61 2 0.00517593
152.71 1 0.10093
152.71 2 0.00517593
152.81 1 0.10093
152.81 2 0.00517394
152.91 1 0.100895
152.91 2 0.00517394
153.01 1 0.100895
153.01 2 0.00517196
153.11 1 0.100861
153.11 2 0.00517196
153.21 1 0.100861
153.21 2 0.00516998
153.31 1 0.100854
153.31 2 0.00516998
153.41 1 0.100854
153.41 2 0.0051702
153.51 1 0.10082
153.51 2 0.0051702
153.61 1 0.10082
153.61 2 0.00516824
153.71 1 0.100786
153.71 2 0.00516824
153.81 1 0.100786
153.81 2 0.00516627
153.91 1 0.100751
153.91 2 0.00516627
154.01 1 0.100751
154.01 2 0.00516432
154.11 1 0.100706
154.11 2 0.00516432
154.21 1 0.100745
154.21 2 0.00516268
154.31 1 0.100673
154.31 2 0.00516454
154.41 1 0.100711
154.41 2 0.00516454
154.51 1 0.100711
154.51 2 0.0051626
154.61 1 0.100677
154.61 2 0.0051626
154.71 1 0.100677
154.71 2 0.00516065
154.81 1 0.10067
154.81 2 0.00516065
154.91 1 0.10067
154.91 2 0.00516086
155.01 1 0.100637
155.01 2 0.00516086
155.11 1 0.100637
155.11 2 0.00515895
155.21 1 0.100603
155.21 2 0.00515895
155.31 1 0.100603
155.31 2 0.00515702
155.41 1 0.10057
155.41 2 0.00515702
155.51 1 0.10057
155.51 2 0.00515509
155.61 1 0.100564
155.61 2 0.00515509
155.71 1 0.100564
155.71 2 0.00515533
155.81 1 0.100509
155.81 2 0.00515533
155.91 1 0.10053
155.91 2 0.00515156
156.01 1 0.100459
156.01 2 0.00515341
156.11 1 0.100497
156.11 2 0.00514965
156.21 1 0.100405
156.21 2 0.0051515
156.31 1 0.100464
156.31 2 0.0051515
156.41 1 0.100464
156.41 2 0.00514959
156.51 1 0.100458
156.51 2 0.00514959
156.61 1 0.100458
156.61 2 0.00514983
156.71 1 0.100425
156.71 2 0.00514983
156.81 1 0.100425
156.81 2 0.00514793
156.91 1 0.100392
156.91 2 0.00514793
157.01 1 0.100392
157.01 2 0.00514604
157.11 1 0.100359
157.11 2 0.00514604
157.21 1 0.100359
157.21 2 0.00514415
157.31 1 0.100353
157.31 2 0.00514415
157.41 1 0.100353
157.41 2 0.0051444
157.51 1 0.10032
157.51 2 0.0051444
157.61 1 0.10032
157.61 2 0.00514069
157.71 1 0.10025
157.71 2 0.00514251
157.81 1 0.100288
157.81 2 0.00513881
157.91 1 0.100197
157.91 2 0.00514064
158.01 1 0.100281
158.01 2 0.00514064
158.11 1 0.100281
158.11 2 0.00514087
158.21 1 0.100249
158.21 2 0.00514087
158.31 1 0.100249
158.31 2 0.00513902
158.41 1 0.100217
158.41 2 0.00513902
158.51 1 0.100217
158.51 2 0.00513715
158.61 1 0.100185
158.61 2 0.00513715
158.71 1 0.100185
158.71 2 0.00513529
158.81 1 0.100179
158.81 2 0.00513529
158.91 1 0.100179
158.91 2 0.00513555
159.01 1 0.100147
159.01 2 0.00513555
159.11 1 0.100147
159.11 2 0.0051337
159.21 1 0.100115
159.21 2 0.0051337
159.31 1 0.100115
159.31 2 0.00513185
159.41 1 0.100062
159.41 2 0.00513185
159.51 1 0.100083
159.51 2 0.0051282
159.61 1 0.10004
159.61 2 0.00513001
159.71 1 0.100077
159.71 2 0.00512845
159.81 1 0.100077
159.81 2 0.00513027
159.91 1 0.100045
159.91 2 0.00513027
160.01 1 0.100045
160.01 2 0.00512843
160.11 1 0.100014
160.11 2 0.00512843
160.21 1 0.100014
160.21 2 0.0051266
160.31 1 0.099982
160.31 2 0.0051266
160.41 1 0.099982
160.41 2 0.00512478
160.51 1 0.0999766
160.51 2 0.00512478
160.61 1 0.0999766
160.61 2 0.00512505
160.71 1 0.0999451
160.71 2 0.00512505
160.81 1 0.0999451
160.81 2 0.00512323
160.91 1 0.0999136
160.91 2 0.00512323
161.01 1 0.0999136
161.01 2 0.00512141
161.11 1 0.0998616
161.11 2 0.00512141
161.21 1 0.099908
161.21 2 0.00511781
161.31 1 0.0998402
161.31 2 0.00512167
161.41 1 0.099877
161.41 2 0.00511809
161.51 1 0.0997884
161.51 2 0.00511988
161.61 1 0.0998458
161.61 2 0.00511988
161.71 1 0.0998458
161.71 2 0.00511807
161.81 1 0.0998146
161.81 2 0.00511807
161.91 1 0.0998146
161.91 2 0.00511627
162.01 1 0.0998095
162.01 2 0.00511627
162.11 1 0.0998095
162.11 2 0.00511655
162.21 1 0.0997785
162.21 2 0.00511655
162.31 1 0.0997785
162.31 2 0.00511476
162.41 1 0.0997475
162.41 2 0.00511476
162.51 1 0.0997475
162.51 2 0.00511297
162.61 1 0.0997166
162.61 2 0.00511297
162.71 1 0.0997166
162.71 2 0.00511119
162.81 1 0.0997117
162.81 2 0.00511119
162.91 1 0.0997117
162.91 2 0.00511147
163.01 1 0.0996605
163.01 2 0.00511147
163.11 1 0.0996809
163.11 2 0.00510793
163.21 1 0.0996138
163.21 2 0.0051097
163.31 1 0.0996503
163.31 2 0.00510616
163.41 1 0.0996503
163.41 2 0.00510793
163.51 1 0.0996197
163.51 2 0.00510793
163.61 1 0.0996197
163.61 2 0.00510616
163.71 1 0.0996149
163.71 2 0.00510616
163.81 1 0.0996149
163.81 2 0.00510645
163.91 1 0.0995844
163.91 2 0.00510645
164.01 1 0.0995844
164.01 2 0.00510469
164.11 1 0.099554
164.11 2 0.00510469
164.21 1 0.099554
164.21 2 0.00510293
164.31 1 0.099549
164.31 2 0.00510293
164.41 1 0.099549
164.41 2 0.00510321
164.51 1 0.0995191
164.51 2 0.00510321
164.61 1 0.0995191
164.61 2 0.00510147
164.71 1 0.0994687
164.71 2 0.00510147
164.81 1 0.0994889
164.81 2 0.00509797
164.91 1 0.0994227
164.91 2 0.00509973
165.01 1 0.0994588
165.01 2 0.00509624
165.11 1 0.0993725
165.11 2 0.00509799
165.21 1 0.0994542
165.21 2 0.00509799
165.31 1 0.0994542
165.31 2 0.00509828
165.41 1 0.0994243
165.41 2 0.00509828
165.51 1 0.0994243
165.51 2 0.00509655
165.61 1 0.0993943
165.61 2 0.00509655
165.71 1 0.0993943
165.71 2 0.00509482
165.81 1 0.0993645
165.81 2 0.00509482
165.91 1 0.0993645
165.91 2 0.00509309
166.01 1 0.0993601
166.01 2 0.00509309
166.11 1 0.0993601
166.11 2 0.0050934
166.21 1 0.0993304
166.21 2 0.0050934
166.31 1 0.0993304
166.31 2 0.00509168
166.41 1 0.0993008
166.41 2 0.00509168
166.51 1 0.0993008
166.51 2 0.00508996
166.61 1 0.0992354
166.61 2 0.00508996
166.71 1 0.0992712
166.71 2 0.00508652
166.81 1 0.0992312
166.81 2 0.00508825
166.91 1 0.0992669
166.91 2 0.00508465
167.01 1 0.0992669
167.01 2 0.00508856
167.11 1 0.0992375
167.11 2 0.00508856
167.21 1 0.0992375
167.21 2 0.00508685
167.31 1 0.0992081
167.31 2 0.00508685
167.41 1 0.0992081
167.41 2 0.00508515
167.51 1 0.0992036
167.51 2 0.00508515
167.61 1 0.0992036
167.61 2 0.00508545
167.71 1 0.0991747
167.71 2 0.00508545
167.81 1 0.0991747
167.81 2 0.00508377
167.91 1 0.0991455
167.91 2 0.00508377
168.01 1 0.0991455
168.01 2 0.00508208
168.11 1 0.0991164
168.11 2 0.00508208
168.21 1 0.0991164
168.21 2 0.00508039
168.31 1 0.0990923
168.31 2 0.00508039
168.41 1 0.0991124
168.41 2 0.00507855
168.51 1 0.099048
168.51 2 0.00508071
168.61 1 0.0990834
168.61 2 0.00507731
168.71 1 0.0989994
168.71 2 0.00507903
168.81 1 0.0990545
168.81 2 0.00507903
168.91 1 0.0990545
168.91 2 0.00507735
169.01 1 0.0990256
169.01 2 0.00507735
169.11 1 0.0990256
169.11 2 0.00507568
169.21 1 0.0990217
169.21 2 0.00507568
169.31 1 0.0990217
169.31 2 0.005076
169.41 1 0.098993
169.41 2 0.005076
169.51 1 0.098993
169.51 2 0.00507433
169.61 1 0.0989643
169.61 2 0.00507433
169.71 1 0.0989643
169.71 2 0.00507267
169.81 1 0.0989357
169.81 2 0.00507267
169.91 1 0.0989357
169.91 2 0.00507101
170.01 1 0.098932
170.01 2 0.00507101
170.11 1 0.098932
170.11 2 0.00506963
170.21 1 0.0988685
170.21 2 0.00507134
170.31 1 0.0989035
170.31 2 0.00506799
170.41 1 0.0988206
170.41 2 0.00506969
170.51 1 0.0988751
170.51 2 0.00506969
170.61 1 0.0988751
170.61 2 0.00506804
170.71 1 0.0988711
170.71 2 0.00506804
170.81 1 0.0988711
170.81 2 0.00506835
170.91 1 0.0988431
170.91 2 0.00506835
171.01 1 0.0988431
171.01 2 0.00506672
171.11 1 0.0988149
171.11 2 0.00506672
171.21 1 0.0988149
171.21 2 0.00506508
171.31 1 0.0987867
171.31 2 0.00506508
171.41 1 0.0987867
171.41 2 0.00506345
171.51 1 0.0987832
171.51 2 0.00506345
171.61 1 0.0987832
171.61 2 0.00506378
171.71 1 0.0987552
171.71 2 0.00506378
171.81 1 0.0987552
171.81 2 0.00506215
171.91 1 0.0987078
171.91 2 0.00506215
172.01 1 0.0987272
172.01 2 0.00505884
172.11 1 0.0986646
172.11 2 0.00506053
172.21 1 0.0986993
172.21 2 0.00505723
172.31 1 0.0986993
172.31 2 0.00505891
172.41 1 0.0986958
172.41 2 0.00505891
172.51 1 0.0986958
172.51 2 0.00505924
172.61 1 0.098668
172.61 2 0.00505924
172.71 1 0.098668
172.71 2 0.00505763
172.81 1 0.0986403
172.81 2 0.00505763
172.91 1 0.0986403
172.91 2 0.00505602
173.01 1 0.0986126
173.01 2 0.00505602
173.11 1 0.0986126
173.11 2 0.00505441
173.21 1 0.0986093
173.21 2 0.00505441
173.31 1 0.0986093
173.31 2 0.00505475
173.41 1 0.0985818
173.41 2 0.00505475
173.51 1 0.0985818
173.51 2 0.00505315
173.61 1 0.0985351
173.61 2 0.00505315
173.71 1 0.0985543
173.71 2 0.00504988
173.81 1 0.0984925
173.81 2 0.00505155
173.91 1 0.0985508
173.91 2 0.00504829
174.01 1 0.0984702
174.01 2 0.00505187
174.11 1 0.0985237
174.11 2 0.00505187
174.21 1 0.0985237
174.21 2 0.0050503
174.31 1 0.0984964
174.31 2 0.0050503
174.41 1 0.0984964
174.41 2 0.00504871
174.51 1 0.0984691
174.51 2 0.00504871
174.61 1 0.0984691
174.61 2 0.00504713
174.71 1 0.098466
174.71 2 0.00504713
174.81 1 0.098466
174.81 2 0.00504747
174.91 1 0.0984388
174.91 2 0.00504747
175.01 1 0.0984388
175.01 2 0.00504589
175.11 1 0.0984118
175.11 2 0.00504589
175.21 1 0.0984118
175.21 2 0.00504432
175.31 1 0.0983847
175.31 2 0.00504432
175.41 1 0.0983847
175.41 2 0.00504275
175.51 1 0.0983474
175.51 2 0.00504275
175.61 1 0.0983818
175.61 2 0.00504142
175.71 1 0.0983208
175.71 2 0.00504309
175.81 1 0.0983548
175.81 2 0.00504309
175.91 1 0.0983548
175.91 2 0.00504153
176.01 1 0.098328
176.01 2 0.00504153
176.11 1 0.098328
176.11 2 0.00503997
176.21 1 0.0983012
176.21 2 0.00503997
176.31 1 0.0983012
176.31 2 0.00503841
176.41 1 0.0982983
176.41 2 0.00503841
176.51 1 0.0982983
176.51 2 0.00503876
176.61 1 0.0982716
176.61 2 0.00503876
176.71 1 0.0982716
176.71 2 0.0050372
176.81 1 0.098245
176.81 2 0.0050372
176.91 1 0.098245
176.91 2 0.00503566
177.01 1 0.0982419
177.01 2 0.00503566
177.11 1 0.0982419
177.11 2 0.00503599
177.21 1 0.0981969
177.21 2 0.00503599
177.31 1 0.0982157
177.31 2 0.00503283
177.41 1 0.0981555
177.41 2 0.00503446
177.51 1 0.0981892
177.51 2 0.00503129
177.61 1 0.0981104
177.61 2 0.00503292
177.71 1 0.0981628
177.71 2 0.00503292
177.81 1 0.0981628
177.81 2 0.00503139
177.91 1 0.0981601
177.91 2 0.00503139
178.01 1 0.0981601
178.01 2 0.00503174
178.11 1 0.0981338
178.11 2 0.00503174
178.21 1 0.0981338
178.21 2 0.00503021
178.31 1 0.0981076
178.31 2 0.00503021
178.41 1 0.0981076
178.41 2 0.00502868
178.51 1 0.0980814
178.51 2 0.00502868
178.61 1 0.0980814
178.61 2 0.00502716
178.71 1 0.0980788
178.71 2 0.00502716
178.81 1 0.0980788
178.81 2 0.00502752
178.91 1 0.0980528
178.91 2 0.00502752
179.01 1 0.0980528
179.01 2 0.005026
179.11 1 0.0979933
179.11 2 0.005026
179.21 1 0.0980267
179.21 2 0.00502286
179.31 1 0.0979488
179.31 2 0.00502448
179.41 1 0.0980008
179.41 2 0.00502448
179.51 1 0.0980008
179.51 2 0.00502297
179.61 1 0.0979983
179.61 2 0.00502297
179.71 1 0.0979983
179.71 2 0.00502333
179.81 1 0.0979724
179.81 2 0.00502333
179.91 1 0.0979724
179.91 2 0.00502182
180.01 1 0.0979466
180.01 2 0.00502182
180.11 1 0.0979466
180.11 2 0.00502032
180.21 1 0.097944
180.21 2 0.00502032
180.31 1 0.097944
180.31 2 0.00502067
180.41 1 0.0979185
180.41 2 0.00502067
180.51 1 0.0979185
180.51 2 0.00501919
180.61 1 0.0978929
180.61 2 0.00501919
180.71 1 0.0978929
180.71 2 0.00501769
180.81 1 0.0978488
180.81 2 0.00501769
180.91 1 0.0978673
180.91 2 0.00501459
181.01 1 0.0978087
181.01 2 0.0050162
181.11 1 0.097865
181.11 2 0.00501311
181.21 1 0.097865
181.21 2 0.00501657
181.31 1 0.0978395
181.31 2 0.00501657
181.41 1 0.0978395
181.41 2 0.00501508
181.51 1 0.0978141
181.51 2 0.00501508
181.61 1 0.0978141
181.61 2 0.0050136
181.71 1 0.0977887
181.71 2 0.0050136
181.81 1 0.0977887
181.81 2 0.00501212
181.91 1 0.0977865
181.91 2 0.00501212
182.01 1 0.0977865
182.01 2 0.00501249
182.11 1 0.0977612
182.11 2 0.00501249
182.21 1 0.0977612
182.21 2 0.00501101
182.31 1 0.097736
182.31 2 0.00501101
182.41 1 0.097736
182.41 2 0.00500954
182.51 1 0.0977108
182.51 2 0.00500954
182.61 1 0.0977108
182.61 2 0.00500648
182.71 1 0.097676
182.71 2 0.00500807
182.81 1 0.0977087
182.81 2 0.00500685
182.91 1 0.0976327
182.91 2 0.00500844
183.01 1 0.0976837
183.01 2 0.00500844
183.11 1 0.0976837
183.11 2 0.00500698
183.21 1 0.0976586
183.21 2 0.00500698
183.31 1 0.0976586
183.31 2 0.00500552
183.41 1 0.0976563
183.41 2 0.00500552
183.51 1 0.0976563
183.51 2 0.00500588
183.61 1 0.0976317
183.61 2 0.00500588
183.71 1 0.0976317
183.71 2 0.00500444
183.81 1 0.0976068
183.81 2 0.00500444
183.91 1 0.0976068
183.91 2 0.00500299
184.01 1 0.097582
184.01 2 0.00500299
184.11 1 0.097582
184.11 2 0.00500154
184.21 1 0.0975801
184.21 2 0.00500154
184.31 1 0.0975801
184.31 2 0.00500191
184.41 1 0.0975372
184.41 2 0.00500191
184.51 1 0.0975553
184.51 2 0.00499889
184.61 1 0.0974982
184.61 2 0.00500047
184.71 1 0.0975307
184.71 2 0.00499745
184.81 1 0.0975307
184.81 2 0.00499903
184.91 1 0.097506
184.91 2 0.00499903
185.01 1 0.097506
185.01 2 0.00499759
185.11 1 0.0975042
185.11 2 0.00499759
185.21 1 0.0975042
185.21 2 0.00499797
185.31 1 0.0974797
185.31 2 0.00499797
185.41 1 0.0974797
185.41 2 0.00499654
185.51 1 0.0974552
185.51 2 0.00499654
185.61 1 0.0974552
185.61 2 0.00499511
185.71 1 0.0974308
185.71 2 0.00499511
185.81 1 0.0974308
185.81 2 0.00499368
185.91 1 0.0974291
185.91 2 0.00499368
186.01 1 0.0974291
186.01 2 0.00499406
186.11 1 0.0973868
186.11 2 0.00499406
186.21 1 0.0974047
186.21 2 0.00499108
186.31 1 0.0973483
186.31 2 0.00499264
186.41 1 0.0973804
186.41 2 0.00498966
186.51 1 0.0973062
186.51 2 0.00499122
186.61 1 0.0973785
186.61 2 0.00499122
186.71 1 0.0973785
186.71 2 0.00499159
186.81 1 0.0973546
186.81 2 0.00499159
186.91 1 0.0973546
186.91 2 0.00499019
187.01 1 0.0973305
187.01 2 0.00499019
187.11 1 0.0973305
187.11 2 0.00498878
187.21 1 0.0973064
187.21 2 0.00498878
187.31 1 0.0973064
187.31 2 0.00498737
187.41 1 0.0973048
187.41 2 0.00498737
187.51 1 0.0973048
187.51 2 0.00498776
187.61 1 0.0972808
187.61 2 0.00498776
187.71 1 0.0972808
187.71 2 0.00498636
187.81 1 0.0972568
187.81 2 0.00498636
187.91 1 0.0972568
187.91 2 0.00498496
188.01 1 0.097201
188.01 2 0.00498496
188.11 1 0.0972329
188.11 2 0.00498201
188.21 1 0.0971993
188.21 2 0.00498356
188.31 1 0.0972315
188.31 2 0.00498356
188.41 1 0.0972315
188.41 2 0.00498395
188.51 1 0.0972077
188.51 2 0.00498395
188.61 1 0.0972077
188.61 2 0.00498255
188.71 1 0.0971839
188.71 2 0.00498255
188.81 1 0.0971839
188.81 2 0.00498116
188.91 1 0.0971602
188.91 2 0.00498116
189.01 1 0.0971602
189.01 2 0.00497978
189.11 1 0.0971588
189.11 2 0.00497978
189.21 1 0.0971588
189.21 2 0.00498017
189.31 1 0.0971352
189.31 2 0.00498017
189.41 1 0.0971352
189.41 2 0.00497879
189.51 1 0.0971116
189.51 2 0.00497879
189.61 1 0.0971116
189.61 2 0.00497741
189.71 1 0.0970705
189.71 2 0.00497741
189.81 1 0.09711
189.81 2 0.00497449
189.91 1 0.0970552
189.91 2 0.00497778
190.01 1 0.0970868
190.01 2 0.00497489
190.11 1 0.0970142
190.11 2 0.00497642
190.21 1 0.0970633
190.21 2 0.00497642
190.31 1 0.0970633
190.31 2 0.00497505
190.41 1 0.0970399
190.41 2 0.00497505
190.51 1 0.0970399
190.51 2 0.00497368
190.61 1 0.0970387
190.61 2 0.00497368
190.71 1 0.0970387
190.71 2 0.00497408
190.81 1 0.0970154
190.81 2 0.00497408
190.91 1 0.0970154
190.91 2 0.00497271
191.01 1 0.0969921
191.01 2 0.00497271
191.11 1 0.0969921
191.11 2 0.00497135
191.21 1 0.0969689
191.21 2 0.00497135
191.31 1 0.0969689
191.31 2 0.00496999
191.41 1 0.0969678
191.41 2 0.00496999
191.51 1 0.0969678
191.51 2 0.00496885
191.61 1 0.0969133
191.61 2 0.00497039
191.71 1 0.0969446
191.71 2 0.00496751
191.81 1 0.0968728
191.81 2 0.00496903
191.91 1 0.0969216
191.91 2 0.00496903
192.01 1 0.0969216
192.01 2 0.00496768
192.11 1 0.0968985
192.11 2 0.00496768
192.21 1 0.0968985
192.21 2 0.00496633
192.31 1 0.0968975
192.31 2 0.00496633
192.41 1 0.0968975
192.41 2 0.00496673
192.51 1 0.0968745
192.51 2 0.00496673
192.61 1 0.0968745
192.61 2 0.00496539
192.71 1 0.0968516
192.71 2 0.00496539
192.81 1 0.0968516
192.81 2 0.00496405
192.91 1 0.0968503
192.91 2 0.00496405
193.01 1 0.0968503
193.01 2 0.00496443
193.11 1 0.0968278
193.11 2 0.00496443
193.21 1 0.0968278
193.21 2 0.00496311
193.31 1 0.0967877
193.31 2 0.00496311
193.41 1 0.096805
193.41 2 0.00496026
193.51 1 0.0967512
193.51 2 0.00496177
193.61 1 0.0967823
193.61 2 0.00495893
193.71 1 0.0967823
193.71 2 0.00496044
193.81 1 0.0967813
193.81 2 0.00496044
193.91 1 0.0967813
193.91 2 0.00496084
194.01 1 0.0967587
194.01 2 0.00496084
194.11 1 0.0967587
194.11 2 0.00495952
194.21 1 0.0967361
194.21 2 0.00495952
194.31 1 0.0967361
194.31 2 0.00495819
194.41 1 0.0967136
194.41 2 0.00495819
194.51 1 0.0967136
194.51 2 0.00495687
194.61 1 0.0967127
194.61 2 0.00495687
194.71 1 0.0967127
194.71 2 0.00495727
194.81 1 0.0966902
194.81 2 0.00495727
194.91 1 0.0966902
194.91 2 0.00495595
195.01 1 0.0966506
195.01 2 0.00495595
195.11 1 0.0966678
195.11 2 0.00495314
195.21 1 0.0966146
195.21 2 0.00495464
195.31 1 0.0966454
195.31 2 0.00495183
195.41 1 0.0965965
195.41 2 0.00495333
195.51 1 0.0966446
195.51 2 0.00495037
195.61 1 0.0966446
195.61 2 0.00495373
195.71 1 0.0966223
195.71 2 0.00495373
195.81 1 0.0966223
195.81 2 0.00495242
195.91 1 0.0966001
195.91 2 0.00495242
196.01 1 0.0966001
196.01 2 0.00495112
196.11 1 0.0965991
196.11 2 0.00495112
196.21 1 0.0965991
196.21 2 0.00495151
196.31 1 0.0965772
196.31 2 0.00495151
196.41 1 0.0965772
196.41 2 0.00495022
196.51 1 0.096555
196.51 2 0.00495022
196.61 1 0.096555
196.61 2 0.00494892
196.71 1 0.0965329
196.71 2 0.00494892
196.81 1 0.0965329
196.81 2 0.00494763
196.91 1 0.0964804
196.91 2 0.00494763
197.01 1 0.0965323
197.01 2 0.00494485
197.11 1 0.0964798
197.11 2 0.00494804
197.21 1 0.0965103
197.21 2 0.00494526
197.31 1 0.0965103
197.31 2 0.00494674
197.41 1 0.0964883
197.41 2 0.00494674
197.51 1 0.0964883
197.51 2 0.00494545
197.61 1 0.0964664
197.61 2 0.00494545
197.71 1 0.0964664
197.71 2 0.00494417
197.81 1 0.0964658
197.81 2 0.00494417
197.91 1 0.0964658
197.91 2 0.00494458
198.01 1 0.096444
198.01 2 0.00494458
198.11 1 0.096444
198.11 2 0.00494329
198.21 1 0.0964222
198.21 2 0.00494329
198.31 1 0.0964222
198.31 2 0.00494201
198.41 1 0.0964004
198.41 2 0.00494201
198.51 1 0.0964004
198.51 2 0.00494074
198.61 1 0.096383
198.61 2 0.00494074
198.71 1 0.0963999
198.71 2 0.00493968
198.81 1 0.096348
198.81 2 0.00494115
198.91 1 0.0963782
198.91 2 0.00493841
199.01 1 0.0963095
199.01 2 0.00493987
199.11 1 0.0963566
199.11 2 0.00493987
199.21 1 0.0963566
199.21 2 0.0049386
199.31 1 0.0963558
199.31 2 0.0049386
199.41 1 0.0963558
199.41 2 0.004939
199.51 1 0.0963345
199.51 2 0.004939
199.61 1 0.0963345
199.61 2 0.00493775
199.71 1 0.096313
199.71 2 0.00493775
199.81 1 0.096313
199.81 2 0.00493648
199.91 1 0.0962915
199.91 2 0.00493648
200.01 1 0.0962915
200.01 2 0.00493522
200.11 1 0.0962912
200.11 2 0.00493433
200.21 1 0.0962408
200.21 2 0.00493762
200.31 1 0.0962717
200.31 2 0.00493762
200.41 1 0.0962717
200.41 2 0.00493636
200.51 1 0.0962203
200.51 2 0.00493636
200.61 1 0.0962504
200.61 2 0.00493364
200.71 1 0.096199
200.71 2 0.0049351
200.81 1 0.096229
200.81 2 0.0049351
200.91 1 0.096229
200.91 2 0.00493384
