0.0 0
0.114179 4294967295
0.219091 4294967295
0.226277 4294967295
0.233474 4294967295
0.240672 4294967295
0.247869 4294967295
0.35999 4294967295
0.363589 4294967295
0.367188 4294967295
0.370786 4294967295
0.374385 4294967295
0.377984 4294967295
0.381582 4294967295
0.385181 4294967295
0.428905 4294967295
0.432504 4294967295
0.436102 4294967295
0.439701 4294967295
0.4433 4294967295
0.446898 4294967295
0.454108 4294967295
0.457707 4294967295
0.457707 4294967295
0.461305 4294967295
0.461305 4294967295
0.464891 4294967295
0.464891 4294967295
0.464891 4294967295
0.674718 4294967295
0.674718 4294967295
0.678317 4294967295
0.681915 4294967295
0.685514 4294967295
0.689113 4294967295
0.692711 4294967295
0.69631 4294967295
0.699909 4294967295
0.703507 4294967295
0.707106 4294967295
0.710704 4294967295
0.714303 4294967295
0.72871 4294967295
0.732308 4294967295
0.735907 4294967295
0.739506 4294967295
0.772434 4294967295
0.772434 4294967295
0.776021 4294967295
0.776021 4294967295
0.780225 4294967295
0.780225 4294967295
0.780225 4294967295
0.931933 4294967295
0.935531 4294967295
0.93913 4294967295
0.942729 4294967295
0.982261 4294967295
0.98586 4294967295
0.990052 4294967295
0.99365 4294967295
1.00804 4294967295
1.00804 4294967295
1.01164 4294967295
1.01164 4294967295
1.01164 4294967295
1.01524 4294967295
1.01524 4294967295
1.01524 4294967295
1.01884 4294967295
1.01884 4294967295
1.01884 4294967295
1.02244 4294967295
1.02244 4294967295
1.02244 4294967295
1.02604 4294967295
1.02604 4294967295
1.02604 4294967295
1.02964 4294967295
1.02964 4294967295
1.02964 4294967295
1.03324 4294967295
1.03324 4294967295
1.03324 4294967295
1.03682 4294967295
1.03682 4294967295
1.03743 4294967295
1.03743 4294967295
1.04041 4294967295
1.04041 4294967295
1.04041 4294967295
1.30423 4294967295
1.30782 4294967295
1.31142 4294967295
1.35155 4294967295
1.35515 4294967295
1.35875 4294967295
1.36235 4294967295
1.37314 4294967295
1.37674 4294967295
1.38034 4294967295
1.38394 4294967295
1.38754 4294967295
1.39113 4294967295
1.39473 4294967295
1.39833 4294967295
1.40193 4294967295
1.40553 4294967295
1.40553 4294967295
1.40913 4294967295
1.40913 4294967295
1.40972 4294967295
1.40972 4294967295
1.40972 4294967295
1.53923 4294967295
1.54283 4294967295
1.54643 4294967295
1.55003 4294967295
1.55363 4294967295
1.55722 4294967295
1.56082 4294967295
1.56442 4294967295
1.56802 4294967295
1.57162 4294967295
1.57522 4294967295
1.61534 4294967295
1.61894 4294967295
1.62254 4294967295
1.62614 4294967295
1.63335 4294967295
1.63695 4294967295
1.63695 4294967295
1.64055 4294967295
1.64055 4294967295
1.64413 4294967295
1.64413 4294967295
1.64413 4294967295
1.89354 4294967295
1.89354 4294967295
1.90074 4294967295
1.90434 4294967295
1.90794 4294967295
1.91154 4294967295
1.91514 4294967295
1.95886 4294967295
1.96246 4294967295
1.96606 4294967295
1.96966 4294967295
1.97325 4294967295
1.97685 4294967295
1.98045 4294967295
1.98405 4294967295
1.98765 4294967295
1.99126 4294967295
1.99486 4294967295
1.99844 4294967295
1.99844 4294967295
1.99844 4294967295
2.36354 4294967295
2.36714 4294967295
2.37074 4294967295
2.37434 4294967295
2.37794 4294967295
2.38153 4294967295
2.38513 4294967295
2.38873 4294967295
2.41806 4294967295
2.42166 4294967295
2.42526 4294967295
2.42886 4294967295
2.43246 4294967295
2.43605 4294967295
2.43965 4294967295
2.44325 4294967295
2.46126 4294967295
2.46486 4294967295
2.46486 4294967295
2.46844 4294967295
2.46844 4294967295
2.46844 4294967295
2.73226 4294967295
2.77598 4294967295
2.77958 4294967295
2.78318 4294967295
2.78678 4294967295
2.79399 4294967295
2.79759 4294967295
2.80119 4294967295
2.80479 4294967295
2.80479 4294967295
2.80838 4294967295
2.80838 4294967295
2.80838 4294967295
2.81198 4294967295
2.81198 4294967295
2.81198 4294967295
2.81558 4294967295
2.81558 4294967295
2.81558 4294967295
2.81918 4294967295
2.81918 4294967295
2.81918 4294967295
2.82278 4294967295
2.82278 4294967295
2.82278 4294967295
2.82638 4294967295
2.82638 4294967295
2.82638 4294967295
2.82998 4294967295
2.82998 4294967295
2.82998 4294967295
2.83356 4294967295
2.83356 4294967295
2.83716 4294967295
2.83716 4294967295
2.84076 4294967295
2.84076 4294967295
2.84076 4294967295
2.93489 4294967295
2.93489 4294967295
2.93848 4294967295
2.93907 4294967295
2.93907 4294967295
3.21668 4294967295
3.21668 4294967295
3.2568 4294967295
3.2604 4294967295
3.264 4294967295
3.2676 4294967295
3.2712 4294967295
3.2748 4294967295
3.27839 4294967295
3.28199 4294967295
3.28559 4294967295
3.28919 4294967295
3.29279 4294967295
3.29639 4294967295
3.29999 4294967295
3.30358 4294967295
3.30718 4294967295
3.31078 4294967295
3.31439 4294967295
3.31799 4294967295
3.31799 4294967295
3.32158 4294967295
3.32158 4294967295
3.32158 4294967295
4.2945 4294967295
4.2945 4294967295
4.3053 4294967295
4.30889 4294967295
4.31249 4294967295
4.31609 4294967295
4.31969 4294967295
4.32329 4294967295
4.3305 4294967295
4.3341 4294967295
4.3377 4294967295
4.34489 4294967295
4.36289 4294967295
4.36649 4294967295
4.39526 4294967295
4.39526 4294967295
4.39947 4294967295
4.62307 4294967295
4.62667 4294967295
4.63388 4294967295
4.63748 4294967295
4.64107 4294967295
4.64467 4294967295
4.64827 4294967295
4.65187 4294967295
4.65547 4294967295
4.65907 4294967295
4.66267 4294967295
4.66627 4294967295
4.66986 4294967295
4.67346 4294967295
4.67346 4294967295
4.67346 4294967295
4.67706 4294967295
4.67706 4294967295
4.67706 4294967295
4.68066 4294967295
4.68066 4294967295
4.68066 4294967295
4.68426 4294967295
4.68426 4294967295
4.68426 4294967295
4.68786 4294967295
4.68786 4294967295
4.68786 4294967295
4.69146 4294967295
4.69146 4294967295
4.69146 4294967295
4.69505 4294967295
4.69505 4294967295
4.69505 4294967295
4.7172 4294967295
4.7172 4294967295
4.7172 4294967295
4.7208 4294967295
4.7208 4294967295
4.7208 4294967295
4.7244 4294967295
4.7244 4294967295
4.7244 4294967295
4.72798 4294967295
4.72798 4294967295
4.72859 4294967295
4.73158 4294967295
4.8257 4294967295
4.8257 4294967295
4.97739 4294967295
4.97739 4294967295
4.98099 4294967295
4.98459 4294967295
4.98819 4294967295
4.99179 4294967295
4.999 4294967295
5.0026 4294967295
5.0062 4294967295
5.00979 4294967295
5.017 4294967295
5.0206 4294967295
5.03914 4294967295
5.04274 4294967295
5.04274 4294967295
5.04274 4294967295
5.04633 4294967295
5.04633 4294967295
5.04633 4294967295
5.04993 4294967295
5.04993 4294967295
5.04993 4294967295
5.05353 4294967295
5.05353 4294967295
5.05353 4294967295
5.05713 4294967295
5.05713 4294967295
5.05713 4294967295
5.1666 4294967295
