0.010001 1 0
0.110001 1 0
0.110001 2 0
0.210001 1 0
0.210001 2 0
0.310001 1 0
0.310001 2 0
0.410001 1 0
0.410001 2 0
0.510001 1 0
0.510001 2 0
0.610001 1 0
0.610001 2 0
0.710001 1 0
0.710001 2 0
0.810001 1 0
0.810001 2 0
0.910001 1 0
0.910001 2 0
1.01 1 0
1.01 2 0
1.11 1 0
1.11 2 0
1.21 1 0
1.21 2 0
1.31 1 0
1.31 2 0
1.41 1 0
1.41 2 0
1.51 1 0
1.51 2 0
1.61 1 0
1.61 2 0
1.71 1 0
1.71 2 0
1.81 1 0
1.81 2 0
1.91 1 0
1.91 2 0
2.01 1 0
2.01 2 0
2.11 1 0
2.11 2 0
2.21 1 0
2.21 2 0
2.31 1 0
2.31 2 0
2.41 1 0
2.41 2 0
2.51 1 0
2.51 2 0
2.61 1 0
2.61 2 0
2.71 1 0
2.71 2 0
2.81 1 0
2.81 2 0
2.91 1 0
2.91 2 0
3.01 1 0
3.01 2 0
3.11 1 0
3.11 2 0
3.21 1 0
3.21 2 0
3.31 1 0
3.31 2 0
3.41 1 0
3.41 2 0
3.51 1 0
3.51 2 0
3.61 1 0
3.61 2 0
3.71 1 0
3.71 2 0
3.81 1 0
3.81 2 0
3.91 1 0
3.91 2 0
4.01 1 0
4.01 2 0
4.11 1 0
4.11 2 0
4.21 1 0
4.21 2 0
4.31 1 0
4.31 2 0
4.41 1 0
4.41 2 0
4.51 1 0
4.51 2 0
4.61 1 0
4.61 2 0
4.71 1 0
4.71 2 0
4.81 1 0
4.81 2 0
4.91 1 0
4.91 2 0
5.01 1 0
5.01 2 0
5.11 1 0
5.11 2 0
5.21 1 0
5.21 2 0
5.31 1 0
5.31 2 0
5.41 1 0
5.41 2 0
5.51 1 0
5.51 2 0
5.61 1 0
5.61 2 0
5.71 1 0
5.71 2 0
5.81 1 0
5.81 2 0
5.91 1 0
5.91 2 0
6.01 1 0
6.01 2 0
6.11 1 0
6.11 2 0
6.21 1 0
6.21 2 0
6.31 1 0
6.31 2 0
6.41 1 0
6.41 2 0
6.51 1 0
6.51 2 0
6.61 1 0
6.61 2 0
6.71 1 0
6.71 2 0
6.81 1 0
6.81 2 0
6.91 1 0
6.91 2 0
7.01 1 0
7.01 2 0
7.11 1 0
7.11 2 0
7.21 1 0
7.21 2 0
7.31 1 0
7.31 2 0
7.41 1 0
7.41 2 0
7.51 1 0
7.51 2 0
7.61 1 0
7.61 2 0
7.71 1 0
7.71 2 0
7.81 1 0
7.81 2 0
7.91 1 0
7.91 2 0
8.01 1 0
8.01 2 0
8.11 1 0
8.11 2 0
8.21 1 0
8.21 2 0
8.31 1 0
8.31 2 0
8.41 1 0
8.41 2 0
8.51 1 0
8.51 2 0
8.61 1 0
8.61 2 0
8.71 1 0
8.71 2 0
8.81 1 0
8.81 2 0
8.91 1 0
8.91 2 0
9.01 1 0
9.01 2 0
9.11 1 0
9.11 2 0
9.21 1 0
9.21 2 0
9.31 1 0
9.31 2 0
9.41 1 0
9.41 2 0
9.51 1 0
9.51 2 0
9.61 1 0
9.61 2 0
9.71 1 0
9.71 2 0
9.81 1 0
9.81 2 0
9.91 1 0
9.91 2 0
10.01 1 0
10.01 2 0
10.11 1 0
10.11 2 0
10.21 1 0
10.21 2 0
10.31 1 0
10.31 2 0
10.41 1 0
10.41 2 0
10.51 1 0
10.51 2 0
10.61 1 0
10.61 2 0
10.71 1 0
10.71 2 0
10.81 1 0
10.81 2 0
10.91 1 0
10.91 2 0
11.01 1 1
11.01 2 1
11.11 1 1
11.11 2 1
11.21 1 1
11.21 2 1
11.31 1 1
11.31 2 1
11.41 1 1
11.41 2 1
11.51 1 1
11.51 2 1
11.61 1 1
11.61 2 1
11.71 1 1
11.71 2 1
11.81 1 1
11.81 2 1
11.91 1 1
11.91 2 1
12.01 1 2
12.01 2 2
12.11 1 2
12.11 2 2
12.21 1 2
12.21 2 2
12.31 1 2
12.31 2 2
12.41 1 2
12.41 2 2
12.51 1 2
12.51 2 2
12.61 1 2
12.61 2 2
12.71 1 2
12.71 2 2
12.81 1 2
12.81 2 2
12.91 1 2
12.91 2 2
13.01 1 2
13.01 2 4
13.11 1 2
13.11 2 4
13.21 1 2
13.21 2 4
13.31 1 2
13.31 2 4
13.41 1 2
13.41 2 4
13.51 1 2
13.51 2 4
13.61 1 2
13.61 2 4
13.71 1 2
13.71 2 4
13.81 1 2
13.81 2 4
13.91 1 2
13.91 2 4
14.01 1 2
14.01 2 5
14.11 1 2
14.11 2 5
14.21 1 2
14.21 2 5
14.31 1 2
14.31 2 5
14.41 1 2
14.41 2 5
14.51 1 2
14.51 2 5
14.61 1 2
14.61 2 5
14.71 1 2
14.71 2 5
14.81 1 2
14.81 2 5
14.91 1 2
14.91 2 5
15.01 1 6
15.01 2 6
15.11 1 6
15.11 2 6
15.21 1 6
15.21 2 6
15.31 1 6
15.31 2 6
15.41 1 6
15.41 2 6
15.51 1 6
15.51 2 6
15.61 1 6
15.61 2 6
15.71 1 6
15.71 2 6
15.81 1 6
15.81 2 6
15.91 1 6
15.91 2 6
16.01 1 7
16.01 2 9
16.11 1 7
16.11 2 9
16.21 1 7
16.21 2 9
16.31 1 7
16.31 2 9
16.41 1 7
16.41 2 9
16.51 1 7
16.51 2 9
16.61 1 7
16.61 2 9
16.71 1 7
16.71 2 9
16.81 1 7
16.81 2 9
16.91 1 7
16.91 2 9
17.01 1 8
17.01 2 12
17.11 1 8
17.11 2 12
17.21 1 8
17.21 2 12
17.31 1 8
17.31 2 12
17.41 1 8
17.41 2 12
17.51 1 8
17.51 2 12
17.61 1 8
17.61 2 12
17.71 1 8
17.71 2 12
17.81 1 8
17.81 2 12
17.91 1 8
17.91 2 12
18.01 1 8
18.01 2 13
18.11 1 8
18.11 2 13
18.21 1 8
18.21 2 13
18.31 1 8
18.31 2 13
18.41 1 8
18.41 2 13
18.51 1 8
18.51 2 13
18.61 1 8
18.61 2 13
18.71 1 8
18.71 2 13
18.81 1 8
18.81 2 13
18.91 1 8
18.91 2 13
19.01 1 8
19.01 2 13
19.11 1 8
19.11 2 13
19.21 1 8
19.21 2 13
19.31 1 8
19.31 2 13
19.41 1 8
19.41 2 13
19.51 1 8
19.51 2 13
19.61 1 8
19.61 2 13
19.71 1 8
19.71 2 13
19.81 1 8
19.81 2 13
19.91 1 8
19.91 2 13
20.01 1 9
20.01 2 14
20.11 1 9
20.11 2 14
20.21 1 9
20.21 2 14
20.31 1 9
20.31 2 14
20.41 1 9
20.41 2 14
20.51 1 9
20.51 2 14
20.61 1 9
20.61 2 14
20.71 1 9
20.71 2 14
20.81 1 9
20.81 2 14
20.91 1 9
20.91 2 14
21.01 1 10
21.01 2 14
21.11 1 10
21.11 2 14
21.21 1 10
21.21 2 14
21.31 1 10
21.31 2 14
21.41 1 10
21.41 2 14
21.51 1 10
21.51 2 14
21.61 1 10
21.61 2 14
21.71 1 10
21.71 2 14
21.81 1 10
21.81 2 14
21.91 1 10
21.91 2 14
22.01 1 13
22.01 2 15
22.11 1 13
22.11 2 15
22.21 1 13
22.21 2 15
22.31 1 13
22.31 2 15
22.41 1 13
22.41 2 15
22.51 1 13
22.51 2 15
22.61 1 13
22.61 2 15
22.71 1 13
22.71 2 15
22.81 1 13
22.81 2 15
22.91 1 13
22.91 2 15
23.01 1 16
23.01 2 15
23.11 1 16
23.11 2 15
23.21 1 16
23.21 2 15
23.31 1 16
23.31 2 15
23.41 1 16
23.41 2 15
23.51 1 16
23.51 2 15
23.61 1 16
23.61 2 15
23.71 1 16
23.71 2 15
23.81 1 16
23.81 2 15
23.91 1 16
23.91 2 15
24.01 1 16
24.01 2 15
24.11 1 16
24.11 2 15
24.21 1 16
24.21 2 15
24.31 1 16
24.31 2 15
24.41 1 16
24.41 2 15
24.51 1 16
24.51 2 15
24.61 1 16
24.61 2 15
24.71 1 16
24.71 2 15
24.81 1 16
24.81 2 15
24.91 1 16
24.91 2 15
25.01 1 17
25.01 2 16
25.11 1 17
25.11 2 16
25.21 1 17
25.21 2 16
25.31 1 17
25.31 2 16
25.41 1 17
25.41 2 16
25.51 1 17
25.51 2 16
25.61 1 17
25.61 2 16
25.71 1 17
25.71 2 16
25.81 1 17
25.81 2 16
25.91 1 17
25.91 2 16
26.01 1 18
26.01 2 16
26.11 1 18
26.11 2 16
26.21 1 18
26.21 2 16
26.31 1 18
26.31 2 16
26.41 1 18
26.41 2 16
26.51 1 18
26.51 2 16
26.61 1 18
26.61 2 16
26.71 1 18
26.71 2 16
26.81 1 18
26.81 2 16
26.91 1 18
26.91 2 16
27.01 1 21
27.01 2 16
27.11 1 21
27.11 2 16
27.21 1 21
27.21 2 16
27.31 1 21
27.31 2 16
27.41 1 21
27.41 2 16
27.51 1 21
27.51 2 16
27.61 1 21
27.61 2 16
27.71 1 21
27.71 2 16
27.81 1 21
27.81 2 16
27.91 1 21
27.91 2 16
28.01 1 21
28.01 2 16
28.11 1 21
28.11 2 16
28.21 1 21
28.21 2 16
28.31 1 21
28.31 2 16
28.41 1 21
28.41 2 16
28.51 1 21
28.51 2 16
28.61 1 21
28.61 2 16
28.71 1 21
28.71 2 16
28.81 1 21
28.81 2 16
28.91 1 21
28.91 2 16
29.01 1 24
29.01 2 17
29.11 1 24
29.11 2 17
29.21 1 24
29.21 2 17
29.31 1 24
29.31 2 17
29.41 1 24
29.41 2 17
29.51 1 24
29.51 2 17
29.61 1 24
29.61 2 17
29.71 1 24
29.71 2 17
29.81 1 24
29.81 2 17
29.91 1 24
29.91 2 17
30.01 1 27
30.01 2 21
30.11 1 27
30.11 2 21
30.21 1 27
30.21 2 21
30.31 1 27
30.31 2 21
30.41 1 27
30.41 2 21
30.51 1 27
30.51 2 21
30.61 1 27
30.61 2 21
30.71 1 27
30.71 2 21
30.81 1 27
30.81 2 21
30.91 1 27
30.91 2 21
31.01 1 29
31.01 2 22
31.11 1 29
31.11 2 22
31.21 1 29
31.21 2 22
31.31 1 29
31.31 2 22
31.41 1 29
31.41 2 22
31.51 1 29
31.51 2 22
31.61 1 29
31.61 2 22
31.71 1 29
31.71 2 22
31.81 1 29
31.81 2 22
31.91 1 29
31.91 2 22
32.01 1 30
32.01 2 24
32.11 1 30
32.11 2 24
32.21 1 30
32.21 2 24
32.31 1 30
32.31 2 24
32.41 1 30
32.41 2 24
32.51 1 30
32.51 2 24
32.61 1 30
32.61 2 24
32.71 1 30
32.71 2 24
32.81 1 30
32.81 2 24
32.91 1 30
32.91 2 24
33.01 1 34
33.01 2 24
33.11 1 34
33.11 2 24
33.21 1 34
33.21 2 24
33.31 1 34
33.31 2 24
33.41 1 34
33.41 2 24
33.51 1 34
33.51 2 24
33.61 1 34
33.61 2 24
33.71 1 34
33.71 2 24
33.81 1 34
33.81 2 24
33.91 1 34
33.91 2 24
34.01 1 34
34.01 2 25
34.11 1 34
34.11 2 25
34.21 1 34
34.21 2 25
34.31 1 34
34.31 2 25
34.41 1 34
34.41 2 25
34.51 1 34
34.51 2 25
34.61 1 34
34.61 2 25
34.71 1 34
34.71 2 25
34.81 1 34
34.81 2 25
34.91 1 34
34.91 2 25
35.01 1 36
35.01 2 27
35.11 1 36
35.11 2 27
35.21 1 36
35.21 2 27
35.31 1 36
35.31 2 27
35.41 1 36
35.41 2 27
35.51 1 36
35.51 2 27
35.61 1 36
35.61 2 27
35.71 1 36
35.71 2 27
35.81 1 36
35.81 2 27
35.91 1 36
35.91 2 27
36.01 1 37
36.01 2 27
36.11 1 37
36.11 2 27
36.21 1 37
36.21 2 27
36.31 1 37
36.31 2 27
36.41 1 37
36.41 2 27
36.51 1 37
36.51 2 27
36.61 1 37
36.61 2 27
36.71 1 37
36.71 2 27
36.81 1 37
36.81 2 27
36.91 1 37
36.91 2 27
37.01 1 38
37.01 2 28
37.11 1 38
37.11 2 28
37.21 1 38
37.21 2 28
37.31 1 38
37.31 2 28
37.41 1 38
37.41 2 28
37.51 1 38
37.51 2 28
37.61 1 38
37.61 2 28
37.71 1 38
37.71 2 28
37.81 1 38
37.81 2 28
37.91 1 38
37.91 2 28
38.01 1 38
38.01 2 29
38.11 1 38
38.11 2 29
38.21 1 38
38.21 2 29
38.31 1 38
38.31 2 29
38.41 1 38
38.41 2 29
38.51 1 38
38.51 2 29
38.61 1 38
38.61 2 29
38.71 1 38
38.71 2 29
38.81 1 38
38.81 2 29
38.91 1 38
38.91 2 29
39.01 1 39
39.01 2 30
39.11 1 39
39.11 2 30
39.21 1 39
39.21 2 30
39.31 1 39
39.31 2 30
39.41 1 39
39.41 2 30
39.51 1 39
39.51 2 30
39.61 1 39
39.61 2 30
39.71 1 39
39.71 2 30
39.81 1 39
39.81 2 30
39.91 1 39
39.91 2 30
40.01 1 39
40.01 2 32
40.11 1 39
40.11 2 32
40.21 1 39
40.21 2 32
40.31 1 39
40.31 2 32
40.41 1 39
40.41 2 32
40.51 1 39
40.51 2 32
40.61 1 39
40.61 2 32
40.71 1 39
40.71 2 32
40.81 1 39
40.81 2 32
40.91 1 39
40.91 2 32
41.01 1 44
41.01 2 33
41.11 1 44
41.11 2 33
41.21 1 44
41.21 2 33
41.31 1 44
41.31 2 33
41.41 1 44
41.41 2 33
41.51 1 44
41.51 2 33
41.61 1 44
41.61 2 33
41.71 1 44
41.71 2 33
41.81 1 44
41.81 2 33
41.91 1 44
41.91 2 33
42.01 1 47
42.01 2 34
42.11 1 47
42.11 2 34
42.21 1 47
42.21 2 34
42.31 1 47
42.31 2 34
42.41 1 47
42.41 2 34
42.51 1 47
42.51 2 34
42.61 1 47
42.61 2 34
42.71 1 47
42.71 2 34
42.81 1 47
42.81 2 34
42.91 1 47
42.91 2 34
43.01 1 49
43.01 2 36
43.11 1 49
43.11 2 36
43.21 1 49
43.21 2 36
43.31 1 49
43.31 2 36
43.41 1 49
43.41 2 36
43.51 1 49
43.51 2 36
43.61 1 49
43.61 2 36
43.71 1 49
43.71 2 36
43.81 1 49
43.81 2 36
43.91 1 49
43.91 2 36
44.01 1 54
44.01 2 39
44.11 1 54
44.11 2 39
44.21 1 54
44.21 2 39
44.31 1 54
44.31 2 39
44.41 1 54
44.41 2 39
44.51 1 54
44.51 2 39
44.61 1 54
44.61 2 39
44.71 1 54
44.71 2 39
44.81 1 54
44.81 2 39
44.91 1 54
44.91 2 39
45.01 1 56
45.01 2 39
45.11 1 56
45.11 2 39
45.21 1 56
45.21 2 39
45.31 1 56
45.31 2 39
45.41 1 56
45.41 2 39
45.51 1 56
45.51 2 39
45.61 1 56
45.61 2 39
45.71 1 56
45.71 2 39
45.81 1 56
45.81 2 39
45.91 1 56
45.91 2 39
46.01 1 60
46.01 2 39
46.11 1 60
46.11 2 39
46.21 1 60
46.21 2 39
46.31 1 60
46.31 2 39
46.41 1 60
46.41 2 39
46.51 1 60
46.51 2 39
46.61 1 60
46.61 2 39
46.71 1 60
46.71 2 39
46.81 1 60
46.81 2 39
46.91 1 60
46.91 2 39
47.01 1 61
47.01 2 40
47.11 1 61
47.11 2 40
47.21 1 61
47.21 2 40
47.31 1 61
47.31 2 40
47.41 1 61
47.41 2 40
47.51 1 61
47.51 2 40
47.61 1 61
47.61 2 40
47.71 1 61
47.71 2 40
47.81 1 61
47.81 2 40
47.91 1 61
47.91 2 40
48.01 1 63
48.01 2 44
48.11 1 63
48.11 2 44
48.21 1 63
48.21 2 44
48.31 1 63
48.31 2 44
48.41 1 63
48.41 2 44
48.51 1 63
48.51 2 44
48.61 1 63
48.61 2 44
48.71 1 63
48.71 2 44
48.81 1 63
48.81 2 44
48.91 1 63
48.91 2 44
49.01 1 66
49.01 2 47
49.11 1 66
49.11 2 47
49.21 1 66
49.21 2 47
49.31 1 66
49.31 2 47
49.41 1 66
49.41 2 47
49.51 1 66
49.51 2 47
49.61 1 66
49.61 2 47
49.71 1 66
49.71 2 47
49.81 1 66
49.81 2 47
49.91 1 66
49.91 2 47
50.01 1 66
50.01 2 48
50.11 1 66
50.11 2 48
50.21 1 66
50.21 2 48
50.31 1 66
50.31 2 48
50.41 1 66
50.41 2 48
50.51 1 66
50.51 2 48
50.61 1 66
50.61 2 48
50.71 1 66
50.71 2 48
50.81 1 66
50.81 2 48
50.91 1 66
50.91 2 48
51.01 1 68
51.01 2 50
51.11 1 68
51.11 2 50
51.21 1 68
51.21 2 50
51.31 1 68
51.31 2 50
51.41 1 68
51.41 2 50
51.51 1 68
51.51 2 50
51.61 1 68
51.61 2 50
51.71 1 68
51.71 2 50
51.81 1 68
51.81 2 50
51.91 1 68
51.91 2 50
52.01 1 69
52.01 2 52
52.11 1 69
52.11 2 52
52.21 1 69
52.21 2 52
52.31 1 69
52.31 2 52
52.41 1 69
52.41 2 52
52.51 1 69
52.51 2 52
52.61 1 69
52.61 2 52
52.71 1 69
52.71 2 52
52.81 1 69
52.81 2 52
52.91 1 69
52.91 2 52
53.01 1 74
53.01 2 53
53.11 1 74
53.11 2 53
53.21 1 74
53.21 2 53
53.31 1 74
53.31 2 53
53.41 1 74
53.41 2 53
53.51 1 74
53.51 2 53
53.61 1 74
53.61 2 53
53.71 1 74
53.71 2 53
53.81 1 74
53.81 2 53
53.91 1 74
53.91 2 53
54.01 1 78
54.01 2 53
54.11 1 78
54.11 2 53
54.21 1 78
54.21 2 53
54.31 1 78
54.31 2 53
54.41 1 78
54.41 2 53
54.51 1 78
54.51 2 53
54.61 1 78
54.61 2 53
54.71 1 78
54.71 2 53
54.81 1 78
54.81 2 53
54.91 1 78
54.91 2 53
55.01 1 81
55.01 2 56
55.11 1 81
55.11 2 56
55.21 1 81
55.21 2 56
55.31 1 81
55.31 2 56
55.41 1 81
55.41 2 56
55.51 1 81
55.51 2 56
55.61 1 81
55.61 2 56
55.71 1 81
55.71 2 56
55.81 1 81
55.81 2 56
55.91 1 81
55.91 2 56
56.01 1 86
56.01 2 57
56.11 1 86
56.11 2 57
56.21 1 86
56.21 2 57
56.31 1 86
56.31 2 57
56.41 1 86
56.41 2 57
56.51 1 86
56.51 2 57
56.61 1 86
56.61 2 57
56.71 1 86
56.71 2 57
56.81 1 86
56.81 2 57
56.91 1 86
56.91 2 57
57.01 1 92
57.01 2 57
57.11 1 92
57.11 2 57
57.21 1 92
57.21 2 57
57.31 1 92
57.31 2 57
57.41 1 92
57.41 2 57
57.51 1 92
57.51 2 57
57.61 1 92
57.61 2 57
57.71 1 92
57.71 2 57
57.81 1 92
57.81 2 57
57.91 1 92
57.91 2 57
58.01 1 94
58.01 2 58
58.11 1 94
58.11 2 58
58.21 1 94
58.21 2 58
58.31 1 94
58.31 2 58
58.41 1 94
58.41 2 58
58.51 1 94
58.51 2 58
58.61 1 94
58.61 2 58
58.71 1 94
58.71 2 58
58.81 1 94
58.81 2 58
58.91 1 94
58.91 2 58
59.01 1 98
59.01 2 59
59.11 1 98
59.11 2 59
59.21 1 98
59.21 2 59
59.31 1 98
59.31 2 59
59.41 1 98
59.41 2 59
59.51 1 98
59.51 2 59
59.61 1 98
59.61 2 59
59.71 1 98
59.71 2 59
59.81 1 98
59.81 2 59
59.91 1 98
59.91 2 59
60.01 1 102
60.01 2 60
60.11 1 102
60.11 2 60
60.21 1 102
60.21 2 60
60.31 1 102
60.31 2 60
60.41 1 102
60.41 2 60
60.51 1 102
60.51 2 60
60.61 1 102
60.61 2 60
60.71 1 102
60.71 2 60
60.81 1 102
60.81 2 60
60.91 1 102
60.91 2 60
61.01 1 106
61.01 2 61
61.11 1 106
61.11 2 61
61.21 1 106
61.21 2 61
61.31 1 106
61.31 2 61
61.41 1 106
61.41 2 61
61.51 1 106
61.51 2 61
61.61 1 106
61.61 2 61
61.71 1 106
61.71 2 61
61.81 1 106
61.81 2 61
61.91 1 106
61.91 2 61
62.01 1 107
62.01 2 62
62.11 1 107
62.11 2 62
62.21 1 107
62.21 2 62
62.31 1 107
62.31 2 62
62.41 1 107
62.41 2 62
62.51 1 107
62.51 2 62
62.61 1 107
62.61 2 62
62.71 1 107
62.71 2 62
62.81 1 107
62.81 2 62
62.91 1 107
62.91 2 62
63.01 1 108
63.01 2 62
63.11 1 108
63.11 2 62
63.21 1 108
63.21 2 62
63.31 1 108
63.31 2 62
63.41 1 108
63.41 2 62
63.51 1 108
63.51 2 62
63.61 1 108
63.61 2 62
63.71 1 108
63.71 2 62
63.81 1 108
63.81 2 62
63.91 1 108
63.91 2 62
64.01 1 110
64.01 2 62
64.11 1 110
64.11 2 62
64.21 1 110
64.21 2 62
64.31 1 110
64.31 2 62
64.41 1 110
64.41 2 62
64.51 1 110
64.51 2 62
64.61 1 110
64.61 2 62
64.71 1 110
64.71 2 62
64.81 1 110
64.81 2 62
64.91 1 110
64.91 2 62
65.01 1 112
65.01 2 63
65.11 1 112
65.11 2 63
65.21 1 112
65.21 2 63
65.31 1 112
65.31 2 63
65.41 1 112
65.41 2 63
65.51 1 112
65.51 2 63
65.61 1 112
65.61 2 63
65.71 1 112
65.71 2 63
65.81 1 112
65.81 2 63
65.91 1 112
65.91 2 63
66.01 1 113
66.01 2 64
66.11 1 113
66.11 2 64
66.21 1 113
66.21 2 64
66.31 1 113
66.31 2 64
66.41 1 113
66.41 2 64
66.51 1 113
66.51 2 64
66.61 1 113
66.61 2 64
66.71 1 113
66.71 2 64
66.81 1 113
66.81 2 64
66.91 1 113
66.91 2 64
67.01 1 116
67.01 2 66
67.11 1 116
67.11 2 66
67.21 1 116
67.21 2 66
67.31 1 116
67.31 2 66
67.41 1 116
67.41 2 66
67.51 1 116
67.51 2 66
67.61 1 116
67.61 2 66
67.71 1 116
67.71 2 66
67.81 1 116
67.81 2 66
67.91 1 116
67.91 2 66
68.01 1 118
68.01 2 68
68.11 1 118
68.11 2 68
68.21 1 118
68.21 2 68
68.31 1 118
68.31 2 68
68.41 1 118
68.41 2 68
68.51 1 118
68.51 2 68
68.61 1 118
68.61 2 68
68.71 1 118
68.71 2 68
68.81 1 118
68.81 2 68
68.91 1 118
68.91 2 68
69.01 1 121
69.01 2 68
69.11 1 121
69.11 2 68
69.21 1 121
69.21 2 68
69.31 1 121
69.31 2 68
69.41 1 121
69.41 2 68
69.51 1 121
69.51 2 68
69.61 1 121
69.61 2 68
69.71 1 121
69.71 2 68
69.81 1 121
69.81 2 68
69.91 1 121
69.91 2 68
70.01 1 125
70.01 2 69
70.11 1 125
70.11 2 69
70.21 1 125
70.21 2 69
70.31 1 125
70.31 2 69
70.41 1 125
70.41 2 69
70.51 1 125
70.51 2 69
70.61 1 125
70.61 2 69
70.71 1 125
70.71 2 69
70.81 1 125
70.81 2 69
70.91 1 125
70.91 2 69
71.01 1 129
71.01 2 70
71.11 1 129
71.11 2 70
71.21 1 129
71.21 2 70
71.31 1 129
71.31 2 70
71.41 1 129
71.41 2 70
71.51 1 129
71.51 2 70
71.61 1 129
71.61 2 70
71.71 1 129
71.71 2 70
71.81 1 129
71.81 2 70
71.91 1 129
71.91 2 70
72.01 1 129
72.01 2 70
72.11 1 129
72.11 2 70
72.21 1 129
72.21 2 70
72.31 1 129
72.31 2 70
72.41 1 129
72.41 2 70
72.51 1 129
72.51 2 70
72.61 1 129
72.61 2 70
72.71 1 129
72.71 2 70
72.81 1 129
72.81 2 70
72.91 1 129
72.91 2 70
73.01 1 130
73.01 2 70
73.11 1 130
73.11 2 70
73.21 1 130
73.21 2 70
73.31 1 130
73.31 2 70
73.41 1 130
73.41 2 70
73.51 1 130
73.51 2 70
73.61 1 130
73.61 2 70
73.71 1 130
73.71 2 70
73.81 1 130
73.81 2 70
73.91 1 130
73.91 2 70
74.01 1 130
74.01 2 70
74.11 1 130
74.11 2 70
74.21 1 130
74.21 2 70
74.31 1 130
74.31 2 70
74.41 1 130
74.41 2 70
74.51 1 130
74.51 2 70
74.61 1 130
74.61 2 70
74.71 1 130
74.71 2 70
74.81 1 130
74.81 2 70
74.91 1 130
74.91 2 70
75.01 1 130
75.01 2 70
75.11 1 130
75.11 2 70
75.21 1 130
75.21 2 70
75.31 1 130
75.31 2 70
75.41 1 130
75.41 2 70
75.51 1 130
75.51 2 70
75.61 1 130
75.61 2 70
75.71 1 130
75.71 2 70
75.81 1 130
75.81 2 70
75.91 1 130
75.91 2 70
76.01 1 130
76.01 2 70
76.11 1 130
76.11 2 70
76.21 1 130
76.21 2 70
76.31 1 130
76.31 2 70
76.41 1 130
76.41 2 70
76.51 1 130
76.51 2 70
76.61 1 130
76.61 2 70
76.71 1 130
76.71 2 70
76.81 1 130
76.81 2 70
76.91 1 130
76.91 2 70
77.01 1 130
77.01 2 70
77.11 1 130
77.11 2 70
77.21 1 130
77.21 2 70
77.31 1 130
77.31 2 70
77.41 1 130
77.41 2 70
77.51 1 130
77.51 2 70
77.61 1 130
77.61 2 70
77.71 1 130
77.71 2 70
77.81 1 130
77.81 2 70
77.91 1 130
77.91 2 70
78.01 1 130
78.01 2 70
78.11 1 130
78.11 2 70
78.21 1 130
78.21 2 70
78.31 1 130
78.31 2 70
78.41 1 130
78.41 2 70
78.51 1 130
78.51 2 70
78.61 1 130
78.61 2 70
78.71 1 130
78.71 2 70
78.81 1 130
78.81 2 70
78.91 1 130
78.91 2 70
79.01 1 130
79.01 2 70
79.11 1 130
79.11 2 70
79.21 1 130
79.21 2 70
79.31 1 130
79.31 2 70
79.41 1 130
79.41 2 70
79.51 1 130
79.51 2 70
79.61 1 130
79.61 2 70
79.71 1 130
79.71 2 70
79.81 1 130
79.81 2 70
79.91 1 130
79.91 2 70
80.01 1 130
80.01 2 70
80.11 1 130
80.11 2 70
80.21 1 130
80.21 2 70
80.31 1 130
80.31 2 70
80.41 1 130
80.41 2 70
80.51 1 130
80.51 2 70
80.61 1 130
80.61 2 70
80.71 1 130
80.71 2 70
80.81 1 130
80.81 2 70
80.91 1 130
80.91 2 70
81.01 1 130
81.01 2 70
81.11 1 130
81.11 2 70
81.21 1 130
81.21 2 70
81.31 1 130
81.31 2 70
81.41 1 130
81.41 2 70
81.51 1 130
81.51 2 70
81.61 1 130
81.61 2 70
81.71 1 130
81.71 2 70
81.81 1 130
81.81 2 70
81.91 1 130
81.91 2 70
82.01 1 130
82.01 2 70
82.11 1 130
82.11 2 70
82.21 1 130
82.21 2 70
82.31 1 130
82.31 2 70
82.41 1 130
82.41 2 70
82.51 1 130
82.51 2 70
82.61 1 130
82.61 2 70
82.71 1 130
82.71 2 70
82.81 1 130
82.81 2 70
82.91 1 130
82.91 2 70
83.01 1 130
83.01 2 70
83.11 1 130
83.11 2 70
83.21 1 130
83.21 2 70
83.31 1 130
83.31 2 70
83.41 1 130
83.41 2 70
83.51 1 130
83.51 2 70
83.61 1 130
83.61 2 70
83.71 1 130
83.71 2 70
83.81 1 130
83.81 2 70
83.91 1 130
83.91 2 70
84.01 1 130
84.01 2 70
84.11 1 130
84.11 2 70
84.21 1 130
84.21 2 70
84.31 1 130
84.31 2 70
84.41 1 130
84.41 2 70
84.51 1 130
84.51 2 70
84.61 1 130
84.61 2 70
84.71 1 130
84.71 2 70
84.81 1 130
84.81 2 70
84.91 1 130
84.91 2 70
85.01 1 130
85.01 2 70
85.11 1 130
85.11 2 70
85.21 1 130
85.21 2 70
85.31 1 130
85.31 2 70
85.41 1 130
85.41 2 70
85.51 1 130
85.51 2 70
85.61 1 130
85.61 2 70
85.71 1 130
85.71 2 70
85.81 1 130
85.81 2 70
85.91 1 130
85.91 2 70
86.01 1 130
86.01 2 70
86.11 1 130
86.11 2 70
86.21 1 130
86.21 2 70
86.31 1 130
86.31 2 70
86.41 1 130
86.41 2 70
86.51 1 130
86.51 2 70
86.61 1 130
86.61 2 70
86.71 1 130
86.71 2 70
86.81 1 130
86.81 2 70
86.91 1 130
86.91 2 70
87.01 1 130
87.01 2 70
87.11 1 130
87.11 2 70
87.21 1 130
87.21 2 70
87.31 1 130
87.31 2 70
87.41 1 130
87.41 2 70
87.51 1 130
87.51 2 70
87.61 1 130
87.61 2 70
87.71 1 130
87.71 2 70
87.81 1 130
87.81 2 70
87.91 1 130
87.91 2 70
88.01 1 130
88.01 2 70
88.11 1 130
88.11 2 70
88.21 1 130
88.21 2 70
88.31 1 130
88.31 2 70
88.41 1 130
88.41 2 70
88.51 1 130
88.51 2 70
88.61 1 130
88.61 2 70
88.71 1 130
88.71 2 70
88.81 1 130
88.81 2 70
88.91 1 130
88.91 2 70
89.01 1 130
89.01 2 70
89.11 1 130
89.11 2 70
89.21 1 130
89.21 2 70
89.31 1 130
89.31 2 70
89.41 1 130
89.41 2 70
89.51 1 130
89.51 2 70
89.61 1 130
89.61 2 70
89.71 1 130
89.71 2 70
89.81 1 130
89.81 2 70
89.91 1 130
89.91 2 70
90.01 1 130
90.01 2 70
90.11 1 130
90.11 2 70
90.21 1 130
90.21 2 70
90.31 1 130
90.31 2 70
90.41 1 130
90.41 2 70
90.51 1 130
90.51 2 70
90.61 1 130
90.61 2 70
90.71 1 130
90.71 2 70
90.81 1 130
90.81 2 70
90.91 1 130
90.91 2 70
91.01 1 130
91.01 2 70
91.11 1 130
91.11 2 70
91.21 1 130
91.21 2 70
91.31 1 130
91.31 2 70
91.41 1 130
91.41 2 70
91.51 1 130
91.51 2 70
91.61 1 130
91.61 2 70
91.71 1 130
91.71 2 70
91.81 1 130
91.81 2 70
91.91 1 130
91.91 2 70
92.01 1 130
92.01 2 70
92.11 1 130
92.11 2 70
92.21 1 130
92.21 2 70
92.31 1 130
92.31 2 70
92.41 1 130
92.41 2 70
92.51 1 130
92.51 2 70
92.61 1 130
92.61 2 70
92.71 1 130
92.71 2 70
92.81 1 130
92.81 2 70
92.91 1 130
92.91 2 70
93.01 1 130
93.01 2 70
93.11 1 130
93.11 2 70
93.21 1 130
93.21 2 70
93.31 1 130
93.31 2 70
93.41 1 130
93.41 2 70
93.51 1 130
93.51 2 70
93.61 1 130
93.61 2 70
93.71 1 130
93.71 2 70
93.81 1 130
93.81 2 70
93.91 1 130
93.91 2 70
94.01 1 130
94.01 2 70
94.11 1 130
94.11 2 70
94.21 1 130
94.21 2 70
94.31 1 130
94.31 2 70
94.41 1 130
94.41 2 70
94.51 1 130
94.51 2 70
94.61 1 130
94.61 2 70
94.71 1 130
94.71 2 70
94.81 1 130
94.81 2 70
94.91 1 130
94.91 2 70
95.01 1 130
95.01 2 70
95.11 1 130
95.11 2 70
95.21 1 130
95.21 2 70
95.31 1 130
95.31 2 70
95.41 1 130
95.41 2 70
95.51 1 130
95.51 2 70
95.61 1 130
95.61 2 70
95.71 1 130
95.71 2 70
95.81 1 130
95.81 2 70
95.91 1 130
95.91 2 70
96.01 1 130
96.01 2 70
96.11 1 130
96.11 2 70
96.21 1 130
96.21 2 70
96.31 1 130
96.31 2 70
96.41 1 130
96.41 2 70
96.51 1 130
96.51 2 70
96.61 1 130
96.61 2 70
96.71 1 130
96.71 2 70
96.81 1 130
96.81 2 70
96.91 1 130
96.91 2 70
97.01 1 130
97.01 2 70
97.11 1 130
97.11 2 70
97.21 1 130
97.21 2 70
97.31 1 130
97.31 2 70
97.41 1 130
97.41 2 70
97.51 1 130
97.51 2 70
97.61 1 130
97.61 2 70
97.71 1 130
97.71 2 70
97.81 1 130
97.81 2 70
97.91 1 130
97.91 2 70
98.01 1 130
98.01 2 70
98.11 1 130
98.11 2 70
98.21 1 130
98.21 2 70
98.31 1 130
98.31 2 70
98.41 1 130
98.41 2 70
98.51 1 130
98.51 2 70
98.61 1 130
98.61 2 70
98.71 1 130
98.71 2 70
98.81 1 130
98.81 2 70
98.91 1 130
98.91 2 70
99.01 1 130
99.01 2 70
99.11 1 130
99.11 2 70
99.21 1 130
99.21 2 70
99.31 1 130
99.31 2 70
99.41 1 130
99.41 2 70
99.51 1 130
99.51 2 70
99.61 1 130
99.61 2 70
99.71 1 130
99.71 2 70
99.81 1 130
99.81 2 70
99.91 1 130
99.91 2 70
100.01 1 130
100.01 2 70
100.11 1 130
100.11 2 70
100.21 1 130
100.21 2 70
100.31 1 130
100.31 2 70
100.41 1 130
100.41 2 70
100.51 1 130
100.51 2 70
100.61 1 130
100.61 2 70
100.71 1 130
100.71 2 70
100.81 1 130
100.81 2 70
100.91 1 130
100.91 2 70
101.01 1 130
101.01 2 70
101.11 1 130
101.11 2 70
101.21 1 130
101.21 2 70
101.31 1 130
101.31 2 70
101.41 1 130
101.41 2 70
101.51 1 130
101.51 2 70
101.61 1 130
101.61 2 70
101.71 1 130
101.71 2 70
101.81 1 130
101.81 2 70
101.91 1 130
101.91 2 70
102.01 1 130
102.01 2 70
102.11 1 130
102.11 2 70
102.21 1 130
102.21 2 70
102.31 1 130
102.31 2 70
102.41 1 130
102.41 2 70
102.51 1 130
102.51 2 70
102.61 1 130
102.61 2 70
102.71 1 130
102.71 2 70
102.81 1 130
102.81 2 70
102.91 1 130
102.91 2 70
103.01 1 130
103.01 2 70
103.11 1 130
103.11 2 70
103.21 1 130
103.21 2 70
103.31 1 130
103.31 2 70
103.41 1 130
103.41 2 70
103.51 1 130
103.51 2 70
103.61 1 130
103.61 2 70
103.71 1 130
103.71 2 70
103.81 1 130
103.81 2 70
103.91 1 130
103.91 2 70
104.01 1 130
104.01 2 70
104.11 1 130
104.11 2 70
104.21 1 130
104.21 2 70
104.31 1 130
104.31 2 70
104.41 1 130
104.41 2 70
104.51 1 130
104.51 2 70
104.61 1 130
104.61 2 70
104.71 1 130
104.71 2 70
104.81 1 130
104.81 2 70
104.91 1 130
104.91 2 70
105.01 1 130
105.01 2 70
105.11 1 130
105.11 2 70
105.21 1 130
105.21 2 70
105.31 1 130
105.31 2 70
105.41 1 130
105.41 2 70
105.51 1 130
105.51 2 70
105.61 1 130
105.61 2 70
105.71 1 130
105.71 2 70
105.81 1 130
105.81 2 70
105.91 1 130
105.91 2 70
106.01 1 130
106.01 2 70
106.11 1 130
106.11 2 70
106.21 1 130
106.21 2 70
106.31 1 130
106.31 2 70
106.41 1 130
106.41 2 70
106.51 1 130
106.51 2 70
106.61 1 130
106.61 2 70
106.71 1 130
106.71 2 70
106.81 1 130
106.81 2 70
106.91 1 130
106.91 2 70
107.01 1 130
107.01 2 70
107.11 1 130
107.11 2 70
107.21 1 130
107.21 2 70
107.31 1 130
107.31 2 70
107.41 1 130
107.41 2 70
107.51 1 130
107.51 2 70
107.61 1 130
107.61 2 70
107.71 1 130
107.71 2 70
107.81 1 130
107.81 2 70
107.91 1 130
107.91 2 70
108.01 1 130
108.01 2 70
108.11 1 130
108.11 2 70
108.21 1 130
108.21 2 70
108.31 1 130
108.31 2 70
108.41 1 130
108.41 2 70
108.51 1 130
108.51 2 70
108.61 1 130
108.61 2 70
108.71 1 130
108.71 2 70
108.81 1 130
108.81 2 70
108.91 1 130
108.91 2 70
109.01 1 130
109.01 2 70
109.11 1 130
109.11 2 70
109.21 1 130
109.21 2 70
109.31 1 130
109.31 2 70
109.41 1 130
109.41 2 70
109.51 1 130
109.51 2 70
109.61 1 130
109.61 2 70
109.71 1 130
109.71 2 70
109.81 1 130
109.81 2 70
109.91 1 130
109.91 2 70
110.01 1 130
110.01 2 70
110.11 1 130
110.11 2 70
110.21 1 130
110.21 2 70
110.31 1 130
110.31 2 70
110.41 1 130
110.41 2 70
110.51 1 130
110.51 2 70
110.61 1 130
110.61 2 70
110.71 1 130
110.71 2 70
110.81 1 130
110.81 2 70
110.91 1 130
110.91 2 70
111.01 1 130
111.01 2 70
111.11 1 130
111.11 2 70
111.21 1 130
111.21 2 70
111.31 1 130
111.31 2 70
111.41 1 130
111.41 2 70
111.51 1 130
111.51 2 70
111.61 1 130
111.61 2 70
111.71 1 130
111.71 2 70
111.81 1 130
111.81 2 70
111.91 1 130
111.91 2 70
112.01 1 130
112.01 2 70
112.11 1 130
112.11 2 70
112.21 1 130
112.21 2 70
112.31 1 130
112.31 2 70
112.41 1 130
112.41 2 70
112.51 1 130
112.51 2 70
112.61 1 130
112.61 2 70
112.71 1 130
112.71 2 70
112.81 1 130
112.81 2 70
112.91 1 130
112.91 2 70
113.01 1 130
113.01 2 70
113.11 1 130
113.11 2 70
113.21 1 130
113.21 2 70
113.31 1 130
113.31 2 70
113.41 1 130
113.41 2 70
113.51 1 130
113.51 2 70
113.61 1 130
113.61 2 70
113.71 1 130
113.71 2 70
113.81 1 130
113.81 2 70
113.91 1 130
113.91 2 70
114.01 1 130
114.01 2 70
114.11 1 130
114.11 2 70
114.21 1 130
114.21 2 70
114.31 1 130
114.31 2 70
114.41 1 130
114.41 2 70
114.51 1 130
114.51 2 70
114.61 1 130
114.61 2 70
114.71 1 130
114.71 2 70
114.81 1 130
114.81 2 70
114.91 1 130
114.91 2 70
115.01 1 130
115.01 2 70
115.11 1 130
115.11 2 70
115.21 1 130
115.21 2 70
115.31 1 130
115.31 2 70
115.41 1 130
115.41 2 70
115.51 1 130
115.51 2 70
115.61 1 130
115.61 2 70
115.71 1 130
115.71 2 70
115.81 1 130
115.81 2 70
115.91 1 130
115.91 2 70
116.01 1 130
116.01 2 70
116.11 1 130
116.11 2 70
116.21 1 130
116.21 2 70
116.31 1 130
116.31 2 70
116.41 1 130
116.41 2 70
116.51 1 130
116.51 2 70
116.61 1 130
116.61 2 70
116.71 1 130
116.71 2 70
116.81 1 130
116.81 2 70
116.91 1 130
116.91 2 70
117.01 1 130
117.01 2 70
117.11 1 130
117.11 2 70
117.21 1 130
117.21 2 70
117.31 1 130
117.31 2 70
117.41 1 130
117.41 2 70
117.51 1 130
117.51 2 70
117.61 1 130
117.61 2 70
117.71 1 130
117.71 2 70
117.81 1 130
117.81 2 70
117.91 1 130
117.91 2 70
118.01 1 130
118.01 2 70
118.11 1 130
118.11 2 70
118.21 1 130
118.21 2 70
118.31 1 130
118.31 2 70
118.41 1 130
118.41 2 70
118.51 1 130
118.51 2 70
118.61 1 130
118.61 2 70
118.71 1 130
118.71 2 70
118.81 1 130
118.81 2 70
118.91 1 130
118.91 2 70
119.01 1 130
119.01 2 70
119.11 1 130
119.11 2 70
119.21 1 130
119.21 2 70
119.31 1 130
119.31 2 70
119.41 1 130
119.41 2 70
119.51 1 130
119.51 2 70
119.61 1 130
119.61 2 70
119.71 1 130
119.71 2 70
119.81 1 130
119.81 2 70
119.91 1 130
119.91 2 70
120.01 1 130
120.01 2 70
120.11 1 130
120.11 2 70
120.21 1 130
120.21 2 70
120.31 1 130
120.31 2 70
120.41 1 130
120.41 2 70
120.51 1 130
120.51 2 70
120.61 1 130
120.61 2 70
120.71 1 130
120.71 2 70
120.81 1 130
120.81 2 70
120.91 1 130
120.91 2 70
121.01 1 130
121.01 2 70
121.11 1 130
121.11 2 70
121.21 1 130
121.21 2 70
121.31 1 130
121.31 2 70
121.41 1 130
121.41 2 70
121.51 1 130
121.51 2 70
121.61 1 130
121.61 2 70
121.71 1 130
121.71 2 70
121.81 1 130
121.81 2 70
121.91 1 130
121.91 2 70
122.01 1 130
122.01 2 70
122.11 1 130
122.11 2 70
122.21 1 130
122.21 2 70
122.31 1 130
122.31 2 70
122.41 1 130
122.41 2 70
122.51 1 130
122.51 2 70
122.61 1 130
122.61 2 70
122.71 1 130
122.71 2 70
122.81 1 130
122.81 2 70
122.91 1 130
122.91 2 70
123.01 1 130
123.01 2 70
123.11 1 130
123.11 2 70
123.21 1 130
123.21 2 70
123.31 1 130
123.31 2 70
123.41 1 130
123.41 2 70
123.51 1 130
123.51 2 70
123.61 1 130
123.61 2 70
123.71 1 130
123.71 2 70
123.81 1 130
123.81 2 70
123.91 1 130
123.91 2 70
124.01 1 130
124.01 2 70
124.11 1 130
124.11 2 70
124.21 1 130
124.21 2 70
124.31 1 130
124.31 2 70
124.41 1 130
124.41 2 70
124.51 1 130
124.51 2 70
124.61 1 130
124.61 2 70
124.71 1 130
124.71 2 70
124.81 1 130
124.81 2 70
124.91 1 130
124.91 2 70
125.01 1 130
125.01 2 70
125.11 1 130
125.11 2 70
125.21 1 130
125.21 2 70
125.31 1 130
125.31 2 70
125.41 1 130
125.41 2 70
125.51 1 130
125.51 2 70
125.61 1 130
125.61 2 70
125.71 1 130
125.71 2 70
125.81 1 130
125.81 2 70
125.91 1 130
125.91 2 70
126.01 1 130
126.01 2 70
126.11 1 130
126.11 2 70
126.21 1 130
126.21 2 70
126.31 1 130
126.31 2 70
126.41 1 130
126.41 2 70
126.51 1 130
126.51 2 70
126.61 1 130
126.61 2 70
126.71 1 130
126.71 2 70
126.81 1 130
126.81 2 70
126.91 1 130
126.91 2 70
127.01 1 130
127.01 2 70
127.11 1 130
127.11 2 70
127.21 1 130
127.21 2 70
127.31 1 130
127.31 2 70
127.41 1 130
127.41 2 70
127.51 1 130
127.51 2 70
127.61 1 130
127.61 2 70
127.71 1 130
127.71 2 70
127.81 1 130
127.81 2 70
127.91 1 130
127.91 2 70
128.01 1 130
128.01 2 70
128.11 1 130
128.11 2 70
128.21 1 130
128.21 2 70
128.31 1 130
128.31 2 70
128.41 1 130
128.41 2 70
128.51 1 130
128.51 2 70
128.61 1 130
128.61 2 70
128.71 1 130
128.71 2 70
128.81 1 130
128.81 2 70
128.91 1 130
128.91 2 70
129.01 1 130
129.01 2 70
129.11 1 130
129.11 2 70
129.21 1 130
129.21 2 70
129.31 1 130
129.31 2 70
129.41 1 130
129.41 2 70
129.51 1 130
129.51 2 70
129.61 1 130
129.61 2 70
129.71 1 130
129.71 2 70
129.81 1 130
129.81 2 70
129.91 1 130
129.91 2 70
130.01 1 130
130.01 2 70
130.11 1 130
130.11 2 70
130.21 1 130
130.21 2 70
130.31 1 130
130.31 2 70
130.41 1 130
130.41 2 70
130.51 1 130
130.51 2 70
130.61 1 130
130.61 2 70
130.71 1 130
130.71 2 70
130.81 1 130
130.81 2 70
130.91 1 130
130.91 2 70
131.01 1 130
131.01 2 70
131.11 1 130
131.11 2 70
131.21 1 130
131.21 2 70
131.31 1 130
131.31 2 70
131.41 1 130
131.41 2 70
131.51 1 130
131.51 2 70
131.61 1 130
131.61 2 70
131.71 1 130
131.71 2 70
131.81 1 130
131.81 2 70
131.91 1 130
131.91 2 70
132.01 1 130
132.01 2 70
132.11 1 130
132.11 2 70
132.21 1 130
132.21 2 70
132.31 1 130
132.31 2 70
132.41 1 130
132.41 2 70
132.51 1 130
132.51 2 70
132.61 1 130
132.61 2 70
132.71 1 130
132.71 2 70
132.81 1 130
132.81 2 70
132.91 1 130
132.91 2 70
133.01 1 130
133.01 2 70
133.11 1 130
133.11 2 70
133.21 1 130
133.21 2 70
133.31 1 130
133.31 2 70
133.41 1 130
133.41 2 70
133.51 1 130
133.51 2 70
133.61 1 130
133.61 2 70
133.71 1 130
133.71 2 70
133.81 1 130
133.81 2 70
133.91 1 130
133.91 2 70
134.01 1 130
134.01 2 70
134.11 1 130
134.11 2 70
134.21 1 130
134.21 2 70
134.31 1 130
134.31 2 70
134.41 1 130
134.41 2 70
134.51 1 130
134.51 2 70
134.61 1 130
134.61 2 70
134.71 1 130
134.71 2 70
134.81 1 130
134.81 2 70
134.91 1 130
134.91 2 70
135.01 1 130
135.01 2 70
135.11 1 130
135.11 2 70
135.21 1 130
135.21 2 70
135.31 1 130
135.31 2 70
135.41 1 130
135.41 2 70
135.51 1 130
135.51 2 70
135.61 1 130
135.61 2 70
135.71 1 130
135.71 2 70
135.81 1 130
135.81 2 70
135.91 1 130
135.91 2 70
136.01 1 130
136.01 2 70
136.11 1 130
136.11 2 70
136.21 1 130
136.21 2 70
136.31 1 130
136.31 2 70
136.41 1 130
136.41 2 70
136.51 1 130
136.51 2 70
136.61 1 130
136.61 2 70
136.71 1 130
136.71 2 70
136.81 1 130
136.81 2 70
136.91 1 130
136.91 2 70
137.01 1 130
137.01 2 70
137.11 1 130
137.11 2 70
137.21 1 130
137.21 2 70
137.31 1 130
137.31 2 70
137.41 1 130
137.41 2 70
137.51 1 130
137.51 2 70
137.61 1 130
137.61 2 70
137.71 1 130
137.71 2 70
137.81 1 130
137.81 2 70
137.91 1 130
137.91 2 70
138.01 1 130
138.01 2 70
138.11 1 130
138.11 2 70
138.21 1 130
138.21 2 70
138.31 1 130
138.31 2 70
138.41 1 130
138.41 2 70
138.51 1 130
138.51 2 70
138.61 1 130
138.61 2 70
138.71 1 130
138.71 2 70
138.81 1 130
138.81 2 70
138.91 1 130
138.91 2 70
139.01 1 130
139.01 2 70
139.11 1 130
139.11 2 70
139.21 1 130
139.21 2 70
139.31 1 130
139.31 2 70
139.41 1 130
139.41 2 70
139.51 1 130
139.51 2 70
139.61 1 130
139.61 2 70
139.71 1 130
139.71 2 70
139.81 1 130
139.81 2 70
139.91 1 130
139.91 2 70
140.01 1 130
140.01 2 70
140.11 1 130
140.11 2 70
140.21 1 130
140.21 2 70
140.31 1 130
140.31 2 70
140.41 1 130
140.41 2 70
140.51 1 130
140.51 2 70
140.61 1 130
140.61 2 70
140.71 1 130
140.71 2 70
140.81 1 130
140.81 2 70
140.91 1 130
140.91 2 70
141.01 1 130
141.01 2 70
141.11 1 130
141.11 2 70
141.21 1 130
141.21 2 70
141.31 1 130
141.31 2 70
141.41 1 130
141.41 2 70
141.51 1 130
141.51 2 70
141.61 1 130
141.61 2 70
141.71 1 130
141.71 2 70
141.81 1 130
141.81 2 70
141.91 1 130
141.91 2 70
142.01 1 130
142.01 2 70
142.11 1 130
142.11 2 70
142.21 1 130
142.21 2 70
142.31 1 130
142.31 2 70
142.41 1 130
142.41 2 70
142.51 1 130
142.51 2 70
142.61 1 130
142.61 2 70
142.71 1 130
142.71 2 70
142.81 1 130
142.81 2 70
142.91 1 130
142.91 2 70
143.01 1 130
143.01 2 70
143.11 1 130
143.11 2 70
143.21 1 130
143.21 2 70
143.31 1 130
143.31 2 70
143.41 1 130
143.41 2 70
143.51 1 130
143.51 2 70
143.61 1 130
143.61 2 70
143.71 1 130
143.71 2 70
143.81 1 130
143.81 2 70
143.91 1 130
143.91 2 70
144.01 1 130
144.01 2 70
144.11 1 130
144.11 2 70
144.21 1 130
144.21 2 70
144.31 1 130
144.31 2 70
144.41 1 130
144.41 2 70
144.51 1 130
144.51 2 70
144.61 1 130
144.61 2 70
144.71 1 130
144.71 2 70
144.81 1 130
144.81 2 70
144.91 1 130
144.91 2 70
145.01 1 130
145.01 2 70
145.11 1 130
145.11 2 70
145.21 1 130
145.21 2 70
145.31 1 130
145.31 2 70
145.41 1 130
145.41 2 70
145.51 1 130
145.51 2 70
145.61 1 130
145.61 2 70
145.71 1 130
145.71 2 70
145.81 1 130
145.81 2 70
145.91 1 130
145.91 2 70
146.01 1 130
146.01 2 70
146.11 1 130
146.11 2 70
146.21 1 130
146.21 2 70
146.31 1 130
146.31 2 70
146.41 1 130
146.41 2 70
146.51 1 130
146.51 2 70
146.61 1 130
146.61 2 70
146.71 1 130
146.71 2 70
146.81 1 130
146.81 2 70
146.91 1 130
146.91 2 70
147.01 1 130
147.01 2 70
147.11 1 130
147.11 2 70
147.21 1 130
147.21 2 70
147.31 1 130
147.31 2 70
147.41 1 130
147.41 2 70
147.51 1 130
147.51 2 70
147.61 1 130
147.61 2 70
147.71 1 130
147.71 2 70
147.81 1 130
147.81 2 70
147.91 1 130
147.91 2 70
148.01 1 130
148.01 2 70
148.11 1 130
148.11 2 70
148.21 1 130
148.21 2 70
148.31 1 130
148.31 2 70
148.41 1 130
148.41 2 70
148.51 1 130
148.51 2 70
148.61 1 130
148.61 2 70
148.71 1 130
148.71 2 70
148.81 1 130
148.81 2 70
148.91 1 130
148.91 2 70
149.01 1 130
149.01 2 70
149.11 1 130
149.11 2 70
149.21 1 130
149.21 2 70
149.31 1 130
149.31 2 70
149.41 1 130
149.41 2 70
149.51 1 130
149.51 2 70
149.61 1 130
149.61 2 70
149.71 1 130
149.71 2 70
149.81 1 130
149.81 2 70
149.91 1 130
149.91 2 70
150.01 1 130
150.01 2 70
150.11 1 130
150.11 2 70
150.21 1 130
150.21 2 70
150.31 1 130
150.31 2 70
150.41 1 130
150.41 2 70
150.51 1 130
150.51 2 70
150.61 1 130
150.61 2 70
150.71 1 130
150.71 2 70
150.81 1 130
150.81 2 70
150.91 1 130
150.91 2 70
151.01 1 130
151.01 2 70
151.11 1 130
151.11 2 70
151.21 1 130
151.21 2 70
151.31 1 130
151.31 2 70
151.41 1 130
151.41 2 70
151.51 1 130
151.51 2 70
151.61 1 130
151.61 2 70
151.71 1 130
151.71 2 70
151.81 1 130
151.81 2 70
151.91 1 130
151.91 2 70
152.01 1 130
152.01 2 70
152.11 1 130
152.11 2 70
152.21 1 130
152.21 2 70
152.31 1 130
152.31 2 70
152.41 1 130
152.41 2 70
152.51 1 130
152.51 2 70
152.61 1 130
152.61 2 70
152.71 1 130
152.71 2 70
152.81 1 130
152.81 2 70
152.91 1 130
152.91 2 70
153.01 1 130
153.01 2 70
153.11 1 130
153.11 2 70
153.21 1 130
153.21 2 70
153.31 1 130
153.31 2 70
153.41 1 130
153.41 2 70
153.51 1 130
153.51 2 70
153.61 1 130
153.61 2 70
153.71 1 130
153.71 2 70
153.81 1 130
153.81 2 70
153.91 1 130
153.91 2 70
154.01 1 130
154.01 2 70
154.11 1 130
154.11 2 70
154.21 1 130
154.21 2 70
154.31 1 130
154.31 2 70
154.41 1 130
154.41 2 70
154.51 1 130
154.51 2 70
154.61 1 130
154.61 2 70
154.71 1 130
154.71 2 70
154.81 1 130
154.81 2 70
154.91 1 130
154.91 2 70
155.01 1 130
155.01 2 70
155.11 1 130
155.11 2 70
155.21 1 130
155.21 2 70
155.31 1 130
155.31 2 70
155.41 1 130
155.41 2 70
155.51 1 130
155.51 2 70
155.61 1 130
155.61 2 70
155.71 1 130
155.71 2 70
155.81 1 130
155.81 2 70
155.91 1 130
155.91 2 70
156.01 1 130
156.01 2 70
156.11 1 130
156.11 2 70
156.21 1 130
156.21 2 70
156.31 1 130
156.31 2 70
156.41 1 130
156.41 2 70
156.51 1 130
156.51 2 70
156.61 1 130
156.61 2 70
156.71 1 130
156.71 2 70
156.81 1 130
156.81 2 70
156.91 1 130
156.91 2 70
157.01 1 130
157.01 2 70
157.11 1 130
157.11 2 70
157.21 1 130
157.21 2 70
157.31 1 130
157.31 2 70
157.41 1 130
157.41 2 70
157.51 1 130
157.51 2 70
157.61 1 130
157.61 2 70
157.71 1 130
157.71 2 70
157.81 1 130
157.81 2 70
157.91 1 130
157.91 2 70
158.01 1 130
158.01 2 70
158.11 1 130
158.11 2 70
158.21 1 130
158.21 2 70
158.31 1 130
158.31 2 70
158.41 1 130
158.41 2 70
158.51 1 130
158.51 2 70
158.61 1 130
158.61 2 70
158.71 1 130
158.71 2 70
158.81 1 130
158.81 2 70
158.91 1 130
158.91 2 70
159.01 1 130
159.01 2 70
159.11 1 130
159.11 2 70
159.21 1 130
159.21 2 70
159.31 1 130
159.31 2 70
159.41 1 130
159.41 2 70
159.51 1 130
159.51 2 70
159.61 1 130
159.61 2 70
159.71 1 130
159.71 2 70
159.81 1 130
159.81 2 70
159.91 1 130
159.91 2 70
160.01 1 130
160.01 2 70
160.11 1 130
160.11 2 70
160.21 1 130
160.21 2 70
160.31 1 130
160.31 2 70
160.41 1 130
160.41 2 70
160.51 1 130
160.51 2 70
160.61 1 130
160.61 2 70
160.71 1 130
160.71 2 70
160.81 1 130
160.81 2 70
160.91 1 130
160.91 2 70
161.01 1 130
161.01 2 70
161.11 1 130
161.11 2 70
161.21 1 130
161.21 2 70
161.31 1 130
161.31 2 70
161.41 1 130
161.41 2 70
161.51 1 130
161.51 2 70
161.61 1 130
161.61 2 70
161.71 1 130
161.71 2 70
161.81 1 130
161.81 2 70
161.91 1 130
161.91 2 70
162.01 1 130
162.01 2 70
162.11 1 130
162.11 2 70
162.21 1 130
162.21 2 70
162.31 1 130
162.31 2 70
162.41 1 130
162.41 2 70
162.51 1 130
162.51 2 70
162.61 1 130
162.61 2 70
162.71 1 130
162.71 2 70
162.81 1 130
162.81 2 70
162.91 1 130
162.91 2 70
163.01 1 130
163.01 2 70
163.11 1 130
163.11 2 70
163.21 1 130
163.21 2 70
163.31 1 130
163.31 2 70
163.41 1 130
163.41 2 70
163.51 1 130
163.51 2 70
163.61 1 130
163.61 2 70
163.71 1 130
163.71 2 70
163.81 1 130
163.81 2 70
163.91 1 130
163.91 2 70
164.01 1 130
164.01 2 70
164.11 1 130
164.11 2 70
164.21 1 130
164.21 2 70
164.31 1 130
164.31 2 70
164.41 1 130
164.41 2 70
164.51 1 130
164.51 2 70
164.61 1 130
164.61 2 70
164.71 1 130
164.71 2 70
164.81 1 130
164.81 2 70
164.91 1 130
164.91 2 70
165.01 1 130
165.01 2 70
165.11 1 130
165.11 2 70
165.21 1 130
165.21 2 70
165.31 1 130
165.31 2 70
165.41 1 130
165.41 2 70
165.51 1 130
165.51 2 70
165.61 1 130
165.61 2 70
165.71 1 130
165.71 2 70
165.81 1 130
165.81 2 70
165.91 1 130
165.91 2 70
166.01 1 130
166.01 2 70
166.11 1 130
166.11 2 70
166.21 1 130
166.21 2 70
166.31 1 130
166.31 2 70
166.41 1 130
166.41 2 70
166.51 1 130
166.51 2 70
166.61 1 130
166.61 2 70
166.71 1 130
166.71 2 70
166.81 1 130
166.81 2 70
166.91 1 130
166.91 2 70
167.01 1 130
167.01 2 70
167.11 1 130
167.11 2 70
167.21 1 130
167.21 2 70
167.31 1 130
167.31 2 70
167.41 1 130
167.41 2 70
167.51 1 130
167.51 2 70
167.61 1 130
167.61 2 70
167.71 1 130
167.71 2 70
167.81 1 130
167.81 2 70
167.91 1 130
167.91 2 70
168.01 1 130
168.01 2 70
168.11 1 130
168.11 2 70
168.21 1 130
168.21 2 70
168.31 1 130
168.31 2 70
168.41 1 130
168.41 2 70
168.51 1 130
168.51 2 70
168.61 1 130
168.61 2 70
168.71 1 130
168.71 2 70
168.81 1 130
168.81 2 70
168.91 1 130
168.91 2 70
169.01 1 130
169.01 2 70
169.11 1 130
169.11 2 70
169.21 1 130
169.21 2 70
169.31 1 130
169.31 2 70
169.41 1 130
169.41 2 70
169.51 1 130
169.51 2 70
169.61 1 130
169.61 2 70
169.71 1 130
169.71 2 70
169.81 1 130
169.81 2 70
169.91 1 130
169.91 2 70
170.01 1 130
170.01 2 70
170.11 1 130
170.11 2 70
170.21 1 130
170.21 2 70
170.31 1 130
170.31 2 70
170.41 1 130
170.41 2 70
170.51 1 130
170.51 2 70
170.61 1 130
170.61 2 70
170.71 1 130
170.71 2 70
170.81 1 130
170.81 2 70
170.91 1 130
170.91 2 70
171.01 1 130
171.01 2 70
171.11 1 130
171.11 2 70
171.21 1 130
171.21 2 70
171.31 1 130
171.31 2 70
171.41 1 130
171.41 2 70
171.51 1 130
171.51 2 70
171.61 1 130
171.61 2 70
171.71 1 130
171.71 2 70
171.81 1 130
171.81 2 70
171.91 1 130
171.91 2 70
172.01 1 130
172.01 2 70
172.11 1 130
172.11 2 70
172.21 1 130
172.21 2 70
172.31 1 130
172.31 2 70
172.41 1 130
172.41 2 70
172.51 1 130
172.51 2 70
172.61 1 130
172.61 2 70
172.71 1 130
172.71 2 70
172.81 1 130
172.81 2 70
172.91 1 130
172.91 2 70
173.01 1 130
173.01 2 70
173.11 1 130
173.11 2 70
173.21 1 130
173.21 2 70
173.31 1 130
173.31 2 70
173.41 1 130
173.41 2 70
173.51 1 130
173.51 2 70
173.61 1 130
173.61 2 70
173.71 1 130
173.71 2 70
173.81 1 130
173.81 2 70
173.91 1 130
173.91 2 70
174.01 1 130
174.01 2 70
174.11 1 130
174.11 2 70
174.21 1 130
174.21 2 70
174.31 1 130
174.31 2 70
174.41 1 130
174.41 2 70
174.51 1 130
174.51 2 70
174.61 1 130
174.61 2 70
174.71 1 130
174.71 2 70
174.81 1 130
174.81 2 70
174.91 1 130
174.91 2 70
175.01 1 130
175.01 2 70
175.11 1 130
175.11 2 70
175.21 1 130
175.21 2 70
175.31 1 130
175.31 2 70
175.41 1 130
175.41 2 70
175.51 1 130
175.51 2 70
175.61 1 130
175.61 2 70
175.71 1 130
175.71 2 70
175.81 1 130
175.81 2 70
175.91 1 130
175.91 2 70
176.01 1 130
176.01 2 70
176.11 1 130
176.11 2 70
176.21 1 130
176.21 2 70
176.31 1 130
176.31 2 70
176.41 1 130
176.41 2 70
176.51 1 130
176.51 2 70
176.61 1 130
176.61 2 70
176.71 1 130
176.71 2 70
176.81 1 130
176.81 2 70
176.91 1 130
176.91 2 70
177.01 1 130
177.01 2 70
177.11 1 130
177.11 2 70
177.21 1 130
177.21 2 70
177.31 1 130
177.31 2 70
177.41 1 130
177.41 2 70
177.51 1 130
177.51 2 70
177.61 1 130
177.61 2 70
177.71 1 130
177.71 2 70
177.81 1 130
177.81 2 70
177.91 1 130
177.91 2 70
178.01 1 130
178.01 2 70
178.11 1 130
178.11 2 70
178.21 1 130
178.21 2 70
178.31 1 130
178.31 2 70
178.41 1 130
178.41 2 70
178.51 1 130
178.51 2 70
178.61 1 130
178.61 2 70
178.71 1 130
178.71 2 70
178.81 1 130
178.81 2 70
178.91 1 130
178.91 2 70
179.01 1 130
179.01 2 70
179.11 1 130
179.11 2 70
179.21 1 130
179.21 2 70
179.31 1 130
179.31 2 70
179.41 1 130
179.41 2 70
179.51 1 130
179.51 2 70
179.61 1 130
179.61 2 70
179.71 1 130
179.71 2 70
179.81 1 130
179.81 2 70
179.91 1 130
179.91 2 70
180.01 1 130
180.01 2 70
180.11 1 130
180.11 2 70
180.21 1 130
180.21 2 70
180.31 1 130
180.31 2 70
180.41 1 130
180.41 2 70
180.51 1 130
180.51 2 70
180.61 1 130
180.61 2 70
180.71 1 130
180.71 2 70
180.81 1 130
180.81 2 70
180.91 1 130
180.91 2 70
181.01 1 130
181.01 2 70
181.11 1 130
181.11 2 70
181.21 1 130
181.21 2 70
181.31 1 130
181.31 2 70
181.41 1 130
181.41 2 70
181.51 1 130
181.51 2 70
181.61 1 130
181.61 2 70
181.71 1 130
181.71 2 70
181.81 1 130
181.81 2 70
181.91 1 130
181.91 2 70
182.01 1 130
182.01 2 70
182.11 1 130
182.11 2 70
182.21 1 130
182.21 2 70
182.31 1 130
182.31 2 70
182.41 1 130
182.41 2 70
182.51 1 130
182.51 2 70
182.61 1 130
182.61 2 70
182.71 1 130
182.71 2 70
182.81 1 130
182.81 2 70
182.91 1 130
182.91 2 70
183.01 1 130
183.01 2 70
183.11 1 130
183.11 2 70
183.21 1 130
183.21 2 70
183.31 1 130
183.31 2 70
183.41 1 130
183.41 2 70
183.51 1 130
183.51 2 70
183.61 1 130
183.61 2 70
183.71 1 130
183.71 2 70
183.81 1 130
183.81 2 70
183.91 1 130
183.91 2 70
184.01 1 130
184.01 2 70
184.11 1 130
184.11 2 70
184.21 1 130
184.21 2 70
184.31 1 130
184.31 2 70
184.41 1 130
184.41 2 70
184.51 1 130
184.51 2 70
184.61 1 130
184.61 2 70
184.71 1 130
184.71 2 70
184.81 1 130
184.81 2 70
184.91 1 130
184.91 2 70
185.01 1 130
185.01 2 70
185.11 1 130
185.11 2 70
185.21 1 130
185.21 2 70
185.31 1 130
185.31 2 70
185.41 1 130
185.41 2 70
185.51 1 130
185.51 2 70
185.61 1 130
185.61 2 70
185.71 1 130
185.71 2 70
185.81 1 130
185.81 2 70
185.91 1 130
185.91 2 70
186.01 1 130
186.01 2 70
186.11 1 130
186.11 2 70
186.21 1 130
186.21 2 70
186.31 1 130
186.31 2 70
186.41 1 130
186.41 2 70
186.51 1 130
186.51 2 70
186.61 1 130
186.61 2 70
186.71 1 130
186.71 2 70
186.81 1 130
186.81 2 70
186.91 1 130
186.91 2 70
187.01 1 130
187.01 2 70
187.11 1 130
187.11 2 70
187.21 1 130
187.21 2 70
187.31 1 130
187.31 2 70
187.41 1 130
187.41 2 70
187.51 1 130
187.51 2 70
187.61 1 130
187.61 2 70
187.71 1 130
187.71 2 70
187.81 1 130
187.81 2 70
187.91 1 130
187.91 2 70
188.01 1 130
188.01 2 70
188.11 1 130
188.11 2 70
188.21 1 130
188.21 2 70
188.31 1 130
188.31 2 70
188.41 1 130
188.41 2 70
188.51 1 130
188.51 2 70
188.61 1 130
188.61 2 70
188.71 1 130
188.71 2 70
188.81 1 130
188.81 2 70
188.91 1 130
188.91 2 70
189.01 1 130
189.01 2 70
189.11 1 130
189.11 2 70
189.21 1 130
189.21 2 70
189.31 1 130
189.31 2 70
189.41 1 130
189.41 2 70
189.51 1 130
189.51 2 70
189.61 1 130
189.61 2 70
189.71 1 130
189.71 2 70
189.81 1 130
189.81 2 70
189.91 1 130
189.91 2 70
190.01 1 130
190.01 2 70
190.11 1 130
190.11 2 70
190.21 1 130
190.21 2 70
190.31 1 130
190.31 2 70
190.41 1 130
190.41 2 70
190.51 1 130
190.51 2 70
190.61 1 130
190.61 2 70
190.71 1 130
190.71 2 70
190.81 1 130
190.81 2 70
190.91 1 130
190.91 2 70
191.01 1 130
191.01 2 70
191.11 1 130
191.11 2 70
191.21 1 130
191.21 2 70
191.31 1 130
191.31 2 70
191.41 1 130
191.41 2 70
191.51 1 130
191.51 2 70
191.61 1 130
191.61 2 70
191.71 1 130
191.71 2 70
191.81 1 130
191.81 2 70
191.91 1 130
191.91 2 70
192.01 1 130
192.01 2 70
192.11 1 130
192.11 2 70
192.21 1 130
192.21 2 70
192.31 1 130
192.31 2 70
192.41 1 130
192.41 2 70
192.51 1 130
192.51 2 70
192.61 1 130
192.61 2 70
192.71 1 130
192.71 2 70
192.81 1 130
192.81 2 70
192.91 1 130
192.91 2 70
193.01 1 130
193.01 2 70
193.11 1 130
193.11 2 70
193.21 1 130
193.21 2 70
193.31 1 130
193.31 2 70
193.41 1 130
193.41 2 70
193.51 1 130
193.51 2 70
193.61 1 130
193.61 2 70
193.71 1 130
193.71 2 70
193.81 1 130
193.81 2 70
193.91 1 130
193.91 2 70
194.01 1 130
194.01 2 70
194.11 1 130
194.11 2 70
194.21 1 130
194.21 2 70
194.31 1 130
194.31 2 70
194.41 1 130
194.41 2 70
194.51 1 130
194.51 2 70
194.61 1 130
194.61 2 70
194.71 1 130
194.71 2 70
194.81 1 130
194.81 2 70
194.91 1 130
194.91 2 70
195.01 1 130
195.01 2 70
195.11 1 130
195.11 2 70
195.21 1 130
195.21 2 70
195.31 1 130
195.31 2 70
195.41 1 130
195.41 2 70
195.51 1 130
195.51 2 70
195.61 1 130
195.61 2 70
195.71 1 130
195.71 2 70
195.81 1 130
195.81 2 70
195.91 1 130
195.91 2 70
196.01 1 130
196.01 2 70
196.11 1 130
196.11 2 70
196.21 1 130
196.21 2 70
196.31 1 130
196.31 2 70
196.41 1 130
196.41 2 70
196.51 1 130
196.51 2 70
196.61 1 130
196.61 2 70
196.71 1 130
196.71 2 70
196.81 1 130
196.81 2 70
196.91 1 130
196.91 2 70
197.01 1 130
197.01 2 70
197.11 1 130
197.11 2 70
197.21 1 130
197.21 2 70
197.31 1 130
197.31 2 70
197.41 1 130
197.41 2 70
197.51 1 130
197.51 2 70
197.61 1 130
197.61 2 70
197.71 1 130
197.71 2 70
197.81 1 130
197.81 2 70
197.91 1 130
197.91 2 70
198.01 1 130
198.01 2 70
198.11 1 130
198.11 2 70
198.21 1 130
198.21 2 70
198.31 1 130
198.31 2 70
198.41 1 130
198.41 2 70
198.51 1 130
198.51 2 70
198.61 1 130
198.61 2 70
198.71 1 130
198.71 2 70
198.81 1 130
198.81 2 70
198.91 1 130
198.91 2 70
199.01 1 130
199.01 2 70
199.11 1 130
199.11 2 70
199.21 1 130
199.21 2 70
199.31 1 130
199.31 2 70
199.41 1 130
199.41 2 70
199.51 1 130
199.51 2 70
199.61 1 130
199.61 2 70
199.71 1 130
199.71 2 70
199.81 1 130
199.81 2 70
199.91 1 130
199.91 2 70
200.01 1 130
200.01 2 70
200.11 1 130
200.11 2 70
200.21 1 130
200.21 2 70
200.31 1 130
200.31 2 70
200.41 1 130
200.41 2 70
200.51 1 130
200.51 2 70
200.61 1 130
200.61 2 70
200.71 1 130
200.71 2 70
200.81 1 130
200.81 2 70
200.91 1 130
200.91 2 70
