0.0 0
0.114179 0.104
0.219421 0.104125
0.226607 0.104734
0.233805 0.105268
0.241002 0.105734
0.248199 0.106142
0.324652 0.115125
0.331849 0.114234
0.339047 0.11358
0.346244 0.113007
0.353441 0.112506
0.360638 0.112068
0.367836 0.11156
0.375033 0.11124
0.38223 0.11096
0.429883 0.115715
0.437081 0.114875
0.444278 0.114141
0.451475 0.113498
0.458672 0.112936
0.46587 0.112319
0.473067 0.111904
0.480264 0.111541
0.487461 0.111223
0.535115 0.116071
0.542312 0.115187
0.549509 0.114413
0.556706 0.113737
0.563904 0.11302
0.571101 0.112517
0.585495 0.112078
0.592692 0.111693
0.640346 0.116356
0.647543 0.115437
0.65474 0.114632
0.665548 0.114303
0.879622 0.125015
0.886819 0.123013
0.894016 0.121262
0.901213 0.119729
0.908411 0.118388
0.915608 0.117214
0.922805 0.116188
0.930002 0.115289
0.9372 0.114503
0.984853 0.118815
0.99205 0.117588
0.999247 0.116515
1.00644 0.115575
1.01364 0.114753
1.02084 0.113909
1.02804 0.113296
1.03523 0.112759
1.04243 0.112289
1.09008 0.117003
1.09728 0.116002
1.10448 0.115127
1.11168 0.114361
1.11887 0.113566
1.12607 0.112995
1.13327 0.112496
1.14046 0.112059
1.14766 0.111677
1.19532 0.116342
1.20251 0.115424
1.20971 0.114621
1.21691 0.113794
1.2241 0.113194
1.2313 0.11267
1.2385 0.112211
1.2457 0.11181
1.25289 0.111334
1.30055 0.116042
1.30774 0.115162
1.31494 0.114266
1.32214 0.113608
1.32934 0.113032
1.33653 0.112528
1.34373 0.112087
1.35093 0.111576
1.35812 0.111254
1.40578 0.115972
1.41297 0.114976
1.42017 0.114229
1.42737 0.113575
1.43457 0.113003
1.44176 0.112503
1.44896 0.11194
1.45616 0.111573
1.46336 0.111251
1.51101 0.116095
1.51821 0.115208
1.5254 0.114432
1.5326 0.113753
1.5398 0.113159
1.547 0.112514
1.55419 0.112075
1.56139 0.11169
1.56859 0.111354
1.61624 0.116185
1.62344 0.115287
1.63063 0.114501
1.63783 0.113688
1.64503 0.113102
1.65223 0.112589
1.65942 0.112141
1.66662 0.111748
1.67382 0.111405
1.72147 0.116104
1.72867 0.115216
1.73587 0.114314
1.74306 0.11365
1.75026 0.113069
1.75746 0.11256
1.76465 0.112115
1.77185 0.111601
1.77905 0.111276
1.8267 0.115991
1.8339 0.114992
1.8411 0.114243
1.84829 0.113588
1.85549 0.113014
1.86269 0.112513
1.86989 0.111948
1.87708 0.11158
1.88428 0.111257
2.14242 0.12235
2.14962 0.120681
2.15682 0.119221
2.16401 0.117944
2.17121 0.116826
2.17841 0.115847
2.1856 0.114992
2.1928 0.114243
2.2 0.113462
2.2072 0.112904
2.25125 0.112416
2.25845 0.111989
2.26565 0.111616
2.27284 0.111164
2.28004 0.110893
2.28724 0.110657
2.29443 0.11045
2.30163 0.110268
2.30883 0.11011
2.31603 0.109971
2.36008 0.10985
2.36728 0.109743
2.37447 0.109651
2.38167 0.109569
2.38887 0.109373
2.39607 0.109326
2.40326 0.109286
2.41046 0.10925
2.41766 0.109219
2.42486 0.109066
2.46891 0.108933
2.47611 0.108941
2.4833 0.108949
2.4905 0.108955
2.4977 0.108961
2.5049 0.108841
2.51209 0.108861
2.51929 0.108878
2.52649 0.108893
2.53369 0.108907
2.57774 0.108918
2.58494 0.108803
2.59213 0.108828
2.59933 0.10885
2.60653 0.108868
2.61373 0.108885
2.62092 0.108774
2.62812 0.108802
2.63532 0.108827
2.64252 0.108849
2.68657 0.108868
2.69377 0.108884
2.70096 0.108774
2.70816 0.108802
2.71536 0.108827
2.72256 0.108848
2.72975 0.108867
2.73695 0.108759
2.74415 0.108789
2.75135 0.108815
2.7954 0.108838
2.8026 0.108859
2.80979 0.108876
2.81699 0.108767
2.82419 0.108796
3.04187 0.120071
3.04907 0.118688
3.05627 0.117477
3.06346 0.116417
3.07066 0.11549
3.07786 0.114554
3.08506 0.113859
3.09225 0.113252
3.09945 0.112721
3.10665 0.112255
3.1471 0.115974
3.1543 0.115102
3.1615 0.114339
3.1687 0.113672
3.17589 0.112963
3.18309 0.112467
3.19029 0.112034
3.19748 0.111655
3.20468 0.111323
3.21188 0.110908
3.25234 0.114794
3.25953 0.11407
3.26673 0.113436
3.27393 0.112757
3.28112 0.112287
3.28832 0.111876
3.29552 0.111517
3.30272 0.111202
3.30991 0.110802
3.31711 0.110577
3.35757 0.114504
3.36476 0.113816
3.37196 0.113089
3.37916 0.112578
3.38636 0.112131
3.39355 0.11174
3.40075 0.111397
3.40795 0.110972
3.41514 0.110726
3.42234 0.11051
3.4628 0.114446
3.47 0.113641
3.47719 0.113061
3.48439 0.112553
3.49159 0.112109
3.49878 0.11172
3.50598 0.111255
3.51318 0.110973
3.52038 0.110727
3.52757 0.110511
3.56803 0.114572
3.57523 0.113875
3.58242 0.113266
3.58962 0.112733
3.59682 0.112266
3.60402 0.111858
3.61121 0.111501
3.61841 0.111188
3.62561 0.110915
3.6328 0.110675
3.67326 0.114591
3.68046 0.113892
3.68765 0.11328
3.69485 0.11262
3.70205 0.112168
3.70925 0.111772
3.71644 0.111425
3.72364 0.111122
3.73084 0.110732
3.73804 0.110515
3.77849 0.114451
3.78569 0.11377
3.79289 0.113048
3.80008 0.112542
3.80728 0.1121
3.81448 0.111712
3.82167 0.111373
3.82887 0.110951
3.83607 0.110708
3.84327 0.110494
3.88372 0.114432
3.89092 0.113628
3.89812 0.11305
3.90531 0.112544
3.91251 0.112101
3.91971 0.111713
3.92691 0.111249
3.9341 0.110968
3.9413 0.110722
3.9485 0.110507
3.98895 0.114443
3.99615 0.113763
4.00335 0.113167
4.01055 0.112647
4.01774 0.112191
4.02494 0.111667
4.03214 0.111334
4.03933 0.111042
4.04653 0.110787
4.05373 0.110563
4.30467 0.121743
4.31187 0.120025
4.31907 0.118647
4.32626 0.117441
4.33346 0.116386
4.34066 0.115463
4.34786 0.11453
4.35505 0.113839
4.36225 0.113234
4.36945 0.112705
4.37664 0.112241
4.4135 0.111836
4.4207 0.111482
4.43151 0.111547
4.64558 0.122603
4.65278 0.120903
4.65998 0.11929
4.66717 0.118004
4.67437 0.116878
4.68157 0.115893
4.68876 0.115032
4.69596 0.114153
4.70316 0.113509
4.71036 0.112945
4.71755 0.112452
4.75441 0.11202
4.76161 0.111643
4.7688 0.111313
4.776 0.111023
4.7832 0.110771
4.7904 0.110549
4.79759 0.110356
4.80479 0.110186
4.81199 0.109913
4.8228 0.110174
5.04047 0.118152
5.07731 0.117008
5.08451 0.116007
5.09171 0.115131
5.1061 0.114365
5.1133 0.113694
5.1205 0.113107
5.12769 0.112594
5.13489 0.11202
5.14209 0.111642
5.14929 0.111312
5.18254 0.114273
5.39302 0.124114
5.40743 0.122225
5.41462 0.120572
5.42182 0.119125
5.42902 0.117859
5.43622 0.116752
5.44341 0.115783
5.45061 0.114935
5.46142 0.114693
5.6179 0.118107
5.68268 0.117343
5.68987 0.116175
5.69707 0.115278
5.70427 0.114494
5.71147 0.113807
5.71866 0.113206
5.72586 0.112555
5.73306 0.112111
5.74025 0.111722
5.74745 0.111382
5.75465 0.111084
5.76185 0.110699
5.79151 0.110486
5.7987 0.1103
5.8059 0.110013
5.8131 0.109886
5.82029 0.109775
5.82749 0.109679
5.83469 0.109594
5.84189 0.109395
5.84908 0.109345
5.85628 0.109302
5.86348 0.109264
5.87068 0.109231
5.90034 0.109202
5.90753 0.109177
5.91473 0.109155
5.92193 0.109011
5.92912 0.109009
5.93632 0.109008
5.94352 0.109007
5.95072 0.109006
5.95791 0.10888
5.96511 0.108895
5.97231 0.108908
5.97951 0.10892
6.00917 0.10893
6.01636 0.108939
6.02356 0.108946
6.03076 0.108953
6.03795 0.108834
6.04515 0.108855
6.05235 0.108873
6.05955 0.108889
6.06674 0.108903
6.07755 0.10929
6.28082 0.119254
6.29882 0.117972
6.30602 0.11685
6.31322 0.115869
6.32041 0.11501
6.32761 0.114259
6.33481 0.113602
6.34201 0.113027
6.3492 0.112523
6.36001 0.112583
6.5129 0.11576
6.58128 0.114915
6.58848 0.114176
6.59568 0.113529
6.60287 0.112838
6.61007 0.112358
6.61727 0.111938
6.62447 0.111571
6.63166 0.11125
6.63886 0.110843
6.64606 0.110613
6.65325 0.110411
6.66045 0.110235
6.69011 0.110081
6.69731 0.109945
6.70451 0.109827
6.7117 0.109724
6.7189 0.109508
6.7261 0.109445
6.7333 0.109389
6.74049 0.109341
6.74769 0.109298
6.75489 0.109136
6.76208 0.109119
6.76928 0.109104
6.79894 0.108966
6.80614 0.10897
6.81334 0.108974
6.82053 0.108977
6.82773 0.10898
6.83854 0.109358
7.05261 0.120688
7.05981 0.119227
7.06701 0.117948
7.0742 0.11683
7.0814 0.115851
7.0886 0.114995
7.0958 0.114245
7.10299 0.113465
7.11019 0.112907
7.11739 0.112418
7.12458 0.111991
7.13178 0.111617
7.16144 0.11129
7.16864 0.111004
7.17584 0.110628
7.18303 0.110425
7.19023 0.110247
7.19743 0.110091
7.20463 0.109954
7.21182 0.109835
7.21902 0.109731
7.22622 0.109639
7.23341 0.109559
7.24061 0.10949
7.27027 0.109428
7.27747 0.109375
7.28467 0.109328
7.29186 0.109162
7.29906 0.109142
7.30626 0.109124
7.31345 0.109109
7.32065 0.109095
7.32785 0.108958
7.33505 0.108963
7.34224 0.108968
7.34944 0.108972
7.3791 0.108975
7.3863 0.108978
7.3935 0.108981
7.40069 0.108984
7.40789 0.108861
7.41509 0.108878
7.42228 0.108893
7.42948 0.108907
7.43668 0.108918
7.44388 0.108803
7.45107 0.108828
7.45827 0.10885
7.48793 0.108743
7.49513 0.108775
7.50233 0.108804
7.50952 0.108828
7.51672 0.10885
7.52392 0.108743
7.53111 0.108775
7.53831 0.108804
7.54551 0.108828
7.55271 0.10885
7.5599 0.108743
7.5671 0.108775
7.59676 0.108804
7.60396 0.108703
7.61116 0.10874
7.61835 0.108773
7.62555 0.108801
7.63275 0.108826
7.63994 0.108723
7.64714 0.108757
7.65434 0.108788
7.66154 0.108814
7.66873 0.108837
7.67593 0.108733
7.70559 0.108766
7.71279 0.108795
7.71999 0.108696
7.72718 0.108734
7.73438 0.108767
7.74158 0.108796
7.74877 0.108822
7.75597 0.108719
7.76317 0.108754
7.77037 0.108785
7.77756 0.108812
7.78476 0.108835
7.81442 0.108856
7.82162 0.108874
7.82882 0.10889
7.83601 0.108903
7.84321 0.108916
7.85041 0.108926
7.8576 0.108935
7.8648 0.108943
7.872 0.108825
7.8792 0.108847
7.88639 0.108866
7.89359 0.108883
7.92325 0.108898
7.93045 0.10891
7.93764 0.108922
7.94484 0.108806
8.16972 0.108831
8.17333 0.108852
8.18053 0.10887
8.27137 0.108887
8.27857 0.108901
8.28576 0.108913
8.29296 0.108799
8.30016 0.108824
8.30735 0.108846
8.31455 0.108865
8.32175 0.108882
8.32895 0.108772
8.33614 0.1088
8.34334 0.108825
8.35054 0.108847
8.3766 0.111241
8.3838 0.110961
8.39099 0.110591
8.39819 0.110392
8.40539 0.110218
8.41259 0.110066
8.41978 0.109933
8.42698 0.109691
8.43418 0.109605
8.44137 0.109529
8.44857 0.109463
8.45577 0.109405
8.48183 0.111604
8.48903 0.111279
8.49623 0.110994
8.50342 0.110745
8.51062 0.110527
8.51782 0.110336
8.52501 0.110169
8.53221 0.110023
8.53941 0.109895
8.54661 0.109783
8.5538 0.109685
8.561 0.1096
8.58706 0.1119
8.59426 0.111537
8.60146 0.11122
8.60865 0.110942
8.61585 0.110575
8.62305 0.110378
8.63025 0.110206
8.63744 0.110055
8.64464 0.109923
8.65184 0.109683
8.65903 0.109597
8.66623 0.109523
8.69229 0.111832
8.70669 0.111478
8.71389 0.111044
8.72108 0.110788
8.72828 0.110565
8.73548 0.110369
8.74267 0.110198
8.74987 0.109923
8.75707 0.109808
8.76427 0.109707
8.77146 0.109618
8.79752 0.111916
8.81192 0.112427
8.81912 0.111998
8.82631 0.111623
8.83351 0.111296
8.84071 0.111009
8.84791 0.110633
8.8551 0.110428
8.8623 0.11025
8.8695 0.110094
8.87669 0.109957
8.88389 0.109712
8.90276 0.110998
8.91715 0.111624
8.92435 0.111296
8.93154 0.111009
8.93874 0.110758
8.94594 0.110413
8.95314 0.110236
8.96033 0.110082
8.96753 0.109946
8.97473 0.109828
8.98193 0.1096
8.98912 0.109525
9.00799 0.110834
9.02238 0.11148
9.02958 0.11117
9.03678 0.110899
9.04397 0.110536
9.05117 0.110344
9.05837 0.110176
9.06556 0.110029
9.07276 0.109901
9.07996 0.109663
9.08716 0.10958
9.09435 0.109508
9.11322 0.110944
9.12761 0.111576
9.13481 0.111254
9.14201 0.110972
9.1492 0.110726
9.1564 0.11051
9.1636 0.110321
9.1708 0.110156
9.17799 0.109887
9.18519 0.109776
9.19239 0.109679
9.19959 0.109594
9.23284 0.110395
9.24004 0.11022
9.24724 0.110068
9.25444 0.109934
9.26163 0.109818
9.26883 0.10959
9.27603 0.109517
9.28322 0.109452
9.29042 0.109395
9.29762 0.109346
9.30482 0.109303
9.33808 0.112515
9.34527 0.112076
9.35247 0.111691
9.35967 0.111355
9.36686 0.110935
9.37406 0.110693
9.38126 0.110482
9.38846 0.110297
9.39565 0.110134
9.40285 0.109868
9.41005 0.109759
9.41724 0.109664
9.44331 0.111956
9.4505 0.111587
9.4577 0.111263
9.4649 0.110855
9.4721 0.110624
9.47929 0.110421
9.48649 0.110243
9.49369 0.110088
9.50088 0.109827
9.50808 0.109723
9.51528 0.109633
9.52248 0.109554
9.54854 0.11186
9.55573 0.111502
9.56293 0.111064
9.57013 0.110806
9.57733 0.110581
9.58452 0.110383
9.59172 0.11021
9.59892 0.109934
9.60612 0.109817
9.61331 0.109715
9.62051 0.109626
9.62771 0.109547
9.65377 0.111729
9.66097 0.111263
9.66816 0.11098
9.67536 0.110732
9.68256 0.110516
9.68975 0.110326
9.69695 0.110036
9.70415 0.109906
9.71854 0.109793
9.72574 0.109694
9.73294 0.109482
9.759 0.111672
9.7662 0.111338
9.77701 0.111546
9.99108 0.122602
9.99828 0.120902
10.0055 0.119414
10.0127 0.118113
10.0199 0.116848
10.0271 0.115867
10.0343 0.115009
10.0415 0.114258
10.0487 0.113601
10.0559 0.112901
10.0631 0.112413
10.0702 0.111986
10.0963 0.113988
10.1035 0.113365
10.1107 0.112819
10.1179 0.112217
10.1251 0.111815
10.1323 0.111463
10.1395 0.111155
10.1467 0.110886
10.3248 0.11065
10.4228 0.115944
10.43 0.115076
10.5317 0.114316
10.5389 0.113527
10.6405 0.112961
10.6477 0.112466
10.7493 0.112033
10.7565 0.111653
10.8581 0.111322
10.8653 0.111032
10.9742 0.110778
11.083 0.110555
11.0902 0.110361
11.1918 0.110066
11.199 0.109933
11.3007 0.109816
11.3079 0.109589
11.4095 0.109515
11.4167 0.109451
11.5183 0.109395
11.5255 0.109345
11.6271 0.109302
11.6343 0.109264
11.736 0.109106
11.7432 0.109093
11.8448 0.109081
11.852 0.109071
11.9536 0.109062
11.9608 0.10893
12.0625 0.108938
12.0697 0.108946
12.1713 0.108953
12.1785 0.108959
12.2801 0.108964
12.2873 0.108968
12.389 0.108847
12.3962 0.108866
12.4978 0.108883
12.505 0.108773
12.6066 0.108801
12.6138 0.108826
12.7154 0.108848
12.7226 0.108867
12.8243 0.108883
12.8315 0.108898
12.9331 0.108911
12.9403 0.108922
13.0419 0.108807
13.0491 0.108831
13.1508 0.108852
13.158 0.108745
13.2596 0.108777
13.2668 0.108805
13.3684 0.108829
13.3756 0.108851
13.4773 0.108869
13.4845 0.108886
13.5861 0.1089
13.5933 0.108913
13.6949 0.108798
13.7021 0.108824
13.8037 0.108846
13.8109 0.10874
13.9126 0.108772
13.9198 0.108801
14.0214 0.108826
14.0286 0.108848
14.1302 0.108867
14.1374 0.108883
14.2391 0.108898
14.2463 0.108911
14.3479 0.108797
14.3551 0.108822
14.4567 0.108844
14.4639 0.108739
14.5656 0.108772
14.5728 0.1088
14.6744 0.108825
14.6816 0.108847
14.7832 0.108866
14.7904 0.108883
14.892 0.108897
14.8992 0.10891
15.0009 0.108796
15.0081 0.108822
15.1097 0.108844
15.1169 0.108739
15.2185 0.108771
15.2257 0.1088
15.3274 0.108825
15.3346 0.108847
15.4362 0.108866
15.4434 0.108883
15.545 0.108897
15.5522 0.10891
15.6539 0.108796
15.661 0.108822
15.7627 0.108844
15.7699 0.108739
15.8715 0.108771
15.8787 0.1088
15.9803 0.108825
15.9875 0.108847
16.0892 0.108866
16.0964 0.108883
16.198 0.108897
16.2052 0.10891
16.3068 0.108796
16.314 0.108822
16.4157 0.108844
16.4229 0.108739
16.5245 0.108771
16.5317 0.1088
16.6333 0.108825
16.6405 0.108847
16.7422 0.108866
16.7493 0.108883
16.851 0.108772
16.8582 0.108801
16.9598 0.108826
16.967 0.108847
17.0686 0.108867
17.0758 0.108758
17.1775 0.108788
17.1847 0.108815
17.2863 0.108838
17.2935 0.108858
17.3951 0.108876
17.4023 0.108891
17.504 0.10878
17.5112 0.108808
17.6128 0.108832
17.62 0.108728
17.7216 0.108762
17.7288 0.108791
17.8304 0.108818
17.8376 0.10884
17.9465 0.10886
18.0553 0.108878
18.0625 0.108893
18.1641 0.108906
18.1713 0.108918
18.273 0.108803
18.2802 0.108828
18.3818 0.108849
18.389 0.108743
18.4906 0.108775
18.4978 0.108803
18.5995 0.108828
18.6067 0.10885
18.7083 0.108868
18.7155 0.108885
18.8171 0.108899
18.8243 0.108912
18.9259 0.108798
18.9331 0.108823
19.0348 0.108845
19.042 0.10874
19.1436 0.108772
19.1508 0.108801
19.2524 0.108826
19.2596 0.108847
19.3613 0.108866
19.3685 0.108883
19.4701 0.108898
19.4773 0.108911
19.5789 0.108797
19.5861 0.108822
19.6878 0.108844
19.6949 0.108739
19.7966 0.108771
19.8038 0.1088
19.9054 0.108825
19.9126 0.108847
20.0142 0.108866
20.0214 0.108883
20.1231 0.108897
20.1303 0.10891
20.2319 0.108796
20.2391 0.108822
20.3407 0.108844
20.3479 0.108739
20.4496 0.108771
20.4568 0.1088
20.5584 0.108825
20.5656 0.108847
20.6672 0.108866
20.6744 0.108883
20.7797 0.109272
21.1673 0.116488
21.1745 0.115552
21.1817 0.114733
21.1889 0.113892
21.2726 0.12278
21.2798 0.121058
21.287 0.119425
21.2942 0.118122
21.3014 0.116982
21.3086 0.115984
21.3158 0.115111
21.323 0.114222
21.3301 0.11357
21.3373 0.112998
21.3445 0.112499
21.3517 0.112061
21.3778 0.113929
21.385 0.113187
21.3922 0.112664
21.3994 0.112206
21.4066 0.111805
21.4138 0.111455
21.421 0.111023
21.4282 0.11077
21.4354 0.110549
21.4426 0.110355
21.4498 0.110186
21.457 0.109913
21.483 0.112173
21.4902 0.111777
21.4974 0.11143
21.5046 0.111126
21.5118 0.11086
21.519 0.110628
21.5262 0.110424
21.5334 0.110246
21.5406 0.11009
21.5478 0.109954
21.555 0.109835
21.5622 0.10973
21.5883 0.112014
21.5955 0.111637
21.6027 0.111308
21.6099 0.110894
21.6171 0.110657
21.6243 0.11045
21.6314 0.110269
21.6386 0.11011
21.6458 0.109847
21.653 0.109741
21.6602 0.109648
21.6674 0.109567
21.6935 0.111871
21.7007 0.111512
21.7151 0.111198
21.7223 0.110924
21.7295 0.110683
21.7367 0.110473
21.7439 0.110164
21.7511 0.110018
21.7583 0.109891
21.7655 0.10978
21.7727 0.109682
21.7987 0.111847
21.8059 0.111366
21.8203 0.111945
21.8275 0.111577
21.8347 0.111255
21.8419 0.110848
21.8491 0.110617
21.8563 0.110415
21.8635 0.110238
21.8707 0.110083
21.8779 0.109823
21.8851 0.10972
21.904 0.111005
21.9112 0.110754
21.9256 0.11141
21.9327 0.111109
21.9399 0.11072
21.9471 0.110505
21.9543 0.110317
21.9615 0.110152
21.9687 0.110008
21.9759 0.109757
21.9831 0.109663
21.9903 0.10958
22.0092 0.111007
22.0164 0.110756
22.0308 0.111412
22.038 0.110985
22.0452 0.110737
22.0524 0.11052
22.0596 0.11033
22.0668 0.110164
22.074 0.109893
22.0812 0.109782
22.0884 0.109684
22.0956 0.109598
22.1144 0.111024
22.1216 0.110771
22.136 0.111549
22.1432 0.111231
22.1504 0.110952
22.1576 0.110708
22.1648 0.110494
22.172 0.110183
22.1792 0.110035
22.1864 0.109905
22.1936 0.109792
22.2008 0.109693
22.2197 0.110982
22.2268 0.110609
22.2412 0.111283
22.2484 0.110997
22.2556 0.110748
22.2628 0.110404
22.27 0.110229
22.2772 0.110075
22.2844 0.109941
22.2916 0.109823
22.2988 0.10972
22.306 0.10963
22.3249 0.110926
22.3321 0.110686
22.3465 0.11135
22.3537 0.111056
22.3609 0.110674
22.3681 0.110465
22.3753 0.110282
22.3825 0.110122
22.3897 0.109981
22.3969 0.109734
22.4041 0.109642
22.4113 0.109562
22.4301 0.110992
22.4373 0.110743
22.4517 0.1114
22.6766 0.1111
22.6802 0.110837
22.6874 0.110608
22.7782 0.110407
22.7854 0.110231
22.7926 0.110077
22.7998 0.109942
22.807 0.109825
22.8142 0.109722
22.8214 0.109631
22.8286 0.109552
22.8358 0.109483
22.843 0.109423
22.8502 0.10937
22.8574 0.109324
22.8646 0.109283
22.8871 0.109248
22.8943 0.109217
22.9015 0.10919
22.9087 0.109166
22.9159 0.10902
22.923 0.109018
22.9302 0.109016
22.9374 0.109014
22.9446 0.109012
22.9518 0.108885
22.959 0.1089
22.9662 0.108912
22.9734 0.108923
22.9959 0.108808
23.0031 0.108832
23.0103 0.108853
23.0175 0.108871
23.0247 0.108887
23.0319 0.108776
23.0391 0.108804
23.0463 0.108829
23.0535 0.10885
23.0607 0.108869
23.0679 0.10876
23.0751 0.10879
23.0823 0.108817
23.1047 0.108839
23.1119 0.108735
23.1191 0.108768
23.1263 0.108797
23.1335 0.108822
23.1407 0.108844
23.1479 0.108739
23.1551 0.108771
23.1695 0.1088
23.1767 0.108825
23.1839 0.108722
23.1911 0.108757
23.2136 0.108787
23.2207 0.108814
23.2279 0.108712
23.2351 0.108748
23.2423 0.108779
23.2495 0.108807
23.2567 0.108831
23.2639 0.108727
23.2783 0.108761
23.2855 0.108791
23.2927 0.108817
23.2999 0.108715
23.3071 0.108751
23.3224 0.108782
23.3296 0.108809
23.3368 0.108833
23.344 0.108729
23.3512 0.108763
23.3584 0.108792
23.3656 0.108818
23.3728 0.108841
23.3872 0.108861
23.3944 0.108878
23.4016 0.108894
23.4087 0.108907
23.4159 0.108793
23.4312 0.108819
23.4384 0.108842
23.4456 0.108862
23.4528 0.108879
23.46 0.108894
23.4672 0.108907
23.4744 0.108919
23.4816 0.108929
23.496 0.108813
23.5032 0.108836
23.5104 0.108857
23.5176 0.108875
23.5248 0.10889
23.54 0.108904
23.5472 0.108916
23.5544 0.108927
23.5616 0.108936
23.5688 0.108819
23.576 0.108841
23.5832 0.108861
23.5904 0.108879
23.6048 0.108894
23.612 0.108907
23.6192 0.108919
23.6264 0.108929
23.6336 0.108938
23.6489 0.108821
23.6561 0.108843
23.6633 0.108863
23.6705 0.10888
23.6777 0.108895
23.6849 0.108783
23.6921 0.10881
23.6993 0.108834
23.7136 0.108855
23.7208 0.108748
23.728 0.108779
23.7352 0.108807
23.7424 0.108831
23.7577 0.108852
23.7649 0.108746
23.7721 0.108777
23.7793 0.108805
23.7865 0.10883
23.7937 0.108851
23.8009 0.108745
23.8081 0.108776
23.8225 0.108804
23.8297 0.108829
23.8369 0.108725
23.8441 0.10876
23.8513 0.10879
23.8665 0.108816
23.8737 0.108839
23.8809 0.108734
23.8881 0.108767
23.8953 0.108796
23.9025 0.108822
23.9097 0.108844
23.9169 0.108739
23.9313 0.108771
23.9385 0.1088
23.9457 0.108825
23.9529 0.108722
23.9601 0.108757
23.9754 0.108787
23.9826 0.108814
23.9898 0.108837
23.997 0.108732
24.0041 0.108766
24.0113 0.108795
24.0185 0.108821
24.0257 0.108843
24.0401 0.108863
24.0473 0.10888
24.0545 0.108895
24.0617 0.108908
24.0689 0.108795
24.0842 0.10882
24.0914 0.108843
24.0986 0.108862
24.1058 0.10888
24.113 0.10877
24.1202 0.108798
24.1274 0.108824
24.1346 0.108846
24.149 0.10874
24.1562 0.108772
24.1634 0.108801
24.1706 0.108826
24.1778 0.108848
24.193 0.108867
24.2002 0.108883
24.2074 0.108898
24.4251 0.120286
24.4323 0.118875
24.4395 0.117641
24.4467 0.11656
24.4611 0.115615
24.4683 0.114789
24.4755 0.114065
24.4827 0.113432
24.4899 0.112753
24.4971 0.112284
24.5043 0.111873
24.5115 0.111514
24.5303 0.1127
24.5375 0.112237
24.5447 0.111833
24.5519 0.111354
24.5663 0.111934
24.5735 0.111568
24.5807 0.111247
24.5879 0.110841
24.5951 0.110611
24.6023 0.110409
24.6095 0.110233
24.6167 0.110079
24.8344 0.120694
24.846 0.119857
24.8532 0.1185
24.8604 0.117313
24.8676 0.116274
24.8748 0.115364
24.882 0.114569
24.8892 0.113873
24.8964 0.113264
24.9036 0.112731
24.9108 0.112264
24.918 0.111856
24.9252 0.111499
24.9324 0.111187
24.9432 0.110914
24.9549 0.110549
24.9621 0.110356
24.9693 0.110186
24.9765 0.110038
24.9837 0.109908
24.9909 0.10967
24.998 0.109586
25.0052 0.109513
25.0124 0.109449
25.0196 0.109393
25.0268 0.109218
25.034 0.109191
25.0412 0.109167
25.052 0.109146
25.0637 0.109128
25.0709 0.108987
25.0781 0.108989
25.0853 0.10899
25.0925 0.108991
25.0997 0.108992
25.1069 0.108868
25.1141 0.108885
25.1213 0.108899
25.1285 0.108912
25.1357 0.108923
25.1429 0.108807
25.1501 0.108832
25.1609 0.108728
25.1725 0.108762
25.1797 0.108791
25.3353 0.112443
25.4046 0.117012
25.4118 0.116011
25.419 0.115009
25.4262 0.114258
25.4334 0.113601
25.4406 0.113026
25.4478 0.112523
25.455 0.111957
25.4622 0.111588
25.4694 0.111264
25.4766 0.110981
25.4838 0.110733
25.491 0.110392
25.4982 0.110218
25.517 0.110066
25.5242 0.109932
25.5314 0.109816
25.5386 0.109714
25.5458 0.109625
25.553 0.109547
25.5602 0.109478
25.5674 0.109418
25.5746 0.109366
25.5818 0.10932
25.589 0.109155
25.7743 0.116511
25.8175 0.115572
25.8247 0.114751
25.8319 0.113907
25.8391 0.113293
25.8462 0.112757
25.8534 0.112287
25.8606 0.111876
25.8678 0.111392
25.875 0.111093
25.8822 0.110831
25.8894 0.110602
25.8966 0.110402
25.9038 0.110227
25.911 0.110073
25.9227 0.110439
25.9299 0.110134
25.9407 0.110368
26.1548 0.121447
26.162 0.119766
26.1692 0.11842
26.1764 0.117243
26.1836 0.116212
26.1908 0.115311
26.198 0.114397
26.2052 0.113722
26.2123 0.113132
26.2195 0.112615
26.2267 0.112164
26.2339 0.111643
26.2411 0.111313
26.2483 0.111024
26.26 0.111396
26.2672 0.111096
26.2744 0.110834
26.2816 0.110605
26.2888 0.110404
26.296 0.110104
26.3032 0.109966
26.3104 0.109845
26.3176 0.109739
26.3248 0.109647
26.332 0.109441
26.3392 0.109386
26.3464 0.109338
26.3536 0.109296
26.3652 0.109884
26.3796 0.109773
26.3868 0.109676
26.394 0.109592
26.4012 0.109518
26.4084 0.109453
26.4156 0.109397
26.4228 0.109347
26.43 0.109304
26.4372 0.109266
26.4444 0.109232
26.4516 0.109203
26.4588 0.109178
26.4849 0.110031
26.4921 0.109902
26.4993 0.109789
26.5065 0.109691
26.5136 0.109604
26.5208 0.109404
26.528 0.109353
26.5352 0.109309
26.5424 0.10927
26.5496 0.109237
26.5568 0.109082
26.564 0.109072
26.5712 0.109063
26.5901 0.110555
26.5973 0.110361
26.6045 0.110191
26.6117 0.110042
26.6189 0.109786
26.6261 0.109688
26.6333 0.109602
26.6405 0.109527
26.6477 0.109461
26.6549 0.109278
26.6621 0.109244
26.6693 0.109213
26.6765 0.109187
26.6837 0.109163
26.6953 0.109643
26.7025 0.109562
26.7097 0.109492
26.7169 0.109306
26.7241 0.109267
26.7313 0.109234
26.7385 0.109205
26.7457 0.109179
26.7529 0.109032
26.7601 0.109028
26.7673 0.109024
26.7745 0.109021
26.7817 0.109019
26.7889 0.108891
26.8006 0.109405
26.8077 0.109354
26.8149 0.109185
26.8221 0.109162
26.8293 0.109142
26.8365 0.109124
26.8437 0.109108
26.8509 0.10897
26.8581 0.108974
26.8653 0.108977
26.8725 0.10898
26.8797 0.108982
26.8869 0.10886
26.8941 0.108877
26.9058 0.109392
26.913 0.109218
26.9202 0.109191
26.9274 0.109167
26.9346 0.109146
26.9418 0.109128
26.949 0.108987
26.9562 0.108989
26.9634 0.10899
26.9706 0.108991
26.9778 0.108992
26.985 0.108868
26.9922 0.108885
26.9993 0.108899
27.011 0.109537
27.0182 0.10947
27.0254 0.109411
27.0326 0.10936
27.0398 0.109315
27.047 0.109275
27.0542 0.109241
27.0614 0.109211
27.0686 0.109184
27.0758 0.109161
27.083 0.109016
27.0902 0.109014
27.0974 0.109012
27.1046 0.109011
27.1162 0.109635
27.1234 0.109555
27.1306 0.109486
27.1378 0.1093
27.145 0.109263
27.1522 0.10923
27.1594 0.109201
27.1666 0.109176
27.1738 0.109154
27.181 0.109135
27.1882 0.109118
27.1954 0.109103
27.2026 0.10909
27.2098 0.109079
27.2215 0.109569
27.2287 0.109498
27.2359 0.109311
27.2431 0.109272
27.2503 0.109238
27.2575 0.109208
27.2647 0.109182
27.2719 0.109034
27.2791 0.10903
27.2863 0.109026
27.2934 0.109023
27.3006 0.10902
27.3078 0.108893
27.315 0.108906
27.3267 0.109418
27.3339 0.109241
27.3411 0.10921
27.3483 0.109184
27.3555 0.109161
27.5732 0.120516
27.5804 0.119077
27.5876 0.117817
27.5948 0.116715
27.602 0.115625
27.6092 0.114797
27.6164 0.114073
27.6236 0.113439
27.6308 0.112884
27.638 0.112273
27.6452 0.111864
27.6524 0.111506
27.6595 0.111193
27.6667 0.110919
27.6739 0.110554
27.682 0.11036
27.6892 0.11019
27.7 0.110541
