0.0 0
0.214162 4294967295
0.418991 4294967295
0.433098 4294967295
0.447215 4294967295
0.461333 4294967295
0.475451 4294967295
0.694408 4294967295
0.694408 4294967295
0.701467 4294967295
0.708526 4294967295
0.715585 4294967295
0.729714 4294967295
0.736773 4294967295
0.743831 4294967295
0.828648 4294967295
0.835707 4294967295
0.842766 4294967295
0.849825 4294967295
0.856884 4294967295
0.856884 4294967295
0.856884 4294967295
0.863943 4294967295
0.863943 4294967295
0.863943 4294967295
0.871002 4294967295
0.871002 4294967295
0.871002 4294967295
0.87806 4294967295
0.87806 4294967295
0.87806 4294967295
0.88513 4294967295
0.88513 4294967295
0.88513 4294967295
0.892189 4294967295
0.892189 4294967295
0.892189 4294967295
0.899237 4294967295
0.899237 4294967295
0.906296 4294967295
1.08995 4294967295
1.08995 4294967295
1.35831 4294967295
1.36537 4294967295
1.37242 4294967295
1.37948 4294967295
1.39361 4294967295
1.40067 4294967295
1.40773 4294967295
1.41479 4294967295
1.42185 4294967295
1.42891 4294967295
1.50666 4294967295
1.51372 4294967295
1.51372 4294967295
1.51372 4294967295
1.52078 4294967295
1.52078 4294967295
1.52078 4294967295
1.52784 4294967295
1.52784 4294967295
1.52784 4294967295
1.54197 4294967295
1.54197 4294967295
1.54197 4294967295
1.54903 4294967295
1.54903 4294967295
1.54903 4294967295
1.55609 4294967295
1.55609 4294967295
1.55609 4294967295
1.56314 4294967295
1.56314 4294967295
1.56367 4294967295
1.57019 4294967295
1.75385 4294967295
1.75385 4294967295
2.01516 4294967295
2.01516 4294967295
2.02222 4294967295
2.02928 4294967295
2.03633 4294967295
2.04339 4294967295
2.05045 4294967295
2.05751 4294967295
2.07164 4294967295
2.0787 4294967295
2.0787 4294967295
2.08576 4294967295
2.08576 4294967295
2.08576 4294967295
2.09282 4294967295
2.09282 4294967295
2.09282 4294967295
2.17057 4294967295
2.17057 4294967295
2.17057 4294967295
2.17763 4294967295
2.17763 4294967295
2.17763 4294967295
2.19176 4294967295
2.19176 4294967295
2.19176 4294967295
2.20589 4294967295
2.20589 4294967295
2.20589 4294967295
2.21294 4294967295
2.21294 4294967295
2.21294 4294967295
2.22 4294967295
2.22 4294967295
2.22 4294967295
2.22053 4294967295
2.22053 4294967295
2.22704 4294967295
2.22704 4294967295
2.41071 4294967295
2.41071 4294967295
2.90506 4294967295
2.90506 4294967295
2.91212 4294967295
2.91918 4294967295
2.92624 4294967295
2.94741 4294967295
2.95447 4294967295
2.96153 4294967295
2.96859 4294967295
3.02517 4294967295
3.03223 4294967295
3.03929 4294967295
3.04635 4294967295
3.05341 4294967295
3.06047 4294967295
3.06753 4294967295
3.07458 4294967295
3.0887 4294967295
3.09577 4294967295
3.10283 4294967295
3.10283 4294967295
3.10988 4294967295
3.10988 4294967295
3.10988 4294967295
3.92916 4294967295
3.92916 4294967295
3.94329 4294967295
3.95035 4294967295
3.95741 4294967295
3.96447 4294967295
3.97859 4294967295
3.99271 4294967295
3.99977 4294967295
4.00683 4294967295
4.01389 4294967295
4.02095 4294967295
4.02801 4294967295
4.03507 4294967295
4.03507 4294967295
4.04212 4294967295
4.04212 4294967295
4.04212 4294967295
4.04918 4294967295
4.04918 4294967295
4.04918 4294967295
4.06331 4294967295
4.06331 4294967295
4.06331 4294967295
4.07037 4294967295
4.07037 4294967295
4.07037 4294967295
4.07743 4294967295
4.07743 4294967295
4.07743 4294967295
4.08134 4294967295
4.12693 4294967295
5.74419 4294967295
5.75125 4294967295
5.75831 4294967295
5.76537 4294967295
5.77243 4294967295
5.92785 4294967295
5.93491 4294967295
5.93491 4294967295
5.94196 4294967295
5.94196 4294967295
5.94303 4294967295
5.94901 4294967295
6.24669 4294967295
6.24669 4294967295
6.35162 4294967295
6.35868 4294967295
6.43035 4294967295
6.43741 4294967295
6.43741 4294967295
6.43741 4294967295
6.44447 4294967295
6.44447 4294967295
6.44447 4294967295
6.45151 4294967295
6.45151 4294967295
6.45204 4294967295
6.64222 4294967295
6.64222 4294967295
7.10128 4294967295
7.10128 4294967295
7.10834 4294967295
7.1154 4294967295
7.12246 4294967295
7.12952 4294967295
7.13658 4294967295
7.14364 4294967295
7.26375 4294967295
7.27081 4294967295
7.27787 4294967295
7.28492 4294967295
7.29199 4294967295
7.29199 4294967295
7.29905 4294967295
7.29905 4294967295
7.3061 4294967295
7.3061 4294967295
7.3061 4294967295
7.75811 4294967295
7.76517 4294967295
7.77223 4294967295
7.77929 4294967295
7.78635 4294967295
7.90646 4294967295
7.91352 4294967295
7.92058 4294967295
7.92764 4294967295
7.94176 4294967295
7.94882 4294967295
7.95588 4294967295
7.95588 4294967295
7.96293 4294967295
7.96293 4294967295
7.96293 4294967295
9.60149 4294967295
9.60149 4294967295
9.60855 4294967295
9.61561 4294967295
9.62267 4294967295
9.62973 4294967295
9.63679 4294967295
9.64385 4294967295
9.6509 4294967295
9.65796 4294967295
9.66502 4294967295
9.67208 4294967295
9.67914 4294967295
9.74984 4294967295
9.74984 4294967295
9.7569 4294967295
9.7569 4294967295
9.75884 4294967295
9.80631 4294967295
10.2865 4294967295
10.2936 4294967295
10.3007 4294967295
10.3077 4294967295
10.3148 4294967295
10.3218 4294967295
10.3289 4294967295
10.336 4294967295
10.343 4294967295
10.3501 4294967295
10.3714 4294967295
10.3784 4294967295
10.449 4294967295
10.449 4294967295
10.4561 4294967295
10.4561 4294967295
10.4702 4294967295
10.4702 4294967295
10.4773 4294967295
10.4773 4294967295
10.4843 4294967295
10.4843 4294967295
10.4914 4294967295
10.4914 4294967295
10.4914 4294967295
10.4919 4294967295
10.6821 4294967295
10.9716 4294967295
10.9716 4294967295
10.9787 4294967295
10.9857 4294967295
10.9928 4294967295
10.9998 4294967295
11.0069 4294967295
11.014 4294967295
11.0988 4294967295
11.1058 4294967295
11.1129 4294967295
11.12 4294967295
11.1341 4294967295
11.1411 4294967295
11.1482 4294967295
11.1552 4294967295
11.1694 4294967295
11.1694 4294967295
11.692 4294967295
11.699 4294967295
11.7061 4294967295
11.7131 4294967295
11.7202 4294967295
11.7697 4294967295
11.7768 4294967295
11.7979 4294967295
11.805 4294967295
11.8121 4294967295
11.8191 4294967295
11.8262 4294967295
11.8332 4294967295
11.8403 4294967295
11.8474 4294967295
11.8544 4294967295
11.8615 4294967295
11.8756 4294967295
11.8827 4294967295
11.8827 4294967295
11.8897 4294967295
11.8897 4294967295
11.8968 4294967295
11.8968 4294967295
11.8968 4294967295
12.3276 4294967295
12.3276 4294967295
12.3629 4294967295
12.37 4294967295
12.377 4294967295
12.3841 4294967295
12.3911 4294967295
12.3982 4294967295
12.4053 4294967295
12.4123 4294967295
12.4123 4294967295
12.4123 4294967295
12.4194 4294967295
12.4194 4294967295
12.4194 4294967295
12.4264 4294967295
12.4264 4294967295
12.4264 4294967295
12.4335 4294967295
12.4335 4294967295
12.4335 4294967295
12.4406 4294967295
12.4406 4294967295
12.4406 4294967295
12.4476 4294967295
12.4476 4294967295
12.4476 4294967295
12.4547 4294967295
12.4547 4294967295
12.4547 4294967295
12.5042 4294967295
12.5042 4294967295
12.5042 4294967295
12.5113 4294967295
12.5113 4294967295
12.5113 4294967295
12.5183 4294967295
12.5183 4294967295
12.5183 4294967295
12.5254 4294967295
12.5254 4294967295
12.5254 4294967295
12.5324 4294967295
12.5324 4294967295
12.7232 4294967295
12.7232 4294967295
12.7302 4294967295
12.7302 4294967295
12.7302 4294967295
12.935 4294967295
12.9492 4294967295
12.9562 4294967295
12.9633 4294967295
12.9703 4294967295
12.9774 4294967295
12.9845 4294967295
12.9915 4294967295
13.0056 4294967295
13.0061 4294967295
13.0127 4294967295
13.6347 4294967295
