0.010001 1 -0
0.110001 1 0.00820529
0.110001 2 -0
0.210001 1 0.327852
0.210001 2 0.00820529
0.310001 1 0.414564
0.310001 2 0.0197982
0.410001 1 0.57567
0.410001 2 0.0309807
0.510001 1 0.631206
0.510001 2 0.037095
0.610001 1 0.703478
0.610001 2 0.0413047
0.710001 1 0.738076
0.710001 2 0.0434276
0.810001 1 0.767687
0.810001 2 0.0455064
0.910001 1 0.789166
0.910001 2 0.0469695
1.01 1 0.846232
1.01 2 0.0520614
1.11 1 0.812927
1.11 2 0.0515356
1.21 1 0.823365
1.21 2 0.0503693
1.31 1 0.846209
1.31 2 0.0515713
1.41 1 0.858144
1.41 2 0.0539308
1.51 1 0.815341
1.51 2 0.0578023
1.61 1 0.814062
1.61 2 0.0557524
1.71 1 0.821016
1.71 2 0.056427
1.81 1 0.84503
1.81 2 0.0586266
1.91 1 0.825938
1.91 2 0.0560063
2.01 1 0.821838
2.01 2 0.05816
2.11 1 0.797127
2.11 2 0.0569664
2.21 1 0.790315
2.21 2 0.0570137
2.31 1 0.762924
2.31 2 0.0549008
2.41 1 0.738072
2.41 2 0.0529837
2.51 1 0.715421
2.51 2 0.0512364
2.61 1 0.694691
2.61 2 0.04949
2.71 1 0.675647
2.71 2 0.0496373
2.81 1 0.656639
2.81 2 0.0481683
2.91 1 0.638493
2.91 2 0.0468361
3.01 1 0.623444
3.01 2 0.0457316
3.11 1 0.613324
3.11 2 0.044597
3.21 1 0.596548
3.21 2 0.0437915
3.31 1 0.600265
3.31 2 0.0427695
3.41 1 0.588058
3.41 2 0.0418143
3.51 1 0.576624
3.51 2 0.0409196
3.61 1 0.565891
3.61 2 0.0400797
3.71 1 0.555796
3.71 2 0.0392897
3.81 1 0.546285
3.81 2 0.0384239
3.91 1 0.537308
3.91 2 0.0385455
4.01 1 0.528821
4.01 2 0.037843
4.11 1 0.520786
4.11 2 0.0371788
4.21 1 0.513166
4.21 2 0.03655
4.31 1 0.505932
4.31 2 0.0359538
4.41 1 0.499053
4.41 2 0.0353877
4.51 1 0.490567
4.51 2 0.0348494
4.61 1 0.492505
4.61 2 0.034337
4.71 1 0.486265
4.71 2 0.0338487
4.81 1 0.48031
4.81 2 0.0333827
4.91 1 0.473789
4.91 2 0.0330576
5.01 1 0.467558
5.01 2 0.0326932
5.11 1 0.464409
5.11 2 0.0322909
5.21 1 0.458179
5.21 2 0.0319595
5.31 1 0.453415
5.31 2 0.0315786
5.41 1 0.448842
5.41 2 0.0310945
5.51 1 0.44445
5.51 2 0.0311485
5.61 1 0.440228
5.61 2 0.0308004
5.71 1 0.435428
5.71 2 0.0304657
5.81 1 0.431188
5.81 2 0.0300848
5.91 1 0.427425
5.91 2 0.0297759
6.01 1 0.423799
6.01 2 0.0294783
6.11 1 0.42416
6.11 2 0.0291915
6.21 1 0.42067
6.21 2 0.0289148
6.31 1 0.417301
6.31 2 0.0286476
6.41 1 0.414046
6.41 2 0.0283368
6.51 1 0.410901
6.51 2 0.0280784
6.61 1 0.407442
6.61 2 0.0277902
6.71 1 0.407442
6.71 2 0.0277902
6.81 1 0.396011
6.81 2 0.0277902
6.91 1 0.394273
6.91 2 0.0269892
7.01 1 0.39343
7.01 2 0.0268258
7.11 1 0.390317
7.11 2 0.0266678
7.21 1 0.387878
7.21 2 0.0265436
7.31 1 0.391429
7.31 2 0.0264497
7.41 1 0.390666
7.41 2 0.0263128
7.51 1 0.389384
7.51 2 0.0261717
7.61 1 0.387415
7.61 2 0.0261526
7.71 1 0.386189
7.71 2 0.0261533
7.81 1 0.3845
7.81 2 0.0259889
7.91 1 0.383884
7.91 2 0.0258407
8.01 1 0.383286
8.01 2 0.0259504
8.11 1 0.382181
8.11 2 0.0258734
8.21 1 0.381129
8.21 2 0.0257154
8.31 1 0.379918
8.31 2 0.0255204
8.41 1 0.378263
8.41 2 0.0255722
8.51 1 0.377124
8.51 2 0.0254582
8.61 1 0.376014
8.61 2 0.025391
8.71 1 0.374483
8.71 2 0.025419
8.81 1 0.376197
8.81 2 0.025479
8.91 1 0.375103
8.91 2 0.0253967
9.01 1 0.374392
9.01 2 0.0254898
9.11 1 0.373363
9.11 2 0.0254837
9.21 1 0.373538
9.21 2 0.0254276
9.31 1 0.373288
9.31 2 0.0253278
9.41 1 0.373492
9.41 2 0.0253554
9.51 1 0.371936
9.51 2 0.025476
9.61 1 0.373292
9.61 2 0.0254833
9.71 1 0.374323
9.71 2 0.0255106
9.81 1 0.375332
9.81 2 0.0255373
9.91 1 0.37632
9.91 2 0.0255635
10.01 1 0.376482
10.01 2 0.0255551
10.11 1 0.375693
10.11 2 0.0255846
10.21 1 0.374901
10.21 2 0.0257593
10.31 1 0.374645
10.31 2 0.0256505
10.41 1 0.37611
10.41 2 0.0256842
10.51 1 0.373637
10.51 2 0.025511
10.61 1 0.373432
10.61 2 0.0256494
10.71 1 0.372171
10.71 2 0.0255807
10.81 1 0.370405
10.81 2 0.0253785
10.91 1 0.370405
10.91 2 0.0253785
11.01 1 0.362083
11.01 2 0.0253785
11.11 1 0.362083
11.11 2 0.0253785
11.21 1 0.362083
11.21 2 0.0253785
11.31 1 0.362083
11.31 2 0.0253785
11.41 1 0.362083
11.41 2 0.0253785
11.51 1 0.362083
11.51 2 0.0253785
11.61 1 0.345509
11.61 2 0.0253785
11.71 1 0.345509
11.71 2 0.0253785
11.81 1 0.345509
11.81 2 0.0253785
11.91 1 0.345509
11.91 2 0.0253785
12.01 1 0.345509
12.01 2 0.0253785
12.11 1 0.345509
12.11 2 0.0253785
12.21 1 0.345509
12.21 2 0.0253785
12.31 1 0.345509
12.31 2 0.0253785
12.41 1 0.345509
12.41 2 0.0253785
12.51 1 0.345509
12.51 2 0.0253785
12.61 1 0.345509
12.61 2 0.0253785
12.71 1 0.316292
12.71 2 0.0253785
12.81 1 0.316292
12.81 2 0.0253785
12.91 1 0.316292
12.91 2 0.0253785
13.01 1 0.316292
13.01 2 0.0253785
13.11 1 0.316292
13.11 2 0.0253785
13.21 1 0.316292
13.21 2 0.0253785
13.31 1 0.316292
13.31 2 0.0253785
13.41 1 0.316292
13.41 2 0.0253785
13.51 1 0.316292
13.51 2 0.0253785
13.61 1 0.316292
13.61 2 0.0253785
13.71 1 0.316292
13.71 2 0.0253785
13.81 1 0.316292
13.81 2 0.0253785
13.91 1 0.316292
13.91 2 0.0253785
14.01 1 0.316292
14.01 2 0.0253785
14.11 1 0.316292
14.11 2 0.0253785
14.21 1 0.316292
14.21 2 0.0253785
14.31 1 0.316292
14.31 2 0.0253785
14.41 1 0.316292
14.41 2 0.0253785
14.51 1 0.316292
14.51 2 0.0253785
14.61 1 0.316292
14.61 2 0.0253785
14.71 1 0.316292
14.71 2 0.0253785
14.81 1 0.270383
14.81 2 0.0253785
14.91 1 0.270383
14.91 2 0.0253785
15.01 1 0.270383
15.01 2 0.0253785
15.11 1 0.270383
15.11 2 0.0253785
15.21 1 0.270383
15.21 2 0.0253785
15.31 1 0.270383
15.31 2 0.0253785
15.41 1 0.270383
15.41 2 0.0253785
15.51 1 0.270383
15.51 2 0.0253785
15.61 1 0.270383
15.61 2 0.0253785
15.71 1 0.270383
15.71 2 0.0253785
15.81 1 0.270383
15.81 2 0.0253785
15.91 1 0.270383
15.91 2 0.0253785
16.01 1 0.270383
16.01 2 0.0253785
16.11 1 0.270383
16.11 2 0.0253785
16.21 1 0.270383
16.21 2 0.0253785
16.31 1 0.270383
16.31 2 0.0253785
16.41 1 0.270383
16.41 2 0.0253785
16.51 1 0.270383
16.51 2 0.0253785
16.61 1 0.270383
16.61 2 0.0253785
16.71 1 0.270383
16.71 2 0.0253785
16.81 1 0.270383
16.81 2 0.0253785
16.91 1 0.270383
16.91 2 0.0253785
17.01 1 0.270383
17.01 2 0.0253785
17.11 1 0.270383
17.11 2 0.0253785
17.21 1 0.270383
17.21 2 0.0253785
17.31 1 0.270383
17.31 2 0.0253785
17.41 1 0.270383
17.41 2 0.0253785
17.51 1 0.270383
17.51 2 0.0253785
17.61 1 0.270383
17.61 2 0.0253785
17.71 1 0.270383
17.71 2 0.0253785
17.81 1 0.270383
17.81 2 0.0253785
17.91 1 0.270383
17.91 2 0.0253785
18.01 1 0.270383
18.01 2 0.0253785
18.11 1 0.270383
18.11 2 0.0253785
18.21 1 0.270383
18.21 2 0.0253785
18.31 1 0.270383
18.31 2 0.0253785
18.41 1 0.270383
18.41 2 0.0253785
18.51 1 0.270383
18.51 2 0.0253785
18.61 1 0.270383
18.61 2 0.0253785
18.71 1 0.270383
18.71 2 0.0253785
18.81 1 0.270383
18.81 2 0.0253785
18.91 1 0.270383
18.91 2 0.0253785
19.01 1 0.270383
19.01 2 0.0253785
19.11 1 0.270383
19.11 2 0.0253785
19.21 1 0.270383
19.21 2 0.0253785
19.31 1 0.270383
19.31 2 0.0253785
19.41 1 0.270383
19.41 2 0.0253785
19.51 1 0.270383
19.51 2 0.0253785
19.61 1 0.270383
19.61 2 0.0253785
19.71 1 0.270383
19.71 2 0.0253785
19.81 1 0.270383
19.81 2 0.0253785
19.91 1 0.270383
19.91 2 0.0253785
20.01 1 0.270383
20.01 2 0.0253785
20.11 1 0.270383
20.11 2 0.0253785
20.21 1 0.270383
20.21 2 0.0253785
20.31 1 0.270383
20.31 2 0.0253785
20.41 1 0.270383
20.41 2 0.0253785
20.51 1 0.270383
20.51 2 0.0253785
20.61 1 0.270383
20.61 2 0.0253785
20.71 1 0.270383
20.71 2 0.0253785
20.81 1 0.270383
20.81 2 0.0253785
20.91 1 0.270383
20.91 2 0.0253785
21.01 1 0.270383
21.01 2 0.0253785
21.11 1 0.270383
21.11 2 0.0253785
21.21 1 0.270383
21.21 2 0.0253785
21.31 1 0.270383
21.31 2 0.0253785
21.41 1 0.270383
21.41 2 0.0253785
21.51 1 0.270383
21.51 2 0.0253785
21.61 1 0.270383
21.61 2 0.0253785
21.71 1 0.270383
21.71 2 0.0253785
21.81 1 0.270383
21.81 2 0.0253785
21.91 1 0.270383
21.91 2 0.0253785
22.01 1 0.270383
22.01 2 0.0253785
22.11 1 0.270383
22.11 2 0.0253785
22.21 1 0.270383
22.21 2 0.0253785
22.31 1 0.270383
22.31 2 0.0253785
22.41 1 0.270383
22.41 2 0.0253785
22.51 1 0.270383
22.51 2 0.0253785
22.61 1 0.270383
22.61 2 0.0253785
22.71 1 0.270383
22.71 2 0.0253785
22.81 1 0.270383
22.81 2 0.0253785
22.91 1 0.270383
22.91 2 0.0253785
23.01 1 0.270383
23.01 2 0.0253785
23.11 1 0.270383
23.11 2 0.0253785
23.21 1 0.270383
23.21 2 0.0253785
23.31 1 0.270383
23.31 2 0.0253785
23.41 1 0.270383
23.41 2 0.0253785
23.51 1 0.270383
23.51 2 0.0253785
23.61 1 0.270383
23.61 2 0.0253785
23.71 1 0.270383
23.71 2 0.0253785
23.81 1 0.270383
23.81 2 0.0253785
23.91 1 0.270383
23.91 2 0.0253785
24.01 1 0.270383
24.01 2 0.0253785
24.11 1 0.270383
24.11 2 0.0253785
24.21 1 0.270383
24.21 2 0.0253785
24.31 1 0.270383
24.31 2 0.0253785
24.41 1 0.270383
24.41 2 0.0253785
24.51 1 0.270383
24.51 2 0.0253785
24.61 1 0.270383
24.61 2 0.0253785
24.71 1 0.270383
24.71 2 0.0253785
24.81 1 0.270383
24.81 2 0.0253785
24.91 1 0.270383
24.91 2 0.0253785
25.01 1 0.270383
25.01 2 0.0253785
25.11 1 0.270383
25.11 2 0.0253785
25.21 1 0.270383
25.21 2 0.0253785
25.31 1 0.270383
25.31 2 0.0253785
25.41 1 0.270383
25.41 2 0.0253785
25.51 1 0.270383
25.51 2 0.0253785
25.61 1 0.270383
25.61 2 0.0253785
25.71 1 0.270383
25.71 2 0.0253785
25.81 1 0.270383
25.81 2 0.0253785
25.91 1 0.270383
25.91 2 0.0253785
26.01 1 0.270383
26.01 2 0.0253785
26.11 1 0.270383
26.11 2 0.0253785
26.21 1 0.270383
26.21 2 0.0253785
26.31 1 0.270383
26.31 2 0.0253785
26.41 1 0.270383
26.41 2 0.0253785
26.51 1 0.270383
26.51 2 0.0253785
26.61 1 0.270383
26.61 2 0.0253785
26.71 1 0.270383
26.71 2 0.0253785
26.81 1 0.270383
26.81 2 0.0253785
26.91 1 0.270383
26.91 2 0.0253785
27.01 1 0.270383
27.01 2 0.0253785
27.11 1 0.270383
27.11 2 0.0253785
27.21 1 0.270383
27.21 2 0.0253785
27.31 1 0.270383
27.31 2 0.0253785
27.41 1 0.270383
27.41 2 0.0253785
27.51 1 0.270383
27.51 2 0.0253785
27.61 1 0.270383
27.61 2 0.0253785
27.71 1 0.270383
27.71 2 0.0253785
27.81 1 0.144268
27.81 2 0.0253785
27.91 1 0.144268
27.91 2 0.0253785
28.01 1 0.144268
28.01 2 0.0253785
28.11 1 0.144268
28.11 2 0.0253785
28.21 1 0.144268
28.21 2 0.0253785
28.31 1 0.144268
28.31 2 0.0253785
28.41 1 0.144268
28.41 2 0.0253785
28.51 1 0.144268
28.51 2 0.0253785
28.61 1 0.144268
28.61 2 0.0253785
28.71 1 0.144268
28.71 2 0.0253785
28.81 1 0.144268
28.81 2 0.0253785
28.91 1 0.144268
28.91 2 0.0253785
29.01 1 0.144268
29.01 2 0.0253785
29.11 1 0.144268
29.11 2 0.0253785
29.21 1 0.144268
29.21 2 0.0253785
29.31 1 0.144268
29.31 2 0.0253785
29.41 1 0.144268
29.41 2 0.0253785
29.51 1 0.144268
29.51 2 0.0253785
29.61 1 0.144268
29.61 2 0.0253785
29.71 1 0.144268
29.71 2 0.0253785
29.81 1 0.144268
29.81 2 0.0253785
29.91 1 0.144268
29.91 2 0.0253785
30.01 1 0.144268
30.01 2 0.0253785
30.11 1 0.144268
30.11 2 0.0253785
30.21 1 0.144268
30.21 2 0.0253785
30.31 1 0.144268
30.31 2 0.0253785
30.41 1 0.144268
30.41 2 0.0253785
30.51 1 0.144268
30.51 2 0.0253785
30.61 1 0.144268
30.61 2 0.0253785
30.71 1 0.144268
30.71 2 0.0253785
30.81 1 0.144268
30.81 2 0.0253785
30.91 1 0.144268
30.91 2 0.0253785
31.01 1 0.144268
31.01 2 0.0253785
31.11 1 0.144268
31.11 2 0.0253785
31.21 1 0.144268
31.21 2 0.0253785
31.31 1 0.144268
31.31 2 0.0253785
31.41 1 0.144268
31.41 2 0.0253785
31.51 1 0.144268
31.51 2 0.0253785
31.61 1 0.144268
31.61 2 0.0253785
31.71 1 0.144268
31.71 2 0.0253785
31.81 1 0.144268
31.81 2 0.0253785
31.91 1 0.144268
31.91 2 0.0253785
32.01 1 0.144268
32.01 2 0.0253785
32.11 1 0.144268
32.11 2 0.0253785
32.21 1 0.144268
32.21 2 0.0253785
32.31 1 0.144268
32.31 2 0.0253785
32.41 1 0.144268
32.41 2 0.0253785
32.51 1 0.144268
32.51 2 0.0253785
32.61 1 0.144268
32.61 2 0.0253785
32.71 1 0.144268
32.71 2 0.0253785
32.81 1 0.144268
32.81 2 0.0253785
32.91 1 0.144268
32.91 2 0.0253785
33.01 1 0.144268
33.01 2 0.0253785
33.11 1 0.144268
33.11 2 0.0253785
33.21 1 0.144268
33.21 2 0.0253785
33.31 1 0.144268
33.31 2 0.0253785
33.41 1 0.144268
33.41 2 0.0253785
33.51 1 0.144268
33.51 2 0.0253785
33.61 1 0.144268
33.61 2 0.0253785
33.71 1 0.144268
33.71 2 0.0253785
33.81 1 0.144268
33.81 2 0.0253785
33.91 1 0.144268
33.91 2 0.0253785
34.01 1 0.144268
34.01 2 0.0253785
34.11 1 0.144268
34.11 2 0.0253785
34.21 1 0.144268
34.21 2 0.0253785
34.31 1 0.144268
34.31 2 0.0253785
34.41 1 0.144268
34.41 2 0.0253785
34.51 1 0.144268
34.51 2 0.0253785
34.61 1 0.144268
34.61 2 0.0253785
34.71 1 0.144268
34.71 2 0.0253785
34.81 1 0.144268
34.81 2 0.0253785
34.91 1 0.144268
34.91 2 0.0253785
35.01 1 0.144268
35.01 2 0.0253785
35.11 1 0.144268
35.11 2 0.0253785
35.21 1 0.144268
35.21 2 0.0253785
35.31 1 0.144268
35.31 2 0.0253785
35.41 1 0.144268
35.41 2 0.0253785
35.51 1 0.144268
35.51 2 0.0253785
35.61 1 0.144268
35.61 2 0.0253785
35.71 1 0.144268
35.71 2 0.0253785
35.81 1 0.144268
35.81 2 0.0253785
35.91 1 0.144268
35.91 2 0.0253785
36.01 1 0.144268
36.01 2 0.0253785
36.11 1 0.144268
36.11 2 0.0253785
36.21 1 0.144268
36.21 2 0.0253785
36.31 1 0.144268
36.31 2 0.0253785
36.41 1 0.144268
36.41 2 0.0253785
36.51 1 0.144268
36.51 2 0.0253785
36.61 1 0.144268
36.61 2 0.0253785
36.71 1 0.144268
36.71 2 0.0253785
36.81 1 0.144268
36.81 2 0.0253785
36.91 1 0.144268
36.91 2 0.0253785
37.01 1 0.144268
37.01 2 0.0253785
37.11 1 0.144268
37.11 2 0.0253785
37.21 1 0.144268
37.21 2 0.0253785
37.31 1 0.144268
37.31 2 0.0253785
37.41 1 0.144268
37.41 2 0.0253785
37.51 1 0.144268
37.51 2 0.0253785
37.61 1 0.144268
37.61 2 0.0253785
37.71 1 0.144268
37.71 2 0.0253785
37.81 1 0.144268
37.81 2 0.0253785
37.91 1 0.144268
37.91 2 0.0253785
38.01 1 0.144268
38.01 2 0.0253785
38.11 1 0.144268
38.11 2 0.0253785
38.21 1 0.144268
38.21 2 0.0253785
38.31 1 0.144268
38.31 2 0.0253785
38.41 1 0.144268
38.41 2 0.0253785
38.51 1 0.144268
38.51 2 0.0253785
38.61 1 0.144268
38.61 2 0.0253785
38.71 1 0.144268
38.71 2 0.0253785
38.81 1 0.144268
38.81 2 0.0253785
38.91 1 0.144268
38.91 2 0.0253785
39.01 1 0.144268
39.01 2 0.0253785
39.11 1 0.144268
39.11 2 0.0253785
39.21 1 0.144268
39.21 2 0.0253785
39.31 1 0.144268
39.31 2 0.0253785
39.41 1 0.144268
39.41 2 0.0253785
39.51 1 0.144268
39.51 2 0.0253785
39.61 1 0.144268
39.61 2 0.0253785
39.71 1 0.144268
39.71 2 0.0253785
39.81 1 0.144268
39.81 2 0.0253785
39.91 1 0.144268
39.91 2 0.0253785
40.01 1 0.144268
40.01 2 0.0253785
40.11 1 0.144268
40.11 2 0.0253785
40.21 1 0.144268
40.21 2 0.0253785
40.31 1 0.144268
40.31 2 0.0253785
40.41 1 0.144268
40.41 2 0.0253785
40.51 1 0.144268
40.51 2 0.0253785
40.61 1 0.144268
40.61 2 0.0253785
40.71 1 0.144268
40.71 2 0.0253785
40.81 1 0.144268
40.81 2 0.0253785
40.91 1 0.144268
40.91 2 0.0253785
41.01 1 0.144268
41.01 2 0.0253785
41.11 1 0.144268
41.11 2 0.0253785
41.21 1 0.144268
41.21 2 0.0253785
41.31 1 0.144268
41.31 2 0.0253785
41.41 1 0.144268
41.41 2 0.0253785
41.51 1 0.144268
41.51 2 0.0253785
41.61 1 0.144268
41.61 2 0.0253785
41.71 1 0.144268
41.71 2 0.0253785
41.81 1 0.144268
41.81 2 0.0253785
41.91 1 0.144268
41.91 2 0.0253785
42.01 1 0.144268
42.01 2 0.0253785
42.11 1 0.144268
42.11 2 0.0253785
42.21 1 0.144268
42.21 2 0.0253785
42.31 1 0.144268
42.31 2 0.0253785
42.41 1 0.144268
42.41 2 0.0253785
42.51 1 0.144268
42.51 2 0.0253785
42.61 1 0.144268
42.61 2 0.0253785
42.71 1 0.144268
42.71 2 0.0253785
42.81 1 0.144268
42.81 2 0.0253785
42.91 1 0.144268
42.91 2 0.0253785
43.01 1 0.144268
43.01 2 0.0253785
43.11 1 0.144268
43.11 2 0.0253785
43.21 1 0.144268
43.21 2 0.0253785
43.31 1 0.144268
43.31 2 0.0253785
43.41 1 0.144268
43.41 2 0.0253785
43.51 1 0.144268
43.51 2 0.0253785
43.61 1 0.144268
43.61 2 0.0253785
43.71 1 0.144268
43.71 2 0.0253785
43.81 1 0.144268
43.81 2 0.0253785
43.91 1 0.144268
43.91 2 0.0253785
44.01 1 0.144268
44.01 2 0.0253785
44.11 1 0.144268
44.11 2 0.0253785
44.21 1 0.144268
44.21 2 0.0253785
44.31 1 0.144268
44.31 2 0.0253785
44.41 1 0.144268
44.41 2 0.0253785
44.51 1 0.144268
44.51 2 0.0253785
44.61 1 0.144268
44.61 2 0.0253785
44.71 1 0.144268
44.71 2 0.0253785
44.81 1 0.144268
44.81 2 0.0253785
44.91 1 0.144268
44.91 2 0.0253785
45.01 1 0.144268
45.01 2 0.0253785
45.11 1 0.144268
45.11 2 0.0253785
45.21 1 0.144268
45.21 2 0.0253785
45.31 1 0.144268
45.31 2 0.0253785
45.41 1 0.144268
45.41 2 0.0253785
45.51 1 0.144268
45.51 2 0.0253785
45.61 1 0.144268
45.61 2 0.0253785
45.71 1 0.144268
45.71 2 0.0253785
45.81 1 0.144268
45.81 2 0.0253785
45.91 1 0.144268
45.91 2 0.0253785
46.01 1 0.144268
46.01 2 0.0253785
46.11 1 0.144268
46.11 2 0.0253785
46.21 1 0.144268
46.21 2 0.0253785
46.31 1 0.144268
46.31 2 0.0253785
46.41 1 0.144268
46.41 2 0.0253785
46.51 1 0.144268
46.51 2 0.0253785
46.61 1 0.144268
46.61 2 0.0253785
46.71 1 0.144268
46.71 2 0.0253785
46.81 1 0.144268
46.81 2 0.0253785
46.91 1 0.144268
46.91 2 0.0253785
47.01 1 0.144268
47.01 2 0.0253785
47.11 1 0.144268
47.11 2 0.0253785
47.21 1 0.144268
47.21 2 0.0253785
47.31 1 0.144268
47.31 2 0.0253785
47.41 1 0.144268
47.41 2 0.0253785
47.51 1 0.144268
47.51 2 0.0253785
47.61 1 0.144268
47.61 2 0.0253785
47.71 1 0.144268
47.71 2 0.0253785
47.81 1 0.144268
47.81 2 0.0253785
47.91 1 0.144268
47.91 2 0.0253785
48.01 1 0.144268
48.01 2 0.0253785
48.11 1 0.144268
48.11 2 0.0253785
48.21 1 0.144268
48.21 2 0.0253785
48.31 1 0.144268
48.31 2 0.0253785
48.41 1 0.144268
48.41 2 0.0253785
48.51 1 0.144268
48.51 2 0.0253785
48.61 1 0.144268
48.61 2 0.0253785
48.71 1 0.144268
48.71 2 0.0253785
48.81 1 0.144268
48.81 2 0.0253785
48.91 1 0.144268
48.91 2 0.0253785
49.01 1 0.144268
49.01 2 0.0253785
49.11 1 0.144268
49.11 2 0.0253785
49.21 1 0.144268
49.21 2 0.0253785
49.31 1 0.144268
49.31 2 0.0253785
49.41 1 0.144268
49.41 2 0.0253785
49.51 1 0.144268
49.51 2 0.0253785
49.61 1 0.144268
49.61 2 0.0253785
49.71 1 0.144268
49.71 2 0.0253785
49.81 1 0.144268
49.81 2 0.0253785
49.91 1 0.144268
49.91 2 0.0253785
50.01 1 0.144268
50.01 2 0.0253785
50.11 1 0.144268
50.11 2 0.0253785
50.21 1 0.144268
50.21 2 0.0253785
50.31 1 0.144268
50.31 2 0.0253785
50.41 1 0.144268
50.41 2 0.0253785
50.51 1 0.144268
50.51 2 0.0253785
50.61 1 0.144268
50.61 2 0.0253785
50.71 1 0.144268
50.71 2 0.0253785
50.81 1 0.144268
50.81 2 0.0253785
50.91 1 0.144268
50.91 2 0.0253785
51.01 1 0.144268
51.01 2 0.0253785
51.11 1 0.144268
51.11 2 0.0253785
51.21 1 0.144268
51.21 2 0.0253785
51.31 1 0.144268
51.31 2 0.0253785
51.41 1 0.144268
51.41 2 0.0253785
51.51 1 0.144268
51.51 2 0.0253785
51.61 1 0.144268
51.61 2 0.0253785
51.71 1 0.144268
51.71 2 0.0253785
51.81 1 0.144268
51.81 2 0.0253785
51.91 1 0.144268
51.91 2 0.0253785
52.01 1 0.144268
52.01 2 0.0253785
52.11 1 0.144268
52.11 2 0.0253785
52.21 1 0.144268
52.21 2 0.0253785
52.31 1 0.144268
52.31 2 0.0253785
52.41 1 0.144268
52.41 2 0.0253785
52.51 1 0.144268
52.51 2 0.0253785
52.61 1 0.144268
52.61 2 0.0253785
52.71 1 0.144268
52.71 2 0.0253785
52.81 1 0.144268
52.81 2 0.0253785
52.91 1 0.144268
52.91 2 0.0253785
53.01 1 0.144268
53.01 2 0.0253785
53.11 1 0.144268
53.11 2 0.0253785
53.21 1 0.144268
53.21 2 0.0253785
53.31 1 0.144268
53.31 2 0.0253785
53.41 1 0.144268
53.41 2 0.0253785
53.51 1 0.144268
53.51 2 0.0253785
53.61 1 0.144268
53.61 2 0.0253785
53.71 1 0.144268
53.71 2 0.0253785
53.81 1 0.144268
53.81 2 0.0253785
53.91 1 0.144268
53.91 2 0.0253785
54.01 1 0.144268
54.01 2 0.0253785
54.11 1 0.144268
54.11 2 0.0253785
54.21 1 0.144268
54.21 2 0.0253785
54.31 1 0.144268
54.31 2 0.0253785
54.41 1 0.144268
54.41 2 0.0253785
54.51 1 0.144268
54.51 2 0.0253785
54.61 1 0.144268
54.61 2 0.0253785
54.71 1 0.144268
54.71 2 0.0253785
54.81 1 0.144268
54.81 2 0.0253785
54.91 1 0.144268
54.91 2 0.0253785
55.01 1 0.144268
55.01 2 0.0253785
55.11 1 0.144268
55.11 2 0.0253785
55.21 1 0.144268
55.21 2 0.0253785
55.31 1 0.144268
55.31 2 0.0253785
55.41 1 0.144268
55.41 2 0.0253785
55.51 1 0.144268
55.51 2 0.0253785
55.61 1 0.144268
55.61 2 0.0253785
55.71 1 0.144268
55.71 2 0.0253785
55.81 1 0.144268
55.81 2 0.0253785
55.91 1 0.144268
55.91 2 0.0253785
56.01 1 0.144268
56.01 2 0.0253785
56.11 1 0.144268
56.11 2 0.0253785
56.21 1 0.144268
56.21 2 0.0253785
56.31 1 0.144268
56.31 2 0.0253785
56.41 1 0.144268
56.41 2 0.0253785
56.51 1 0.144268
56.51 2 0.0253785
56.61 1 0.144268
56.61 2 0.0253785
56.71 1 0.144268
56.71 2 0.0253785
56.81 1 0.144268
56.81 2 0.0253785
56.91 1 0.144268
56.91 2 0.0253785
57.01 1 0.144268
57.01 2 0.0253785
57.11 1 0.144268
57.11 2 0.0253785
57.21 1 0.144268
57.21 2 0.0253785
57.31 1 0.144268
57.31 2 0.0253785
57.41 1 0.144268
57.41 2 0.0253785
57.51 1 0.144268
57.51 2 0.0253785
57.61 1 0.144268
57.61 2 0.0253785
57.71 1 0.144268
57.71 2 0.0253785
57.81 1 0.144268
57.81 2 0.0253785
57.91 1 0.144268
57.91 2 0.0253785
58.01 1 0.144268
58.01 2 0.0253785
58.11 1 0.144268
58.11 2 0.0253785
58.21 1 0.144268
58.21 2 0.0253785
58.31 1 0.144268
58.31 2 0.0253785
58.41 1 0.144268
58.41 2 0.0253785
58.51 1 0.144268
58.51 2 0.0253785
58.61 1 0.144268
58.61 2 0.0253785
58.71 1 0.144268
58.71 2 0.0253785
58.81 1 0.144268
58.81 2 0.0253785
58.91 1 0.144268
58.91 2 0.0253785
59.01 1 0.144268
59.01 2 0.0253785
59.11 1 0.144268
59.11 2 0.0253785
59.21 1 0.144268
59.21 2 0.0253785
59.31 1 0.144268
59.31 2 0.0253785
59.41 1 0.144268
59.41 2 0.0253785
59.51 1 0.144268
59.51 2 0.0253785
59.61 1 0.144268
59.61 2 0.0253785
59.71 1 0.144268
59.71 2 0.0253785
59.81 1 0.144268
59.81 2 0.0253785
59.91 1 0.144268
59.91 2 0.0253785
60.01 1 0.144268
60.01 2 0.0253785
60.11 1 0.144268
60.11 2 0.0253785
60.21 1 0.144268
60.21 2 0.0253785
60.31 1 0.144268
60.31 2 0.0253785
60.41 1 0.144268
60.41 2 0.0253785
60.51 1 0.144268
60.51 2 0.0253785
60.61 1 0.144268
60.61 2 0.0253785
60.71 1 0.144268
60.71 2 0.0253785
60.81 1 0.144268
60.81 2 0.0253785
60.91 1 0.144268
60.91 2 0.0253785
61.01 1 0.144268
61.01 2 0.0253785
61.11 1 0.144268
61.11 2 0.0253785
61.21 1 0.144268
61.21 2 0.0253785
61.31 1 0.144268
61.31 2 0.0253785
61.41 1 0.144268
61.41 2 0.0253785
61.51 1 0.144268
61.51 2 0.0253785
61.61 1 0.144268
61.61 2 0.0253785
61.71 1 0.144268
61.71 2 0.0253785
61.81 1 0.144268
61.81 2 0.0253785
61.91 1 0.144268
61.91 2 0.0253785
62.01 1 0.144268
62.01 2 0.0253785
62.11 1 0.144268
62.11 2 0.0253785
62.21 1 0.144268
62.21 2 0.0253785
62.31 1 0.144268
62.31 2 0.0253785
62.41 1 0.144268
62.41 2 0.0253785
62.51 1 0.144268
62.51 2 0.0253785
62.61 1 0.144268
62.61 2 0.0253785
62.71 1 0.144268
62.71 2 0.0253785
62.81 1 0.144268
62.81 2 0.0253785
62.91 1 0.144268
62.91 2 0.0253785
63.01 1 0.144268
63.01 2 0.0253785
63.11 1 0.144268
63.11 2 0.0253785
63.21 1 0.144268
63.21 2 0.0253785
63.31 1 0.144268
63.31 2 0.0253785
63.41 1 0.144268
63.41 2 0.0253785
63.51 1 0.144268
63.51 2 0.0253785
63.61 1 0.144268
63.61 2 0.0253785
63.71 1 0.144268
63.71 2 0.0253785
63.81 1 0.144268
63.81 2 0.0253785
63.91 1 0.144268
63.91 2 0.0253785
64.01 1 0.144268
64.01 2 0.0253785
64.11 1 0.144268
64.11 2 0.0253785
64.21 1 0.144268
64.21 2 0.0253785
64.31 1 0.144268
64.31 2 0.0253785
64.41 1 0.144268
64.41 2 0.0253785
64.51 1 0.144268
64.51 2 0.0253785
64.61 1 0.144268
64.61 2 0.0253785
64.71 1 0.144268
64.71 2 0.0253785
64.81 1 0.144268
64.81 2 0.0253785
64.91 1 0.144268
64.91 2 0.0253785
65.01 1 0.144268
65.01 2 0.0253785
65.11 1 0.144268
65.11 2 0.0253785
65.21 1 0.144268
65.21 2 0.0253785
65.31 1 0.144268
65.31 2 0.0253785
65.41 1 0.144268
65.41 2 0.0253785
65.51 1 0.144268
65.51 2 0.0253785
65.61 1 0.144268
65.61 2 0.0253785
65.71 1 0.144268
65.71 2 0.0253785
65.81 1 0.144268
65.81 2 0.0253785
65.91 1 0.144268
65.91 2 0.0253785
66.01 1 0.144268
66.01 2 0.0253785
66.11 1 0.144268
66.11 2 0.0253785
66.21 1 0.144268
66.21 2 0.0253785
66.31 1 0.144268
66.31 2 0.0253785
66.41 1 0.144268
66.41 2 0.0253785
66.51 1 0.144268
66.51 2 0.0253785
66.61 1 0.144268
66.61 2 0.0253785
66.71 1 0.144268
66.71 2 0.0253785
66.81 1 0.144268
66.81 2 0.0253785
66.91 1 0.144268
66.91 2 0.0253785
67.01 1 0.144268
67.01 2 0.0253785
67.11 1 0.144268
67.11 2 0.0253785
67.21 1 0.144268
67.21 2 0.0253785
67.31 1 0.144268
67.31 2 0.0253785
67.41 1 0.144268
67.41 2 0.0253785
67.51 1 0.144268
67.51 2 0.0253785
67.61 1 0.144268
67.61 2 0.0253785
67.71 1 0.144268
67.71 2 0.0253785
67.81 1 0.144268
67.81 2 0.0253785
67.91 1 0.144268
67.91 2 0.0253785
68.01 1 0.144268
68.01 2 0.0253785
68.11 1 0.144268
68.11 2 0.0253785
68.21 1 0.144268
68.21 2 0.0253785
68.31 1 0.144268
68.31 2 0.0253785
68.41 1 0.144268
68.41 2 0.0253785
68.51 1 0.144268
68.51 2 0.0253785
68.61 1 0.144268
68.61 2 0.0253785
68.71 1 0.144268
68.71 2 0.0253785
68.81 1 0.144268
68.81 2 0.0253785
68.91 1 0.144268
68.91 2 0.0253785
69.01 1 0.144268
69.01 2 0.0253785
69.11 1 0.144268
69.11 2 0.0253785
69.21 1 0.144268
69.21 2 0.0253785
69.31 1 0.144268
69.31 2 0.0253785
69.41 1 0.144268
69.41 2 0.0253785
69.51 1 0.144268
69.51 2 0.0253785
69.61 1 0.144268
69.61 2 0.0253785
69.71 1 0.144268
69.71 2 0.0253785
69.81 1 0.144268
69.81 2 0.0253785
69.91 1 0.144268
69.91 2 0.0253785
70.01 1 0.144268
70.01 2 0.0253785
70.11 1 0.144268
70.11 2 0.0253785
70.21 1 0.144268
70.21 2 0.0253785
70.31 1 0.144268
70.31 2 0.0253785
70.41 1 0.144268
70.41 2 0.0253785
70.51 1 0.144268
70.51 2 0.0253785
70.61 1 0.144268
70.61 2 0.0253785
70.71 1 0.144268
70.71 2 0.0253785
70.81 1 0.144268
70.81 2 0.0253785
70.91 1 0.144268
70.91 2 0.0253785
71.01 1 0.144268
71.01 2 0.0253785
71.11 1 0.144268
71.11 2 0.0253785
71.21 1 0.144268
71.21 2 0.0253785
71.31 1 0.144268
71.31 2 0.0253785
71.41 1 0.144268
71.41 2 0.0253785
71.51 1 0.144268
71.51 2 0.0253785
71.61 1 0.144268
71.61 2 0.0253785
71.71 1 0.144268
71.71 2 0.0253785
71.81 1 0.144268
71.81 2 0.0253785
71.91 1 0.144268
71.91 2 0.0253785
72.01 1 0.144268
72.01 2 0.0253785
72.11 1 0.144268
72.11 2 0.0253785
72.21 1 0.144268
72.21 2 0.0253785
72.31 1 0.144268
72.31 2 0.0253785
72.41 1 0.144268
72.41 2 0.0253785
72.51 1 0.144268
72.51 2 0.0253785
72.61 1 0.144268
72.61 2 0.0253785
72.71 1 0.144268
72.71 2 0.0253785
72.81 1 0.144268
72.81 2 0.0253785
72.91 1 0.144268
72.91 2 0.0253785
73.01 1 0.144268
73.01 2 0.0253785
73.11 1 0.144268
73.11 2 0.0253785
73.21 1 0.144268
73.21 2 0.0253785
73.31 1 0.144268
73.31 2 0.0253785
73.41 1 0.144268
73.41 2 0.0253785
73.51 1 0.144268
73.51 2 0.0253785
73.61 1 0.144268
73.61 2 0.0253785
73.71 1 0.144268
73.71 2 0.0253785
73.81 1 0.144268
73.81 2 0.0253785
73.91 1 0.144268
73.91 2 0.0253785
74.01 1 0.144268
74.01 2 0.0253785
74.11 1 0.144268
74.11 2 0.0253785
74.21 1 0.144268
74.21 2 0.0253785
74.31 1 0.144268
74.31 2 0.0253785
74.41 1 0.144268
74.41 2 0.0253785
74.51 1 0.144268
74.51 2 0.0253785
74.61 1 0.144268
74.61 2 0.0253785
74.71 1 0.144268
74.71 2 0.0253785
74.81 1 0.144268
74.81 2 0.0253785
74.91 1 0.144268
74.91 2 0.0253785
75.01 1 0.144268
75.01 2 0.0253785
75.11 1 0.144268
75.11 2 0.0253785
75.21 1 0.144268
75.21 2 0.0253785
75.31 1 0.144268
75.31 2 0.0253785
75.41 1 0.144268
75.41 2 0.0253785
75.51 1 0.144268
75.51 2 0.0253785
75.61 1 0.144268
75.61 2 0.0253785
75.71 1 0.144268
75.71 2 0.0253785
75.81 1 0.144268
75.81 2 0.0253785
75.91 1 0.144268
75.91 2 0.0253785
76.01 1 0.144268
76.01 2 0.0253785
76.11 1 0.144268
76.11 2 0.0253785
76.21 1 0.144268
76.21 2 0.0253785
76.31 1 0.144268
76.31 2 0.0253785
76.41 1 0.144268
76.41 2 0.0253785
76.51 1 0.144268
76.51 2 0.0253785
76.61 1 0.144268
76.61 2 0.0253785
76.71 1 0.144268
76.71 2 0.0253785
76.81 1 0.144268
76.81 2 0.0253785
76.91 1 0.144268
76.91 2 0.0253785
77.01 1 0.144268
77.01 2 0.0253785
77.11 1 0.144268
77.11 2 0.0253785
77.21 1 0.144268
77.21 2 0.0253785
77.31 1 0.144268
77.31 2 0.0253785
77.41 1 0.144268
77.41 2 0.0253785
77.51 1 0.144268
77.51 2 0.0253785
77.61 1 0.144268
77.61 2 0.0253785
77.71 1 0.144268
77.71 2 0.0253785
77.81 1 0.144268
77.81 2 0.0253785
77.91 1 0.144268
77.91 2 0.0253785
78.01 1 0.144268
78.01 2 0.0253785
78.11 1 0.144268
78.11 2 0.0253785
78.21 1 0.144268
78.21 2 0.0253785
78.31 1 0.144268
78.31 2 0.0253785
78.41 1 0.144268
78.41 2 0.0253785
78.51 1 0.144268
78.51 2 0.0253785
78.61 1 0.144268
78.61 2 0.0253785
78.71 1 0.144268
78.71 2 0.0253785
78.81 1 0.144268
78.81 2 0.0253785
78.91 1 0.144268
78.91 2 0.0253785
79.01 1 0.144268
79.01 2 0.0253785
79.11 1 0.144268
79.11 2 0.0253785
79.21 1 0.144268
79.21 2 0.0253785
79.31 1 0.144268
79.31 2 0.0253785
79.41 1 0.144268
79.41 2 0.0253785
79.51 1 0.144268
79.51 2 0.0253785
79.61 1 0.144268
79.61 2 0.0253785
79.71 1 0.144268
79.71 2 0.0253785
79.81 1 0.144268
79.81 2 0.0253785
79.91 1 0.144268
79.91 2 0.0253785
80.01 1 0.144268
80.01 2 0.0253785
80.11 1 0.144268
80.11 2 0.0253785
80.21 1 0.144268
80.21 2 0.0253785
80.31 1 0.144268
80.31 2 0.0253785
80.41 1 0.144268
80.41 2 0.0253785
80.51 1 0.144268
80.51 2 0.0253785
80.61 1 0.144268
80.61 2 0.0253785
80.71 1 0.144268
80.71 2 0.0253785
80.81 1 0.144268
80.81 2 0.0253785
80.91 1 0.144268
80.91 2 0.0253785
81.01 1 0.144268
81.01 2 0.0253785
81.11 1 0.144268
81.11 2 0.0253785
81.21 1 0.144268
81.21 2 0.0253785
81.31 1 0.144268
81.31 2 0.0253785
81.41 1 0.144268
81.41 2 0.0253785
81.51 1 0.144268
81.51 2 0.0253785
81.61 1 0.144268
81.61 2 0.0253785
81.71 1 0.144268
81.71 2 0.0253785
81.81 1 0.144268
81.81 2 0.0253785
81.91 1 0.144268
81.91 2 0.0253785
82.01 1 0.144268
82.01 2 0.0253785
82.11 1 0.144268
82.11 2 0.0253785
82.21 1 0.144268
82.21 2 0.0253785
82.31 1 0.144268
82.31 2 0.0253785
82.41 1 0.144268
82.41 2 0.0253785
82.51 1 0.144268
82.51 2 0.0253785
82.61 1 0.144268
82.61 2 0.0253785
82.71 1 0.144268
82.71 2 0.0253785
82.81 1 0.144268
82.81 2 0.0253785
82.91 1 0.144268
82.91 2 0.0253785
83.01 1 0.144268
83.01 2 0.0253785
83.11 1 0.144268
83.11 2 0.0253785
83.21 1 0.144268
83.21 2 0.0253785
83.31 1 0.144268
83.31 2 0.0253785
83.41 1 0.144268
83.41 2 0.0253785
83.51 1 0.144268
83.51 2 0.0253785
83.61 1 0.144268
83.61 2 0.0253785
83.71 1 0.144268
83.71 2 0.0253785
83.81 1 0.144268
83.81 2 0.0253785
83.91 1 0.144268
83.91 2 0.0253785
84.01 1 0.144268
84.01 2 0.0253785
84.11 1 0.144268
84.11 2 0.0253785
84.21 1 0.144268
84.21 2 0.0253785
84.31 1 0.144268
84.31 2 0.0253785
84.41 1 0.144268
84.41 2 0.0253785
84.51 1 0.144268
84.51 2 0.0253785
84.61 1 0.144268
84.61 2 0.0253785
84.71 1 0.144268
84.71 2 0.0253785
84.81 1 0.144268
84.81 2 0.0253785
84.91 1 0.144268
84.91 2 0.0253785
85.01 1 0.144268
85.01 2 0.0253785
85.11 1 0.144268
85.11 2 0.0253785
85.21 1 0.144268
85.21 2 0.0253785
85.31 1 0.144268
85.31 2 0.0253785
85.41 1 0.144268
85.41 2 0.0253785
85.51 1 0.144268
85.51 2 0.0253785
85.61 1 0.144268
85.61 2 0.0253785
85.71 1 0.144268
85.71 2 0.0253785
85.81 1 0.144268
85.81 2 0.0253785
85.91 1 0.144268
85.91 2 0.0253785
86.01 1 0.144268
86.01 2 0.0253785
86.11 1 0.144268
86.11 2 0.0253785
86.21 1 0.144268
86.21 2 0.0253785
86.31 1 0.144268
86.31 2 0.0253785
86.41 1 0.144268
86.41 2 0.0253785
86.51 1 0.144268
86.51 2 0.0253785
86.61 1 0.144268
86.61 2 0.0253785
86.71 1 0.144268
86.71 2 0.0253785
86.81 1 0.144268
86.81 2 0.0253785
86.91 1 0.144268
86.91 2 0.0253785
87.01 1 0.144268
87.01 2 0.0253785
87.11 1 0.144268
87.11 2 0.0253785
87.21 1 0.144268
87.21 2 0.0253785
87.31 1 0.144268
87.31 2 0.0253785
87.41 1 0.144268
87.41 2 0.0253785
87.51 1 0.144268
87.51 2 0.0253785
87.61 1 0.144268
87.61 2 0.0253785
87.71 1 0.144268
87.71 2 0.0253785
87.81 1 0.144268
87.81 2 0.0253785
87.91 1 0.144268
87.91 2 0.0253785
88.01 1 0.144268
88.01 2 0.0253785
88.11 1 0.144268
88.11 2 0.0253785
88.21 1 0.144268
88.21 2 0.0253785
88.31 1 0.144268
88.31 2 0.0253785
88.41 1 0.144268
88.41 2 0.0253785
88.51 1 0.144268
88.51 2 0.0253785
88.61 1 0.144268
88.61 2 0.0253785
88.71 1 0.144268
88.71 2 0.0253785
88.81 1 0.144268
88.81 2 0.0253785
88.91 1 0.144268
88.91 2 0.0253785
89.01 1 0.144268
89.01 2 0.0253785
89.11 1 0.144268
89.11 2 0.0253785
89.21 1 0.144268
89.21 2 0.0253785
89.31 1 0.144268
89.31 2 0.0253785
89.41 1 0.144268
89.41 2 0.0253785
89.51 1 0.144268
89.51 2 0.0253785
89.61 1 0.144268
89.61 2 0.0253785
89.71 1 0.144268
89.71 2 0.0253785
89.81 1 0.144268
89.81 2 0.0253785
89.91 1 0.144268
89.91 2 0.0253785
90.01 1 0.144268
90.01 2 0.0253785
90.11 1 0.144268
90.11 2 0.0253785
90.21 1 0.144268
90.21 2 0.0253785
90.31 1 0.144268
90.31 2 0.0253785
90.41 1 0.144268
90.41 2 0.0253785
90.51 1 0.144268
90.51 2 0.0253785
90.61 1 0.144268
90.61 2 0.0253785
90.71 1 0.144268
90.71 2 0.0253785
90.81 1 0.144268
90.81 2 0.0253785
90.91 1 0.144268
90.91 2 0.0253785
91.01 1 0.144268
91.01 2 0.0253785
91.11 1 0.144268
91.11 2 0.0253785
91.21 1 0.144268
91.21 2 0.0253785
91.31 1 0.144268
91.31 2 0.0253785
91.41 1 0.144268
91.41 2 0.0253785
91.51 1 0.144268
91.51 2 0.0253785
91.61 1 0.144268
91.61 2 0.0253785
91.71 1 0.144268
91.71 2 0.0253785
91.81 1 0.144268
91.81 2 0.0253785
91.91 1 0.144268
91.91 2 0.0253785
92.01 1 0.144268
92.01 2 0.0253785
92.11 1 0.144268
92.11 2 0.0253785
92.21 1 0.144268
92.21 2 0.0253785
92.31 1 0.144268
92.31 2 0.0253785
92.41 1 0.144268
92.41 2 0.0253785
92.51 1 0.144268
92.51 2 0.0253785
92.61 1 0.144268
92.61 2 0.0253785
92.71 1 0.144268
92.71 2 0.0253785
92.81 1 0.144268
92.81 2 0.0253785
92.91 1 0.144268
92.91 2 0.0253785
93.01 1 0.144268
93.01 2 0.0253785
93.11 1 0.144268
93.11 2 0.0253785
93.21 1 0.144268
93.21 2 0.0253785
93.31 1 0.144268
93.31 2 0.0253785
93.41 1 0.144268
93.41 2 0.0253785
93.51 1 0.144268
93.51 2 0.0253785
93.61 1 0.144268
93.61 2 0.0253785
93.71 1 0.144268
93.71 2 0.0253785
93.81 1 0.144268
93.81 2 0.0253785
93.91 1 0.144268
93.91 2 0.0253785
94.01 1 0.144268
94.01 2 0.0253785
94.11 1 0.144268
94.11 2 0.0253785
94.21 1 0.144268
94.21 2 0.0253785
94.31 1 0.144268
94.31 2 0.0253785
94.41 1 0.144268
94.41 2 0.0253785
94.51 1 0.144268
94.51 2 0.0253785
94.61 1 0.144268
94.61 2 0.0253785
94.71 1 0.144268
94.71 2 0.0253785
94.81 1 0.144268
94.81 2 0.0253785
94.91 1 0.144268
94.91 2 0.0253785
95.01 1 0.144268
95.01 2 0.0253785
95.11 1 0.144268
95.11 2 0.0253785
95.21 1 0.144268
95.21 2 0.0253785
95.31 1 0.144268
95.31 2 0.0253785
95.41 1 0.144268
95.41 2 0.0253785
95.51 1 0.144268
95.51 2 0.0253785
95.61 1 0.144268
95.61 2 0.0253785
95.71 1 0.144268
95.71 2 0.0253785
95.81 1 0.144268
95.81 2 0.0253785
95.91 1 0.144268
95.91 2 0.0253785
96.01 1 0.144268
96.01 2 0.0253785
96.11 1 0.144268
96.11 2 0.0253785
96.21 1 0.144268
96.21 2 0.0253785
96.31 1 0.144268
96.31 2 0.0253785
96.41 1 0.144268
96.41 2 0.0253785
96.51 1 0.144268
96.51 2 0.0253785
96.61 1 0.144268
96.61 2 0.0253785
96.71 1 0.144268
96.71 2 0.0253785
96.81 1 0.144268
96.81 2 0.0253785
96.91 1 0.144268
96.91 2 0.0253785
97.01 1 0.144268
97.01 2 0.0253785
97.11 1 0.144268
97.11 2 0.0253785
97.21 1 0.144268
97.21 2 0.0253785
97.31 1 0.144268
97.31 2 0.0253785
97.41 1 0.144268
97.41 2 0.0253785
97.51 1 0.144268
97.51 2 0.0253785
97.61 1 0.144268
97.61 2 0.0253785
97.71 1 0.144268
97.71 2 0.0253785
97.81 1 0.144268
97.81 2 0.0253785
97.91 1 0.144268
97.91 2 0.0253785
98.01 1 0.144268
98.01 2 0.0253785
98.11 1 0.144268
98.11 2 0.0253785
98.21 1 0.144268
98.21 2 0.0253785
98.31 1 0.144268
98.31 2 0.0253785
98.41 1 0.144268
98.41 2 0.0253785
98.51 1 0.144268
98.51 2 0.0253785
98.61 1 0.144268
98.61 2 0.0253785
98.71 1 0.144268
98.71 2 0.0253785
98.81 1 0.144268
98.81 2 0.0253785
98.91 1 0.144268
98.91 2 0.0253785
99.01 1 0.144268
99.01 2 0.0253785
99.11 1 0.144268
99.11 2 0.0253785
99.21 1 0.144268
99.21 2 0.0253785
99.31 1 0.144268
99.31 2 0.0253785
99.41 1 0.144268
99.41 2 0.0253785
99.51 1 0.144268
99.51 2 0.0253785
99.61 1 0.144268
99.61 2 0.0253785
99.71 1 0.144268
99.71 2 0.0253785
99.81 1 0.144268
99.81 2 0.0253785
99.91 1 0.144268
99.91 2 0.0253785
100.01 1 0.144268
100.01 2 0.0253785
100.11 1 0.144268
100.11 2 0.0253785
100.21 1 0.144268
100.21 2 0.0253785
100.31 1 0.144268
100.31 2 0.0253785
100.41 1 0.144268
100.41 2 0.0253785
100.51 1 0.144268
100.51 2 0.0253785
100.61 1 0.144268
100.61 2 0.0253785
100.71 1 0.144268
100.71 2 0.0253785
100.81 1 0.144268
100.81 2 0.0253785
100.91 1 0.144268
100.91 2 0.0253785
101.01 1 0.144268
101.01 2 0.0253785
101.11 1 0.144268
101.11 2 0.0253785
101.21 1 0.144268
101.21 2 0.0253785
101.31 1 0.144268
101.31 2 0.0253785
101.41 1 0.144268
101.41 2 0.0253785
101.51 1 0.144268
101.51 2 0.0253785
101.61 1 0.144268
101.61 2 0.0253785
101.71 1 0.144268
101.71 2 0.0253785
101.81 1 0.144268
101.81 2 0.0253785
101.91 1 0.144268
101.91 2 0.0253785
102.01 1 0.144268
102.01 2 0.0253785
102.11 1 0.144268
102.11 2 0.0253785
102.21 1 0.144268
102.21 2 0.0253785
102.31 1 0.144268
102.31 2 0.0253785
102.41 1 0.144268
102.41 2 0.0253785
102.51 1 0.144268
102.51 2 0.0253785
102.61 1 0.144268
102.61 2 0.0253785
102.71 1 0.144268
102.71 2 0.0253785
102.81 1 0.144268
102.81 2 0.0253785
102.91 1 0.144268
102.91 2 0.0253785
103.01 1 0.144268
103.01 2 0.0253785
103.11 1 0.144268
103.11 2 0.0253785
103.21 1 0.144268
103.21 2 0.0253785
103.31 1 0.144268
103.31 2 0.0253785
103.41 1 0.144268
103.41 2 0.0253785
103.51 1 0.144268
103.51 2 0.0253785
103.61 1 0.144268
103.61 2 0.0253785
103.71 1 0.144268
103.71 2 0.0253785
103.81 1 0.144268
103.81 2 0.0253785
103.91 1 0.144268
103.91 2 0.0253785
104.01 1 0.144268
104.01 2 0.0253785
104.11 1 0.144268
104.11 2 0.0253785
104.21 1 0.144268
104.21 2 0.0253785
104.31 1 0.144268
104.31 2 0.0253785
104.41 1 0.144268
104.41 2 0.0253785
104.51 1 0.144268
104.51 2 0.0253785
104.61 1 0.144268
104.61 2 0.0253785
104.71 1 0.144268
104.71 2 0.0253785
104.81 1 0.144268
104.81 2 0.0253785
104.91 1 0.144268
104.91 2 0.0253785
105.01 1 0.144268
105.01 2 0.0253785
105.11 1 0.144268
105.11 2 0.0253785
105.21 1 0.144268
105.21 2 0.0253785
105.31 1 0.144268
105.31 2 0.0253785
105.41 1 0.144268
105.41 2 0.0253785
105.51 1 0.144268
105.51 2 0.0253785
105.61 1 0.144268
105.61 2 0.0253785
105.71 1 0.144268
105.71 2 0.0253785
105.81 1 0.144268
105.81 2 0.0253785
105.91 1 0.144268
105.91 2 0.0253785
106.01 1 0.144268
106.01 2 0.0253785
106.11 1 0.144268
106.11 2 0.0253785
106.21 1 0.144268
106.21 2 0.0253785
106.31 1 0.144268
106.31 2 0.0253785
106.41 1 0.144268
106.41 2 0.0253785
106.51 1 0.144268
106.51 2 0.0253785
106.61 1 0.144268
106.61 2 0.0253785
106.71 1 0.144268
106.71 2 0.0253785
106.81 1 0.144268
106.81 2 0.0253785
106.91 1 0.144268
106.91 2 0.0253785
107.01 1 0.144268
107.01 2 0.0253785
107.11 1 0.144268
107.11 2 0.0253785
107.21 1 0.144268
107.21 2 0.0253785
107.31 1 0.144268
107.31 2 0.0253785
107.41 1 0.144268
107.41 2 0.0253785
107.51 1 0.144268
107.51 2 0.0253785
107.61 1 0.144268
107.61 2 0.0253785
107.71 1 0.144268
107.71 2 0.0253785
107.81 1 0.144268
107.81 2 0.0253785
107.91 1 0.144268
107.91 2 0.0253785
108.01 1 0.144268
108.01 2 0.0253785
108.11 1 0.144268
108.11 2 0.0253785
108.21 1 0.144268
108.21 2 0.0253785
108.31 1 0.144268
108.31 2 0.0253785
108.41 1 0.144268
108.41 2 0.0253785
108.51 1 0.144268
108.51 2 0.0253785
108.61 1 0.144268
108.61 2 0.0253785
108.71 1 0.144268
108.71 2 0.0253785
108.81 1 0.144268
108.81 2 0.0253785
108.91 1 0.144268
108.91 2 0.0253785
109.01 1 0.144268
109.01 2 0.0253785
109.11 1 0.144268
109.11 2 0.0253785
109.21 1 0.144268
109.21 2 0.0253785
109.31 1 0.144268
109.31 2 0.0253785
109.41 1 0.144268
109.41 2 0.0253785
109.51 1 0.144268
109.51 2 0.0253785
109.61 1 0.144268
109.61 2 0.0253785
109.71 1 0.144268
109.71 2 0.0253785
109.81 1 0.144268
109.81 2 0.0253785
109.91 1 0.144268
109.91 2 0.0253785
110.01 1 0.144268
110.01 2 0.0253785
110.11 1 0.144268
110.11 2 0.0253785
110.21 1 0.144268
110.21 2 0.0253785
110.31 1 0.144268
110.31 2 0.0253785
110.41 1 0.144268
110.41 2 0.0253785
110.51 1 0.144268
110.51 2 0.0253785
110.61 1 0.144268
110.61 2 0.0253785
110.71 1 0.144268
110.71 2 0.0253785
110.81 1 0.144268
110.81 2 0.0253785
110.91 1 0.144268
110.91 2 0.0253785
111.01 1 0.144268
111.01 2 0.0253785
111.11 1 0.144268
111.11 2 0.0253785
111.21 1 0.144268
111.21 2 0.0253785
111.31 1 0.144268
111.31 2 0.0253785
111.41 1 0.144268
111.41 2 0.0253785
111.51 1 0.144268
111.51 2 0.0253785
111.61 1 0.144268
111.61 2 0.0253785
111.71 1 0.144268
111.71 2 0.0253785
111.81 1 0.144268
111.81 2 0.0253785
111.91 1 0.144268
111.91 2 0.0253785
112.01 1 0.144268
112.01 2 0.0253785
112.11 1 0.144268
112.11 2 0.0253785
112.21 1 0.144268
112.21 2 0.0253785
112.31 1 0.144268
112.31 2 0.0253785
112.41 1 0.144268
112.41 2 0.0253785
112.51 1 0.144268
112.51 2 0.0253785
112.61 1 0.144268
112.61 2 0.0253785
112.71 1 0.144268
112.71 2 0.0253785
112.81 1 0.144268
112.81 2 0.0253785
112.91 1 0.144268
112.91 2 0.0253785
113.01 1 0.144268
113.01 2 0.0253785
113.11 1 0.144268
113.11 2 0.0253785
113.21 1 0.144268
113.21 2 0.0253785
113.31 1 0.144268
113.31 2 0.0253785
113.41 1 0.144268
113.41 2 0.0253785
113.51 1 0.144268
113.51 2 0.0253785
113.61 1 0.144268
113.61 2 0.0253785
113.71 1 0.144268
113.71 2 0.0253785
113.81 1 0.144268
113.81 2 0.0253785
113.91 1 0.144268
113.91 2 0.0253785
114.01 1 0.144268
114.01 2 0.0253785
114.11 1 0.144268
114.11 2 0.0253785
114.21 1 0.144268
114.21 2 0.0253785
114.31 1 0.144268
114.31 2 0.0253785
114.41 1 0.144268
114.41 2 0.0253785
114.51 1 0.144268
114.51 2 0.0253785
114.61 1 0.144268
114.61 2 0.0253785
114.71 1 0.144268
114.71 2 0.0253785
114.81 1 0.144268
114.81 2 0.0253785
114.91 1 0.144268
114.91 2 0.0253785
115.01 1 0.144268
115.01 2 0.0253785
115.11 1 0.144268
115.11 2 0.0253785
115.21 1 0.144268
115.21 2 0.0253785
115.31 1 0.144268
115.31 2 0.0253785
115.41 1 0.144268
115.41 2 0.0253785
115.51 1 0.144268
115.51 2 0.0253785
115.61 1 0.144268
115.61 2 0.0253785
115.71 1 0.144268
115.71 2 0.0253785
115.81 1 0.144268
115.81 2 0.0253785
115.91 1 0.144268
115.91 2 0.0253785
116.01 1 0.144268
116.01 2 0.0253785
116.11 1 0.144268
116.11 2 0.0253785
116.21 1 0.144268
116.21 2 0.0253785
116.31 1 0.144268
116.31 2 0.0253785
116.41 1 0.144268
116.41 2 0.0253785
116.51 1 0.144268
116.51 2 0.0253785
116.61 1 0.144268
116.61 2 0.0253785
116.71 1 0.144268
116.71 2 0.0253785
116.81 1 0.144268
116.81 2 0.0253785
116.91 1 0.144268
116.91 2 0.0253785
117.01 1 0.144268
117.01 2 0.0253785
117.11 1 0.144268
117.11 2 0.0253785
117.21 1 0.144268
117.21 2 0.0253785
117.31 1 0.144268
117.31 2 0.0253785
117.41 1 0.144268
117.41 2 0.0253785
117.51 1 0.144268
117.51 2 0.0253785
117.61 1 0.144268
117.61 2 0.0253785
117.71 1 0.144268
117.71 2 0.0253785
117.81 1 0.144268
117.81 2 0.0253785
117.91 1 0.144268
117.91 2 0.0253785
118.01 1 0.144268
118.01 2 0.0253785
118.11 1 0.144268
118.11 2 0.0253785
118.21 1 0.144268
118.21 2 0.0253785
118.31 1 0.144268
118.31 2 0.0253785
118.41 1 0.144268
118.41 2 0.0253785
118.51 1 0.144268
118.51 2 0.0253785
118.61 1 0.144268
118.61 2 0.0253785
118.71 1 0.144268
118.71 2 0.0253785
118.81 1 0.144268
118.81 2 0.0253785
118.91 1 0.144268
118.91 2 0.0253785
119.01 1 0.144268
119.01 2 0.0253785
119.11 1 0.144268
119.11 2 0.0253785
119.21 1 0.144268
119.21 2 0.0253785
119.31 1 0.144268
119.31 2 0.0253785
119.41 1 0.144268
119.41 2 0.0253785
119.51 1 0.144268
119.51 2 0.0253785
119.61 1 0.144268
119.61 2 0.0253785
119.71 1 0.144268
119.71 2 0.0253785
119.81 1 0.144268
119.81 2 0.0253785
119.91 1 0.144268
119.91 2 0.0253785
120.01 1 0.144268
120.01 2 0.0253785
120.11 1 0.144268
120.11 2 0.0253785
120.21 1 0.144268
120.21 2 0.0253785
120.31 1 0.144268
120.31 2 0.0253785
120.41 1 0.144268
120.41 2 0.0253785
120.51 1 0.144268
120.51 2 0.0253785
120.61 1 0.144268
120.61 2 0.0253785
120.71 1 0.144268
120.71 2 0.0253785
120.81 1 0.144268
120.81 2 0.0253785
120.91 1 0.144268
120.91 2 0.0253785
121.01 1 0.144268
121.01 2 0.0253785
121.11 1 0.144268
121.11 2 0.0253785
121.21 1 0.144268
121.21 2 0.0253785
121.31 1 0.144268
121.31 2 0.0253785
121.41 1 0.144268
121.41 2 0.0253785
121.51 1 0.144268
121.51 2 0.0253785
121.61 1 0.144268
121.61 2 0.0253785
121.71 1 0.144268
121.71 2 0.0253785
121.81 1 0.144268
121.81 2 0.0253785
121.91 1 0.144268
121.91 2 0.0253785
122.01 1 0.144268
122.01 2 0.0253785
122.11 1 0.144268
122.11 2 0.0253785
122.21 1 0.144268
122.21 2 0.0253785
122.31 1 0.144268
122.31 2 0.0253785
122.41 1 0.144268
122.41 2 0.0253785
122.51 1 0.144268
122.51 2 0.0253785
122.61 1 0.144268
122.61 2 0.0253785
122.71 1 0.144268
122.71 2 0.0253785
122.81 1 0.144268
122.81 2 0.0253785
122.91 1 0.144268
122.91 2 0.0253785
123.01 1 0.144268
123.01 2 0.0253785
123.11 1 0.144268
123.11 2 0.0253785
123.21 1 0.144268
123.21 2 0.0253785
123.31 1 0.144268
123.31 2 0.0253785
123.41 1 0.144268
123.41 2 0.0253785
123.51 1 0.144268
123.51 2 0.0253785
123.61 1 0.144268
123.61 2 0.0253785
123.71 1 0.144268
123.71 2 0.0253785
123.81 1 0.144268
123.81 2 0.0253785
123.91 1 0.144268
123.91 2 0.0253785
124.01 1 0.144268
124.01 2 0.0253785
124.11 1 0.144268
124.11 2 0.0253785
124.21 1 0.144268
124.21 2 0.0253785
124.31 1 0.144268
124.31 2 0.0253785
124.41 1 0.144268
124.41 2 0.0253785
124.51 1 0.144268
124.51 2 0.0253785
124.61 1 0.144268
124.61 2 0.0253785
124.71 1 0.144268
124.71 2 0.0253785
124.81 1 0.144268
124.81 2 0.0253785
124.91 1 0.144268
124.91 2 0.0253785
125.01 1 0.144268
125.01 2 0.0253785
125.11 1 0.144268
125.11 2 0.0253785
125.21 1 0.144268
125.21 2 0.0253785
125.31 1 0.144268
125.31 2 0.0253785
125.41 1 0.144268
125.41 2 0.0253785
125.51 1 0.144268
125.51 2 0.0253785
125.61 1 0.144268
125.61 2 0.0253785
125.71 1 0.144268
125.71 2 0.0253785
125.81 1 0.144268
125.81 2 0.0253785
125.91 1 0.144268
125.91 2 0.0253785
126.01 1 0.144268
126.01 2 0.0253785
126.11 1 0.144268
126.11 2 0.0253785
126.21 1 0.144268
126.21 2 0.0253785
126.31 1 0.144268
126.31 2 0.0253785
126.41 1 0.144268
126.41 2 0.0253785
126.51 1 0.144268
126.51 2 0.0253785
126.61 1 0.144268
126.61 2 0.0253785
126.71 1 0.144268
126.71 2 0.0253785
126.81 1 0.144268
126.81 2 0.0253785
126.91 1 0.144268
126.91 2 0.0253785
127.01 1 0.144268
127.01 2 0.0253785
127.11 1 0.144268
127.11 2 0.0253785
127.21 1 0.144268
127.21 2 0.0253785
127.31 1 0.144268
127.31 2 0.0253785
127.41 1 0.144268
127.41 2 0.0253785
127.51 1 0.144268
127.51 2 0.0253785
127.61 1 0.144268
127.61 2 0.0253785
127.71 1 0.144268
127.71 2 0.0253785
127.81 1 0.144268
127.81 2 0.0253785
127.91 1 0.144268
127.91 2 0.0253785
128.01 1 0.144268
128.01 2 0.0253785
128.11 1 0.144268
128.11 2 0.0253785
128.21 1 0.144268
128.21 2 0.0253785
128.31 1 0.144268
128.31 2 0.0253785
128.41 1 0.144268
128.41 2 0.0253785
128.51 1 0.144268
128.51 2 0.0253785
128.61 1 0.144268
128.61 2 0.0253785
128.71 1 0.144268
128.71 2 0.0253785
128.81 1 0.144268
128.81 2 0.0253785
128.91 1 0.144268
128.91 2 0.0253785
129.01 1 0.144268
129.01 2 0.0253785
129.11 1 0.144268
129.11 2 0.0253785
129.21 1 0.144268
129.21 2 0.0253785
129.31 1 0.144268
129.31 2 0.0253785
129.41 1 0.144268
129.41 2 0.0253785
129.51 1 0.144268
129.51 2 0.0253785
129.61 1 0.144268
129.61 2 0.0253785
129.71 1 0.144268
129.71 2 0.0253785
129.81 1 0.144268
129.81 2 0.0253785
129.91 1 0.144268
129.91 2 0.0253785
130.01 1 0.144268
130.01 2 0.0253785
130.11 1 0.144268
130.11 2 0.0253785
130.21 1 0.144268
130.21 2 0.0253785
130.31 1 0.144268
130.31 2 0.0253785
130.41 1 0.144268
130.41 2 0.0253785
130.51 1 0.144268
130.51 2 0.0253785
130.61 1 0.144268
130.61 2 0.0253785
130.71 1 0.144268
130.71 2 0.0253785
130.81 1 0.144268
130.81 2 0.0253785
130.91 1 0.144268
130.91 2 0.0253785
131.01 1 0.144268
131.01 2 0.0253785
131.11 1 0.144268
131.11 2 0.0253785
131.21 1 0.144268
131.21 2 0.0253785
131.31 1 0.144268
131.31 2 0.0253785
131.41 1 0.144268
131.41 2 0.0253785
131.51 1 0.144268
131.51 2 0.0253785
131.61 1 0.144268
131.61 2 0.0253785
131.71 1 0.144268
131.71 2 0.0253785
131.81 1 0.144268
131.81 2 0.0253785
131.91 1 0.144268
131.91 2 0.0253785
132.01 1 0.144268
132.01 2 0.0253785
132.11 1 0.144268
132.11 2 0.0253785
132.21 1 0.144268
132.21 2 0.0253785
132.31 1 0.144268
132.31 2 0.0253785
132.41 1 0.144268
132.41 2 0.0253785
132.51 1 0.144268
132.51 2 0.0253785
132.61 1 0.144268
132.61 2 0.0253785
132.71 1 0.144268
132.71 2 0.0253785
132.81 1 0.144268
132.81 2 0.0253785
132.91 1 0.144268
132.91 2 0.0253785
133.01 1 0.144268
133.01 2 0.0253785
133.11 1 0.144268
133.11 2 0.0253785
133.21 1 0.144268
133.21 2 0.0253785
133.31 1 0.144268
133.31 2 0.0253785
133.41 1 0.144268
133.41 2 0.0253785
133.51 1 0.144268
133.51 2 0.0253785
133.61 1 0.144268
133.61 2 0.0253785
133.71 1 0.144268
133.71 2 0.0253785
133.81 1 0.144268
133.81 2 0.0253785
133.91 1 0.144268
133.91 2 0.0253785
134.01 1 0.144268
134.01 2 0.0253785
134.11 1 0.144268
134.11 2 0.0253785
134.21 1 0.144268
134.21 2 0.0253785
134.31 1 0.144268
134.31 2 0.0253785
134.41 1 0.144268
134.41 2 0.0253785
134.51 1 0.144268
134.51 2 0.0253785
134.61 1 0.144268
134.61 2 0.0253785
134.71 1 0.144268
134.71 2 0.0253785
134.81 1 0.144268
134.81 2 0.0253785
134.91 1 0.144268
134.91 2 0.0253785
135.01 1 0.144268
135.01 2 0.0253785
135.11 1 0.144268
135.11 2 0.0253785
135.21 1 0.144268
135.21 2 0.0253785
135.31 1 0.144268
135.31 2 0.0253785
135.41 1 0.144268
135.41 2 0.0253785
135.51 1 0.144268
135.51 2 0.0253785
135.61 1 0.144268
135.61 2 0.0253785
135.71 1 0.144268
135.71 2 0.0253785
135.81 1 0.144268
135.81 2 0.0253785
135.91 1 0.144268
135.91 2 0.0253785
136.01 1 0.144268
136.01 2 0.0253785
136.11 1 0.144268
136.11 2 0.0253785
136.21 1 0.144268
136.21 2 0.0253785
136.31 1 0.144268
136.31 2 0.0253785
136.41 1 0.144268
136.41 2 0.0253785
136.51 1 0.144268
136.51 2 0.0253785
136.61 1 0.144268
136.61 2 0.0253785
136.71 1 0.144268
136.71 2 0.0253785
136.81 1 0.144268
136.81 2 0.0253785
136.91 1 0.144268
136.91 2 0.0253785
137.01 1 0.144268
137.01 2 0.0253785
137.11 1 0.144268
137.11 2 0.0253785
137.21 1 0.144268
137.21 2 0.0253785
137.31 1 0.144268
137.31 2 0.0253785
137.41 1 0.144268
137.41 2 0.0253785
137.51 1 0.144268
137.51 2 0.0253785
137.61 1 0.144268
137.61 2 0.0253785
137.71 1 0.144268
137.71 2 0.0253785
137.81 1 0.144268
137.81 2 0.0253785
137.91 1 0.144268
137.91 2 0.0253785
138.01 1 0.144268
138.01 2 0.0253785
138.11 1 0.144268
138.11 2 0.0253785
138.21 1 0.144268
138.21 2 0.0253785
138.31 1 0.144268
138.31 2 0.0253785
138.41 1 0.144268
138.41 2 0.0253785
138.51 1 0.144268
138.51 2 0.0253785
138.61 1 0.144268
138.61 2 0.0253785
138.71 1 0.144268
138.71 2 0.0253785
138.81 1 0.144268
138.81 2 0.0253785
138.91 1 0.144268
138.91 2 0.0253785
139.01 1 0.144268
139.01 2 0.0253785
139.11 1 0.144268
139.11 2 0.0253785
139.21 1 0.144268
139.21 2 0.0253785
139.31 1 0.144268
139.31 2 0.0253785
139.41 1 0.144268
139.41 2 0.0253785
139.51 1 0.144268
139.51 2 0.0253785
139.61 1 0.144268
139.61 2 0.0253785
139.71 1 0.144268
139.71 2 0.0253785
139.81 1 0.144268
139.81 2 0.0253785
139.91 1 0.144268
139.91 2 0.0253785
140.01 1 0.144268
140.01 2 0.0253785
140.11 1 0.144268
140.11 2 0.0253785
140.21 1 0.144268
140.21 2 0.0253785
140.31 1 0.144268
140.31 2 0.0253785
140.41 1 0.144268
140.41 2 0.0253785
140.51 1 0.144268
140.51 2 0.0253785
140.61 1 0.144268
140.61 2 0.0253785
140.71 1 0.144268
140.71 2 0.0253785
140.81 1 0.144268
140.81 2 0.0253785
140.91 1 0.144268
140.91 2 0.0253785
141.01 1 0.144268
141.01 2 0.0253785
141.11 1 0.144268
141.11 2 0.0253785
141.21 1 0.144268
141.21 2 0.0253785
141.31 1 0.144268
141.31 2 0.0253785
141.41 1 0.144268
141.41 2 0.0253785
141.51 1 0.144268
141.51 2 0.0253785
141.61 1 0.144268
141.61 2 0.0253785
141.71 1 0.144268
141.71 2 0.0253785
141.81 1 0.144268
141.81 2 0.0253785
141.91 1 0.144268
141.91 2 0.0253785
142.01 1 0.144268
142.01 2 0.0253785
142.11 1 0.144268
142.11 2 0.0253785
142.21 1 0.144268
142.21 2 0.0253785
142.31 1 0.144268
142.31 2 0.0253785
142.41 1 0.144268
142.41 2 0.0253785
142.51 1 0.144268
142.51 2 0.0253785
142.61 1 0.144268
142.61 2 0.0253785
142.71 1 0.144268
142.71 2 0.0253785
142.81 1 0.144268
142.81 2 0.0253785
142.91 1 0.144268
142.91 2 0.0253785
143.01 1 0.144268
143.01 2 0.0253785
143.11 1 0.144268
143.11 2 0.0253785
143.21 1 0.144268
143.21 2 0.0253785
143.31 1 0.144268
143.31 2 0.0253785
143.41 1 0.144268
143.41 2 0.0253785
143.51 1 0.144268
143.51 2 0.0253785
143.61 1 0.144268
143.61 2 0.0253785
143.71 1 0.144268
143.71 2 0.0253785
143.81 1 0.144268
143.81 2 0.0253785
143.91 1 0.144268
143.91 2 0.0253785
144.01 1 0.144268
144.01 2 0.0253785
144.11 1 0.144268
144.11 2 0.0253785
144.21 1 0.144268
144.21 2 0.0253785
144.31 1 0.144268
144.31 2 0.0253785
144.41 1 0.144268
144.41 2 0.0253785
144.51 1 0.144268
144.51 2 0.0253785
144.61 1 0.144268
144.61 2 0.0253785
144.71 1 0.144268
144.71 2 0.0253785
144.81 1 0.144268
144.81 2 0.0253785
144.91 1 0.144268
144.91 2 0.0253785
145.01 1 0.144268
145.01 2 0.0253785
145.11 1 0.144268
145.11 2 0.0253785
145.21 1 0.144268
145.21 2 0.0253785
145.31 1 0.144268
145.31 2 0.0253785
145.41 1 0.144268
145.41 2 0.0253785
145.51 1 0.144268
145.51 2 0.0253785
145.61 1 0.144268
145.61 2 0.0253785
145.71 1 0.144268
145.71 2 0.0253785
145.81 1 0.144268
145.81 2 0.0253785
145.91 1 0.144268
145.91 2 0.0253785
146.01 1 0.144268
146.01 2 0.0253785
146.11 1 0.144268
146.11 2 0.0253785
146.21 1 0.144268
146.21 2 0.0253785
146.31 1 0.144268
146.31 2 0.0253785
146.41 1 0.144268
146.41 2 0.0253785
146.51 1 0.144268
146.51 2 0.0253785
146.61 1 0.144268
146.61 2 0.0253785
146.71 1 0.144268
146.71 2 0.0253785
146.81 1 0.144268
146.81 2 0.0253785
146.91 1 0.144268
146.91 2 0.0253785
147.01 1 0.144268
147.01 2 0.0253785
147.11 1 0.144268
147.11 2 0.0253785
147.21 1 0.144268
147.21 2 0.0253785
147.31 1 0.144268
147.31 2 0.0253785
147.41 1 0.144268
147.41 2 0.0253785
147.51 1 0.144268
147.51 2 0.0253785
147.61 1 0.144268
147.61 2 0.0253785
147.71 1 0.144268
147.71 2 0.0253785
147.81 1 0.144268
147.81 2 0.0253785
147.91 1 0.144268
147.91 2 0.0253785
148.01 1 0.144268
148.01 2 0.0253785
148.11 1 0.144268
148.11 2 0.0253785
148.21 1 0.144268
148.21 2 0.0253785
148.31 1 0.144268
148.31 2 0.0253785
148.41 1 0.144268
148.41 2 0.0253785
148.51 1 0.144268
148.51 2 0.0253785
148.61 1 0.144268
148.61 2 0.0253785
148.71 1 0.144268
148.71 2 0.0253785
148.81 1 0.144268
148.81 2 0.0253785
148.91 1 0.144268
148.91 2 0.0253785
149.01 1 0.144268
149.01 2 0.0253785
149.11 1 0.144268
149.11 2 0.0253785
149.21 1 0.144268
149.21 2 0.0253785
149.31 1 0.144268
149.31 2 0.0253785
149.41 1 0.144268
149.41 2 0.0253785
149.51 1 0.144268
149.51 2 0.0253785
149.61 1 0.144268
149.61 2 0.0253785
149.71 1 0.144268
149.71 2 0.0253785
149.81 1 0.144268
149.81 2 0.0253785
149.91 1 0.144268
149.91 2 0.0253785
150.01 1 0.144268
150.01 2 0.0253785
150.11 1 0.144268
150.11 2 0.0253785
150.21 1 0.144268
150.21 2 0.0253785
150.31 1 0.144268
150.31 2 0.0253785
150.41 1 0.144268
150.41 2 0.0253785
150.51 1 0.144268
150.51 2 0.0253785
150.61 1 0.144268
150.61 2 0.0253785
150.71 1 0.144268
150.71 2 0.0253785
150.81 1 0.144268
150.81 2 0.0253785
150.91 1 0.144268
150.91 2 0.0253785
151.01 1 0.144268
151.01 2 0.0253785
151.11 1 0.144268
151.11 2 0.0253785
151.21 1 0.144268
151.21 2 0.0253785
151.31 1 0.144268
151.31 2 0.0253785
151.41 1 0.144268
151.41 2 0.0253785
151.51 1 0.144268
151.51 2 0.0253785
151.61 1 0.144268
151.61 2 0.0253785
151.71 1 0.144268
151.71 2 0.0253785
151.81 1 0.144268
151.81 2 0.0253785
151.91 1 0.144268
151.91 2 0.0253785
152.01 1 0.144268
152.01 2 0.0253785
152.11 1 0.144268
152.11 2 0.0253785
152.21 1 0.144268
152.21 2 0.0253785
152.31 1 0.144268
152.31 2 0.0253785
152.41 1 0.144268
152.41 2 0.0253785
152.51 1 0.144268
152.51 2 0.0253785
152.61 1 0.144268
152.61 2 0.0253785
152.71 1 0.144268
152.71 2 0.0253785
152.81 1 0.144268
152.81 2 0.0253785
152.91 1 0.144268
152.91 2 0.0253785
153.01 1 0.144268
153.01 2 0.0253785
153.11 1 0.144268
153.11 2 0.0253785
153.21 1 0.144268
153.21 2 0.0253785
153.31 1 0.144268
153.31 2 0.0253785
153.41 1 0.144268
153.41 2 0.0253785
153.51 1 0.144268
153.51 2 0.0253785
153.61 1 0.144268
153.61 2 0.0253785
153.71 1 0.144268
153.71 2 0.0253785
153.81 1 0.144268
153.81 2 0.0253785
153.91 1 0.144268
153.91 2 0.0253785
154.01 1 0.144268
154.01 2 0.0253785
154.11 1 0.144268
154.11 2 0.0253785
154.21 1 0.144268
154.21 2 0.0253785
154.31 1 0.144268
154.31 2 0.0253785
154.41 1 0.144268
154.41 2 0.0253785
154.51 1 0.144268
154.51 2 0.0253785
154.61 1 0.144268
154.61 2 0.0253785
154.71 1 0.144268
154.71 2 0.0253785
154.81 1 0.144268
154.81 2 0.0253785
154.91 1 0.144268
154.91 2 0.0253785
155.01 1 0.144268
155.01 2 0.0253785
155.11 1 0.144268
155.11 2 0.0253785
155.21 1 0.144268
155.21 2 0.0253785
155.31 1 0.144268
155.31 2 0.0253785
155.41 1 0.144268
155.41 2 0.0253785
155.51 1 0.144268
155.51 2 0.0253785
155.61 1 0.144268
155.61 2 0.0253785
155.71 1 0.144268
155.71 2 0.0253785
155.81 1 0.144268
155.81 2 0.0253785
155.91 1 0.144268
155.91 2 0.0253785
156.01 1 0.144268
156.01 2 0.0253785
156.11 1 0.144268
156.11 2 0.0253785
156.21 1 0.144268
156.21 2 0.0253785
156.31 1 0.144268
156.31 2 0.0253785
156.41 1 0.144268
156.41 2 0.0253785
156.51 1 0.144268
156.51 2 0.0253785
156.61 1 0.144268
156.61 2 0.0253785
156.71 1 0.144268
156.71 2 0.0253785
156.81 1 0.144268
156.81 2 0.0253785
156.91 1 0.144268
156.91 2 0.0253785
157.01 1 0.144268
157.01 2 0.0253785
157.11 1 0.144268
157.11 2 0.0253785
157.21 1 0.144268
157.21 2 0.0253785
157.31 1 0.144268
157.31 2 0.0253785
157.41 1 0.144268
157.41 2 0.0253785
157.51 1 0.144268
157.51 2 0.0253785
157.61 1 0.144268
157.61 2 0.0253785
157.71 1 0.144268
157.71 2 0.0253785
157.81 1 0.144268
157.81 2 0.0253785
157.91 1 0.144268
157.91 2 0.0253785
158.01 1 0.144268
158.01 2 0.0253785
158.11 1 0.144268
158.11 2 0.0253785
158.21 1 0.144268
158.21 2 0.0253785
158.31 1 0.144268
158.31 2 0.0253785
158.41 1 0.144268
158.41 2 0.0253785
158.51 1 0.144268
158.51 2 0.0253785
158.61 1 0.144268
158.61 2 0.0253785
158.71 1 0.144268
158.71 2 0.0253785
158.81 1 0.144268
158.81 2 0.0253785
158.91 1 0.144268
158.91 2 0.0253785
159.01 1 0.144268
159.01 2 0.0253785
159.11 1 0.144268
159.11 2 0.0253785
159.21 1 0.144268
159.21 2 0.0253785
159.31 1 0.144268
159.31 2 0.0253785
159.41 1 0.144268
159.41 2 0.0253785
159.51 1 0.144268
159.51 2 0.0253785
159.61 1 0.144268
159.61 2 0.0253785
159.71 1 0.144268
159.71 2 0.0253785
159.81 1 0.144268
159.81 2 0.0253785
159.91 1 0.144268
159.91 2 0.0253785
160.01 1 0.144268
160.01 2 0.0253785
160.11 1 0.144268
160.11 2 0.0253785
160.21 1 0.144268
160.21 2 0.0253785
160.31 1 0.144268
160.31 2 0.0253785
160.41 1 0.144268
160.41 2 0.0253785
160.51 1 0.144268
160.51 2 0.0253785
160.61 1 0.144268
160.61 2 0.0253785
160.71 1 0.144268
160.71 2 0.0253785
160.81 1 0.144268
160.81 2 0.0253785
160.91 1 0.144268
160.91 2 0.0253785
161.01 1 0.144268
161.01 2 0.0253785
161.11 1 0.144268
161.11 2 0.0253785
161.21 1 0.144268
161.21 2 0.0253785
161.31 1 0.144268
161.31 2 0.0253785
161.41 1 0.144268
161.41 2 0.0253785
161.51 1 0.144268
161.51 2 0.0253785
161.61 1 0.144268
161.61 2 0.0253785
161.71 1 0.144268
161.71 2 0.0253785
161.81 1 0.144268
161.81 2 0.0253785
161.91 1 0.144268
161.91 2 0.0253785
162.01 1 0.144268
162.01 2 0.0253785
162.11 1 0.144268
162.11 2 0.0253785
162.21 1 0.144268
162.21 2 0.0253785
162.31 1 0.144268
162.31 2 0.0253785
162.41 1 0.144268
162.41 2 0.0253785
162.51 1 0.144268
162.51 2 0.0253785
162.61 1 0.144268
162.61 2 0.0253785
162.71 1 0.144268
162.71 2 0.0253785
162.81 1 0.144268
162.81 2 0.0253785
162.91 1 0.144268
162.91 2 0.0253785
163.01 1 0.144268
163.01 2 0.0253785
163.11 1 0.144268
163.11 2 0.0253785
163.21 1 0.144268
163.21 2 0.0253785
163.31 1 0.144268
163.31 2 0.0253785
163.41 1 0.144268
163.41 2 0.0253785
163.51 1 0.144268
163.51 2 0.0253785
163.61 1 0.144268
163.61 2 0.0253785
163.71 1 0.144268
163.71 2 0.0253785
163.81 1 0.144268
163.81 2 0.0253785
163.91 1 0.144268
163.91 2 0.0253785
164.01 1 0.144268
164.01 2 0.0253785
164.11 1 0.144268
164.11 2 0.0253785
164.21 1 0.144268
164.21 2 0.0253785
164.31 1 0.144268
164.31 2 0.0253785
164.41 1 0.144268
164.41 2 0.0253785
164.51 1 0.144268
164.51 2 0.0253785
164.61 1 0.144268
164.61 2 0.0253785
164.71 1 0.144268
164.71 2 0.0253785
164.81 1 0.144268
164.81 2 0.0253785
164.91 1 0.144268
164.91 2 0.0253785
165.01 1 0.144268
165.01 2 0.0253785
165.11 1 0.144268
165.11 2 0.0253785
165.21 1 0.144268
165.21 2 0.0253785
165.31 1 0.144268
165.31 2 0.0253785
165.41 1 0.144268
165.41 2 0.0253785
165.51 1 0.144268
165.51 2 0.0253785
165.61 1 0.144268
165.61 2 0.0253785
165.71 1 0.144268
165.71 2 0.0253785
165.81 1 0.144268
165.81 2 0.0253785
165.91 1 0.144268
165.91 2 0.0253785
166.01 1 0.144268
166.01 2 0.0253785
166.11 1 0.144268
166.11 2 0.0253785
166.21 1 0.144268
166.21 2 0.0253785
166.31 1 0.144268
166.31 2 0.0253785
166.41 1 0.144268
166.41 2 0.0253785
166.51 1 0.144268
166.51 2 0.0253785
166.61 1 0.144268
166.61 2 0.0253785
166.71 1 0.144268
166.71 2 0.0253785
166.81 1 0.144268
166.81 2 0.0253785
166.91 1 0.144268
166.91 2 0.0253785
167.01 1 0.144268
167.01 2 0.0253785
167.11 1 0.144268
167.11 2 0.0253785
167.21 1 0.144268
167.21 2 0.0253785
167.31 1 0.144268
167.31 2 0.0253785
167.41 1 0.144268
167.41 2 0.0253785
167.51 1 0.144268
167.51 2 0.0253785
167.61 1 0.144268
167.61 2 0.0253785
167.71 1 0.144268
167.71 2 0.0253785
167.81 1 0.144268
167.81 2 0.0253785
167.91 1 0.144268
167.91 2 0.0253785
168.01 1 0.144268
168.01 2 0.0253785
168.11 1 0.144268
168.11 2 0.0253785
168.21 1 0.144268
168.21 2 0.0253785
168.31 1 0.144268
168.31 2 0.0253785
168.41 1 0.144268
168.41 2 0.0253785
168.51 1 0.144268
168.51 2 0.0253785
168.61 1 0.144268
168.61 2 0.0253785
168.71 1 0.144268
168.71 2 0.0253785
168.81 1 0.144268
168.81 2 0.0253785
168.91 1 0.144268
168.91 2 0.0253785
169.01 1 0.144268
169.01 2 0.0253785
169.11 1 0.144268
169.11 2 0.0253785
169.21 1 0.144268
169.21 2 0.0253785
169.31 1 0.144268
169.31 2 0.0253785
169.41 1 0.144268
169.41 2 0.0253785
169.51 1 0.144268
169.51 2 0.0253785
169.61 1 0.144268
169.61 2 0.0253785
169.71 1 0.144268
169.71 2 0.0253785
169.81 1 0.144268
169.81 2 0.0253785
169.91 1 0.144268
169.91 2 0.0253785
170.01 1 0.144268
170.01 2 0.0253785
170.11 1 0.144268
170.11 2 0.0253785
170.21 1 0.144268
170.21 2 0.0253785
170.31 1 0.144268
170.31 2 0.0253785
170.41 1 0.144268
170.41 2 0.0253785
170.51 1 0.144268
170.51 2 0.0253785
170.61 1 0.144268
170.61 2 0.0253785
170.71 1 0.144268
170.71 2 0.0253785
170.81 1 0.144268
170.81 2 0.0253785
170.91 1 0.144268
170.91 2 0.0253785
171.01 1 0.144268
171.01 2 0.0253785
171.11 1 0.144268
171.11 2 0.0253785
171.21 1 0.144268
171.21 2 0.0253785
171.31 1 0.144268
171.31 2 0.0253785
171.41 1 0.144268
171.41 2 0.0253785
171.51 1 0.144268
171.51 2 0.0253785
171.61 1 0.144268
171.61 2 0.0253785
171.71 1 0.144268
171.71 2 0.0253785
171.81 1 0.144268
171.81 2 0.0253785
171.91 1 0.144268
171.91 2 0.0253785
172.01 1 0.144268
172.01 2 0.0253785
172.11 1 0.144268
172.11 2 0.0253785
172.21 1 0.144268
172.21 2 0.0253785
172.31 1 0.144268
172.31 2 0.0253785
172.41 1 0.144268
172.41 2 0.0253785
172.51 1 0.144268
172.51 2 0.0253785
172.61 1 0.144268
172.61 2 0.0253785
172.71 1 0.144268
172.71 2 0.0253785
172.81 1 0.144268
172.81 2 0.0253785
172.91 1 0.144268
172.91 2 0.0253785
173.01 1 0.144268
173.01 2 0.0253785
173.11 1 0.144268
173.11 2 0.0253785
173.21 1 0.144268
173.21 2 0.0253785
173.31 1 0.144268
173.31 2 0.0253785
173.41 1 0.144268
173.41 2 0.0253785
173.51 1 0.144268
173.51 2 0.0253785
173.61 1 0.144268
173.61 2 0.0253785
173.71 1 0.144268
173.71 2 0.0253785
173.81 1 0.144268
173.81 2 0.0253785
173.91 1 0.144268
173.91 2 0.0253785
174.01 1 0.144268
174.01 2 0.0253785
174.11 1 0.144268
174.11 2 0.0253785
174.21 1 0.144268
174.21 2 0.0253785
174.31 1 0.144268
174.31 2 0.0253785
174.41 1 0.144268
174.41 2 0.0253785
174.51 1 0.144268
174.51 2 0.0253785
174.61 1 0.144268
174.61 2 0.0253785
174.71 1 0.144268
174.71 2 0.0253785
174.81 1 0.144268
174.81 2 0.0253785
174.91 1 0.144268
174.91 2 0.0253785
175.01 1 0.144268
175.01 2 0.0253785
175.11 1 0.144268
175.11 2 0.0253785
175.21 1 0.144268
175.21 2 0.0253785
175.31 1 0.144268
175.31 2 0.0253785
175.41 1 0.144268
175.41 2 0.0253785
175.51 1 0.144268
175.51 2 0.0253785
175.61 1 0.144268
175.61 2 0.0253785
175.71 1 0.144268
175.71 2 0.0253785
175.81 1 0.144268
175.81 2 0.0253785
175.91 1 0.144268
175.91 2 0.0253785
176.01 1 0.144268
176.01 2 0.0253785
176.11 1 0.144268
176.11 2 0.0253785
176.21 1 0.144268
176.21 2 0.0253785
176.31 1 0.144268
176.31 2 0.0253785
176.41 1 0.144268
176.41 2 0.0253785
176.51 1 0.144268
176.51 2 0.0253785
176.61 1 0.144268
176.61 2 0.0253785
176.71 1 0.144268
176.71 2 0.0253785
176.81 1 0.144268
176.81 2 0.0253785
176.91 1 0.144268
176.91 2 0.0253785
177.01 1 0.144268
177.01 2 0.0253785
177.11 1 0.144268
177.11 2 0.0253785
177.21 1 0.144268
177.21 2 0.0253785
177.31 1 0.144268
177.31 2 0.0253785
177.41 1 0.144268
177.41 2 0.0253785
177.51 1 0.144268
177.51 2 0.0253785
177.61 1 0.144268
177.61 2 0.0253785
177.71 1 0.144268
177.71 2 0.0253785
177.81 1 0.144268
177.81 2 0.0253785
177.91 1 0.144268
177.91 2 0.0253785
178.01 1 0.144268
178.01 2 0.0253785
178.11 1 0.144268
178.11 2 0.0253785
178.21 1 0.144268
178.21 2 0.0253785
178.31 1 0.144268
178.31 2 0.0253785
178.41 1 0.144268
178.41 2 0.0253785
178.51 1 0.144268
178.51 2 0.0253785
178.61 1 0.144268
178.61 2 0.0253785
178.71 1 0.144268
178.71 2 0.0253785
178.81 1 0.144268
178.81 2 0.0253785
178.91 1 0.144268
178.91 2 0.0253785
179.01 1 0.144268
179.01 2 0.0253785
179.11 1 0.144268
179.11 2 0.0253785
179.21 1 0.144268
179.21 2 0.0253785
179.31 1 0.144268
179.31 2 0.0253785
179.41 1 0.144268
179.41 2 0.0253785
179.51 1 0.144268
179.51 2 0.0253785
179.61 1 0.144268
179.61 2 0.0253785
179.71 1 0.144268
179.71 2 0.0253785
179.81 1 0.144268
179.81 2 0.0253785
179.91 1 0.144268
179.91 2 0.0253785
180.01 1 0.144268
180.01 2 0.0253785
180.11 1 0.144268
180.11 2 0.0253785
180.21 1 0.144268
180.21 2 0.0253785
180.31 1 0.144268
180.31 2 0.0253785
180.41 1 0.144268
180.41 2 0.0253785
180.51 1 0.144268
180.51 2 0.0253785
180.61 1 0.144268
180.61 2 0.0253785
180.71 1 0.144268
180.71 2 0.0253785
180.81 1 0.144268
180.81 2 0.0253785
180.91 1 0.144268
180.91 2 0.0253785
181.01 1 0.144268
181.01 2 0.0253785
181.11 1 0.144268
181.11 2 0.0253785
181.21 1 0.144268
181.21 2 0.0253785
181.31 1 0.144268
181.31 2 0.0253785
181.41 1 0.144268
181.41 2 0.0253785
181.51 1 0.144268
181.51 2 0.0253785
181.61 1 0.144268
181.61 2 0.0253785
181.71 1 0.144268
181.71 2 0.0253785
181.81 1 0.144268
181.81 2 0.0253785
181.91 1 0.144268
181.91 2 0.0253785
182.01 1 0.144268
182.01 2 0.0253785
182.11 1 0.144268
182.11 2 0.0253785
182.21 1 0.144268
182.21 2 0.0253785
182.31 1 0.144268
182.31 2 0.0253785
182.41 1 0.144268
182.41 2 0.0253785
182.51 1 0.144268
182.51 2 0.0253785
182.61 1 0.144268
182.61 2 0.0253785
182.71 1 0.144268
182.71 2 0.0253785
182.81 1 0.144268
182.81 2 0.0253785
182.91 1 0.144268
182.91 2 0.0253785
183.01 1 0.144268
183.01 2 0.0253785
183.11 1 0.144268
183.11 2 0.0253785
183.21 1 0.144268
183.21 2 0.0253785
183.31 1 0.144268
183.31 2 0.0253785
183.41 1 0.144268
183.41 2 0.0253785
183.51 1 0.144268
183.51 2 0.0253785
183.61 1 0.144268
183.61 2 0.0253785
183.71 1 0.144268
183.71 2 0.0253785
183.81 1 0.144268
183.81 2 0.0253785
183.91 1 0.144268
183.91 2 0.0253785
184.01 1 0.144268
184.01 2 0.0253785
184.11 1 0.144268
184.11 2 0.0253785
184.21 1 0.144268
184.21 2 0.0253785
184.31 1 0.144268
184.31 2 0.0253785
184.41 1 0.144268
184.41 2 0.0253785
184.51 1 0.144268
184.51 2 0.0253785
184.61 1 0.144268
184.61 2 0.0253785
184.71 1 0.144268
184.71 2 0.0253785
184.81 1 0.144268
184.81 2 0.0253785
184.91 1 0.144268
184.91 2 0.0253785
185.01 1 0.144268
185.01 2 0.0253785
185.11 1 0.144268
185.11 2 0.0253785
185.21 1 0.144268
185.21 2 0.0253785
185.31 1 0.144268
185.31 2 0.0253785
185.41 1 0.144268
185.41 2 0.0253785
185.51 1 0.144268
185.51 2 0.0253785
185.61 1 0.144268
185.61 2 0.0253785
185.71 1 0.144268
185.71 2 0.0253785
185.81 1 0.144268
185.81 2 0.0253785
185.91 1 0.144268
185.91 2 0.0253785
186.01 1 0.144268
186.01 2 0.0253785
186.11 1 0.144268
186.11 2 0.0253785
186.21 1 0.144268
186.21 2 0.0253785
186.31 1 0.144268
186.31 2 0.0253785
186.41 1 0.144268
186.41 2 0.0253785
186.51 1 0.144268
186.51 2 0.0253785
186.61 1 0.144268
186.61 2 0.0253785
186.71 1 0.144268
186.71 2 0.0253785
186.81 1 0.144268
186.81 2 0.0253785
186.91 1 0.144268
186.91 2 0.0253785
187.01 1 0.144268
187.01 2 0.0253785
187.11 1 0.144268
187.11 2 0.0253785
187.21 1 0.144268
187.21 2 0.0253785
187.31 1 0.144268
187.31 2 0.0253785
187.41 1 0.144268
187.41 2 0.0253785
187.51 1 0.144268
187.51 2 0.0253785
187.61 1 0.144268
187.61 2 0.0253785
187.71 1 0.144268
187.71 2 0.0253785
187.81 1 0.144268
187.81 2 0.0253785
187.91 1 0.144268
187.91 2 0.0253785
188.01 1 0.144268
188.01 2 0.0253785
188.11 1 0.144268
188.11 2 0.0253785
188.21 1 0.144268
188.21 2 0.0253785
188.31 1 0.144268
188.31 2 0.0253785
188.41 1 0.144268
188.41 2 0.0253785
188.51 1 0.144268
188.51 2 0.0253785
188.61 1 0.144268
188.61 2 0.0253785
188.71 1 0.144268
188.71 2 0.0253785
188.81 1 0.144268
188.81 2 0.0253785
188.91 1 0.144268
188.91 2 0.0253785
189.01 1 0.144268
189.01 2 0.0253785
189.11 1 0.144268
189.11 2 0.0253785
189.21 1 0.144268
189.21 2 0.0253785
189.31 1 0.144268
189.31 2 0.0253785
189.41 1 0.144268
189.41 2 0.0253785
189.51 1 0.144268
189.51 2 0.0253785
189.61 1 0.144268
189.61 2 0.0253785
189.71 1 0.144268
189.71 2 0.0253785
189.81 1 0.144268
189.81 2 0.0253785
189.91 1 0.144268
189.91 2 0.0253785
190.01 1 0.144268
190.01 2 0.0253785
190.11 1 0.144268
190.11 2 0.0253785
190.21 1 0.144268
190.21 2 0.0253785
190.31 1 0.144268
190.31 2 0.0253785
190.41 1 0.144268
190.41 2 0.0253785
190.51 1 0.144268
190.51 2 0.0253785
190.61 1 0.144268
190.61 2 0.0253785
190.71 1 0.144268
190.71 2 0.0253785
190.81 1 0.144268
190.81 2 0.0253785
190.91 1 0.144268
190.91 2 0.0253785
191.01 1 0.144268
191.01 2 0.0253785
191.11 1 0.144268
191.11 2 0.0253785
191.21 1 0.144268
191.21 2 0.0253785
191.31 1 0.144268
191.31 2 0.0253785
191.41 1 0.144268
191.41 2 0.0253785
191.51 1 0.144268
191.51 2 0.0253785
191.61 1 0.144268
191.61 2 0.0253785
191.71 1 0.144268
191.71 2 0.0253785
191.81 1 0.144268
191.81 2 0.0253785
191.91 1 0.144268
191.91 2 0.0253785
192.01 1 0.144268
192.01 2 0.0253785
192.11 1 0.144268
192.11 2 0.0253785
192.21 1 0.144268
192.21 2 0.0253785
192.31 1 0.144268
192.31 2 0.0253785
192.41 1 0.144268
192.41 2 0.0253785
192.51 1 0.144268
192.51 2 0.0253785
192.61 1 0.144268
192.61 2 0.0253785
192.71 1 0.144268
192.71 2 0.0253785
192.81 1 0.144268
192.81 2 0.0253785
192.91 1 0.144268
192.91 2 0.0253785
193.01 1 0.144268
193.01 2 0.0253785
193.11 1 0.144268
193.11 2 0.0253785
193.21 1 0.144268
193.21 2 0.0253785
193.31 1 0.144268
193.31 2 0.0253785
193.41 1 0.144268
193.41 2 0.0253785
193.51 1 0.144268
193.51 2 0.0253785
193.61 1 0.144268
193.61 2 0.0253785
193.71 1 0.144268
193.71 2 0.0253785
193.81 1 0.144268
193.81 2 0.0253785
193.91 1 0.144268
193.91 2 0.0253785
194.01 1 0.144268
194.01 2 0.0253785
194.11 1 0.144268
194.11 2 0.0253785
194.21 1 0.144268
194.21 2 0.0253785
194.31 1 0.144268
194.31 2 0.0253785
194.41 1 0.144268
194.41 2 0.0253785
194.51 1 0.144268
194.51 2 0.0253785
194.61 1 0.144268
194.61 2 0.0253785
194.71 1 0.144268
194.71 2 0.0253785
194.81 1 0.144268
194.81 2 0.0253785
194.91 1 0.144268
194.91 2 0.0253785
195.01 1 0.144268
195.01 2 0.0253785
195.11 1 0.144268
195.11 2 0.0253785
195.21 1 0.144268
195.21 2 0.0253785
195.31 1 0.144268
195.31 2 0.0253785
195.41 1 0.144268
195.41 2 0.0253785
195.51 1 0.144268
195.51 2 0.0253785
195.61 1 0.144268
195.61 2 0.0253785
195.71 1 0.144268
195.71 2 0.0253785
195.81 1 0.144268
195.81 2 0.0253785
195.91 1 0.144268
195.91 2 0.0253785
196.01 1 0.144268
196.01 2 0.0253785
196.11 1 0.144268
196.11 2 0.0253785
196.21 1 0.144268
196.21 2 0.0253785
196.31 1 0.144268
196.31 2 0.0253785
196.41 1 0.144268
196.41 2 0.0253785
196.51 1 0.144268
196.51 2 0.0253785
196.61 1 0.144268
196.61 2 0.0253785
196.71 1 0.144268
196.71 2 0.0253785
196.81 1 0.144268
196.81 2 0.0253785
196.91 1 0.144268
196.91 2 0.0253785
197.01 1 0.144268
197.01 2 0.0253785
197.11 1 0.144268
197.11 2 0.0253785
197.21 1 0.144268
197.21 2 0.0253785
197.31 1 0.144268
197.31 2 0.0253785
197.41 1 0.144268
197.41 2 0.0253785
197.51 1 0.144268
197.51 2 0.0253785
197.61 1 0.144268
197.61 2 0.0253785
197.71 1 0.144268
197.71 2 0.0253785
197.81 1 0.144268
197.81 2 0.0253785
197.91 1 0.144268
197.91 2 0.0253785
198.01 1 0.144268
198.01 2 0.0253785
198.11 1 0.144268
198.11 2 0.0253785
198.21 1 0.144268
198.21 2 0.0253785
198.31 1 0.144268
198.31 2 0.0253785
198.41 1 0.144268
198.41 2 0.0253785
198.51 1 0.144268
198.51 2 0.0253785
198.61 1 0.144268
198.61 2 0.0253785
198.71 1 0.144268
198.71 2 0.0253785
198.81 1 0.144268
198.81 2 0.0253785
198.91 1 0.144268
198.91 2 0.0253785
199.01 1 0.144268
199.01 2 0.0253785
199.11 1 0.144268
199.11 2 0.0253785
199.21 1 0.144268
199.21 2 0.0253785
199.31 1 0.144268
199.31 2 0.0253785
199.41 1 0.144268
199.41 2 0.0253785
199.51 1 0.144268
199.51 2 0.0253785
199.61 1 0.144268
199.61 2 0.0253785
199.71 1 0.144268
199.71 2 0.0253785
199.81 1 0.144268
199.81 2 0.0253785
199.91 1 0.144268
199.91 2 0.0253785
200.01 1 0.144268
200.01 2 0.0253785
200.11 1 0.144268
200.11 2 0.0253785
200.21 1 0.144268
200.21 2 0.0253785
200.31 1 0.144268
200.31 2 0.0253785
200.41 1 0.144268
200.41 2 0.0253785
200.51 1 0.144268
200.51 2 0.0253785
200.61 1 0.144268
200.61 2 0.0253785
200.71 1 0.144268
200.71 2 0.0253785
200.81 1 0.144268
200.81 2 0.0253785
200.91 1 0.144268
200.91 2 0.0253785
