0.214179 476
0.221238 952
0.228297 1428
0.235356 1904
0.242414 2380
0.249473 2856
0.256532 3332
0.263591 3808
0.27065 4284
0.277709 4760
0.419091 4284
0.419091 4760
0.42615 5236
0.433198 4284
0.433209 4760
0.440267 5236
0.447315 4284
0.447326 4760
0.454385 5236
0.461433 4284
0.461444 4760
0.468503 5236
0.475551 4284
0.475562 4760
0.482621 5236
0.489679 5712
0.496738 6188
0.503797 6664
0.510856 7140
0.517915 7616
0.524974 8092
0.532033 8568
0.539091 9044
0.623992 8092
0.623992 8568
0.631051 9044
0.63811 8092
0.63811 8568
0.645168 9044
0.652227 8092
0.652227 8568
0.659286 9044
0.666345 8092
0.666345 8568
0.673404 9044
0.680463 8092
0.680463 8568
0.687522 9044
0.69458 8092
0.69458 8568
0.701639 9044
0.708698 8092
0.708698 8568
0.715757 9044
0.722816 8092
0.722816 8568
0.729875 9044
0.736934 8092
0.736934 8568
0.743992 9044
0.828893 8092
0.828893 8568
0.835952 9044
0.843011 8092
0.843011 8568
0.850069 9044
0.857128 8092
0.857128 8568
0.864187 9044
0.871246 8092
0.871246 8568
0.878305 9044
0.885364 8092
0.885364 8568
0.892423 9044
0.899481 8092
0.899481 8568
0.90654 9044
0.913599 8092
0.913599 8568
0.920658 9044
0.927717 8092
0.927717 8568
0.934776 9044
0.941835 8092
0.941835 8568
0.948893 9044
1.03379 8092
1.03379 8568
1.04085 9044
1.04791 8092
1.04791 8568
1.05497 9044
1.06203 8092
1.06203 8568
1.06909 9044
1.07615 8092
1.07615 8568
1.08321 9044
1.09026 8092
1.09026 8568
1.09732 9044
1.10438 8092
1.10438 8568
1.11144 9044
1.12557 8568
1.12557 9044
1.12557 8568
1.13263 9044
1.13263 8568
1.13969 9044
1.13969 8092
1.14675 8568
1.14675 8092
1.15381 8568
1.15381 8092
1.23871 7616
1.24577 7140
1.25282 6664
1.25988 6188
1.26694 5712
1.274 5236
1.28106 4760
1.28812 4284
1.29518 3808
1.30224 3332
1.3093 2856
1.31635 2380
1.33048 1904
1.33754 1428
1.33754 1904
1.3446 1428
1.3446 1904
1.35165 1428
1.35166 1904
1.35872 2380
1.36578 2856
1.37284 3332
1.3799 3808
1.38696 4284
1.39401 4760
1.40107 5236
1.40813 5712
1.41519 6188
1.42225 6664
1.42931 7140
1.43637 7616
1.44343 8092
1.45049 8568
1.45754 9044
1.54244 8092
1.54244 8568
1.5495 9044
1.55656 8092
1.55656 8568
1.56362 9044
1.57068 8092
1.57068 8568
1.57774 9044
1.5848 8092
1.5848 8568
1.59186 9044
1.59892 8092
1.59892 8568
1.60597 9044
1.61303 8092
1.61303 8568
1.62009 9044
1.62715 8092
1.62715 8568
1.63421 9044
1.64127 8092
1.64127 8568
1.64833 9044
1.65539 8092
1.65539 8568
1.66245 9044
1.74735 8092
1.74735 8568
1.7544 9044
1.76146 8092
1.76146 8568
1.76852 9044
1.77558 8092
1.77558 8568
1.78264 9044
1.7897 8092
1.7897 8568
1.79676 9044
1.80382 8092
1.80382 8568
1.81088 9044
1.81793 8092
1.81793 8568
1.82499 9044
1.83205 8092
1.83205 8568
1.83911 9044
1.84617 8092
1.84617 8568
1.85323 9044
1.86029 8092
1.86029 8568
1.86735 9044
1.95225 8092
1.95225 8568
1.95931 9044
1.96636 8092
1.96636 8568
1.97342 9044
1.98048 8092
1.98048 8568
1.98754 9044
1.9946 8092
1.9946 8568
2.00166 9044
2.00872 8092
2.00872 8568
2.01578 9044
2.02284 8092
2.02284 8568
2.02989 9044
2.03695 8092
2.03695 8568
2.04401 9044
2.05107 8092
2.05107 8568
2.05813 9044
2.06519 8092
2.06519 8568
2.07225 9044
2.15715 8092
2.15715 8568
2.16421 9044
2.17127 8092
2.17127 8568
2.17832 9044
2.18538 8092
2.18538 8568
2.19244 9044
2.1995 8092
2.1995 8568
2.20656 9044
2.21362 8092
2.21362 8568
2.22068 9044
2.22774 8092
2.22774 8568
2.2348 9044
2.24185 8092
2.24185 8568
2.24891 9044
2.25597 8092
2.25597 8568
2.26303 9044
2.27009 8092
2.27009 8568
2.27715 9044
2.36205 8092
2.36205 8568
2.36911 9044
2.37617 8092
2.37617 8568
2.38323 9044
2.39028 8092
2.39028 8568
2.39734 9044
2.4044 8092
2.4044 8568
2.41146 9044
2.41852 8092
2.41852 8568
2.42558 9044
2.43264 8092
2.43264 8568
2.4397 9044
2.44676 8092
2.44676 8568
2.45381 9044
2.46087 8092
2.46087 8568
2.46793 9044
2.47499 8092
2.47499 8568
2.48205 9044
2.56695 8092
2.56695 8568
2.57401 9044
2.58107 8092
2.58107 8568
2.58813 9044
2.59519 8092
2.59519 8568
2.60224 9044
2.6093 8092
2.6093 8568
2.61636 9044
2.62342 8092
2.62342 8568
2.63048 9044
2.63754 8092
2.63754 8568
2.6446 9044
2.65166 8092
2.65166 8568
2.65871 9044
2.66577 8092
2.66577 8568
2.67283 9044
2.67989 8092
2.67989 8568
2.68695 9044
2.77185 8092
2.77185 8568
2.77891 9044
2.78597 8092
2.78597 8568
2.79303 9044
2.80009 8092
2.80009 8568
2.80715 9044
2.8142 8092
2.8142 8568
2.82126 9044
2.82832 8092
2.82832 8568
2.83538 9044
2.84244 8092
2.84244 8568
2.8495 9044
2.85656 8092
2.85656 8568
2.86362 9044
2.87067 8092
2.87067 8568
2.87773 9044
2.88479 8092
2.88479 8568
2.89185 9044
2.97675 8092
2.97675 8568
2.98381 9044
2.99087 8092
2.99087 8568
2.99793 9044
3.00499 8092
3.00499 8568
3.01205 9044
3.0191 8092
3.0191 8568
3.02616 9044
3.03322 8092
3.03322 8568
3.04028 9044
3.04734 8092
3.04734 8568
3.0544 9044
3.06146 8092
3.06146 8568
3.06852 9044
3.07558 8092
3.07558 8568
3.08263 9044
3.08969 8092
3.08969 8568
3.09675 9044
3.18165 8092
3.18165 8568
3.18871 9044
3.19577 8092
3.19577 8568
3.20283 9044
3.20989 8092
3.20989 8568
3.21695 9044
3.22401 8092
3.22401 8568
3.23106 9044
3.23812 8092
3.23812 8568
3.24518 9044
3.26636 7140
3.26636 7616
3.27342 8092
3.28048 8568
3.28048 7616
3.28754 8092
3.29459 8568
3.29459 7616
3.30165 8092
3.30871 8568
3.31577 9044
3.38655 8092
3.38655 8568
3.39361 9044
3.40067 8092
3.40067 8568
3.40773 9044
3.41479 8092
3.41479 8568
3.42185 9044
3.42891 8092
3.42891 8568
3.43597 9044
3.44302 8092
3.44302 8568
3.45008 9044
3.47126 8092
3.47126 8568
3.47832 9044
3.48538 8092
3.48538 8568
3.49244 9044
3.4995 8092
3.4995 8568
3.50655 9044
3.51361 8092
3.51361 8568
3.52067 9044
3.59145 8092
3.59145 8568
3.59851 9044
3.60557 8092
3.60557 8568
3.61263 9044
3.61969 8092
3.61969 8568
3.62675 9044
3.63381 8092
3.63381 8568
3.64087 9044
3.64793 8092
3.64793 8568
3.65498 9044
3.67616 8092
3.67616 8568
3.68322 9044
3.69028 8092
3.69028 8568
3.69734 9044
3.7044 8092
3.7044 8568
3.71146 9044
3.71851 8092
3.71851 8568
3.72557 9044
3.79636 8092
3.79636 8568
3.80341 9044
3.81047 8092
3.81047 8568
3.81753 9044
3.82459 8092
3.82459 8568
3.83165 9044
3.83871 8092
3.83871 8568
3.84577 9044
3.85283 8092
3.85283 8568
3.85989 9044
3.88106 8092
3.88106 8568
3.88812 9044
3.89518 8092
3.89518 8568
3.90224 9044
3.9093 8092
3.9093 8568
3.91636 9044
3.92342 8092
3.92342 8568
3.93047 9044
4.00126 8092
4.00126 8568
4.00832 9044
4.01537 8092
4.01537 8568
4.02243 9044
4.02949 8092
4.02949 8568
4.03655 9044
4.04361 8092
4.04361 8568
4.05067 9044
4.05773 8092
4.05773 8568
4.06479 9044
4.08596 8092
4.08596 8568
4.09302 9044
4.10008 8092
4.10008 8568
4.10714 9044
4.1142 8092
4.1142 8568
4.12126 9044
4.12833 8568
4.12833 9044
4.13539 8568
4.13539 9044
4.20617 8092
4.20617 8568
4.21323 9044
4.21323 8568
4.22029 8092
4.22735 7616
4.23441 7140
4.24146 6664
4.24852 6188
4.25558 5712
4.26264 5236
4.2697 4760
4.29088 4284
4.29794 3808
4.30499 3332
4.31205 2856
4.31911 2380
4.32617 1904
4.33324 1428
4.33324 1904
4.3403 1428
4.3403 1904
4.37334 0
4.37334 476
4.41107 0
4.41107 476
4.41813 952
4.42519 1428
4.43225 1904
4.43931 2380
4.44637 2856
4.45342 3332
4.46048 3808
4.46754 4284
4.4746 4760
4.48166 5236
4.48872 5712
4.49578 6188
4.50284 6664
4.5099 7140
4.51695 7616
4.52401 8092
4.53107 8568
4.53813 9044
4.53814 8092
4.54519 8568
4.55225 9044
4.55931 9520
4.57824 9044
4.57824 9520
4.67244 6664
4.67244 7140
4.6795 7616
4.68656 8092
4.68656 7140
4.69362 7616
4.70068 8092
4.70068 7140
4.70774 7616
4.7148 8092
4.7148 7140
4.72186 7616
4.72891 8092
4.72891 7140
4.73597 7616
4.74303 8092
4.74303 7140
4.75009 7616
4.75715 8092
4.75715 7140
4.76421 7616
4.77127 8092
4.77833 8568
4.78314 7616
4.78538 8092
4.79244 8568
4.7995 9044
4.80656 9520
4.8844 8568
4.8844 9044
4.89146 9520
4.89852 8568
4.89852 9044
4.90558 9520
4.91264 8568
4.91264 9044
4.9197 9520
4.94087 7616
4.94087 8092
4.94793 8568
4.95499 9044
4.95499 8092
4.96205 8568
4.96911 9044
4.96911 8092
4.97617 8568
4.98323 9044
4.98323 8092
4.99029 8568
4.99734 9044
4.99734 8092
5.0044 8568
5.01146 9044
5.01146 8092
5.01852 8568
5.02558 9044
5.03264 9520
5.09636 8568
5.09636 9044
5.10342 9520
5.11048 8568
5.11048 9044
5.11754 9520
5.1246 8568
5.1246 9044
5.13166 9520
5.15283 8568
5.15283 9044
5.15989 9520
5.16695 8568
5.16695 9044
5.17401 9520
5.18107 8568
5.18107 9044
5.18813 9520
5.19519 8568
5.19519 9044
5.20225 9520
5.2093 8568
5.2093 9044
5.21636 9520
5.22342 8568
5.22342 9044
5.23048 9520
5.23754 8568
5.23754 9044
5.2446 9520
5.30832 8568
5.30832 9044
5.31538 9520
5.32244 8568
5.32244 9044
5.3295 9520
5.33656 8568
5.33656 9044
5.34362 9520
5.36479 8568
5.36479 9044
5.37185 9520
5.37891 8568
5.37891 9044
5.38597 9520
5.39303 8568
5.39303 9044
5.40009 9520
5.40715 8568
5.40715 9044
5.41421 9520
5.42126 8568
5.42126 9044
5.42832 9520
5.43538 8568
5.43538 9044
5.44244 9520
5.4495 8568
5.4495 9044
5.45656 9520
5.52028 8568
5.52028 9044
5.52734 9520
5.5344 8568
5.5344 9044
5.54146 9520
5.54852 8568
5.54852 9044
5.55558 9520
5.57675 8568
5.57675 9044
5.58381 9520
5.59087 8568
5.59087 9044
5.59793 9520
5.60499 8568
5.60499 9044
5.61205 9520
5.61911 8568
5.61911 9044
5.62617 9520
5.63322 8568
5.63322 9044
5.64028 9520
5.64734 8568
5.64734 9044
5.6544 9520
5.66146 8568
5.66146 9044
5.66852 9520
5.73224 8568
5.73224 9044
5.7393 9520
5.74636 8568
5.74636 9044
5.75342 9520
5.76048 8568
5.76048 9044
5.76754 9520
5.78871 8568
5.78871 9044
5.79577 9520
5.80283 8568
5.80283 9044
5.80989 9520
5.81695 8568
5.81695 9044
5.82401 9520
5.83107 8568
5.83107 9044
5.83813 9520
5.84518 8568
5.84518 9044
5.85224 9520
5.8593 8568
5.8593 9044
5.86636 9520
5.87342 8568
5.87342 9044
5.88048 9520
5.9442 8568
5.9442 9044
5.95126 9520
5.95832 8568
5.95832 9044
5.96538 9520
5.97244 8568
5.97244 9044
5.9795 9520
6.00067 8568
6.00067 9044
6.00773 9520
6.01479 8568
6.01479 9044
6.02185 9520
6.02891 8568
6.02891 9044
6.03597 9520
6.04303 8568
6.04303 9044
6.05009 9520
6.05714 8568
6.05714 9044
6.0642 9520
6.07126 8568
6.07126 9044
6.07832 9520
6.08538 8568
6.08538 9044
6.09244 9520
6.15616 8568
6.15616 9044
6.16322 9520
6.17028 8568
6.17028 9044
6.17734 9520
6.1844 8568
6.1844 9044
6.19146 9520
6.21263 8568
6.21263 9044
6.21969 9520
6.22675 8568
6.22675 9044
6.23381 9520
6.24087 8568
6.24087 9044
6.24793 9520
6.25499 8568
6.25499 9044
6.26205 9520
6.2691 8568
6.2691 9044
6.27616 9520
6.28322 8568
6.28322 9044
6.29028 9520
6.29734 8568
6.29734 9044
6.3044 9520
6.36812 8568
6.36812 9044
6.37518 9520
6.38224 8568
6.38224 9044
6.3893 9520
6.39636 8568
6.39636 9044
6.40342 9520
6.42459 8568
6.42459 9044
6.43165 9520
6.43871 8568
6.43871 9044
6.44577 9520
6.45283 8568
6.45283 9044
6.45989 9520
6.46695 8568
6.46695 9044
6.47401 9520
6.48106 8568
6.48106 9044
6.48812 9520
6.49518 8568
6.49518 9044
6.50224 9520
6.5093 8568
6.5093 9044
6.51636 9520
6.58008 8568
6.58008 9044
6.58714 9520
6.5942 8568
6.5942 9044
6.60126 9520
6.60832 8568
6.60832 9044
6.61538 9520
6.63655 8568
6.63655 9044
6.64361 9520
6.65067 8568
6.65067 9044
6.65773 9520
6.66479 8568
6.66479 9044
6.67185 9520
6.67891 8568
6.67891 9044
6.68597 9520
6.69302 8568
6.69302 9044
6.70008 9520
6.70714 8568
6.70714 9044
6.7142 9520
6.72126 8568
6.72126 9044
6.72832 9520
6.79204 8568
6.79204 9044
6.7991 9520
6.80616 8568
6.80616 9044
6.81322 9520
6.82028 8568
6.82028 9044
6.82734 9520
6.84851 8568
6.84851 9044
6.85557 9520
6.86263 8568
6.86263 9044
6.86969 9520
6.87675 8568
6.87675 9044
6.88381 9520
6.89087 8568
6.89087 9044
6.89792 9520
6.90498 8568
6.90498 9044
6.91204 9520
6.9191 8568
6.9191 9044
6.92616 9520
6.93322 8568
6.93322 9044
6.94028 9520
7.004 8568
7.004 9044
7.01106 9520
7.01812 8568
7.01812 9044
7.02518 9520
7.03224 8568
7.03224 9044
7.0393 9520
7.06047 8568
7.06047 9044
7.06753 9520
7.07459 8568
7.07459 9044
7.08165 9520
7.08871 8568
7.08871 9044
7.09577 9520
7.10283 8568
7.10283 9044
7.10988 9520
7.11694 8568
7.11694 9044
7.124 9520
7.14518 7616
7.14518 8092
7.15224 8568
7.1593 9044
7.16636 9520
7.21596 8568
7.21596 9044
7.22302 9520
7.23008 8568
7.23008 9044
7.23714 9520
7.2442 8568
7.2442 9044
7.25126 9520
7.27243 8568
7.27243 9044
7.27949 9520
7.28655 8568
7.28655 9044
7.29361 9520
7.30067 8568
7.30067 9044
7.30773 9520
7.31479 8568
7.31479 9044
7.32184 9520
7.3289 8568
7.3289 9044
7.33596 9520
7.35714 8568
7.35714 9044
7.3642 9520
7.37126 8568
7.37126 9044
7.37832 9520
7.42792 8568
7.42792 9044
7.43498 9520
7.44204 8568
7.44204 9044
7.4491 9520
7.45616 8568
7.45616 9044
7.46322 9520
7.48439 8568
7.48439 9044
7.49145 9520
7.49851 8568
7.49851 9044
7.50557 9520
7.51263 8568
7.51263 9044
7.51969 9520
7.52675 8568
7.52675 9044
7.5338 9520
7.54086 8568
7.54086 9044
7.54792 9520
7.5691 8568
7.5691 9044
7.57616 9520
7.58322 8568
7.58322 9044
7.59028 9520
7.63988 8568
7.63988 9044
7.64694 9520
7.654 8568
7.654 9044
7.66106 9520
7.66812 8568
7.66812 9044
7.67518 9520
7.69635 8568
7.69635 9044
7.70341 9520
7.71047 8568
7.71047 9044
7.71753 9520
7.73871 7616
7.73871 8092
7.74576 8568
7.75282 9044
7.75282 8092
7.75988 8568
7.76694 9044
7.774 9520
7.78106 8568
7.78106 9044
7.78812 9520
7.79518 8568
7.79518 9044
7.80224 9520
7.85184 8568
7.85184 9044
7.8589 9520
7.86596 8568
7.86596 9044
7.87302 9520
7.88008 8568
7.88008 9044
7.88714 9520
7.90831 8568
7.90831 9044
7.91537 9520
7.92243 8568
7.92243 9044
7.92949 9520
7.95067 8568
7.95067 9044
7.95772 9520
7.96478 8568
7.96478 9044
7.97184 9520
7.9789 8568
7.9789 9044
7.98596 9520
7.99302 8568
7.99302 9044
8.00008 9520
8.00714 8568
8.00714 9044
8.0142 9520
8.0638 8568
8.0638 9044
8.07086 9520
8.07792 8568
8.07792 9044
8.08498 9520
8.09204 8568
8.09204 9044
8.0991 9520
8.12027 8568
8.12027 9044
8.12733 9520
8.13439 8568
8.13439 9044
8.14145 9520
8.16263 8568
8.16263 9044
8.16968 9520
8.17674 8568
8.17674 9044
8.1838 9520
8.19086 8568
8.19086 9044
8.19792 9520
8.20498 8568
8.20498 9044
8.21204 9520
8.2191 8568
8.2191 9044
8.22616 9520
8.27576 8568
8.27576 9044
8.28282 9520
8.28988 8568
8.28988 9044
8.29694 9520
8.304 8568
8.304 9044
8.31106 9520
8.33223 8568
8.33223 9044
8.33929 9520
8.34635 8568
8.34635 9044
8.35341 9520
8.37459 8568
8.37459 9044
8.38164 9520
8.3887 8568
8.3887 9044
8.39576 9520
8.40282 8568
8.40282 9044
8.40988 9520
8.41694 8568
8.41694 9044
8.424 9520
8.43106 8568
8.43106 9044
8.43811 9520
8.49479 9044
8.49479 9520
8.49479 9044
8.50185 9520
8.50185 9044
8.50891 9520
8.50891 8568
8.51597 9044
8.51597 8568
8.52303 9044
8.53715 8568
8.5442 8092
8.55126 7616
8.55832 7140
8.5795 6664
8.58656 6188
8.59362 5712
8.60068 5236
8.60773 4760
8.61479 4284
8.62185 3808
8.62891 3332
8.63597 2856
8.64303 2380
8.69971 1904
8.70676 1428
8.70676 1904
8.71382 1428
8.71382 1904
8.71513 0
8.71513 476
8.72087 0
8.72219 476
8.72925 952
8.73631 1428
8.74337 1904
8.75043 2380
8.75749 2856
8.76454 3332
8.7716 3808
8.77866 4284
8.78572 4760
8.79278 5236
8.79984 5712
8.8069 6188
8.81396 6664
8.82102 7140
8.82807 7616
8.83513 8092
8.84219 8568
8.84925 9044
8.85631 9520
8.91167 8568
8.91167 9044
8.91872 9520
8.92003 9044
8.92578 9520
8.98356 6664
8.98356 7140
8.99062 7616
8.99768 8092
8.99768 7140
9.00474 7616
9.0118 8092
9.0118 7140
9.01886 7616
9.02592 8092
9.02592 7140
9.03298 7616
9.04003 8092
9.04003 7140
9.04709 7616
9.05415 8092
9.05415 7140
9.06121 7616
9.06827 8092
9.07533 8568
9.08239 9044
9.08945 9520
9.11657 8568
9.11657 9044
9.12363 9520
9.18848 9044
9.18848 9520
9.18848 9044
9.19554 9520
9.19554 9044
9.20259 9520
9.20259 8568
9.20965 9044
9.20965 8568
9.21671 9044
9.21671 8568
9.22377 8092
9.23083 7616
9.23789 7140
9.24495 6664
9.25201 6188
9.25907 5712
9.26612 5236
9.27318 4760
9.28024 4284
9.2873 3808
9.29436 3332
9.32148 2856
9.32854 2380
9.39339 1904
9.40045 1428
9.40045 1904
9.40751 1428
9.40751 1904
9.41455 1428
9.41457 1904
9.42163 2380
9.42868 2856
9.43574 3332
9.4428 3808
9.44986 4284
9.45692 4760
9.46398 5236
9.47104 5712
9.4781 6188
9.48516 6664
9.49221 7140
9.49927 7616
9.50633 8092
9.51339 8568
9.52045 9044
9.52751 9520
9.61242 9044
9.61242 9520
9.61242 9044
9.61948 9520
9.61948 9044
9.62654 9520
9.62654 8568
9.6336 9044
9.6336 8568
9.64066 9044
9.64772 8092
9.64772 8568
9.65477 8092
9.66183 7616
9.66889 7140
9.67595 6664
9.68301 6188
9.69007 5712
9.69713 5236
9.70419 4760
9.71125 4284
9.7183 3808
9.72536 3332
9.73242 2856
9.81733 2380
9.83146 1904
9.83851 1428
9.83912 1904
9.84557 1428
9.84557 1904
9.85263 952
9.85263 1428
9.85969 1904
10.0434 1428
10.0434 1904
10.0505 2380
10.0575 2856
10.0575 1904
10.0646 2380
10.0716 2856
10.0787 3332
10.0858 3808
10.0928 4284
10.0999 4760
10.1069 5236
10.114 5712
10.1211 6188
10.1281 6664
10.1352 7140
10.1422 7616
10.1493 8092
10.1564 8568
10.1634 9044
10.1705 9520
10.2483 8568
10.2624 7616
10.2765 6664
10.2907 5712
10.3189 3808
10.333 2856
10.3471 1904
10.3613 952
10.3613 1428
10.3683 1904
10.3754 952
10.3754 1428
10.3824 1904
10.5732 952
10.5732 1428
10.5803 1904
10.5873 2380
10.5873 1428
10.5944 1904
10.6015 2380
10.6085 2856
10.6156 3332
10.6226 3808
10.6297 4284
10.6367 4760
10.6438 5236
10.6509 5712
10.6579 6188
10.665 6664
10.672 7140
10.6791 7616
10.6862 8092
10.6932 8568
10.7003 9044
10.7073 9520
10.7852 8568
10.7852 9044
10.7922 9520
10.7993 8568
10.7993 9044
10.8064 9520
10.8134 8568
10.8134 9044
10.8205 9520
10.8275 8568
10.8275 9044
10.8346 9520
10.8416 8568
10.8416 9044
10.8487 9520
10.8558 8568
10.8558 9044
10.8628 9520
10.8699 8568
10.8699 9044
10.8769 9520
10.884 8568
10.884 9044
10.8911 9520
10.8981 8568
10.8981 9044
10.9052 9520
10.9122 8568
10.9122 9044
10.9193 9520
10.9971 8568
10.9971 9044
11.0042 9520
11.0113 8568
11.0113 9044
11.0183 9520
11.0254 8568
11.0254 9044
11.0324 9520
11.0395 8568
11.0395 9044
11.0465 9520
11.0536 8568
11.0536 9044
11.0607 9520
11.0677 8568
11.0677 9044
11.0748 9520
11.0818 8568
11.0818 9044
11.0889 9520
11.096 8568
11.096 9044
11.103 9520
11.1101 8568
11.1101 9044
11.1171 9520
11.1242 8568
11.1242 9044
11.1313 9520
11.2091 8568
11.2091 9044
11.2162 9520
11.2232 8568
11.2232 9044
11.2303 9520
11.2373 8568
11.2373 9044
11.2444 9520
11.2514 8568
11.2514 9044
11.2585 9520
11.2656 8568
11.2656 9044
11.2726 9520
11.2797 8568
11.2797 9044
11.2867 9520
11.2938 8568
11.2938 9044
11.3009 9520
11.3079 8568
11.3079 9044
11.315 9520
11.322 8568
11.322 9044
11.3291 9520
11.3362 8568
11.3362 9044
11.3432 9520
11.4211 8568
11.4211 9044
11.4281 9520
11.4493 7616
11.4493 8092
11.4563 8568
11.4634 9044
11.4634 8092
11.4705 8568
11.4775 9044
11.4775 8092
11.4846 8568
11.4916 9044
11.4916 8092
11.4987 8568
11.5058 9044
11.5058 8092
11.5128 8568
11.5199 9044
11.5199 8092
11.5269 8568
11.534 9044
11.534 8092
11.5411 8568
11.5481 9044
11.5481 8092
11.5552 8568
11.5622 9044
11.5693 9520
11.633 8568
11.633 9044
11.6401 9520
11.6612 8568
11.6612 9044
11.6683 9520
11.6754 8568
11.6754 9044
11.6824 9520
11.6895 8568
11.6895 9044
11.6965 9520
11.7036 8568
11.7036 9044
11.7107 9520
11.7177 8568
11.7177 9044
11.7248 9520
11.7318 8568
11.7318 9044
11.7389 9520
11.746 8568
11.746 9044
11.753 9520
11.7601 8568
11.7601 9044
11.7671 9520
11.7742 8568
11.7742 9044
11.7813 9520
11.845 8568
11.845 9044
11.852 9520
11.8732 8568
11.8732 9044
11.8803 9520
11.8873 8568
11.8873 9044
11.8944 9520
11.9014 8568
11.9014 9044
11.9085 9520
11.9156 8568
11.9156 9044
11.9226 9520
11.9297 8568
11.9297 9044
11.9367 9520
11.9438 8568
11.9438 9044
11.9509 9520
11.9579 8568
11.9579 9044
11.965 9520
11.972 8568
11.972 9044
11.9791 9520
11.9862 8568
11.9862 9044
11.9932 9520
12.0569 8568
12.0569 9044
12.064 9520
12.0852 9044
12.0852 9520
12.0922 9044
12.0922 9520
12.0993 8568
12.0993 9044
12.1064 9520
12.1064 9044
12.1134 8568
12.1205 8092
12.1275 7616
12.1346 7140
12.1417 6664
12.1487 6188
12.1558 5712
12.1628 5236
12.1699 4760
12.1769 4284
12.1911 3332
12.1911 3808
12.1981 3332
12.2618 2856
12.2689 2380
12.2699 0
12.2699 476
12.2901 952
12.2972 1428
12.2972 476
12.3042 0
12.3042 476
12.3113 952
12.3183 1428
12.3254 1904
12.396 952
12.396 1428
12.403 1904
12.5303 952
12.5303 1428
12.5373 1904
12.6079 952
12.6079 1428
12.615 1904
12.7423 952
12.7423 1428
12.7493 1904
12.8199 952
12.8199 1428
12.8269 1904
12.9542 952
12.9542 1428
12.9613 1904
13.0318 952
13.0318 1428
13.0389 1904
13.1662 952
13.1662 1428
13.1732 1904
13.2438 952
13.2438 1428
13.2509 1904
13.3781 952
13.3781 1428
13.3852 1904
13.4558 952
13.4558 1428
13.4628 1904
13.5901 952
13.5901 1428
13.5971 1904
13.6677 952
13.6677 1428
13.6748 1904
13.802 952
13.802 1428
13.8091 1904
13.8797 952
13.8797 1428
13.8867 1904
14.014 952
14.014 1428
14.0211 1904
14.0916 952
14.0916 1428
14.0987 1904
14.226 952
14.226 1428
14.233 1904
14.3036 952
14.3036 1428
14.3107 1904
14.4379 952
14.4379 1428
14.445 1904
14.5156 952
14.5156 1428
14.5226 1904
14.6499 952
14.6499 1428
14.6569 1904
14.7275 952
14.7275 1428
14.7346 1904
14.8618 952
14.8618 1428
14.8689 1904
14.9395 952
14.9395 1428
14.9465 1904
15.0738 952
15.0738 1428
15.0809 1904
15.1514 952
15.1514 1428
15.1585 1904
15.2858 952
15.2858 1428
15.2928 1904
15.3634 952
15.3634 1428
15.3705 1904
15.4977 952
15.4977 1428
15.5048 1904
15.5754 952
15.5754 1428
15.5824 1904
15.7097 952
15.7097 1428
15.7167 1904
15.7873 952
15.7873 1428
15.7944 1904
15.9216 952
15.9216 1428
15.9287 1904
15.9993 952
15.9993 1428
16.0063 1904
16.1336 952
16.1336 1428
16.1407 1904
16.2112 952
16.2112 1428
16.2183 1904
16.3456 952
16.3456 1428
16.3526 1904
16.4232 952
16.4232 1428
16.4303 1904
16.5575 952
16.5575 1428
16.5646 1904
16.6352 952
16.6352 1428
16.6422 1904
16.7695 952
16.7695 1428
16.7765 1904
16.8471 952
16.8471 1428
16.8542 1904
16.9814 952
16.9814 1428
16.9885 1904
17.0591 952
17.0591 1428
17.0661 1904
17.1934 952
17.1934 1428
17.2005 1904
17.271 952
17.271 1428
17.2781 1904
17.4054 952
17.4054 1428
17.4124 1904
17.483 952
17.483 1428
17.4901 1904
17.6173 952
17.6173 1428
17.6244 1904
17.695 952
17.695 1428
17.702 1904
17.8293 952
17.8293 1428
17.8363 1904
17.9069 952
17.9069 1428
17.914 1904
18.0412 952
18.0412 1428
18.0483 1904
18.1189 952
18.1189 1428
18.1259 1904
18.2532 952
18.2532 1428
18.2603 1904
18.3308 952
18.3308 1428
18.3379 1904
18.4652 952
18.4652 1428
18.4722 1904
18.5428 952
18.5428 1428
18.5499 1904
18.6771 952
18.6771 1428
18.6842 1904
18.7548 952
18.7548 1428
18.7618 1904
18.8891 952
18.8891 1428
18.8961 1904
18.9667 952
18.9667 1428
18.9738 1904
19.101 952
19.101 1428
19.1081 1904
19.1787 952
19.1787 1428
19.1857 1904
19.313 952
19.313 1428
19.3201 1904
19.3906 952
19.3906 1428
19.3977 1904
19.525 952
19.525 1428
19.532 1904
19.6026 952
19.6026 1428
19.6097 1904
19.7369 952
19.7369 1428
19.744 1904
19.8146 952
19.8146 1428
19.8216 1904
19.9489 952
19.9489 1428
19.9559 1904
20.0265 952
20.0265 1428
20.0336 1904
20.1608 952
20.1608 1428
20.1679 1904
20.2385 952
20.2385 1428
20.2455 1904
20.3728 952
20.3728 1428
20.3799 1904
20.4504 952
20.4504 1428
20.4575 1904
20.5848 952
20.5848 1428
20.5918 1904
20.6624 952
20.6624 1428
20.6695 1904
20.7967 952
20.7967 1428
20.8038 1904
20.8744 952
20.8744 1428
20.8814 1904
21.0087 952
21.0087 1428
21.0157 1904
21.0863 952
21.0863 1428
21.0934 1904
21.2206 952
21.2206 1428
21.2277 1904
21.2983 952
21.2983 1428
21.3053 1904
21.4326 952
21.4326 1428
21.4397 1904
21.5102 952
21.5102 1428
21.5173 1904
21.6446 952
21.6446 1428
21.6516 1904
21.7222 952
21.7222 1428
21.7293 1904
21.8565 952
21.8565 1428
21.8636 1904
21.9342 952
21.9342 1428
21.9412 1904
22.0685 952
22.0685 1428
22.0755 1904
22.1461 952
22.1461 1428
22.1532 1904
22.2804 952
22.2804 1428
22.2875 1904
22.3581 952
22.3581 1428
22.3651 1904
22.4924 952
22.4924 1428
22.4995 1904
22.57 952
22.57 1428
22.5771 1904
22.7044 952
22.7044 1428
22.7114 1904
22.782 952
22.782 1428
22.7891 1904
22.9163 952
22.9163 1428
22.9234 1904
22.994 952
22.994 1428
23.001 1904
23.1283 952
23.1283 1428
23.1353 1904
23.2059 952
23.2059 1428
23.213 1904
23.3402 952
23.3402 1428
23.3473 1904
23.4179 952
23.4179 1428
23.4249 1904
23.5522 952
23.5522 1428
23.5593 1904
23.6298 952
23.6298 1428
23.6369 1904
23.7642 952
23.7642 1428
23.7712 1904
23.8418 952
23.8418 1428
23.8489 1904
23.9761 952
23.9761 1428
23.9832 1904
24.0538 952
24.0538 1428
24.0608 1904
24.1881 952
24.1881 1428
24.1951 1904
24.2657 952
24.2657 1428
24.2728 1904
24.4 952
24.4 1428
24.4071 1904
24.4777 952
24.4777 1428
24.4847 1904
24.612 952
24.612 1428
24.6191 1904
24.6896 952
24.6896 1428
24.6967 1904
24.824 952
24.824 1428
24.831 1904
24.9016 952
24.9016 1428
24.9087 1904
25.0359 952
25.0359 1428
25.043 1904
25.1136 952
25.1136 1428
25.1206 1904
25.2479 952
25.2479 1428
25.2549 1904
25.3255 952
25.3255 1428
25.3326 1904
25.4598 952
25.4598 1428
25.4669 1904
25.5375 952
25.5375 1428
25.5445 1904
25.6718 952
25.6718 1428
25.6789 1904
25.7494 952
25.7494 1428
25.7565 1904
25.8838 952
25.8838 1428
25.8908 1904
25.9614 952
25.9614 1428
25.9685 1904
26.0957 952
26.0957 1428
26.1028 1904
26.1734 952
26.1734 1428
26.1804 1904
26.3077 952
26.3077 1428
26.3147 1904
26.3853 952
26.3853 1428
26.3924 1904
26.5196 952
26.5196 1428
26.5267 1904
26.7316 0
26.7316 476
26.7387 952
26.7457 1428
26.7528 1904
26.9436 952
26.9436 1428
26.9506 1904
26.9577 952
26.9577 1428
26.9647 1904
27.1555 952
27.1555 1428
27.1626 1904
27.1696 952
27.1696 1428
27.1767 1904
27.3675 952
27.3675 1428
27.3745 1904
27.3816 952
27.3816 1428
27.3887 1904
27.5794 952
27.5794 1428
27.5865 1904
27.5936 952
27.5936 1428
27.6006 1904
27.7914 952
27.7914 1428
27.7985 1904
27.8055 952
27.8055 1428
27.8126 1904
28.0034 952
28.0034 1428
28.0104 1904
28.0175 952
28.0175 1428
28.0245 1904
28.2153 952
28.2153 1428
28.2224 1904
28.2294 952
28.2294 1428
28.2365 1904
28.4273 952
28.4273 1428
28.4343 1904
28.4414 952
28.4414 1428
28.4485 1904
28.6392 952
28.6392 1428
28.6463 1904
28.6534 952
28.6534 1428
28.6604 1904
28.8512 952
28.8512 1428
28.8583 1904
28.8653 952
28.8653 1428
28.8724 1904
29.0632 952
29.0632 1428
29.0702 1904
29.0773 952
29.0773 1428
29.0843 1904
29.2751 952
29.2751 1428
29.2822 1904
29.2892 952
29.2892 1428
29.2963 1904
29.4871 952
29.4871 1428
29.4941 1904
29.5012 952
29.5012 1428
29.5083 1904
29.699 952
29.699 1428
29.7061 1904
29.7132 952
29.7132 1428
29.7202 1904
29.911 952
29.911 1428
29.9181 1904
29.9251 2380
29.9251 1428
29.9322 1904
29.9392 2380
29.9463 2856
29.9534 3332
29.9604 3808
29.9675 4284
29.9745 4760
29.9816 5236
29.9886 5712
29.9957 6188
30.0028 6664
30.0098 7140
30.0169 7616
30.0239 8092
30.031 8568
30.0381 9044
30.0451 9520
30.0522 9996
30.123 9044
30.123 9520
30.13 9996
30.1371 9044
30.1371 9520
30.1441 9996
30.1512 9044
30.1512 9520
30.1583 9996
30.1653 9044
30.1653 9520
30.1724 9996
30.1794 9044
30.1794 9520
30.1865 9996
30.1935 9044
30.1935 9520
30.2006 9996
30.2077 9044
30.2077 9520
30.2147 9996
30.2218 9044
30.2218 9520
30.2288 9996
30.2359 9044
30.2359 9520
30.243 9996
30.25 9044
30.25 9520
30.2571 9996
30.3279 9044
30.3279 9520
30.3349 9996
30.342 9044
30.342 9520
30.349 9996
30.3561 9044
30.3561 9520
30.3632 9996
30.3702 9044
30.3702 9520
30.3773 9996
30.3843 9044
30.3843 9520
30.3914 9996
30.3985 9044
30.3985 9520
30.4055 9996
30.4126 9044
30.4126 9520
30.4196 9996
30.4267 9044
30.4267 9520
30.4337 9996
30.4408 9044
30.4408 9520
30.4479 9996
30.4549 9044
30.4549 9520
30.462 9996
30.5328 9044
30.5328 9520
30.5398 9996
30.5469 9044
30.5469 9520
30.5539 9996
30.561 9044
30.561 9520
30.5681 9996
30.5751 9044
30.5751 9520
30.5822 9996
30.5892 9044
30.5892 9520
30.5963 9996
30.6034 9044
30.6034 9520
30.6104 9996
30.6175 9044
30.6175 9520
30.6245 9996
30.6316 9044
30.6316 9520
30.6386 9996
30.6457 9044
30.6457 9520
30.6528 9996
30.6598 9044
30.6598 9520
30.6669 9996
30.7377 9044
30.7377 9520
30.7447 9996
30.7518 9044
30.7518 9520
30.7588 9996
30.7659 9044
30.7659 9520
30.773 9996
30.78 9044
30.78 9520
30.7871 9996
30.7941 9044
30.7941 9520
30.8012 9996
30.8083 9044
30.8083 9520
30.8153 9996
30.8224 9044
30.8224 9520
30.8294 9996
30.8365 9044
30.8365 9520
30.8435 9996
30.8506 9044
30.8506 9520
30.8577 9996
30.8718 9520
30.8718 9996
30.8718 9520
30.8789 9996
30.9426 9520
30.9426 9996
30.9496 9044
30.9496 9520
30.9567 9996
30.9567 9520
30.9638 9996
30.9638 9520
30.9708 9044
30.9779 8568
30.9849 8092
30.992 7616
30.999 7140
31.0061 6664
31.0132 6188
31.0202 5712
31.0273 5236
31.0343 4760
31.0414 4284
31.0485 3808
31.0555 3332
31.0626 2856
31.0767 2380
31.0838 1904
31.1125 0
31.1125 476
31.1475 952
31.1545 0
31.1545 476
31.1616 952
31.1628 476
31.1687 952
31.1757 1428
31.1828 1904
31.3174 1428
31.3174 1904
31.5582 0
31.5582 476
32.0397 0
32.0397 476
33.0027 0
33.0027 476
34.9287 0
34.9287 476
38.7808 0
38.7808 476
46.4848 0
46.4848 476
61.893 0
