0.010001 1 -0
0.110001 1 0.00819798
0.110001 2 -0
0.210001 1 0.216719
0.210001 2 0.00819798
0.310001 1 0.286201
0.310001 2 0.0129567
0.410001 1 0.378056
0.410001 2 0.0186896
0.510001 1 0.438463
0.510001 2 0.0224643
0.610001 1 0.474533
0.610001 2 0.0239939
0.710001 1 0.497837
0.710001 2 0.0293204
0.810001 1 0.51949
0.810001 2 0.0331462
0.910001 1 0.510034
0.910001 2 0.0305568
1.01 1 0.529222
1.01 2 0.0307477
1.11 1 0.544702
1.11 2 0.0309026
1.21 1 0.557455
1.21 2 0.0311821
1.31 1 0.565042
1.31 2 0.0312776
1.41 1 0.571546
1.41 2 0.0324308
1.51 1 0.540866
1.51 2 0.03604
1.61 1 0.564837
1.61 2 0.0345412
1.71 1 0.576279
1.71 2 0.0345791
1.81 1 0.586323
1.81 2 0.0346126
1.91 1 0.593078
1.91 2 0.0346423
2.01 1 0.599094
2.01 2 0.0353607
2.11 1 0.594079
2.11 2 0.037241
2.21 1 0.585026
2.21 2 0.0359237
2.31 1 0.59247
2.31 2 0.0364859
2.41 1 0.598503
2.41 2 0.0363708
2.51 1 0.604805
2.51 2 0.0363216
2.61 1 0.60991
2.61 2 0.0363798
2.71 1 0.615316
2.71 2 0.0364333
2.81 1 0.619044
2.81 2 0.0364827
2.91 1 0.62299
2.91 2 0.0375285
3.01 1 0.626049
3.01 2 0.0383913
3.11 1 0.619705
3.11 2 0.0374844
3.21 1 0.626355
3.21 2 0.0374949
3.31 1 0.632034
3.31 2 0.0375439
3.41 1 0.636852
3.41 2 0.03759
3.51 1 0.64139
3.51 2 0.0376333
3.61 1 0.645199
3.61 2 0.0379912
3.71 1 0.649263
3.71 2 0.0380551
3.81 1 0.652668
3.81 2 0.0381153
3.91 1 0.656329
3.91 2 0.0381721
4.01 1 0.659391
4.01 2 0.038195
4.11 1 0.661725
4.11 2 0.0383749
4.21 1 0.668064
4.21 2 0.0394556
4.31 1 0.65924
4.31 2 0.0396806
4.41 1 0.661418
4.41 2 0.0391377
4.51 1 0.66313
4.51 2 0.0398918
4.61 1 0.651984
4.61 2 0.0403627
4.71 1 0.659188
4.71 2 0.0397408
4.81 1 0.661887
4.81 2 0.0397262
4.91 1 0.664463
4.91 2 0.0402727
5.01 1 0.654499
5.01 2 0.0408251
5.11 1 0.658383
5.11 2 0.0402284
5.21 1 0.660242
5.21 2 0.0403179
5.31 1 0.659804
5.31 2 0.0414042
5.41 1 0.650181
5.41 2 0.0416791
5.51 1 0.642092
5.51 2 0.041095
5.61 1 0.644114
5.61 2 0.0407671
5.71 1 0.647338
5.71 2 0.0418453
5.81 1 0.638498
5.81 2 0.041265
5.91 1 0.629409
5.91 2 0.0415218
6.01 1 0.624619
6.01 2 0.0405034
6.11 1 0.616116
6.11 2 0.0407023
6.21 1 0.607317
6.21 2 0.0401061
6.31 1 0.607911
6.31 2 0.0395308
6.41 1 0.599989
6.41 2 0.0389754
6.51 1 0.592336
6.51 2 0.0384388
6.61 1 0.584937
6.61 2 0.03792
6.71 1 0.577781
6.71 2 0.0374183
6.81 1 0.570856
6.81 2 0.0369327
6.91 1 0.56415
6.91 2 0.0369327
7.01 1 0.557654
7.01 2 0.0364626
7.11 1 0.551357
7.11 2 0.0360071
7.21 1 0.545251
7.21 2 0.0355656
7.31 1 0.539328
7.31 2 0.0351375
7.41 1 0.533293
7.41 2 0.0347222
7.51 1 0.527144
7.51 2 0.0343191
7.61 1 0.527995
7.61 2 0.0339276
7.71 1 0.522572
7.71 2 0.0335474
7.81 1 0.517301
7.81 2 0.0331778
7.91 1 0.512176
7.91 2 0.0328185
8.01 1 0.506685
8.01 2 0.0324767
8.11 1 0.501565
8.11 2 0.0321805
8.21 1 0.496853
8.21 2 0.0318916
8.31 1 0.493784
8.31 2 0.0316692
8.41 1 0.489299
8.41 2 0.0317386
8.51 1 0.484929
8.51 2 0.0314215
8.61 1 0.480402
8.61 2 0.0311125
8.71 1 0.475719
8.71 2 0.0308112
8.81 1 0.476517
8.81 2 0.0305175
8.91 1 0.47201
8.91 2 0.030238
9.01 1 0.4678
9.01 2 0.0300354
9.11 1 0.46395
9.11 2 0.0298123
9.21 1 0.461591
9.21 2 0.0296078
9.31 1 0.457908
9.31 2 0.0296078
9.41 1 0.45431
9.41 2 0.0293456
9.51 1 0.450796
9.51 2 0.0290895
9.61 1 0.44736
9.61 2 0.0288393
9.71 1 0.444002
9.71 2 0.0285948
9.81 1 0.44047
9.81 2 0.0283557
9.91 1 0.436764
9.91 2 0.028122
10.01 1 0.437101
10.01 2 0.0278995
10.11 1 0.433717
10.11 2 0.0277436
10.21 1 0.430648
10.21 2 0.0275692
10.31 1 0.428918
10.31 2 0.0274506
10.41 1 0.425966
10.41 2 0.0272388
10.51 1 0.423316
10.51 2 0.0272388
10.61 1 0.420628
10.61 2 0.0270313
10.71 1 0.417992
10.71 2 0.0268373
10.81 1 0.415408
10.81 2 0.0266471
10.91 1 0.412874
10.91 2 0.0264606
11.01 1 0.410388
11.01 2 0.0262777
11.11 1 0.407949
11.11 2 0.0260983
11.21 1 0.405557
11.21 2 0.0259223
11.31 1 0.40298
11.31 2 0.0257496
11.41 1 0.40045
11.41 2 0.0255801
11.51 1 0.400903
11.51 2 0.0254138
11.61 1 0.398641
11.61 2 0.0252505
11.71 1 0.396419
11.71 2 0.0250902
11.81 1 0.394237
11.81 2 0.0248989
11.91 1 0.391855
11.91 2 0.0247294
12.01 1 0.389753
12.01 2 0.024578
12.11 1 0.387688
12.11 2 0.0244293
12.21 1 0.385658
12.21 2 0.0242831
12.31 1 0.383664
12.31 2 0.0241212
12.41 1 0.381703
12.41 2 0.0241394
12.51 1 0.379775
12.51 2 0.0239981
12.61 1 0.37788
12.61 2 0.0238593
12.71 1 0.376016
12.71 2 0.0237228
12.81 1 0.374183
12.81 2 0.0235885
12.91 1 0.372379
12.91 2 0.0234564
13.01 1 0.370605
13.01 2 0.0233266
13.11 1 0.368859
13.11 2 0.0231988
13.21 1 0.366936
13.21 2 0.023073
13.31 1 0.365043
13.31 2 0.0229493
13.41 1 0.365451
13.41 2 0.0228275
13.51 1 0.363786
13.51 2 0.0227076
13.61 1 0.362148
13.61 2 0.0225896
13.71 1 0.360535
13.71 2 0.0224734
13.81 1 0.358947
13.81 2 0.022359
13.91 1 0.357383
13.91 2 0.0222464
14.01 1 0.355842
14.01 2 0.0221354
14.11 1 0.354325
14.11 2 0.0220261
14.21 1 0.35283
14.21 2 0.0219185
14.31 1 0.351357
14.31 2 0.0217955
14.41 1 0.349906
14.41 2 0.0216911
14.51 1 0.348475
14.51 2 0.0217078
14.61 1 0.347066
14.61 2 0.0216048
14.71 1 0.345677
14.71 2 0.0215033
14.81 1 0.344307
14.81 2 0.0214032
14.91 1 0.342957
14.91 2 0.0213046
15.01 1 0.341626
15.01 2 0.0212074
15.11 1 0.340313
15.11 2 0.0211115
15.21 1 0.339018
15.21 2 0.0210169
15.31 1 0.337374
15.31 2 0.0209237
15.41 1 0.335933
15.41 2 0.0208317
15.51 1 0.336482
15.51 2 0.020741
15.61 1 0.33524
15.61 2 0.0206516
15.71 1 0.334015
15.71 2 0.0205633
15.81 1 0.332805
15.81 2 0.0204762
15.91 1 0.331612
15.91 2 0.0203903
16.01 1 0.330435
16.01 2 0.0203055
16.11 1 0.329273
16.11 2 0.0202218
16.21 1 0.328126
16.21 2 0.0201392
16.31 1 0.326995
16.31 2 0.0200422
16.41 1 0.325877
16.41 2 0.0199618
16.51 1 0.324774
16.51 2 0.0199772
16.61 1 0.323685
16.61 2 0.0198978
16.71 1 0.32261
16.71 2 0.0198194
16.81 1 0.321548
16.81 2 0.0197419
16.91 1 0.320499
16.91 2 0.0196654
17.01 1 0.319464
17.01 2 0.0195899
17.11 1 0.318441
17.11 2 0.0195153
17.21 1 0.31743
17.21 2 0.0194417
17.31 1 0.316265
17.31 2 0.0193689
17.41 1 0.314947
17.41 2 0.019297
17.51 1 0.315446
17.51 2 0.019226
17.61 1 0.314472
17.61 2 0.0191558
17.71 1 0.31351
17.71 2 0.0190865
17.81 1 0.312558
17.81 2 0.019018
17.91 1 0.311619
17.91 2 0.0189503
18.01 1 0.31069
18.01 2 0.0188834
18.11 1 0.309772
18.11 2 0.0188173
18.21 1 0.308864
18.21 2 0.018752
18.31 1 0.307967
18.31 2 0.0186874
18.41 1 0.306861
18.41 2 0.0186089
18.51 1 0.306084
18.51 2 0.0186265
18.61 1 0.305751
18.61 2 0.0186057
18.71 1 0.305265
18.71 2 0.0185786
18.81 1 0.304784
18.81 2 0.0185342
18.91 1 0.304056
18.91 2 0.0184902
19.01 1 0.303279
19.01 2 0.0184468
19.11 1 0.30384
19.11 2 0.0184039
19.21 1 0.303375
19.21 2 0.0183614
19.31 1 0.302916
19.31 2 0.0183195
19.41 1 0.302463
19.41 2 0.018278
19.51 1 0.302014
19.51 2 0.0182267
19.61 1 0.30157
19.61 2 0.0181862
19.71 1 0.301131
19.71 2 0.0181964
19.81 1 0.300697
19.81 2 0.0181563
19.91 1 0.300268
19.91 2 0.0181166
20.01 1 0.299843
20.01 2 0.0180774
20.11 1 0.299277
20.11 2 0.0180386
20.21 1 0.298622
20.21 2 0.0180002
20.31 1 0.297922
20.31 2 0.0179622
20.41 1 0.298597
20.41 2 0.0179246
20.51 1 0.29819
20.51 2 0.0178874
20.61 1 0.297396
20.61 2 0.0178313
20.71 1 0.296609
20.71 2 0.0177758
20.81 1 0.296168
20.81 2 0.017711
20.91 1 0.295782
20.91 2 0.0177369
21.01 1 0.295401
21.01 2 0.0177015
21.11 1 0.295023
21.11 2 0.0176665
21.21 1 0.29465
21.21 2 0.0176318
21.31 1 0.294141
21.31 2 0.0175975
21.41 1 0.293359
21.41 2 0.0175449
21.51 1 0.293815
21.51 2 0.0175054
21.61 1 0.293453
21.61 2 0.0174723
21.71 1 0.293095
21.71 2 0.0174395
21.81 1 0.292741
21.81 2 0.017407
21.91 1 0.29239
21.91 2 0.0173624
22.01 1 0.292042
22.01 2 0.0173238
22.11 1 0.291698
22.11 2 0.0173429
22.21 1 0.291357
22.21 2 0.0173114
22.31 1 0.29102
22.31 2 0.0172802
22.41 1 0.290686
22.41 2 0.0172492
22.51 1 0.29009
22.51 2 0.0172186
22.61 1 0.289591
22.61 2 0.0171883
22.71 1 0.289137
22.71 2 0.0171582
22.81 1 0.289703
22.81 2 0.0171285
22.91 1 0.289381
22.91 2 0.017099
23.01 1 0.289063
23.01 2 0.0170698
23.11 1 0.288747
23.11 2 0.017029
23.21 1 0.288435
23.21 2 0.0169939
23.31 1 0.288125
23.31 2 0.0169655
23.41 1 0.287819
23.41 2 0.0169839
23.51 1 0.287515
23.51 2 0.0169558
23.61 1 0.28696
23.61 2 0.0169162
23.71 1 0.286663
23.71 2 0.0168719
23.81 1 0.286116
23.81 2 0.0168446
23.91 1 0.285575
23.91 2 0.0168177
24.01 1 0.286077
24.01 2 0.016791
24.11 1 0.28562
24.11 2 0.0167695
24.21 1 0.285167
24.21 2 0.0167888
24.31 1 0.28476
24.31 2 0.0167651
24.41 1 0.28477
24.41 2 0.0167553
24.51 1 0.284534
24.51 2 0.0167207
24.61 1 0.284299
24.61 2 0.0166975
24.71 1 0.284067
24.71 2 0.0166633
24.81 1 0.283837
24.81 2 0.0166858
24.91 1 0.283608
24.91 2 0.016663
25.01 1 0.283382
25.01 2 0.0166404
25.11 1 0.283157
25.11 2 0.0166179
25.21 1 0.282935
25.21 2 0.0165957
25.31 1 0.282714
25.31 2 0.0165737
25.41 1 0.282495
25.41 2 0.0165518
25.51 1 0.282041
25.51 2 0.0165301
25.61 1 0.281709
25.61 2 0.0164977
25.71 1 0.280949
25.71 2 0.0164501
25.81 1 0.281301
25.81 2 0.016409
25.91 1 0.281013
25.91 2 0.0163837
26.01 1 0.280805
26.01 2 0.0163632
26.11 1 0.280599
26.11 2 0.0163428
26.21 1 0.280395
26.21 2 0.0163226
26.31 1 0.280192
26.31 2 0.0163025
26.41 1 0.279991
26.41 2 0.0162826
26.51 1 0.279791
26.51 2 0.0162628
26.61 1 0.279594
26.61 2 0.0162327
26.71 1 0.279397
26.71 2 0.0162028
26.81 1 0.279202
26.81 2 0.0162238
26.91 1 0.279009
26.91 2 0.0162045
27.01 1 0.278817
27.01 2 0.0161854
27.11 1 0.278478
27.11 2 0.0161664
27.21 1 0.278142
27.21 2 0.0161521
27.31 1 0.277808
27.31 2 0.0161716
27.41 1 0.277624
27.41 2 0.0161529
27.51 1 0.277331
27.51 2 0.0161467
27.61 1 0.27693
27.61 2 0.0161283
27.71 1 0.277479
27.71 2 0.01611
27.81 1 0.277298
27.81 2 0.0160918
27.91 1 0.277119
27.91 2 0.0160737
28.01 1 0.276941
28.01 2 0.0160558
28.11 1 0.27662
28.11 2 0.016073
28.21 1 0.276445
28.21 2 0.0160941
28.31 1 0.276309
28.31 2 0.0160623
28.41 1 0.276385
28.41 2 0.0160467
28.51 1 0.276461
28.51 2 0.0160765
28.61 1 0.276537
28.61 2 0.0160708
28.71 1 0.276612
28.71 2 0.0160651
28.81 1 0.276581
28.81 2 0.0160596
28.91 1 0.276445
28.91 2 0.016054
29.01 1 0.276205
29.01 2 0.0160485
29.11 1 0.276833
29.11 2 0.016043
29.21 1 0.276906
29.21 2 0.0160376
29.31 1 0.276978
29.31 2 0.0160322
29.41 1 0.277049
29.41 2 0.0160269
29.51 1 0.27712
29.51 2 0.016012
29.61 1 0.277191
29.61 2 0.0159877
29.71 1 0.277261
29.71 2 0.0160163
29.81 1 0.27733
29.81 2 0.0160111
29.91 1 0.277399
29.91 2 0.0160059
30.01 1 0.277468
30.01 2 0.0160007
30.11 1 0.277335
30.11 2 0.0159956
30.21 1 0.277102
30.21 2 0.0159905
30.31 1 0.276971
30.31 2 0.0159855
30.41 1 0.27767
30.41 2 0.0159805
30.51 1 0.277737
30.51 2 0.0159755
30.61 1 0.277803
30.61 2 0.0159706
30.71 1 0.277869
30.71 2 0.0159565
30.81 1 0.277934
30.81 2 0.0159425
30.91 1 0.277998
30.91 2 0.0159286
31.01 1 0.278063
31.01 2 0.015956
31.11 1 0.278126
31.11 2 0.0159512
31.21 1 0.27819
31.21 2 0.0159464
31.31 1 0.278156
31.31 2 0.0159417
31.41 1 0.27793
31.41 2 0.015937
31.51 1 0.277801
31.51 2 0.0159323
31.61 1 0.278377
31.61 2 0.0159277
31.71 1 0.278439
31.71 2 0.0159106
31.81 1 0.278437
31.81 2 0.0159024
31.91 1 0.278498
31.91 2 0.0158891
32.01 1 0.278558
32.01 2 0.0158794
32.11 1 0.278618
32.11 2 0.0158662
32.21 1 0.278678
32.21 2 0.0158891
32.31 1 0.278738
32.31 2 0.0158847
32.41 1 0.278796
32.41 2 0.0158803
32.51 1 0.278669
32.51 2 0.015876
32.61 1 0.278604
32.61 2 0.0158717
32.71 1 0.27857
32.71 2 0.0158674
32.81 1 0.278971
32.81 2 0.0158632
32.91 1 0.279028
32.91 2 0.015859
33.01 1 0.279085
33.01 2 0.0158548
33.11 1 0.279142
33.11 2 0.0158421
33.21 1 0.279077
33.21 2 0.0158365
33.31 1 0.279072
33.31 2 0.0158811
33.41 1 0.279129
33.41 2 0.0158994
33.51 1 0.279214
33.51 2 0.0159006
33.61 1 0.279299
33.61 2 0.015898
33.71 1 0.279384
33.71 2 0.0158955
33.81 1 0.279289
33.81 2 0.015893
33.91 1 0.279284
33.91 2 0.0158905
34.01 1 0.279191
34.01 2 0.015888
34.11 1 0.279245
34.11 2 0.0158855
34.21 1 0.279328
34.21 2 0.0158831
34.31 1 0.279323
34.31 2 0.0158806
34.41 1 0.279881
34.41 2 0.0158782
34.51 1 0.279962
34.51 2 0.0158758
34.61 1 0.280043
34.61 2 0.0158734
34.71 1 0.280123
34.71 2 0.015871
34.81 1 0.280203
34.81 2 0.0158687
34.91 1 0.280282
34.91 2 0.0158582
35.01 1 0.28036
35.01 2 0.0158478
35.11 1 0.280439
35.11 2 0.0158407
35.21 1 0.280402
35.21 2 0.0158384
35.31 1 0.280308
35.31 2 0.0158821
35.41 1 0.280357
35.41 2 0.0159226
35.51 1 0.280548
35.51 2 0.0159216
35.61 1 0.280652
35.61 2 0.0159287
35.71 1 0.280672
35.71 2 0.0159357
35.81 1 0.280776
35.81 2 0.0159427
35.91 1 0.28145
35.91 2 0.0159497
36.01 1 0.281719
36.01 2 0.0159566
36.11 1 0.281986
36.11 2 0.0159635
36.21 1 0.282252
36.21 2 0.0159626
36.31 1 0.282517
36.31 2 0.0159538
36.41 1 0.282779
36.41 2 0.0159529
36.51 1 0.28304
36.51 2 0.0159839
36.61 1 0.2833
36.61 2 0.0159906
36.71 1 0.283558
36.71 2 0.0159973
36.81 1 0.283651
36.81 2 0.016004
36.91 1 0.283662
36.91 2 0.0160106
37.01 1 0.283646
37.01 2 0.0160095
37.11 1 0.283439
37.11 2 0.0160523
37.21 1 0.283872
37.21 2 0.0160904
37.31 1 0.283773
37.31 2 0.0160845
37.41 1 0.283943
37.41 2 0.0160861
37.51 1 0.284194
37.51 2 0.0160848
37.61 1 0.284443
37.61 2 0.0160836
37.71 1 0.284691
37.71 2 0.0160749
37.81 1 0.284938
37.81 2 0.0161047
37.91 1 0.285183
37.91 2 0.0161109
38.01 1 0.285427
38.01 2 0.016117
38.11 1 0.285512
38.11 2 0.016123
38.21 1 0.285596
38.21 2 0.0161291
38.31 1 0.285602
38.31 2 0.0161351
38.41 1 0.285686
38.41 2 0.0161411
38.51 1 0.286389
38.51 2 0.016147
38.61 1 0.286626
38.61 2 0.0161529
38.71 1 0.286861
38.71 2 0.0161412
38.81 1 0.287042
38.81 2 0.0161296
38.91 1 0.287275
38.91 2 0.0161313
39.01 1 0.287507
39.01 2 0.0161372
39.11 1 0.287738
39.11 2 0.016163
39.21 1 0.287967
39.21 2 0.0161688
39.31 1 0.287967
39.31 2 0.0161745
39.41 1 0.288042
39.41 2 0.0161802
39.51 1 0.288094
39.51 2 0.0161859
39.61 1 0.28832
39.61 2 0.0161915
39.71 1 0.288872
39.71 2 0.0161972
39.81 1 0.289095
39.81 2 0.0162027
39.91 1 0.289316
39.91 2 0.0162013
40.01 1 0.289537
40.01 2 0.0161998
40.11 1 0.289756
40.11 2 0.0161942
40.21 1 0.289975
40.21 2 0.0161998
40.31 1 0.290192
40.31 2 0.0162248
40.41 1 0.290407
40.41 2 0.0162302
40.51 1 0.290475
40.51 2 0.0162356
40.61 1 0.290542
40.61 2 0.016241
40.71 1 0.290535
40.71 2 0.0162463
40.81 1 0.290726
40.81 2 0.0162517
40.91 1 0.291259
40.91 2 0.0162569
41.01 1 0.29147
41.01 2 0.0162622
41.11 1 0.291679
41.11 2 0.0162606
41.21 1 0.291887
41.21 2 0.0162591
41.31 1 0.292093
41.31 2 0.0162575
41.41 1 0.292299
41.41 2 0.0162588
41.51 1 0.292453
41.51 2 0.0162544
41.61 1 0.292657
41.61 2 0.0162757
41.71 1 0.292645
41.71 2 0.0162808
41.81 1 0.292705
41.81 2 0.0162859
41.91 1 0.292794
41.91 2 0.016291
42.01 1 0.292995
42.01 2 0.0162961
42.11 1 0.293461
42.11 2 0.0163011
42.21 1 0.293564
42.21 2 0.0163568
42.31 1 0.293339
42.31 2 0.0163555
42.41 1 0.293412
42.41 2 0.0163468
42.51 1 0.29354
42.51 2 0.0163493
42.61 1 0.293621
42.61 2 0.0163963
42.71 1 0.293693
42.71 2 0.016432
42.81 1 0.293912
42.81 2 0.01643
42.91 1 0.294131
42.91 2 0.016436
43.01 1 0.294279
43.01 2 0.0164419
43.11 1 0.294264
43.11 2 0.0164478
43.21 1 0.294412
43.21 2 0.0165019
43.31 1 0.293931
43.31 2 0.0165184
43.41 1 0.294079
43.41 2 0.0165162
43.51 1 0.294694
43.51 2 0.0165219
43.61 1 0.294908
43.61 2 0.0165276
43.71 1 0.29512
43.71 2 0.0165332
43.81 1 0.295332
43.81 2 0.0165388
43.91 1 0.29545
43.91 2 0.016559
44.01 1 0.295659
44.01 2 0.0165949
44.11 1 0.295723
44.11 2 0.0166204
44.21 1 0.295883
44.21 2 0.0166089
44.31 1 0.295932
44.31 2 0.0166116
44.41 1 0.295986
44.41 2 0.0166638
44.51 1 0.295781
44.51 2 0.0166822
44.61 1 0.295921
44.61 2 0.0166796
44.71 1 0.295993
44.71 2 0.0166848
44.81 1 0.296131
44.81 2 0.016681
44.91 1 0.296612
44.91 2 0.0166746
45.01 1 0.296815
45.01 2 0.0166797
45.11 1 0.297016
45.11 2 0.0166848
45.21 1 0.297216
45.21 2 0.0166899
45.31 1 0.297416
45.31 2 0.01668
45.41 1 0.297567
45.41 2 0.0166702
45.51 1 0.297765
45.51 2 0.0166753
45.61 1 0.297961
45.61 2 0.0166769
45.71 1 0.298157
45.71 2 0.0166986
45.81 1 0.298305
45.81 2 0.0166949
45.91 1 0.298435
45.91 2 0.0166972
46.01 1 0.298564
46.01 2 0.0167022
46.11 1 0.298693
46.11 2 0.0167071
46.21 1 0.298757
46.21 2 0.016712
46.31 1 0.298885
46.31 2 0.0167169
46.41 1 0.298948
46.41 2 0.0167218
46.51 1 0.299075
46.51 2 0.0167266
46.61 1 0.299646
46.61 2 0.0167315
46.71 1 0.299834
46.71 2 0.0167363
46.81 1 0.300021
46.81 2 0.0167411
46.91 1 0.300207
46.91 2 0.0167458
47.01 1 0.300393
47.01 2 0.0167362
47.11 1 0.300532
47.11 2 0.0167325
47.21 1 0.300716
47.21 2 0.0167314
47.31 1 0.300814
47.31 2 0.0167303
47.41 1 0.300911
47.41 2 0.0167583
47.51 1 0.300855
47.51 2 0.0168318
47.61 1 0.30072
47.61 2 0.0168254
47.71 1 0.300925
47.71 2 0.0168319
47.81 1 0.301066
47.81 2 0.0168434
47.91 1 0.301682
47.91 2 0.0168549
48.01 1 0.302006
48.01 2 0.0168663
48.11 1 0.302328
48.11 2 0.0168719
48.21 1 0.302649
48.21 2 0.0168775
48.31 1 0.302969
48.31 2 0.0168831
48.41 1 0.303287
48.41 2 0.0168887
48.51 1 0.303603
48.51 2 0.0169114
48.61 1 0.303919
48.61 2 0.0169226
48.71 1 0.304172
48.71 2 0.0169337
48.81 1 0.304305
48.81 2 0.0169447
48.91 1 0.304496
48.91 2 0.0169557
49.01 1 0.304627
49.01 2 0.0169667
49.11 1 0.304818
49.11 2 0.0169776
49.21 1 0.305474
49.21 2 0.0169885
49.31 1 0.305781
49.31 2 0.0169993
49.41 1 0.306086
49.41 2 0.0169934
49.51 1 0.306346
49.51 2 0.0169961
49.61 1 0.306649
49.61 2 0.0170013
49.71 1 0.30695
49.71 2 0.0170065
49.81 1 0.307251
49.81 2 0.0170316
49.91 1 0.307433
49.91 2 0.0170422
50.01 1 0.307555
50.01 2 0.0170528
50.11 1 0.307838
50.11 2 0.0170633
50.21 1 0.307938
50.21 2 0.017075
50.31 1 0.308117
50.31 2 0.0171395
50.41 1 0.307736
50.41 2 0.0171285
50.51 1 0.308351
50.51 2 0.01714
50.61 1 0.308586
50.61 2 0.0171743
50.71 1 0.308806
50.71 2 0.01723
50.81 1 0.308943
50.81 2 0.0172102
50.91 1 0.309255
50.91 2 0.0172161
51.01 1 0.309565
51.01 2 0.0172273
51.11 1 0.309874
51.11 2 0.017254
51.21 1 0.310103
51.21 2 0.0172651
51.31 1 0.310082
51.31 2 0.0173178
51.41 1 0.309917
51.41 2 0.0173359
51.51 1 0.310167
51.51 2 0.0173395
51.61 1 0.310619
51.61 2 0.0173503
51.71 1 0.31022
51.71 2 0.0173291
51.81 1 0.309879
51.81 2 0.017308
51.91 1 0.310067
51.91 2 0.0172882
52.01 1 0.310292
52.01 2 0.0172938
52.11 1 0.310594
52.11 2 0.0173399
52.21 1 0.310332
52.21 2 0.0174002
52.31 1 0.310577
52.31 2 0.0173938
52.41 1 0.310765
52.41 2 0.0174019
52.51 1 0.311008
52.51 2 0.0174124
52.61 1 0.311574
52.61 2 0.0174229
52.71 1 0.31187
52.71 2 0.0174333
52.81 1 0.312165
52.81 2 0.0174385
52.91 1 0.312382
52.91 2 0.0174461
53.01 1 0.31275
53.01 2 0.0175065
53.11 1 0.312888
53.11 2 0.0175325
53.21 1 0.313199
53.21 2 0.0175457
53.31 1 0.313455
53.31 2 0.017562
53.41 1 0.313764
53.41 2 0.0175783
53.51 1 0.314022
53.51 2 0.0175945
53.61 1 0.314667
53.61 2 0.0176106
53.71 1 0.31508
53.71 2 0.0176216
53.81 1 0.315492
53.81 2 0.0176326
53.91 1 0.315902
53.91 2 0.0176436
54.01 1 0.31631
54.01 2 0.0176545
54.11 1 0.316717
54.11 2 0.0176653
54.21 1 0.317122
54.21 2 0.0176903
54.31 1 0.317472
54.31 2 0.017706
54.41 1 0.317768
54.41 2 0.0177217
54.51 1 0.31801
54.51 2 0.0177373
54.61 1 0.318304
54.61 2 0.0177529
54.71 1 0.318544
54.71 2 0.0177683
54.81 1 0.31884
54.81 2 0.0177838
54.91 1 0.319518
54.91 2 0.0177991
55.01 1 0.319912
55.01 2 0.0178096
55.11 1 0.320304
55.11 2 0.0178151
55.21 1 0.320695
55.21 2 0.0178254
55.31 1 0.321084
55.31 2 0.0178357
55.41 1 0.321472
55.41 2 0.0178463
55.51 1 0.321858
55.51 2 0.0178751
55.61 1 0.32214
55.61 2 0.0178901
55.71 1 0.322224
55.71 2 0.0178979
55.81 1 0.322597
55.81 2 0.0179105
55.91 1 0.322875
55.91 2 0.0179253
56.01 1 0.323158
56.01 2 0.0179401
56.11 1 0.323725
56.11 2 0.0179501
56.21 1 0.324102
56.21 2 0.01796
56.31 1 0.324406
56.31 2 0.0179986
56.41 1 0.324315
56.41 2 0.018044
56.51 1 0.324431
56.51 2 0.0180339
56.61 1 0.324724
56.61 2 0.0180917
56.71 1 0.324708
56.71 2 0.0181323
56.81 1 0.32512
56.81 2 0.0181408
56.91 1 0.325481
56.91 2 0.0181549
57.01 1 0.32589
57.01 2 0.0181737
57.11 1 0.326248
57.11 2 0.01819
57.21 1 0.326956
57.21 2 0.0182063
57.31 1 0.327461
57.31 2 0.0182225
57.41 1 0.327963
57.41 2 0.0182387
57.51 1 0.328464
57.51 2 0.018257
57.61 1 0.328963
57.61 2 0.0182731
57.71 1 0.329411
57.71 2 0.018289
57.81 1 0.329807
57.81 2 0.0183189
57.91 1 0.330154
57.91 2 0.0183394
58.01 1 0.330548
58.01 2 0.0183597
58.11 1 0.330982
58.11 2 0.01838
58.21 1 0.331422
58.21 2 0.0184002
58.31 1 0.331763
58.31 2 0.0184158
58.41 1 0.332305
58.41 2 0.0184291
58.51 1 0.33279
58.51 2 0.01844
58.61 1 0.333272
58.61 2 0.0184555
58.71 1 0.333753
58.71 2 0.0184709
58.81 1 0.334232
58.81 2 0.0184862
58.91 1 0.334709
58.91 2 0.018497
59.01 1 0.335184
59.01 2 0.0185283
59.11 1 0.335515
59.11 2 0.018548
59.21 1 0.335824
59.21 2 0.0185676
59.31 1 0.336152
59.31 2 0.0186066
59.41 1 0.336437
59.41 2 0.0186739
59.51 1 0.336634
59.51 2 0.0186677
59.61 1 0.337101
59.61 2 0.0186825
59.71 1 0.337567
59.71 2 0.0186972
59.81 1 0.33799
59.81 2 0.0187053
59.91 1 0.338359
59.91 2 0.0187293
60.01 1 0.338679
60.01 2 0.0187483
60.11 1 0.339045
60.11 2 0.0187672
60.21 1 0.339497
60.21 2 0.0187861
60.31 1 0.33986
60.31 2 0.0188048
60.41 1 0.340223
60.41 2 0.0188235
60.51 1 0.340537
60.51 2 0.0188379
60.61 1 0.341191
60.61 2 0.0188521
60.71 1 0.341642
60.71 2 0.0188663
60.81 1 0.342091
60.81 2 0.0188827
60.91 1 0.342538
60.91 2 0.0188969
61.01 1 0.342984
61.01 2 0.0189109
61.11 1 0.343383
61.11 2 0.018925
61.21 1 0.343689
61.21 2 0.0189526
61.31 1 0.344039
61.31 2 0.0189708
61.41 1 0.344343
61.41 2 0.0189824
61.51 1 0.344692
61.51 2 0.0190005
61.61 1 0.345124
61.61 2 0.0190184
61.71 1 0.34547
61.71 2 0.0190364
61.81 1 0.346061
61.81 2 0.0190458
61.91 1 0.346495
61.91 2 0.0190595
62.01 1 0.346927
62.01 2 0.019073
62.11 1 0.347357
62.11 2 0.0190866
62.21 1 0.347786
62.21 2 0.0191023
62.31 1 0.348213
62.31 2 0.0191157
62.41 1 0.348506
62.41 2 0.0191426
62.51 1 0.348842
62.51 2 0.0191601
62.61 1 0.349133
62.61 2 0.0191776
62.71 1 0.349466
62.71 2 0.0191949
62.81 1 0.349839
62.81 2 0.0192122
62.91 1 0.350215
62.91 2 0.0192295
63.01 1 0.350546
63.01 2 0.0192426
63.11 1 0.351164
63.11 2 0.0192556
63.21 1 0.351516
63.21 2 0.0192696
63.31 1 0.351755
63.31 2 0.0193338
63.41 1 0.351775
63.41 2 0.0193574
63.51 1 0.352163
63.51 2 0.0193622
63.61 1 0.352508
63.61 2 0.0193801
63.71 1 0.352768
63.71 2 0.0193917
63.81 1 0.35311
63.81 2 0.0194073
63.91 1 0.353494
63.91 2 0.0194251
64.01 1 0.353917
64.01 2 0.0194428
64.11 1 0.354342
64.11 2 0.0194604
64.21 1 0.354723
64.21 2 0.019474
64.31 1 0.355325
64.31 2 0.0194875
64.41 1 0.355746
64.41 2 0.019505
64.51 1 0.356166
64.51 2 0.0195122
64.61 1 0.356544
64.61 2 0.0195195
64.71 1 0.356961
64.71 2 0.0195329
64.81 1 0.357376
64.81 2 0.0195502
64.91 1 0.35779
64.91 2 0.0195635
65.01 1 0.358118
65.01 2 0.0195911
65.11 1 0.358488
65.11 2 0.0196043
65.21 1 0.358073
65.21 2 0.0196153
65.31 1 0.358137
65.31 2 0.0195947
65.41 1 0.357787
65.41 2 0.0195742
65.51 1 0.358003
65.51 2 0.0195666
65.61 1 0.358412
65.61 2 0.0195837
65.71 1 0.358819
65.71 2 0.0195967
65.81 1 0.359225
65.81 2 0.0196098
65.91 1 0.35963
65.91 2 0.0196228
66.01 1 0.360034
66.01 2 0.0196396
66.11 1 0.360436
66.11 2 0.0196525
66.21 1 0.360754
66.21 2 0.0196796
66.31 1 0.361113
66.31 2 0.0196962
66.41 1 0.361471
66.41 2 0.0197129
66.51 1 0.361786
66.51 2 0.0197294
66.61 1 0.362081
66.61 2 0.019746
66.71 1 0.362395
66.71 2 0.0197925
66.81 1 0.362599
66.81 2 0.0198412
66.91 1 0.362799
66.91 2 0.019837
67.01 1 0.363293
67.01 2 0.0198544
67.11 1 0.363784
67.11 2 0.0198678
67.21 1 0.364275
67.21 2 0.019885
67.31 1 0.364543
67.31 2 0.0198963
67.41 1 0.36479
67.41 2 0.0199492
67.51 1 0.36448
67.51 2 0.020005
67.61 1 0.364862
67.61 2 0.0199981
67.71 1 0.365151
67.71 2 0.0200028
67.81 1 0.365635
67.81 2 0.0200159
67.91 1 0.366118
67.91 2 0.0200327
68.01 1 0.366598
68.01 2 0.0200495
68.11 1 0.367078
68.11 2 0.0200662
68.21 1 0.367476
68.21 2 0.0200829
68.31 1 0.367873
68.31 2 0.0201124
68.41 1 0.36823
68.41 2 0.0201327
68.51 1 0.368625
68.51 2 0.0201529
68.61 1 0.36892
68.61 2 0.0201823
68.71 1 0.369392
68.71 2 0.0202561
68.81 1 0.369572
68.81 2 0.0202369
68.91 1 0.370002
68.91 2 0.0202563
69.01 1 0.370391
69.01 2 0.0202761
69.11 1 0.370741
69.11 2 0.020302
69.21 1 0.37105
69.21 2 0.020316
69.31 1 0.371514
69.31 2 0.0203278
69.41 1 0.37186
69.41 2 0.0203417
69.51 1 0.372244
69.51 2 0.0203577
69.61 1 0.372723
69.61 2 0.0203757
69.71 1 0.373144
69.71 2 0.0203951
69.81 1 0.373605
69.81 2 0.0204094
69.91 1 0.374023
69.91 2 0.0204594
70.01 1 0.373691
70.01 2 0.0205092
70.11 1 0.374242
70.11 2 0.0205004
70.21 1 0.374714
70.21 2 0.020517
70.31 1 0.375185
70.31 2 0.0205371
70.41 1 0.375655
70.41 2 0.0205537
70.51 1 0.376123
70.51 2 0.0205701
70.61 1 0.376552
70.61 2 0.0205901
70.71 1 0.376979
70.71 2 0.0206119
70.81 1 0.377368
70.81 2 0.0206318
70.91 1 0.377793
70.91 2 0.0206515
71.01 1 0.37818
71.01 2 0.0206713
71.11 1 0.378603
71.11 2 0.0206937
71.21 1 0.378911
71.21 2 0.0207077
71.31 1 0.379295
71.31 2 0.0207252
71.41 1 0.379601
71.41 2 0.0207755
71.51 1 0.379843
71.51 2 0.0208309
71.61 1 0.37977
71.61 2 0.0208419
71.71 1 0.379438
71.71 2 0.0208476
71.81 1 0.379665
71.81 2 0.0208381
71.91 1 0.379542
71.91 2 0.0208935
72.01 1 0.37947
72.01 2 0.0209035
72.11 1 0.379662
72.11 2 0.0209011
72.21 1 0.379816
72.21 2 0.0209091
72.31 1 0.380007
72.31 2 0.0209171
72.41 1 0.380161
72.41 2 0.0209251
72.51 1 0.380295
72.51 2 0.0209329
72.61 1 0.380484
72.61 2 0.0209898
72.71 1 0.380082
72.71 2 0.0209889
72.81 1 0.380645
72.81 2 0.0210289
72.91 1 0.380467
72.91 2 0.0210372
73.01 1 0.380431
73.01 2 0.0210591
73.11 1 0.380216
73.11 2 0.0210459
73.21 1 0.379871
73.21 2 0.0210254
73.31 1 0.379472
73.31 2 0.0210059
73.41 1 0.379092
73.41 2 0.0209945
73.51 1 0.37875
73.51 2 0.0209771
73.61 1 0.378591
73.61 2 0.0209643
73.71 1 0.378251
73.71 2 0.0209743
73.81 1 0.377912
73.81 2 0.0209541
73.91 1 0.377574
73.91 2 0.020934
74.01 1 0.377164
74.01 2 0.0209139
74.11 1 0.377237
74.11 2 0.0208939
74.21 1 0.3769
74.21 2 0.0208739
74.31 1 0.376565
74.31 2 0.020854
74.41 1 0.376231
74.41 2 0.0208342
74.51 1 0.375843
74.51 2 0.0208222
74.61 1 0.375511
74.61 2 0.0208104
74.71 1 0.375324
74.71 2 0.020798
74.81 1 0.374957
74.81 2 0.0207823
74.91 1 0.374628
74.91 2 0.0207807
75.01 1 0.374299
75.01 2 0.0207611
75.11 1 0.373972
75.11 2 0.0207416
75.21 1 0.373609
75.21 2 0.0207221
75.31 1 0.373335
75.31 2 0.0207027
75.41 1 0.37301
75.41 2 0.0206833
75.51 1 0.372651
75.51 2 0.020664
75.61 1 0.372671
75.61 2 0.0206447
75.71 1 0.372348
75.71 2 0.0206255
75.81 1 0.372026
75.81 2 0.0206064
75.91 1 0.371705
75.91 2 0.0205888
76.01 1 0.371385
76.01 2 0.0205698
76.11 1 0.371066
76.11 2 0.0205508
76.21 1 0.370747
76.21 2 0.0205493
76.31 1 0.37043
76.31 2 0.0205304
76.41 1 0.370114
76.41 2 0.0205115
76.51 1 0.369812
76.51 2 0.0204927
76.61 1 0.369498
76.61 2 0.0204739
76.71 1 0.369184
76.71 2 0.0204552
76.81 1 0.36917
76.81 2 0.0204366
76.91 1 0.368857
76.91 2 0.020418
77.01 1 0.368545
77.01 2 0.0203994
77.11 1 0.368234
77.11 2 0.0203823
77.21 1 0.367923
77.21 2 0.0203639
77.31 1 0.367614
77.31 2 0.0203455
77.41 1 0.367305
77.41 2 0.0203441
77.51 1 0.366998
77.51 2 0.0203257
77.61 1 0.366691
77.61 2 0.0203074
77.71 1 0.36635
77.71 2 0.0202892
77.81 1 0.366093
77.81 2 0.020271
77.91 1 0.365737
77.91 2 0.0202542
78.01 1 0.365312
78.01 2 0.0202377
78.11 1 0.365382
78.11 2 0.0202271
78.21 1 0.36479
78.21 2 0.0202141
78.31 1 0.36514
78.31 2 0.020216
78.41 1 0.365045
78.41 2 0.0202049
78.51 1 0.364898
78.51 2 0.0201947
78.61 1 0.364734
78.61 2 0.0202036
78.71 1 0.364589
78.71 2 0.0202175
78.81 1 0.364512
78.81 2 0.0202069
78.91 1 0.364434
78.91 2 0.0202001
79.01 1 0.364357
79.01 2 0.0201933
79.11 1 0.364246
79.11 2 0.0201865
79.21 1 0.3641
79.21 2 0.0201797
79.31 1 0.363989
79.31 2 0.020173
79.41 1 0.363879
79.41 2 0.0201662
79.51 1 0.363735
79.51 2 0.0201595
79.61 1 0.363974
79.61 2 0.0201528
79.71 1 0.363898
79.71 2 0.0201461
79.81 1 0.363569
79.81 2 0.0201286
79.91 1 0.363276
79.91 2 0.0201111
80.01 1 0.36317
80.01 2 0.0200946
80.11 1 0.363095
80.11 2 0.0200848
80.21 1 0.363021
80.21 2 0.0200943
80.31 1 0.362897
80.31 2 0.0200877
80.41 1 0.362823
80.41 2 0.0200867
80.51 1 0.362549
80.51 2 0.020106
80.61 1 0.362509
80.61 2 0.0200905
80.71 1 0.362419
80.71 2 0.0200871
80.81 1 0.362328
80.81 2 0.0200846
80.91 1 0.362222
80.91 2 0.0200957
81.01 1 0.362424
81.01 2 0.0201102
81.11 1 0.362354
81.11 2 0.0201032
81.21 1 0.362381
81.21 2 0.0201016
81.31 1 0.362408
81.31 2 0.0200969
81.41 1 0.362434
81.41 2 0.0200922
81.51 1 0.362461
81.51 2 0.0200876
81.61 1 0.362487
81.61 2 0.020086
81.71 1 0.362465
81.71 2 0.0200813
81.81 1 0.362491
81.81 2 0.0200991
81.91 1 0.362222
81.91 2 0.0201292
82.01 1 0.362233
82.01 2 0.020114
82.11 1 0.362143
82.11 2 0.0201415
82.21 1 0.361975
82.21 2 0.0201481
82.31 1 0.362033
82.31 2 0.0201442
82.41 1 0.362125
82.41 2 0.0201474
82.51 1 0.362183
82.51 2 0.0201506
82.61 1 0.362274
82.61 2 0.0201538
82.71 1 0.362637
82.71 2 0.0201569
82.81 1 0.36276
82.81 2 0.0201601
82.91 1 0.362883
82.91 2 0.0201632
83.01 1 0.363006
83.01 2 0.0201633
83.11 1 0.363128
83.11 2 0.0201664
83.21 1 0.36325
83.21 2 0.0201665
83.31 1 0.363372
83.31 2 0.0201666
83.41 1 0.363445
83.41 2 0.0201667
83.51 1 0.363518
83.51 2 0.0201852
83.61 1 0.363366
83.61 2 0.0202318
83.71 1 0.363199
83.71 2 0.0202236
83.81 1 0.363335
83.81 2 0.0202244
83.91 1 0.363472
83.91 2 0.0202313
84.01 1 0.363861
84.01 2 0.0202382
84.11 1 0.364061
84.11 2 0.020242
84.21 1 0.36426
84.21 2 0.0202459
84.31 1 0.364459
84.31 2 0.0202497
84.41 1 0.364658
84.41 2 0.0202506
84.51 1 0.364856
84.51 2 0.0202544
84.61 1 0.365054
84.61 2 0.0202722
84.71 1 0.365186
84.71 2 0.020279
84.81 1 0.365319
84.81 2 0.0202858
84.91 1 0.36542
84.91 2 0.0202925
85.01 1 0.365552
85.01 2 0.0202992
85.11 1 0.365683
85.11 2 0.0203059
85.21 1 0.366034
85.21 2 0.0203126
85.31 1 0.366228
85.31 2 0.0203163
85.41 1 0.366422
85.41 2 0.02032
85.51 1 0.366616
85.51 2 0.0203237
85.61 1 0.366809
85.61 2 0.0203274
85.71 1 0.367002
85.71 2 0.0203282
85.81 1 0.367163
85.81 2 0.0203411
85.91 1 0.36726
85.91 2 0.0203459
86.01 1 0.367388
86.01 2 0.0203525
86.11 1 0.367391
86.11 2 0.0203591
86.21 1 0.367472
86.21 2 0.0203989
86.31 1 0.367613
86.31 2 0.0204177
86.41 1 0.367743
86.41 2 0.0204173
86.51 1 0.367933
86.51 2 0.0204224
86.61 1 0.368075
86.61 2 0.0204672
86.71 1 0.368095
86.71 2 0.0204798
86.81 1 0.368314
86.81 2 0.0204814
86.91 1 0.368455
86.91 2 0.020493
87.01 1 0.368518
87.01 2 0.0205472
87.11 1 0.368351
87.11 2 0.0205367
87.21 1 0.368614
87.21 2 0.0205475
87.31 1 0.368801
87.31 2 0.0205821
87.41 1 0.36911
87.41 2 0.0206185
87.51 1 0.369205
87.51 2 0.0206173
87.61 1 0.369205
87.61 2 0.0206755
87.71 1 0.369269
87.71 2 0.0206571
87.81 1 0.369545
87.81 2 0.0206981
87.91 1 0.369256
87.91 2 0.0207386
88.01 1 0.369683
88.01 2 0.0207397
88.11 1 0.370035
88.11 2 0.0207555
88.21 1 0.3704
88.21 2 0.0207985
88.31 1 0.370447
88.31 2 0.0208317
88.41 1 0.370646
88.41 2 0.0208215
88.51 1 0.371101
88.51 2 0.020838
88.61 1 0.371479
88.61 2 0.0208544
88.71 1 0.371734
88.71 2 0.0209007
88.81 1 0.37143
88.81 2 0.0209466
88.91 1 0.371127
88.91 2 0.0209323
89.01 1 0.371533
89.01 2 0.0209322
89.11 1 0.372062
89.11 2 0.0209484
89.21 1 0.372511
89.21 2 0.0209646
89.31 1 0.37296
89.31 2 0.0209808
89.41 1 0.373407
89.41 2 0.0209941
89.51 1 0.373734
89.51 2 0.0210058
89.61 1 0.374119
89.61 2 0.0210227
89.71 1 0.374504
89.71 2 0.0210448
89.81 1 0.374858
89.81 2 0.0210635
89.91 1 0.375271
89.91 2 0.0210821
90.01 1 0.375683
90.01 2 0.0211008
90.11 1 0.376064
90.11 2 0.0211166
90.21 1 0.37643
90.21 2 0.0211324
90.31 1 0.376839
90.31 2 0.0211482
90.41 1 0.377356
90.41 2 0.0211612
90.51 1 0.377793
90.51 2 0.0211786
90.61 1 0.378229
90.61 2 0.021197
90.71 1 0.378605
90.71 2 0.0212127
90.81 1 0.37898
90.81 2 0.0212264
90.91 1 0.379354
90.91 2 0.0212447
91.01 1 0.379609
91.01 2 0.0212784
91.11 1 0.379858
91.11 2 0.0213559
91.21 1 0.379714
91.21 2 0.0213461
91.31 1 0.379949
91.31 2 0.0213354
91.41 1 0.380117
91.41 2 0.021411
91.51 1 0.380089
91.51 2 0.021427
91.61 1 0.380591
91.61 2 0.0214349
91.71 1 0.381063
91.71 2 0.021458
91.81 1 0.381563
91.81 2 0.0214809
91.91 1 0.382033
91.91 2 0.0215039
92.01 1 0.382531
92.01 2 0.0215241
92.11 1 0.382955
92.11 2 0.0215666
92.21 1 0.383271
92.21 2 0.0216292
92.31 1 0.383468
92.31 2 0.0216159
92.41 1 0.383933
92.41 2 0.021636
92.51 1 0.384383
92.51 2 0.0216559
92.61 1 0.384831
92.61 2 0.0217022
92.71 1 0.384932
92.71 2 0.0217663
92.81 1 0.385138
92.81 2 0.0217633
92.91 1 0.3856
92.91 2 0.0218325
93.01 1 0.385479
93.01 2 0.0218605
93.11 1 0.385923
93.11 2 0.0218632
93.21 1 0.386425
93.21 2 0.0218819
93.31 1 0.387013
93.31 2 0.0219049
93.41 1 0.387604
93.41 2 0.0219278
93.51 1 0.388187
93.51 2 0.0219507
93.61 1 0.388769
93.61 2 0.0219709
93.71 1 0.389179
93.71 2 0.0219895
93.81 1 0.389703
93.81 2 0.0220122
93.91 1 0.390197
93.91 2 0.0220366
94.01 1 0.390718
94.01 2 0.0220585
94.11 1 0.391268
94.11 2 0.0220794
94.21 1 0.391772
94.21 2 0.0221217
94.31 1 0.391992
94.31 2 0.022192
94.41 1 0.392142
94.41 2 0.0221782
94.51 1 0.392701
94.51 2 0.0222014
94.61 1 0.393231
94.61 2 0.0222245
94.71 1 0.393703
94.71 2 0.0222501
94.81 1 0.394188
94.81 2 0.022307
94.91 1 0.394326
94.91 2 0.0223717
95.01 1 0.394636
95.01 2 0.0223654
95.11 1 0.395188
95.11 2 0.0223883
95.21 1 0.395698
95.21 2 0.0224258
95.31 1 0.395866
95.31 2 0.0225069
95.41 1 0.395926
95.41 2 0.0224882
95.51 1 0.396432
95.51 2 0.0225111
95.61 1 0.396708
95.61 2 0.0225988
95.71 1 0.396658
95.71 2 0.0226072
95.81 1 0.397177
95.81 2 0.0226175
95.91 1 0.397657
95.91 2 0.0227034
96.01 1 0.39747
96.01 2 0.0227188
96.11 1 0.398029
96.11 2 0.022715
96.21 1 0.398527
96.21 2 0.0227941
96.31 1 0.398459
96.31 2 0.022816
96.41 1 0.399084
96.41 2 0.0228276
96.51 1 0.399639
96.51 2 0.0228538
96.61 1 0.400177
96.61 2 0.0229225
96.71 1 0.400231
96.71 2 0.0229718
96.81 1 0.40036
96.81 2 0.0229676
96.91 1 0.400933
96.91 2 0.0229806
97.01 1 0.401524
97.01 2 0.0230065
97.11 1 0.402142
97.11 2 0.0230323
97.21 1 0.402689
97.21 2 0.0230605
97.31 1 0.403221
97.31 2 0.0231186
97.41 1 0.403342
97.41 2 0.023174
97.51 1 0.403612
97.51 2 0.0231692
97.61 1 0.404127
97.61 2 0.0232254
97.71 1 0.40424
97.71 2 0.0232997
97.81 1 0.40397
97.81 2 0.0232855
97.91 1 0.404286
97.91 2 0.0232716
98.01 1 0.404827
98.01 2 0.0232961
98.11 1 0.405476
98.11 2 0.0233262
98.21 1 0.406123
98.21 2 0.023357
98.31 1 0.40665
98.31 2 0.0233813
98.41 1 0.407242
98.41 2 0.0234553
98.51 1 0.407023
98.51 2 0.0234924
98.61 1 0.407707
98.61 2 0.0234939
98.71 1 0.408322
98.71 2 0.0235229
98.81 1 0.408929
98.81 2 0.0235985
98.91 1 0.408668
98.91 2 0.0236288
99.01 1 0.409281
99.01 2 0.023644
99.11 1 0.409616
99.11 2 0.0237364
99.21 1 0.409705
99.21 2 0.0237192
99.31 1 0.410356
99.31 2 0.0237509
99.41 1 0.41103
99.41 2 0.0238263
99.51 1 0.410706
99.51 2 0.0238902
99.61 1 0.410773
99.61 2 0.0238859
99.71 1 0.411489
99.71 2 0.0238869
99.81 1 0.412178
99.81 2 0.0239184
99.91 1 0.412851
99.91 2 0.0239499
100.01 1 0.413604
100.01 2 0.0240287
100.11 1 0.413264
100.11 2 0.0240807
100.21 1 0.413949
100.21 2 0.0240761
100.31 1 0.414655
100.31 2 0.0241033
100.41 1 0.415362
100.41 2 0.024132
100.51 1 0.416028
100.51 2 0.0241778
100.61 1 0.416228
100.61 2 0.0242728
100.71 1 0.416407
100.71 2 0.0242655
100.81 1 0.417069
100.81 2 0.0242833
100.91 1 0.417706
100.91 2 0.0243499
101.01 1 0.417871
101.01 2 0.0244293
101.11 1 0.417935
101.11 2 0.0244222
101.21 1 0.418337
101.21 2 0.0244282
101.31 1 0.418611
101.31 2 0.0244544
101.41 1 0.418296
101.41 2 0.0244359
101.51 1 0.418006
101.51 2 0.0244162
101.61 1 0.41803
101.61 2 0.0244176
101.71 1 0.418725
101.71 2 0.0244262
101.81 1 0.419391
101.81 2 0.0244527
101.91 1 0.420083
101.91 2 0.0244828
102.01 1 0.420774
102.01 2 0.0245092
102.11 1 0.421371
102.11 2 0.0245393
102.21 1 0.422005
102.21 2 0.0246145
102.31 1 0.422118
102.31 2 0.0246897
102.41 1 0.421866
102.41 2 0.0246795
102.51 1 0.422105
102.51 2 0.0246714
102.61 1 0.42279
102.61 2 0.0246991
102.71 1 0.423473
102.71 2 0.024729
102.81 1 0.424131
102.81 2 0.024755
102.91 1 0.424812
102.91 2 0.0247809
103.01 1 0.425491
103.01 2 0.0248106
103.11 1 0.426169
103.11 2 0.0248402
103.21 1 0.426768
103.21 2 0.0248911
103.31 1 0.426807
103.31 2 0.0249799
103.41 1 0.427113
103.41 2 0.0249681
103.51 1 0.427763
103.51 2 0.0249935
103.61 1 0.428436
103.61 2 0.0250228
103.71 1 0.429068
103.71 2 0.025052
103.81 1 0.429739
103.81 2 0.0251133
103.91 1 0.429873
103.91 2 0.0251806
104.01 1 0.430079
104.01 2 0.0251704
104.11 1 0.430747
104.11 2 0.0251973
104.21 1 0.431413
104.21 2 0.0252263
104.31 1 0.432077
104.31 2 0.0252552
104.41 1 0.432717
104.41 2 0.0252802
104.51 1 0.433379
104.51 2 0.025309
104.61 1 0.43404
104.61 2 0.0253377
104.71 1 0.4347
104.71 2 0.0253664
104.81 1 0.435334
104.81 2 0.025395
104.91 1 0.435991
104.91 2 0.0254236
105.01 1 0.436647
105.01 2 0.0254521
105.11 1 0.437302
105.11 2 0.0254786
105.21 1 0.437955
105.21 2 0.025507
105.31 1 0.438584
105.31 2 0.0255353
105.41 1 0.439235
105.41 2 0.0255636
105.51 1 0.439846
105.51 2 0.0256127
105.61 1 0.440093
105.61 2 0.0256954
105.71 1 0.440201
105.71 2 0.0256815
105.81 1 0.440848
105.81 2 0.0257096
105.91 1 0.441493
105.91 2 0.0257356
106.01 1 0.442138
106.01 2 0.0257635
106.11 1 0.442758
106.11 2 0.0257914
106.21 1 0.443362
106.21 2 0.0258192
106.31 1 0.443965
106.31 2 0.0258867
106.41 1 0.444071
106.41 2 0.0259585
106.51 1 0.443875
106.51 2 0.0259451
106.61 1 0.444112
106.61 2 0.0259317
106.71 1 0.44475
106.71 2 0.0259593
106.81 1 0.445387
106.81 2 0.0259831
106.91 1 0.445999
106.91 2 0.0260106
107.01 1 0.446633
107.01 2 0.026038
107.11 1 0.447266
107.11 2 0.0260654
107.21 1 0.44786
107.21 2 0.0260987
107.31 1 0.448236
107.31 2 0.0261937
107.41 1 0.448194
107.41 2 0.02618
107.51 1 0.448824
107.51 2 0.0262052
107.61 1 0.449452
107.61 2 0.0262323
107.71 1 0.450056
107.71 2 0.0262594
107.81 1 0.450682
107.81 2 0.0262863
107.91 1 0.451306
107.91 2 0.0263133
108.01 1 0.451929
108.01 2 0.0263402
108.11 1 0.452552
108.11 2 0.026367
108.21 1 0.453076
108.21 2 0.0263938
108.31 1 0.453689
108.31 2 0.0264733
108.41 1 0.453419
108.41 2 0.0265239
108.51 1 0.453196
108.51 2 0.0265101
108.61 1 0.453814
108.61 2 0.0265058
108.71 1 0.454431
108.71 2 0.0265323
108.81 1 0.455047
108.81 2 0.0265569
108.91 1 0.455639
108.91 2 0.0265816
109.01 1 0.456253
109.01 2 0.0266044
109.11 1 0.456865
109.11 2 0.0266288
109.21 1 0.457403
109.21 2 0.0266551
109.31 1 0.458028
109.31 2 0.0267344
109.41 1 0.457713
109.41 2 0.0267911
109.51 1 0.458322
109.51 2 0.0267837
109.61 1 0.45893
109.61 2 0.0268098
109.71 1 0.459515
109.71 2 0.0268358
109.81 1 0.460084
109.81 2 0.0268865
109.91 1 0.460293
109.91 2 0.0269584
110.01 1 0.46041
110.01 2 0.0269437
110.11 1 0.460991
110.11 2 0.0269695
110.21 1 0.461593
110.21 2 0.0269953
110.31 1 0.462194
110.31 2 0.027021
110.41 1 0.462794
110.41 2 0.0270467
110.51 1 0.463356
110.51 2 0.0270723
110.61 1 0.463933
110.61 2 0.0271318
110.71 1 0.464076
110.71 2 0.0271893
110.81 1 0.464188
110.81 2 0.0271934
110.91 1 0.464458
110.91 2 0.0272742
111.01 1 0.464503
111.01 2 0.0272575
111.11 1 0.46506
111.11 2 0.0272885
111.21 1 0.465414
111.21 2 0.0273791
111.31 1 0.465352
111.31 2 0.0273852
111.41 1 0.465944
111.41 2 0.0273881
111.51 1 0.466534
111.51 2 0.0274132
111.61 1 0.467103
111.61 2 0.0274382
111.71 1 0.467691
111.71 2 0.0274597
111.81 1 0.468278
111.81 2 0.0274846
111.91 1 0.468829
111.91 2 0.0275095
112.01 1 0.469393
112.01 2 0.0275766
112.11 1 0.469072
112.11 2 0.027628
112.21 1 0.469369
112.21 2 0.0276206
112.31 1 0.469931
112.31 2 0.027631
112.41 1 0.470514
112.41 2 0.0276556
112.51 1 0.471095
112.51 2 0.0276802
112.61 1 0.471639
112.61 2 0.0277048
112.71 1 0.472218
112.71 2 0.0277667
112.81 1 0.47225
112.81 2 0.0278177
112.91 1 0.472386
112.91 2 0.0278349
113.01 1 0.472525
113.01 2 0.0279015
113.11 1 0.472331
113.11 2 0.0279035
113.21 1 0.472177
113.21 2 0.0278986
113.31 1 0.471866
113.31 2 0.0278788
113.41 1 0.471555
113.41 2 0.0278573
113.51 1 0.47121
113.51 2 0.027859
113.61 1 0.470865
113.61 2 0.0278404
113.71 1 0.470591
113.71 2 0.0278258
113.81 1 0.47038
113.81 2 0.0278097
113.91 1 0.470152
113.91 2 0.0277987
114.01 1 0.470275
114.01 2 0.0277861
114.11 1 0.47011
114.11 2 0.0277735
114.21 1 0.469944
114.21 2 0.027761
114.31 1 0.469779
114.31 2 0.0277484
114.41 1 0.469614
114.41 2 0.0277342
114.51 1 0.469414
114.51 2 0.0277182
114.61 1 0.469249
114.61 2 0.0277128
114.71 1 0.469021
114.71 2 0.0277303
114.81 1 0.468857
114.81 2 0.0277154
114.91 1 0.468653
114.91 2 0.027703
115.01 1 0.468449
115.01 2 0.0276905
115.11 1 0.468225
115.11 2 0.0276782
115.21 1 0.468368
115.21 2 0.0276658
115.31 1 0.468205
115.31 2 0.0276534
115.41 1 0.468043
115.41 2 0.0276411
115.51 1 0.467881
115.51 2 0.0276271
115.61 1 0.46772
115.61 2 0.0276131
115.71 1 0.467559
115.71 2 0.0275992
115.81 1 0.467363
115.81 2 0.0276043
115.91 1 0.467168
115.91 2 0.0275931
116.01 1 0.466918
116.01 2 0.0275949
116.11 1 0.466793
116.11 2 0.0275801
116.21 1 0.466627
116.21 2 0.0275714
116.31 1 0.466442
116.31 2 0.0275601
116.41 1 0.466243
116.41 2 0.0275524
116.51 1 0.466058
116.51 2 0.027559
116.61 1 0.466061
116.61 2 0.0275418
116.71 1 0.465937
116.71 2 0.0275322
116.81 1 0.465848
116.81 2 0.0275236
116.91 1 0.465759
116.91 2 0.0275132
117.01 1 0.46567
117.01 2 0.0275029
117.11 1 0.465547
117.11 2 0.0274926
117.21 1 0.465459
117.21 2 0.0274917
117.31 1 0.465279
117.31 2 0.0275126
117.41 1 0.465186
117.41 2 0.0274998
117.51 1 0.465072
117.51 2 0.027492
117.61 1 0.464979
117.61 2 0.0274843
117.71 1 0.464865
117.71 2 0.0274766
117.81 1 0.464772
117.81 2 0.0274689
117.91 1 0.464932
117.91 2 0.0274612
118.01 1 0.464859
118.01 2 0.0274535
118.11 1 0.464786
118.11 2 0.0274459
118.21 1 0.464714
118.21 2 0.0274382
118.31 1 0.464641
118.31 2 0.0274306
118.41 1 0.464568
118.41 2 0.0274213
118.51 1 0.464496
118.51 2 0.027412
118.61 1 0.464424
118.61 2 0.0274045
118.71 1 0.464352
118.71 2 0.0273952
118.81 1 0.46428
118.81 2 0.027386
118.91 1 0.464208
118.91 2 0.0273784
119.01 1 0.464136
119.01 2 0.0273851
119.11 1 0.464036
119.11 2 0.0273743
119.21 1 0.463945
119.21 2 0.0273651
119.31 1 0.463834
119.31 2 0.0273576
119.41 1 0.463743
119.41 2 0.0273501
119.51 1 0.463653
119.51 2 0.0273426
119.61 1 0.463368
119.61 2 0.0273318
119.71 1 0.463082
119.71 2 0.0273136
119.81 1 0.463079
119.81 2 0.0272954
119.91 1 0.462931
119.91 2 0.0272823
120.01 1 0.462861
120.01 2 0.0272732
120.11 1 0.462791
120.11 2 0.0272642
120.21 1 0.462722
120.21 2 0.0272552
120.31 1 0.462652
120.31 2 0.0272478
120.41 1 0.462582
120.41 2 0.0272413
120.51 1 0.462485
120.51 2 0.0272307
120.61 1 0.462416
120.61 2 0.0272234
120.71 1 0.462347
120.71 2 0.0272259
120.81 1 0.462239
120.81 2 0.0272187
120.91 1 0.46215
120.91 2 0.0272114
121.01 1 0.462056
121.01 2 0.0272041
121.11 1 0.461987
121.11 2 0.0272132
121.21 1 0.46168
121.21 2 0.0272136
121.31 1 0.461626
121.31 2 0.0272032
121.41 1 0.461841
121.41 2 0.0271984
121.51 1 0.461825
121.51 2 0.0271937
121.61 1 0.461809
121.61 2 0.0271856
121.71 1 0.461794
121.71 2 0.0271792
121.81 1 0.461778
121.81 2 0.0271728
121.91 1 0.461763
121.91 2 0.0271665
122.01 1 0.461747
122.01 2 0.0271747
122.11 1 0.461732
122.11 2 0.02717
122.21 1 0.461658
122.21 2 0.0271653
122.31 1 0.461604
122.31 2 0.0271606
122.41 1 0.461531
122.41 2 0.0271559
122.51 1 0.461477
122.51 2 0.0271512
122.61 1 0.461671
122.61 2 0.0271465
122.71 1 0.461655
122.71 2 0.0271419
122.81 1 0.46164
122.81 2 0.0271356
122.91 1 0.461625
122.91 2 0.0271293
123.01 1 0.461583
123.01 2 0.0271198
123.11 1 0.461567
123.11 2 0.0271119
123.21 1 0.46152
123.21 2 0.0271185
123.31 1 0.461416
123.31 2 0.0271317
123.41 1 0.461249
123.41 2 0.0271323
123.51 1 0.461196
123.51 2 0.0271223
123.61 1 0.461124
123.61 2 0.0271177
123.71 1 0.461071
123.71 2 0.0271131
123.81 1 0.461243
123.81 2 0.0271085
123.91 1 0.461229
123.91 2 0.0271039
124.01 1 0.461214
124.01 2 0.0270977
124.11 1 0.461199
124.11 2 0.0270915
124.21 1 0.461184
124.21 2 0.0270853
124.31 1 0.461137
124.31 2 0.0270791
124.41 1 0.461085
124.41 2 0.0270865
124.51 1 0.46092
124.51 2 0.0271056
124.61 1 0.460848
124.61 2 0.0270957
124.71 1 0.460764
124.71 2 0.0270912
124.81 1 0.460692
124.81 2 0.0271079
124.91 1 0.460414
124.91 2 0.0271018
125.01 1 0.460623
125.01 2 0.0270918
125.11 1 0.460622
125.11 2 0.0270881
125.21 1 0.460622
125.21 2 0.0270843
125.31 1 0.460621
125.31 2 0.0270774
125.41 1 0.460593
125.41 2 0.0270705
125.51 1 0.460528
125.51 2 0.0270651
125.61 1 0.460496
125.61 2 0.0270782
125.71 1 0.460333
125.71 2 0.0270897
125.81 1 0.460326
125.81 2 0.0270837
125.91 1 0.460339
125.91 2 0.0270824
126.01 1 0.460546
126.01 2 0.0270811
126.11 1 0.460596
126.11 2 0.0270797
126.21 1 0.460646
126.21 2 0.0270752
126.31 1 0.460664
126.31 2 0.0270691
126.41 1 0.460644
126.41 2 0.02708
126.51 1 0.460488
126.51 2 0.0270972
126.61 1 0.460501
126.61 2 0.0270883
126.71 1 0.460494
126.71 2 0.027087
126.81 1 0.460475
126.81 2 0.0270943
126.91 1 0.460624
126.91 2 0.0271126
127.01 1 0.460556
127.01 2 0.0270996
127.11 1 0.460619
127.11 2 0.0270974
127.21 1 0.460644
127.21 2 0.0270937
127.31 1 0.460681
127.31 2 0.0270884
127.41 1 0.460743
127.41 2 0.0270863
127.51 1 0.460805
127.51 2 0.0270857
127.61 1 0.460836
127.61 2 0.0270952
127.71 1 0.460861
127.71 2 0.0271066
127.81 1 0.460589
127.81 2 0.0271248
127.91 1 0.460614
127.91 2 0.0271168
128.01 1 0.460855
128.01 2 0.0271162
128.11 1 0.460917
128.11 2 0.0271156
128.21 1 0.460979
128.21 2 0.0271135
128.31 1 0.461009
128.31 2 0.0271272
128.41 1 0.460923
128.41 2 0.0271397
128.51 1 0.460856
128.51 2 0.0271254
128.61 1 0.460917
128.61 2 0.0271233
128.71 1 0.460979
128.71 2 0.0271227
128.81 1 0.46104
128.81 2 0.0271205
128.91 1 0.461102
128.91 2 0.0271299
129.01 1 0.461145
129.01 2 0.0271293
129.11 1 0.461169
129.11 2 0.0271288
129.21 1 0.461212
129.21 2 0.0271282
129.31 1 0.461255
129.31 2 0.0271276
129.41 1 0.461279
129.41 2 0.027127
129.51 1 0.461322
129.51 2 0.0271264
129.61 1 0.461346
129.61 2 0.0271258
129.71 1 0.461326
129.71 2 0.027125
129.81 1 0.461319
129.81 2 0.0271488
129.91 1 0.461246
129.91 2 0.0271452
130.01 1 0.461343
130.01 2 0.0271363
130.11 1 0.461427
130.11 2 0.027135
130.21 1 0.461537
130.21 2 0.0271351
130.31 1 0.461646
130.31 2 0.0271353
130.41 1 0.461725
130.41 2 0.0271359
130.51 1 0.461678
130.51 2 0.0271647
130.61 1 0.461574
130.61 2 0.0271717
130.71 1 0.461678
130.71 2 0.0271652
130.81 1 0.461702
130.81 2 0.0271646
130.91 1 0.461805
130.91 2 0.0271655
131.01 1 0.46189
131.01 2 0.0271679
131.11 1 0.461901
131.11 2 0.0271868
131.21 1 0.462058
131.21 2 0.027197
131.31 1 0.462027
131.31 2 0.0271861
131.41 1 0.462148
131.41 2 0.0271869
131.51 1 0.462268
131.51 2 0.0271878
131.61 1 0.462358
131.61 2 0.0271887
131.71 1 0.462406
131.71 2 0.0272112
131.81 1 0.462231
131.81 2 0.0272291
131.91 1 0.462333
131.91 2 0.0272241
132.01 1 0.462418
132.01 2 0.0272497
132.11 1 0.462489
132.11 2 0.0272652
132.21 1 0.462434
132.21 2 0.0272586
132.31 1 0.462552
132.31 2 0.0272557
132.41 1 0.462697
132.41 2 0.0272565
132.51 1 0.462851
132.51 2 0.0272573
132.61 1 0.463031
132.61 2 0.0272611
132.71 1 0.463211
132.71 2 0.0272664
132.81 1 0.46339
132.81 2 0.0272702
132.91 1 0.463533
132.91 2 0.027274
133.01 1 0.463694
133.01 2 0.0272792
133.11 1 0.463642
133.11 2 0.0272913
133.21 1 0.463367
133.21 2 0.0272845
133.31 1 0.463084
133.31 2 0.0272652
133.41 1 0.462881
133.41 2 0.0272474
133.51 1 0.463041
133.51 2 0.0272417
133.61 1 0.463184
133.61 2 0.027247
133.71 1 0.463315
133.71 2 0.0272721
133.81 1 0.463456
133.81 2 0.0272903
133.91 1 0.463476
133.91 2 0.0272778
134.01 1 0.463701
134.01 2 0.0272838
134.11 1 0.463861
134.11 2 0.0272902
134.21 1 0.463844
134.21 2 0.0273309
134.31 1 0.463571
134.31 2 0.0273382
134.41 1 0.463428
134.41 2 0.0273144
134.51 1 0.463296
134.51 2 0.0273293
134.61 1 0.463041
134.61 2 0.0273203
134.71 1 0.462787
134.71 2 0.0273041
134.81 1 0.462533
134.81 2 0.027288
134.91 1 0.462279
134.91 2 0.0272719
135.01 1 0.461991
135.01 2 0.0272557
135.11 1 0.462026
135.11 2 0.0272397
135.21 1 0.461774
135.21 2 0.0272236
135.31 1 0.461521
135.31 2 0.0272076
135.41 1 0.461269
135.41 2 0.0271916
135.51 1 0.461018
135.51 2 0.0271756
135.61 1 0.460767
135.61 2 0.0271596
135.71 1 0.460516
135.71 2 0.0271596
135.81 1 0.460266
135.81 2 0.0271437
135.91 1 0.460016
135.91 2 0.0271278
136.01 1 0.459767
136.01 2 0.0271119
136.11 1 0.459518
136.11 2 0.0270961
136.21 1 0.459252
136.21 2 0.0270803
136.31 1 0.459269
136.31 2 0.0270616
136.41 1 0.458997
136.41 2 0.0270443
136.51 1 0.458749
136.51 2 0.0270286
136.61 1 0.458501
136.61 2 0.0270129
136.71 1 0.458254
136.71 2 0.0269972
136.81 1 0.458008
136.81 2 0.02698
136.91 1 0.457761
136.91 2 0.0269815
137.01 1 0.457515
137.01 2 0.0269659
137.11 1 0.45727
137.11 2 0.0269503
137.21 1 0.457025
137.21 2 0.0269347
137.31 1 0.45678
137.31 2 0.0269191
137.41 1 0.456501
137.41 2 0.0269035
137.51 1 0.456536
137.51 2 0.026888
137.61 1 0.456292
137.61 2 0.0268725
137.71 1 0.456048
137.71 2 0.026857
137.81 1 0.455805
137.81 2 0.0268416
137.91 1 0.455563
137.91 2 0.0268262
138.01 1 0.45532
138.01 2 0.0268108
138.11 1 0.455078
138.11 2 0.0268108
138.21 1 0.454837
138.21 2 0.0267954
138.31 1 0.454595
138.31 2 0.02678
138.41 1 0.454354
138.41 2 0.0267647
138.51 1 0.454114
138.51 2 0.0267494
138.61 1 0.453857
138.61 2 0.0267341
138.71 1 0.453582
138.71 2 0.0267189
138.81 1 0.453634
138.81 2 0.0267037
138.91 1 0.453395
138.91 2 0.0266884
139.01 1 0.453156
139.01 2 0.0266733
139.11 1 0.452917
139.11 2 0.0266581
139.21 1 0.452679
139.21 2 0.026643
139.31 1 0.452441
139.31 2 0.0266264
139.41 1 0.452204
139.41 2 0.0266279
139.51 1 0.451966
139.51 2 0.0266128
139.61 1 0.45173
139.61 2 0.0265977
139.71 1 0.451493
139.71 2 0.0265827
139.81 1 0.451257
139.81 2 0.0265676
139.91 1 0.450987
139.91 2 0.0265526
140.01 1 0.451022
140.01 2 0.0265377
140.11 1 0.450758
140.11 2 0.0265232
140.21 1 0.450505
140.21 2 0.0265131
140.31 1 0.450271
140.31 2 0.0265014
140.41 1 0.450128
140.41 2 0.0264908
140.51 1 0.449872
140.51 2 0.0264908
140.61 1 0.449638
140.61 2 0.0264746
140.71 1 0.449405
140.71 2 0.0264598
140.81 1 0.449172
140.81 2 0.0264449
140.91 1 0.44894
140.91 2 0.0264301
141.01 1 0.448674
141.01 2 0.0264154
141.11 1 0.448708
141.11 2 0.0264006
141.21 1 0.448476
141.21 2 0.0263859
141.31 1 0.448245
141.31 2 0.0263712
141.41 1 0.447985
141.41 2 0.0263606
141.51 1 0.447755
141.51 2 0.0263503
141.61 1 0.447598
141.61 2 0.0263398
141.71 1 0.447351
141.71 2 0.0263278
141.81 1 0.447105
141.81 2 0.0263132
141.91 1 0.446886
141.91 2 0.0262969
142.01 1 0.446628
142.01 2 0.0262994
142.11 1 0.446428
142.11 2 0.026289
142.21 1 0.446245
142.21 2 0.0262772
142.31 1 0.446029
142.31 2 0.0262655
142.41 1 0.445812
142.41 2 0.0262516
142.51 1 0.445596
142.51 2 0.0262378
142.61 1 0.445364
142.61 2 0.026224
142.71 1 0.445131
142.71 2 0.0262102
142.81 1 0.444899
142.81 2 0.0261965
142.91 1 0.44495
142.91 2 0.0261828
143.01 1 0.444736
143.01 2 0.026169
143.11 1 0.444521
143.11 2 0.0261553
143.21 1 0.444307
143.21 2 0.0261417
143.31 1 0.444094
143.31 2 0.026128
143.41 1 0.44388
143.41 2 0.0261144
143.51 1 0.443667
143.51 2 0.0261008
143.61 1 0.443454
143.61 2 0.0260872
143.71 1 0.443242
143.71 2 0.0260721
143.81 1 0.44303
143.81 2 0.0260586
143.91 1 0.442818
143.91 2 0.02606
144.01 1 0.442606
144.01 2 0.0260465
144.11 1 0.442395
144.11 2 0.026033
144.21 1 0.442184
144.21 2 0.0260195
144.31 1 0.441973
144.31 2 0.026006
144.41 1 0.441763
144.41 2 0.0259926
144.51 1 0.441553
144.51 2 0.0259791
144.61 1 0.441343
144.61 2 0.0259657
144.71 1 0.441117
144.71 2 0.0259523
144.81 1 0.440874
144.81 2 0.0259389
144.91 1 0.440925
144.91 2 0.0259256
145.01 1 0.440716
145.01 2 0.0259122
145.11 1 0.440508
145.11 2 0.0258989
145.21 1 0.440299
145.21 2 0.0258856
145.31 1 0.440091
145.31 2 0.0258723
145.41 1 0.439884
145.41 2 0.0258591
145.51 1 0.439677
145.51 2 0.0258458
145.61 1 0.439442
145.61 2 0.0258324
145.71 1 0.439224
145.71 2 0.0258213
145.81 1 0.439046
145.81 2 0.0258127
145.91 1 0.438884
145.91 2 0.0258162
146.01 1 0.438722
146.01 2 0.0258072
146.11 1 0.438561
146.11 2 0.0257961
146.21 1 0.4384
146.21 2 0.0257851
146.31 1 0.438223
146.31 2 0.025774
146.41 1 0.438023
146.41 2 0.025763
146.51 1 0.437846
146.51 2 0.025752
146.61 1 0.437919
146.61 2 0.025741
146.71 1 0.437731
146.71 2 0.0257309
146.81 1 0.437544
146.81 2 0.0257274
146.91 1 0.437368
146.91 2 0.0257171
147.01 1 0.437263
147.01 2 0.025708
147.11 1 0.437115
147.11 2 0.0256977
147.21 1 0.436885
147.21 2 0.0256992
147.31 1 0.436672
147.31 2 0.0256856
147.41 1 0.436519
147.41 2 0.025672
147.51 1 0.436372
147.51 2 0.0256605
147.61 1 0.436225
147.61 2 0.0256503
147.71 1 0.436061
147.71 2 0.0256401
147.81 1 0.435881
147.81 2 0.0256299
147.91 1 0.435718
147.91 2 0.0256197
148.01 1 0.435555
148.01 2 0.0256095
148.11 1 0.435638
148.11 2 0.0255993
148.21 1 0.435492
148.21 2 0.0255892
148.31 1 0.435346
148.31 2 0.0255791
148.41 1 0.4352
148.41 2 0.025569
148.51 1 0.435055
148.51 2 0.0255589
148.61 1 0.43491
148.61 2 0.0255488
148.71 1 0.434765
148.71 2 0.0255387
148.81 1 0.43462
148.81 2 0.0255272
148.91 1 0.434475
148.91 2 0.0255158
149.01 1 0.43433
149.01 2 0.0255057
149.11 1 0.434186
149.11 2 0.0255086
149.21 1 0.434042
149.21 2 0.0254986
149.31 1 0.433898
149.31 2 0.0254886
149.41 1 0.433755
149.41 2 0.0254786
149.51 1 0.433611
149.51 2 0.0254686
149.61 1 0.433468
149.61 2 0.0254587
149.71 1 0.433308
149.71 2 0.0254487
149.81 1 0.433149
149.81 2 0.0254388
149.91 1 0.432963
149.91 2 0.0254287
150.01 1 0.432788
150.01 2 0.0254285
150.11 1 0.432864
150.11 2 0.0254214
150.21 1 0.432742
150.21 2 0.0254143
150.31 1 0.432643
150.31 2 0.0254065
150.41 1 0.432544
150.41 2 0.0253987
150.51 1 0.432446
150.51 2 0.0253894
150.61 1 0.432331
150.61 2 0.0253802
150.71 1 0.43219
150.71 2 0.0253719
150.81 1 0.432034
150.81 2 0.0253815
150.91 1 0.431889
150.91 2 0.0253769
151.01 1 0.431791
151.01 2 0.0253673
151.11 1 0.431694
151.11 2 0.0253596
151.21 1 0.431564
151.21 2 0.0253518
151.31 1 0.431434
151.31 2 0.0253427
151.41 1 0.431234
151.41 2 0.0253323
151.51 1 0.431349
151.51 2 0.0253234
151.61 1 0.431252
151.61 2 0.0253157
151.71 1 0.431155
151.71 2 0.025308
151.81 1 0.431059
151.81 2 0.0252989
151.91 1 0.430962
151.91 2 0.0252898
152.01 1 0.430833
152.01 2 0.0252781
152.11 1 0.430716
152.11 2 0.0252809
152.21 1 0.43062
152.21 2 0.0252721
152.31 1 0.430524
152.31 2 0.0252645
152.41 1 0.430412
152.41 2 0.0252568
152.51 1 0.430284
152.51 2 0.0252492
152.61 1 0.43014
152.61 2 0.0252416
152.71 1 0.430211
152.71 2 0.0252382
152.81 1 0.430116
152.81 2 0.0252409
152.91 1 0.429974
152.91 2 0.0252317
153.01 1 0.429879
153.01 2 0.0252227
153.11 1 0.429784
153.11 2 0.0252137
153.21 1 0.429689
153.21 2 0.0252165
153.31 1 0.429594
153.31 2 0.025209
153.41 1 0.4295
153.41 2 0.0252015
153.51 1 0.429353
153.51 2 0.0251914
153.61 1 0.429226
153.61 2 0.0251827
153.71 1 0.42912
153.71 2 0.0251752
153.81 1 0.42901
153.81 2 0.0251677
153.91 1 0.429077
153.91 2 0.025164
154.01 1 0.428983
154.01 2 0.0251672
154.11 1 0.428833
154.11 2 0.0251603
154.21 1 0.428717
154.21 2 0.0251621
154.31 1 0.42861
154.31 2 0.0251665
154.41 1 0.428569
154.41 2 0.0251587
154.51 1 0.428528
154.51 2 0.0251538
154.61 1 0.428455
154.61 2 0.0251489
154.71 1 0.428366
154.71 2 0.0251441
154.81 1 0.428293
154.81 2 0.0251392
154.91 1 0.42822
154.91 2 0.0251344
155.01 1 0.428364
155.01 2 0.0251295
155.11 1 0.428324
155.11 2 0.0251247
155.21 1 0.428283
155.21 2 0.0251185
155.31 1 0.428243
155.31 2 0.0251123
155.41 1 0.428202
155.41 2 0.0251061
155.51 1 0.428162
155.51 2 0.0250999
155.61 1 0.428121
155.61 2 0.0251054
155.71 1 0.428081
155.71 2 0.0251006
155.81 1 0.428025
155.81 2 0.0250958
155.91 1 0.427936
155.91 2 0.025091
156.01 1 0.427864
156.01 2 0.0250863
156.11 1 0.427792
156.11 2 0.0250815
156.21 1 0.42792
156.21 2 0.0250767
156.31 1 0.42788
156.31 2 0.025072
156.41 1 0.42784
156.41 2 0.0250672
156.51 1 0.4278
156.51 2 0.0250611
156.61 1 0.42776
156.61 2 0.0250536
156.71 1 0.42772
156.71 2 0.0250475
156.81 1 0.42768
156.81 2 0.025053
156.91 1 0.427595
156.91 2 0.0250457
157.01 1 0.427524
157.01 2 0.0250472
157.11 1 0.427309
157.11 2 0.0250511
157.21 1 0.427237
157.21 2 0.0250437
157.31 1 0.42738
157.31 2 0.025039
157.41 1 0.427341
157.41 2 0.0250342
157.51 1 0.427301
157.51 2 0.0250282
157.61 1 0.427262
157.61 2 0.0250221
157.71 1 0.427223
157.71 2 0.0250161
157.81 1 0.427184
157.81 2 0.02501
157.91 1 0.427144
157.91 2 0.0250155
158.01 1 0.427105
158.01 2 0.0250108
158.11 1 0.427051
158.11 2 0.0250062
158.21 1 0.42698
158.21 2 0.0250015
158.31 1 0.426894
158.31 2 0.0249969
158.41 1 0.426824
158.41 2 0.0249922
158.51 1 0.426949
158.51 2 0.0249876
158.61 1 0.426911
158.61 2 0.024983
158.71 1 0.426872
158.71 2 0.0249783
158.81 1 0.426833
158.81 2 0.0249723
158.91 1 0.426795
158.91 2 0.0249664
159.01 1 0.426756
159.01 2 0.024959
159.11 1 0.426717
159.11 2 0.0249645
159.21 1 0.426679
159.21 2 0.0249599
159.31 1 0.42664
159.31 2 0.0249553
159.41 1 0.426571
159.41 2 0.0249507
159.51 1 0.426485
159.51 2 0.0249461
159.61 1 0.426416
159.61 2 0.0249416
159.71 1 0.426347
159.71 2 0.024937
159.81 1 0.426487
159.81 2 0.0249324
159.91 1 0.426424
159.91 2 0.0249286
160.01 1 0.42636
160.01 2 0.0249351
160.11 1 0.426206
160.11 2 0.0249304
160.21 1 0.426193
160.21 2 0.0249224
160.31 1 0.426155
160.31 2 0.024922
160.41 1 0.426034
160.41 2 0.0249296
160.51 1 0.425964
160.51 2 0.0249338
160.61 1 0.425951
160.61 2 0.0249278
160.71 1 0.425933
160.71 2 0.024933
160.81 1 0.425739
160.81 2 0.0249425
160.91 1 0.42572
160.91 2 0.0249367
161.01 1 0.425875
161.01 2 0.0249346
161.11 1 0.425863
161.11 2 0.0249458
161.21 1 0.425782
161.21 2 0.0249467
161.31 1 0.425728
161.31 2 0.0249367
161.41 1 0.425751
161.41 2 0.0249352
161.51 1 0.425773
161.51 2 0.0249324
161.61 1 0.425795
161.61 2 0.0249295
161.71 1 0.425817
161.71 2 0.024928
161.81 1 0.425839
161.81 2 0.0249348
161.91 1 0.425836
161.91 2 0.0249333
162.01 1 0.425796
162.01 2 0.0249444
162.11 1 0.425635
162.11 2 0.0249499
162.21 1 0.425641
162.21 2 0.0249441
162.31 1 0.425648
162.31 2 0.0249426
162.41 1 0.425639
162.41 2 0.0249411
162.51 1 0.425808
162.51 2 0.0249396
162.61 1 0.425805
162.61 2 0.0249535
162.71 1 0.425735
162.71 2 0.0249549
162.81 1 0.425697
162.81 2 0.0249463
162.91 1 0.425759
162.91 2 0.0249454
163.01 1 0.425821
163.01 2 0.0249445
163.11 1 0.425883
163.11 2 0.0249435
163.21 1 0.42592
163.21 2 0.0249515
163.31 1 0.425936
163.31 2 0.0249586
163.41 1 0.425745
163.41 2 0.0249741
163.51 1 0.4258
163.51 2 0.0249695
163.61 1 0.425999
163.61 2 0.0249705
163.71 1 0.42607
163.71 2 0.0249701
163.81 1 0.426141
163.81 2 0.024971
163.91 1 0.426211
163.91 2 0.0249706
164.01 1 0.426263
164.01 2 0.0249677
164.11 1 0.426315
164.11 2 0.0249663
164.21 1 0.426385
164.21 2 0.0249659
164.31 1 0.426456
164.31 2 0.0249655
164.41 1 0.426511
164.41 2 0.0249651
164.51 1 0.42655
164.51 2 0.024966
164.61 1 0.426605
164.61 2 0.0249717
164.71 1 0.42666
164.71 2 0.0249726
164.81 1 0.426752
164.81 2 0.0249735
164.91 1 0.426822
164.91 2 0.0249745
165.01 1 0.426877
165.01 2 0.0249741
165.11 1 0.426873
165.11 2 0.0249783
165.21 1 0.42696
165.21 2 0.0249986
165.31 1 0.426952
165.31 2 0.0249901
165.41 1 0.427061
165.41 2 0.0249903
165.51 1 0.427121
165.51 2 0.0249915
165.61 1 0.427079
165.61 2 0.025021
165.71 1 0.426945
165.71 2 0.0250277
165.81 1 0.42687
165.81 2 0.025019
165.91 1 0.426949
165.91 2 0.0250163
166.01 1 0.427013
166.01 2 0.025019
166.11 1 0.427042
166.11 2 0.0250274
166.21 1 0.427207
166.21 2 0.0250566
166.31 1 0.427253
166.31 2 0.0250473
166.41 1 0.427385
166.41 2 0.0250493
166.51 1 0.427448
166.51 2 0.0250584
166.61 1 0.427476
166.61 2 0.0250779
166.71 1 0.427347
166.71 2 0.0250848
166.81 1 0.427449
166.81 2 0.0250816
166.91 1 0.427536
166.91 2 0.0250848
167.01 1 0.427638
167.01 2 0.0250881
167.11 1 0.427777
167.11 2 0.0250913
167.21 1 0.427893
167.21 2 0.0250945
167.31 1 0.428009
167.31 2 0.0250964
167.41 1 0.428181
167.41 2 0.0250983
167.51 1 0.428273
167.51 2 0.0251146
167.61 1 0.428264
167.61 2 0.0251285
167.71 1 0.428306
167.71 2 0.0251211
167.81 1 0.428461
167.81 2 0.0251249
167.91 1 0.428585
167.91 2 0.0251287
168.01 1 0.428686
168.01 2 0.0251388
168.11 1 0.428781
168.11 2 0.0251507
168.21 1 0.428869
168.21 2 0.0251761
168.31 1 0.428889
168.31 2 0.0251703
168.41 1 0.429043
168.41 2 0.0251739
168.51 1 0.429196
168.51 2 0.0251763
168.61 1 0.429325
168.61 2 0.02518
168.71 1 0.429361
168.71 2 0.0252025
168.81 1 0.429262
168.81 2 0.0252173
168.91 1 0.429409
168.91 2 0.0252152
169.01 1 0.429542
169.01 2 0.0252207
169.11 1 0.429689
169.11 2 0.0252261
169.21 1 0.42988
169.21 2 0.0252315
169.31 1 0.429684
169.31 2 0.0252193
169.41 1 0.429503
169.41 2 0.02522
169.51 1 0.429463
169.51 2 0.0252085
169.61 1 0.42961
169.61 2 0.0252064
169.71 1 0.429756
169.71 2 0.0252119
169.81 1 0.429888
169.81 2 0.0252173
169.91 1 0.43002
169.91 2 0.0252227
170.01 1 0.430142
170.01 2 0.0252432
170.11 1 0.430244
170.11 2 0.0252601
170.21 1 0.430277
170.21 2 0.025253
170.31 1 0.430437
170.31 2 0.0252571
170.41 1 0.430597
170.41 2 0.0252612
170.51 1 0.430756
170.51 2 0.0252666
170.61 1 0.430845
170.61 2 0.0252684
170.71 1 0.430917
170.71 2 0.0252932
170.81 1 0.43079
170.81 2 0.0253068
170.91 1 0.430958
170.91 2 0.0253059
171.01 1 0.431111
171.01 2 0.0253118
171.11 1 0.431279
171.11 2 0.0253176
171.21 1 0.431554
171.21 2 0.0253235
171.31 1 0.43175
171.31 2 0.0253293
171.41 1 0.431947
171.41 2 0.0253339
171.51 1 0.432142
171.51 2 0.0253397
171.61 1 0.432324
171.61 2 0.0253455
171.71 1 0.432429
171.71 2 0.025349
171.81 1 0.432613
171.81 2 0.0253592
171.91 1 0.432794
171.91 2 0.0253662
172.01 1 0.43296
172.01 2 0.0253732
172.11 1 0.433126
172.11 2 0.0253803
172.21 1 0.433277
172.21 2 0.025386
172.31 1 0.433442
172.31 2 0.0253905
172.41 1 0.433682
172.41 2 0.0253974
172.51 1 0.433876
172.51 2 0.0254043
172.61 1 0.434041
172.61 2 0.0254078
172.71 1 0.434234
172.71 2 0.0254112
172.81 1 0.434427
172.81 2 0.0254157
172.91 1 0.434553
172.91 2 0.0254214
173.01 1 0.434703
173.01 2 0.0254363
173.11 1 0.434674
173.11 2 0.0254676
173.21 1 0.434859
173.21 2 0.0254618
173.31 1 0.435051
173.31 2 0.0254662
173.41 1 0.435229
173.41 2 0.0254719
173.51 1 0.435369
173.51 2 0.0254776
173.61 1 0.435517
173.61 2 0.0255013
173.71 1 0.435332
173.71 2 0.0255225
173.81 1 0.435495
173.81 2 0.0255168
173.91 1 0.435732
173.91 2 0.0255201
174.01 1 0.435922
174.01 2 0.0255268
174.11 1 0.436113
174.11 2 0.0255336
174.21 1 0.436303
174.21 2 0.0255393
174.31 1 0.436465
174.31 2 0.0255436
174.41 1 0.436612
174.41 2 0.0255492
174.51 1 0.436774
174.51 2 0.0255592
174.61 1 0.436939
174.61 2 0.025566
174.71 1 0.437128
174.71 2 0.0255728
174.81 1 0.437229
174.81 2 0.0255841
174.91 1 0.437342
174.91 2 0.0256184
175.01 1 0.437225
175.01 2 0.025608
175.11 1 0.437261
175.11 2 0.0256006
175.21 1 0.437421
175.21 2 0.0256115
175.31 1 0.437567
175.31 2 0.0256182
175.41 1 0.437728
175.41 2 0.025625
175.51 1 0.437887
175.51 2 0.0256317
175.61 1 0.438033
175.61 2 0.0256362
175.71 1 0.438192
175.71 2 0.0256394
175.81 1 0.438412
175.81 2 0.0256449
175.91 1 0.438571
175.91 2 0.0256481
176.01 1 0.438735
176.01 2 0.0256524
176.11 1 0.438898
176.11 2 0.0256725
176.21 1 0.438751
176.21 2 0.0256912
176.31 1 0.438946
176.31 2 0.0256834
176.41 1 0.439127
176.41 2 0.0256894
176.51 1 0.439271
176.51 2 0.0256972
176.61 1 0.439336
176.61 2 0.025736
176.71 1 0.439297
176.71 2 0.0257371
176.81 1 0.439501
176.81 2 0.0257393
176.91 1 0.43969
176.91 2 0.0257481
177.01 1 0.439893
177.01 2 0.025757
177.11 1 0.440095
177.11 2 0.0257634
177.21 1 0.440286
177.21 2 0.025771
177.31 1 0.440574
177.31 2 0.0257787
177.41 1 0.440803
177.41 2 0.0257863
177.51 1 0.44101
177.51 2 0.0257939
177.61 1 0.441238
177.61 2 0.0258147
177.71 1 0.44104
177.71 2 0.0258426
177.81 1 0.441242
177.81 2 0.025839
177.91 1 0.44153
177.91 2 0.0258444
178.01 1 0.44174
178.01 2 0.0258497
178.11 1 0.441945
178.11 2 0.0258571
178.21 1 0.442109
178.21 2 0.0258798
178.31 1 0.441925
178.31 2 0.0259115
178.41 1 0.442016
178.41 2 0.0259041
178.51 1 0.442118
178.51 2 0.0258985
178.61 1 0.442336
178.61 2 0.0259043
178.71 1 0.442518
178.71 2 0.0259174
178.81 1 0.442594
178.81 2 0.0259541
178.91 1 0.442565
178.91 2 0.0259431
179.01 1 0.442741
179.01 2 0.0259782
179.11 1 0.442625
179.11 2 0.0259829
179.21 1 0.442855
179.21 2 0.0259904
179.31 1 0.443099
179.31 2 0.0259989
179.41 1 0.443397
179.41 2 0.0260063
179.51 1 0.443649
179.51 2 0.0260136
179.61 1 0.443905
179.61 2 0.0260232
179.71 1 0.444134
179.71 2 0.0260328
179.81 1 0.444376
179.81 2 0.0260434
179.91 1 0.444582
179.91 2 0.0260528
180.01 1 0.444742
180.01 2 0.0260912
180.11 1 0.444626
180.11 2 0.0261056
180.21 1 0.444666
180.21 2 0.0261011
180.31 1 0.444916
180.31 2 0.0261036
180.41 1 0.445179
180.41 2 0.0261126
180.51 1 0.44542
180.51 2 0.0261238
180.61 1 0.445646
180.61 2 0.0261599
180.71 1 0.445491
180.71 2 0.0261801
180.81 1 0.445482
180.81 2 0.0261732
180.91 1 0.445753
180.91 2 0.0261752
181.01 1 0.446074
181.01 2 0.0261857
181.11 1 0.446385
181.11 2 0.0261973
181.21 1 0.446637
181.21 2 0.0262056
181.31 1 0.446898
181.31 2 0.0262161
181.41 1 0.447145
181.41 2 0.0262484
181.51 1 0.446983
181.51 2 0.02627
181.61 1 0.447303
181.61 2 0.026265
181.71 1 0.447559
181.71 2 0.0262744
181.81 1 0.447796
181.81 2 0.0263042
181.91 1 0.447858
181.91 2 0.0263395
182.01 1 0.447723
182.01 2 0.0263308
182.11 1 0.44784
182.11 2 0.026325
182.21 1 0.448121
182.21 2 0.0263364
182.31 1 0.448402
182.31 2 0.0263467
182.41 1 0.448647
182.41 2 0.0263582
182.51 1 0.448861
182.51 2 0.0263955
182.61 1 0.448664
182.61 2 0.0264114
182.71 1 0.448525
182.71 2 0.0263989
182.81 1 0.448776
182.81 2 0.0263961
182.91 1 0.448597
182.91 2 0.0263995
183.01 1 0.448419
183.01 2 0.0263881
183.11 1 0.448253
183.11 2 0.0263768
183.21 1 0.448555
183.21 2 0.0263733
183.31 1 0.448842
183.31 2 0.0263852
183.41 1 0.449171
183.41 2 0.0263982
183.51 1 0.449485
183.51 2 0.0264101
183.61 1 0.449798
183.61 2 0.0264219
183.71 1 0.450097
183.71 2 0.0264316
183.81 1 0.450353
183.81 2 0.0264423
183.91 1 0.450616
183.91 2 0.0264568
184.01 1 0.450771
184.01 2 0.0264999
184.11 1 0.450719
184.11 2 0.0265075
184.21 1 0.451017
184.21 2 0.0265091
184.31 1 0.45128
184.31 2 0.0265251
184.41 1 0.451489
184.41 2 0.0265726
184.51 1 0.451462
184.51 2 0.0265742
184.61 1 0.451768
184.61 2 0.0265768
184.71 1 0.452065
184.71 2 0.0266011
184.81 1 0.452148
184.81 2 0.0266398
184.91 1 0.452232
184.91 2 0.0266302
185.01 1 0.45255
185.01 2 0.0266435
185.11 1 0.452833
185.11 2 0.0266578
185.21 1 0.453089
185.21 2 0.0267032
185.31 1 0.452954
185.31 2 0.0267219
185.41 1 0.452901
185.41 2 0.0267165
185.51 1 0.45324
185.51 2 0.0267153
185.61 1 0.453545
185.61 2 0.026728
185.71 1 0.453882
185.71 2 0.0267413
185.81 1 0.454181
185.81 2 0.0267528
185.91 1 0.454502
185.91 2 0.0267643
186.01 1 0.4548
186.01 2 0.026806
186.11 1 0.454664
186.11 2 0.0268211
186.21 1 0.455003
186.21 2 0.0268277
186.31 1 0.455189
186.31 2 0.0268796
186.41 1 0.455185
186.41 2 0.0268689
186.51 1 0.455523
186.51 2 0.0268841
186.61 1 0.455851
186.61 2 0.0269259
186.71 1 0.455663
186.71 2 0.0269473
186.81 1 0.456021
186.81 2 0.0269644
186.91 1 0.456094
186.91 2 0.0269992
187.01 1 0.456174
187.01 2 0.0269922
187.11 1 0.456515
187.11 2 0.0270354
187.21 1 0.456335
187.21 2 0.0270562
187.31 1 0.456679
187.31 2 0.0270524
187.41 1 0.457014
187.41 2 0.0270844
187.51 1 0.457112
187.51 2 0.0271229
187.61 1 0.457166
187.61 2 0.0271148
187.71 1 0.457454
187.71 2 0.0271633
187.81 1 0.457325
187.81 2 0.0271787
187.91 1 0.45768
187.91 2 0.027177
188.01 1 0.458033
188.01 2 0.0271898
188.11 1 0.458375
188.11 2 0.0272047
188.21 1 0.458729
188.21 2 0.0272196
188.31 1 0.459061
188.31 2 0.0272335
188.41 1 0.459414
188.41 2 0.0272727
188.51 1 0.459249
188.51 2 0.0273021
188.61 1 0.459547
188.61 2 0.027298
188.71 1 0.459899
188.71 2 0.0273091
188.81 1 0.460237
188.81 2 0.0273238
188.91 1 0.460589
188.91 2 0.0273386
189.01 1 0.46094
189.01 2 0.0273534
189.11 1 0.461278
189.11 2 0.0273682
189.21 1 0.461629
189.21 2 0.027383
189.31 1 0.461979
189.31 2 0.0273978
189.41 1 0.462307
189.41 2 0.0274115
189.51 1 0.462635
189.51 2 0.027445
189.61 1 0.462707
189.61 2 0.0274893
189.71 1 0.462585
189.71 2 0.0274808
189.81 1 0.462689
189.81 2 0.0274745
189.91 1 0.463003
189.91 2 0.0274891
190.01 1 0.463373
190.01 2 0.027529
190.11 1 0.463189
190.11 2 0.0275552
190.21 1 0.463524
190.21 2 0.0275505
190.31 1 0.463871
190.31 2 0.0275651
190.41 1 0.464218
190.41 2 0.0275776
190.51 1 0.46452
190.51 2 0.0275901
190.61 1 0.464854
190.61 2 0.0276025
190.71 1 0.465158
190.71 2 0.0276285
190.81 1 0.465302
190.81 2 0.0276765
190.91 1 0.465319
190.91 2 0.0276716
191.01 1 0.465396
191.01 2 0.0277101
191.11 1 0.46536
191.11 2 0.0277165
191.21 1 0.465438
191.21 2 0.0277132
191.31 1 0.465782
191.31 2 0.0277202
191.41 1 0.466126
191.41 2 0.0277346
191.51 1 0.46647
191.51 2 0.0277491
191.61 1 0.46678
191.61 2 0.0277635
191.71 1 0.467081
191.71 2 0.0277942
191.81 1 0.467161
191.81 2 0.0278369
191.91 1 0.467028
191.91 2 0.0278312
192.01 1 0.467106
192.01 2 0.0278247
192.11 1 0.467448
192.11 2 0.027838
192.21 1 0.467769
192.21 2 0.0278502
192.31 1 0.46801
192.31 2 0.0278993
192.41 1 0.467911
192.41 2 0.0279101
192.51 1 0.468252
192.51 2 0.0279092
192.61 1 0.468581
192.61 2 0.0279234
192.71 1 0.4689
192.71 2 0.0279376
192.81 1 0.469261
192.81 2 0.0279745
192.91 1 0.469044
192.91 2 0.0280024
193.01 1 0.469383
193.01 2 0.0279969
193.11 1 0.469723
193.11 2 0.0280111
193.21 1 0.470061
193.21 2 0.0280242
193.31 1 0.4704
193.31 2 0.0280383
193.41 1 0.470724
193.41 2 0.0280504
193.51 1 0.471062
193.51 2 0.0280644
193.61 1 0.471387
193.61 2 0.0280785
193.71 1 0.471715
193.71 2 0.0281089
193.81 1 0.471796
193.81 2 0.0281458
193.91 1 0.471855
193.91 2 0.0281373
194.01 1 0.472192
194.01 2 0.0281513
194.11 1 0.472495
194.11 2 0.0281736
194.21 1 0.472659
194.21 2 0.0282214
194.31 1 0.472645
194.31 2 0.0282098
194.41 1 0.472981
194.41 2 0.0282238
194.51 1 0.473304
194.51 2 0.0282377
194.61 1 0.473638
194.61 2 0.0282516
194.71 1 0.473972
194.71 2 0.0282656
194.81 1 0.474306
194.81 2 0.0282785
194.91 1 0.47464
194.91 2 0.0282923
195.01 1 0.474961
195.01 2 0.0283062
195.11 1 0.475294
195.11 2 0.028318
195.21 1 0.475624
195.21 2 0.0283318
195.31 1 0.475945
195.31 2 0.0283456
195.41 1 0.476276
195.41 2 0.0283594
195.51 1 0.476608
195.51 2 0.0283732
195.61 1 0.476939
195.61 2 0.028386
195.71 1 0.477256
195.71 2 0.0283977
195.81 1 0.477587
195.81 2 0.0284114
195.91 1 0.477917
195.91 2 0.0284251
196.01 1 0.478246
196.01 2 0.0284388
196.11 1 0.478576
196.11 2 0.0284526
196.21 1 0.478873
196.21 2 0.0284663
196.31 1 0.479201
196.31 2 0.0285033
196.41 1 0.478995
196.41 2 0.028535
196.51 1 0.479168
196.51 2 0.0285301
196.61 1 0.479371
196.61 2 0.0285295
196.71 1 0.479678
196.71 2 0.028554
196.81 1 0.479804
196.81 2 0.0285974
196.91 1 0.479808
196.91 2 0.0285867
197.01 1 0.480113
197.01 2 0.0286065
197.11 1 0.480262
197.11 2 0.0286533
197.21 1 0.480221
197.21 2 0.0286416
197.31 1 0.480556
197.31 2 0.0286794
197.41 1 0.48037
197.41 2 0.0287044
197.51 1 0.480696
197.51 2 0.0287
197.61 1 0.481022
197.61 2 0.0287134
197.71 1 0.481347
197.71 2 0.0287259
197.81 1 0.481672
197.81 2 0.0287394
197.91 1 0.481986
197.91 2 0.0287528
198.01 1 0.48229
198.01 2 0.0287662
198.11 1 0.482561
198.11 2 0.028802
198.21 1 0.482366
198.21 2 0.0288356
198.31 1 0.48227
198.31 2 0.0288386
198.41 1 0.482132
198.41 2 0.0288301
198.51 1 0.482208
198.51 2 0.0288269
198.61 1 0.482014
198.61 2 0.0288151
198.71 1 0.481831
198.71 2 0.0288033
198.81 1 0.481648
198.81 2 0.0287947
198.91 1 0.481581
198.91 2 0.0287829
199.01 1 0.481893
199.01 2 0.0287902
199.11 1 0.482216
199.11 2 0.0288036
199.21 1 0.482538
199.21 2 0.0288169
199.31 1 0.48286
199.31 2 0.0288302
199.41 1 0.483161
199.41 2 0.0288568
199.51 1 0.483262
199.51 2 0.0288959
199.61 1 0.483286
199.61 2 0.0288862
199.71 1 0.483607
199.71 2 0.0288994
199.81 1 0.483907
199.81 2 0.0289126
199.91 1 0.484216
199.91 2 0.0289446
200.01 1 0.484282
200.01 2 0.0289763
200.11 1 0.484373
200.11 2 0.0289703
200.21 1 0.484228
200.21 2 0.0289803
200.31 1 0.484189
200.31 2 0.0289803
200.41 1 0.484189
200.41 2 0.0289803
200.51 1 0.484189
200.51 2 0.0289803
200.61 1 0.484189
200.61 2 0.0289803
200.71 1 0.484189
200.71 2 0.0289803
200.81 1 0.484189
200.81 2 0.0289803
200.91 1 0.484189
200.91 2 0.0289803
