0.010001 1 -0
0.110001 1 -0
0.210001 1 0.00418502
0.210001 2 -0
0.310001 1 0.00418502
0.310001 2 0.00418502
0.410001 1 0.206085
0.410001 2 0.00418502
0.510001 1 0.206085
0.510001 2 0.0066201
0.610001 1 0.292752
0.610001 2 0.0066201
0.710001 1 0.336188
0.710001 2 0.0104825
0.810001 1 0.381519
0.810001 2 0.0141181
0.910001 1 0.414337
0.910001 2 0.0196524
1.01 1 0.414337
1.01 2 0.0207196
1.11 1 0.408997
1.11 2 0.0207196
1.21 1 0.436109
1.21 2 0.0192559
1.31 1 0.451668
1.31 2 0.0207295
1.41 1 0.477141
1.41 2 0.0195445
1.51 1 0.465567
1.51 2 0.0208276
1.61 1 0.49778
1.61 2 0.0196123
1.71 1 0.487007
1.71 2 0.0210697
1.81 1 0.516915
1.81 2 0.0209757
1.91 1 0.507946
1.91 2 0.0238374
2.01 1 0.507946
2.01 2 0.0235822
2.11 1 0.474426
2.11 2 0.0235822
2.21 1 0.501398
2.21 2 0.0222873
2.31 1 0.492831
2.31 2 0.0243138
2.41 1 0.506925
2.41 2 0.0240567
2.51 1 0.506925
2.51 2 0.0249241
2.61 1 0.487371
2.61 2 0.0249241
2.71 1 0.507231
2.71 2 0.0239352
2.81 1 0.504246
2.81 2 0.0246941
2.91 1 0.524965
2.91 2 0.0241131
3.01 1 0.518884
3.01 2 0.0247142
3.11 1 0.536581
3.11 2 0.0241551
3.21 1 0.531566
3.21 2 0.0252894
3.31 1 0.545688
3.31 2 0.0252661
3.41 1 0.545688
3.41 2 0.0264354
3.51 1 0.526481
3.51 2 0.0264354
3.61 1 0.54362
3.61 2 0.0252645
3.71 1 0.545363
3.71 2 0.0251142
3.81 1 0.535174
3.81 2 0.0255025
3.91 1 0.550784
3.91 2 0.0246133
4.01 1 0.546507
4.01 2 0.0251335
4.11 1 0.559215
4.11 2 0.0247597
4.21 1 0.556656
4.21 2 0.0257857
4.31 1 0.562571
4.31 2 0.0257559
4.41 1 0.562571
4.41 2 0.0263677
4.51 1 0.541866
4.51 2 0.0263677
4.61 1 0.541866
4.61 2 0.025585
4.71 1 0.525985
4.71 2 0.025585
4.81 1 0.513983
4.81 2 0.0245306
4.91 1 0.513204
4.91 2 0.0239801
5.01 1 0.513204
5.01 2 0.023985
5.11 1 0.501323
5.11 2 0.023985
5.21 1 0.501323
5.21 2 0.0232455
5.31 1 0.488949
5.31 2 0.0232455
5.41 1 0.488949
5.41 2 0.0226435
5.51 1 0.480458
5.51 2 0.0226435
5.61 1 0.480458
5.61 2 0.0225619
5.71 1 0.470249
5.71 2 0.0225619
5.81 1 0.470249
5.81 2 0.0219558
5.91 1 0.464148
5.91 2 0.0219558
6.01 1 0.464148
6.01 2 0.0215119
6.11 1 0.455853
6.11 2 0.0217214
6.21 1 0.45675
6.21 2 0.0212149
6.31 1 0.448175
6.31 2 0.0212666
6.41 1 0.450906
6.41 2 0.020885
6.51 1 0.443821
6.51 2 0.0212306
6.61 1 0.443538
6.61 2 0.0208348
6.71 1 0.434716
6.71 2 0.020809
6.81 1 0.439384
6.81 2 0.0203545
6.91 1 0.439384
6.91 2 0.0204031
7.01 1 0.436213
7.01 2 0.0204031
7.11 1 0.436213
7.11 2 0.0202693
7.21 1 0.432141
7.21 2 0.0202693
7.31 1 0.432141
7.31 2 0.0199084
7.41 1 0.42935
7.41 2 0.0199084
7.51 1 0.42935
7.51 2 0.0197958
7.61 1 0.425676
7.61 2 0.0197958
7.71 1 0.425676
7.71 2 0.019467
7.81 1 0.423203
7.81 2 0.019467
7.91 1 0.423203
7.91 2 0.019372
8.01 1 0.420796
8.01 2 0.019372
8.11 1 0.420796
8.11 2 0.0192502
8.21 1 0.417683
8.21 2 0.0192502
8.31 1 0.417683
8.31 2 0.0189913
8.41 1 0.415579
8.41 2 0.0189913
8.51 1 0.415579
8.51 2 0.018854
8.61 1 0.41093
8.61 2 0.018854
8.71 1 0.412014
8.71 2 0.0185546
8.81 1 0.407677
8.81 2 0.0185703
8.91 1 0.410152
8.91 2 0.0183013
9.01 1 0.406067
9.01 2 0.0185072
9.11 1 0.407508
9.11 2 0.0182441
9.21 1 0.402547
9.21 2 0.0182171
9.31 1 0.405217
9.31 2 0.0179646
9.41 1 0.401004
9.41 2 0.0181376
9.51 1 0.402807
9.51 2 0.0179189
9.61 1 0.398718
9.61 2 0.0178954
9.71 1 0.40032
9.71 2 0.0176584
9.81 1 0.396261
9.81 2 0.0178109
9.91 1 0.398102
9.91 2 0.0175957
10.01 1 0.393689
10.01 2 0.0176
10.11 1 0.396753
10.11 2 0.0173775
10.21 1 0.392449
10.21 2 0.0175648
10.31 1 0.394236
10.31 2 0.0173473
10.41 1 0.394236
10.41 2 0.0173672
10.51 1 0.388392
10.51 2 0.0173672
10.61 1 0.388392
10.61 2 0.0171454
10.71 1 0.384216
10.71 2 0.0171454
10.81 1 0.384216
10.81 2 0.0170583
10.91 1 0.379518
10.91 2 0.0170583
11.01 1 0.379518
11.01 2 0.0168889
11.11 1 0.375186
11.11 2 0.0168889
11.21 1 0.376514
11.21 2 0.0166925
11.31 1 0.376514
11.31 2 0.0167215
11.41 1 0.371449
11.41 2 0.0167215
11.51 1 0.371449
11.51 2 0.0165288
11.61 1 0.367898
11.61 2 0.0165288
11.71 1 0.367898
11.71 2 0.0164934
11.81 1 0.365528
11.81 2 0.0164934
11.91 1 0.365528
11.91 2 0.01632
12.01 1 0.361144
12.01 2 0.01632
12.11 1 0.361144
12.11 2 0.0160963
12.21 1 0.357323
12.21 2 0.0160963
12.31 1 0.357323
12.31 2 0.0158803
12.41 1 0.353643
12.41 2 0.0158803
12.51 1 0.353643
12.51 2 0.0157848
12.61 1 0.349673
12.61 2 0.0157848
12.71 1 0.349673
12.71 2 0.0156362
12.81 1 0.346637
12.81 2 0.0156362
12.91 1 0.346421
12.91 2 0.0154964
13.01 1 0.344851
13.01 2 0.0154828
13.11 1 0.345412
13.11 2 0.0153786
13.21 1 0.341199
13.21 2 0.0153822
13.31 1 0.342703
13.31 2 0.0153822
13.41 1 0.342703
13.41 2 0.0153147
13.51 1 0.339562
13.51 2 0.0153147
13.61 1 0.339562
13.61 2 0.0151383
13.71 1 0.33649
13.71 2 0.0151383
13.81 1 0.33649
13.81 2 0.0149606
13.91 1 0.333512
13.91 2 0.0149606
14.01 1 0.333512
14.01 2 0.0147884
14.11 1 0.331171
14.11 2 0.0147884
14.21 1 0.331171
14.21 2 0.0147404
14.31 1 0.327831
14.31 2 0.0147404
14.41 1 0.327831
14.41 2 0.0146171
14.51 1 0.324225
14.51 2 0.0146171
14.61 1 0.324377
14.61 2 0.0144687
14.71 1 0.322457
14.71 2 0.0144932
14.81 1 0.323139
14.81 2 0.0143995
14.91 1 0.323139
14.91 2 0.0144179
15.01 1 0.319343
15.01 2 0.0144179
15.11 1 0.319343
15.11 2 0.0144179
15.21 1 0.314522
15.21 2 0.0144179
15.31 1 0.314522
15.31 2 0.0144179
15.41 1 0.314522
15.41 2 0.0144179
15.51 1 0.314522
15.51 2 0.0144179
15.61 1 0.314522
15.61 2 0.0144179
15.71 1 0.304863
15.71 2 0.0144179
15.81 1 0.304863
15.81 2 0.0144179
15.91 1 0.304863
15.91 2 0.0144179
16.01 1 0.304863
16.01 2 0.0144179
16.11 1 0.304863
16.11 2 0.0144179
16.21 1 0.304863
16.21 2 0.0144179
16.31 1 0.304863
16.31 2 0.0144179
16.41 1 0.304863
16.41 2 0.0144179
16.51 1 0.304863
16.51 2 0.0144179
16.61 1 0.304863
16.61 2 0.0144179
16.71 1 0.286847
16.71 2 0.0144179
16.81 1 0.286847
16.81 2 0.0144179
16.91 1 0.286847
16.91 2 0.0144179
17.01 1 0.286847
17.01 2 0.0144179
17.11 1 0.286847
17.11 2 0.0144179
17.21 1 0.286847
17.21 2 0.0144179
17.31 1 0.286847
17.31 2 0.0144179
17.41 1 0.286847
17.41 2 0.0144179
17.51 1 0.286847
17.51 2 0.0144179
17.61 1 0.286847
17.61 2 0.0144179
17.71 1 0.286847
17.71 2 0.0144179
17.81 1 0.286847
17.81 2 0.0144179
17.91 1 0.286847
17.91 2 0.0144179
18.01 1 0.286847
18.01 2 0.0144179
18.11 1 0.286847
18.11 2 0.0144179
18.21 1 0.286847
18.21 2 0.0144179
18.31 1 0.286847
18.31 2 0.0144179
18.41 1 0.286847
18.41 2 0.0144179
18.51 1 0.286847
18.51 2 0.0144179
18.61 1 0.286847
18.61 2 0.0144179
18.71 1 0.256252
18.71 2 0.0144179
18.81 1 0.256252
18.81 2 0.0144179
18.91 1 0.256252
18.91 2 0.0144179
19.01 1 0.256252
19.01 2 0.0144179
19.11 1 0.256252
19.11 2 0.0144179
19.21 1 0.256252
19.21 2 0.0144179
19.31 1 0.256252
19.31 2 0.0144179
19.41 1 0.256252
19.41 2 0.0144179
19.51 1 0.256252
19.51 2 0.0144179
19.61 1 0.256252
19.61 2 0.0144179
19.71 1 0.256252
19.71 2 0.0144179
19.81 1 0.256252
19.81 2 0.0144179
19.91 1 0.256252
19.91 2 0.0144179
20.01 1 0.256252
20.01 2 0.0144179
20.11 1 0.256252
20.11 2 0.0144179
20.21 1 0.256252
20.21 2 0.0144179
20.31 1 0.256252
20.31 2 0.0144179
20.41 1 0.256252
20.41 2 0.0144179
20.51 1 0.256252
20.51 2 0.0144179
20.61 1 0.256252
20.61 2 0.0144179
20.71 1 0.256252
20.71 2 0.0144179
20.81 1 0.256252
20.81 2 0.0144179
20.91 1 0.256252
20.91 2 0.0144179
21.01 1 0.256252
21.01 2 0.0144179
21.11 1 0.256252
21.11 2 0.0144179
21.21 1 0.256252
21.21 2 0.0144179
21.31 1 0.256252
21.31 2 0.0144179
21.41 1 0.256252
21.41 2 0.0144179
21.51 1 0.256252
21.51 2 0.0144179
21.61 1 0.256252
21.61 2 0.0144179
21.71 1 0.256252
21.71 2 0.0144179
21.81 1 0.256252
21.81 2 0.0144179
21.91 1 0.256252
21.91 2 0.0144179
22.01 1 0.256252
22.01 2 0.0144179
22.11 1 0.256252
22.11 2 0.0144179
22.21 1 0.256252
22.21 2 0.0144179
22.31 1 0.256252
22.31 2 0.0144179
22.41 1 0.256252
22.41 2 0.0144179
22.51 1 0.256252
22.51 2 0.0144179
22.61 1 0.256252
22.61 2 0.0144179
22.71 1 0.256252
22.71 2 0.0144179
22.81 1 0.211041
22.81 2 0.0144179
22.91 1 0.211041
22.91 2 0.0144179
23.01 1 0.211041
23.01 2 0.0144179
23.11 1 0.211041
23.11 2 0.0144179
23.21 1 0.211041
23.21 2 0.0144179
23.31 1 0.211041
23.31 2 0.0144179
23.41 1 0.211041
23.41 2 0.0144179
23.51 1 0.211041
23.51 2 0.0144179
23.61 1 0.211041
23.61 2 0.0144179
23.71 1 0.211041
23.71 2 0.0144179
23.81 1 0.211041
23.81 2 0.0144179
23.91 1 0.211041
23.91 2 0.0144179
24.01 1 0.211041
24.01 2 0.0144179
24.11 1 0.211041
24.11 2 0.0144179
24.21 1 0.211041
24.21 2 0.0144179
24.31 1 0.211041
24.31 2 0.0144179
24.41 1 0.211041
24.41 2 0.0144179
24.51 1 0.211041
24.51 2 0.0144179
24.61 1 0.211041
24.61 2 0.0144179
24.71 1 0.211041
24.71 2 0.0144179
24.81 1 0.211041
24.81 2 0.0144179
24.91 1 0.211041
24.91 2 0.0144179
25.01 1 0.211041
25.01 2 0.0144179
25.11 1 0.211041
25.11 2 0.0144179
25.21 1 0.211041
25.21 2 0.0144179
25.31 1 0.211041
25.31 2 0.0144179
25.41 1 0.211041
25.41 2 0.0144179
25.51 1 0.211041
25.51 2 0.0144179
25.61 1 0.211041
25.61 2 0.0144179
25.71 1 0.211041
25.71 2 0.0144179
25.81 1 0.211041
25.81 2 0.0144179
25.91 1 0.211041
25.91 2 0.0144179
26.01 1 0.211041
26.01 2 0.0144179
26.11 1 0.211041
26.11 2 0.0144179
26.21 1 0.211041
26.21 2 0.0144179
26.31 1 0.211041
26.31 2 0.0144179
26.41 1 0.211041
26.41 2 0.0144179
26.51 1 0.211041
26.51 2 0.0144179
26.61 1 0.211041
26.61 2 0.0144179
26.71 1 0.211041
26.71 2 0.0144179
26.81 1 0.211041
26.81 2 0.0144179
26.91 1 0.211041
26.91 2 0.0144179
27.01 1 0.211041
27.01 2 0.0144179
27.11 1 0.211041
27.11 2 0.0144179
27.21 1 0.211041
27.21 2 0.0144179
27.31 1 0.211041
27.31 2 0.0144179
27.41 1 0.211041
27.41 2 0.0144179
27.51 1 0.211041
27.51 2 0.0144179
27.61 1 0.211041
27.61 2 0.0144179
27.71 1 0.211041
27.71 2 0.0144179
27.81 1 0.211041
27.81 2 0.0144179
27.91 1 0.211041
27.91 2 0.0144179
28.01 1 0.211041
28.01 2 0.0144179
28.11 1 0.211041
28.11 2 0.0144179
28.21 1 0.211041
28.21 2 0.0144179
28.31 1 0.211041
28.31 2 0.0144179
28.41 1 0.211041
28.41 2 0.0144179
28.51 1 0.211041
28.51 2 0.0144179
28.61 1 0.211041
28.61 2 0.0144179
28.71 1 0.211041
28.71 2 0.0144179
28.81 1 0.211041
28.81 2 0.0144179
28.91 1 0.211041
28.91 2 0.0144179
29.01 1 0.211041
29.01 2 0.0144179
29.11 1 0.211041
29.11 2 0.0144179
29.21 1 0.211041
29.21 2 0.0144179
29.31 1 0.211041
29.31 2 0.0144179
29.41 1 0.211041
29.41 2 0.0144179
29.51 1 0.211041
29.51 2 0.0144179
29.61 1 0.211041
29.61 2 0.0144179
29.71 1 0.211041
29.71 2 0.0144179
29.81 1 0.211041
29.81 2 0.0144179
29.91 1 0.211041
29.91 2 0.0144179
30.01 1 0.211041
30.01 2 0.0144179
30.11 1 0.211041
30.11 2 0.0144179
30.21 1 0.211041
30.21 2 0.0144179
30.31 1 0.211041
30.31 2 0.0144179
30.41 1 0.211041
30.41 2 0.0144179
30.51 1 0.211041
30.51 2 0.0144179
30.61 1 0.211041
30.61 2 0.0144179
30.71 1 0.211041
30.71 2 0.0144179
30.81 1 0.211041
30.81 2 0.0144179
30.91 1 0.155942
30.91 2 0.0144179
31.01 1 0.155942
31.01 2 0.0144179
31.11 1 0.155942
31.11 2 0.0144179
31.21 1 0.155942
31.21 2 0.0144179
31.31 1 0.155942
31.31 2 0.0144179
31.41 1 0.155942
31.41 2 0.0144179
31.51 1 0.155942
31.51 2 0.0144179
31.61 1 0.155942
31.61 2 0.0144179
31.71 1 0.155942
31.71 2 0.0144179
31.81 1 0.155942
31.81 2 0.0144179
31.91 1 0.155942
31.91 2 0.0144179
32.01 1 0.155942
32.01 2 0.0144179
32.11 1 0.155942
32.11 2 0.0144179
32.21 1 0.155942
32.21 2 0.0144179
32.31 1 0.155942
32.31 2 0.0144179
32.41 1 0.155942
32.41 2 0.0144179
32.51 1 0.155942
32.51 2 0.0144179
32.61 1 0.155942
32.61 2 0.0144179
32.71 1 0.155942
32.71 2 0.0144179
32.81 1 0.155942
32.81 2 0.0144179
32.91 1 0.155942
32.91 2 0.0144179
33.01 1 0.155942
33.01 2 0.0144179
33.11 1 0.155942
33.11 2 0.0144179
33.21 1 0.155942
33.21 2 0.0144179
33.31 1 0.155942
33.31 2 0.0144179
33.41 1 0.155942
33.41 2 0.0144179
33.51 1 0.155942
33.51 2 0.0144179
33.61 1 0.155942
33.61 2 0.0144179
33.71 1 0.155942
33.71 2 0.0144179
33.81 1 0.155942
33.81 2 0.0144179
33.91 1 0.155942
33.91 2 0.0144179
34.01 1 0.155942
34.01 2 0.0144179
34.11 1 0.155942
34.11 2 0.0144179
34.21 1 0.155942
34.21 2 0.0144179
34.31 1 0.155942
34.31 2 0.0144179
34.41 1 0.155942
34.41 2 0.0144179
34.51 1 0.155942
34.51 2 0.0144179
34.61 1 0.155942
34.61 2 0.0144179
34.71 1 0.155942
34.71 2 0.0144179
34.81 1 0.155942
34.81 2 0.0144179
34.91 1 0.155942
34.91 2 0.0144179
35.01 1 0.155942
35.01 2 0.0144179
35.11 1 0.155942
35.11 2 0.0144179
35.21 1 0.155942
35.21 2 0.0144179
35.31 1 0.155942
35.31 2 0.0144179
35.41 1 0.155942
35.41 2 0.0144179
35.51 1 0.155942
35.51 2 0.0144179
35.61 1 0.155942
35.61 2 0.0144179
35.71 1 0.155942
35.71 2 0.0144179
35.81 1 0.155942
35.81 2 0.0144179
35.91 1 0.155942
35.91 2 0.0144179
36.01 1 0.155942
36.01 2 0.0144179
36.11 1 0.155942
36.11 2 0.0144179
36.21 1 0.155942
36.21 2 0.0144179
36.31 1 0.155942
36.31 2 0.0144179
36.41 1 0.155942
36.41 2 0.0144179
36.51 1 0.155942
36.51 2 0.0144179
36.61 1 0.155942
36.61 2 0.0144179
36.71 1 0.155942
36.71 2 0.0144179
36.81 1 0.155942
36.81 2 0.0144179
36.91 1 0.155942
36.91 2 0.0144179
37.01 1 0.155942
37.01 2 0.0144179
37.11 1 0.155942
37.11 2 0.0144179
37.21 1 0.155942
37.21 2 0.0144179
37.31 1 0.155942
37.31 2 0.0144179
37.41 1 0.155942
37.41 2 0.0144179
37.51 1 0.155942
37.51 2 0.0144179
37.61 1 0.155942
37.61 2 0.0144179
37.71 1 0.155942
37.71 2 0.0144179
37.81 1 0.155942
37.81 2 0.0144179
37.91 1 0.155942
37.91 2 0.0144179
38.01 1 0.155942
38.01 2 0.0144179
38.11 1 0.155942
38.11 2 0.0144179
38.21 1 0.155942
38.21 2 0.0144179
38.31 1 0.155942
38.31 2 0.0144179
38.41 1 0.155942
38.41 2 0.0144179
38.51 1 0.155942
38.51 2 0.0144179
38.61 1 0.155942
38.61 2 0.0144179
38.71 1 0.155942
38.71 2 0.0144179
38.81 1 0.155942
38.81 2 0.0144179
38.91 1 0.155942
38.91 2 0.0144179
39.01 1 0.155942
39.01 2 0.0144179
39.11 1 0.155942
39.11 2 0.0144179
39.21 1 0.155942
39.21 2 0.0144179
39.31 1 0.155942
39.31 2 0.0144179
39.41 1 0.155942
39.41 2 0.0144179
39.51 1 0.155942
39.51 2 0.0144179
39.61 1 0.155942
39.61 2 0.0144179
39.71 1 0.155942
39.71 2 0.0144179
39.81 1 0.155942
39.81 2 0.0144179
39.91 1 0.155942
39.91 2 0.0144179
40.01 1 0.155942
40.01 2 0.0144179
40.11 1 0.155942
40.11 2 0.0144179
40.21 1 0.155942
40.21 2 0.0144179
40.31 1 0.155942
40.31 2 0.0144179
40.41 1 0.155942
40.41 2 0.0144179
40.51 1 0.155942
40.51 2 0.0144179
40.61 1 0.155942
40.61 2 0.0144179
40.71 1 0.155942
40.71 2 0.0144179
40.81 1 0.155942
40.81 2 0.0144179
40.91 1 0.155942
40.91 2 0.0144179
41.01 1 0.155942
41.01 2 0.0144179
41.11 1 0.155942
41.11 2 0.0144179
41.21 1 0.155942
41.21 2 0.0144179
41.31 1 0.155942
41.31 2 0.0144179
41.41 1 0.155942
41.41 2 0.0144179
41.51 1 0.155942
41.51 2 0.0144179
41.61 1 0.155942
41.61 2 0.0144179
41.71 1 0.155942
41.71 2 0.0144179
41.81 1 0.155942
41.81 2 0.0144179
41.91 1 0.155942
41.91 2 0.0144179
42.01 1 0.155942
42.01 2 0.0144179
42.11 1 0.155942
42.11 2 0.0144179
42.21 1 0.155942
42.21 2 0.0144179
42.31 1 0.155942
42.31 2 0.0144179
42.41 1 0.155942
42.41 2 0.0144179
42.51 1 0.155942
42.51 2 0.0144179
42.61 1 0.155942
42.61 2 0.0144179
42.71 1 0.155942
42.71 2 0.0144179
42.81 1 0.155942
42.81 2 0.0144179
42.91 1 0.155942
42.91 2 0.0144179
43.01 1 0.155942
43.01 2 0.0144179
43.11 1 0.155942
43.11 2 0.0144179
43.21 1 0.155942
43.21 2 0.0144179
43.31 1 0.155942
43.31 2 0.0144179
43.41 1 0.155942
43.41 2 0.0144179
43.51 1 0.155942
43.51 2 0.0144179
43.61 1 0.155942
43.61 2 0.0144179
43.71 1 0.155942
43.71 2 0.0144179
43.81 1 0.155942
43.81 2 0.0144179
43.91 1 0.155942
43.91 2 0.0144179
44.01 1 0.155942
44.01 2 0.0144179
44.11 1 0.155942
44.11 2 0.0144179
44.21 1 0.155942
44.21 2 0.0144179
44.31 1 0.155942
44.31 2 0.0144179
44.41 1 0.155942
44.41 2 0.0144179
44.51 1 0.155942
44.51 2 0.0144179
44.61 1 0.155942
44.61 2 0.0144179
44.71 1 0.155942
44.71 2 0.0144179
44.81 1 0.155942
44.81 2 0.0144179
44.91 1 0.155942
44.91 2 0.0144179
45.01 1 0.155942
45.01 2 0.0144179
45.11 1 0.155942
45.11 2 0.0144179
45.21 1 0.155942
45.21 2 0.0144179
45.31 1 0.155942
45.31 2 0.0144179
45.41 1 0.155942
45.41 2 0.0144179
45.51 1 0.155942
45.51 2 0.0144179
45.61 1 0.155942
45.61 2 0.0144179
45.71 1 0.155942
45.71 2 0.0144179
45.81 1 0.155942
45.81 2 0.0144179
45.91 1 0.155942
45.91 2 0.0144179
46.01 1 0.155942
46.01 2 0.0144179
46.11 1 0.155942
46.11 2 0.0144179
46.21 1 0.155942
46.21 2 0.0144179
46.31 1 0.155942
46.31 2 0.0144179
46.41 1 0.155942
46.41 2 0.0144179
46.51 1 0.155942
46.51 2 0.0144179
46.61 1 0.155942
46.61 2 0.0144179
46.71 1 0.155942
46.71 2 0.0144179
46.81 1 0.155942
46.81 2 0.0144179
46.91 1 0.155942
46.91 2 0.0144179
47.01 1 0.155942
47.01 2 0.0144179
47.11 1 0.155942
47.11 2 0.0144179
47.21 1 0.155942
47.21 2 0.0144179
47.31 1 0.155942
47.31 2 0.0144179
47.41 1 0.155942
47.41 2 0.0144179
47.51 1 0.155942
47.51 2 0.0144179
47.61 1 0.155942
47.61 2 0.0144179
47.71 1 0.155942
47.71 2 0.0144179
47.81 1 0.155942
47.81 2 0.0144179
47.91 1 0.155942
47.91 2 0.0144179
48.01 1 0.155942
48.01 2 0.0144179
48.11 1 0.155942
48.11 2 0.0144179
48.21 1 0.155942
48.21 2 0.0144179
48.31 1 0.155942
48.31 2 0.0144179
48.41 1 0.155942
48.41 2 0.0144179
48.51 1 0.155942
48.51 2 0.0144179
48.61 1 0.155942
48.61 2 0.0144179
48.71 1 0.155942
48.71 2 0.0144179
48.81 1 0.155942
48.81 2 0.0144179
48.91 1 0.155942
48.91 2 0.0144179
49.01 1 0.155942
49.01 2 0.0144179
49.11 1 0.155942
49.11 2 0.0144179
49.21 1 0.155942
49.21 2 0.0144179
49.31 1 0.155942
49.31 2 0.0144179
49.41 1 0.155942
49.41 2 0.0144179
49.51 1 0.155942
49.51 2 0.0144179
49.61 1 0.155942
49.61 2 0.0144179
49.71 1 0.155942
49.71 2 0.0144179
49.81 1 0.155942
49.81 2 0.0144179
49.91 1 0.155942
49.91 2 0.0144179
50.01 1 0.155942
50.01 2 0.0144179
50.11 1 0.155942
50.11 2 0.0144179
50.21 1 0.155942
50.21 2 0.0144179
50.31 1 0.155942
50.31 2 0.0144179
50.41 1 0.155942
50.41 2 0.0144179
50.51 1 0.155942
50.51 2 0.0144179
50.61 1 0.155942
50.61 2 0.0144179
50.71 1 0.155942
50.71 2 0.0144179
50.81 1 0.155942
50.81 2 0.0144179
50.91 1 0.155942
50.91 2 0.0144179
51.01 1 0.155942
51.01 2 0.0144179
51.11 1 0.155942
51.11 2 0.0144179
51.21 1 0.155942
51.21 2 0.0144179
51.31 1 0.155942
51.31 2 0.0144179
51.41 1 0.155942
51.41 2 0.0144179
51.51 1 0.155942
51.51 2 0.0144179
51.61 1 0.155942
51.61 2 0.0144179
51.71 1 0.155942
51.71 2 0.0144179
51.81 1 0.155942
51.81 2 0.0144179
51.91 1 0.155942
51.91 2 0.0144179
52.01 1 0.155942
52.01 2 0.0144179
52.11 1 0.155942
52.11 2 0.0144179
52.21 1 0.155942
52.21 2 0.0144179
52.31 1 0.155942
52.31 2 0.0144179
52.41 1 0.155942
52.41 2 0.0144179
52.51 1 0.155942
52.51 2 0.0144179
52.61 1 0.155942
52.61 2 0.0144179
52.71 1 0.155942
52.71 2 0.0144179
52.81 1 0.155942
52.81 2 0.0144179
52.91 1 0.155942
52.91 2 0.0144179
53.01 1 0.155942
53.01 2 0.0144179
53.11 1 0.155942
53.11 2 0.0144179
53.21 1 0.155942
53.21 2 0.0144179
53.31 1 0.155942
53.31 2 0.0144179
53.41 1 0.155942
53.41 2 0.0144179
53.51 1 0.155942
53.51 2 0.0144179
53.61 1 0.155942
53.61 2 0.0144179
53.71 1 0.155942
53.71 2 0.0144179
53.81 1 0.155942
53.81 2 0.0144179
53.91 1 0.155942
53.91 2 0.0144179
54.01 1 0.155942
54.01 2 0.0144179
54.11 1 0.155942
54.11 2 0.0144179
54.21 1 0.155942
54.21 2 0.0144179
54.31 1 0.155942
54.31 2 0.0144179
54.41 1 0.155942
54.41 2 0.0144179
54.51 1 0.155942
54.51 2 0.0144179
54.61 1 0.155942
54.61 2 0.0144179
54.71 1 0.155942
54.71 2 0.0144179
54.81 1 0.155942
54.81 2 0.0144179
54.91 1 0.155942
54.91 2 0.0144179
55.01 1 0.155942
55.01 2 0.0144179
55.11 1 0.155942
55.11 2 0.0144179
55.21 1 0.155942
55.21 2 0.0144179
55.31 1 0.155942
55.31 2 0.0144179
55.41 1 0.155942
55.41 2 0.0144179
55.51 1 0.155942
55.51 2 0.0144179
55.61 1 0.155942
55.61 2 0.0144179
55.71 1 0.155942
55.71 2 0.0144179
55.81 1 0.155942
55.81 2 0.0144179
55.91 1 0.155942
55.91 2 0.0144179
56.01 1 0.155942
56.01 2 0.0144179
56.11 1 0.155942
56.11 2 0.0144179
56.21 1 0.155942
56.21 2 0.0144179
56.31 1 0.155942
56.31 2 0.0144179
56.41 1 0.155942
56.41 2 0.0144179
56.51 1 0.155942
56.51 2 0.0144179
56.61 1 0.155942
56.61 2 0.0144179
56.71 1 0.155942
56.71 2 0.0144179
56.81 1 0.155942
56.81 2 0.0144179
56.91 1 0.155942
56.91 2 0.0144179
57.01 1 0.155942
57.01 2 0.0144179
57.11 1 0.155942
57.11 2 0.0144179
57.21 1 0.155942
57.21 2 0.0144179
57.31 1 0.155942
57.31 2 0.0144179
57.41 1 0.155942
57.41 2 0.0144179
57.51 1 0.155942
57.51 2 0.0144179
57.61 1 0.155942
57.61 2 0.0144179
57.71 1 0.155942
57.71 2 0.0144179
57.81 1 0.155942
57.81 2 0.0144179
57.91 1 0.155942
57.91 2 0.0144179
58.01 1 0.155942
58.01 2 0.0144179
58.11 1 0.155942
58.11 2 0.0144179
58.21 1 0.155942
58.21 2 0.0144179
58.31 1 0.155942
58.31 2 0.0144179
58.41 1 0.155942
58.41 2 0.0144179
58.51 1 0.155942
58.51 2 0.0144179
58.61 1 0.155942
58.61 2 0.0144179
58.71 1 0.155942
58.71 2 0.0144179
58.81 1 0.155942
58.81 2 0.0144179
58.91 1 0.155942
58.91 2 0.0144179
59.01 1 0.155942
59.01 2 0.0144179
59.11 1 0.155942
59.11 2 0.0144179
59.21 1 0.155942
59.21 2 0.0144179
59.31 1 0.155942
59.31 2 0.0144179
59.41 1 0.155942
59.41 2 0.0144179
59.51 1 0.155942
59.51 2 0.0144179
59.61 1 0.155942
59.61 2 0.0144179
59.71 1 0.155942
59.71 2 0.0144179
59.81 1 0.155942
59.81 2 0.0144179
59.91 1 0.155942
59.91 2 0.0144179
60.01 1 0.155942
60.01 2 0.0144179
60.11 1 0.155942
60.11 2 0.0144179
60.21 1 0.155942
60.21 2 0.0144179
60.31 1 0.155942
60.31 2 0.0144179
60.41 1 0.155942
60.41 2 0.0144179
60.51 1 0.155942
60.51 2 0.0144179
60.61 1 0.155942
60.61 2 0.0144179
60.71 1 0.155942
60.71 2 0.0144179
60.81 1 0.155942
60.81 2 0.0144179
60.91 1 0.155942
60.91 2 0.0144179
61.01 1 0.155942
61.01 2 0.0144179
61.11 1 0.155942
61.11 2 0.0144179
61.21 1 0.155942
61.21 2 0.0144179
61.31 1 0.155942
61.31 2 0.0144179
61.41 1 0.155942
61.41 2 0.0144179
61.51 1 0.155942
61.51 2 0.0144179
61.61 1 0.155942
61.61 2 0.0144179
61.71 1 0.155942
61.71 2 0.0144179
61.81 1 0.155942
61.81 2 0.0144179
61.91 1 0.155942
61.91 2 0.0144179
62.01 1 0.155942
62.01 2 0.0144179
62.11 1 0.155942
62.11 2 0.0144179
62.21 1 0.155942
62.21 2 0.0144179
62.31 1 0.155942
62.31 2 0.0144179
62.41 1 0.155942
62.41 2 0.0144179
62.51 1 0.155942
62.51 2 0.0144179
62.61 1 0.155942
62.61 2 0.0144179
62.71 1 0.155942
62.71 2 0.0144179
62.81 1 0.155942
62.81 2 0.0144179
62.91 1 0.155942
62.91 2 0.0144179
63.01 1 0.155942
63.01 2 0.0144179
63.11 1 0.155942
63.11 2 0.0144179
63.21 1 0.155942
63.21 2 0.0144179
63.31 1 0.155942
63.31 2 0.0144179
63.41 1 0.155942
63.41 2 0.0144179
63.51 1 0.155942
63.51 2 0.0144179
63.61 1 0.155942
63.61 2 0.0144179
63.71 1 0.155942
63.71 2 0.0144179
63.81 1 0.155942
63.81 2 0.0144179
63.91 1 0.155942
63.91 2 0.0144179
64.01 1 0.155942
64.01 2 0.0144179
64.11 1 0.155942
64.11 2 0.0144179
64.21 1 0.155942
64.21 2 0.0144179
64.31 1 0.155942
64.31 2 0.0144179
64.41 1 0.155942
64.41 2 0.0144179
64.51 1 0.155942
64.51 2 0.0144179
64.61 1 0.155942
64.61 2 0.0144179
64.71 1 0.155942
64.71 2 0.0144179
64.81 1 0.155942
64.81 2 0.0144179
64.91 1 0.155942
64.91 2 0.0144179
65.01 1 0.155942
65.01 2 0.0144179
65.11 1 0.155942
65.11 2 0.0144179
65.21 1 0.155942
65.21 2 0.0144179
65.31 1 0.155942
65.31 2 0.0144179
65.41 1 0.155942
65.41 2 0.0144179
65.51 1 0.155942
65.51 2 0.0144179
65.61 1 0.155942
65.61 2 0.0144179
65.71 1 0.155942
65.71 2 0.0144179
65.81 1 0.155942
65.81 2 0.0144179
65.91 1 0.155942
65.91 2 0.0144179
66.01 1 0.155942
66.01 2 0.0144179
66.11 1 0.155942
66.11 2 0.0144179
66.21 1 0.155942
66.21 2 0.0144179
66.31 1 0.155942
66.31 2 0.0144179
66.41 1 0.155942
66.41 2 0.0144179
66.51 1 0.155942
66.51 2 0.0144179
66.61 1 0.155942
66.61 2 0.0144179
66.71 1 0.155942
66.71 2 0.0144179
66.81 1 0.155942
66.81 2 0.0144179
66.91 1 0.155942
66.91 2 0.0144179
67.01 1 0.155942
67.01 2 0.0144179
67.11 1 0.155942
67.11 2 0.0144179
67.21 1 0.155942
67.21 2 0.0144179
67.31 1 0.155942
67.31 2 0.0144179
67.41 1 0.155942
67.41 2 0.0144179
67.51 1 0.155942
67.51 2 0.0144179
67.61 1 0.155942
67.61 2 0.0144179
67.71 1 0.155942
67.71 2 0.0144179
67.81 1 0.155942
67.81 2 0.0144179
67.91 1 0.155942
67.91 2 0.0144179
68.01 1 0.155942
68.01 2 0.0144179
68.11 1 0.155942
68.11 2 0.0144179
68.21 1 0.155942
68.21 2 0.0144179
68.31 1 0.155942
68.31 2 0.0144179
68.41 1 0.155942
68.41 2 0.0144179
68.51 1 0.155942
68.51 2 0.0144179
68.61 1 0.155942
68.61 2 0.0144179
68.71 1 0.155942
68.71 2 0.0144179
68.81 1 0.155942
68.81 2 0.0144179
68.91 1 0.155942
68.91 2 0.0144179
69.01 1 0.155942
69.01 2 0.0144179
69.11 1 0.155942
69.11 2 0.0144179
69.21 1 0.155942
69.21 2 0.0144179
69.31 1 0.155942
69.31 2 0.0144179
69.41 1 0.155942
69.41 2 0.0144179
69.51 1 0.155942
69.51 2 0.0144179
69.61 1 0.155942
69.61 2 0.0144179
69.71 1 0.155942
69.71 2 0.0144179
69.81 1 0.155942
69.81 2 0.0144179
69.91 1 0.155942
69.91 2 0.0144179
70.01 1 0.155942
70.01 2 0.0144179
70.11 1 0.155942
70.11 2 0.0144179
70.21 1 0.155942
70.21 2 0.0144179
70.31 1 0.155942
70.31 2 0.0144179
70.41 1 0.155942
70.41 2 0.0144179
70.51 1 0.155942
70.51 2 0.0144179
70.61 1 0.155942
70.61 2 0.0144179
70.71 1 0.155942
70.71 2 0.0144179
70.81 1 0.155942
70.81 2 0.0144179
70.91 1 0.155942
70.91 2 0.0144179
71.01 1 0.155942
71.01 2 0.0144179
71.11 1 0.155942
71.11 2 0.0144179
71.21 1 0.155942
71.21 2 0.0144179
71.31 1 0.155942
71.31 2 0.0144179
71.41 1 0.155942
71.41 2 0.0144179
71.51 1 0.155942
71.51 2 0.0144179
71.61 1 0.155942
71.61 2 0.0144179
71.71 1 0.155942
71.71 2 0.0144179
71.81 1 0.155942
71.81 2 0.0144179
71.91 1 0.155942
71.91 2 0.0144179
72.01 1 0.155942
72.01 2 0.0144179
72.11 1 0.155942
72.11 2 0.0144179
72.21 1 0.155942
72.21 2 0.0144179
72.31 1 0.155942
72.31 2 0.0144179
72.41 1 0.155942
72.41 2 0.0144179
72.51 1 0.155942
72.51 2 0.0144179
72.61 1 0.155942
72.61 2 0.0144179
72.71 1 0.155942
72.71 2 0.0144179
72.81 1 0.155942
72.81 2 0.0144179
72.91 1 0.155942
72.91 2 0.0144179
73.01 1 0.155942
73.01 2 0.0144179
73.11 1 0.155942
73.11 2 0.0144179
73.21 1 0.155942
73.21 2 0.0144179
73.31 1 0.155942
73.31 2 0.0144179
73.41 1 0.155942
73.41 2 0.0144179
73.51 1 0.155942
73.51 2 0.0144179
73.61 1 0.155942
73.61 2 0.0144179
73.71 1 0.155942
73.71 2 0.0144179
73.81 1 0.155942
73.81 2 0.0144179
73.91 1 0.155942
73.91 2 0.0144179
74.01 1 0.155942
74.01 2 0.0144179
74.11 1 0.155942
74.11 2 0.0144179
74.21 1 0.155942
74.21 2 0.0144179
74.31 1 0.155942
74.31 2 0.0144179
74.41 1 0.155942
74.41 2 0.0144179
74.51 1 0.155942
74.51 2 0.0144179
74.61 1 0.155942
74.61 2 0.0144179
74.71 1 0.155942
74.71 2 0.0144179
74.81 1 0.155942
74.81 2 0.0144179
74.91 1 0.155942
74.91 2 0.0144179
75.01 1 0.155942
75.01 2 0.0144179
75.11 1 0.155942
75.11 2 0.0144179
75.21 1 0.155942
75.21 2 0.0144179
75.31 1 0.155942
75.31 2 0.0144179
75.41 1 0.155942
75.41 2 0.0144179
75.51 1 0.155942
75.51 2 0.0144179
75.61 1 0.155942
75.61 2 0.0144179
75.71 1 0.155942
75.71 2 0.0144179
75.81 1 0.155942
75.81 2 0.0144179
75.91 1 0.155942
75.91 2 0.0144179
76.01 1 0.155942
76.01 2 0.0144179
76.11 1 0.155942
76.11 2 0.0144179
76.21 1 0.155942
76.21 2 0.0144179
76.31 1 0.155942
76.31 2 0.0144179
76.41 1 0.155942
76.41 2 0.0144179
76.51 1 0.155942
76.51 2 0.0144179
76.61 1 0.155942
76.61 2 0.0144179
76.71 1 0.155942
76.71 2 0.0144179
76.81 1 0.155942
76.81 2 0.0144179
76.91 1 0.155942
76.91 2 0.0144179
77.01 1 0.155942
77.01 2 0.0144179
77.11 1 0.155942
77.11 2 0.0144179
77.21 1 0.155942
77.21 2 0.0144179
77.31 1 0.155942
77.31 2 0.0144179
77.41 1 0.155942
77.41 2 0.0144179
77.51 1 0.155942
77.51 2 0.0144179
77.61 1 0.155942
77.61 2 0.0144179
77.71 1 0.155942
77.71 2 0.0144179
77.81 1 0.155942
77.81 2 0.0144179
77.91 1 0.155942
77.91 2 0.0144179
78.01 1 0.155942
78.01 2 0.0144179
78.11 1 0.155942
78.11 2 0.0144179
78.21 1 0.155942
78.21 2 0.0144179
78.31 1 0.155942
78.31 2 0.0144179
78.41 1 0.155942
78.41 2 0.0144179
78.51 1 0.155942
78.51 2 0.0144179
78.61 1 0.155942
78.61 2 0.0144179
78.71 1 0.155942
78.71 2 0.0144179
78.81 1 0.155942
78.81 2 0.0144179
78.91 1 0.155942
78.91 2 0.0144179
79.01 1 0.155942
79.01 2 0.0144179
79.11 1 0.155942
79.11 2 0.0144179
79.21 1 0.155942
79.21 2 0.0144179
79.31 1 0.155942
79.31 2 0.0144179
79.41 1 0.155942
79.41 2 0.0144179
79.51 1 0.155942
79.51 2 0.0144179
79.61 1 0.155942
79.61 2 0.0144179
79.71 1 0.155942
79.71 2 0.0144179
79.81 1 0.155942
79.81 2 0.0144179
79.91 1 0.155942
79.91 2 0.0144179
80.01 1 0.155942
80.01 2 0.0144179
80.11 1 0.155942
80.11 2 0.0144179
80.21 1 0.155942
80.21 2 0.0144179
80.31 1 0.155942
80.31 2 0.0144179
80.41 1 0.155942
80.41 2 0.0144179
80.51 1 0.155942
80.51 2 0.0144179
80.61 1 0.155942
80.61 2 0.0144179
80.71 1 0.155942
80.71 2 0.0144179
80.81 1 0.155942
80.81 2 0.0144179
80.91 1 0.155942
80.91 2 0.0144179
81.01 1 0.155942
81.01 2 0.0144179
81.11 1 0.155942
81.11 2 0.0144179
81.21 1 0.155942
81.21 2 0.0144179
81.31 1 0.155942
81.31 2 0.0144179
81.41 1 0.155942
81.41 2 0.0144179
81.51 1 0.155942
81.51 2 0.0144179
81.61 1 0.155942
81.61 2 0.0144179
81.71 1 0.155942
81.71 2 0.0144179
81.81 1 0.155942
81.81 2 0.0144179
81.91 1 0.155942
81.91 2 0.0144179
82.01 1 0.155942
82.01 2 0.0144179
82.11 1 0.155942
82.11 2 0.0144179
82.21 1 0.155942
82.21 2 0.0144179
82.31 1 0.155942
82.31 2 0.0144179
82.41 1 0.155942
82.41 2 0.0144179
82.51 1 0.155942
82.51 2 0.0144179
82.61 1 0.155942
82.61 2 0.0144179
82.71 1 0.155942
82.71 2 0.0144179
82.81 1 0.155942
82.81 2 0.0144179
82.91 1 0.155942
82.91 2 0.0144179
83.01 1 0.155942
83.01 2 0.0144179
83.11 1 0.155942
83.11 2 0.0144179
83.21 1 0.155942
83.21 2 0.0144179
83.31 1 0.155942
83.31 2 0.0144179
83.41 1 0.155942
83.41 2 0.0144179
83.51 1 0.155942
83.51 2 0.0144179
83.61 1 0.155942
83.61 2 0.0144179
83.71 1 0.155942
83.71 2 0.0144179
83.81 1 0.155942
83.81 2 0.0144179
83.91 1 0.155942
83.91 2 0.0144179
84.01 1 0.155942
84.01 2 0.0144179
84.11 1 0.155942
84.11 2 0.0144179
84.21 1 0.155942
84.21 2 0.0144179
84.31 1 0.155942
84.31 2 0.0144179
84.41 1 0.155942
84.41 2 0.0144179
84.51 1 0.155942
84.51 2 0.0144179
84.61 1 0.155942
84.61 2 0.0144179
84.71 1 0.155942
84.71 2 0.0144179
84.81 1 0.155942
84.81 2 0.0144179
84.91 1 0.155942
84.91 2 0.0144179
85.01 1 0.155942
85.01 2 0.0144179
85.11 1 0.155942
85.11 2 0.0144179
85.21 1 0.155942
85.21 2 0.0144179
85.31 1 0.155942
85.31 2 0.0144179
85.41 1 0.155942
85.41 2 0.0144179
85.51 1 0.155942
85.51 2 0.0144179
85.61 1 0.155942
85.61 2 0.0144179
85.71 1 0.155942
85.71 2 0.0144179
85.81 1 0.155942
85.81 2 0.0144179
85.91 1 0.155942
85.91 2 0.0144179
86.01 1 0.155942
86.01 2 0.0144179
86.11 1 0.155942
86.11 2 0.0144179
86.21 1 0.155942
86.21 2 0.0144179
86.31 1 0.155942
86.31 2 0.0144179
86.41 1 0.155942
86.41 2 0.0144179
86.51 1 0.155942
86.51 2 0.0144179
86.61 1 0.155942
86.61 2 0.0144179
86.71 1 0.155942
86.71 2 0.0144179
86.81 1 0.155942
86.81 2 0.0144179
86.91 1 0.155942
86.91 2 0.0144179
87.01 1 0.155942
87.01 2 0.0144179
87.11 1 0.155942
87.11 2 0.0144179
87.21 1 0.155942
87.21 2 0.0144179
87.31 1 0.155942
87.31 2 0.0144179
87.41 1 0.155942
87.41 2 0.0144179
87.51 1 0.155942
87.51 2 0.0144179
87.61 1 0.155942
87.61 2 0.0144179
87.71 1 0.155942
87.71 2 0.0144179
87.81 1 0.155942
87.81 2 0.0144179
87.91 1 0.155942
87.91 2 0.0144179
88.01 1 0.155942
88.01 2 0.0144179
88.11 1 0.155942
88.11 2 0.0144179
88.21 1 0.155942
88.21 2 0.0144179
88.31 1 0.155942
88.31 2 0.0144179
88.41 1 0.155942
88.41 2 0.0144179
88.51 1 0.155942
88.51 2 0.0144179
88.61 1 0.155942
88.61 2 0.0144179
88.71 1 0.155942
88.71 2 0.0144179
88.81 1 0.155942
88.81 2 0.0144179
88.91 1 0.155942
88.91 2 0.0144179
89.01 1 0.155942
89.01 2 0.0144179
89.11 1 0.155942
89.11 2 0.0144179
89.21 1 0.155942
89.21 2 0.0144179
89.31 1 0.155942
89.31 2 0.0144179
89.41 1 0.155942
89.41 2 0.0144179
89.51 1 0.155942
89.51 2 0.0144179
89.61 1 0.155942
89.61 2 0.0144179
89.71 1 0.155942
89.71 2 0.0144179
89.81 1 0.155942
89.81 2 0.0144179
89.91 1 0.155942
89.91 2 0.0144179
90.01 1 0.155942
90.01 2 0.0144179
90.11 1 0.155942
90.11 2 0.0144179
90.21 1 0.155942
90.21 2 0.0144179
90.31 1 0.155942
90.31 2 0.0144179
90.41 1 0.155942
90.41 2 0.0144179
90.51 1 0.155942
90.51 2 0.0144179
90.61 1 0.155942
90.61 2 0.0144179
90.71 1 0.155942
90.71 2 0.0144179
90.81 1 0.155942
90.81 2 0.0144179
90.91 1 0.155942
90.91 2 0.0144179
91.01 1 0.155942
91.01 2 0.0144179
91.11 1 0.155942
91.11 2 0.0144179
91.21 1 0.155942
91.21 2 0.0144179
91.31 1 0.155942
91.31 2 0.0144179
91.41 1 0.155942
91.41 2 0.0144179
91.51 1 0.155942
91.51 2 0.0144179
91.61 1 0.155942
91.61 2 0.0144179
91.71 1 0.155942
91.71 2 0.0144179
91.81 1 0.155942
91.81 2 0.0144179
91.91 1 0.155942
91.91 2 0.0144179
92.01 1 0.155942
92.01 2 0.0144179
92.11 1 0.155942
92.11 2 0.0144179
92.21 1 0.155942
92.21 2 0.0144179
92.31 1 0.155942
92.31 2 0.0144179
92.41 1 0.155942
92.41 2 0.0144179
92.51 1 0.155942
92.51 2 0.0144179
92.61 1 0.155942
92.61 2 0.0144179
92.71 1 0.155942
92.71 2 0.0144179
92.81 1 0.155942
92.81 2 0.0144179
92.91 1 0.155942
92.91 2 0.0144179
93.01 1 0.155942
93.01 2 0.0144179
93.11 1 0.155942
93.11 2 0.0144179
93.21 1 0.155942
93.21 2 0.0144179
93.31 1 0.155942
93.31 2 0.0144179
93.41 1 0.155942
93.41 2 0.0144179
93.51 1 0.155942
93.51 2 0.0144179
93.61 1 0.155942
93.61 2 0.0144179
93.71 1 0.155942
93.71 2 0.0144179
93.81 1 0.155942
93.81 2 0.0144179
93.91 1 0.155942
93.91 2 0.0144179
94.01 1 0.155942
94.01 2 0.0144179
94.11 1 0.155942
94.11 2 0.0144179
94.21 1 0.155942
94.21 2 0.0144179
94.31 1 0.155942
94.31 2 0.0144179
94.41 1 0.155942
94.41 2 0.0144179
94.51 1 0.155942
94.51 2 0.0144179
94.61 1 0.155942
94.61 2 0.0144179
94.71 1 0.155942
94.71 2 0.0144179
94.81 1 0.155942
94.81 2 0.0144179
94.91 1 0.155942
94.91 2 0.0144179
95.01 1 0.155942
95.01 2 0.0144179
95.11 1 0.155942
95.11 2 0.0144179
95.21 1 0.155942
95.21 2 0.0144179
95.31 1 0.155942
95.31 2 0.0144179
95.41 1 0.155942
95.41 2 0.0144179
95.51 1 0.155942
95.51 2 0.0144179
95.61 1 0.155942
95.61 2 0.0144179
95.71 1 0.155942
95.71 2 0.0144179
95.81 1 0.155942
95.81 2 0.0144179
95.91 1 0.155942
95.91 2 0.0144179
96.01 1 0.155942
96.01 2 0.0144179
96.11 1 0.155942
96.11 2 0.0144179
96.21 1 0.155942
96.21 2 0.0144179
96.31 1 0.155942
96.31 2 0.0144179
96.41 1 0.155942
96.41 2 0.0144179
96.51 1 0.155942
96.51 2 0.0144179
96.61 1 0.155942
96.61 2 0.0144179
96.71 1 0.155942
96.71 2 0.0144179
96.81 1 0.155942
96.81 2 0.0144179
96.91 1 0.155942
96.91 2 0.0144179
97.01 1 0.155942
97.01 2 0.0144179
97.11 1 0.155942
97.11 2 0.0144179
97.21 1 0.155942
97.21 2 0.0144179
97.31 1 0.155942
97.31 2 0.0144179
97.41 1 0.155942
97.41 2 0.0144179
97.51 1 0.155942
97.51 2 0.0144179
97.61 1 0.155942
97.61 2 0.0144179
97.71 1 0.155942
97.71 2 0.0144179
97.81 1 0.155942
97.81 2 0.0144179
97.91 1 0.155942
97.91 2 0.0144179
98.01 1 0.155942
98.01 2 0.0144179
98.11 1 0.155942
98.11 2 0.0144179
98.21 1 0.155942
98.21 2 0.0144179
98.31 1 0.155942
98.31 2 0.0144179
98.41 1 0.155942
98.41 2 0.0144179
98.51 1 0.155942
98.51 2 0.0144179
98.61 1 0.155942
98.61 2 0.0144179
98.71 1 0.155942
98.71 2 0.0144179
98.81 1 0.155942
98.81 2 0.0144179
98.91 1 0.155942
98.91 2 0.0144179
99.01 1 0.155942
99.01 2 0.0144179
99.11 1 0.155942
99.11 2 0.0144179
99.21 1 0.155942
99.21 2 0.0144179
99.31 1 0.155942
99.31 2 0.0144179
99.41 1 0.155942
99.41 2 0.0144179
99.51 1 0.155942
99.51 2 0.0144179
99.61 1 0.155942
99.61 2 0.0144179
99.71 1 0.155942
99.71 2 0.0144179
99.81 1 0.155942
99.81 2 0.0144179
99.91 1 0.155942
99.91 2 0.0144179
100.01 1 0.155942
100.01 2 0.0144179
100.11 1 0.155942
100.11 2 0.0144179
100.21 1 0.155942
100.21 2 0.0144179
100.31 1 0.155942
100.31 2 0.0144179
100.41 1 0.155942
100.41 2 0.0144179
100.51 1 0.155942
100.51 2 0.0144179
100.61 1 0.155942
100.61 2 0.0144179
100.71 1 0.155942
100.71 2 0.0144179
100.81 1 0.155942
100.81 2 0.0144179
100.91 1 0.155942
100.91 2 0.0144179
101.01 1 0.155942
101.01 2 0.0144179
101.11 1 0.155942
101.11 2 0.0144179
101.21 1 0.155942
101.21 2 0.0144179
101.31 1 0.155942
101.31 2 0.0144179
101.41 1 0.155942
101.41 2 0.0144179
101.51 1 0.155942
101.51 2 0.0144179
101.61 1 0.155942
101.61 2 0.0144179
101.71 1 0.155942
101.71 2 0.0144179
101.81 1 0.155942
101.81 2 0.0144179
101.91 1 0.155942
101.91 2 0.0144179
102.01 1 0.155942
102.01 2 0.0144179
102.11 1 0.155942
102.11 2 0.0144179
102.21 1 0.155942
102.21 2 0.0144179
102.31 1 0.155942
102.31 2 0.0144179
102.41 1 0.155942
102.41 2 0.0144179
102.51 1 0.155942
102.51 2 0.0144179
102.61 1 0.155942
102.61 2 0.0144179
102.71 1 0.155942
102.71 2 0.0144179
102.81 1 0.155942
102.81 2 0.0144179
102.91 1 0.155942
102.91 2 0.0144179
103.01 1 0.155942
103.01 2 0.0144179
103.11 1 0.155942
103.11 2 0.0144179
103.21 1 0.155942
103.21 2 0.0144179
103.31 1 0.155942
103.31 2 0.0144179
103.41 1 0.155942
103.41 2 0.0144179
103.51 1 0.155942
103.51 2 0.0144179
103.61 1 0.155942
103.61 2 0.0144179
103.71 1 0.155942
103.71 2 0.0144179
103.81 1 0.155942
103.81 2 0.0144179
103.91 1 0.155942
103.91 2 0.0144179
104.01 1 0.155942
104.01 2 0.0144179
104.11 1 0.155942
104.11 2 0.0144179
104.21 1 0.155942
104.21 2 0.0144179
104.31 1 0.155942
104.31 2 0.0144179
104.41 1 0.155942
104.41 2 0.0144179
104.51 1 0.155942
104.51 2 0.0144179
104.61 1 0.155942
104.61 2 0.0144179
104.71 1 0.155942
104.71 2 0.0144179
104.81 1 0.155942
104.81 2 0.0144179
104.91 1 0.155942
104.91 2 0.0144179
105.01 1 0.155942
105.01 2 0.0144179
105.11 1 0.155942
105.11 2 0.0144179
105.21 1 0.155942
105.21 2 0.0144179
105.31 1 0.155942
105.31 2 0.0144179
105.41 1 0.155942
105.41 2 0.0144179
105.51 1 0.155942
105.51 2 0.0144179
105.61 1 0.155942
105.61 2 0.0144179
105.71 1 0.155942
105.71 2 0.0144179
105.81 1 0.155942
105.81 2 0.0144179
105.91 1 0.155942
105.91 2 0.0144179
106.01 1 0.155942
106.01 2 0.0144179
106.11 1 0.155942
106.11 2 0.0144179
106.21 1 0.155942
106.21 2 0.0144179
106.31 1 0.155942
106.31 2 0.0144179
106.41 1 0.155942
106.41 2 0.0144179
106.51 1 0.155942
106.51 2 0.0144179
106.61 1 0.155942
106.61 2 0.0144179
106.71 1 0.155942
106.71 2 0.0144179
106.81 1 0.155942
106.81 2 0.0144179
106.91 1 0.155942
106.91 2 0.0144179
107.01 1 0.155942
107.01 2 0.0144179
107.11 1 0.155942
107.11 2 0.0144179
107.21 1 0.155942
107.21 2 0.0144179
107.31 1 0.155942
107.31 2 0.0144179
107.41 1 0.155942
107.41 2 0.0144179
107.51 1 0.155942
107.51 2 0.0144179
107.61 1 0.155942
107.61 2 0.0144179
107.71 1 0.155942
107.71 2 0.0144179
107.81 1 0.155942
107.81 2 0.0144179
107.91 1 0.155942
107.91 2 0.0144179
108.01 1 0.155942
108.01 2 0.0144179
108.11 1 0.155942
108.11 2 0.0144179
108.21 1 0.155942
108.21 2 0.0144179
108.31 1 0.155942
108.31 2 0.0144179
108.41 1 0.155942
108.41 2 0.0144179
108.51 1 0.155942
108.51 2 0.0144179
108.61 1 0.155942
108.61 2 0.0144179
108.71 1 0.155942
108.71 2 0.0144179
108.81 1 0.155942
108.81 2 0.0144179
108.91 1 0.155942
108.91 2 0.0144179
109.01 1 0.155942
109.01 2 0.0144179
109.11 1 0.155942
109.11 2 0.0144179
109.21 1 0.155942
109.21 2 0.0144179
109.31 1 0.155942
109.31 2 0.0144179
109.41 1 0.155942
109.41 2 0.0144179
109.51 1 0.155942
109.51 2 0.0144179
109.61 1 0.155942
109.61 2 0.0144179
109.71 1 0.155942
109.71 2 0.0144179
109.81 1 0.155942
109.81 2 0.0144179
109.91 1 0.155942
109.91 2 0.0144179
110.01 1 0.155942
110.01 2 0.0144179
110.11 1 0.155942
110.11 2 0.0144179
110.21 1 0.155942
110.21 2 0.0144179
110.31 1 0.155942
110.31 2 0.0144179
110.41 1 0.155942
110.41 2 0.0144179
110.51 1 0.155942
110.51 2 0.0144179
110.61 1 0.155942
110.61 2 0.0144179
110.71 1 0.155942
110.71 2 0.0144179
110.81 1 0.155942
110.81 2 0.0144179
110.91 1 0.155942
110.91 2 0.0144179
111.01 1 0.155942
111.01 2 0.0144179
111.11 1 0.155942
111.11 2 0.0144179
111.21 1 0.155942
111.21 2 0.0144179
111.31 1 0.155942
111.31 2 0.0144179
111.41 1 0.155942
111.41 2 0.0144179
111.51 1 0.155942
111.51 2 0.0144179
111.61 1 0.155942
111.61 2 0.0144179
111.71 1 0.155942
111.71 2 0.0144179
111.81 1 0.155942
111.81 2 0.0144179
111.91 1 0.155942
111.91 2 0.0144179
112.01 1 0.155942
112.01 2 0.0144179
112.11 1 0.155942
112.11 2 0.0144179
112.21 1 0.155942
112.21 2 0.0144179
112.31 1 0.155942
112.31 2 0.0144179
112.41 1 0.155942
112.41 2 0.0144179
112.51 1 0.155942
112.51 2 0.0144179
112.61 1 0.155942
112.61 2 0.0144179
112.71 1 0.155942
112.71 2 0.0144179
112.81 1 0.155942
112.81 2 0.0144179
112.91 1 0.155942
112.91 2 0.0144179
113.01 1 0.155942
113.01 2 0.0144179
113.11 1 0.155942
113.11 2 0.0144179
113.21 1 0.155942
113.21 2 0.0144179
113.31 1 0.155942
113.31 2 0.0144179
113.41 1 0.155942
113.41 2 0.0144179
113.51 1 0.155942
113.51 2 0.0144179
113.61 1 0.155942
113.61 2 0.0144179
113.71 1 0.155942
113.71 2 0.0144179
113.81 1 0.155942
113.81 2 0.0144179
113.91 1 0.155942
113.91 2 0.0144179
114.01 1 0.155942
114.01 2 0.0144179
114.11 1 0.155942
114.11 2 0.0144179
114.21 1 0.155942
114.21 2 0.0144179
114.31 1 0.155942
114.31 2 0.0144179
114.41 1 0.155942
114.41 2 0.0144179
114.51 1 0.155942
114.51 2 0.0144179
114.61 1 0.155942
114.61 2 0.0144179
114.71 1 0.155942
114.71 2 0.0144179
114.81 1 0.155942
114.81 2 0.0144179
114.91 1 0.155942
114.91 2 0.0144179
115.01 1 0.155942
115.01 2 0.0144179
115.11 1 0.155942
115.11 2 0.0144179
115.21 1 0.155942
115.21 2 0.0144179
115.31 1 0.155942
115.31 2 0.0144179
115.41 1 0.155942
115.41 2 0.0144179
115.51 1 0.155942
115.51 2 0.0144179
115.61 1 0.155942
115.61 2 0.0144179
115.71 1 0.155942
115.71 2 0.0144179
115.81 1 0.155942
115.81 2 0.0144179
115.91 1 0.155942
115.91 2 0.0144179
116.01 1 0.155942
116.01 2 0.0144179
116.11 1 0.155942
116.11 2 0.0144179
116.21 1 0.155942
116.21 2 0.0144179
116.31 1 0.155942
116.31 2 0.0144179
116.41 1 0.155942
116.41 2 0.0144179
116.51 1 0.155942
116.51 2 0.0144179
116.61 1 0.155942
116.61 2 0.0144179
116.71 1 0.155942
116.71 2 0.0144179
116.81 1 0.155942
116.81 2 0.0144179
116.91 1 0.155942
116.91 2 0.0144179
117.01 1 0.155942
117.01 2 0.0144179
117.11 1 0.155942
117.11 2 0.0144179
117.21 1 0.155942
117.21 2 0.0144179
117.31 1 0.155942
117.31 2 0.0144179
117.41 1 0.155942
117.41 2 0.0144179
117.51 1 0.155942
117.51 2 0.0144179
117.61 1 0.155942
117.61 2 0.0144179
117.71 1 0.155942
117.71 2 0.0144179
117.81 1 0.155942
117.81 2 0.0144179
117.91 1 0.155942
117.91 2 0.0144179
118.01 1 0.155942
118.01 2 0.0144179
118.11 1 0.155942
118.11 2 0.0144179
118.21 1 0.155942
118.21 2 0.0144179
118.31 1 0.155942
118.31 2 0.0144179
118.41 1 0.155942
118.41 2 0.0144179
118.51 1 0.155942
118.51 2 0.0144179
118.61 1 0.155942
118.61 2 0.0144179
118.71 1 0.155942
118.71 2 0.0144179
118.81 1 0.155942
118.81 2 0.0144179
118.91 1 0.155942
118.91 2 0.0144179
119.01 1 0.155942
119.01 2 0.0144179
119.11 1 0.155942
119.11 2 0.0144179
119.21 1 0.155942
119.21 2 0.0144179
119.31 1 0.155942
119.31 2 0.0144179
119.41 1 0.155942
119.41 2 0.0144179
119.51 1 0.155942
119.51 2 0.0144179
119.61 1 0.155942
119.61 2 0.0144179
119.71 1 0.155942
119.71 2 0.0144179
119.81 1 0.155942
119.81 2 0.0144179
119.91 1 0.155942
119.91 2 0.0144179
120.01 1 0.155942
120.01 2 0.0144179
120.11 1 0.155942
120.11 2 0.0144179
120.21 1 0.155942
120.21 2 0.0144179
120.31 1 0.155942
120.31 2 0.0144179
120.41 1 0.155942
120.41 2 0.0144179
120.51 1 0.155942
120.51 2 0.0144179
120.61 1 0.155942
120.61 2 0.0144179
120.71 1 0.155942
120.71 2 0.0144179
120.81 1 0.155942
120.81 2 0.0144179
120.91 1 0.155942
120.91 2 0.0144179
121.01 1 0.155942
121.01 2 0.0144179
121.11 1 0.155942
121.11 2 0.0144179
121.21 1 0.155942
121.21 2 0.0144179
121.31 1 0.155942
121.31 2 0.0144179
121.41 1 0.155942
121.41 2 0.0144179
121.51 1 0.155942
121.51 2 0.0144179
121.61 1 0.155942
121.61 2 0.0144179
121.71 1 0.155942
121.71 2 0.0144179
121.81 1 0.155942
121.81 2 0.0144179
121.91 1 0.155942
121.91 2 0.0144179
122.01 1 0.155942
122.01 2 0.0144179
122.11 1 0.155942
122.11 2 0.0144179
122.21 1 0.155942
122.21 2 0.0144179
122.31 1 0.155942
122.31 2 0.0144179
122.41 1 0.155942
122.41 2 0.0144179
122.51 1 0.155942
122.51 2 0.0144179
122.61 1 0.155942
122.61 2 0.0144179
122.71 1 0.155942
122.71 2 0.0144179
122.81 1 0.155942
122.81 2 0.0144179
122.91 1 0.155942
122.91 2 0.0144179
123.01 1 0.155942
123.01 2 0.0144179
123.11 1 0.155942
123.11 2 0.0144179
123.21 1 0.155942
123.21 2 0.0144179
123.31 1 0.155942
123.31 2 0.0144179
123.41 1 0.155942
123.41 2 0.0144179
123.51 1 0.155942
123.51 2 0.0144179
123.61 1 0.155942
123.61 2 0.0144179
123.71 1 0.155942
123.71 2 0.0144179
123.81 1 0.155942
123.81 2 0.0144179
123.91 1 0.155942
123.91 2 0.0144179
124.01 1 0.155942
124.01 2 0.0144179
124.11 1 0.155942
124.11 2 0.0144179
124.21 1 0.155942
124.21 2 0.0144179
124.31 1 0.155942
124.31 2 0.0144179
124.41 1 0.155942
124.41 2 0.0144179
124.51 1 0.155942
124.51 2 0.0144179
124.61 1 0.155942
124.61 2 0.0144179
124.71 1 0.155942
124.71 2 0.0144179
124.81 1 0.155942
124.81 2 0.0144179
124.91 1 0.155942
124.91 2 0.0144179
125.01 1 0.155942
125.01 2 0.0144179
125.11 1 0.155942
125.11 2 0.0144179
125.21 1 0.155942
125.21 2 0.0144179
125.31 1 0.155942
125.31 2 0.0144179
125.41 1 0.155942
125.41 2 0.0144179
125.51 1 0.155942
125.51 2 0.0144179
125.61 1 0.155942
125.61 2 0.0144179
125.71 1 0.155942
125.71 2 0.0144179
125.81 1 0.155942
125.81 2 0.0144179
125.91 1 0.155942
125.91 2 0.0144179
126.01 1 0.155942
126.01 2 0.0144179
126.11 1 0.155942
126.11 2 0.0144179
126.21 1 0.155942
126.21 2 0.0144179
126.31 1 0.155942
126.31 2 0.0144179
126.41 1 0.155942
126.41 2 0.0144179
126.51 1 0.155942
126.51 2 0.0144179
126.61 1 0.155942
126.61 2 0.0144179
126.71 1 0.155942
126.71 2 0.0144179
126.81 1 0.155942
126.81 2 0.0144179
126.91 1 0.155942
126.91 2 0.0144179
127.01 1 0.155942
127.01 2 0.0144179
127.11 1 0.155942
127.11 2 0.0144179
127.21 1 0.155942
127.21 2 0.0144179
127.31 1 0.155942
127.31 2 0.0144179
127.41 1 0.155942
127.41 2 0.0144179
127.51 1 0.155942
127.51 2 0.0144179
127.61 1 0.155942
127.61 2 0.0144179
127.71 1 0.155942
127.71 2 0.0144179
127.81 1 0.155942
127.81 2 0.0144179
127.91 1 0.155942
127.91 2 0.0144179
128.01 1 0.155942
128.01 2 0.0144179
128.11 1 0.155942
128.11 2 0.0144179
128.21 1 0.155942
128.21 2 0.0144179
128.31 1 0.155942
128.31 2 0.0144179
128.41 1 0.155942
128.41 2 0.0144179
128.51 1 0.155942
128.51 2 0.0144179
128.61 1 0.155942
128.61 2 0.0144179
128.71 1 0.155942
128.71 2 0.0144179
128.81 1 0.155942
128.81 2 0.0144179
128.91 1 0.155942
128.91 2 0.0144179
129.01 1 0.155942
129.01 2 0.0144179
129.11 1 0.155942
129.11 2 0.0144179
129.21 1 0.155942
129.21 2 0.0144179
129.31 1 0.155942
129.31 2 0.0144179
129.41 1 0.155942
129.41 2 0.0144179
129.51 1 0.155942
129.51 2 0.0144179
129.61 1 0.155942
129.61 2 0.0144179
129.71 1 0.155942
129.71 2 0.0144179
129.81 1 0.155942
129.81 2 0.0144179
129.91 1 0.155942
129.91 2 0.0144179
130.01 1 0.155942
130.01 2 0.0144179
130.11 1 0.155942
130.11 2 0.0144179
130.21 1 0.155942
130.21 2 0.0144179
130.31 1 0.155942
130.31 2 0.0144179
130.41 1 0.155942
130.41 2 0.0144179
130.51 1 0.155942
130.51 2 0.0144179
130.61 1 0.155942
130.61 2 0.0144179
130.71 1 0.155942
130.71 2 0.0144179
130.81 1 0.155942
130.81 2 0.0144179
130.91 1 0.155942
130.91 2 0.0144179
131.01 1 0.155942
131.01 2 0.0144179
131.11 1 0.155942
131.11 2 0.0144179
131.21 1 0.155942
131.21 2 0.0144179
131.31 1 0.155942
131.31 2 0.0144179
131.41 1 0.155942
131.41 2 0.0144179
131.51 1 0.155942
131.51 2 0.0144179
131.61 1 0.155942
131.61 2 0.0144179
131.71 1 0.155942
131.71 2 0.0144179
131.81 1 0.155942
131.81 2 0.0144179
131.91 1 0.155942
131.91 2 0.0144179
132.01 1 0.155942
132.01 2 0.0144179
132.11 1 0.155942
132.11 2 0.0144179
132.21 1 0.155942
132.21 2 0.0144179
132.31 1 0.155942
132.31 2 0.0144179
132.41 1 0.155942
132.41 2 0.0144179
132.51 1 0.155942
132.51 2 0.0144179
132.61 1 0.155942
132.61 2 0.0144179
132.71 1 0.155942
132.71 2 0.0144179
132.81 1 0.155942
132.81 2 0.0144179
132.91 1 0.155942
132.91 2 0.0144179
133.01 1 0.155942
133.01 2 0.0144179
133.11 1 0.155942
133.11 2 0.0144179
133.21 1 0.155942
133.21 2 0.0144179
133.31 1 0.155942
133.31 2 0.0144179
133.41 1 0.155942
133.41 2 0.0144179
133.51 1 0.155942
133.51 2 0.0144179
133.61 1 0.155942
133.61 2 0.0144179
133.71 1 0.155942
133.71 2 0.0144179
133.81 1 0.155942
133.81 2 0.0144179
133.91 1 0.155942
133.91 2 0.0144179
134.01 1 0.155942
134.01 2 0.0144179
134.11 1 0.155942
134.11 2 0.0144179
134.21 1 0.155942
134.21 2 0.0144179
134.31 1 0.155942
134.31 2 0.0144179
134.41 1 0.155942
134.41 2 0.0144179
134.51 1 0.155942
134.51 2 0.0144179
134.61 1 0.155942
134.61 2 0.0144179
134.71 1 0.155942
134.71 2 0.0144179
134.81 1 0.155942
134.81 2 0.0144179
134.91 1 0.155942
134.91 2 0.0144179
135.01 1 0.155942
135.01 2 0.0144179
135.11 1 0.155942
135.11 2 0.0144179
135.21 1 0.155942
135.21 2 0.0144179
135.31 1 0.155942
135.31 2 0.0144179
135.41 1 0.155942
135.41 2 0.0144179
135.51 1 0.155942
135.51 2 0.0144179
135.61 1 0.155942
135.61 2 0.0144179
135.71 1 0.155942
135.71 2 0.0144179
135.81 1 0.155942
135.81 2 0.0144179
135.91 1 0.155942
135.91 2 0.0144179
136.01 1 0.155942
136.01 2 0.0144179
136.11 1 0.155942
136.11 2 0.0144179
136.21 1 0.155942
136.21 2 0.0144179
136.31 1 0.155942
136.31 2 0.0144179
136.41 1 0.155942
136.41 2 0.0144179
136.51 1 0.155942
136.51 2 0.0144179
136.61 1 0.155942
136.61 2 0.0144179
136.71 1 0.155942
136.71 2 0.0144179
136.81 1 0.155942
136.81 2 0.0144179
136.91 1 0.155942
136.91 2 0.0144179
137.01 1 0.155942
137.01 2 0.0144179
137.11 1 0.155942
137.11 2 0.0144179
137.21 1 0.155942
137.21 2 0.0144179
137.31 1 0.155942
137.31 2 0.0144179
137.41 1 0.155942
137.41 2 0.0144179
137.51 1 0.155942
137.51 2 0.0144179
137.61 1 0.155942
137.61 2 0.0144179
137.71 1 0.155942
137.71 2 0.0144179
137.81 1 0.155942
137.81 2 0.0144179
137.91 1 0.155942
137.91 2 0.0144179
138.01 1 0.155942
138.01 2 0.0144179
138.11 1 0.155942
138.11 2 0.0144179
138.21 1 0.155942
138.21 2 0.0144179
138.31 1 0.155942
138.31 2 0.0144179
138.41 1 0.155942
138.41 2 0.0144179
138.51 1 0.155942
138.51 2 0.0144179
138.61 1 0.155942
138.61 2 0.0144179
138.71 1 0.155942
138.71 2 0.0144179
138.81 1 0.155942
138.81 2 0.0144179
138.91 1 0.155942
138.91 2 0.0144179
139.01 1 0.155942
139.01 2 0.0144179
139.11 1 0.155942
139.11 2 0.0144179
139.21 1 0.155942
139.21 2 0.0144179
139.31 1 0.155942
139.31 2 0.0144179
139.41 1 0.155942
139.41 2 0.0144179
139.51 1 0.155942
139.51 2 0.0144179
139.61 1 0.155942
139.61 2 0.0144179
139.71 1 0.155942
139.71 2 0.0144179
139.81 1 0.155942
139.81 2 0.0144179
139.91 1 0.155942
139.91 2 0.0144179
140.01 1 0.155942
140.01 2 0.0144179
140.11 1 0.155942
140.11 2 0.0144179
140.21 1 0.155942
140.21 2 0.0144179
140.31 1 0.155942
140.31 2 0.0144179
140.41 1 0.155942
140.41 2 0.0144179
140.51 1 0.155942
140.51 2 0.0144179
140.61 1 0.155942
140.61 2 0.0144179
140.71 1 0.155942
140.71 2 0.0144179
140.81 1 0.155942
140.81 2 0.0144179
140.91 1 0.155942
140.91 2 0.0144179
141.01 1 0.155942
141.01 2 0.0144179
141.11 1 0.155942
141.11 2 0.0144179
141.21 1 0.155942
141.21 2 0.0144179
141.31 1 0.155942
141.31 2 0.0144179
141.41 1 0.155942
141.41 2 0.0144179
141.51 1 0.155942
141.51 2 0.0144179
141.61 1 0.155942
141.61 2 0.0144179
141.71 1 0.155942
141.71 2 0.0144179
141.81 1 0.155942
141.81 2 0.0144179
141.91 1 0.155942
141.91 2 0.0144179
142.01 1 0.155942
142.01 2 0.0144179
142.11 1 0.155942
142.11 2 0.0144179
142.21 1 0.155942
142.21 2 0.0144179
142.31 1 0.155942
142.31 2 0.0144179
142.41 1 0.155942
142.41 2 0.0144179
142.51 1 0.155942
142.51 2 0.0144179
142.61 1 0.155942
142.61 2 0.0144179
142.71 1 0.155942
142.71 2 0.0144179
142.81 1 0.155942
142.81 2 0.0144179
142.91 1 0.155942
142.91 2 0.0144179
143.01 1 0.155942
143.01 2 0.0144179
143.11 1 0.155942
143.11 2 0.0144179
143.21 1 0.155942
143.21 2 0.0144179
143.31 1 0.155942
143.31 2 0.0144179
143.41 1 0.155942
143.41 2 0.0144179
143.51 1 0.155942
143.51 2 0.0144179
143.61 1 0.155942
143.61 2 0.0144179
143.71 1 0.155942
143.71 2 0.0144179
143.81 1 0.155942
143.81 2 0.0144179
143.91 1 0.155942
143.91 2 0.0144179
144.01 1 0.155942
144.01 2 0.0144179
144.11 1 0.155942
144.11 2 0.0144179
144.21 1 0.155942
144.21 2 0.0144179
144.31 1 0.155942
144.31 2 0.0144179
144.41 1 0.155942
144.41 2 0.0144179
144.51 1 0.155942
144.51 2 0.0144179
144.61 1 0.155942
144.61 2 0.0144179
144.71 1 0.155942
144.71 2 0.0144179
144.81 1 0.155942
144.81 2 0.0144179
144.91 1 0.155942
144.91 2 0.0144179
145.01 1 0.155942
145.01 2 0.0144179
145.11 1 0.155942
145.11 2 0.0144179
145.21 1 0.155942
145.21 2 0.0144179
145.31 1 0.155942
145.31 2 0.0144179
145.41 1 0.155942
145.41 2 0.0144179
145.51 1 0.155942
145.51 2 0.0144179
145.61 1 0.155942
145.61 2 0.0144179
145.71 1 0.155942
145.71 2 0.0144179
145.81 1 0.155942
145.81 2 0.0144179
145.91 1 0.155942
145.91 2 0.0144179
146.01 1 0.155942
146.01 2 0.0144179
146.11 1 0.155942
146.11 2 0.0144179
146.21 1 0.155942
146.21 2 0.0144179
146.31 1 0.155942
146.31 2 0.0144179
146.41 1 0.155942
146.41 2 0.0144179
146.51 1 0.155942
146.51 2 0.0144179
146.61 1 0.155942
146.61 2 0.0144179
146.71 1 0.155942
146.71 2 0.0144179
146.81 1 0.155942
146.81 2 0.0144179
146.91 1 0.155942
146.91 2 0.0144179
147.01 1 0.155942
147.01 2 0.0144179
147.11 1 0.155942
147.11 2 0.0144179
147.21 1 0.155942
147.21 2 0.0144179
147.31 1 0.155942
147.31 2 0.0144179
147.41 1 0.155942
147.41 2 0.0144179
147.51 1 0.155942
147.51 2 0.0144179
147.61 1 0.155942
147.61 2 0.0144179
147.71 1 0.155942
147.71 2 0.0144179
147.81 1 0.155942
147.81 2 0.0144179
147.91 1 0.155942
147.91 2 0.0144179
148.01 1 0.155942
148.01 2 0.0144179
148.11 1 0.155942
148.11 2 0.0144179
148.21 1 0.155942
148.21 2 0.0144179
148.31 1 0.155942
148.31 2 0.0144179
148.41 1 0.155942
148.41 2 0.0144179
148.51 1 0.155942
148.51 2 0.0144179
148.61 1 0.155942
148.61 2 0.0144179
148.71 1 0.155942
148.71 2 0.0144179
148.81 1 0.155942
148.81 2 0.0144179
148.91 1 0.155942
148.91 2 0.0144179
149.01 1 0.155942
149.01 2 0.0144179
149.11 1 0.155942
149.11 2 0.0144179
149.21 1 0.155942
149.21 2 0.0144179
149.31 1 0.155942
149.31 2 0.0144179
149.41 1 0.155942
149.41 2 0.0144179
149.51 1 0.155942
149.51 2 0.0144179
149.61 1 0.155942
149.61 2 0.0144179
149.71 1 0.155942
149.71 2 0.0144179
149.81 1 0.155942
149.81 2 0.0144179
149.91 1 0.155942
149.91 2 0.0144179
150.01 1 0.155942
150.01 2 0.0144179
150.11 1 0.155942
150.11 2 0.0144179
150.21 1 0.155942
150.21 2 0.0144179
150.31 1 0.155942
150.31 2 0.0144179
150.41 1 0.155942
150.41 2 0.0144179
150.51 1 0.155942
150.51 2 0.0144179
150.61 1 0.155942
150.61 2 0.0144179
150.71 1 0.155942
150.71 2 0.0144179
150.81 1 0.155942
150.81 2 0.0144179
150.91 1 0.155942
150.91 2 0.0144179
151.01 1 0.155942
151.01 2 0.0144179
151.11 1 0.155942
151.11 2 0.0144179
151.21 1 0.155942
151.21 2 0.0144179
151.31 1 0.155942
151.31 2 0.0144179
151.41 1 0.155942
151.41 2 0.0144179
151.51 1 0.155942
151.51 2 0.0144179
151.61 1 0.155942
151.61 2 0.0144179
151.71 1 0.155942
151.71 2 0.0144179
151.81 1 0.155942
151.81 2 0.0144179
151.91 1 0.155942
151.91 2 0.0144179
152.01 1 0.155942
152.01 2 0.0144179
152.11 1 0.155942
152.11 2 0.0144179
152.21 1 0.155942
152.21 2 0.0144179
152.31 1 0.155942
152.31 2 0.0144179
152.41 1 0.155942
152.41 2 0.0144179
152.51 1 0.155942
152.51 2 0.0144179
152.61 1 0.155942
152.61 2 0.0144179
152.71 1 0.155942
152.71 2 0.0144179
152.81 1 0.155942
152.81 2 0.0144179
152.91 1 0.155942
152.91 2 0.0144179
153.01 1 0.155942
153.01 2 0.0144179
153.11 1 0.155942
153.11 2 0.0144179
153.21 1 0.155942
153.21 2 0.0144179
153.31 1 0.155942
153.31 2 0.0144179
153.41 1 0.155942
153.41 2 0.0144179
153.51 1 0.155942
153.51 2 0.0144179
153.61 1 0.155942
153.61 2 0.0144179
153.71 1 0.155942
153.71 2 0.0144179
153.81 1 0.155942
153.81 2 0.0144179
153.91 1 0.155942
153.91 2 0.0144179
154.01 1 0.155942
154.01 2 0.0144179
154.11 1 0.155942
154.11 2 0.0144179
154.21 1 0.155942
154.21 2 0.0144179
154.31 1 0.155942
154.31 2 0.0144179
154.41 1 0.155942
154.41 2 0.0144179
154.51 1 0.155942
154.51 2 0.0144179
154.61 1 0.155942
154.61 2 0.0144179
154.71 1 0.155942
154.71 2 0.0144179
154.81 1 0.155942
154.81 2 0.0144179
154.91 1 0.155942
154.91 2 0.0144179
155.01 1 0.155942
155.01 2 0.0144179
155.11 1 0.155942
155.11 2 0.0144179
155.21 1 0.155942
155.21 2 0.0144179
155.31 1 0.155942
155.31 2 0.0144179
155.41 1 0.155942
155.41 2 0.0144179
155.51 1 0.155942
155.51 2 0.0144179
155.61 1 0.155942
155.61 2 0.0144179
155.71 1 0.155942
155.71 2 0.0144179
155.81 1 0.155942
155.81 2 0.0144179
155.91 1 0.155942
155.91 2 0.0144179
156.01 1 0.155942
156.01 2 0.0144179
156.11 1 0.155942
156.11 2 0.0144179
156.21 1 0.155942
156.21 2 0.0144179
156.31 1 0.155942
156.31 2 0.0144179
156.41 1 0.155942
156.41 2 0.0144179
156.51 1 0.155942
156.51 2 0.0144179
156.61 1 0.155942
156.61 2 0.0144179
156.71 1 0.155942
156.71 2 0.0144179
156.81 1 0.155942
156.81 2 0.0144179
156.91 1 0.155942
156.91 2 0.0144179
157.01 1 0.155942
157.01 2 0.0144179
157.11 1 0.155942
157.11 2 0.0144179
157.21 1 0.155942
157.21 2 0.0144179
157.31 1 0.155942
157.31 2 0.0144179
157.41 1 0.155942
157.41 2 0.0144179
157.51 1 0.155942
157.51 2 0.0144179
157.61 1 0.155942
157.61 2 0.0144179
157.71 1 0.155942
157.71 2 0.0144179
157.81 1 0.155942
157.81 2 0.0144179
157.91 1 0.155942
157.91 2 0.0144179
158.01 1 0.155942
158.01 2 0.0144179
158.11 1 0.155942
158.11 2 0.0144179
158.21 1 0.155942
158.21 2 0.0144179
158.31 1 0.155942
158.31 2 0.0144179
158.41 1 0.155942
158.41 2 0.0144179
158.51 1 0.155942
158.51 2 0.0144179
158.61 1 0.155942
158.61 2 0.0144179
158.71 1 0.155942
158.71 2 0.0144179
158.81 1 0.155942
158.81 2 0.0144179
158.91 1 0.155942
158.91 2 0.0144179
159.01 1 0.155942
159.01 2 0.0144179
159.11 1 0.155942
159.11 2 0.0144179
159.21 1 0.155942
159.21 2 0.0144179
159.31 1 0.155942
159.31 2 0.0144179
159.41 1 0.155942
159.41 2 0.0144179
159.51 1 0.155942
159.51 2 0.0144179
159.61 1 0.155942
159.61 2 0.0144179
159.71 1 0.155942
159.71 2 0.0144179
159.81 1 0.155942
159.81 2 0.0144179
159.91 1 0.155942
159.91 2 0.0144179
160.01 1 0.155942
160.01 2 0.0144179
160.11 1 0.155942
160.11 2 0.0144179
160.21 1 0.155942
160.21 2 0.0144179
160.31 1 0.155942
160.31 2 0.0144179
160.41 1 0.155942
160.41 2 0.0144179
160.51 1 0.155942
160.51 2 0.0144179
160.61 1 0.155942
160.61 2 0.0144179
160.71 1 0.155942
160.71 2 0.0144179
160.81 1 0.155942
160.81 2 0.0144179
160.91 1 0.155942
160.91 2 0.0144179
161.01 1 0.155942
161.01 2 0.0144179
161.11 1 0.155942
161.11 2 0.0144179
161.21 1 0.155942
161.21 2 0.0144179
161.31 1 0.155942
161.31 2 0.0144179
161.41 1 0.155942
161.41 2 0.0144179
161.51 1 0.155942
161.51 2 0.0144179
161.61 1 0.155942
161.61 2 0.0144179
161.71 1 0.155942
161.71 2 0.0144179
161.81 1 0.155942
161.81 2 0.0144179
161.91 1 0.155942
161.91 2 0.0144179
162.01 1 0.155942
162.01 2 0.0144179
162.11 1 0.155942
162.11 2 0.0144179
162.21 1 0.155942
162.21 2 0.0144179
162.31 1 0.155942
162.31 2 0.0144179
162.41 1 0.155942
162.41 2 0.0144179
162.51 1 0.155942
162.51 2 0.0144179
162.61 1 0.155942
162.61 2 0.0144179
162.71 1 0.155942
162.71 2 0.0144179
162.81 1 0.155942
162.81 2 0.0144179
162.91 1 0.155942
162.91 2 0.0144179
163.01 1 0.155942
163.01 2 0.0144179
163.11 1 0.155942
163.11 2 0.0144179
163.21 1 0.155942
163.21 2 0.0144179
163.31 1 0.155942
163.31 2 0.0144179
163.41 1 0.155942
163.41 2 0.0144179
163.51 1 0.155942
163.51 2 0.0144179
163.61 1 0.155942
163.61 2 0.0144179
163.71 1 0.155942
163.71 2 0.0144179
163.81 1 0.155942
163.81 2 0.0144179
163.91 1 0.155942
163.91 2 0.0144179
164.01 1 0.155942
164.01 2 0.0144179
164.11 1 0.155942
164.11 2 0.0144179
164.21 1 0.155942
164.21 2 0.0144179
164.31 1 0.155942
164.31 2 0.0144179
164.41 1 0.155942
164.41 2 0.0144179
164.51 1 0.155942
164.51 2 0.0144179
164.61 1 0.155942
164.61 2 0.0144179
164.71 1 0.155942
164.71 2 0.0144179
164.81 1 0.155942
164.81 2 0.0144179
164.91 1 0.155942
164.91 2 0.0144179
165.01 1 0.155942
165.01 2 0.0144179
165.11 1 0.155942
165.11 2 0.0144179
165.21 1 0.155942
165.21 2 0.0144179
165.31 1 0.155942
165.31 2 0.0144179
165.41 1 0.155942
165.41 2 0.0144179
165.51 1 0.155942
165.51 2 0.0144179
165.61 1 0.155942
165.61 2 0.0144179
165.71 1 0.155942
165.71 2 0.0144179
165.81 1 0.155942
165.81 2 0.0144179
165.91 1 0.155942
165.91 2 0.0144179
166.01 1 0.155942
166.01 2 0.0144179
166.11 1 0.155942
166.11 2 0.0144179
166.21 1 0.155942
166.21 2 0.0144179
166.31 1 0.155942
166.31 2 0.0144179
166.41 1 0.155942
166.41 2 0.0144179
166.51 1 0.155942
166.51 2 0.0144179
166.61 1 0.155942
166.61 2 0.0144179
166.71 1 0.155942
166.71 2 0.0144179
166.81 1 0.155942
166.81 2 0.0144179
166.91 1 0.155942
166.91 2 0.0144179
167.01 1 0.155942
167.01 2 0.0144179
167.11 1 0.155942
167.11 2 0.0144179
167.21 1 0.155942
167.21 2 0.0144179
167.31 1 0.155942
167.31 2 0.0144179
167.41 1 0.155942
167.41 2 0.0144179
167.51 1 0.155942
167.51 2 0.0144179
167.61 1 0.155942
167.61 2 0.0144179
167.71 1 0.155942
167.71 2 0.0144179
167.81 1 0.155942
167.81 2 0.0144179
167.91 1 0.155942
167.91 2 0.0144179
168.01 1 0.155942
168.01 2 0.0144179
168.11 1 0.155942
168.11 2 0.0144179
168.21 1 0.155942
168.21 2 0.0144179
168.31 1 0.155942
168.31 2 0.0144179
168.41 1 0.155942
168.41 2 0.0144179
168.51 1 0.155942
168.51 2 0.0144179
168.61 1 0.155942
168.61 2 0.0144179
168.71 1 0.155942
168.71 2 0.0144179
168.81 1 0.155942
168.81 2 0.0144179
168.91 1 0.155942
168.91 2 0.0144179
169.01 1 0.155942
169.01 2 0.0144179
169.11 1 0.155942
169.11 2 0.0144179
169.21 1 0.155942
169.21 2 0.0144179
169.31 1 0.155942
169.31 2 0.0144179
169.41 1 0.155942
169.41 2 0.0144179
169.51 1 0.155942
169.51 2 0.0144179
169.61 1 0.155942
169.61 2 0.0144179
169.71 1 0.155942
169.71 2 0.0144179
169.81 1 0.155942
169.81 2 0.0144179
169.91 1 0.155942
169.91 2 0.0144179
170.01 1 0.155942
170.01 2 0.0144179
170.11 1 0.155942
170.11 2 0.0144179
170.21 1 0.155942
170.21 2 0.0144179
170.31 1 0.155942
170.31 2 0.0144179
170.41 1 0.155942
170.41 2 0.0144179
170.51 1 0.155942
170.51 2 0.0144179
170.61 1 0.155942
170.61 2 0.0144179
170.71 1 0.155942
170.71 2 0.0144179
170.81 1 0.155942
170.81 2 0.0144179
170.91 1 0.155942
170.91 2 0.0144179
171.01 1 0.155942
171.01 2 0.0144179
171.11 1 0.155942
171.11 2 0.0144179
171.21 1 0.155942
171.21 2 0.0144179
171.31 1 0.155942
171.31 2 0.0144179
171.41 1 0.155942
171.41 2 0.0144179
171.51 1 0.155942
171.51 2 0.0144179
171.61 1 0.155942
171.61 2 0.0144179
171.71 1 0.155942
171.71 2 0.0144179
171.81 1 0.155942
171.81 2 0.0144179
171.91 1 0.155942
171.91 2 0.0144179
172.01 1 0.155942
172.01 2 0.0144179
172.11 1 0.155942
172.11 2 0.0144179
172.21 1 0.155942
172.21 2 0.0144179
172.31 1 0.155942
172.31 2 0.0144179
172.41 1 0.155942
172.41 2 0.0144179
172.51 1 0.155942
172.51 2 0.0144179
172.61 1 0.155942
172.61 2 0.0144179
172.71 1 0.155942
172.71 2 0.0144179
172.81 1 0.155942
172.81 2 0.0144179
172.91 1 0.155942
172.91 2 0.0144179
173.01 1 0.155942
173.01 2 0.0144179
173.11 1 0.155942
173.11 2 0.0144179
173.21 1 0.155942
173.21 2 0.0144179
173.31 1 0.155942
173.31 2 0.0144179
173.41 1 0.155942
173.41 2 0.0144179
173.51 1 0.155942
173.51 2 0.0144179
173.61 1 0.155942
173.61 2 0.0144179
173.71 1 0.155942
173.71 2 0.0144179
173.81 1 0.155942
173.81 2 0.0144179
173.91 1 0.155942
173.91 2 0.0144179
174.01 1 0.155942
174.01 2 0.0144179
174.11 1 0.155942
174.11 2 0.0144179
174.21 1 0.155942
174.21 2 0.0144179
174.31 1 0.155942
174.31 2 0.0144179
174.41 1 0.155942
174.41 2 0.0144179
174.51 1 0.155942
174.51 2 0.0144179
174.61 1 0.155942
174.61 2 0.0144179
174.71 1 0.155942
174.71 2 0.0144179
174.81 1 0.155942
174.81 2 0.0144179
174.91 1 0.155942
174.91 2 0.0144179
175.01 1 0.155942
175.01 2 0.0144179
175.11 1 0.155942
175.11 2 0.0144179
175.21 1 0.155942
175.21 2 0.0144179
175.31 1 0.155942
175.31 2 0.0144179
175.41 1 0.155942
175.41 2 0.0144179
175.51 1 0.155942
175.51 2 0.0144179
175.61 1 0.155942
175.61 2 0.0144179
175.71 1 0.155942
175.71 2 0.0144179
175.81 1 0.155942
175.81 2 0.0144179
175.91 1 0.155942
175.91 2 0.0144179
176.01 1 0.155942
176.01 2 0.0144179
176.11 1 0.155942
176.11 2 0.0144179
176.21 1 0.155942
176.21 2 0.0144179
176.31 1 0.155942
176.31 2 0.0144179
176.41 1 0.155942
176.41 2 0.0144179
176.51 1 0.155942
176.51 2 0.0144179
176.61 1 0.155942
176.61 2 0.0144179
176.71 1 0.155942
176.71 2 0.0144179
176.81 1 0.155942
176.81 2 0.0144179
176.91 1 0.155942
176.91 2 0.0144179
177.01 1 0.155942
177.01 2 0.0144179
177.11 1 0.155942
177.11 2 0.0144179
177.21 1 0.155942
177.21 2 0.0144179
177.31 1 0.155942
177.31 2 0.0144179
177.41 1 0.155942
177.41 2 0.0144179
177.51 1 0.155942
177.51 2 0.0144179
177.61 1 0.155942
177.61 2 0.0144179
177.71 1 0.155942
177.71 2 0.0144179
177.81 1 0.155942
177.81 2 0.0144179
177.91 1 0.155942
177.91 2 0.0144179
178.01 1 0.155942
178.01 2 0.0144179
178.11 1 0.155942
178.11 2 0.0144179
178.21 1 0.155942
178.21 2 0.0144179
178.31 1 0.155942
178.31 2 0.0144179
178.41 1 0.155942
178.41 2 0.0144179
178.51 1 0.155942
178.51 2 0.0144179
178.61 1 0.155942
178.61 2 0.0144179
178.71 1 0.155942
178.71 2 0.0144179
178.81 1 0.155942
178.81 2 0.0144179
178.91 1 0.155942
178.91 2 0.0144179
179.01 1 0.155942
179.01 2 0.0144179
179.11 1 0.155942
179.11 2 0.0144179
179.21 1 0.155942
179.21 2 0.0144179
179.31 1 0.155942
179.31 2 0.0144179
179.41 1 0.155942
179.41 2 0.0144179
179.51 1 0.155942
179.51 2 0.0144179
179.61 1 0.155942
179.61 2 0.0144179
179.71 1 0.155942
179.71 2 0.0144179
179.81 1 0.155942
179.81 2 0.0144179
179.91 1 0.155942
179.91 2 0.0144179
180.01 1 0.155942
180.01 2 0.0144179
180.11 1 0.155942
180.11 2 0.0144179
180.21 1 0.155942
180.21 2 0.0144179
180.31 1 0.155942
180.31 2 0.0144179
180.41 1 0.155942
180.41 2 0.0144179
180.51 1 0.155942
180.51 2 0.0144179
180.61 1 0.155942
180.61 2 0.0144179
180.71 1 0.155942
180.71 2 0.0144179
180.81 1 0.155942
180.81 2 0.0144179
180.91 1 0.155942
180.91 2 0.0144179
181.01 1 0.155942
181.01 2 0.0144179
181.11 1 0.155942
181.11 2 0.0144179
181.21 1 0.155942
181.21 2 0.0144179
181.31 1 0.155942
181.31 2 0.0144179
181.41 1 0.155942
181.41 2 0.0144179
181.51 1 0.155942
181.51 2 0.0144179
181.61 1 0.155942
181.61 2 0.0144179
181.71 1 0.155942
181.71 2 0.0144179
181.81 1 0.155942
181.81 2 0.0144179
181.91 1 0.155942
181.91 2 0.0144179
182.01 1 0.155942
182.01 2 0.0144179
182.11 1 0.155942
182.11 2 0.0144179
182.21 1 0.155942
182.21 2 0.0144179
182.31 1 0.155942
182.31 2 0.0144179
182.41 1 0.155942
182.41 2 0.0144179
182.51 1 0.155942
182.51 2 0.0144179
182.61 1 0.155942
182.61 2 0.0144179
182.71 1 0.155942
182.71 2 0.0144179
182.81 1 0.155942
182.81 2 0.0144179
182.91 1 0.155942
182.91 2 0.0144179
183.01 1 0.155942
183.01 2 0.0144179
183.11 1 0.155942
183.11 2 0.0144179
183.21 1 0.155942
183.21 2 0.0144179
183.31 1 0.155942
183.31 2 0.0144179
183.41 1 0.155942
183.41 2 0.0144179
183.51 1 0.155942
183.51 2 0.0144179
183.61 1 0.155942
183.61 2 0.0144179
183.71 1 0.155942
183.71 2 0.0144179
183.81 1 0.155942
183.81 2 0.0144179
183.91 1 0.155942
183.91 2 0.0144179
184.01 1 0.155942
184.01 2 0.0144179
184.11 1 0.155942
184.11 2 0.0144179
184.21 1 0.155942
184.21 2 0.0144179
184.31 1 0.155942
184.31 2 0.0144179
184.41 1 0.155942
184.41 2 0.0144179
184.51 1 0.155942
184.51 2 0.0144179
184.61 1 0.155942
184.61 2 0.0144179
184.71 1 0.155942
184.71 2 0.0144179
184.81 1 0.155942
184.81 2 0.0144179
184.91 1 0.155942
184.91 2 0.0144179
185.01 1 0.155942
185.01 2 0.0144179
185.11 1 0.155942
185.11 2 0.0144179
185.21 1 0.155942
185.21 2 0.0144179
185.31 1 0.155942
185.31 2 0.0144179
185.41 1 0.155942
185.41 2 0.0144179
185.51 1 0.155942
185.51 2 0.0144179
185.61 1 0.155942
185.61 2 0.0144179
185.71 1 0.155942
185.71 2 0.0144179
185.81 1 0.155942
185.81 2 0.0144179
185.91 1 0.155942
185.91 2 0.0144179
186.01 1 0.155942
186.01 2 0.0144179
186.11 1 0.155942
186.11 2 0.0144179
186.21 1 0.155942
186.21 2 0.0144179
186.31 1 0.155942
186.31 2 0.0144179
186.41 1 0.155942
186.41 2 0.0144179
186.51 1 0.155942
186.51 2 0.0144179
186.61 1 0.155942
186.61 2 0.0144179
186.71 1 0.155942
186.71 2 0.0144179
186.81 1 0.155942
186.81 2 0.0144179
186.91 1 0.155942
186.91 2 0.0144179
187.01 1 0.155942
187.01 2 0.0144179
187.11 1 0.155942
187.11 2 0.0144179
187.21 1 0.155942
187.21 2 0.0144179
187.31 1 0.155942
187.31 2 0.0144179
187.41 1 0.155942
187.41 2 0.0144179
187.51 1 0.155942
187.51 2 0.0144179
187.61 1 0.155942
187.61 2 0.0144179
187.71 1 0.155942
187.71 2 0.0144179
187.81 1 0.155942
187.81 2 0.0144179
187.91 1 0.155942
187.91 2 0.0144179
188.01 1 0.155942
188.01 2 0.0144179
188.11 1 0.155942
188.11 2 0.0144179
188.21 1 0.155942
188.21 2 0.0144179
188.31 1 0.155942
188.31 2 0.0144179
188.41 1 0.155942
188.41 2 0.0144179
188.51 1 0.155942
188.51 2 0.0144179
188.61 1 0.155942
188.61 2 0.0144179
188.71 1 0.155942
188.71 2 0.0144179
188.81 1 0.155942
188.81 2 0.0144179
188.91 1 0.155942
188.91 2 0.0144179
189.01 1 0.155942
189.01 2 0.0144179
189.11 1 0.155942
189.11 2 0.0144179
189.21 1 0.155942
189.21 2 0.0144179
189.31 1 0.155942
189.31 2 0.0144179
189.41 1 0.155942
189.41 2 0.0144179
189.51 1 0.155942
189.51 2 0.0144179
189.61 1 0.155942
189.61 2 0.0144179
189.71 1 0.155942
189.71 2 0.0144179
189.81 1 0.155942
189.81 2 0.0144179
189.91 1 0.155942
189.91 2 0.0144179
190.01 1 0.155942
190.01 2 0.0144179
190.11 1 0.155942
190.11 2 0.0144179
190.21 1 0.155942
190.21 2 0.0144179
190.31 1 0.155942
190.31 2 0.0144179
190.41 1 0.155942
190.41 2 0.0144179
190.51 1 0.155942
190.51 2 0.0144179
190.61 1 0.155942
190.61 2 0.0144179
190.71 1 0.155942
190.71 2 0.0144179
190.81 1 0.155942
190.81 2 0.0144179
190.91 1 0.155942
190.91 2 0.0144179
191.01 1 0.155942
191.01 2 0.0144179
191.11 1 0.155942
191.11 2 0.0144179
191.21 1 0.155942
191.21 2 0.0144179
191.31 1 0.155942
191.31 2 0.0144179
191.41 1 0.155942
191.41 2 0.0144179
191.51 1 0.155942
191.51 2 0.0144179
191.61 1 0.155942
191.61 2 0.0144179
191.71 1 0.155942
191.71 2 0.0144179
191.81 1 0.155942
191.81 2 0.0144179
191.91 1 0.155942
191.91 2 0.0144179
192.01 1 0.155942
192.01 2 0.0144179
192.11 1 0.155942
192.11 2 0.0144179
192.21 1 0.155942
192.21 2 0.0144179
192.31 1 0.155942
192.31 2 0.0144179
192.41 1 0.155942
192.41 2 0.0144179
192.51 1 0.155942
192.51 2 0.0144179
192.61 1 0.155942
192.61 2 0.0144179
192.71 1 0.155942
192.71 2 0.0144179
192.81 1 0.155942
192.81 2 0.0144179
192.91 1 0.155942
192.91 2 0.0144179
193.01 1 0.155942
193.01 2 0.0144179
193.11 1 0.155942
193.11 2 0.0144179
193.21 1 0.155942
193.21 2 0.0144179
193.31 1 0.155942
193.31 2 0.0144179
193.41 1 0.155942
193.41 2 0.0144179
193.51 1 0.155942
193.51 2 0.0144179
193.61 1 0.155942
193.61 2 0.0144179
193.71 1 0.155942
193.71 2 0.0144179
193.81 1 0.155942
193.81 2 0.0144179
193.91 1 0.155942
193.91 2 0.0144179
194.01 1 0.155942
194.01 2 0.0144179
194.11 1 0.155942
194.11 2 0.0144179
194.21 1 0.155942
194.21 2 0.0144179
194.31 1 0.155942
194.31 2 0.0144179
194.41 1 0.155942
194.41 2 0.0144179
194.51 1 0.155942
194.51 2 0.0144179
194.61 1 0.155942
194.61 2 0.0144179
194.71 1 0.155942
194.71 2 0.0144179
194.81 1 0.155942
194.81 2 0.0144179
194.91 1 0.155942
194.91 2 0.0144179
195.01 1 0.155942
195.01 2 0.0144179
195.11 1 0.155942
195.11 2 0.0144179
195.21 1 0.155942
195.21 2 0.0144179
195.31 1 0.155942
195.31 2 0.0144179
195.41 1 0.155942
195.41 2 0.0144179
195.51 1 0.155942
195.51 2 0.0144179
195.61 1 0.155942
195.61 2 0.0144179
195.71 1 0.155942
195.71 2 0.0144179
195.81 1 0.155942
195.81 2 0.0144179
195.91 1 0.155942
195.91 2 0.0144179
196.01 1 0.155942
196.01 2 0.0144179
196.11 1 0.155942
196.11 2 0.0144179
196.21 1 0.155942
196.21 2 0.0144179
196.31 1 0.155942
196.31 2 0.0144179
196.41 1 0.155942
196.41 2 0.0144179
196.51 1 0.155942
196.51 2 0.0144179
196.61 1 0.155942
196.61 2 0.0144179
196.71 1 0.155942
196.71 2 0.0144179
196.81 1 0.155942
196.81 2 0.0144179
196.91 1 0.155942
196.91 2 0.0144179
197.01 1 0.155942
197.01 2 0.0144179
197.11 1 0.155942
197.11 2 0.0144179
197.21 1 0.155942
197.21 2 0.0144179
197.31 1 0.155942
197.31 2 0.0144179
197.41 1 0.155942
197.41 2 0.0144179
197.51 1 0.155942
197.51 2 0.0144179
197.61 1 0.155942
197.61 2 0.0144179
197.71 1 0.155942
197.71 2 0.0144179
197.81 1 0.155942
197.81 2 0.0144179
197.91 1 0.155942
197.91 2 0.0144179
198.01 1 0.155942
198.01 2 0.0144179
198.11 1 0.155942
198.11 2 0.0144179
198.21 1 0.155942
198.21 2 0.0144179
198.31 1 0.155942
198.31 2 0.0144179
198.41 1 0.155942
198.41 2 0.0144179
198.51 1 0.155942
198.51 2 0.0144179
198.61 1 0.155942
198.61 2 0.0144179
198.71 1 0.155942
198.71 2 0.0144179
198.81 1 0.155942
198.81 2 0.0144179
198.91 1 0.155942
198.91 2 0.0144179
199.01 1 0.155942
199.01 2 0.0144179
199.11 1 0.155942
199.11 2 0.0144179
199.21 1 0.155942
199.21 2 0.0144179
199.31 1 0.155942
199.31 2 0.0144179
199.41 1 0.155942
199.41 2 0.0144179
199.51 1 0.155942
199.51 2 0.0144179
199.61 1 0.155942
199.61 2 0.0144179
199.71 1 0.155942
199.71 2 0.0144179
199.81 1 0.155942
199.81 2 0.0144179
199.91 1 0.155942
199.91 2 0.0144179
200.01 1 0.155942
200.01 2 0.0144179
200.11 1 0.155942
200.11 2 0.0144179
200.21 1 0.155942
200.21 2 0.0144179
200.31 1 0.155942
200.31 2 0.0144179
200.41 1 0.155942
200.41 2 0.0144179
200.51 1 0.155942
200.51 2 0.0144179
200.61 1 0.155942
200.61 2 0.0144179
200.71 1 0.155942
200.71 2 0.0144179
200.81 1 0.155942
200.81 2 0.0144179
200.91 1 0.155942
200.91 2 0.0144179
