0.0 0
0.114179 0.104
0.219091 0.104125
0.226277 0.104734
0.233474 0.105268
0.240672 0.105609
0.247869 0.105908
0.323992 0.114794
0.331189 0.11407
0.338386 0.113436
0.345584 0.112757
0.352781 0.112162
0.359978 0.111642
0.367175 0.111312
0.374373 0.111023
0.38157 0.110645
0.428893 0.115314
0.43609 0.114525
0.443287 0.113834
0.450485 0.11323
0.457682 0.112576
0.464879 0.112004
0.472076 0.111629
0.479274 0.1113
0.486471 0.111013
0.533794 0.115636
0.540991 0.114682
0.548188 0.113971
0.555386 0.11335
0.562583 0.112681
0.56978 0.112096
0.576977 0.111584
0.584175 0.111261
0.591372 0.110978
0.85933 0.110731
0.862941 0.11039
0.957034 0.110216
0.964231 0.110064
0.971428 0.109931
0.978625 0.10969
0.985823 0.109478
0.99302 0.109419
1.00022 0.109366
1.00741 0.109321
1.01461 0.109155
1.02181 0.109011
1.06553 0.108885
1.07273 0.108774
1.07993 0.108677
1.08713 0.108718
1.09432 0.108753
1.10152 0.108659
1.10872 0.108576
1.11591 0.108504
1.12311 0.108566
1.13031 0.108621
1.17403 0.108668
1.18123 0.108709
1.18843 0.108746
1.19562 0.108653
1.20282 0.108571
1.21002 0.108625
1.21722 0.108672
1.22441 0.108713
1.23161 0.108624
1.23881 0.108546
1.28253 0.108477
1.28973 0.108418
1.29693 0.108365
1.30412 0.108445
1.31132 0.108514
1.31852 0.10845
1.32572 0.108394
1.33291 0.108344
1.34372 0.108801
1.56073 0.115951
1.60445 0.115082
1.61164 0.114197
1.61884 0.113422
1.62604 0.11287
1.63323 0.112386
1.64043 0.111963
1.64763 0.111467
1.65483 0.111034
1.66202 0.11078
1.66922 0.110557
1.70935 0.114488
1.71654 0.113677
1.72374 0.112967
1.73094 0.112346
1.73814 0.111928
1.74533 0.111562
1.75253 0.111117
1.75973 0.110727
1.76692 0.110386
1.77412 0.110213
1.81425 0.114186
1.82144 0.113538
1.82864 0.112846
1.83584 0.11224
1.84304 0.111835
1.85023 0.111481
1.86463 0.111046
1.87183 0.110665
1.87902 0.110457
1.91915 0.1144
1.92635 0.113725
1.93354 0.113009
1.94074 0.112383
1.94794 0.111835
1.95513 0.111481
1.96953 0.112046
1.97673 0.11154
1.98392 0.111097
1.99112 0.110835
2.02405 0.113856
2.03125 0.113249
2.03844 0.112718
2.04564 0.112128
2.05284 0.111612
2.06004 0.111286
2.07443 0.111875
2.08163 0.11139
2.08882 0.110967
2.09602 0.110721
2.12895 0.113631
2.13615 0.113052
2.14334 0.112545
2.15054 0.111977
2.15774 0.11148
2.16494 0.111045
2.17933 0.111664
2.18653 0.111206
2.19373 0.110806
2.20092 0.110455
2.23385 0.113398
2.24105 0.112848
2.24825 0.112367
2.25544 0.111946
2.26264 0.111453
2.26984 0.111021
2.28423 0.111644
2.29504 0.111813
2.50845 0.122712
2.51565 0.120873
2.52285 0.119264
2.53005 0.117981
2.53724 0.116858
2.54444 0.115876
2.55164 0.114891
2.55883 0.11403
2.56603 0.113401
2.57323 0.112851
2.61335 0.116495
2.62055 0.115433
2.62775 0.114504
2.63495 0.113691
2.64214 0.113104
2.64934 0.112591
2.65654 0.112017
2.66374 0.111515
2.67093 0.111076
2.71826 0.114941
2.72545 0.114199
2.73265 0.113424
2.73985 0.112746
2.74704 0.112278
2.75424 0.111868
2.76144 0.111509
2.76864 0.111071
2.77583 0.110687
2.82316 0.115476
2.83035 0.114667
2.83755 0.113833
2.84475 0.113104
2.85195 0.112466
2.85914 0.112033
2.86634 0.111654
2.87354 0.111197
2.88073 0.110797
2.88793 0.110448
2.92806 0.114392
2.93525 0.113718
2.94245 0.113128
2.94965 0.112487
2.95685 0.111926
2.96404 0.11156
2.97124 0.11124
2.97844 0.11096
2.98564 0.11059
2.99283 0.110266
3.03296 0.114108
3.04016 0.11347
3.04735 0.112911
3.05455 0.112297
3.06175 0.11176
3.06894 0.11129
3.07614 0.111004
3.08334 0.110753
3.09054 0.110409
3.09773 0.110108
3.13786 0.113969
3.14506 0.113348
3.15225 0.112805
3.15945 0.112329
3.16665 0.111788
3.17385 0.111314
3.18104 0.111025
3.18824 0.110772
3.19544 0.110551
3.20263 0.110232
3.24276 0.114078
3.24996 0.113318
3.25716 0.112778
3.26435 0.112306
3.27155 0.111768
3.27875 0.111297
3.28594 0.110885
3.29314 0.110649
3.30034 0.110443
3.30754 0.110138
3.34766 0.113995
3.35486 0.113246
3.36206 0.112715
3.36925 0.112251
3.37645 0.111844
3.38365 0.111364
3.39085 0.110943
3.39804 0.1107
3.40524 0.110488
3.41244 0.110302
3.45256 0.114139
3.45976 0.113372
3.46696 0.1127
3.47415 0.112238
3.48135 0.111833
3.48855 0.111354
3.49575 0.110935
3.50294 0.110568
3.51014 0.110372
3.51734 0.1102
3.55746 0.11405
3.56466 0.113294
3.57186 0.112632
3.57906 0.112178
3.58625 0.111781
3.59345 0.111433
3.60065 0.111004
3.60784 0.110629
3.61504 0.110425
3.62224 0.110247
3.66236 0.114216
3.66956 0.113439
3.67676 0.112759
3.68396 0.112164
3.69115 0.111769
3.69835 0.111423
3.70555 0.110995
3.71275 0.11062
3.71994 0.110293
3.72714 0.110131
3.76727 0.114115
3.77446 0.113476
3.78166 0.112791
3.78886 0.112192
3.79605 0.111793
3.80325 0.111444
3.81045 0.111139
3.81765 0.110746
3.82484 0.110403
3.83204 0.110228
3.87217 0.114199
3.87936 0.113549
3.88656 0.112856
3.89376 0.112249
3.90096 0.111718
3.90815 0.111378
4.12518 0.122331
4.13237 0.120664
4.13957 0.119081
4.14677 0.117696
4.15397 0.116484
4.16116 0.115549
4.16836 0.11473
4.17556 0.113889
4.18275 0.113153
4.18995 0.112509
4.23368 0.111945
4.24087 0.111452
4.24807 0.111145
4.25527 0.110877
4.26247 0.110643
4.26966 0.110312
4.27686 0.110023
4.28406 0.109895
4.29125 0.109783
4.29845 0.109685
4.34218 0.1096
4.34937 0.109525
4.35657 0.109334
4.36377 0.109167
4.37097 0.109022
4.37816 0.109019
4.38536 0.109016
4.39256 0.108889
4.39975 0.108778
4.40695 0.108681
4.41415 0.108721
4.45068 0.108631
4.45787 0.108552
4.46507 0.108608
4.47227 0.108657
4.47946 0.1087
4.48666 0.108612
4.49386 0.108536
4.50106 0.108594
4.50825 0.108645
4.51545 0.108689
4.52265 0.108603
4.55918 0.108653
4.56637 0.108696
4.57357 0.108609
4.58077 0.108533
4.59158 0.108966
4.80499 0.12022
4.81219 0.118818
4.81938 0.117591
4.82658 0.116392
4.83378 0.115343
4.84097 0.114425
4.84817 0.113747
4.85537 0.113154
4.86257 0.112509
4.86976 0.111946
4.87696 0.111452
4.91349 0.111146
4.9243 0.111253
5.14852 0.110846
5.24622 0.121865
5.25342 0.120257
5.26062 0.118725
5.26781 0.117384
5.28221 0.116336
5.2894 0.115419
5.30021 0.114992
5.45963 0.118743
5.5244 0.117525
5.53159 0.116334
5.53879 0.115293
5.54599 0.114381
5.55319 0.113708
5.56038 0.11312
5.56758 0.11248
5.57478 0.11192
5.58198 0.11143
5.58917 0.111126
5.59637 0.11086
5.6293 0.113753
5.6365 0.113159
5.64369 0.112514
5.65089 0.11195
5.65809 0.111581
5.66528 0.111258
5.67248 0.110976
5.67968 0.110604
5.68688 0.110279
5.69407 0.110119
5.70127 0.109979
5.7342 0.113107
5.7414 0.112593
5.74859 0.112019
5.75579 0.111517
5.76299 0.111077
5.77019 0.110817
5.77738 0.11059
5.78458 0.110266
5.79178 0.109983
5.79897 0.109735
5.80617 0.109643
5.8391 0.112813
5.8463 0.112336
5.85349 0.111919
5.86069 0.111429
5.86789 0.111001
5.87509 0.110751
5.88948 0.110532
5.89668 0.110215
5.90388 0.109938
5.91107 0.109821
5.944 0.112968
5.9512 0.112472
5.9584 0.112038
5.96559 0.111534
5.97279 0.111092
5.97999 0.110705
5.99438 0.111367
6.00158 0.110946
6.00878 0.110578
6.01597 0.110256
6.02317 0.110099
6.0489 0.112211
6.0561 0.11181
6.0633 0.111459
6.07049 0.111151
6.07769 0.110757
6.08489 0.110413
6.09928 0.111111
6.22939 0.111222
6.3235 0.11082
6.33431 0.110967
6.54773 0.121971
6.55492 0.120225
6.56212 0.118822
6.56932 0.117594
6.57651 0.116395
6.58371 0.115345
6.59091 0.114427
6.59811 0.113749
6.6053 0.113155
6.6125 0.112511
6.6197 0.111947
6.6269 0.111454
6.65623 0.111147
6.66342 0.110879
6.67062 0.110519
6.67782 0.110204
6.68501 0.110053
6.69221 0.109922
6.69941 0.109806
6.91643 0.120956
6.92363 0.119336
6.93083 0.117919
6.93802 0.116804
6.94522 0.115829
6.95242 0.114975
6.95962 0.114103
6.96681 0.11334
6.97401 0.112798
6.98121 0.112323
6.98841 0.111908
6.9956 0.111419
7.02133 0.113367
7.02853 0.112696
7.03573 0.112109
7.04293 0.111595
7.05012 0.111271
7.05732 0.110987
7.06452 0.110614
7.07171 0.110287
7.07891 0.110001
7.08611 0.109876
7.09331 0.109766
7.1005 0.109546
7.12623 0.111727
7.13343 0.111387
7.14063 0.110963
7.14783 0.110593
7.15502 0.110394
7.16222 0.110219
7.16942 0.110067
7.17662 0.109809
7.18381 0.109583
7.19101 0.10951
7.19821 0.109446
7.2054 0.10939
7.23114 0.111591
7.23833 0.111268
7.24553 0.110859
7.25273 0.110502
7.25992 0.110189
7.26712 0.11004
7.27432 0.10991
7.28152 0.109672
7.28871 0.109463
7.29591 0.10928
7.30311 0.109245
7.31031 0.109214
7.33604 0.111437
7.34323 0.111133
7.35043 0.110866
7.35763 0.110508
7.36483 0.110194
7.37202 0.110045
7.37922 0.109914
7.38642 0.1098
7.39361 0.109575
7.40081 0.109378
7.40801 0.109331
7.41521 0.10929
7.44094 0.111503
7.44814 0.11119
7.45533 0.110917
7.46253 0.110552
7.46973 0.110233
7.47692 0.109954
7.48412 0.109835
7.49132 0.10973
7.49852 0.109514
7.50571 0.109325
7.51291 0.109159
7.52011 0.109139
7.54584 0.111372
7.55304 0.111075
7.56023 0.110816
7.56743 0.110589
7.57463 0.110265
7.58183 0.109982
7.58902 0.109859
7.59622 0.109752
7.60342 0.109658
7.61061 0.109451
7.61781 0.109269
7.62501 0.109236
7.65074 0.111456
7.65794 0.111024
7.66513 0.110771
7.67233 0.11055
7.67953 0.110231
7.68673 0.109952
7.69392 0.109708
7.70112 0.10962
7.70832 0.109542
7.71552 0.109349
7.72991 0.109181
7.75564 0.111408
7.76645 0.111482
7.97986 0.122422
7.98706 0.120744
7.99426 0.119276
8.00145 0.117992
8.00865 0.116743
8.01585 0.11565
8.02305 0.114819
8.03024 0.114091
8.03744 0.113455
8.04464 0.112773
8.05183 0.112176
8.05903 0.111779
8.08476 0.113682
8.09196 0.112972
8.09916 0.112475
8.10635 0.112041
8.11355 0.111536
8.12075 0.111094
8.12795 0.110707
8.13514 0.110494
8.14234 0.110307
8.14954 0.110019
8.15674 0.109766
8.16393 0.109545
8.18966 0.111727
8.19686 0.111261
8.20406 0.110979
8.21126 0.110731
8.21845 0.110515
8.22565 0.110201
8.23285 0.109926
8.24004 0.10981
8.24724 0.109709
8.25444 0.10962
8.26164 0.109418
8.26883 0.10924
8.29457 0.11146
8.30176 0.111028
8.30896 0.110649
8.31616 0.110443
8.32335 0.110263
8.33055 0.10998
8.33775 0.109732
8.34495 0.109516
8.35214 0.109451
8.35934 0.109395
8.36654 0.109221
8.37374 0.109068
8.39947 0.11131
8.40666 0.110896
8.41386 0.110534
8.42106 0.110342
8.42826 0.110174
8.43545 0.110028
8.44265 0.109774
8.44985 0.109552
8.45704 0.109483
8.46424 0.109423
8.68127 0.12062
8.68846 0.119168
8.69566 0.117772
8.70286 0.11655
8.71005 0.115606
8.71725 0.114781
8.72445 0.114058
8.73165 0.113301
8.73884 0.112638
8.74604 0.112183
8.75324 0.111785
8.76044 0.111437
8.76763 0.111008
8.78977 0.110632
8.79696 0.110303
8.80416 0.11014
8.81136 0.109997
8.81855 0.109748
8.82575 0.109529
8.83295 0.109338
8.84015 0.109296
8.84734 0.109259
8.85454 0.109101
8.86174 0.108964
8.86893 0.108843
8.87613 0.108863
8.89826 0.10888
8.90546 0.108895
8.91266 0.108783
8.91986 0.108685
8.92705 0.108725
8.93425 0.108759
8.94145 0.108789
8.94865 0.108691
8.95584 0.108604
8.96304 0.108654
8.97024 0.108697
8.97743 0.108735
9.12967 0.110018
9.21659 0.109766
9.22379 0.109545
9.23099 0.109352
9.23818 0.109308
9.24538 0.109269
9.25258 0.109111
9.25977 0.108972
9.26697 0.10885
9.27417 0.108869
9.28137 0.108885
9.28856 0.108775
9.29576 0.108678
9.30296 0.108593
9.32149 0.110019
9.32869 0.109767
9.33589 0.109546
9.34308 0.109478
9.35028 0.109418
9.35748 0.109366
9.36468 0.109195
9.37187 0.109046
9.37907 0.10904
9.38627 0.109035
9.39346 0.109031
9.40066 0.108902
9.40786 0.108789
9.42639 0.11019
9.43359 0.109917
9.44079 0.109677
9.44799 0.109467
9.45518 0.109409
9.46238 0.109358
9.46958 0.109188
9.6938 0.10904
9.69741 0.109035
9.79151 0.11978
9.79871 0.118308
9.80591 0.117019
9.81311 0.116017
9.8203 0.11514
9.8275 0.114247
9.8347 0.113466
9.84189 0.112783
9.84909 0.11231
9.85629 0.111896
9.86349 0.111534
9.87788 0.111093
9.88508 0.110831
9.90001 0.110602
9.90721 0.110402
9.91441 0.110227
9.92161 0.109948
9.9288 0.109705
9.936 0.109617
9.9432 0.10954
9.95039 0.109472
9.95759 0.109288
9.96479 0.109127
9.97199 0.108986
9.98638 0.108988
9.99358 0.108864
10.0008 0.108756
10.0085 0.108662
10.0157 0.108579
10.0229 0.108507
10.0301 0.108568
10.0373 0.108622
10.0445 0.108545
10.0517 0.108476
10.0661 0.108542
10.0733 0.108599
10.0805 0.108649
10.0949 0.108568
10.1021 0.108622
10.1093 0.108669
10.117 0.108711
10.1242 0.108747
10.1314 0.108778
10.1386 0.108681
10.1458 0.108596
10.153 0.108522
10.1602 0.108581
10.1746 0.108509
10.1818 0.108445
10.189 0.108389
10.1962 0.108466
10.2034 0.108533
10.2106 0.108466
10.2178 0.108408
10.3191 0.108482
10.3263 0.108547
10.4276 0.108478
10.4348 0.108418
10.5361 0.108491
10.5433 0.108555
10.6446 0.108485
10.6518 0.108425
10.7531 0.108497
10.7603 0.10856
10.8616 0.10849
10.8688 0.108428
10.9701 0.1085
10.9773 0.108562
11.0786 0.108492
11.0858 0.108431
11.1871 0.108502
11.1943 0.108564
11.2956 0.108494
11.3028 0.108432
11.4041 0.108503
11.4113 0.108565
11.5126 0.108494
11.5198 0.108433
11.6211 0.108504
11.6283 0.108566
11.7296 0.108495
11.7368 0.108433
11.8381 0.108504
11.8453 0.108566
11.9466 0.108495
11.9538 0.108433
12.0551 0.108504
12.0623 0.108566
12.1636 0.108495
12.1708 0.108433
12.2721 0.108504
12.2793 0.108566
12.3806 0.108495
12.3878 0.108434
12.4891 0.108504
12.4963 0.108566
12.5976 0.108495
12.6048 0.108434
12.7061 0.108504
12.7133 0.108566
12.8146 0.108496
12.8218 0.108434
12.9231 0.108504
12.9303 0.108566
13.0316 0.108496
13.0388 0.108434
13.1401 0.108504
13.1473 0.108566
13.2486 0.108496
13.2558 0.108434
13.3571 0.108504
13.3643 0.108566
13.4656 0.108496
13.4728 0.108434
13.5741 0.108504
13.5813 0.108566
13.6826 0.108496
13.6898 0.108434
13.7911 0.108504
13.7983 0.108566
13.8996 0.108496
13.9068 0.108434
14.0081 0.108504
14.0153 0.108566
14.1166 0.108496
14.1238 0.108434
14.2251 0.108504
14.2323 0.108566
14.3336 0.108496
14.3408 0.108434
14.4421 0.108504
14.4493 0.108566
14.5506 0.108496
14.5578 0.108434
14.6591 0.108504
14.6663 0.108566
14.7676 0.108496
14.7748 0.108434
14.8761 0.108504
14.8833 0.108566
14.9846 0.108496
14.9918 0.108434
15.0931 0.108504
15.1003 0.108566
15.2016 0.108496
15.2088 0.108434
15.3101 0.108504
15.3173 0.108566
15.4186 0.108496
15.4258 0.108434
15.5271 0.108504
15.5343 0.108566
15.6356 0.108496
15.6428 0.108434
15.7441 0.108504
15.7513 0.108566
15.8526 0.108496
15.8598 0.108434
15.9611 0.108504
15.9683 0.108566
16.0696 0.108496
16.0768 0.108434
16.4599 0.115629
16.4671 0.114801
16.4743 0.114076
16.4814 0.113441
16.4886 0.112761
16.4958 0.112166
16.5684 0.11177
16.5756 0.111299
16.5828 0.110887
16.5899 0.110526
16.5971 0.110335
16.6043 0.110168
16.6115 0.109897
16.6187 0.10966
16.6259 0.109452
16.6331 0.109396
16.6403 0.109346
16.6475 0.109178
16.6547 0.109031
16.6619 0.108902
16.6769 0.108789
16.6841 0.108816
16.6913 0.108839
16.6984 0.108859
16.7056 0.108751
16.7128 0.108658
16.72 0.1087
16.7272 0.108738
16.7344 0.108771
16.7416 0.108674
16.7488 0.10859
16.756 0.108641
16.7632 0.108686
16.7704 0.108725
16.7854 0.10876
16.7926 0.108665
16.7998 0.108582
16.8069 0.108509
16.8141 0.10857
17.0312 0.119874
17.0384 0.118515
17.0456 0.1172
17.0528 0.11605
17.06 0.115044
17.0672 0.114289
17.0744 0.113627
17.0815 0.112924
17.0887 0.112309
17.0959 0.11177
17.1031 0.111424
17.1103 0.111121
17.1175 0.110731
17.1247 0.110389
17.1361 0.110716
17.1433 0.110501
17.1505 0.110314
17.1577 0.110024
17.1649 0.109771
17.1721 0.109675
17.1793 0.109591
17.1865 0.109517
17.1936 0.109327
17.2008 0.109161
17.208 0.109141
17.2152 0.109123
17.2224 0.109108
17.2296 0.10897
17.241 0.109348
17.2482 0.109305
17.2554 0.109267
17.2626 0.109108
17.2698 0.10897
17.277 0.108849
17.2842 0.108868
17.2914 0.108884
17.2985 0.108774
17.3057 0.108677
17.3129 0.108592
17.3201 0.108643
17.3273 0.108688
17.3345 0.108602
17.3459 0.109027
17.3531 0.109023
17.3603 0.10902
17.3675 0.109018
17.3747 0.108891
17.3819 0.108779
17.3891 0.108807
17.3963 0.108831
17.4035 0.108852
17.4106 0.108746
17.6277 0.120027
17.6349 0.118524
17.6421 0.117333
17.6493 0.116292
17.6565 0.11538
17.6637 0.114458
17.6709 0.113651
17.6781 0.113069
17.6852 0.112561
17.6924 0.112116
17.6996 0.111601
17.7068 0.111151
17.714 0.110882
17.7212 0.110647
17.7284 0.110441
17.7362 0.110261
17.7434 0.110103
17.7506 0.10984
17.7578 0.10961
17.765 0.109409
17.7722 0.109358
17.7794 0.109313
17.7866 0.109149
17.7937 0.109005
17.8009 0.10888
17.8081 0.108895
17.8153 0.108908
17.8225 0.108794
17.8297 0.108695
17.8369 0.108608
17.8447 0.108532
17.8519 0.108466
17.8591 0.108532
17.8663 0.108591
17.8735 0.108642
17.8807 0.108562
17.8879 0.108492
17.8951 0.108555
17.9022 0.108611
17.9094 0.108659
17.9166 0.108577
17.9238 0.108505
17.931 0.108567
17.9382 0.108621
17.9454 0.108668
17.9532 0.10871
17.9604 0.108746
17.9748 0.108653
17.982 0.108571
17.9964 0.108625
18.0036 0.108547
18.0107 0.108478
18.0179 0.108419
18.0251 0.108491
18.0323 0.108555
18.0395 0.108485
18.0467 0.108425
18.0539 0.108372
18.0617 0.108325
18.0689 0.108285
18.0833 0.108374
18.0905 0.108452
18.0977 0.108396
18.1049 0.108346
18.1121 0.108428
18.1192 0.108499
18.1264 0.108562
18.1336 0.108492
18.1408 0.10843
18.148 0.108502
18.1552 0.108564
18.1624 0.108618
18.1696 0.108541
18.1768 0.108473
18.184 0.108539
18.1918 0.108472
18.199 0.108413
18.2062 0.108486
18.2134 0.10855
18.2206 0.108482
18.2277 0.108421
18.2349 0.108369
18.2421 0.108448
18.2493 0.108517
18.2565 0.108452
18.2637 0.108396
18.2709 0.108346
18.2781 0.108428
18.2853 0.108499
18.2925 0.108437
18.3003 0.108507
18.3075 0.108569
18.3147 0.108498
18.3219 0.108436
18.3291 0.108506
18.3362 0.108568
18.3434 0.108622
18.3506 0.108544
18.3578 0.108476
18.365 0.108542
18.3722 0.108599
18.3794 0.108649
18.3866 0.108568
18.3938 0.108497
18.401 0.10856
18.4088 0.10849
18.416 0.108429
18.4232 0.1085
18.4304 0.108563
18.4375 0.108492
18.4447 0.108431
18.4519 0.108377
18.4591 0.108455
18.4663 0.108523
18.4735 0.108458
18.4807 0.1084
18.4879 0.10835
18.5023 0.108432
18.5095 0.108378
18.5173 0.108455
18.5245 0.108523
18.5317 0.108458
18.5389 0.108401
18.546 0.108476
18.5532 0.108541
18.5604 0.108599
18.5676 0.108524
18.5748 0.108458
18.582 0.108526
18.5892 0.108585
18.5964 0.108637
18.6108 0.108557
18.618 0.108613
18.6252 0.108661
18.6324 0.108704
18.6396 0.108616
18.6468 0.108539
18.654 0.108596
18.6612 0.108647
18.6684 0.108691
18.6756 0.108605
18.6828 0.108529
18.69 0.108463
18.6972 0.10853
18.7044 0.108589
18.7116 0.108515
18.7193 0.108576
18.7265 0.108504
18.7337 0.108441
18.7409 0.108386
18.7481 0.108463
18.7553 0.10853
18.7625 0.108463
18.7697 0.108406
18.7769 0.108355
18.7841 0.108435
18.7913 0.108506
18.7985 0.108568
18.8057 0.108497
18.8129 0.108435
18.8201 0.108505
18.8278 0.108442
18.835 0.108512
18.8422 0.108573
18.8494 0.108626
18.8566 0.108548
18.8638 0.10848
18.871 0.108545
18.8782 0.108602
18.8854 0.108651
18.8926 0.10857
18.8998 0.108499
18.907 0.108436
18.9142 0.108507
18.9214 0.108568
18.9286 0.108497
18.9363 0.10856
18.9435 0.10849
18.9507 0.108429
18.9579 0.108375
18.9651 0.108453
18.9723 0.108522
18.9795 0.108456
18.9867 0.108399
18.9939 0.10835
19.0011 0.108431
19.0083 0.108502
19.0155 0.108564
19.0227 0.108494
19.0299 0.108432
19.0371 0.108503
19.0448 0.10844
19.052 0.10851
19.0592 0.108571
19.0664 0.108625
19.0736 0.108547
19.0808 0.108478
19.088 0.108544
19.0952 0.108601
19.1024 0.108651
19.1096 0.108569
19.1168 0.108498
19.124 0.108436
19.1312 0.108506
19.1384 0.108568
19.1456 0.108497
19.1533 0.10856
19.1605 0.10849
19.1677 0.108429
19.1749 0.108375
19.1821 0.108453
19.1893 0.108522
19.1965 0.108456
19.2037 0.108399
19.2109 0.108349
19.2181 0.108431
19.2253 0.108502
19.2325 0.108564
19.2397 0.108494
19.2469 0.108432
19.2541 0.108503
19.2618 0.10844
19.269 0.10851
19.2762 0.108571
19.2834 0.108625
19.2906 0.108547
19.2978 0.108478
19.305 0.108544
19.3122 0.108601
19.3194 0.108651
19.3266 0.108569
19.3338 0.108498
19.341 0.108436
19.3482 0.108506
19.3554 0.108568
19.3626 0.108497
19.3703 0.10856
19.3775 0.10849
19.3847 0.108429
19.3919 0.108375
19.6161 0.108453
19.6233 0.108522
19.6305 0.108456
19.6377 0.108399
19.6449 0.108349
19.6521 0.108431
19.6593 0.108502
19.6665 0.108439
19.6737 0.108384
19.6809 0.108336
19.6881 0.108419
19.6953 0.108492
19.7025 0.10843
19.7097 0.108377
19.721 0.108954
19.7282 0.10896
19.7354 0.108965
19.7426 0.108844
19.7498 0.108739
19.757 0.108772
19.7642 0.1088
19.7714 0.108825
19.7786 0.108722
19.7858 0.108632
19.793 0.108678
19.8002 0.108718
19.8074 0.108753
19.8146 0.108659
19.8218 0.108577
19.829 0.108505
19.8362 0.108567
19.8434 0.108621
19.8506 0.108543
19.8578 0.108475
19.865 0.108416
19.8722 0.108489
19.8794 0.108553
19.8866 0.108484
19.8938 0.108423
19.901 0.10837
19.9082 0.108449
19.9154 0.108518
19.9226 0.108453
19.9298 0.108397
19.937 0.108347
19.9442 0.108429
19.9513 0.1085
19.9585 0.108438
19.9694 0.108883
20.1828 0.120147
20.19 0.118629
20.1972 0.117425
20.2044 0.116372
20.2116 0.115326
20.2188 0.11441
20.226 0.113609
20.2331 0.113033
20.2403 0.112529
20.2475 0.111962
20.2547 0.111467
20.2655 0.111534
20.4064 0.113467
20.4868 0.112909
20.4939 0.112295
20.5011 0.111883
20.5083 0.111523
20.5155 0.111082
20.5227 0.110697
20.5299 0.11036
20.5371 0.11019
20.5443 0.110041
20.5515 0.109786
20.5587 0.109563
20.5659 0.109367
20.5731 0.109322
20.5803 0.109281
20.5875 0.109121
20.5947 0.108981
20.6019 0.108858
20.6091 0.108876
20.8334 0.108517
20.84 0.108452
20.8472 0.108521
20.8544 0.10858
20.9341 0.117633
20.9413 0.116554
20.9485 0.11561
20.9557 0.114658
20.9629 0.113826
20.9701 0.113223
20.9773 0.112695
20.9845 0.112233
20.9917 0.111704
20.9989 0.111241
21.0061 0.110961
21.0133 0.110716
21.0205 0.110501
21.0277 0.110189
21.0385 0.110415
21.2513 0.121488
21.2585 0.119802
21.2657 0.118327
21.2729 0.117036
21.2801 0.116032
21.2873 0.115153
21.2945 0.114258
21.3017 0.113476
21.3089 0.112792
21.3161 0.112318
21.3233 0.111903
21.3305 0.11154
21.3377 0.111098
21.3449 0.11071
21.3521 0.110497
21.3593 0.11031
21.3665 0.110146
21.3737 0.109878
21.3809 0.109643
21.3881 0.109563
21.3953 0.109492
21.4025 0.109431
21.4097 0.109252
21.4169 0.109095
21.4241 0.109083
21.4313 0.109073
21.4384 0.109064
21.4456 0.108931
21.4528 0.108815
21.46 0.108838
21.4672 0.108858
21.4744 0.108876
21.4816 0.108766
21.4888 0.108671
21.496 0.108712
21.5032 0.108748
21.5104 0.108779
21.5176 0.108682
21.5248 0.108597
21.532 0.108647
21.5392 0.108691
21.5464 0.10873
21.5608 0.108639
21.568 0.108559
21.5788 0.108989
21.7922 0.12024
21.7994 0.118835
21.8066 0.117481
21.8138 0.116296
21.821 0.115259
21.8282 0.114476
21.8354 0.113792
21.8426 0.113068
21.8498 0.112434
21.857 0.11188
21.8642 0.11152
21.8714 0.111205
21.8786 0.110804
21.8858 0.110454
21.893 0.110147
21.9002 0.110004
21.9074 0.109878
21.9146 0.109643
21.9218 0.109438
21.929 0.109258
21.9362 0.109226
21.9433 0.109198
21.9505 0.109048
21.9577 0.108917
21.9649 0.108802
21.9721 0.108827
21.9793 0.108849
21.9865 0.108743
21.9937 0.10865
22.0009 0.108569
22.0081 0.108622
22.0153 0.10867
22.0225 0.108586
22.0297 0.108513
22.0369 0.108449
22.0441 0.108518
22.0513 0.108578
22.0585 0.108506
22.0657 0.108442
22.0729 0.108387
22.0801 0.108464
22.0873 0.108531
22.0945 0.108589
22.1017 0.108516
22.1089 0.108451
22.1161 0.10852
22.1233 0.10858
22.1305 0.108632
22.1377 0.108553
22.1449 0.108484
22.1521 0.108549
22.1593 0.108605
22.1665 0.108654
22.1737 0.108573
22.1809 0.108501
22.1881 0.108563
22.1953 0.108618
22.2024 0.108666
22.2096 0.108583
22.2168 0.10851
22.224 0.108571
22.2312 0.108625
22.2384 0.108672
22.2456 0.108588
22.2528 0.108514
22.26 0.108575
22.2672 0.108628
22.2744 0.108675
22.2816 0.10859
22.2888 0.108516
22.296 0.108577
22.3032 0.10863
22.3104 0.108676
22.3176 0.108592
22.3248 0.108518
22.332 0.108578
22.3392 0.108631
22.3464 0.108677
22.3536 0.108592
22.3608 0.108518
22.368 0.108453
22.3752 0.108522
22.3824 0.108582
22.3896 0.108509
22.6096 0.120195
22.6168 0.118671
22.624 0.117462
22.6312 0.116404
22.6384 0.115479
22.6456 0.114544
22.6528 0.113726
22.66 0.113135
22.6744 0.112618
22.6816 0.112041
22.6888 0.111536
22.696 0.111219
22.7032 0.110942
22.7104 0.110699
22.7176 0.110361
22.7248 0.110066
22.732 0.109933
22.7392 0.109816
22.7464 0.109714
22.7536 0.1095
22.7608 0.109313
22.768 0.109148
22.7752 0.10913
22.7829 0.108989
22.7901 0.10899
22.7973 0.108991
22.8045 0.108867
22.8117 0.108759
22.8189 0.108664
22.8261 0.108706
22.8333 0.108743
22.8405 0.10865
22.8477 0.108569
23.0678 0.120248
23.075 0.118717
23.0822 0.117502
23.0894 0.116439
23.1038 0.115384
23.111 0.114461
23.1181 0.113779
23.1253 0.113181
23.1325 0.112534
23.1397 0.111967
23.1469 0.111471
23.1541 0.111162
23.1613 0.110892
23.1685 0.11053
23.1757 0.110214
23.1829 0.109937
23.1901 0.10982
23.1973 0.109718
23.2045 0.109503
23.2123 0.10944
23.2195 0.109385
23.2266 0.109212
23.2338 0.10906
23.241 0.109053
23.2482 0.109046
23.2554 0.10904
23.2626 0.10891
23.2698 0.108797
23.277 0.108822
23.2842 0.108844
23.2914 0.108864
23.2986 0.108756
23.3058 0.108661
23.313 0.108704
23.3202 0.108741
23.3274 0.108773
23.3346 0.108676
23.349 0.108717
23.3562 0.108752
23.3634 0.108783
23.3706 0.108685
23.3778 0.1086
23.385 0.108525
23.3922 0.108584
23.3994 0.108636
23.4066 0.108557
23.4138 0.108487
23.421 0.108426
23.4282 0.108498
23.4354 0.108561
23.4426 0.108491
23.4498 0.108429
23.4575 0.108376
23.4647 0.108329
23.4719 0.108288
23.4791 0.108377
23.4863 0.108455
23.4935 0.108523
23.5007 0.108457
23.5079 0.1084
23.728 0.1201
23.7351 0.118713
23.7423 0.117499
23.7495 0.116311
23.7567 0.115272
23.7639 0.114363
23.7711 0.113693
23.7783 0.113106
23.7891 0.112968
24.002 0.123722
24.0092 0.121882
24.0164 0.120272
24.0236 0.118738
24.0308 0.117395
24.038 0.116221
24.0452 0.115318
24.0524 0.114529
24.0596 0.113712
24.0668 0.112998
24.074 0.112374
24.0812 0.111952
24.0884 0.111583
24.0956 0.111135
24.1028 0.110743
24.11 0.1104
24.1172 0.110225
24.1244 0.110072
24.1315 0.109813
24.1387 0.109586
24.1459 0.109388
24.1531 0.10934
24.1603 0.109297
24.1675 0.109135
24.1747 0.108993
24.1819 0.108869
24.1891 0.108885
24.1963 0.1089
24.2035 0.108787
24.2107 0.108689
24.2179 0.108603
24.2251 0.108652
24.2323 0.108696
24.2395 0.108609
24.2467 0.108533
24.2539 0.108466
24.2611 0.108533
24.2683 0.108591
24.2755 0.108642
24.2827 0.108562
24.2899 0.108492
24.2971 0.108555
24.3043 0.108611
24.3115 0.10866
24.3187 0.108577
24.3259 0.108505
24.3331 0.108567
24.3403 0.108621
24.3475 0.108668
24.3547 0.108585
24.3619 0.108512
24.3691 0.108573
24.3763 0.108626
24.3835 0.108673
24.3907 0.108589
24.3978 0.108515
24.405 0.108576
24.4122 0.108629
24.4194 0.108675
24.4266 0.108591
24.4338 0.108517
24.441 0.108577
24.4482 0.10863
24.4554 0.108676
24.4626 0.108592
24.4698 0.108518
24.477 0.108578
24.4842 0.108631
24.4914 0.108677
24.4986 0.108592
24.5058 0.108518
24.513 0.108579
24.5202 0.108631
24.5274 0.108677
24.5346 0.108593
24.5418 0.108519
24.549 0.108454
24.5562 0.108522
24.5634 0.108582
24.5706 0.108509
24.5778 0.108445
24.585 0.10839
24.5922 0.108466
24.5994 0.108533
24.6066 0.108466
24.6138 0.108408
24.621 0.108357
24.6282 0.108437
24.6354 0.108508
24.6426 0.108444
24.6498 0.108389
24.6569 0.10834
24.6641 0.108423
24.6713 0.108495
24.6785 0.108433
24.6857 0.108379
24.6929 0.108331
24.7001 0.108415
24.7073 0.108488
24.7145 0.108427
24.7217 0.108374
24.7289 0.108327
24.7361 0.108411
24.7433 0.108485
24.7505 0.108424
24.7577 0.108371
24.7649 0.108325
24.7721 0.108409
24.7793 0.108483
24.7865 0.108548
24.7937 0.108479
24.8009 0.108419
24.8081 0.108492
24.8153 0.108555
24.8225 0.108611
24.8297 0.108535
24.8369 0.108468
24.8441 0.108534
24.8513 0.108593
24.8585 0.108643
24.8657 0.108563
24.8729 0.108493
24.8801 0.108556
24.8873 0.108612
24.8945 0.10866
24.9017 0.108578
24.9089 0.108505
24.916 0.108567
24.9232 0.108621
24.9304 0.108669
24.9376 0.108585
24.9448 0.108512
24.952 0.108573
24.9592 0.108626
24.9664 0.108673
24.9736 0.108589
24.9808 0.108515
24.988 0.108576
24.9952 0.108629
25.0024 0.108675
25.0096 0.108591
25.0168 0.108517
25.024 0.108577
25.0312 0.10863
25.2513 0.120426
25.2585 0.118998
25.2657 0.117623
25.2729 0.11642
25.2801 0.115493
25.2873 0.114681
25.2945 0.113971
25.3017 0.113225
25.3089 0.112572
25.3161 0.112125
25.3232 0.111735
25.3304 0.111393
25.4749 0.113344
25.5577 0.112676
25.5649 0.112091
25.5721 0.111705
25.5793 0.111367
25.5865 0.110946
25.5937 0.110578
25.6009 0.110255
25.6081 0.110099
25.6153 0.109961
25.6225 0.109841
25.6297 0.109611
25.6369 0.10941
25.6441 0.109358
25.6513 0.109314
25.6585 0.109274
25.8785 0.12099
25.8857 0.119366
25.8929 0.117946
25.9001 0.116827
25.9073 0.115849
25.9145 0.114868
25.9217 0.114009
25.9289 0.113258
25.9361 0.112726
25.9433 0.11226
25.9505 0.111728
25.9577 0.111262
25.9649 0.110854
25.9721 0.110622
25.9793 0.110419
25.9865 0.110117
25.9937 0.109852
26.0009 0.109621
26.0081 0.109543
26.0153 0.109475
26.0225 0.109416
26.0297 0.109239
26.0369 0.109084
26.0441 0.109074
26.0513 0.109064
26.0585 0.109056
26.0657 0.108924
26.0729 0.108809
26.0801 0.108833
26.0873 0.108854
26.0945 0.108872
26.1017 0.108763
26.1089 0.108668
26.1161 0.108709
26.1232 0.108745
26.1304 0.108777
26.1376 0.10868
26.1448 0.108595
26.152 0.108646
26.1592 0.10869
26.1664 0.108729
26.1736 0.108638
26.1808 0.108558
26.188 0.108613
26.1952 0.108662
26.2024 0.108704
26.2096 0.108616
26.2168 0.108539
26.224 0.108597
26.2312 0.108647
26.2384 0.108691
26.2456 0.108605
26.2528 0.108529
26.26 0.108463
26.2672 0.10853
26.2744 0.108589
26.2816 0.108515
26.2888 0.108451
26.296 0.108394
26.3032 0.10847
26.3104 0.108536
26.3176 0.108469
26.3248 0.108411
26.332 0.108359
26.3392 0.108439
26.3464 0.108509
26.3536 0.108446
26.3608 0.10839
26.368 0.108341
26.3752 0.108424
26.3823 0.108496
26.3895 0.108434
26.3967 0.10838
26.4039 0.108332
26.4111 0.108416
26.4183 0.108489
26.4291 0.108928
26.642 0.120312
26.6492 0.118898
26.6564 0.11766
26.6636 0.116453
26.6708 0.115396
26.678 0.114472
26.6852 0.113788
26.6924 0.113189
26.6996 0.112541
26.7068 0.111973
26.714 0.111476
26.7212 0.111167
26.7284 0.110896
26.7356 0.110534
26.7428 0.110217
26.75 0.10994
26.7572 0.109823
26.7644 0.10972
26.7716 0.109505
26.7788 0.109317
26.7859 0.109152
26.7931 0.109133
26.8003 0.109116
26.8075 0.108977
26.8147 0.108855
26.8219 0.108748
26.8291 0.108779
26.8363 0.108807
26.8435 0.108706
26.8507 0.108618
26.8579 0.108541
26.8723 0.108598
26.8795 0.108523
26.8867 0.108458
26.8939 0.108401
26.9011 0.108476
26.9083 0.108541
26.9155 0.108598
26.9227 0.108524
26.9299 0.108458
26.9371 0.108526
26.9443 0.108585
26.9515 0.108637
26.9587 0.108557
26.9659 0.108488
26.9731 0.108552
26.9808 0.108483
26.988 0.108547
26.9952 0.108604
27.0024 0.108654
27.0096 0.108572
27.0168 0.1085
27.024 0.108438
27.0312 0.108508
27.0384 0.10857
27.0456 0.108498
27.0528 0.108436
27.06 0.108382
27.0672 0.108459
27.0744 0.108527
27.0816 0.108461
27.0888 0.108403
27.096 0.108353
27.1032 0.108434
27.1104 0.108504
27.1176 0.108441
27.1248 0.108386
27.132 0.108338
27.1392 0.108421
27.1464 0.108493
27.1535 0.108431
27.1607 0.108378
27.3808 0.12008
27.388 0.118695
27.3952 0.117483
27.4024 0.116423
27.4096 0.11537
27.4168 0.114449
27.424 0.113643
27.4312 0.113062
27.4384 0.112555
27.4456 0.111985
27.4528 0.111487
27.46 0.111051
27.4672 0.110795
27.4744 0.11057
27.4816 0.110249
27.4888 0.109968
27.496 0.109722
27.5032 0.109632
27.5104 0.109553
27.5176 0.109359
27.5248 0.109189
27.532 0.10904
27.5392 0.109035
27.5464 0.109031
27.5535 0.108902
27.5607 0.108789
27.5679 0.108691
27.5751 0.108729
27.5823 0.108763
27.5895 0.108668
27.5967 0.108584
27.6039 0.108511
27.6111 0.108572
27.6183 0.108626
27.6255 0.108548
27.6327 0.108479
27.6399 0.108419
27.6471 0.108492
27.6543 0.108555
27.6615 0.108486
27.6687 0.108425
27.6759 0.108372
27.6831 0.108451
27.6903 0.108519
27.6975 0.108579
27.7047 0.108507
27.7119 0.108444
27.7191 0.108513
27.7263 0.108574
27.7335 0.108627
27.7407 0.108549
27.7479 0.10848
27.7551 0.108545
27.7623 0.108602
27.7695 0.108652
27.7767 0.10857
27.7839 0.108499
27.7911 0.108562
27.7983 0.108616
27.8055 0.108664
27.8127 0.108581
27.8198 0.108509
27.827 0.10857
27.8342 0.108624
27.8414 0.108671
27.8486 0.108587
27.8558 0.108514
27.863 0.108574
27.8702 0.108628
27.8774 0.108674
27.8846 0.10859
27.8918 0.108516
27.899 0.108577
27.9062 0.10863
27.9134 0.108676
27.9206 0.108591
27.9278 0.108517
27.935 0.108578
27.9422 0.108631
27.9494 0.108677
27.9566 0.108592
27.9638 0.108518
27.971 0.108453
27.9782 0.108522
27.9854 0.108581
27.9926 0.108509
27.9998 0.108445
28.007 0.10839
28.0178 0.108841
28.2306 0.120111
28.2378 0.118597
28.3391 0.117397
28.3463 0.116348
28.4476 0.115304
28.4548 0.114391
28.462 0.113717
28.4692 0.113128
28.4764 0.112612
28.4836 0.112035
28.4908 0.111531
28.498 0.111214
28.5052 0.110938
28.5124 0.110695
28.5196 0.110359
28.5268 0.110064
28.534 0.109931
28.5412 0.109814
28.5484 0.109713
28.5556 0.109499
28.5628 0.109311
28.57 0.109147
28.5772 0.109129
28.5844 0.109113
28.5916 0.108974
28.5988 0.108852
28.606 0.108745
28.6132 0.108777
28.6204 0.108805
28.6276 0.108704
28.6348 0.108616
28.642 0.108539
28.6492 0.108597
28.6564 0.108647
28.6636 0.108566
28.6708 0.108496
28.678 0.108434
28.6852 0.108504
28.6924 0.108566
28.6995 0.108496
28.7067 0.108434
28.7139 0.108379
28.7211 0.108457
28.7283 0.108525
28.7355 0.108459
28.7427 0.108402
28.7499 0.108352
28.7571 0.108433
28.7643 0.108504
28.7715 0.108441
28.7787 0.108386
28.7859 0.108337
28.7931 0.10842
28.8003 0.108493
28.8075 0.108431
28.8147 0.108377
28.8219 0.10833
28.8291 0.108414
28.8363 0.108487
28.8435 0.108551
28.8507 0.108482
28.8579 0.108422
28.8651 0.108494
28.8723 0.108557
28.8795 0.108613
28.8867 0.108536
28.8939 0.108469
28.9011 0.108536
28.9083 0.108594
28.9155 0.108644
28.9227 0.108564
28.9299 0.108493
28.9371 0.108557
28.9443 0.108612
28.9515 0.108661
28.9586 0.108578
28.9658 0.108506
28.973 0.108568
28.9802 0.108622
28.9874 0.108669
28.9946 0.108585
29.0018 0.108512
29.009 0.108573
29.0162 0.108626
29.0234 0.108673
29.0306 0.108589
29.0378 0.108515
29.045 0.108576
29.0522 0.108629
29.0594 0.108675
29.0666 0.108591
29.0738 0.108517
29.081 0.108577
29.0954 0.10863
29.1026 0.108551
29.1098 0.108483
29.117 0.108422
29.1242 0.108494
29.1314 0.108558
29.1386 0.108488
29.1458 0.108427
29.153 0.108374
29.1602 0.108452
29.1674 0.10852
29.1746 0.108455
29.1818 0.108398
29.189 0.108349
29.1962 0.10843
29.2039 0.108376
29.2111 0.108454
29.2183 0.108522
29.2255 0.108582
29.2327 0.108509
29.2399 0.108446
29.2471 0.108515
29.2543 0.108576
29.2615 0.108629
29.2687 0.10855
29.2759 0.108481
29.2831 0.108546
29.2903 0.108603
29.2975 0.108653
29.3047 0.108571
29.3119 0.1085
29.3191 0.108562
29.3262 0.108617
29.3334 0.108665
29.3406 0.108582
29.3478 0.108509
29.355 0.10857
29.3622 0.108624
29.3694 0.108671
29.3766 0.108587
29.5967 0.120264
29.6039 0.118731
29.6111 0.117514
29.6183 0.11645
29.6255 0.115519
29.6327 0.114579
29.6399 0.113757
29.6471 0.113162
29.6543 0.112642
29.6615 0.112187
29.6687 0.111663
29.6759 0.111205
29.6831 0.11093
29.6903 0.110688
29.6975 0.110477
29.7047 0.110168
29.7119 0.109897
29.7191 0.109785
29.7262 0.109687
29.7334 0.109601
29.7406 0.109401
29.7478 0.109226
29.755 0.109197
29.7622 0.109173
29.7694 0.109151
29.7766 0.109007
29.7838 0.108881
29.791 0.108896
29.7982 0.108909
29.8054 0.10892
29.8126 0.108805
29.8198 0.108705
29.827 0.108742
29.8342 0.108774
29.8414 0.108802
29.8486 0.108702
30.0687 0.120364
30.0759 0.118819
30.0831 0.117591
30.0903 0.116517
30.0975 0.115578
30.1047 0.114631
30.1119 0.113802
30.1191 0.113201
30.1262 0.112676
30.1334 0.112217
30.1406 0.11169
30.1478 0.111228
30.155 0.11095
30.1622 0.110706
30.1694 0.110493
30.1766 0.110181
30.1838 0.109909
30.191 0.109795
30.4111 0.121446
30.4183 0.11989
30.4255 0.118529
30.4327 0.117213
30.4399 0.116061
30.4471 0.115178
30.4543 0.114406
30.4615 0.11373
30.4687 0.113014
30.4759 0.112387
30.4831 0.111964
30.4903 0.111593
30.4975 0.111269
30.5047 0.110861
30.5119 0.110503
30.5191 0.110315
30.5263 0.110151
30.5334 0.110007
30.5406 0.109756
30.5478 0.109537
30.555 0.109469
30.5622 0.109411
30.5694 0.109359
30.5766 0.109189
30.5838 0.109041
30.591 0.109036
30.5982 0.109031
30.6054 0.109027
30.6126 0.108899
30.6198 0.108787
30.627 0.108813
30.6342 0.108837
30.6414 0.108857
30.6486 0.10875
30.6558 0.108656
30.663 0.108574
30.6702 0.108627
30.6774 0.108674
30.6846 0.10859
30.6918 0.108516
30.699 0.108451
30.7062 0.10852
30.7134 0.10858
30.7206 0.108508
30.7278 0.108444
30.735 0.108389
30.7422 0.108465
30.7494 0.108532
30.7566 0.108465
30.7638 0.108407
30.771 0.108356
30.7782 0.108437
30.7854 0.108507
30.7925 0.108444
30.7997 0.108388
30.8069 0.10834
30.8141 0.108422
30.8213 0.108495
30.8285 0.108433
30.8357 0.108379
30.8429 0.108331
30.8501 0.108415
30.8573 0.108488
30.8645 0.108427
30.8717 0.108374
30.8861 0.108452
30.8933 0.10852
30.9005 0.108455
30.9077 0.108398
30.9149 0.108349
30.9221 0.10843
30.9293 0.108501
30.9365 0.108564
30.9437 0.108493
30.9509 0.108432
30.9581 0.108503
30.9653 0.108565
30.9725 0.108619
30.9797 0.108542
30.9869 0.108474
30.9946 0.108415
31.0018 0.108363
31.009 0.108443
31.0162 0.108512
31.0234 0.108573
31.0306 0.108502
31.0378 0.108439
31.045 0.108384
31.0522 0.108461
31.0594 0.108528
31.0666 0.108462
31.0738 0.108405
31.081 0.108354
31.0882 0.108435
31.0954 0.108505
31.1026 0.108442
31.1098 0.108387
31.117 0.108339
31.1242 0.108421
31.1314 0.108494
31.1386 0.108432
31.1458 0.108378
31.153 0.108331
31.1601 0.108414
31.1673 0.108488
31.1745 0.108427
31.1817 0.108373
31.1889 0.108327
31.1961 0.108411
31.2105 0.108359
31.2177 0.108315
31.2249 0.108275
31.2321 0.108366
31.2393 0.108445
31.2465 0.108389
31.2537 0.108341
31.2609 0.108298
31.2681 0.108386
31.2753 0.108463
31.2825 0.108405
31.5175 0.108354
31.5247 0.10831
31.5319 0.108271
31.6116 0.117362
31.6188 0.116192
31.626 0.115293
31.6332 0.114506
31.6404 0.113818
31.6476 0.113091
31.6548 0.112454
31.662 0.112023
31.6692 0.111645
31.6764 0.111314
31.6836 0.1109
31.6908 0.110537
31.698 0.110345
31.7052 0.110177
31.7124 0.11003
31.7196 0.109776
31.7268 0.109554
31.734 0.109485
31.7412 0.109424
31.7484 0.109371
31.7556 0.1092
31.7628 0.10905
31.77 0.108919
31.7772 0.108929
31.7844 0.108938
31.7916 0.10882
31.7988 0.108718
31.806 0.108628
31.8132 0.108675
31.8204 0.108715
31.8276 0.108626
31.8348 0.108548
31.842 0.108479
31.8492 0.108544
31.8564 0.108601
31.8636 0.108526
31.8708 0.10846
31.8779 0.108403
31.8851 0.108477
31.8923 0.108543
31.8995 0.108475
31.9067 0.108416
31.9139 0.108364
31.9211 0.108443
31.9283 0.108513
31.9355 0.108449
31.9427 0.108393
31.9499 0.108344
31.9571 0.108426
31.9643 0.108497
31.9715 0.108435
31.9787 0.108381
31.9859 0.108333
31.9931 0.108417
32.0003 0.108489
32.0075 0.108553
32.0147 0.108484
32.0219 0.108424
32.0291 0.108496
32.0363 0.108559
32.0435 0.108614
32.0507 0.108537
32.0615 0.10897
32.2024 0.111224
32.2815 0.110821
32.2887 0.110468
32.2959 0.11016
32.3031 0.110015
32.3103 0.109888
32.3175 0.109652
32.3247 0.109445
32.3319 0.109265
32.3391 0.109232
32.3463 0.109203
32.3535 0.109052
32.3607 0.108921
32.3679 0.108806
32.3751 0.10883
32.3823 0.108851
32.3895 0.108745
32.4039 0.108652
32.4111 0.108695
32.4183 0.108733
32.4255 0.108767
32.4327 0.108671
32.4399 0.108587
32.4471 0.108639
32.4543 0.108684
32.4615 0.108723
32.4687 0.108633
32.4759 0.108554
32.4831 0.10861
32.4903 0.108658
32.4975 0.108701
32.5047 0.108613
32.5124 0.108662
32.5196 0.108579
32.5268 0.108507
32.534 0.108443
32.5412 0.108513
32.5484 0.108574
32.5556 0.108502
32.5628 0.108439
32.57 0.108384
32.5772 0.108461
32.5844 0.108529
32.5916 0.108463
32.5988 0.108405
32.606 0.108354
32.6132 0.108435
32.6204 0.108506
32.6276 0.108442
32.6348 0.108387
32.642 0.108339
32.6491 0.108421
32.6563 0.108494
32.6635 0.108432
32.6707 0.108378
32.6779 0.108331
32.6851 0.108414
32.6923 0.108488
32.6995 0.108427
32.7067 0.108373
32.7139 0.108327
32.7211 0.108411
32.7283 0.108484
32.7355 0.108424
32.7427 0.108371
32.7499 0.108325
32.7571 0.108409
32.7643 0.108483
32.7715 0.108422
32.7787 0.10837
32.7859 0.108323
32.7931 0.108408
32.8003 0.108482
32.8111 0.109047
33.024 0.120291
33.0312 0.11888
33.0384 0.117645
33.0455 0.116439
33.0527 0.115384
33.0599 0.114461
33.0671 0.113778
33.0743 0.113181
33.0815 0.112534
33.0887 0.111967
33.0959 0.111471
33.1031 0.111162
33.1103 0.110892
33.1175 0.11053
33.1247 0.110214
33.1319 0.109937
33.1391 0.10982
33.1463 0.109718
33.1535 0.109503
33.1607 0.109315
33.1679 0.109151
33.1751 0.109132
33.1823 0.109115
33.1895 0.109101
33.1967 0.108963
33.2039 0.108843
33.2111 0.108863
33.2183 0.10888
33.2255 0.108895
33.2327 0.108783
33.2399 0.108685
33.2471 0.108724
33.2543 0.108759
33.2615 0.108789
33.2687 0.10869
33.2759 0.108604
33.2831 0.108654
33.2903 0.108697
33.2975 0.108735
33.3047 0.108643
33.3118 0.108563
33.319 0.108617
33.3262 0.108665
33.3334 0.108707
33.3406 0.108619
33.3478 0.108541
33.355 0.108599
33.3622 0.108649
33.3694 0.108693
33.3766 0.108606
33.3838 0.10853
33.391 0.108589
33.3982 0.10864
33.4054 0.108685
33.4126 0.1086
33.4198 0.108525
33.427 0.108584
33.4342 0.108636
33.4414 0.108682
33.4486 0.108596
33.4558 0.108522
33.463 0.108457
33.4702 0.108525
33.4774 0.108584
33.4846 0.108511
33.4918 0.108447
33.499 0.108391
33.5062 0.108467
33.5134 0.108534
33.5206 0.108467
33.5278 0.108409
33.535 0.108358
33.5422 0.108438
33.5494 0.108508
33.5566 0.108445
33.5638 0.108389
33.5709 0.10834
33.5781 0.108423
33.589 0.10887
33.7406 0.112511
34.0327 0.111947
34.134 0.111579
34.1412 0.111257
34.1484 0.110975
34.1556 0.110603
34.1628 0.110277
34.17 0.109993
34.1772 0.109869
34.1844 0.10976
34.1916 0.10954
34.1988 0.109348
34.206 0.109179
34.2132 0.109157
34.2204 0.109137
34.2276 0.108995
34.2348 0.108871
34.242 0.108762
34.2492 0.108792
34.2564 0.108818
34.2636 0.108715
34.2708 0.108626
34.278 0.108548
34.2851 0.108604
34.2923 0.108654
34.2995 0.108572
34.3067 0.108501
34.3139 0.108438
34.3211 0.108508
34.3283 0.10857
34.3355 0.108498
34.3427 0.108436
34.3499 0.108382
34.3571 0.108459
34.3643 0.108527
34.3751 0.108961
34.5124 0.110841
34.5916 0.114986
34.5988 0.114112
34.606 0.113348
34.6132 0.112805
34.6204 0.112329
34.6276 0.111788
34.642 0.111315
34.6492 0.111025
34.6564 0.110772
34.6636 0.110426
34.6708 0.110122
34.678 0.109857
34.6851 0.10975
34.6923 0.109656
34.6995 0.109449
34.7067 0.109268
34.7139 0.10911
34.7211 0.109096
34.7283 0.109084
34.7355 0.108948
34.7427 0.10883
34.7505 0.108851
34.7577 0.108745
34.7649 0.108652
34.7721 0.108695
34.7793 0.108733
34.7865 0.108767
34.8008 0.108671
34.808 0.108712
34.8152 0.108748
34.8224 0.108779
34.8296 0.108682
34.8368 0.108597
34.844 0.108647
34.8512 0.108691
34.8584 0.10873
34.8656 0.108639
34.8728 0.108559
34.88 0.108614
34.8872 0.108662
34.8944 0.108704
34.9016 0.108616
34.9093 0.108664
34.9165 0.108581
34.9237 0.108509
34.9309 0.108445
34.9381 0.108514
34.9453 0.108575
34.9525 0.108503
34.9597 0.10844
34.9669 0.108385
34.9741 0.108462
34.9813 0.108529
34.9885 0.108463
34.9957 0.108405
35.0029 0.108355
35.0101 0.108435
35.0173 0.108506
35.0245 0.108443
35.0317 0.108387
35.0389 0.108339
35.0461 0.108422
35.0533 0.108494
35.0605 0.108557
35.0677 0.108487
35.0749 0.108427
35.0821 0.108498
35.0893 0.108561
35.0965 0.108616
35.1037 0.108539
35.1109 0.108471
35.1181 0.108538
35.1253 0.108595
35.1325 0.108646
35.1397 0.108565
35.1469 0.108495
35.1541 0.108558
35.1612 0.108613
35.1684 0.108661
35.1756 0.108579
35.1828 0.108506
35.19 0.108568
35.1972 0.108622
35.2044 0.108669
35.2116 0.108586
35.2188 0.108512
35.226 0.108573
35.2332 0.108627
35.2404 0.108673
35.2476 0.108589
35.2548 0.108516
35.262 0.108576
35.2692 0.108629
35.2764 0.108675
35.4389 0.113216
35.5037 0.112564
35.5109 0.111994
35.5181 0.111619
35.5253 0.111292
35.5325 0.111005
35.5397 0.11063
35.5469 0.110301
35.5541 0.110138
35.5612 0.109996
35.5684 0.109872
35.5756 0.109638
35.5828 0.109433
35.59 0.109379
35.5972 0.109331
35.6044 0.10929
35.6116 0.109129
35.6188 0.108988
35.626 0.108989
35.6332 0.108991
35.6404 0.108992
35.6476 0.108868
35.6548 0.108759
35.662 0.108789
35.6692 0.108816
35.6764 0.108839
35.6836 0.108734
35.6908 0.108642
35.698 0.108562
35.7052 0.108617
35.7124 0.108665
35.7196 0.108582
35.7268 0.108509
35.734 0.108445
35.7412 0.108515
35.7484 0.108575
35.7556 0.108503
35.7628 0.10844
35.77 0.108385
35.7772 0.108462
35.7844 0.108529
35.7916 0.108463
35.7988 0.108405
35.806 0.108355
35.8132 0.108435
35.8204 0.108506
35.8275 0.108443
35.8347 0.108387
35.8419 0.108339
35.8491 0.108422
35.8563 0.108494
35.8635 0.108432
35.8707 0.108378
35.8779 0.108331
35.8851 0.108414
36.0656 0.115238
36.1124 0.114458
36.1196 0.113651
36.1268 0.112944
36.134 0.112326
36.1412 0.111911
36.1484 0.111547
36.1556 0.111103
36.1628 0.110715
36.17 0.110376
36.1772 0.110204
36.1844 0.110054
36.1916 0.109797
36.1988 0.109572
36.206 0.109376
36.2132 0.109329
36.2204 0.109288
36.2275 0.109127
36.2347 0.108986
36.2419 0.108863
36.2491 0.10888
36.2563 0.108895
36.2635 0.108783
36.2707 0.108685
36.2779 0.108599
36.2851 0.10865
36.2923 0.108693
36.2995 0.108607
36.3067 0.108531
36.3139 0.108464
36.3211 0.108531
36.3283 0.10859
36.3355 0.108516
36.3427 0.108452
36.3499 0.108395
36.3571 0.108471
36.5814 0.108162
36.588 0.108142
36.5952 0.108249
36.6024 0.108343
36.6096 0.1083
36.6168 0.108263
36.624 0.10823
36.6312 0.108326
36.6384 0.10841
36.6456 0.108359
36.6528 0.108314
36.6857 0.108275
36.6929 0.10824
36.7001 0.108335
36.7073 0.108418
36.7145 0.108491
36.7217 0.10843
36.7289 0.108376
36.7361 0.108454
36.7433 0.108522
36.7505 0.108582
36.7577 0.108509
36.7648 0.108446
36.772 0.108515
36.7792 0.108576
36.7864 0.108629
36.7936 0.10855
36.8008 0.108481
36.808 0.108546
36.8152 0.108603
36.8224 0.108652
36.8296 0.108571
36.8368 0.1085
36.844 0.108562
36.8512 0.108617
36.8584 0.108665
36.8656 0.108582
36.8728 0.108509
36.88 0.10857
36.8872 0.108624
36.8944 0.108671
36.9016 0.108587
36.9088 0.108514
36.916 0.10845
36.9232 0.108518
36.9304 0.108579
36.9376 0.108506
36.9448 0.108443
36.952 0.108388
36.9592 0.108464
36.9664 0.108531
36.9736 0.108465
36.9808 0.108407
36.988 0.108356
36.9952 0.108436
37.0024 0.108507
37.0096 0.108443
37.0168 0.108388
37.0311 0.108465
37.0383 0.108531
37.0492 0.108965
37.2626 0.120219
37.2698 0.118692
37.2769 0.117355
37.2841 0.116311
37.2913 0.115397
37.2985 0.114473
37.3057 0.113663
37.3129 0.112956
37.3201 0.112461
37.3273 0.112028
37.3345 0.111525
37.3417 0.111084
37.3489 0.110699
37.3561 0.110486
37.3633 0.110301
37.3705 0.110013
37.3777 0.109761
37.3849 0.109541
37.3921 0.109474
37.3993 0.109414
37.4065 0.109363
37.4137 0.109192
37.4209 0.109043
37.4281 0.109038
37.4353 0.109033
37.4425 0.109029
37.4497 0.1089
37.4569 0.108788
37.4641 0.108814
37.4713 0.108838
37.4785 0.108858
37.4857 0.108751
37.4929 0.108657
37.5001 0.1087
37.5073 0.108737
37.5145 0.10877
37.5217 0.108674
37.5289 0.10859
37.536 0.108641
37.5432 0.108686
37.5504 0.108725
37.5576 0.108634
37.5648 0.108555
37.572 0.108611
37.5792 0.108659
37.5864 0.108702
37.5936 0.108614
37.6008 0.108537
37.608 0.108595
37.6152 0.108646
37.6224 0.10869
37.6296 0.108604
37.6368 0.108528
37.644 0.108587
37.6512 0.108639
37.6584 0.108684
37.6656 0.108599
37.6728 0.108524
37.68 0.108458
37.6872 0.108526
37.6944 0.108585
37.7016 0.108512
37.7088 0.108448
37.716 0.108392
37.7232 0.108468
37.7304 0.108535
37.7376 0.108468
37.7448 0.108409
37.752 0.108358
37.7592 0.108438
37.7664 0.108509
37.7736 0.108445
37.7808 0.108389
37.788 0.108341
37.7952 0.108423
37.8023 0.108495
37.8095 0.108433
37.8167 0.108379
37.8239 0.108332
37.8311 0.108415
37.8383 0.108488
37.8455 0.108427
37.8527 0.108374
37.8599 0.108327
37.8671 0.108411
37.8743 0.108485
37.8815 0.108424
37.8887 0.108371
37.8959 0.108325
37.9031 0.108409
37.9103 0.108483
37.9175 0.108423
37.9247 0.10837
37.9319 0.108324
37.9391 0.108408
37.9463 0.108482
37.9535 0.108547
37.9607 0.108479
37.9679 0.108419
37.9751 0.108491
37.9823 0.108555
37.9895 0.108611
37.9967 0.108534
38.0039 0.108467
38.0111 0.108534
38.0183 0.108592
38.0327 0.108518
38.0399 0.108453
38.0471 0.108522
38.0543 0.108582
38.0614 0.108634
38.0686 0.108555
38.0758 0.108485
38.083 0.10855
38.0902 0.108606
38.0974 0.108655
38.1046 0.108573
38.1118 0.108502
38.119 0.108564
38.1262 0.108618
38.1334 0.108666
38.1412 0.108708
38.1484 0.108744
38.1556 0.108651
38.1628 0.10857
38.1699 0.108499
38.1771 0.108561
38.1915 0.108491
38.1987 0.10843
38.2059 0.108376
38.2131 0.108454
38.2203 0.108522
38.2275 0.108457
38.4301 0.118025
38.4553 0.116897
38.4625 0.115785
38.4697 0.114812
38.4769 0.11396
38.4841 0.11334
38.4913 0.112798
38.4985 0.112198
38.5057 0.111673
38.5129 0.111214
38.5201 0.110937
38.5273 0.110695
38.5345 0.110358
38.5417 0.110063
38.5489 0.109806
38.5561 0.109705
38.5633 0.109617
38.5705 0.10954
38.5777 0.109347
38.5849 0.109179
38.5921 0.109156
38.5993 0.109137
38.6065 0.10912
38.6137 0.10898
39.0034 0.116107
39.0178 0.115094
39.025 0.114332
39.0322 0.113666
39.0394 0.113082
39.0466 0.112447
39.0538 0.111891
39.1119 0.111405
39.1191 0.111104
39.1263 0.110841
39.1335 0.110486
39.1407 0.110175
39.1479 0.109903
39.1551 0.10979
39.1623 0.109692
39.1695 0.109605
39.1839 0.109405
39.1911 0.109354
39.1983 0.10931
39.2055 0.109271
39.2127 0.109112
39.2199 0.108973
39.2271 0.108976
39.2343 0.108979
39.2415 0.108982
39.2487 0.108859
39.2559 0.108752
39.2631 0.108783
39.2703 0.10881
39.2775 0.108834
39.2847 0.10873
39.2924 0.108763
39.2996 0.108668
39.3068 0.108584
39.7202 0.108636
39.7274 0.108682
39.8287 0.108597
39.8359 0.108522
39.9372 0.108582
39.9444 0.108634
40.0457 0.108555
40.0529 0.108485
40.1542 0.10855
40.1614 0.108606
40.2627 0.10853
40.2699 0.108464
40.3712 0.108531
40.3784 0.10859
40.4797 0.108516
40.4869 0.108451
40.5882 0.10852
40.5954 0.10858
40.6967 0.108508
40.7039 0.108444
40.8052 0.108514
40.8124 0.108574
40.9137 0.108503
40.9209 0.10844
41.0222 0.10851
41.0294 0.108571
41.1307 0.1085
41.1379 0.108437
41.2392 0.108508
41.2464 0.108569
41.3477 0.108498
41.3549 0.108436
41.4562 0.108506
41.4634 0.108568
41.5683 0.108997
