0.010001 1 -0
0.110001 1 0.00819798
0.110001 2 -0
0.210001 1 0.216719
0.210001 2 0.00819798
0.310001 1 0.300312
0.310001 2 0.0129567
0.410001 1 0.399303
0.410001 2 0.0197385
0.510001 1 0.463833
0.510001 2 0.0240432
0.610001 1 0.493063
0.610001 2 0.0266408
0.710001 1 0.515792
0.710001 2 0.0363341
0.810001 1 0.465924
0.810001 2 0.0365283
0.910001 1 0.433003
0.910001 2 0.0332638
1.01 1 0.483604
1.01 2 0.0318865
1.11 1 0.513658
1.11 2 0.0323667
1.21 1 0.538169
1.21 2 0.0329079
1.31 1 0.555414
1.31 2 0.0333607
1.41 1 0.572616
1.41 2 0.0349913
1.51 1 0.566671
1.51 2 0.037685
1.61 1 0.559516
1.61 2 0.0358244
1.71 1 0.573602
1.71 2 0.0368088
1.81 1 0.586098
1.81 2 0.0370605
1.91 1 0.596269
1.91 2 0.0370652
2.01 1 0.606367
2.01 2 0.0371367
2.11 1 0.614623
2.11 2 0.0374962
2.21 1 0.622956
2.21 2 0.037664
2.31 1 0.628034
2.31 2 0.0379579
2.41 1 0.639148
2.41 2 0.0399686
2.51 1 0.627295
2.51 2 0.0403636
2.61 1 0.633173
2.61 2 0.0394767
2.71 1 0.639264
2.71 2 0.0394915
2.81 1 0.641422
2.81 2 0.0394007
2.91 1 0.646805
2.91 2 0.0394753
3.01 1 0.651824
3.01 2 0.0395269
3.11 1 0.655976
3.11 2 0.0395749
3.21 1 0.66039
3.21 2 0.0395841
3.31 1 0.664036
3.31 2 0.0396272
3.41 1 0.669189
3.41 2 0.0396344
3.51 1 0.679282
3.51 2 0.0396411
3.61 1 0.683016
3.61 2 0.0396789
3.71 1 0.686537
3.71 2 0.0397667
3.81 1 0.689861
3.81 2 0.0397787
3.91 1 0.69197
3.91 2 0.0397811
4.01 1 0.693438
4.01 2 0.0407469
4.11 1 0.682096
4.11 2 0.0413577
4.21 1 0.685786
4.21 2 0.0407724
4.31 1 0.687067
4.31 2 0.0408189
4.41 1 0.690475
4.41 2 0.0407399
4.51 1 0.698322
4.51 2 0.0407771
4.61 1 0.702047
4.61 2 0.0409076
4.71 1 0.702098
4.71 2 0.0418907
4.81 1 0.693759
4.81 2 0.0421531
4.91 1 0.695036
4.91 2 0.0417118
5.01 1 0.697566
5.01 2 0.042698
5.11 1 0.686826
5.11 2 0.0429623
5.21 1 0.675428
5.21 2 0.0423398
5.31 1 0.682626
5.31 2 0.0417176
5.41 1 0.685209
5.41 2 0.0424153
5.51 1 0.676003
5.51 2 0.0425216
5.61 1 0.679602
5.61 2 0.0423208
5.71 1 0.683535
5.71 2 0.0423485
5.81 1 0.686878
5.81 2 0.0423754
5.91 1 0.690105
5.91 2 0.0423908
6.01 1 0.695146
6.01 2 0.0423647
6.11 1 0.698419
6.11 2 0.0424405
6.21 1 0.700411
6.21 2 0.0432236
6.31 1 0.69199
6.31 2 0.0434509
6.41 1 0.694882
6.41 2 0.0436781
6.51 1 0.695988
6.51 2 0.0439698
6.61 1 0.692991
6.61 2 0.0435027
6.71 1 0.696204
6.71 2 0.043545
6.81 1 0.698568
6.81 2 0.0443367
6.91 1 0.691961
6.91 2 0.0446359
7.01 1 0.69554
7.01 2 0.0442201
7.11 1 0.699233
7.11 2 0.044331
7.21 1 0.703199
7.21 2 0.0443809
7.31 1 0.706684
7.31 2 0.0444295
7.41 1 0.709875
7.41 2 0.0445224
7.51 1 0.715533
7.51 2 0.044578
7.61 1 0.718914
7.61 2 0.0446221
7.71 1 0.722202
7.71 2 0.0447089
7.81 1 0.724573
7.81 2 0.0448869
7.91 1 0.72513
7.91 2 0.0455952
8.01 1 0.720619
8.01 2 0.0450962
8.11 1 0.724061
8.11 2 0.045173
8.21 1 0.726732
8.21 2 0.0452154
8.31 1 0.72951
8.31 2 0.0453516
8.41 1 0.732555
8.41 2 0.0454311
8.51 1 0.734724
8.51 2 0.0455723
8.61 1 0.737321
8.61 2 0.0463345
8.71 1 0.732796
8.71 2 0.0458626
8.81 1 0.735804
8.81 2 0.0459851
8.91 1 0.738588
8.91 2 0.0460787
9.01 1 0.741484
9.01 2 0.0461393
9.11 1 0.742518
9.11 2 0.0468594
9.21 1 0.73724
9.21 2 0.0468206
9.31 1 0.740923
9.31 2 0.0465163
9.41 1 0.743935
9.41 2 0.0466122
9.51 1 0.746621
9.51 2 0.0467339
9.61 1 0.748726
9.61 2 0.047576
9.71 1 0.743232
9.71 2 0.0472111
9.81 1 0.738555
9.81 2 0.0472753
9.91 1 0.741845
9.91 2 0.0469308
10.01 1 0.745205
10.01 2 0.0469921
10.11 1 0.748782
10.11 2 0.0470301
10.21 1 0.750636
10.21 2 0.0470947
10.31 1 0.744253
10.31 2 0.0471061
10.41 1 0.738004
10.41 2 0.0466844
10.51 1 0.732287
10.51 2 0.0462715
10.61 1 0.726289
10.61 2 0.0458991
10.71 1 0.720279
10.71 2 0.0455028
10.81 1 0.720413
10.81 2 0.0451145
10.91 1 0.714656
10.91 2 0.044734
11.01 1 0.709341
11.01 2 0.0443882
11.11 1 0.703864
11.11 2 0.0440259
11.21 1 0.698436
11.21 2 0.0436672
11.31 1 0.693114
11.31 2 0.0433154
11.41 1 0.687894
11.41 2 0.0429627
11.51 1 0.68314
11.51 2 0.0429704
11.61 1 0.678112
11.61 2 0.0426612
11.71 1 0.673177
11.71 2 0.0423288
11.81 1 0.668333
11.81 2 0.0420026
11.91 1 0.663932
11.91 2 0.0416824
12.01 1 0.658846
12.01 2 0.0413962
12.11 1 0.65926
12.11 2 0.0410873
12.21 1 0.654672
12.21 2 0.040784
12.31 1 0.650165
12.31 2 0.040486
12.41 1 0.646079
12.41 2 0.0402205
12.51 1 0.641726
12.51 2 0.0399327
12.61 1 0.637449
12.61 2 0.039641
12.71 1 0.633245
12.71 2 0.0396499
12.81 1 0.629399
12.81 2 0.0393719
12.91 1 0.625378
12.91 2 0.0391223
13.01 1 0.621381
13.01 2 0.0388561
13.11 1 0.61745
13.11 2 0.0385918
13.21 1 0.613308
13.21 2 0.0383318
13.31 1 0.613584
13.31 2 0.0380761
13.41 1 0.610098
13.41 2 0.0378499
13.51 1 0.606354
13.51 2 0.0376023
13.61 1 0.60267
13.61 2 0.0373586
13.71 1 0.599046
13.71 2 0.0371189
13.81 1 0.595785
13.81 2 0.0369073
13.91 1 0.592271
13.91 2 0.0369073
14.01 1 0.588812
14.01 2 0.0366749
14.11 1 0.585406
14.11 2 0.0364461
14.21 1 0.58235
14.21 2 0.0362208
14.31 1 0.579045
14.31 2 0.0360226
14.41 1 0.575655
14.41 2 0.035804
14.51 1 0.572177
14.51 2 0.0355886
14.61 1 0.572585
14.61 2 0.0353765
14.71 1 0.56968
14.71 2 0.0351884
14.81 1 0.566601
14.81 2 0.0349845
14.91 1 0.563533
14.91 2 0.0347815
15.01 1 0.56051
15.01 2 0.0345815
15.11 1 0.55753
15.11 2 0.0343744
15.21 1 0.554871
15.21 2 0.0343843
15.31 1 0.551974
15.31 2 0.0342121
15.41 1 0.549118
15.41 2 0.0340204
15.51 1 0.546302
15.51 2 0.0338314
15.61 1 0.543795
15.61 2 0.033645
15.71 1 0.54079
15.71 2 0.0334828
15.81 1 0.541055
15.81 2 0.0333014
15.91 1 0.538353
15.91 2 0.0331225
16.01 1 0.535688
16.01 2 0.0329461
16.11 1 0.533321
16.11 2 0.032793
16.21 1 0.530725
16.21 2 0.0326212
16.31 1 0.528034
16.31 2 0.0324416
16.41 1 0.52513
16.41 2 0.0322609
16.51 1 0.522394
16.51 2 0.0322818
16.61 1 0.520406
16.61 2 0.0321519
16.71 1 0.518247
16.71 2 0.0320312
16.81 1 0.515849
16.81 2 0.0318954
16.91 1 0.513482
16.91 2 0.031736
17.01 1 0.511016
17.01 2 0.0315786
17.11 1 0.511145
17.11 2 0.0314233
17.21 1 0.509084
17.21 2 0.0312895
17.31 1 0.506804
17.31 2 0.031138
17.41 1 0.504553
17.41 2 0.0309883
17.51 1 0.50233
17.51 2 0.0308405
17.61 1 0.500374
17.61 2 0.0307137
17.71 1 0.498205
17.71 2 0.0307137
17.81 1 0.496061
17.81 2 0.0305695
17.91 1 0.493944
17.91 2 0.030427
18.01 1 0.492087
18.01 2 0.0302862
18.11 1 0.490019
18.11 2 0.0301658
18.21 1 0.487976
18.21 2 0.0300283
18.31 1 0.485583
18.31 2 0.0298924
18.41 1 0.485957
18.41 2 0.0297582
18.51 1 0.484167
18.51 2 0.0296424
18.61 1 0.482218
18.61 2 0.0295126
18.71 1 0.480268
18.71 2 0.0293829
18.81 1 0.478341
18.81 2 0.0292547
18.91 1 0.476436
18.91 2 0.0291181
19.01 1 0.474552
19.01 2 0.029128
19.11 1 0.472691
19.11 2 0.0290028
19.21 1 0.47085
19.21 2 0.028879
19.31 1 0.46903
19.31 2 0.0287566
19.41 1 0.467448
19.41 2 0.0286355
19.51 1 0.465426
19.51 2 0.0285332
19.61 1 0.465668
19.61 2 0.0284147
19.71 1 0.463907
19.71 2 0.0282976
19.81 1 0.462165
19.81 2 0.0281818
19.91 1 0.460655
19.91 2 0.0280842
20.01 1 0.458951
20.01 2 0.0279708
20.11 1 0.457265
20.11 2 0.0278488
20.21 1 0.455597
20.21 2 0.0278586
20.31 1 0.454135
20.31 2 0.0277476
20.41 1 0.452521
20.41 2 0.0276532
20.51 1 0.450905
20.51 2 0.0275458
20.61 1 0.449306
20.61 2 0.0274382
20.71 1 0.447607
20.71 2 0.0273318
20.81 1 0.445808
20.81 2 0.0272266
20.91 1 0.44636
20.91 2 0.0271385
21.01 1 0.444809
21.01 2 0.0270353
21.11 1 0.443275
21.11 2 0.0269332
21.21 1 0.441756
21.21 2 0.0268322
21.31 1 0.440451
21.31 2 0.026748
21.41 1 0.438962
21.41 2 0.0266393
21.51 1 0.437489
21.51 2 0.0266489
21.61 1 0.43603
21.61 2 0.0265508
21.71 1 0.43478
21.71 2 0.0264537
21.81 1 0.433349
21.81 2 0.0263731
21.91 1 0.431932
21.91 2 0.0262778
22.01 1 0.430304
22.01 2 0.0261836
22.11 1 0.43053
22.11 2 0.0260902
22.21 1 0.429314
22.21 2 0.0260119
22.31 1 0.427955
22.31 2 0.0259213
22.41 1 0.426592
22.41 2 0.0258306
22.51 1 0.425243
22.51 2 0.0257408
22.61 1 0.423906
22.61 2 0.0256424
22.71 1 0.422769
22.71 2 0.0256518
22.81 1 0.421457
22.81 2 0.0255785
22.91 1 0.419981
22.91 2 0.0254912
23.01 1 0.418695
23.01 2 0.02543
23.11 1 0.418044
23.11 2 0.0253707
23.21 1 0.420963
23.21 2 0.0252925
23.31 1 0.421945
23.31 2 0.0253159
23.41 1 0.42477
23.41 2 0.0254642
23.51 1 0.427749
23.51 2 0.0255882
23.61 1 0.43042
23.61 2 0.0257254
23.71 1 0.43318
23.71 2 0.0258472
23.81 1 0.435636
23.81 2 0.0261196
23.91 1 0.436432
23.91 2 0.0264382
24.01 1 0.435561
24.01 2 0.0263804
24.11 1 0.436574
24.11 2 0.0263231
24.21 1 0.439418
24.21 2 0.0264538
24.31 1 0.441964
24.31 2 0.0265824
24.41 1 0.444762
24.41 2 0.02669
24.51 1 0.446937
24.51 2 0.026796
24.61 1 0.449692
24.61 2 0.0269148
24.71 1 0.452254
24.71 2 0.0270394
24.81 1 0.454868
24.81 2 0.0271513
24.91 1 0.457388
24.91 2 0.027262
25.01 1 0.459961
25.01 2 0.0273761
25.11 1 0.462682
25.11 2 0.0274968
25.21 1 0.465401
25.21 2 0.0276052
25.31 1 0.467746
25.31 2 0.0277117
25.41 1 0.470331
25.41 2 0.0278096
25.51 1 0.472639
25.51 2 0.0279267
25.61 1 0.475027
25.61 2 0.0280747
25.71 1 0.475727
25.71 2 0.0284236
25.81 1 0.476378
25.81 2 0.0283507
25.91 1 0.478716
25.91 2 0.0284557
26.01 1 0.48111
26.01 2 0.0287162
26.11 1 0.481618
26.11 2 0.0289502
26.21 1 0.482475
26.21 2 0.0288939
26.31 1 0.48498
26.31 2 0.0289953
26.41 1 0.486936
26.41 2 0.0291054
26.51 1 0.488714
26.51 2 0.0294564
26.61 1 0.488143
26.61 2 0.0294836
26.71 1 0.490741
26.71 2 0.0296582
26.81 1 0.490089
26.81 2 0.0298607
26.91 1 0.491849
26.91 2 0.0298197
27.01 1 0.494353
27.01 2 0.029989
27.11 1 0.495558
27.11 2 0.0303479
27.21 1 0.495627
27.21 2 0.0302605
27.31 1 0.498002
27.31 2 0.0303761
27.41 1 0.500447
27.41 2 0.0304805
27.51 1 0.502763
27.51 2 0.0307827
27.61 1 0.501608
27.61 2 0.0309209
27.71 1 0.50304
27.71 2 0.0309468
27.81 1 0.505577
27.81 2 0.0310038
27.91 1 0.507945
27.91 2 0.0310969
28.01 1 0.510446
28.01 2 0.0312076
28.11 1 0.512836
28.11 2 0.0313175
28.21 1 0.515169
28.21 2 0.0314146
28.31 1 0.517541
28.31 2 0.031523
28.41 1 0.519759
28.41 2 0.0317425
28.51 1 0.520429
28.51 2 0.0319971
28.61 1 0.520668
28.61 2 0.0319214
28.71 1 0.522923
28.71 2 0.0320669
28.81 1 0.523388
28.81 2 0.0324026
28.91 1 0.523923
28.91 2 0.032317
29.01 1 0.526154
29.01 2 0.0324079
29.11 1 0.528359
29.11 2 0.0324906
29.21 1 0.530455
29.21 2 0.0327293
29.31 1 0.530955
29.31 2 0.0329387
29.41 1 0.531201
29.41 2 0.0328674
29.51 1 0.532774
29.51 2 0.0331934
29.61 1 0.532002
29.61 2 0.0332126
29.71 1 0.534263
29.71 2 0.0332333
29.81 1 0.536263
29.81 2 0.0333167
29.91 1 0.537804
29.91 2 0.0336562
30.01 1 0.537154
30.01 2 0.0337116
30.11 1 0.539243
30.11 2 0.0336997
30.21 1 0.541458
30.21 2 0.0337824
30.31 1 0.543589
30.31 2 0.0338757
30.41 1 0.545636
30.41 2 0.0339684
30.51 1 0.547808
30.51 2 0.0340444
30.61 1 0.549966
30.61 2 0.034136
30.71 1 0.551905
30.71 2 0.0342159
30.81 1 0.554036
30.81 2 0.0343063
30.91 1 0.556152
30.91 2 0.0343961
31.01 1 0.557989
31.01 2 0.0344744
31.11 1 0.560078
31.11 2 0.034682
31.21 1 0.560402
31.21 2 0.0348865
31.31 1 0.560652
31.31 2 0.0348081
31.41 1 0.562437
31.41 2 0.0348841
31.51 1 0.564422
31.51 2 0.0351053
31.61 1 0.564677
31.61 2 0.0352835
31.71 1 0.565024
31.71 2 0.0353216
31.81 1 0.565529
31.81 2 0.0355504
31.91 1 0.565551
31.91 2 0.0354721
32.01 1 0.567558
32.01 2 0.0355551
32.11 1 0.569553
32.11 2 0.0356376
32.21 1 0.571343
32.21 2 0.0357091
32.31 1 0.573314
32.31 2 0.0357906
32.41 1 0.575018
32.41 2 0.0358663
32.51 1 0.577089
32.51 2 0.0360792
32.61 1 0.575601
32.61 2 0.0362402
32.71 1 0.577534
32.71 2 0.0361839
32.81 1 0.579328
32.81 2 0.0362627
32.91 1 0.58111
32.91 2 0.0363308
33.01 1 0.58295
33.01 2 0.0363985
33.11 1 0.58471
33.11 2 0.0364749
33.21 1 0.586573
33.21 2 0.0365307
33.31 1 0.588438
33.31 2 0.0366023
33.41 1 0.590109
33.41 2 0.0366684
33.51 1 0.591952
33.51 2 0.036744
33.61 1 0.593769
33.61 2 0.0368193
33.71 1 0.595482
33.71 2 0.0368841
33.81 1 0.597293
33.81 2 0.0369584
33.91 1 0.598913
33.91 2 0.0370323
34.01 1 0.600585
34.01 2 0.0371606
34.11 1 0.601376
34.11 2 0.0374083
34.21 1 0.600993
34.21 2 0.037321
34.31 1 0.602639
34.31 2 0.037392
34.41 1 0.604397
34.41 2 0.0374547
34.51 1 0.606146
34.51 2 0.0375259
34.61 1 0.607762
34.61 2 0.0375869
34.71 1 0.609438
34.71 2 0.0376573
34.81 1 0.611156
34.81 2 0.0377273
34.91 1 0.612745
34.91 2 0.0377758
35.01 1 0.61443
35.01 2 0.0378406
35.11 1 0.615833
35.11 2 0.0379095
35.21 1 0.617514
35.21 2 0.0380826
35.31 1 0.617782
35.31 2 0.0382482
35.41 1 0.617699
35.41 2 0.0381771
35.51 1 0.619241
35.51 2 0.0382442
35.61 1 0.620781
35.61 2 0.0383015
35.71 1 0.622168
35.71 2 0.0385297
35.81 1 0.620945
35.81 2 0.0386204
35.91 1 0.622462
35.91 2 0.0385715
36.01 1 0.623975
36.01 2 0.0387011
36.11 1 0.624534
36.11 2 0.0389116
36.21 1 0.62412
36.21 2 0.0388277
36.31 1 0.625611
36.31 2 0.0388915
36.41 1 0.627209
36.41 2 0.0389458
36.51 1 0.628799
36.51 2 0.0390089
36.61 1 0.630216
36.61 2 0.0390708
36.71 1 0.631789
36.71 2 0.0391142
36.81 1 0.633339
36.81 2 0.0391724
36.91 1 0.634781
36.91 2 0.0392251
37.01 1 0.636234
37.01 2 0.0392759
37.11 1 0.637466
37.11 2 0.0393988
37.21 1 0.637361
37.21 2 0.0396258
37.31 1 0.63678
37.31 2 0.0395721
37.41 1 0.636772
37.41 2 0.0395159
37.51 1 0.638196
37.51 2 0.0395669
37.61 1 0.639664
37.61 2 0.0396265
37.71 1 0.641058
37.71 2 0.0396858
37.81 1 0.642449
37.81 2 0.0397359
37.91 1 0.64394
37.91 2 0.0399145
38.01 1 0.642597
38.01 2 0.0400147
38.11 1 0.643969
38.11 2 0.0399698
38.21 1 0.645443
38.21 2 0.0400091
38.31 1 0.646787
38.31 2 0.0400569
38.41 1 0.648092
38.41 2 0.0401052
38.51 1 0.649545
38.51 2 0.040162
38.61 1 0.650885
38.61 2 0.040254
38.71 1 0.651513
38.71 2 0.040481
38.81 1 0.650878
38.81 2 0.0403925
38.91 1 0.652308
38.91 2 0.040448
39.01 1 0.653731
39.01 2 0.0405032
39.11 1 0.655039
39.11 2 0.0405495
39.21 1 0.656405
39.21 2 0.0406042
39.31 1 0.657657
39.31 2 0.0406585
39.41 1 0.658991
39.41 2 0.0407705
39.51 1 0.658791
39.51 2 0.0409316
39.61 1 0.658847
39.61 2 0.0409078
39.71 1 0.659307
39.71 2 0.0411152
39.81 1 0.658013
39.81 2 0.0410426
39.91 1 0.657228
39.91 2 0.0409479
40.01 1 0.658498
40.01 2 0.0409921
40.11 1 0.659765
40.11 2 0.0410418
40.21 1 0.661022
40.21 2 0.0411837
40.31 1 0.66055
40.31 2 0.0412877
40.41 1 0.661169
40.41 2 0.0412288
40.51 1 0.662464
40.51 2 0.0412703
40.61 1 0.663791
40.61 2 0.0413106
40.71 1 0.665024
40.71 2 0.0413523
40.81 1 0.666352
40.81 2 0.0414028
40.91 1 0.667532
40.91 2 0.0414531
41.01 1 0.668749
41.01 2 0.041495
41.11 1 0.670059
41.11 2 0.0416236
41.21 1 0.669754
41.21 2 0.0417679
41.31 1 0.669863
41.31 2 0.0416953
41.41 1 0.67116
41.41 2 0.0417361
41.51 1 0.672452
41.51 2 0.0417825
41.61 1 0.673636
41.61 2 0.041823
41.71 1 0.67478
41.71 2 0.0419424
41.81 1 0.674297
41.81 2 0.0420952
41.91 1 0.674702
41.91 2 0.0420181
42.01 1 0.67587
42.01 2 0.0420576
42.11 1 0.676998
42.11 2 0.0421049
42.21 1 0.678202
42.21 2 0.0422714
42.31 1 0.67691
42.31 2 0.0423886
42.41 1 0.677346
42.41 2 0.0423216
42.51 1 0.678493
42.51 2 0.0423332
42.61 1 0.679734
42.61 2 0.0423714
42.71 1 0.680968
42.71 2 0.0424173
42.81 1 0.681968
42.81 2 0.0424528
42.91 1 0.683127
42.91 2 0.0426273
43.01 1 0.68194
43.01 2 0.0427052
43.11 1 0.683121
43.11 2 0.0426446
43.21 1 0.684237
43.21 2 0.0426815
43.31 1 0.685444
43.31 2 0.042726
43.41 1 0.686645
43.41 2 0.0427703
43.51 1 0.687745
43.51 2 0.0428067
43.61 1 0.6889
43.61 2 0.0428506
43.71 1 0.690071
43.71 2 0.0428943
43.81 1 0.691169
43.81 2 0.0429261
43.91 1 0.692296
43.91 2 0.0429624
44.01 1 0.693279
44.01 2 0.0429949
44.11 1 0.694196
44.11 2 0.0431744
44.21 1 0.693073
44.21 2 0.0431525
44.31 1 0.694233
44.31 2 0.043164
44.41 1 0.695202
44.41 2 0.0432185
44.51 1 0.695903
44.51 2 0.0434173
44.61 1 0.694497
44.61 2 0.0434241
44.71 1 0.693604
44.71 2 0.0432605
44.81 1 0.694382
44.81 2 0.043199
44.91 1 0.69448
44.91 2 0.0431705
45.01 1 0.694834
45.01 2 0.0431922
45.11 1 0.69348
45.11 2 0.0431055
45.21 1 0.692246
45.21 2 0.0430192
45.31 1 0.691449
45.31 2 0.0429422
45.41 1 0.692462
45.41 2 0.0430352
45.51 1 0.692825
45.51 2 0.0431967
45.61 1 0.69149
45.61 2 0.0431271
45.71 1 0.690384
45.71 2 0.0430783
45.81 1 0.689619
45.81 2 0.0430313
45.91 1 0.688334
45.91 2 0.0429464
46.01 1 0.687055
46.01 2 0.042862
46.11 1 0.685874
46.11 2 0.0427834
46.21 1 0.684607
46.21 2 0.0427853
46.31 1 0.683346
46.31 2 0.0427017
46.41 1 0.682091
46.41 2 0.0426185
46.51 1 0.680932
46.51 2 0.0425356
46.61 1 0.679688
46.61 2 0.0424604
46.71 1 0.678416
46.71 2 0.0423783
46.81 1 0.67845
46.81 2 0.0422966
46.91 1 0.677218
46.91 2 0.0422153
47.01 1 0.676081
47.01 2 0.0421343
47.11 1 0.67486
47.11 2 0.0420537
47.21 1 0.673645
47.21 2 0.0419735
47.31 1 0.672435
47.31 2 0.0418937
47.41 1 0.671307
47.41 2 0.0418937
47.51 1 0.670121
47.51 2 0.0418206
47.61 1 0.668843
47.61 2 0.0417422
47.71 1 0.667571
47.71 2 0.041666
47.81 1 0.666473
47.81 2 0.0415998
47.91 1 0.665464
47.91 2 0.04153
48.01 1 0.665756
48.01 2 0.0414637
48.11 1 0.66342
48.11 2 0.0414637
48.21 1 0.66342
48.21 2 0.0414637
48.31 1 0.66342
48.31 2 0.0414637
48.41 1 0.66342
48.41 2 0.0414637
48.51 1 0.658031
48.51 2 0.0414637
48.61 1 0.658031
48.61 2 0.0414637
48.71 1 0.658031
48.71 2 0.0414637
48.81 1 0.658031
48.81 2 0.0414637
48.91 1 0.658031
48.91 2 0.0414637
49.01 1 0.658031
49.01 2 0.0414637
49.11 1 0.658031
49.11 2 0.0414637
49.21 1 0.658031
49.21 2 0.0414637
49.31 1 0.647434
49.31 2 0.0414637
49.41 1 0.647434
49.41 2 0.0414637
49.51 1 0.647434
49.51 2 0.0414637
49.61 1 0.647434
49.61 2 0.0414637
49.71 1 0.647434
49.71 2 0.0414637
49.81 1 0.647434
49.81 2 0.0414637
49.91 1 0.647434
49.91 2 0.0414637
50.01 1 0.647434
50.01 2 0.0414637
50.11 1 0.647434
50.11 2 0.0414637
50.21 1 0.647434
50.21 2 0.0414637
50.31 1 0.647434
50.31 2 0.0414637
50.41 1 0.647434
50.41 2 0.0414637
50.51 1 0.647434
50.51 2 0.0414637
50.61 1 0.647434
50.61 2 0.0414637
50.71 1 0.647434
50.71 2 0.0414637
50.81 1 0.647434
50.81 2 0.0414637
50.91 1 0.62716
50.91 2 0.0414637
51.01 1 0.62716
51.01 2 0.0414637
51.11 1 0.62716
51.11 2 0.0414637
51.21 1 0.62716
51.21 2 0.0414637
51.31 1 0.62716
51.31 2 0.0414637
51.41 1 0.62716
51.41 2 0.0414637
51.51 1 0.62716
51.51 2 0.0414637
51.61 1 0.62716
51.61 2 0.0414637
51.71 1 0.62716
51.71 2 0.0414637
51.81 1 0.62716
51.81 2 0.0414637
51.91 1 0.62716
51.91 2 0.0414637
52.01 1 0.62716
52.01 2 0.0414637
52.11 1 0.62716
52.11 2 0.0414637
52.21 1 0.62716
52.21 2 0.0414637
52.31 1 0.62716
52.31 2 0.0414637
52.41 1 0.62716
52.41 2 0.0414637
52.51 1 0.62716
52.51 2 0.0414637
52.61 1 0.62716
52.61 2 0.0414637
52.71 1 0.62716
52.71 2 0.0414637
52.81 1 0.62716
52.81 2 0.0414637
52.91 1 0.62716
52.91 2 0.0414637
53.01 1 0.62716
53.01 2 0.0414637
53.11 1 0.62716
53.11 2 0.0414637
53.21 1 0.62716
53.21 2 0.0414637
53.31 1 0.62716
53.31 2 0.0414637
53.41 1 0.62716
53.41 2 0.0414637
53.51 1 0.62716
53.51 2 0.0414637
53.61 1 0.62716
53.61 2 0.0414637
53.71 1 0.62716
53.71 2 0.0414637
53.81 1 0.62716
53.81 2 0.0414637
53.91 1 0.62716
53.91 2 0.0414637
54.01 1 0.62716
54.01 2 0.0414637
54.11 1 0.590135
54.11 2 0.0414637
54.21 1 0.590135
54.21 2 0.0414637
54.31 1 0.590135
54.31 2 0.0414637
54.41 1 0.590135
54.41 2 0.0414637
54.51 1 0.590135
54.51 2 0.0414637
54.61 1 0.590135
54.61 2 0.0414637
54.71 1 0.590135
54.71 2 0.0414637
54.81 1 0.590135
54.81 2 0.0414637
54.91 1 0.590135
54.91 2 0.0414637
55.01 1 0.590135
55.01 2 0.0414637
55.11 1 0.590135
55.11 2 0.0414637
55.21 1 0.590135
55.21 2 0.0414637
55.31 1 0.590135
55.31 2 0.0414637
55.41 1 0.590135
55.41 2 0.0414637
55.51 1 0.590135
55.51 2 0.0414637
55.61 1 0.590135
55.61 2 0.0414637
55.71 1 0.590135
55.71 2 0.0414637
55.81 1 0.590135
55.81 2 0.0414637
55.91 1 0.590135
55.91 2 0.0414637
56.01 1 0.590135
56.01 2 0.0414637
56.11 1 0.590135
56.11 2 0.0414637
56.21 1 0.590135
56.21 2 0.0414637
56.31 1 0.590135
56.31 2 0.0414637
56.41 1 0.590135
56.41 2 0.0414637
56.51 1 0.590135
56.51 2 0.0414637
56.61 1 0.590135
56.61 2 0.0414637
56.71 1 0.590135
56.71 2 0.0414637
56.81 1 0.590135
56.81 2 0.0414637
56.91 1 0.590135
56.91 2 0.0414637
57.01 1 0.590135
57.01 2 0.0414637
57.11 1 0.590135
57.11 2 0.0414637
57.21 1 0.590135
57.21 2 0.0414637
57.31 1 0.590135
57.31 2 0.0414637
57.41 1 0.590135
57.41 2 0.0414637
57.51 1 0.590135
57.51 2 0.0414637
57.61 1 0.590135
57.61 2 0.0414637
57.71 1 0.590135
57.71 2 0.0414637
57.81 1 0.590135
57.81 2 0.0414637
57.91 1 0.590135
57.91 2 0.0414637
58.01 1 0.590135
58.01 2 0.0414637
58.11 1 0.590135
58.11 2 0.0414637
58.21 1 0.590135
58.21 2 0.0414637
58.31 1 0.590135
58.31 2 0.0414637
58.41 1 0.590135
58.41 2 0.0414637
58.51 1 0.590135
58.51 2 0.0414637
58.61 1 0.590135
58.61 2 0.0414637
58.71 1 0.590135
58.71 2 0.0414637
58.81 1 0.590135
58.81 2 0.0414637
58.91 1 0.590135
58.91 2 0.0414637
59.01 1 0.590135
59.01 2 0.0414637
59.11 1 0.590135
59.11 2 0.0414637
59.21 1 0.590135
59.21 2 0.0414637
59.31 1 0.590135
59.31 2 0.0414637
59.41 1 0.590135
59.41 2 0.0414637
59.51 1 0.590135
59.51 2 0.0414637
59.61 1 0.590135
59.61 2 0.0414637
59.71 1 0.590135
59.71 2 0.0414637
59.81 1 0.590135
59.81 2 0.0414637
59.91 1 0.590135
59.91 2 0.0414637
60.01 1 0.590135
60.01 2 0.0414637
60.11 1 0.590135
60.11 2 0.0414637
60.21 1 0.590135
60.21 2 0.0414637
60.31 1 0.590135
60.31 2 0.0414637
60.41 1 0.590135
60.41 2 0.0414637
60.51 1 0.52777
60.51 2 0.0414637
60.61 1 0.52777
60.61 2 0.0414637
60.71 1 0.52777
60.71 2 0.0414637
60.81 1 0.52777
60.81 2 0.0414637
60.91 1 0.52777
60.91 2 0.0414637
61.01 1 0.52777
61.01 2 0.0414637
61.11 1 0.52777
61.11 2 0.0414637
61.21 1 0.52777
61.21 2 0.0414637
61.31 1 0.52777
61.31 2 0.0414637
61.41 1 0.52777
61.41 2 0.0414637
61.51 1 0.52777
61.51 2 0.0414637
61.61 1 0.52777
61.61 2 0.0414637
61.71 1 0.52777
61.71 2 0.0414637
61.81 1 0.52777
61.81 2 0.0414637
61.91 1 0.52777
61.91 2 0.0414637
62.01 1 0.52777
62.01 2 0.0414637
62.11 1 0.52777
62.11 2 0.0414637
62.21 1 0.52777
62.21 2 0.0414637
62.31 1 0.52777
62.31 2 0.0414637
62.41 1 0.52777
62.41 2 0.0414637
62.51 1 0.52777
62.51 2 0.0414637
62.61 1 0.52777
62.61 2 0.0414637
62.71 1 0.52777
62.71 2 0.0414637
62.81 1 0.52777
62.81 2 0.0414637
62.91 1 0.52777
62.91 2 0.0414637
63.01 1 0.52777
63.01 2 0.0414637
63.11 1 0.52777
63.11 2 0.0414637
63.21 1 0.52777
63.21 2 0.0414637
63.31 1 0.52777
63.31 2 0.0414637
63.41 1 0.52777
63.41 2 0.0414637
63.51 1 0.52777
63.51 2 0.0414637
63.61 1 0.52777
63.61 2 0.0414637
63.71 1 0.52777
63.71 2 0.0414637
63.81 1 0.52777
63.81 2 0.0414637
63.91 1 0.52777
63.91 2 0.0414637
64.01 1 0.52777
64.01 2 0.0414637
64.11 1 0.52777
64.11 2 0.0414637
64.21 1 0.52777
64.21 2 0.0414637
64.31 1 0.52777
64.31 2 0.0414637
64.41 1 0.52777
64.41 2 0.0414637
64.51 1 0.52777
64.51 2 0.0414637
64.61 1 0.52777
64.61 2 0.0414637
64.71 1 0.52777
64.71 2 0.0414637
64.81 1 0.52777
64.81 2 0.0414637
64.91 1 0.52777
64.91 2 0.0414637
65.01 1 0.52777
65.01 2 0.0414637
65.11 1 0.52777
65.11 2 0.0414637
65.21 1 0.52777
65.21 2 0.0414637
65.31 1 0.52777
65.31 2 0.0414637
65.41 1 0.52777
65.41 2 0.0414637
65.51 1 0.52777
65.51 2 0.0414637
65.61 1 0.52777
65.61 2 0.0414637
65.71 1 0.52777
65.71 2 0.0414637
65.81 1 0.52777
65.81 2 0.0414637
65.91 1 0.52777
65.91 2 0.0414637
66.01 1 0.52777
66.01 2 0.0414637
66.11 1 0.52777
66.11 2 0.0414637
66.21 1 0.52777
66.21 2 0.0414637
66.31 1 0.52777
66.31 2 0.0414637
66.41 1 0.52777
66.41 2 0.0414637
66.51 1 0.52777
66.51 2 0.0414637
66.61 1 0.52777
66.61 2 0.0414637
66.71 1 0.52777
66.71 2 0.0414637
66.81 1 0.52777
66.81 2 0.0414637
66.91 1 0.52777
66.91 2 0.0414637
67.01 1 0.52777
67.01 2 0.0414637
67.11 1 0.52777
67.11 2 0.0414637
67.21 1 0.52777
67.21 2 0.0414637
67.31 1 0.52777
67.31 2 0.0414637
67.41 1 0.52777
67.41 2 0.0414637
67.51 1 0.52777
67.51 2 0.0414637
67.61 1 0.52777
67.61 2 0.0414637
67.71 1 0.52777
67.71 2 0.0414637
67.81 1 0.52777
67.81 2 0.0414637
67.91 1 0.52777
67.91 2 0.0414637
68.01 1 0.52777
68.01 2 0.0414637
68.11 1 0.52777
68.11 2 0.0414637
68.21 1 0.52777
68.21 2 0.0414637
68.31 1 0.52777
68.31 2 0.0414637
68.41 1 0.52777
68.41 2 0.0414637
68.51 1 0.52777
68.51 2 0.0414637
68.61 1 0.52777
68.61 2 0.0414637
68.71 1 0.52777
68.71 2 0.0414637
68.81 1 0.52777
68.81 2 0.0414637
68.91 1 0.52777
68.91 2 0.0414637
69.01 1 0.52777
69.01 2 0.0414637
69.11 1 0.52777
69.11 2 0.0414637
69.21 1 0.52777
69.21 2 0.0414637
69.31 1 0.52777
69.31 2 0.0414637
69.41 1 0.52777
69.41 2 0.0414637
69.51 1 0.52777
69.51 2 0.0414637
69.61 1 0.52777
69.61 2 0.0414637
69.71 1 0.52777
69.71 2 0.0414637
69.81 1 0.52777
69.81 2 0.0414637
69.91 1 0.52777
69.91 2 0.0414637
70.01 1 0.52777
70.01 2 0.0414637
70.11 1 0.52777
70.11 2 0.0414637
70.21 1 0.52777
70.21 2 0.0414637
70.31 1 0.52777
70.31 2 0.0414637
70.41 1 0.52777
70.41 2 0.0414637
70.51 1 0.52777
70.51 2 0.0414637
70.61 1 0.52777
70.61 2 0.0414637
70.71 1 0.52777
70.71 2 0.0414637
70.81 1 0.52777
70.81 2 0.0414637
70.91 1 0.52777
70.91 2 0.0414637
71.01 1 0.52777
71.01 2 0.0414637
71.11 1 0.52777
71.11 2 0.0414637
71.21 1 0.52777
71.21 2 0.0414637
71.31 1 0.52777
71.31 2 0.0414637
71.41 1 0.52777
71.41 2 0.0414637
71.51 1 0.52777
71.51 2 0.0414637
71.61 1 0.52777
71.61 2 0.0414637
71.71 1 0.52777
71.71 2 0.0414637
71.81 1 0.52777
71.81 2 0.0414637
71.91 1 0.52777
71.91 2 0.0414637
72.01 1 0.52777
72.01 2 0.0414637
72.11 1 0.52777
72.11 2 0.0414637
72.21 1 0.52777
72.21 2 0.0414637
72.31 1 0.52777
72.31 2 0.0414637
72.41 1 0.52777
72.41 2 0.0414637
72.51 1 0.52777
72.51 2 0.0414637
72.61 1 0.52777
72.61 2 0.0414637
72.71 1 0.52777
72.71 2 0.0414637
72.81 1 0.52777
72.81 2 0.0414637
72.91 1 0.52777
72.91 2 0.0414637
73.01 1 0.52777
73.01 2 0.0414637
73.11 1 0.52777
73.11 2 0.0414637
73.21 1 0.52777
73.21 2 0.0414637
73.31 1 0.52777
73.31 2 0.0414637
73.41 1 0.52777
73.41 2 0.0414637
73.51 1 0.52777
73.51 2 0.0414637
73.61 1 0.52777
73.61 2 0.0414637
73.71 1 0.52777
73.71 2 0.0414637
73.81 1 0.52777
73.81 2 0.0414637
73.91 1 0.52777
73.91 2 0.0414637
74.01 1 0.52777
74.01 2 0.0414637
74.11 1 0.52777
74.11 2 0.0414637
74.21 1 0.52777
74.21 2 0.0414637
74.31 1 0.52777
74.31 2 0.0414637
74.41 1 0.52777
74.41 2 0.0414637
74.51 1 0.52777
74.51 2 0.0414637
74.61 1 0.52777
74.61 2 0.0414637
74.71 1 0.52777
74.71 2 0.0414637
74.81 1 0.52777
74.81 2 0.0414637
74.91 1 0.52777
74.91 2 0.0414637
75.01 1 0.52777
75.01 2 0.0414637
75.11 1 0.52777
75.11 2 0.0414637
75.21 1 0.52777
75.21 2 0.0414637
75.31 1 0.52777
75.31 2 0.0414637
75.41 1 0.52777
75.41 2 0.0414637
75.51 1 0.52777
75.51 2 0.0414637
75.61 1 0.52777
75.61 2 0.0414637
75.71 1 0.52777
75.71 2 0.0414637
75.81 1 0.52777
75.81 2 0.0414637
75.91 1 0.52777
75.91 2 0.0414637
76.01 1 0.52777
76.01 2 0.0414637
76.11 1 0.52777
76.11 2 0.0414637
76.21 1 0.52777
76.21 2 0.0414637
76.31 1 0.52777
76.31 2 0.0414637
76.41 1 0.52777
76.41 2 0.0414637
76.51 1 0.52777
76.51 2 0.0414637
76.61 1 0.52777
76.61 2 0.0414637
76.71 1 0.52777
76.71 2 0.0414637
76.81 1 0.52777
76.81 2 0.0414637
76.91 1 0.52777
76.91 2 0.0414637
77.01 1 0.52777
77.01 2 0.0414637
77.11 1 0.52777
77.11 2 0.0414637
77.21 1 0.52777
77.21 2 0.0414637
77.31 1 0.52777
77.31 2 0.0414637
77.41 1 0.52777
77.41 2 0.0414637
77.51 1 0.52777
77.51 2 0.0414637
77.61 1 0.52777
77.61 2 0.0414637
77.71 1 0.52777
77.71 2 0.0414637
77.81 1 0.52777
77.81 2 0.0414637
77.91 1 0.52777
77.91 2 0.0414637
78.01 1 0.52777
78.01 2 0.0414637
78.11 1 0.52777
78.11 2 0.0414637
78.21 1 0.52777
78.21 2 0.0414637
78.31 1 0.52777
78.31 2 0.0414637
78.41 1 0.52777
78.41 2 0.0414637
78.51 1 0.52777
78.51 2 0.0414637
78.61 1 0.52777
78.61 2 0.0414637
78.71 1 0.52777
78.71 2 0.0414637
78.81 1 0.52777
78.81 2 0.0414637
78.91 1 0.52777
78.91 2 0.0414637
79.01 1 0.52777
79.01 2 0.0414637
79.11 1 0.52777
79.11 2 0.0414637
79.21 1 0.52777
79.21 2 0.0414637
79.31 1 0.52777
79.31 2 0.0414637
79.41 1 0.52777
79.41 2 0.0414637
79.51 1 0.52777
79.51 2 0.0414637
79.61 1 0.52777
79.61 2 0.0414637
79.71 1 0.52777
79.71 2 0.0414637
79.81 1 0.52777
79.81 2 0.0414637
79.91 1 0.52777
79.91 2 0.0414637
80.01 1 0.52777
80.01 2 0.0414637
80.11 1 0.52777
80.11 2 0.0414637
80.21 1 0.52777
80.21 2 0.0414637
80.31 1 0.52777
80.31 2 0.0414637
80.41 1 0.52777
80.41 2 0.0414637
80.51 1 0.52777
80.51 2 0.0414637
80.61 1 0.52777
80.61 2 0.0414637
80.71 1 0.52777
80.71 2 0.0414637
80.81 1 0.52777
80.81 2 0.0414637
80.91 1 0.52777
80.91 2 0.0414637
81.01 1 0.52777
81.01 2 0.0414637
81.11 1 0.52777
81.11 2 0.0414637
81.21 1 0.52777
81.21 2 0.0414637
81.31 1 0.52777
81.31 2 0.0414637
81.41 1 0.52777
81.41 2 0.0414637
81.51 1 0.52777
81.51 2 0.0414637
81.61 1 0.52777
81.61 2 0.0414637
81.71 1 0.52777
81.71 2 0.0414637
81.81 1 0.52777
81.81 2 0.0414637
81.91 1 0.52777
81.91 2 0.0414637
82.01 1 0.52777
82.01 2 0.0414637
82.11 1 0.52777
82.11 2 0.0414637
82.21 1 0.52777
82.21 2 0.0414637
82.31 1 0.52777
82.31 2 0.0414637
82.41 1 0.52777
82.41 2 0.0414637
82.51 1 0.52777
82.51 2 0.0414637
82.61 1 0.52777
82.61 2 0.0414637
82.71 1 0.52777
82.71 2 0.0414637
82.81 1 0.52777
82.81 2 0.0414637
82.91 1 0.52777
82.91 2 0.0414637
83.01 1 0.52777
83.01 2 0.0414637
83.11 1 0.52777
83.11 2 0.0414637
83.21 1 0.52777
83.21 2 0.0414637
83.31 1 0.52777
83.31 2 0.0414637
83.41 1 0.52777
83.41 2 0.0414637
83.51 1 0.52777
83.51 2 0.0414637
83.61 1 0.52777
83.61 2 0.0414637
83.71 1 0.52777
83.71 2 0.0414637
83.81 1 0.52777
83.81 2 0.0414637
83.91 1 0.52777
83.91 2 0.0414637
84.01 1 0.52777
84.01 2 0.0414637
84.11 1 0.52777
84.11 2 0.0414637
84.21 1 0.52777
84.21 2 0.0414637
84.31 1 0.52777
84.31 2 0.0414637
84.41 1 0.52777
84.41 2 0.0414637
84.51 1 0.52777
84.51 2 0.0414637
84.61 1 0.52777
84.61 2 0.0414637
84.71 1 0.52777
84.71 2 0.0414637
84.81 1 0.52777
84.81 2 0.0414637
84.91 1 0.52777
84.91 2 0.0414637
85.01 1 0.52777
85.01 2 0.0414637
85.11 1 0.52777
85.11 2 0.0414637
85.21 1 0.52777
85.21 2 0.0414637
85.31 1 0.52777
85.31 2 0.0414637
85.41 1 0.52777
85.41 2 0.0414637
85.51 1 0.52777
85.51 2 0.0414637
85.61 1 0.52777
85.61 2 0.0414637
85.71 1 0.52777
85.71 2 0.0414637
85.81 1 0.52777
85.81 2 0.0414637
85.91 1 0.52777
85.91 2 0.0414637
86.01 1 0.52777
86.01 2 0.0414637
86.11 1 0.52777
86.11 2 0.0414637
86.21 1 0.52777
86.21 2 0.0414637
86.31 1 0.52777
86.31 2 0.0414637
86.41 1 0.52777
86.41 2 0.0414637
86.51 1 0.52777
86.51 2 0.0414637
86.61 1 0.52777
86.61 2 0.0414637
86.71 1 0.52777
86.71 2 0.0414637
86.81 1 0.52777
86.81 2 0.0414637
86.91 1 0.52777
86.91 2 0.0414637
87.01 1 0.52777
87.01 2 0.0414637
87.11 1 0.52777
87.11 2 0.0414637
87.21 1 0.52777
87.21 2 0.0414637
87.31 1 0.52777
87.31 2 0.0414637
87.41 1 0.52777
87.41 2 0.0414637
87.51 1 0.52777
87.51 2 0.0414637
87.61 1 0.52777
87.61 2 0.0414637
87.71 1 0.52777
87.71 2 0.0414637
87.81 1 0.52777
87.81 2 0.0414637
87.91 1 0.52777
87.91 2 0.0414637
88.01 1 0.52777
88.01 2 0.0414637
88.11 1 0.52777
88.11 2 0.0414637
88.21 1 0.52777
88.21 2 0.0414637
88.31 1 0.52777
88.31 2 0.0414637
88.41 1 0.52777
88.41 2 0.0414637
88.51 1 0.52777
88.51 2 0.0414637
88.61 1 0.52777
88.61 2 0.0414637
88.71 1 0.52777
88.71 2 0.0414637
88.81 1 0.52777
88.81 2 0.0414637
88.91 1 0.52777
88.91 2 0.0414637
89.01 1 0.52777
89.01 2 0.0414637
89.11 1 0.52777
89.11 2 0.0414637
89.21 1 0.52777
89.21 2 0.0414637
89.31 1 0.52777
89.31 2 0.0414637
89.41 1 0.52777
89.41 2 0.0414637
89.51 1 0.52777
89.51 2 0.0414637
89.61 1 0.52777
89.61 2 0.0414637
89.71 1 0.52777
89.71 2 0.0414637
89.81 1 0.52777
89.81 2 0.0414637
89.91 1 0.52777
89.91 2 0.0414637
90.01 1 0.52777
90.01 2 0.0414637
90.11 1 0.52777
90.11 2 0.0414637
90.21 1 0.52777
90.21 2 0.0414637
90.31 1 0.52777
90.31 2 0.0414637
90.41 1 0.52777
90.41 2 0.0414637
90.51 1 0.52777
90.51 2 0.0414637
90.61 1 0.52777
90.61 2 0.0414637
90.71 1 0.52777
90.71 2 0.0414637
90.81 1 0.52777
90.81 2 0.0414637
90.91 1 0.52777
90.91 2 0.0414637
91.01 1 0.52777
91.01 2 0.0414637
91.11 1 0.52777
91.11 2 0.0414637
91.21 1 0.52777
91.21 2 0.0414637
91.31 1 0.52777
91.31 2 0.0414637
91.41 1 0.52777
91.41 2 0.0414637
91.51 1 0.52777
91.51 2 0.0414637
91.61 1 0.52777
91.61 2 0.0414637
91.71 1 0.52777
91.71 2 0.0414637
91.81 1 0.52777
91.81 2 0.0414637
91.91 1 0.52777
91.91 2 0.0414637
92.01 1 0.52777
92.01 2 0.0414637
92.11 1 0.52777
92.11 2 0.0414637
92.21 1 0.52777
92.21 2 0.0414637
92.31 1 0.52777
92.31 2 0.0414637
92.41 1 0.52777
92.41 2 0.0414637
92.51 1 0.52777
92.51 2 0.0414637
92.61 1 0.52777
92.61 2 0.0414637
92.71 1 0.52777
92.71 2 0.0414637
92.81 1 0.52777
92.81 2 0.0414637
92.91 1 0.52777
92.91 2 0.0414637
93.01 1 0.52777
93.01 2 0.0414637
93.11 1 0.52777
93.11 2 0.0414637
93.21 1 0.52777
93.21 2 0.0414637
93.31 1 0.52777
93.31 2 0.0414637
93.41 1 0.52777
93.41 2 0.0414637
93.51 1 0.52777
93.51 2 0.0414637
93.61 1 0.52777
93.61 2 0.0414637
93.71 1 0.52777
93.71 2 0.0414637
93.81 1 0.52777
93.81 2 0.0414637
93.91 1 0.52777
93.91 2 0.0414637
94.01 1 0.52777
94.01 2 0.0414637
94.11 1 0.52777
94.11 2 0.0414637
94.21 1 0.52777
94.21 2 0.0414637
94.31 1 0.52777
94.31 2 0.0414637
94.41 1 0.52777
94.41 2 0.0414637
94.51 1 0.52777
94.51 2 0.0414637
94.61 1 0.52777
94.61 2 0.0414637
94.71 1 0.52777
94.71 2 0.0414637
94.81 1 0.52777
94.81 2 0.0414637
94.91 1 0.52777
94.91 2 0.0414637
95.01 1 0.52777
95.01 2 0.0414637
95.11 1 0.52777
95.11 2 0.0414637
95.21 1 0.52777
95.21 2 0.0414637
95.31 1 0.52777
95.31 2 0.0414637
95.41 1 0.52777
95.41 2 0.0414637
95.51 1 0.52777
95.51 2 0.0414637
95.61 1 0.52777
95.61 2 0.0414637
95.71 1 0.52777
95.71 2 0.0414637
95.81 1 0.52777
95.81 2 0.0414637
95.91 1 0.52777
95.91 2 0.0414637
96.01 1 0.52777
96.01 2 0.0414637
96.11 1 0.52777
96.11 2 0.0414637
96.21 1 0.52777
96.21 2 0.0414637
96.31 1 0.52777
96.31 2 0.0414637
96.41 1 0.52777
96.41 2 0.0414637
96.51 1 0.52777
96.51 2 0.0414637
96.61 1 0.52777
96.61 2 0.0414637
96.71 1 0.52777
96.71 2 0.0414637
96.81 1 0.52777
96.81 2 0.0414637
96.91 1 0.52777
96.91 2 0.0414637
97.01 1 0.52777
97.01 2 0.0414637
97.11 1 0.52777
97.11 2 0.0414637
97.21 1 0.52777
97.21 2 0.0414637
97.31 1 0.52777
97.31 2 0.0414637
97.41 1 0.52777
97.41 2 0.0414637
97.51 1 0.52777
97.51 2 0.0414637
97.61 1 0.52777
97.61 2 0.0414637
97.71 1 0.52777
97.71 2 0.0414637
97.81 1 0.52777
97.81 2 0.0414637
97.91 1 0.52777
97.91 2 0.0414637
98.01 1 0.52777
98.01 2 0.0414637
98.11 1 0.52777
98.11 2 0.0414637
98.21 1 0.52777
98.21 2 0.0414637
98.31 1 0.52777
98.31 2 0.0414637
98.41 1 0.52777
98.41 2 0.0414637
98.51 1 0.52777
98.51 2 0.0414637
98.61 1 0.52777
98.61 2 0.0414637
98.71 1 0.52777
98.71 2 0.0414637
98.81 1 0.52777
98.81 2 0.0414637
98.91 1 0.52777
98.91 2 0.0414637
99.01 1 0.52777
99.01 2 0.0414637
99.11 1 0.52777
99.11 2 0.0414637
99.21 1 0.52777
99.21 2 0.0414637
99.31 1 0.52777
99.31 2 0.0414637
99.41 1 0.52777
99.41 2 0.0414637
99.51 1 0.52777
99.51 2 0.0414637
99.61 1 0.52777
99.61 2 0.0414637
99.71 1 0.52777
99.71 2 0.0414637
99.81 1 0.52777
99.81 2 0.0414637
99.91 1 0.52777
99.91 2 0.0414637
100.01 1 0.52777
100.01 2 0.0414637
100.11 1 0.52777
100.11 2 0.0414637
100.21 1 0.52777
100.21 2 0.0414637
100.31 1 0.52777
100.31 2 0.0414637
100.41 1 0.52777
100.41 2 0.0414637
100.51 1 0.52777
100.51 2 0.0414637
100.61 1 0.52777
100.61 2 0.0414637
100.71 1 0.52777
100.71 2 0.0414637
100.81 1 0.52777
100.81 2 0.0414637
100.91 1 0.52777
100.91 2 0.0414637
101.01 1 0.52777
101.01 2 0.0414637
101.11 1 0.52777
101.11 2 0.0414637
101.21 1 0.52777
101.21 2 0.0414637
101.31 1 0.52777
101.31 2 0.0414637
101.41 1 0.52777
101.41 2 0.0414637
101.51 1 0.52777
101.51 2 0.0414637
101.61 1 0.52777
101.61 2 0.0414637
101.71 1 0.52777
101.71 2 0.0414637
101.81 1 0.52777
101.81 2 0.0414637
101.91 1 0.52777
101.91 2 0.0414637
102.01 1 0.52777
102.01 2 0.0414637
102.11 1 0.52777
102.11 2 0.0414637
102.21 1 0.52777
102.21 2 0.0414637
102.31 1 0.52777
102.31 2 0.0414637
102.41 1 0.52777
102.41 2 0.0414637
102.51 1 0.52777
102.51 2 0.0414637
102.61 1 0.52777
102.61 2 0.0414637
102.71 1 0.52777
102.71 2 0.0414637
102.81 1 0.52777
102.81 2 0.0414637
102.91 1 0.52777
102.91 2 0.0414637
103.01 1 0.52777
103.01 2 0.0414637
103.11 1 0.52777
103.11 2 0.0414637
103.21 1 0.52777
103.21 2 0.0414637
103.31 1 0.52777
103.31 2 0.0414637
103.41 1 0.52777
103.41 2 0.0414637
103.51 1 0.52777
103.51 2 0.0414637
103.61 1 0.52777
103.61 2 0.0414637
103.71 1 0.52777
103.71 2 0.0414637
103.81 1 0.52777
103.81 2 0.0414637
103.91 1 0.52777
103.91 2 0.0414637
104.01 1 0.52777
104.01 2 0.0414637
104.11 1 0.52777
104.11 2 0.0414637
104.21 1 0.52777
104.21 2 0.0414637
104.31 1 0.52777
104.31 2 0.0414637
104.41 1 0.52777
104.41 2 0.0414637
104.51 1 0.52777
104.51 2 0.0414637
104.61 1 0.52777
104.61 2 0.0414637
104.71 1 0.52777
104.71 2 0.0414637
104.81 1 0.52777
104.81 2 0.0414637
104.91 1 0.52777
104.91 2 0.0414637
105.01 1 0.52777
105.01 2 0.0414637
105.11 1 0.52777
105.11 2 0.0414637
105.21 1 0.52777
105.21 2 0.0414637
105.31 1 0.52777
105.31 2 0.0414637
105.41 1 0.52777
105.41 2 0.0414637
105.51 1 0.52777
105.51 2 0.0414637
105.61 1 0.52777
105.61 2 0.0414637
105.71 1 0.52777
105.71 2 0.0414637
105.81 1 0.52777
105.81 2 0.0414637
105.91 1 0.52777
105.91 2 0.0414637
106.01 1 0.52777
106.01 2 0.0414637
106.11 1 0.52777
106.11 2 0.0414637
106.21 1 0.52777
106.21 2 0.0414637
106.31 1 0.52777
106.31 2 0.0414637
106.41 1 0.52777
106.41 2 0.0414637
106.51 1 0.52777
106.51 2 0.0414637
106.61 1 0.52777
106.61 2 0.0414637
106.71 1 0.52777
106.71 2 0.0414637
106.81 1 0.52777
106.81 2 0.0414637
106.91 1 0.52777
106.91 2 0.0414637
107.01 1 0.52777
107.01 2 0.0414637
107.11 1 0.52777
107.11 2 0.0414637
107.21 1 0.52777
107.21 2 0.0414637
107.31 1 0.52777
107.31 2 0.0414637
107.41 1 0.52777
107.41 2 0.0414637
107.51 1 0.52777
107.51 2 0.0414637
107.61 1 0.52777
107.61 2 0.0414637
107.71 1 0.52777
107.71 2 0.0414637
107.81 1 0.52777
107.81 2 0.0414637
107.91 1 0.52777
107.91 2 0.0414637
108.01 1 0.52777
108.01 2 0.0414637
108.11 1 0.52777
108.11 2 0.0414637
108.21 1 0.52777
108.21 2 0.0414637
108.31 1 0.52777
108.31 2 0.0414637
108.41 1 0.52777
108.41 2 0.0414637
108.51 1 0.52777
108.51 2 0.0414637
108.61 1 0.52777
108.61 2 0.0414637
108.71 1 0.52777
108.71 2 0.0414637
108.81 1 0.52777
108.81 2 0.0414637
108.91 1 0.52777
108.91 2 0.0414637
109.01 1 0.52777
109.01 2 0.0414637
109.11 1 0.52777
109.11 2 0.0414637
109.21 1 0.52777
109.21 2 0.0414637
109.31 1 0.52777
109.31 2 0.0414637
109.41 1 0.52777
109.41 2 0.0414637
109.51 1 0.52777
109.51 2 0.0414637
109.61 1 0.52777
109.61 2 0.0414637
109.71 1 0.52777
109.71 2 0.0414637
109.81 1 0.52777
109.81 2 0.0414637
109.91 1 0.52777
109.91 2 0.0414637
110.01 1 0.52777
110.01 2 0.0414637
110.11 1 0.52777
110.11 2 0.0414637
110.21 1 0.52777
110.21 2 0.0414637
110.31 1 0.52777
110.31 2 0.0414637
110.41 1 0.52777
110.41 2 0.0414637
110.51 1 0.52777
110.51 2 0.0414637
110.61 1 0.52777
110.61 2 0.0414637
110.71 1 0.52777
110.71 2 0.0414637
110.81 1 0.52777
110.81 2 0.0414637
110.91 1 0.52777
110.91 2 0.0414637
111.01 1 0.52777
111.01 2 0.0414637
111.11 1 0.52777
111.11 2 0.0414637
111.21 1 0.52777
111.21 2 0.0414637
111.31 1 0.52777
111.31 2 0.0414637
111.41 1 0.52777
111.41 2 0.0414637
111.51 1 0.52777
111.51 2 0.0414637
111.61 1 0.52777
111.61 2 0.0414637
111.71 1 0.52777
111.71 2 0.0414637
111.81 1 0.52777
111.81 2 0.0414637
111.91 1 0.52777
111.91 2 0.0414637
112.01 1 0.52777
112.01 2 0.0414637
112.11 1 0.52777
112.11 2 0.0414637
112.21 1 0.52777
112.21 2 0.0414637
112.31 1 0.52777
112.31 2 0.0414637
112.41 1 0.52777
112.41 2 0.0414637
112.51 1 0.52777
112.51 2 0.0414637
112.61 1 0.52777
112.61 2 0.0414637
112.71 1 0.52777
112.71 2 0.0414637
112.81 1 0.52777
112.81 2 0.0414637
112.91 1 0.52777
112.91 2 0.0414637
113.01 1 0.52777
113.01 2 0.0414637
113.11 1 0.52777
113.11 2 0.0414637
113.21 1 0.52777
113.21 2 0.0414637
113.31 1 0.52777
113.31 2 0.0414637
113.41 1 0.52777
113.41 2 0.0414637
113.51 1 0.52777
113.51 2 0.0414637
113.61 1 0.52777
113.61 2 0.0414637
113.71 1 0.52777
113.71 2 0.0414637
113.81 1 0.52777
113.81 2 0.0414637
113.91 1 0.52777
113.91 2 0.0414637
114.01 1 0.52777
114.01 2 0.0414637
114.11 1 0.52777
114.11 2 0.0414637
114.21 1 0.52777
114.21 2 0.0414637
114.31 1 0.52777
114.31 2 0.0414637
114.41 1 0.52777
114.41 2 0.0414637
114.51 1 0.52777
114.51 2 0.0414637
114.61 1 0.52777
114.61 2 0.0414637
114.71 1 0.52777
114.71 2 0.0414637
114.81 1 0.52777
114.81 2 0.0414637
114.91 1 0.52777
114.91 2 0.0414637
115.01 1 0.52777
115.01 2 0.0414637
115.11 1 0.52777
115.11 2 0.0414637
115.21 1 0.52777
115.21 2 0.0414637
115.31 1 0.52777
115.31 2 0.0414637
115.41 1 0.52777
115.41 2 0.0414637
115.51 1 0.52777
115.51 2 0.0414637
115.61 1 0.52777
115.61 2 0.0414637
115.71 1 0.52777
115.71 2 0.0414637
115.81 1 0.52777
115.81 2 0.0414637
115.91 1 0.52777
115.91 2 0.0414637
116.01 1 0.52777
116.01 2 0.0414637
116.11 1 0.52777
116.11 2 0.0414637
116.21 1 0.52777
116.21 2 0.0414637
116.31 1 0.52777
116.31 2 0.0414637
116.41 1 0.52777
116.41 2 0.0414637
116.51 1 0.52777
116.51 2 0.0414637
116.61 1 0.52777
116.61 2 0.0414637
116.71 1 0.52777
116.71 2 0.0414637
116.81 1 0.52777
116.81 2 0.0414637
116.91 1 0.52777
116.91 2 0.0414637
117.01 1 0.52777
117.01 2 0.0414637
117.11 1 0.52777
117.11 2 0.0414637
117.21 1 0.52777
117.21 2 0.0414637
117.31 1 0.52777
117.31 2 0.0414637
117.41 1 0.52777
117.41 2 0.0414637
117.51 1 0.52777
117.51 2 0.0414637
117.61 1 0.52777
117.61 2 0.0414637
117.71 1 0.52777
117.71 2 0.0414637
117.81 1 0.52777
117.81 2 0.0414637
117.91 1 0.52777
117.91 2 0.0414637
118.01 1 0.52777
118.01 2 0.0414637
118.11 1 0.52777
118.11 2 0.0414637
118.21 1 0.52777
118.21 2 0.0414637
118.31 1 0.52777
118.31 2 0.0414637
118.41 1 0.52777
118.41 2 0.0414637
118.51 1 0.52777
118.51 2 0.0414637
118.61 1 0.52777
118.61 2 0.0414637
118.71 1 0.52777
118.71 2 0.0414637
118.81 1 0.52777
118.81 2 0.0414637
118.91 1 0.52777
118.91 2 0.0414637
119.01 1 0.52777
119.01 2 0.0414637
119.11 1 0.52777
119.11 2 0.0414637
119.21 1 0.52777
119.21 2 0.0414637
119.31 1 0.52777
119.31 2 0.0414637
119.41 1 0.52777
119.41 2 0.0414637
119.51 1 0.52777
119.51 2 0.0414637
119.61 1 0.52777
119.61 2 0.0414637
119.71 1 0.52777
119.71 2 0.0414637
119.81 1 0.52777
119.81 2 0.0414637
119.91 1 0.52777
119.91 2 0.0414637
120.01 1 0.52777
120.01 2 0.0414637
120.11 1 0.52777
120.11 2 0.0414637
120.21 1 0.52777
120.21 2 0.0414637
120.31 1 0.52777
120.31 2 0.0414637
120.41 1 0.52777
120.41 2 0.0414637
120.51 1 0.52777
120.51 2 0.0414637
120.61 1 0.52777
120.61 2 0.0414637
120.71 1 0.52777
120.71 2 0.0414637
120.81 1 0.52777
120.81 2 0.0414637
120.91 1 0.52777
120.91 2 0.0414637
121.01 1 0.52777
121.01 2 0.0414637
121.11 1 0.52777
121.11 2 0.0414637
121.21 1 0.52777
121.21 2 0.0414637
121.31 1 0.52777
121.31 2 0.0414637
121.41 1 0.52777
121.41 2 0.0414637
121.51 1 0.52777
121.51 2 0.0414637
121.61 1 0.52777
121.61 2 0.0414637
121.71 1 0.52777
121.71 2 0.0414637
121.81 1 0.52777
121.81 2 0.0414637
121.91 1 0.52777
121.91 2 0.0414637
122.01 1 0.52777
122.01 2 0.0414637
122.11 1 0.52777
122.11 2 0.0414637
122.21 1 0.52777
122.21 2 0.0414637
122.31 1 0.52777
122.31 2 0.0414637
122.41 1 0.52777
122.41 2 0.0414637
122.51 1 0.52777
122.51 2 0.0414637
122.61 1 0.52777
122.61 2 0.0414637
122.71 1 0.52777
122.71 2 0.0414637
122.81 1 0.52777
122.81 2 0.0414637
122.91 1 0.52777
122.91 2 0.0414637
123.01 1 0.52777
123.01 2 0.0414637
123.11 1 0.52777
123.11 2 0.0414637
123.21 1 0.52777
123.21 2 0.0414637
123.31 1 0.52777
123.31 2 0.0414637
123.41 1 0.52777
123.41 2 0.0414637
123.51 1 0.52777
123.51 2 0.0414637
123.61 1 0.52777
123.61 2 0.0414637
123.71 1 0.52777
123.71 2 0.0414637
123.81 1 0.52777
123.81 2 0.0414637
123.91 1 0.52777
123.91 2 0.0414637
124.01 1 0.52777
124.01 2 0.0414637
124.11 1 0.52777
124.11 2 0.0414637
124.21 1 0.52777
124.21 2 0.0414637
124.31 1 0.52777
124.31 2 0.0414637
124.41 1 0.52777
124.41 2 0.0414637
124.51 1 0.52777
124.51 2 0.0414637
124.61 1 0.52777
124.61 2 0.0414637
124.71 1 0.52777
124.71 2 0.0414637
124.81 1 0.52777
124.81 2 0.0414637
124.91 1 0.52777
124.91 2 0.0414637
125.01 1 0.52777
125.01 2 0.0414637
125.11 1 0.52777
125.11 2 0.0414637
125.21 1 0.52777
125.21 2 0.0414637
125.31 1 0.52777
125.31 2 0.0414637
125.41 1 0.52777
125.41 2 0.0414637
125.51 1 0.52777
125.51 2 0.0414637
125.61 1 0.52777
125.61 2 0.0414637
125.71 1 0.52777
125.71 2 0.0414637
125.81 1 0.52777
125.81 2 0.0414637
125.91 1 0.52777
125.91 2 0.0414637
126.01 1 0.52777
126.01 2 0.0414637
126.11 1 0.52777
126.11 2 0.0414637
126.21 1 0.52777
126.21 2 0.0414637
126.31 1 0.52777
126.31 2 0.0414637
126.41 1 0.52777
126.41 2 0.0414637
126.51 1 0.52777
126.51 2 0.0414637
126.61 1 0.52777
126.61 2 0.0414637
126.71 1 0.52777
126.71 2 0.0414637
126.81 1 0.52777
126.81 2 0.0414637
126.91 1 0.52777
126.91 2 0.0414637
127.01 1 0.52777
127.01 2 0.0414637
127.11 1 0.52777
127.11 2 0.0414637
127.21 1 0.52777
127.21 2 0.0414637
127.31 1 0.52777
127.31 2 0.0414637
127.41 1 0.52777
127.41 2 0.0414637
127.51 1 0.52777
127.51 2 0.0414637
127.61 1 0.52777
127.61 2 0.0414637
127.71 1 0.52777
127.71 2 0.0414637
127.81 1 0.52777
127.81 2 0.0414637
127.91 1 0.52777
127.91 2 0.0414637
128.01 1 0.52777
128.01 2 0.0414637
128.11 1 0.52777
128.11 2 0.0414637
128.21 1 0.52777
128.21 2 0.0414637
128.31 1 0.52777
128.31 2 0.0414637
128.41 1 0.52777
128.41 2 0.0414637
128.51 1 0.52777
128.51 2 0.0414637
128.61 1 0.52777
128.61 2 0.0414637
128.71 1 0.52777
128.71 2 0.0414637
128.81 1 0.52777
128.81 2 0.0414637
128.91 1 0.52777
128.91 2 0.0414637
129.01 1 0.52777
129.01 2 0.0414637
129.11 1 0.52777
129.11 2 0.0414637
129.21 1 0.52777
129.21 2 0.0414637
129.31 1 0.52777
129.31 2 0.0414637
129.41 1 0.52777
129.41 2 0.0414637
129.51 1 0.52777
129.51 2 0.0414637
129.61 1 0.52777
129.61 2 0.0414637
129.71 1 0.52777
129.71 2 0.0414637
129.81 1 0.52777
129.81 2 0.0414637
129.91 1 0.52777
129.91 2 0.0414637
130.01 1 0.52777
130.01 2 0.0414637
130.11 1 0.52777
130.11 2 0.0414637
130.21 1 0.52777
130.21 2 0.0414637
130.31 1 0.52777
130.31 2 0.0414637
130.41 1 0.52777
130.41 2 0.0414637
130.51 1 0.52777
130.51 2 0.0414637
130.61 1 0.52777
130.61 2 0.0414637
130.71 1 0.52777
130.71 2 0.0414637
130.81 1 0.52777
130.81 2 0.0414637
130.91 1 0.52777
130.91 2 0.0414637
131.01 1 0.52777
131.01 2 0.0414637
131.11 1 0.52777
131.11 2 0.0414637
131.21 1 0.52777
131.21 2 0.0414637
131.31 1 0.52777
131.31 2 0.0414637
131.41 1 0.52777
131.41 2 0.0414637
131.51 1 0.52777
131.51 2 0.0414637
131.61 1 0.52777
131.61 2 0.0414637
131.71 1 0.52777
131.71 2 0.0414637
131.81 1 0.52777
131.81 2 0.0414637
131.91 1 0.52777
131.91 2 0.0414637
132.01 1 0.52777
132.01 2 0.0414637
132.11 1 0.52777
132.11 2 0.0414637
132.21 1 0.52777
132.21 2 0.0414637
132.31 1 0.52777
132.31 2 0.0414637
132.41 1 0.52777
132.41 2 0.0414637
132.51 1 0.52777
132.51 2 0.0414637
132.61 1 0.52777
132.61 2 0.0414637
132.71 1 0.52777
132.71 2 0.0414637
132.81 1 0.52777
132.81 2 0.0414637
132.91 1 0.52777
132.91 2 0.0414637
133.01 1 0.52777
133.01 2 0.0414637
133.11 1 0.52777
133.11 2 0.0414637
133.21 1 0.52777
133.21 2 0.0414637
133.31 1 0.52777
133.31 2 0.0414637
133.41 1 0.52777
133.41 2 0.0414637
133.51 1 0.52777
133.51 2 0.0414637
133.61 1 0.52777
133.61 2 0.0414637
133.71 1 0.52777
133.71 2 0.0414637
133.81 1 0.52777
133.81 2 0.0414637
133.91 1 0.52777
133.91 2 0.0414637
134.01 1 0.52777
134.01 2 0.0414637
134.11 1 0.52777
134.11 2 0.0414637
134.21 1 0.52777
134.21 2 0.0414637
134.31 1 0.52777
134.31 2 0.0414637
134.41 1 0.52777
134.41 2 0.0414637
134.51 1 0.52777
134.51 2 0.0414637
134.61 1 0.52777
134.61 2 0.0414637
134.71 1 0.52777
134.71 2 0.0414637
134.81 1 0.52777
134.81 2 0.0414637
134.91 1 0.52777
134.91 2 0.0414637
135.01 1 0.52777
135.01 2 0.0414637
135.11 1 0.52777
135.11 2 0.0414637
135.21 1 0.52777
135.21 2 0.0414637
135.31 1 0.52777
135.31 2 0.0414637
135.41 1 0.52777
135.41 2 0.0414637
135.51 1 0.52777
135.51 2 0.0414637
135.61 1 0.52777
135.61 2 0.0414637
135.71 1 0.52777
135.71 2 0.0414637
135.81 1 0.52777
135.81 2 0.0414637
135.91 1 0.52777
135.91 2 0.0414637
136.01 1 0.52777
136.01 2 0.0414637
136.11 1 0.52777
136.11 2 0.0414637
136.21 1 0.52777
136.21 2 0.0414637
136.31 1 0.52777
136.31 2 0.0414637
136.41 1 0.52777
136.41 2 0.0414637
136.51 1 0.52777
136.51 2 0.0414637
136.61 1 0.52777
136.61 2 0.0414637
136.71 1 0.52777
136.71 2 0.0414637
136.81 1 0.52777
136.81 2 0.0414637
136.91 1 0.52777
136.91 2 0.0414637
137.01 1 0.52777
137.01 2 0.0414637
137.11 1 0.52777
137.11 2 0.0414637
137.21 1 0.52777
137.21 2 0.0414637
137.31 1 0.52777
137.31 2 0.0414637
137.41 1 0.52777
137.41 2 0.0414637
137.51 1 0.52777
137.51 2 0.0414637
137.61 1 0.52777
137.61 2 0.0414637
137.71 1 0.52777
137.71 2 0.0414637
137.81 1 0.52777
137.81 2 0.0414637
137.91 1 0.52777
137.91 2 0.0414637
138.01 1 0.52777
138.01 2 0.0414637
138.11 1 0.52777
138.11 2 0.0414637
138.21 1 0.52777
138.21 2 0.0414637
138.31 1 0.52777
138.31 2 0.0414637
138.41 1 0.52777
138.41 2 0.0414637
138.51 1 0.52777
138.51 2 0.0414637
138.61 1 0.52777
138.61 2 0.0414637
138.71 1 0.52777
138.71 2 0.0414637
138.81 1 0.52777
138.81 2 0.0414637
138.91 1 0.52777
138.91 2 0.0414637
139.01 1 0.52777
139.01 2 0.0414637
139.11 1 0.52777
139.11 2 0.0414637
139.21 1 0.52777
139.21 2 0.0414637
139.31 1 0.52777
139.31 2 0.0414637
139.41 1 0.52777
139.41 2 0.0414637
139.51 1 0.52777
139.51 2 0.0414637
139.61 1 0.52777
139.61 2 0.0414637
139.71 1 0.52777
139.71 2 0.0414637
139.81 1 0.52777
139.81 2 0.0414637
139.91 1 0.52777
139.91 2 0.0414637
140.01 1 0.52777
140.01 2 0.0414637
140.11 1 0.52777
140.11 2 0.0414637
140.21 1 0.52777
140.21 2 0.0414637
140.31 1 0.52777
140.31 2 0.0414637
140.41 1 0.52777
140.41 2 0.0414637
140.51 1 0.52777
140.51 2 0.0414637
140.61 1 0.52777
140.61 2 0.0414637
140.71 1 0.52777
140.71 2 0.0414637
140.81 1 0.52777
140.81 2 0.0414637
140.91 1 0.52777
140.91 2 0.0414637
141.01 1 0.52777
141.01 2 0.0414637
141.11 1 0.52777
141.11 2 0.0414637
141.21 1 0.52777
141.21 2 0.0414637
141.31 1 0.52777
141.31 2 0.0414637
141.41 1 0.52777
141.41 2 0.0414637
141.51 1 0.52777
141.51 2 0.0414637
141.61 1 0.52777
141.61 2 0.0414637
141.71 1 0.52777
141.71 2 0.0414637
141.81 1 0.52777
141.81 2 0.0414637
141.91 1 0.52777
141.91 2 0.0414637
142.01 1 0.52777
142.01 2 0.0414637
142.11 1 0.52777
142.11 2 0.0414637
142.21 1 0.52777
142.21 2 0.0414637
142.31 1 0.52777
142.31 2 0.0414637
142.41 1 0.52777
142.41 2 0.0414637
142.51 1 0.52777
142.51 2 0.0414637
142.61 1 0.52777
142.61 2 0.0414637
142.71 1 0.52777
142.71 2 0.0414637
142.81 1 0.52777
142.81 2 0.0414637
142.91 1 0.52777
142.91 2 0.0414637
143.01 1 0.52777
143.01 2 0.0414637
143.11 1 0.52777
143.11 2 0.0414637
143.21 1 0.52777
143.21 2 0.0414637
143.31 1 0.52777
143.31 2 0.0414637
143.41 1 0.52777
143.41 2 0.0414637
143.51 1 0.52777
143.51 2 0.0414637
143.61 1 0.52777
143.61 2 0.0414637
143.71 1 0.52777
143.71 2 0.0414637
143.81 1 0.52777
143.81 2 0.0414637
143.91 1 0.52777
143.91 2 0.0414637
144.01 1 0.52777
144.01 2 0.0414637
144.11 1 0.52777
144.11 2 0.0414637
144.21 1 0.52777
144.21 2 0.0414637
144.31 1 0.52777
144.31 2 0.0414637
144.41 1 0.52777
144.41 2 0.0414637
144.51 1 0.52777
144.51 2 0.0414637
144.61 1 0.52777
144.61 2 0.0414637
144.71 1 0.52777
144.71 2 0.0414637
144.81 1 0.52777
144.81 2 0.0414637
144.91 1 0.52777
144.91 2 0.0414637
145.01 1 0.52777
145.01 2 0.0414637
145.11 1 0.52777
145.11 2 0.0414637
145.21 1 0.52777
145.21 2 0.0414637
145.31 1 0.52777
145.31 2 0.0414637
145.41 1 0.52777
145.41 2 0.0414637
145.51 1 0.52777
145.51 2 0.0414637
145.61 1 0.52777
145.61 2 0.0414637
145.71 1 0.52777
145.71 2 0.0414637
145.81 1 0.52777
145.81 2 0.0414637
145.91 1 0.52777
145.91 2 0.0414637
146.01 1 0.52777
146.01 2 0.0414637
146.11 1 0.52777
146.11 2 0.0414637
146.21 1 0.52777
146.21 2 0.0414637
146.31 1 0.52777
146.31 2 0.0414637
146.41 1 0.52777
146.41 2 0.0414637
146.51 1 0.52777
146.51 2 0.0414637
146.61 1 0.52777
146.61 2 0.0414637
146.71 1 0.52777
146.71 2 0.0414637
146.81 1 0.52777
146.81 2 0.0414637
146.91 1 0.52777
146.91 2 0.0414637
147.01 1 0.52777
147.01 2 0.0414637
147.11 1 0.52777
147.11 2 0.0414637
147.21 1 0.52777
147.21 2 0.0414637
147.31 1 0.52777
147.31 2 0.0414637
147.41 1 0.52777
147.41 2 0.0414637
147.51 1 0.52777
147.51 2 0.0414637
147.61 1 0.52777
147.61 2 0.0414637
147.71 1 0.52777
147.71 2 0.0414637
147.81 1 0.52777
147.81 2 0.0414637
147.91 1 0.52777
147.91 2 0.0414637
148.01 1 0.52777
148.01 2 0.0414637
148.11 1 0.52777
148.11 2 0.0414637
148.21 1 0.52777
148.21 2 0.0414637
148.31 1 0.52777
148.31 2 0.0414637
148.41 1 0.52777
148.41 2 0.0414637
148.51 1 0.52777
148.51 2 0.0414637
148.61 1 0.52777
148.61 2 0.0414637
148.71 1 0.52777
148.71 2 0.0414637
148.81 1 0.52777
148.81 2 0.0414637
148.91 1 0.52777
148.91 2 0.0414637
149.01 1 0.52777
149.01 2 0.0414637
149.11 1 0.52777
149.11 2 0.0414637
149.21 1 0.52777
149.21 2 0.0414637
149.31 1 0.52777
149.31 2 0.0414637
149.41 1 0.52777
149.41 2 0.0414637
149.51 1 0.52777
149.51 2 0.0414637
149.61 1 0.52777
149.61 2 0.0414637
149.71 1 0.52777
149.71 2 0.0414637
149.81 1 0.52777
149.81 2 0.0414637
149.91 1 0.52777
149.91 2 0.0414637
150.01 1 0.52777
150.01 2 0.0414637
150.11 1 0.52777
150.11 2 0.0414637
150.21 1 0.52777
150.21 2 0.0414637
150.31 1 0.52777
150.31 2 0.0414637
150.41 1 0.52777
150.41 2 0.0414637
150.51 1 0.52777
150.51 2 0.0414637
150.61 1 0.52777
150.61 2 0.0414637
150.71 1 0.52777
150.71 2 0.0414637
150.81 1 0.52777
150.81 2 0.0414637
150.91 1 0.52777
150.91 2 0.0414637
151.01 1 0.52777
151.01 2 0.0414637
151.11 1 0.52777
151.11 2 0.0414637
151.21 1 0.52777
151.21 2 0.0414637
151.31 1 0.52777
151.31 2 0.0414637
151.41 1 0.52777
151.41 2 0.0414637
151.51 1 0.52777
151.51 2 0.0414637
151.61 1 0.52777
151.61 2 0.0414637
151.71 1 0.52777
151.71 2 0.0414637
151.81 1 0.52777
151.81 2 0.0414637
151.91 1 0.52777
151.91 2 0.0414637
152.01 1 0.52777
152.01 2 0.0414637
152.11 1 0.52777
152.11 2 0.0414637
152.21 1 0.52777
152.21 2 0.0414637
152.31 1 0.52777
152.31 2 0.0414637
152.41 1 0.52777
152.41 2 0.0414637
152.51 1 0.52777
152.51 2 0.0414637
152.61 1 0.52777
152.61 2 0.0414637
152.71 1 0.52777
152.71 2 0.0414637
152.81 1 0.52777
152.81 2 0.0414637
152.91 1 0.52777
152.91 2 0.0414637
153.01 1 0.52777
153.01 2 0.0414637
153.11 1 0.52777
153.11 2 0.0414637
153.21 1 0.52777
153.21 2 0.0414637
153.31 1 0.52777
153.31 2 0.0414637
153.41 1 0.52777
153.41 2 0.0414637
153.51 1 0.52777
153.51 2 0.0414637
153.61 1 0.52777
153.61 2 0.0414637
153.71 1 0.52777
153.71 2 0.0414637
153.81 1 0.52777
153.81 2 0.0414637
153.91 1 0.52777
153.91 2 0.0414637
154.01 1 0.52777
154.01 2 0.0414637
154.11 1 0.52777
154.11 2 0.0414637
154.21 1 0.52777
154.21 2 0.0414637
154.31 1 0.52777
154.31 2 0.0414637
154.41 1 0.52777
154.41 2 0.0414637
154.51 1 0.52777
154.51 2 0.0414637
154.61 1 0.52777
154.61 2 0.0414637
154.71 1 0.52777
154.71 2 0.0414637
154.81 1 0.52777
154.81 2 0.0414637
154.91 1 0.52777
154.91 2 0.0414637
155.01 1 0.52777
155.01 2 0.0414637
155.11 1 0.52777
155.11 2 0.0414637
155.21 1 0.52777
155.21 2 0.0414637
155.31 1 0.52777
155.31 2 0.0414637
155.41 1 0.52777
155.41 2 0.0414637
155.51 1 0.52777
155.51 2 0.0414637
155.61 1 0.52777
155.61 2 0.0414637
155.71 1 0.52777
155.71 2 0.0414637
155.81 1 0.52777
155.81 2 0.0414637
155.91 1 0.52777
155.91 2 0.0414637
156.01 1 0.52777
156.01 2 0.0414637
156.11 1 0.52777
156.11 2 0.0414637
156.21 1 0.52777
156.21 2 0.0414637
156.31 1 0.52777
156.31 2 0.0414637
156.41 1 0.52777
156.41 2 0.0414637
156.51 1 0.52777
156.51 2 0.0414637
156.61 1 0.52777
156.61 2 0.0414637
156.71 1 0.52777
156.71 2 0.0414637
156.81 1 0.52777
156.81 2 0.0414637
156.91 1 0.52777
156.91 2 0.0414637
157.01 1 0.52777
157.01 2 0.0414637
157.11 1 0.52777
157.11 2 0.0414637
157.21 1 0.52777
157.21 2 0.0414637
157.31 1 0.52777
157.31 2 0.0414637
157.41 1 0.52777
157.41 2 0.0414637
157.51 1 0.52777
157.51 2 0.0414637
157.61 1 0.52777
157.61 2 0.0414637
157.71 1 0.52777
157.71 2 0.0414637
157.81 1 0.52777
157.81 2 0.0414637
157.91 1 0.52777
157.91 2 0.0414637
158.01 1 0.52777
158.01 2 0.0414637
158.11 1 0.52777
158.11 2 0.0414637
158.21 1 0.52777
158.21 2 0.0414637
158.31 1 0.52777
158.31 2 0.0414637
158.41 1 0.52777
158.41 2 0.0414637
158.51 1 0.52777
158.51 2 0.0414637
158.61 1 0.52777
158.61 2 0.0414637
158.71 1 0.52777
158.71 2 0.0414637
158.81 1 0.52777
158.81 2 0.0414637
158.91 1 0.52777
158.91 2 0.0414637
159.01 1 0.52777
159.01 2 0.0414637
159.11 1 0.52777
159.11 2 0.0414637
159.21 1 0.52777
159.21 2 0.0414637
159.31 1 0.52777
159.31 2 0.0414637
159.41 1 0.52777
159.41 2 0.0414637
159.51 1 0.52777
159.51 2 0.0414637
159.61 1 0.52777
159.61 2 0.0414637
159.71 1 0.52777
159.71 2 0.0414637
159.81 1 0.52777
159.81 2 0.0414637
159.91 1 0.52777
159.91 2 0.0414637
160.01 1 0.52777
160.01 2 0.0414637
160.11 1 0.52777
160.11 2 0.0414637
160.21 1 0.52777
160.21 2 0.0414637
160.31 1 0.52777
160.31 2 0.0414637
160.41 1 0.52777
160.41 2 0.0414637
160.51 1 0.52777
160.51 2 0.0414637
160.61 1 0.52777
160.61 2 0.0414637
160.71 1 0.52777
160.71 2 0.0414637
160.81 1 0.52777
160.81 2 0.0414637
160.91 1 0.52777
160.91 2 0.0414637
161.01 1 0.52777
161.01 2 0.0414637
161.11 1 0.52777
161.11 2 0.0414637
161.21 1 0.52777
161.21 2 0.0414637
161.31 1 0.52777
161.31 2 0.0414637
161.41 1 0.52777
161.41 2 0.0414637
161.51 1 0.52777
161.51 2 0.0414637
161.61 1 0.52777
161.61 2 0.0414637
161.71 1 0.52777
161.71 2 0.0414637
161.81 1 0.52777
161.81 2 0.0414637
161.91 1 0.52777
161.91 2 0.0414637
162.01 1 0.52777
162.01 2 0.0414637
162.11 1 0.52777
162.11 2 0.0414637
162.21 1 0.52777
162.21 2 0.0414637
162.31 1 0.52777
162.31 2 0.0414637
162.41 1 0.52777
162.41 2 0.0414637
162.51 1 0.52777
162.51 2 0.0414637
162.61 1 0.52777
162.61 2 0.0414637
162.71 1 0.52777
162.71 2 0.0414637
162.81 1 0.52777
162.81 2 0.0414637
162.91 1 0.52777
162.91 2 0.0414637
163.01 1 0.52777
163.01 2 0.0414637
163.11 1 0.52777
163.11 2 0.0414637
163.21 1 0.52777
163.21 2 0.0414637
163.31 1 0.52777
163.31 2 0.0414637
163.41 1 0.52777
163.41 2 0.0414637
163.51 1 0.52777
163.51 2 0.0414637
163.61 1 0.52777
163.61 2 0.0414637
163.71 1 0.52777
163.71 2 0.0414637
163.81 1 0.52777
163.81 2 0.0414637
163.91 1 0.52777
163.91 2 0.0414637
164.01 1 0.52777
164.01 2 0.0414637
164.11 1 0.52777
164.11 2 0.0414637
164.21 1 0.52777
164.21 2 0.0414637
164.31 1 0.52777
164.31 2 0.0414637
164.41 1 0.52777
164.41 2 0.0414637
164.51 1 0.52777
164.51 2 0.0414637
164.61 1 0.52777
164.61 2 0.0414637
164.71 1 0.52777
164.71 2 0.0414637
164.81 1 0.52777
164.81 2 0.0414637
164.91 1 0.52777
164.91 2 0.0414637
165.01 1 0.52777
165.01 2 0.0414637
165.11 1 0.52777
165.11 2 0.0414637
165.21 1 0.52777
165.21 2 0.0414637
165.31 1 0.52777
165.31 2 0.0414637
165.41 1 0.52777
165.41 2 0.0414637
165.51 1 0.52777
165.51 2 0.0414637
165.61 1 0.52777
165.61 2 0.0414637
165.71 1 0.52777
165.71 2 0.0414637
165.81 1 0.52777
165.81 2 0.0414637
165.91 1 0.52777
165.91 2 0.0414637
166.01 1 0.52777
166.01 2 0.0414637
166.11 1 0.52777
166.11 2 0.0414637
166.21 1 0.52777
166.21 2 0.0414637
166.31 1 0.52777
166.31 2 0.0414637
166.41 1 0.52777
166.41 2 0.0414637
166.51 1 0.52777
166.51 2 0.0414637
166.61 1 0.52777
166.61 2 0.0414637
166.71 1 0.52777
166.71 2 0.0414637
166.81 1 0.52777
166.81 2 0.0414637
166.91 1 0.52777
166.91 2 0.0414637
167.01 1 0.52777
167.01 2 0.0414637
167.11 1 0.52777
167.11 2 0.0414637
167.21 1 0.52777
167.21 2 0.0414637
167.31 1 0.52777
167.31 2 0.0414637
167.41 1 0.52777
167.41 2 0.0414637
167.51 1 0.52777
167.51 2 0.0414637
167.61 1 0.52777
167.61 2 0.0414637
167.71 1 0.52777
167.71 2 0.0414637
167.81 1 0.52777
167.81 2 0.0414637
167.91 1 0.52777
167.91 2 0.0414637
168.01 1 0.52777
168.01 2 0.0414637
168.11 1 0.52777
168.11 2 0.0414637
168.21 1 0.52777
168.21 2 0.0414637
168.31 1 0.52777
168.31 2 0.0414637
168.41 1 0.52777
168.41 2 0.0414637
168.51 1 0.52777
168.51 2 0.0414637
168.61 1 0.52777
168.61 2 0.0414637
168.71 1 0.52777
168.71 2 0.0414637
168.81 1 0.52777
168.81 2 0.0414637
168.91 1 0.52777
168.91 2 0.0414637
169.01 1 0.52777
169.01 2 0.0414637
169.11 1 0.52777
169.11 2 0.0414637
169.21 1 0.52777
169.21 2 0.0414637
169.31 1 0.52777
169.31 2 0.0414637
169.41 1 0.52777
169.41 2 0.0414637
169.51 1 0.52777
169.51 2 0.0414637
169.61 1 0.52777
169.61 2 0.0414637
169.71 1 0.52777
169.71 2 0.0414637
169.81 1 0.52777
169.81 2 0.0414637
169.91 1 0.52777
169.91 2 0.0414637
170.01 1 0.52777
170.01 2 0.0414637
170.11 1 0.52777
170.11 2 0.0414637
170.21 1 0.52777
170.21 2 0.0414637
170.31 1 0.52777
170.31 2 0.0414637
170.41 1 0.52777
170.41 2 0.0414637
170.51 1 0.52777
170.51 2 0.0414637
170.61 1 0.52777
170.61 2 0.0414637
170.71 1 0.52777
170.71 2 0.0414637
170.81 1 0.52777
170.81 2 0.0414637
170.91 1 0.52777
170.91 2 0.0414637
171.01 1 0.52777
171.01 2 0.0414637
171.11 1 0.52777
171.11 2 0.0414637
171.21 1 0.52777
171.21 2 0.0414637
171.31 1 0.52777
171.31 2 0.0414637
171.41 1 0.52777
171.41 2 0.0414637
171.51 1 0.52777
171.51 2 0.0414637
171.61 1 0.52777
171.61 2 0.0414637
171.71 1 0.52777
171.71 2 0.0414637
171.81 1 0.52777
171.81 2 0.0414637
171.91 1 0.52777
171.91 2 0.0414637
172.01 1 0.52777
172.01 2 0.0414637
172.11 1 0.52777
172.11 2 0.0414637
172.21 1 0.52777
172.21 2 0.0414637
172.31 1 0.52777
172.31 2 0.0414637
172.41 1 0.52777
172.41 2 0.0414637
172.51 1 0.52777
172.51 2 0.0414637
172.61 1 0.52777
172.61 2 0.0414637
172.71 1 0.52777
172.71 2 0.0414637
172.81 1 0.52777
172.81 2 0.0414637
172.91 1 0.52777
172.91 2 0.0414637
173.01 1 0.52777
173.01 2 0.0414637
173.11 1 0.52777
173.11 2 0.0414637
173.21 1 0.52777
173.21 2 0.0414637
173.31 1 0.52777
173.31 2 0.0414637
173.41 1 0.52777
173.41 2 0.0414637
173.51 1 0.52777
173.51 2 0.0414637
173.61 1 0.52777
173.61 2 0.0414637
173.71 1 0.52777
173.71 2 0.0414637
173.81 1 0.52777
173.81 2 0.0414637
173.91 1 0.52777
173.91 2 0.0414637
174.01 1 0.52777
174.01 2 0.0414637
174.11 1 0.52777
174.11 2 0.0414637
174.21 1 0.52777
174.21 2 0.0414637
174.31 1 0.52777
174.31 2 0.0414637
174.41 1 0.52777
174.41 2 0.0414637
174.51 1 0.52777
174.51 2 0.0414637
174.61 1 0.52777
174.61 2 0.0414637
174.71 1 0.52777
174.71 2 0.0414637
174.81 1 0.52777
174.81 2 0.0414637
174.91 1 0.52777
174.91 2 0.0414637
175.01 1 0.52777
175.01 2 0.0414637
175.11 1 0.52777
175.11 2 0.0414637
175.21 1 0.52777
175.21 2 0.0414637
175.31 1 0.52777
175.31 2 0.0414637
175.41 1 0.52777
175.41 2 0.0414637
175.51 1 0.52777
175.51 2 0.0414637
175.61 1 0.52777
175.61 2 0.0414637
175.71 1 0.52777
175.71 2 0.0414637
175.81 1 0.52777
175.81 2 0.0414637
175.91 1 0.52777
175.91 2 0.0414637
176.01 1 0.52777
176.01 2 0.0414637
176.11 1 0.52777
176.11 2 0.0414637
176.21 1 0.52777
176.21 2 0.0414637
176.31 1 0.52777
176.31 2 0.0414637
176.41 1 0.52777
176.41 2 0.0414637
176.51 1 0.52777
176.51 2 0.0414637
176.61 1 0.52777
176.61 2 0.0414637
176.71 1 0.52777
176.71 2 0.0414637
176.81 1 0.52777
176.81 2 0.0414637
176.91 1 0.52777
176.91 2 0.0414637
177.01 1 0.52777
177.01 2 0.0414637
177.11 1 0.52777
177.11 2 0.0414637
177.21 1 0.52777
177.21 2 0.0414637
177.31 1 0.52777
177.31 2 0.0414637
177.41 1 0.52777
177.41 2 0.0414637
177.51 1 0.52777
177.51 2 0.0414637
177.61 1 0.52777
177.61 2 0.0414637
177.71 1 0.52777
177.71 2 0.0414637
177.81 1 0.52777
177.81 2 0.0414637
177.91 1 0.52777
177.91 2 0.0414637
178.01 1 0.52777
178.01 2 0.0414637
178.11 1 0.52777
178.11 2 0.0414637
178.21 1 0.52777
178.21 2 0.0414637
178.31 1 0.52777
178.31 2 0.0414637
178.41 1 0.52777
178.41 2 0.0414637
178.51 1 0.52777
178.51 2 0.0414637
178.61 1 0.52777
178.61 2 0.0414637
178.71 1 0.52777
178.71 2 0.0414637
178.81 1 0.52777
178.81 2 0.0414637
178.91 1 0.52777
178.91 2 0.0414637
179.01 1 0.52777
179.01 2 0.0414637
179.11 1 0.52777
179.11 2 0.0414637
179.21 1 0.52777
179.21 2 0.0414637
179.31 1 0.52777
179.31 2 0.0414637
179.41 1 0.52777
179.41 2 0.0414637
179.51 1 0.52777
179.51 2 0.0414637
179.61 1 0.52777
179.61 2 0.0414637
179.71 1 0.52777
179.71 2 0.0414637
179.81 1 0.52777
179.81 2 0.0414637
179.91 1 0.52777
179.91 2 0.0414637
180.01 1 0.52777
180.01 2 0.0414637
180.11 1 0.52777
180.11 2 0.0414637
180.21 1 0.52777
180.21 2 0.0414637
180.31 1 0.52777
180.31 2 0.0414637
180.41 1 0.52777
180.41 2 0.0414637
180.51 1 0.52777
180.51 2 0.0414637
180.61 1 0.52777
180.61 2 0.0414637
180.71 1 0.52777
180.71 2 0.0414637
180.81 1 0.52777
180.81 2 0.0414637
180.91 1 0.52777
180.91 2 0.0414637
181.01 1 0.52777
181.01 2 0.0414637
181.11 1 0.52777
181.11 2 0.0414637
181.21 1 0.52777
181.21 2 0.0414637
181.31 1 0.52777
181.31 2 0.0414637
181.41 1 0.52777
181.41 2 0.0414637
181.51 1 0.52777
181.51 2 0.0414637
181.61 1 0.52777
181.61 2 0.0414637
181.71 1 0.52777
181.71 2 0.0414637
181.81 1 0.52777
181.81 2 0.0414637
181.91 1 0.52777
181.91 2 0.0414637
182.01 1 0.52777
182.01 2 0.0414637
182.11 1 0.52777
182.11 2 0.0414637
182.21 1 0.52777
182.21 2 0.0414637
182.31 1 0.52777
182.31 2 0.0414637
182.41 1 0.52777
182.41 2 0.0414637
182.51 1 0.52777
182.51 2 0.0414637
182.61 1 0.52777
182.61 2 0.0414637
182.71 1 0.52777
182.71 2 0.0414637
182.81 1 0.52777
182.81 2 0.0414637
182.91 1 0.52777
182.91 2 0.0414637
183.01 1 0.52777
183.01 2 0.0414637
183.11 1 0.52777
183.11 2 0.0414637
183.21 1 0.52777
183.21 2 0.0414637
183.31 1 0.52777
183.31 2 0.0414637
183.41 1 0.52777
183.41 2 0.0414637
183.51 1 0.52777
183.51 2 0.0414637
183.61 1 0.52777
183.61 2 0.0414637
183.71 1 0.52777
183.71 2 0.0414637
183.81 1 0.52777
183.81 2 0.0414637
183.91 1 0.52777
183.91 2 0.0414637
184.01 1 0.52777
184.01 2 0.0414637
184.11 1 0.52777
184.11 2 0.0414637
184.21 1 0.52777
184.21 2 0.0414637
184.31 1 0.52777
184.31 2 0.0414637
184.41 1 0.52777
184.41 2 0.0414637
184.51 1 0.52777
184.51 2 0.0414637
184.61 1 0.52777
184.61 2 0.0414637
184.71 1 0.52777
184.71 2 0.0414637
184.81 1 0.52777
184.81 2 0.0414637
184.91 1 0.52777
184.91 2 0.0414637
185.01 1 0.52777
185.01 2 0.0414637
185.11 1 0.52777
185.11 2 0.0414637
185.21 1 0.52777
185.21 2 0.0414637
185.31 1 0.52777
185.31 2 0.0414637
185.41 1 0.52777
185.41 2 0.0414637
185.51 1 0.52777
185.51 2 0.0414637
185.61 1 0.52777
185.61 2 0.0414637
185.71 1 0.52777
185.71 2 0.0414637
185.81 1 0.52777
185.81 2 0.0414637
185.91 1 0.52777
185.91 2 0.0414637
186.01 1 0.52777
186.01 2 0.0414637
186.11 1 0.52777
186.11 2 0.0414637
186.21 1 0.52777
186.21 2 0.0414637
186.31 1 0.52777
186.31 2 0.0414637
186.41 1 0.52777
186.41 2 0.0414637
186.51 1 0.52777
186.51 2 0.0414637
186.61 1 0.52777
186.61 2 0.0414637
186.71 1 0.52777
186.71 2 0.0414637
186.81 1 0.52777
186.81 2 0.0414637
186.91 1 0.52777
186.91 2 0.0414637
187.01 1 0.52777
187.01 2 0.0414637
187.11 1 0.52777
187.11 2 0.0414637
187.21 1 0.52777
187.21 2 0.0414637
187.31 1 0.52777
187.31 2 0.0414637
187.41 1 0.52777
187.41 2 0.0414637
187.51 1 0.52777
187.51 2 0.0414637
187.61 1 0.52777
187.61 2 0.0414637
187.71 1 0.52777
187.71 2 0.0414637
187.81 1 0.52777
187.81 2 0.0414637
187.91 1 0.52777
187.91 2 0.0414637
188.01 1 0.52777
188.01 2 0.0414637
188.11 1 0.52777
188.11 2 0.0414637
188.21 1 0.52777
188.21 2 0.0414637
188.31 1 0.52777
188.31 2 0.0414637
188.41 1 0.52777
188.41 2 0.0414637
188.51 1 0.52777
188.51 2 0.0414637
188.61 1 0.52777
188.61 2 0.0414637
188.71 1 0.52777
188.71 2 0.0414637
188.81 1 0.52777
188.81 2 0.0414637
188.91 1 0.52777
188.91 2 0.0414637
189.01 1 0.52777
189.01 2 0.0414637
189.11 1 0.52777
189.11 2 0.0414637
189.21 1 0.52777
189.21 2 0.0414637
189.31 1 0.52777
189.31 2 0.0414637
189.41 1 0.52777
189.41 2 0.0414637
189.51 1 0.52777
189.51 2 0.0414637
189.61 1 0.52777
189.61 2 0.0414637
189.71 1 0.52777
189.71 2 0.0414637
189.81 1 0.52777
189.81 2 0.0414637
189.91 1 0.52777
189.91 2 0.0414637
190.01 1 0.52777
190.01 2 0.0414637
190.11 1 0.52777
190.11 2 0.0414637
190.21 1 0.52777
190.21 2 0.0414637
190.31 1 0.52777
190.31 2 0.0414637
190.41 1 0.52777
190.41 2 0.0414637
190.51 1 0.52777
190.51 2 0.0414637
190.61 1 0.52777
190.61 2 0.0414637
190.71 1 0.52777
190.71 2 0.0414637
190.81 1 0.52777
190.81 2 0.0414637
190.91 1 0.52777
190.91 2 0.0414637
191.01 1 0.52777
191.01 2 0.0414637
191.11 1 0.52777
191.11 2 0.0414637
191.21 1 0.52777
191.21 2 0.0414637
191.31 1 0.52777
191.31 2 0.0414637
191.41 1 0.52777
191.41 2 0.0414637
191.51 1 0.52777
191.51 2 0.0414637
191.61 1 0.52777
191.61 2 0.0414637
191.71 1 0.52777
191.71 2 0.0414637
191.81 1 0.52777
191.81 2 0.0414637
191.91 1 0.52777
191.91 2 0.0414637
192.01 1 0.52777
192.01 2 0.0414637
192.11 1 0.52777
192.11 2 0.0414637
192.21 1 0.52777
192.21 2 0.0414637
192.31 1 0.52777
192.31 2 0.0414637
192.41 1 0.52777
192.41 2 0.0414637
192.51 1 0.52777
192.51 2 0.0414637
192.61 1 0.52777
192.61 2 0.0414637
192.71 1 0.52777
192.71 2 0.0414637
192.81 1 0.52777
192.81 2 0.0414637
192.91 1 0.52777
192.91 2 0.0414637
193.01 1 0.52777
193.01 2 0.0414637
193.11 1 0.52777
193.11 2 0.0414637
193.21 1 0.52777
193.21 2 0.0414637
193.31 1 0.52777
193.31 2 0.0414637
193.41 1 0.52777
193.41 2 0.0414637
193.51 1 0.52777
193.51 2 0.0414637
193.61 1 0.52777
193.61 2 0.0414637
193.71 1 0.52777
193.71 2 0.0414637
193.81 1 0.52777
193.81 2 0.0414637
193.91 1 0.52777
193.91 2 0.0414637
194.01 1 0.52777
194.01 2 0.0414637
194.11 1 0.52777
194.11 2 0.0414637
194.21 1 0.52777
194.21 2 0.0414637
194.31 1 0.52777
194.31 2 0.0414637
194.41 1 0.52777
194.41 2 0.0414637
194.51 1 0.52777
194.51 2 0.0414637
194.61 1 0.52777
194.61 2 0.0414637
194.71 1 0.52777
194.71 2 0.0414637
194.81 1 0.52777
194.81 2 0.0414637
194.91 1 0.52777
194.91 2 0.0414637
195.01 1 0.52777
195.01 2 0.0414637
195.11 1 0.52777
195.11 2 0.0414637
195.21 1 0.52777
195.21 2 0.0414637
195.31 1 0.52777
195.31 2 0.0414637
195.41 1 0.52777
195.41 2 0.0414637
195.51 1 0.52777
195.51 2 0.0414637
195.61 1 0.52777
195.61 2 0.0414637
195.71 1 0.52777
195.71 2 0.0414637
195.81 1 0.52777
195.81 2 0.0414637
195.91 1 0.52777
195.91 2 0.0414637
196.01 1 0.52777
196.01 2 0.0414637
196.11 1 0.52777
196.11 2 0.0414637
196.21 1 0.52777
196.21 2 0.0414637
196.31 1 0.52777
196.31 2 0.0414637
196.41 1 0.52777
196.41 2 0.0414637
196.51 1 0.52777
196.51 2 0.0414637
196.61 1 0.52777
196.61 2 0.0414637
196.71 1 0.52777
196.71 2 0.0414637
196.81 1 0.52777
196.81 2 0.0414637
196.91 1 0.52777
196.91 2 0.0414637
197.01 1 0.52777
197.01 2 0.0414637
197.11 1 0.52777
197.11 2 0.0414637
197.21 1 0.52777
197.21 2 0.0414637
197.31 1 0.52777
197.31 2 0.0414637
197.41 1 0.52777
197.41 2 0.0414637
197.51 1 0.52777
197.51 2 0.0414637
197.61 1 0.52777
197.61 2 0.0414637
197.71 1 0.52777
197.71 2 0.0414637
197.81 1 0.52777
197.81 2 0.0414637
197.91 1 0.52777
197.91 2 0.0414637
198.01 1 0.52777
198.01 2 0.0414637
198.11 1 0.52777
198.11 2 0.0414637
198.21 1 0.52777
198.21 2 0.0414637
198.31 1 0.52777
198.31 2 0.0414637
198.41 1 0.52777
198.41 2 0.0414637
198.51 1 0.52777
198.51 2 0.0414637
198.61 1 0.52777
198.61 2 0.0414637
198.71 1 0.52777
198.71 2 0.0414637
198.81 1 0.52777
198.81 2 0.0414637
198.91 1 0.52777
198.91 2 0.0414637
199.01 1 0.52777
199.01 2 0.0414637
199.11 1 0.52777
199.11 2 0.0414637
199.21 1 0.52777
199.21 2 0.0414637
199.31 1 0.52777
199.31 2 0.0414637
199.41 1 0.52777
199.41 2 0.0414637
199.51 1 0.52777
199.51 2 0.0414637
199.61 1 0.52777
199.61 2 0.0414637
199.71 1 0.52777
199.71 2 0.0414637
199.81 1 0.52777
199.81 2 0.0414637
199.91 1 0.52777
199.91 2 0.0414637
200.01 1 0.52777
200.01 2 0.0414637
200.11 1 0.52777
200.11 2 0.0414637
200.21 1 0.52777
200.21 2 0.0414637
200.31 1 0.52777
200.31 2 0.0414637
200.41 1 0.52777
200.41 2 0.0414637
200.51 1 0.52777
200.51 2 0.0414637
200.61 1 0.52777
200.61 2 0.0414637
200.71 1 0.52777
200.71 2 0.0414637
200.81 1 0.52777
200.81 2 0.0414637
200.91 1 0.52777
200.91 2 0.0414637
