0.010001 1 -0
0.110001 1 -0
0.210001 1 0.00418502
0.210001 2 -0
0.310001 1 0.00418502
0.310001 2 0.00418502
0.410001 1 0.154869
0.410001 2 0.00418502
0.510001 1 0.154869
0.510001 2 0.00662712
0.610001 1 0.209897
0.610001 2 0.00662712
0.710001 1 0.242932
0.710001 2 0.00909476
0.810001 1 0.271473
0.810001 2 0.0122056
0.910001 1 0.276135
0.910001 2 0.0155056
1.01 1 0.228721
1.01 2 0.0157434
1.11 1 0.283925
1.11 2 0.0157434
1.21 1 0.293714
1.21 2 0.0138334
1.31 1 0.30164
1.31 2 0.0141952
1.41 1 0.317453
1.41 2 0.0152624
1.51 1 0.327486
1.51 2 0.0168296
1.61 1 0.327486
1.61 2 0.0189057
1.71 1 0.298005
1.71 2 0.0189057
1.81 1 0.300096
1.81 2 0.0171138
1.91 1 0.274745
1.91 2 0.0171138
2.01 1 0.297988
2.01 2 0.0156216
2.11 1 0.291969
2.11 2 0.0182699
2.21 1 0.301404
2.21 2 0.0184487
2.31 1 0.301404
2.31 2 0.01918
2.41 1 0.300563
2.41 2 0.01918
2.51 1 0.300563
2.51 2 0.0182883
2.61 1 0.305241
2.61 2 0.0182883
2.71 1 0.313203
2.71 2 0.0177148
2.81 1 0.315993
2.81 2 0.0178818
2.91 1 0.326783
2.91 2 0.0174738
3.01 1 0.329067
3.01 2 0.0184825
3.11 1 0.332662
3.11 2 0.0190871
3.21 1 0.332662
3.21 2 0.0194548
3.31 1 0.3287
3.31 2 0.0194548
3.41 1 0.337658
3.41 2 0.0195073
3.51 1 0.33709
3.51 2 0.0203654
3.61 1 0.33709
3.61 2 0.0204019
3.71 1 0.32805
3.71 2 0.0204019
3.81 1 0.338667
3.81 2 0.0195457
3.91 1 0.338975
3.91 2 0.0197377
4.01 1 0.346792
4.01 2 0.0195343
4.11 1 0.34686
4.11 2 0.0202635
4.21 1 0.347368
4.21 2 0.0204972
4.31 1 0.347368
4.31 2 0.0210105
4.41 1 0.34647
4.41 2 0.0210105
4.51 1 0.34647
4.51 2 0.0205059
4.61 1 0.34032
4.61 2 0.0205059
4.71 1 0.349359
4.71 2 0.0203555
4.81 1 0.347863
4.81 2 0.0212267
4.91 1 0.344629
4.91 2 0.0211538
5.01 1 0.347319
5.01 2 0.0209294
5.11 1 0.343605
5.11 2 0.0209486
5.21 1 0.343605
5.21 2 0.0209486
5.31 1 0.343605
5.31 2 0.0209486
5.41 1 0.327352
5.41 2 0.0209486
5.51 1 0.327352
5.51 2 0.0209486
5.61 1 0.327352
5.61 2 0.0209486
5.71 1 0.327352
5.71 2 0.0209486
5.81 1 0.327352
5.81 2 0.0209486
5.91 1 0.298345
5.91 2 0.0209486
6.01 1 0.298345
6.01 2 0.0209486
6.11 1 0.298345
6.11 2 0.0209486
6.21 1 0.298345
6.21 2 0.0209486
6.31 1 0.298345
6.31 2 0.0209486
6.41 1 0.298345
6.41 2 0.0209486
6.51 1 0.298345
6.51 2 0.0209486
6.61 1 0.298345
6.61 2 0.0209486
6.71 1 0.298345
6.71 2 0.0209486
6.81 1 0.298345
6.81 2 0.0209486
6.91 1 0.298345
6.91 2 0.0209486
7.01 1 0.252985
7.01 2 0.0209486
7.11 1 0.252985
7.11 2 0.0209486
7.21 1 0.252985
7.21 2 0.0209486
7.31 1 0.252985
7.31 2 0.0209486
7.41 1 0.252985
7.41 2 0.0209486
7.51 1 0.252985
7.51 2 0.0209486
7.61 1 0.252985
7.61 2 0.0209486
7.71 1 0.252985
7.71 2 0.0209486
7.81 1 0.252985
7.81 2 0.0209486
7.91 1 0.252985
7.91 2 0.0209486
8.01 1 0.252985
8.01 2 0.0209486
8.11 1 0.252985
8.11 2 0.0209486
8.21 1 0.252985
8.21 2 0.0209486
8.31 1 0.252985
8.31 2 0.0209486
8.41 1 0.252985
8.41 2 0.0209486
8.51 1 0.252985
8.51 2 0.0209486
8.61 1 0.252985
8.61 2 0.0209486
8.71 1 0.252985
8.71 2 0.0209486
8.81 1 0.252985
8.81 2 0.0209486
8.91 1 0.252985
8.91 2 0.0209486
9.01 1 0.252985
9.01 2 0.0209486
9.11 1 0.193808
9.11 2 0.0209486
9.21 1 0.193808
9.21 2 0.0209486
9.31 1 0.193808
9.31 2 0.0209486
9.41 1 0.193808
9.41 2 0.0209486
9.51 1 0.193808
9.51 2 0.0209486
9.61 1 0.193808
9.61 2 0.0209486
9.71 1 0.193808
9.71 2 0.0209486
9.81 1 0.193808
9.81 2 0.0209486
9.91 1 0.193808
9.91 2 0.0209486
10.01 1 0.193808
10.01 2 0.0209486
10.11 1 0.193808
10.11 2 0.0209486
10.21 1 0.193808
10.21 2 0.0209486
10.31 1 0.193808
10.31 2 0.0209486
10.41 1 0.193808
10.41 2 0.0209486
10.51 1 0.193808
10.51 2 0.0209486
10.61 1 0.193808
10.61 2 0.0209486
10.71 1 0.193808
10.71 2 0.0209486
10.81 1 0.193808
10.81 2 0.0209486
10.91 1 0.193808
10.91 2 0.0209486
11.01 1 0.193808
11.01 2 0.0209486
11.11 1 0.193808
11.11 2 0.0209486
11.21 1 0.193808
11.21 2 0.0209486
11.31 1 0.193808
11.31 2 0.0209486
11.41 1 0.193808
11.41 2 0.0209486
11.51 1 0.193808
11.51 2 0.0209486
11.61 1 0.193808
11.61 2 0.0209486
11.71 1 0.193808
11.71 2 0.0209486
11.81 1 0.193808
11.81 2 0.0209486
11.91 1 0.193808
11.91 2 0.0209486
12.01 1 0.193808
12.01 2 0.0209486
12.11 1 0.193808
12.11 2 0.0209486
12.21 1 0.193808
12.21 2 0.0209486
12.31 1 0.193808
12.31 2 0.0209486
12.41 1 0.193808
12.41 2 0.0209486
12.51 1 0.193808
12.51 2 0.0209486
12.61 1 0.193808
12.61 2 0.0209486
12.71 1 0.193808
12.71 2 0.0209486
12.81 1 0.193808
12.81 2 0.0209486
12.91 1 0.193808
12.91 2 0.0209486
13.01 1 0.193808
13.01 2 0.0209486
13.11 1 0.193808
13.11 2 0.0209486
13.21 1 0.193808
13.21 2 0.0209486
13.31 1 0.193808
13.31 2 0.0209486
13.41 1 0.132019
13.41 2 0.0209486
13.51 1 0.132019
13.51 2 0.0209486
13.61 1 0.132019
13.61 2 0.0209486
13.71 1 0.132019
13.71 2 0.0209486
13.81 1 0.132019
13.81 2 0.0209486
13.91 1 0.132019
13.91 2 0.0209486
14.01 1 0.132019
14.01 2 0.0209486
14.11 1 0.132019
14.11 2 0.0209486
14.21 1 0.132019
14.21 2 0.0209486
14.31 1 0.132019
14.31 2 0.0209486
14.41 1 0.132019
14.41 2 0.0209486
14.51 1 0.132019
14.51 2 0.0209486
14.61 1 0.132019
14.61 2 0.0209486
14.71 1 0.132019
14.71 2 0.0209486
14.81 1 0.132019
14.81 2 0.0209486
14.91 1 0.132019
14.91 2 0.0209486
15.01 1 0.132019
15.01 2 0.0209486
15.11 1 0.132019
15.11 2 0.0209486
15.21 1 0.132019
15.21 2 0.0209486
15.31 1 0.132019
15.31 2 0.0209486
15.41 1 0.132019
15.41 2 0.0209486
15.51 1 0.132019
15.51 2 0.0209486
15.61 1 0.132019
15.61 2 0.0209486
15.71 1 0.132019
15.71 2 0.0209486
15.81 1 0.132019
15.81 2 0.0209486
15.91 1 0.132019
15.91 2 0.0209486
16.01 1 0.132019
16.01 2 0.0209486
16.11 1 0.132019
16.11 2 0.0209486
16.21 1 0.132019
16.21 2 0.0209486
16.31 1 0.132019
16.31 2 0.0209486
16.41 1 0.132019
16.41 2 0.0209486
16.51 1 0.132019
16.51 2 0.0209486
16.61 1 0.132019
16.61 2 0.0209486
16.71 1 0.132019
16.71 2 0.0209486
16.81 1 0.132019
16.81 2 0.0209486
16.91 1 0.132019
16.91 2 0.0209486
17.01 1 0.132019
17.01 2 0.0209486
17.11 1 0.132019
17.11 2 0.0209486
17.21 1 0.132019
17.21 2 0.0209486
17.31 1 0.132019
17.31 2 0.0209486
17.41 1 0.132019
17.41 2 0.0209486
17.51 1 0.132019
17.51 2 0.0209486
17.61 1 0.132019
17.61 2 0.0209486
17.71 1 0.132019
17.71 2 0.0209486
17.81 1 0.132019
17.81 2 0.0209486
17.91 1 0.132019
17.91 2 0.0209486
18.01 1 0.132019
18.01 2 0.0209486
18.11 1 0.132019
18.11 2 0.0209486
18.21 1 0.132019
18.21 2 0.0209486
18.31 1 0.132019
18.31 2 0.0209486
18.41 1 0.132019
18.41 2 0.0209486
18.51 1 0.132019
18.51 2 0.0209486
18.61 1 0.132019
18.61 2 0.0209486
18.71 1 0.132019
18.71 2 0.0209486
18.81 1 0.132019
18.81 2 0.0209486
18.91 1 0.132019
18.91 2 0.0209486
19.01 1 0.132019
19.01 2 0.0209486
19.11 1 0.132019
19.11 2 0.0209486
19.21 1 0.132019
19.21 2 0.0209486
19.31 1 0.132019
19.31 2 0.0209486
19.41 1 0.132019
19.41 2 0.0209486
19.51 1 0.132019
19.51 2 0.0209486
19.61 1 0.132019
19.61 2 0.0209486
19.71 1 0.132019
19.71 2 0.0209486
19.81 1 0.132019
19.81 2 0.0209486
19.91 1 0.132019
19.91 2 0.0209486
20.01 1 0.132019
20.01 2 0.0209486
20.11 1 0.132019
20.11 2 0.0209486
20.21 1 0.132019
20.21 2 0.0209486
20.31 1 0.132019
20.31 2 0.0209486
20.41 1 0.132019
20.41 2 0.0209486
20.51 1 0.132019
20.51 2 0.0209486
20.61 1 0.132019
20.61 2 0.0209486
20.71 1 0.132019
20.71 2 0.0209486
20.81 1 0.132019
20.81 2 0.0209486
20.91 1 0.132019
20.91 2 0.0209486
21.01 1 0.132019
21.01 2 0.0209486
21.11 1 0.132019
21.11 2 0.0209486
21.21 1 0.132019
21.21 2 0.0209486
21.31 1 0.132019
21.31 2 0.0209486
21.41 1 0.132019
21.41 2 0.0209486
21.51 1 0.132019
21.51 2 0.0209486
21.61 1 0.132019
21.61 2 0.0209486
21.71 1 0.132019
21.71 2 0.0209486
21.81 1 0.132019
21.81 2 0.0209486
21.91 1 0.132019
21.91 2 0.0209486
22.01 1 0.0806588
22.01 2 0.0209486
22.11 1 0.0806588
22.11 2 0.0209486
22.21 1 0.0806588
22.21 2 0.0209486
22.31 1 0.0806588
22.31 2 0.0209486
22.41 1 0.0806588
22.41 2 0.0209486
22.51 1 0.0806588
22.51 2 0.0209486
22.61 1 0.0806588
22.61 2 0.0209486
22.71 1 0.0806588
22.71 2 0.0209486
22.81 1 0.0806588
22.81 2 0.0209486
22.91 1 0.0806588
22.91 2 0.0209486
23.01 1 0.0806588
23.01 2 0.0209486
23.11 1 0.0806588
23.11 2 0.0209486
23.21 1 0.0806588
23.21 2 0.0209486
23.31 1 0.0806588
23.31 2 0.0209486
23.41 1 0.0806588
23.41 2 0.0209486
23.51 1 0.0806588
23.51 2 0.0209486
23.61 1 0.0806588
23.61 2 0.0209486
23.71 1 0.0806588
23.71 2 0.0209486
23.81 1 0.0806588
23.81 2 0.0209486
23.91 1 0.0806588
23.91 2 0.0209486
24.01 1 0.0806588
24.01 2 0.0209486
24.11 1 0.0806588
24.11 2 0.0209486
24.21 1 0.0806588
24.21 2 0.0209486
24.31 1 0.0806588
24.31 2 0.0209486
24.41 1 0.0806588
24.41 2 0.0209486
24.51 1 0.0806588
24.51 2 0.0209486
24.61 1 0.0806588
24.61 2 0.0209486
24.71 1 0.0806588
24.71 2 0.0209486
24.81 1 0.0806588
24.81 2 0.0209486
24.91 1 0.0806588
24.91 2 0.0209486
25.01 1 0.0806588
25.01 2 0.0209486
25.11 1 0.0806588
25.11 2 0.0209486
25.21 1 0.0806588
25.21 2 0.0209486
25.31 1 0.0806588
25.31 2 0.0209486
25.41 1 0.0806588
25.41 2 0.0209486
25.51 1 0.0806588
25.51 2 0.0209486
25.61 1 0.0806588
25.61 2 0.0209486
25.71 1 0.0806588
25.71 2 0.0209486
25.81 1 0.0806588
25.81 2 0.0209486
25.91 1 0.0806588
25.91 2 0.0209486
26.01 1 0.0806588
26.01 2 0.0209486
26.11 1 0.0806588
26.11 2 0.0209486
26.21 1 0.0806588
26.21 2 0.0209486
26.31 1 0.0806588
26.31 2 0.0209486
26.41 1 0.0806588
26.41 2 0.0209486
26.51 1 0.0806588
26.51 2 0.0209486
26.61 1 0.0806588
26.61 2 0.0209486
26.71 1 0.0806588
26.71 2 0.0209486
26.81 1 0.0806588
26.81 2 0.0209486
26.91 1 0.0806588
26.91 2 0.0209486
27.01 1 0.0806588
27.01 2 0.0209486
27.11 1 0.0806588
27.11 2 0.0209486
27.21 1 0.0806588
27.21 2 0.0209486
27.31 1 0.0806588
27.31 2 0.0209486
27.41 1 0.0806588
27.41 2 0.0209486
27.51 1 0.0806588
27.51 2 0.0209486
27.61 1 0.0806588
27.61 2 0.0209486
27.71 1 0.0806588
27.71 2 0.0209486
27.81 1 0.0806588
27.81 2 0.0209486
27.91 1 0.0806588
27.91 2 0.0209486
28.01 1 0.0806588
28.01 2 0.0209486
28.11 1 0.0806588
28.11 2 0.0209486
28.21 1 0.0806588
28.21 2 0.0209486
28.31 1 0.0806588
28.31 2 0.0209486
28.41 1 0.0806588
28.41 2 0.0209486
28.51 1 0.0806588
28.51 2 0.0209486
28.61 1 0.0806588
28.61 2 0.0209486
28.71 1 0.0806588
28.71 2 0.0209486
28.81 1 0.0806588
28.81 2 0.0209486
28.91 1 0.0806588
28.91 2 0.0209486
29.01 1 0.0806588
29.01 2 0.0209486
29.11 1 0.0806588
29.11 2 0.0209486
29.21 1 0.0806588
29.21 2 0.0209486
29.31 1 0.0806588
29.31 2 0.0209486
29.41 1 0.0806588
29.41 2 0.0209486
29.51 1 0.0806588
29.51 2 0.0209486
29.61 1 0.0806588
29.61 2 0.0209486
29.71 1 0.0806588
29.71 2 0.0209486
29.81 1 0.0806588
29.81 2 0.0209486
29.91 1 0.0806588
29.91 2 0.0209486
30.01 1 0.0806588
30.01 2 0.0209486
30.11 1 0.0806588
30.11 2 0.0209486
30.21 1 0.0806588
30.21 2 0.0209486
30.31 1 0.0806588
30.31 2 0.0209486
30.41 1 0.0806588
30.41 2 0.0209486
30.51 1 0.0806588
30.51 2 0.0209486
30.61 1 0.0806588
30.61 2 0.0209486
30.71 1 0.0806588
30.71 2 0.0209486
30.81 1 0.0806588
30.81 2 0.0209486
30.91 1 0.0806588
30.91 2 0.0209486
31.01 1 0.0806588
31.01 2 0.0209486
31.11 1 0.0806588
31.11 2 0.0209486
31.21 1 0.0806588
31.21 2 0.0209486
31.31 1 0.0806588
31.31 2 0.0209486
31.41 1 0.0806588
31.41 2 0.0209486
31.51 1 0.0806588
31.51 2 0.0209486
31.61 1 0.0806588
31.61 2 0.0209486
31.71 1 0.0806588
31.71 2 0.0209486
31.81 1 0.0806588
31.81 2 0.0209486
31.91 1 0.0806588
31.91 2 0.0209486
32.01 1 0.0806588
32.01 2 0.0209486
32.11 1 0.0806588
32.11 2 0.0209486
32.21 1 0.0806588
32.21 2 0.0209486
32.31 1 0.0806588
32.31 2 0.0209486
32.41 1 0.0806588
32.41 2 0.0209486
32.51 1 0.0806588
32.51 2 0.0209486
32.61 1 0.0806588
32.61 2 0.0209486
32.71 1 0.0806588
32.71 2 0.0209486
32.81 1 0.0806588
32.81 2 0.0209486
32.91 1 0.0806588
32.91 2 0.0209486
33.01 1 0.0806588
33.01 2 0.0209486
33.11 1 0.0806588
33.11 2 0.0209486
33.21 1 0.0806588
33.21 2 0.0209486
33.31 1 0.0806588
33.31 2 0.0209486
33.41 1 0.0806588
33.41 2 0.0209486
33.51 1 0.0806588
33.51 2 0.0209486
33.61 1 0.0806588
33.61 2 0.0209486
33.71 1 0.0806588
33.71 2 0.0209486
33.81 1 0.0806588
33.81 2 0.0209486
33.91 1 0.0806588
33.91 2 0.0209486
34.01 1 0.0806588
34.01 2 0.0209486
34.11 1 0.0806588
34.11 2 0.0209486
34.21 1 0.0806588
34.21 2 0.0209486
34.31 1 0.0806588
34.31 2 0.0209486
34.41 1 0.0806588
34.41 2 0.0209486
34.51 1 0.0806588
34.51 2 0.0209486
34.61 1 0.0806588
34.61 2 0.0209486
34.71 1 0.0806588
34.71 2 0.0209486
34.81 1 0.0806588
34.81 2 0.0209486
34.91 1 0.0806588
34.91 2 0.0209486
35.01 1 0.0806588
35.01 2 0.0209486
35.11 1 0.0806588
35.11 2 0.0209486
35.21 1 0.0806588
35.21 2 0.0209486
35.31 1 0.0806588
35.31 2 0.0209486
35.41 1 0.0806588
35.41 2 0.0209486
35.51 1 0.0806588
35.51 2 0.0209486
35.61 1 0.0806588
35.61 2 0.0209486
35.71 1 0.0806588
35.71 2 0.0209486
35.81 1 0.0806588
35.81 2 0.0209486
35.91 1 0.0806588
35.91 2 0.0209486
36.01 1 0.0806588
36.01 2 0.0209486
36.11 1 0.0806588
36.11 2 0.0209486
36.21 1 0.0806588
36.21 2 0.0209486
36.31 1 0.0806588
36.31 2 0.0209486
36.41 1 0.0806588
36.41 2 0.0209486
36.51 1 0.0806588
36.51 2 0.0209486
36.61 1 0.0806588
36.61 2 0.0209486
36.71 1 0.0806588
36.71 2 0.0209486
36.81 1 0.0806588
36.81 2 0.0209486
36.91 1 0.0806588
36.91 2 0.0209486
37.01 1 0.0806588
37.01 2 0.0209486
37.11 1 0.0806588
37.11 2 0.0209486
37.21 1 0.0806588
37.21 2 0.0209486
37.31 1 0.0806588
37.31 2 0.0209486
37.41 1 0.0806588
37.41 2 0.0209486
37.51 1 0.0806588
37.51 2 0.0209486
37.61 1 0.0806588
37.61 2 0.0209486
37.71 1 0.0806588
37.71 2 0.0209486
37.81 1 0.0806588
37.81 2 0.0209486
37.91 1 0.0806588
37.91 2 0.0209486
38.01 1 0.0806588
38.01 2 0.0209486
38.11 1 0.0806588
38.11 2 0.0209486
38.21 1 0.0806588
38.21 2 0.0209486
38.31 1 0.0806588
38.31 2 0.0209486
38.41 1 0.0806588
38.41 2 0.0209486
38.51 1 0.0806588
38.51 2 0.0209486
38.61 1 0.0806588
38.61 2 0.0209486
38.71 1 0.0806588
38.71 2 0.0209486
38.81 1 0.0806588
38.81 2 0.0209486
38.91 1 0.0806588
38.91 2 0.0209486
39.01 1 0.0806588
39.01 2 0.0209486
39.11 1 0.0806588
39.11 2 0.0209486
39.21 1 0.0806588
39.21 2 0.0209486
39.31 1 0.0806588
39.31 2 0.0209486
39.41 1 0.0806588
39.41 2 0.0209486
39.51 1 0.0806588
39.51 2 0.0209486
39.61 1 0.0806588
39.61 2 0.0209486
39.71 1 0.0806588
39.71 2 0.0209486
39.81 1 0.0806588
39.81 2 0.0209486
39.91 1 0.0806588
39.91 2 0.0209486
40.01 1 0.0806588
40.01 2 0.0209486
40.11 1 0.0806588
40.11 2 0.0209486
40.21 1 0.0806588
40.21 2 0.0209486
40.31 1 0.0806588
40.31 2 0.0209486
40.41 1 0.0806588
40.41 2 0.0209486
40.51 1 0.0806588
40.51 2 0.0209486
40.61 1 0.0806588
40.61 2 0.0209486
40.71 1 0.0806588
40.71 2 0.0209486
40.81 1 0.0806588
40.81 2 0.0209486
40.91 1 0.0806588
40.91 2 0.0209486
41.01 1 0.0806588
41.01 2 0.0209486
41.11 1 0.0806588
41.11 2 0.0209486
41.21 1 0.0806588
41.21 2 0.0209486
41.31 1 0.0806588
41.31 2 0.0209486
41.41 1 0.0806588
41.41 2 0.0209486
41.51 1 0.0806588
41.51 2 0.0209486
41.61 1 0.0806588
41.61 2 0.0209486
41.71 1 0.0806588
41.71 2 0.0209486
41.81 1 0.0806588
41.81 2 0.0209486
41.91 1 0.0806588
41.91 2 0.0209486
42.01 1 0.0806588
42.01 2 0.0209486
42.11 1 0.0806588
42.11 2 0.0209486
42.21 1 0.0806588
42.21 2 0.0209486
42.31 1 0.0806588
42.31 2 0.0209486
42.41 1 0.0806588
42.41 2 0.0209486
42.51 1 0.0806588
42.51 2 0.0209486
42.61 1 0.0806588
42.61 2 0.0209486
42.71 1 0.0806588
42.71 2 0.0209486
42.81 1 0.0806588
42.81 2 0.0209486
42.91 1 0.0806588
42.91 2 0.0209486
43.01 1 0.0806588
43.01 2 0.0209486
43.11 1 0.0806588
43.11 2 0.0209486
43.21 1 0.0806588
43.21 2 0.0209486
43.31 1 0.0806588
43.31 2 0.0209486
43.41 1 0.0806588
43.41 2 0.0209486
43.51 1 0.0806588
43.51 2 0.0209486
43.61 1 0.0806588
43.61 2 0.0209486
43.71 1 0.0806588
43.71 2 0.0209486
43.81 1 0.0806588
43.81 2 0.0209486
43.91 1 0.0806588
43.91 2 0.0209486
44.01 1 0.0806588
44.01 2 0.0209486
44.11 1 0.0806588
44.11 2 0.0209486
44.21 1 0.0806588
44.21 2 0.0209486
44.31 1 0.0806588
44.31 2 0.0209486
44.41 1 0.0806588
44.41 2 0.0209486
44.51 1 0.0806588
44.51 2 0.0209486
44.61 1 0.0806588
44.61 2 0.0209486
44.71 1 0.0806588
44.71 2 0.0209486
44.81 1 0.0806588
44.81 2 0.0209486
44.91 1 0.0806588
44.91 2 0.0209486
45.01 1 0.0806588
45.01 2 0.0209486
45.11 1 0.0806588
45.11 2 0.0209486
45.21 1 0.0806588
45.21 2 0.0209486
45.31 1 0.0806588
45.31 2 0.0209486
45.41 1 0.0806588
45.41 2 0.0209486
45.51 1 0.0806588
45.51 2 0.0209486
45.61 1 0.0806588
45.61 2 0.0209486
45.71 1 0.0806588
45.71 2 0.0209486
45.81 1 0.0806588
45.81 2 0.0209486
45.91 1 0.0806588
45.91 2 0.0209486
46.01 1 0.0806588
46.01 2 0.0209486
46.11 1 0.0806588
46.11 2 0.0209486
46.21 1 0.0806588
46.21 2 0.0209486
46.31 1 0.0806588
46.31 2 0.0209486
46.41 1 0.0806588
46.41 2 0.0209486
46.51 1 0.0806588
46.51 2 0.0209486
46.61 1 0.0806588
46.61 2 0.0209486
46.71 1 0.0806588
46.71 2 0.0209486
46.81 1 0.0806588
46.81 2 0.0209486
46.91 1 0.0806588
46.91 2 0.0209486
47.01 1 0.0806588
47.01 2 0.0209486
47.11 1 0.0806588
47.11 2 0.0209486
47.21 1 0.0806588
47.21 2 0.0209486
47.31 1 0.0806588
47.31 2 0.0209486
47.41 1 0.0806588
47.41 2 0.0209486
47.51 1 0.0806588
47.51 2 0.0209486
47.61 1 0.0806588
47.61 2 0.0209486
47.71 1 0.0806588
47.71 2 0.0209486
47.81 1 0.0806588
47.81 2 0.0209486
47.91 1 0.0806588
47.91 2 0.0209486
48.01 1 0.0806588
48.01 2 0.0209486
48.11 1 0.0806588
48.11 2 0.0209486
48.21 1 0.0806588
48.21 2 0.0209486
48.31 1 0.0806588
48.31 2 0.0209486
48.41 1 0.0806588
48.41 2 0.0209486
48.51 1 0.0806588
48.51 2 0.0209486
48.61 1 0.0806588
48.61 2 0.0209486
48.71 1 0.0806588
48.71 2 0.0209486
48.81 1 0.0806588
48.81 2 0.0209486
48.91 1 0.0806588
48.91 2 0.0209486
49.01 1 0.0806588
49.01 2 0.0209486
49.11 1 0.0806588
49.11 2 0.0209486
49.21 1 0.0806588
49.21 2 0.0209486
49.31 1 0.0806588
49.31 2 0.0209486
49.41 1 0.0806588
49.41 2 0.0209486
49.51 1 0.0806588
49.51 2 0.0209486
49.61 1 0.0806588
49.61 2 0.0209486
49.71 1 0.0806588
49.71 2 0.0209486
49.81 1 0.0806588
49.81 2 0.0209486
49.91 1 0.0806588
49.91 2 0.0209486
50.01 1 0.0806588
50.01 2 0.0209486
50.11 1 0.0806588
50.11 2 0.0209486
50.21 1 0.0806588
50.21 2 0.0209486
50.31 1 0.0806588
50.31 2 0.0209486
50.41 1 0.0806588
50.41 2 0.0209486
50.51 1 0.0806588
50.51 2 0.0209486
50.61 1 0.0806588
50.61 2 0.0209486
50.71 1 0.0806588
50.71 2 0.0209486
50.81 1 0.0806588
50.81 2 0.0209486
50.91 1 0.0806588
50.91 2 0.0209486
51.01 1 0.0806588
51.01 2 0.0209486
51.11 1 0.0806588
51.11 2 0.0209486
51.21 1 0.0806588
51.21 2 0.0209486
51.31 1 0.0806588
51.31 2 0.0209486
51.41 1 0.0806588
51.41 2 0.0209486
51.51 1 0.0806588
51.51 2 0.0209486
51.61 1 0.0806588
51.61 2 0.0209486
51.71 1 0.0806588
51.71 2 0.0209486
51.81 1 0.0806588
51.81 2 0.0209486
51.91 1 0.0806588
51.91 2 0.0209486
52.01 1 0.0806588
52.01 2 0.0209486
52.11 1 0.0806588
52.11 2 0.0209486
52.21 1 0.0806588
52.21 2 0.0209486
52.31 1 0.0806588
52.31 2 0.0209486
52.41 1 0.0806588
52.41 2 0.0209486
52.51 1 0.0806588
52.51 2 0.0209486
52.61 1 0.0806588
52.61 2 0.0209486
52.71 1 0.0806588
52.71 2 0.0209486
52.81 1 0.0806588
52.81 2 0.0209486
52.91 1 0.0806588
52.91 2 0.0209486
53.01 1 0.0806588
53.01 2 0.0209486
53.11 1 0.0806588
53.11 2 0.0209486
53.21 1 0.0806588
53.21 2 0.0209486
53.31 1 0.0806588
53.31 2 0.0209486
53.41 1 0.0806588
53.41 2 0.0209486
53.51 1 0.0806588
53.51 2 0.0209486
53.61 1 0.0806588
53.61 2 0.0209486
53.71 1 0.0806588
53.71 2 0.0209486
53.81 1 0.0806588
53.81 2 0.0209486
53.91 1 0.0806588
53.91 2 0.0209486
54.01 1 0.0806588
54.01 2 0.0209486
54.11 1 0.0806588
54.11 2 0.0209486
54.21 1 0.0806588
54.21 2 0.0209486
54.31 1 0.0806588
54.31 2 0.0209486
54.41 1 0.0806588
54.41 2 0.0209486
54.51 1 0.0806588
54.51 2 0.0209486
54.61 1 0.0806588
54.61 2 0.0209486
54.71 1 0.0806588
54.71 2 0.0209486
54.81 1 0.0806588
54.81 2 0.0209486
54.91 1 0.0806588
54.91 2 0.0209486
55.01 1 0.0806588
55.01 2 0.0209486
55.11 1 0.0806588
55.11 2 0.0209486
55.21 1 0.0806588
55.21 2 0.0209486
55.31 1 0.0806588
55.31 2 0.0209486
55.41 1 0.0806588
55.41 2 0.0209486
55.51 1 0.0806588
55.51 2 0.0209486
55.61 1 0.0806588
55.61 2 0.0209486
55.71 1 0.0806588
55.71 2 0.0209486
55.81 1 0.0806588
55.81 2 0.0209486
55.91 1 0.0806588
55.91 2 0.0209486
56.01 1 0.0806588
56.01 2 0.0209486
56.11 1 0.0806588
56.11 2 0.0209486
56.21 1 0.0806588
56.21 2 0.0209486
56.31 1 0.0806588
56.31 2 0.0209486
56.41 1 0.0806588
56.41 2 0.0209486
56.51 1 0.0806588
56.51 2 0.0209486
56.61 1 0.0806588
56.61 2 0.0209486
56.71 1 0.0806588
56.71 2 0.0209486
56.81 1 0.0806588
56.81 2 0.0209486
56.91 1 0.0806588
56.91 2 0.0209486
57.01 1 0.0806588
57.01 2 0.0209486
57.11 1 0.0806588
57.11 2 0.0209486
57.21 1 0.0806588
57.21 2 0.0209486
57.31 1 0.0806588
57.31 2 0.0209486
57.41 1 0.0806588
57.41 2 0.0209486
57.51 1 0.0806588
57.51 2 0.0209486
57.61 1 0.0806588
57.61 2 0.0209486
57.71 1 0.0806588
57.71 2 0.0209486
57.81 1 0.0806588
57.81 2 0.0209486
57.91 1 0.0806588
57.91 2 0.0209486
58.01 1 0.0806588
58.01 2 0.0209486
58.11 1 0.0806588
58.11 2 0.0209486
58.21 1 0.0806588
58.21 2 0.0209486
58.31 1 0.0806588
58.31 2 0.0209486
58.41 1 0.0806588
58.41 2 0.0209486
58.51 1 0.0806588
58.51 2 0.0209486
58.61 1 0.0806588
58.61 2 0.0209486
58.71 1 0.0806588
58.71 2 0.0209486
58.81 1 0.0806588
58.81 2 0.0209486
58.91 1 0.0806588
58.91 2 0.0209486
59.01 1 0.0806588
59.01 2 0.0209486
59.11 1 0.0806588
59.11 2 0.0209486
59.21 1 0.0806588
59.21 2 0.0209486
59.31 1 0.0806588
59.31 2 0.0209486
59.41 1 0.0806588
59.41 2 0.0209486
59.51 1 0.0806588
59.51 2 0.0209486
59.61 1 0.0806588
59.61 2 0.0209486
59.71 1 0.0806588
59.71 2 0.0209486
59.81 1 0.0806588
59.81 2 0.0209486
59.91 1 0.0806588
59.91 2 0.0209486
60.01 1 0.0806588
60.01 2 0.0209486
60.11 1 0.0806588
60.11 2 0.0209486
60.21 1 0.0806588
60.21 2 0.0209486
60.31 1 0.0806588
60.31 2 0.0209486
60.41 1 0.0806588
60.41 2 0.0209486
60.51 1 0.0806588
60.51 2 0.0209486
60.61 1 0.0806588
60.61 2 0.0209486
60.71 1 0.0806588
60.71 2 0.0209486
60.81 1 0.0806588
60.81 2 0.0209486
60.91 1 0.0806588
60.91 2 0.0209486
61.01 1 0.0806588
61.01 2 0.0209486
61.11 1 0.0806588
61.11 2 0.0209486
61.21 1 0.0806588
61.21 2 0.0209486
61.31 1 0.0806588
61.31 2 0.0209486
61.41 1 0.0806588
61.41 2 0.0209486
61.51 1 0.0806588
61.51 2 0.0209486
61.61 1 0.0806588
61.61 2 0.0209486
61.71 1 0.0806588
61.71 2 0.0209486
61.81 1 0.0806588
61.81 2 0.0209486
61.91 1 0.0806588
61.91 2 0.0209486
62.01 1 0.0806588
62.01 2 0.0209486
62.11 1 0.0806588
62.11 2 0.0209486
62.21 1 0.0806588
62.21 2 0.0209486
62.31 1 0.0806588
62.31 2 0.0209486
62.41 1 0.0806588
62.41 2 0.0209486
62.51 1 0.0806588
62.51 2 0.0209486
62.61 1 0.0806588
62.61 2 0.0209486
62.71 1 0.0806588
62.71 2 0.0209486
62.81 1 0.0806588
62.81 2 0.0209486
62.91 1 0.0806588
62.91 2 0.0209486
63.01 1 0.0806588
63.01 2 0.0209486
63.11 1 0.0806588
63.11 2 0.0209486
63.21 1 0.0806588
63.21 2 0.0209486
63.31 1 0.0806588
63.31 2 0.0209486
63.41 1 0.0806588
63.41 2 0.0209486
63.51 1 0.0806588
63.51 2 0.0209486
63.61 1 0.0806588
63.61 2 0.0209486
63.71 1 0.0806588
63.71 2 0.0209486
63.81 1 0.0806588
63.81 2 0.0209486
63.91 1 0.0806588
63.91 2 0.0209486
64.01 1 0.0806588
64.01 2 0.0209486
64.11 1 0.0806588
64.11 2 0.0209486
64.21 1 0.0806588
64.21 2 0.0209486
64.31 1 0.0806588
64.31 2 0.0209486
64.41 1 0.0806588
64.41 2 0.0209486
64.51 1 0.0806588
64.51 2 0.0209486
64.61 1 0.0806588
64.61 2 0.0209486
64.71 1 0.0806588
64.71 2 0.0209486
64.81 1 0.0806588
64.81 2 0.0209486
64.91 1 0.0806588
64.91 2 0.0209486
65.01 1 0.0806588
65.01 2 0.0209486
65.11 1 0.0806588
65.11 2 0.0209486
65.21 1 0.0806588
65.21 2 0.0209486
65.31 1 0.0806588
65.31 2 0.0209486
65.41 1 0.0806588
65.41 2 0.0209486
65.51 1 0.0806588
65.51 2 0.0209486
65.61 1 0.0806588
65.61 2 0.0209486
65.71 1 0.0806588
65.71 2 0.0209486
65.81 1 0.0806588
65.81 2 0.0209486
65.91 1 0.0806588
65.91 2 0.0209486
66.01 1 0.0806588
66.01 2 0.0209486
66.11 1 0.0806588
66.11 2 0.0209486
66.21 1 0.0806588
66.21 2 0.0209486
66.31 1 0.0806588
66.31 2 0.0209486
66.41 1 0.0806588
66.41 2 0.0209486
66.51 1 0.0806588
66.51 2 0.0209486
66.61 1 0.0806588
66.61 2 0.0209486
66.71 1 0.0806588
66.71 2 0.0209486
66.81 1 0.0806588
66.81 2 0.0209486
66.91 1 0.0806588
66.91 2 0.0209486
67.01 1 0.0806588
67.01 2 0.0209486
67.11 1 0.0806588
67.11 2 0.0209486
67.21 1 0.0806588
67.21 2 0.0209486
67.31 1 0.0806588
67.31 2 0.0209486
67.41 1 0.0806588
67.41 2 0.0209486
67.51 1 0.0806588
67.51 2 0.0209486
67.61 1 0.0806588
67.61 2 0.0209486
67.71 1 0.0806588
67.71 2 0.0209486
67.81 1 0.0806588
67.81 2 0.0209486
67.91 1 0.0806588
67.91 2 0.0209486
68.01 1 0.0806588
68.01 2 0.0209486
68.11 1 0.0806588
68.11 2 0.0209486
68.21 1 0.0806588
68.21 2 0.0209486
68.31 1 0.0806588
68.31 2 0.0209486
68.41 1 0.0806588
68.41 2 0.0209486
68.51 1 0.0806588
68.51 2 0.0209486
68.61 1 0.0806588
68.61 2 0.0209486
68.71 1 0.0806588
68.71 2 0.0209486
68.81 1 0.0806588
68.81 2 0.0209486
68.91 1 0.0806588
68.91 2 0.0209486
69.01 1 0.0806588
69.01 2 0.0209486
69.11 1 0.0806588
69.11 2 0.0209486
69.21 1 0.0806588
69.21 2 0.0209486
69.31 1 0.0806588
69.31 2 0.0209486
69.41 1 0.0806588
69.41 2 0.0209486
69.51 1 0.0806588
69.51 2 0.0209486
69.61 1 0.0806588
69.61 2 0.0209486
69.71 1 0.0806588
69.71 2 0.0209486
69.81 1 0.0806588
69.81 2 0.0209486
69.91 1 0.0806588
69.91 2 0.0209486
70.01 1 0.0806588
70.01 2 0.0209486
70.11 1 0.0806588
70.11 2 0.0209486
70.21 1 0.0806588
70.21 2 0.0209486
70.31 1 0.0806588
70.31 2 0.0209486
70.41 1 0.0806588
70.41 2 0.0209486
70.51 1 0.0806588
70.51 2 0.0209486
70.61 1 0.0806588
70.61 2 0.0209486
70.71 1 0.0806588
70.71 2 0.0209486
70.81 1 0.0806588
70.81 2 0.0209486
70.91 1 0.0806588
70.91 2 0.0209486
71.01 1 0.0806588
71.01 2 0.0209486
71.11 1 0.0806588
71.11 2 0.0209486
71.21 1 0.0806588
71.21 2 0.0209486
71.31 1 0.0806588
71.31 2 0.0209486
71.41 1 0.0806588
71.41 2 0.0209486
71.51 1 0.0806588
71.51 2 0.0209486
71.61 1 0.0806588
71.61 2 0.0209486
71.71 1 0.0806588
71.71 2 0.0209486
71.81 1 0.0806588
71.81 2 0.0209486
71.91 1 0.0806588
71.91 2 0.0209486
72.01 1 0.0806588
72.01 2 0.0209486
72.11 1 0.0806588
72.11 2 0.0209486
72.21 1 0.0806588
72.21 2 0.0209486
72.31 1 0.0806588
72.31 2 0.0209486
72.41 1 0.0806588
72.41 2 0.0209486
72.51 1 0.0806588
72.51 2 0.0209486
72.61 1 0.0806588
72.61 2 0.0209486
72.71 1 0.0806588
72.71 2 0.0209486
72.81 1 0.0806588
72.81 2 0.0209486
72.91 1 0.0806588
72.91 2 0.0209486
73.01 1 0.0806588
73.01 2 0.0209486
73.11 1 0.0806588
73.11 2 0.0209486
73.21 1 0.0806588
73.21 2 0.0209486
73.31 1 0.0806588
73.31 2 0.0209486
73.41 1 0.0806588
73.41 2 0.0209486
73.51 1 0.0806588
73.51 2 0.0209486
73.61 1 0.0806588
73.61 2 0.0209486
73.71 1 0.0806588
73.71 2 0.0209486
73.81 1 0.0806588
73.81 2 0.0209486
73.91 1 0.0806588
73.91 2 0.0209486
74.01 1 0.0806588
74.01 2 0.0209486
74.11 1 0.0806588
74.11 2 0.0209486
74.21 1 0.0806588
74.21 2 0.0209486
74.31 1 0.0806588
74.31 2 0.0209486
74.41 1 0.0806588
74.41 2 0.0209486
74.51 1 0.0806588
74.51 2 0.0209486
74.61 1 0.0806588
74.61 2 0.0209486
74.71 1 0.0806588
74.71 2 0.0209486
74.81 1 0.0806588
74.81 2 0.0209486
74.91 1 0.0806588
74.91 2 0.0209486
75.01 1 0.0806588
75.01 2 0.0209486
75.11 1 0.0806588
75.11 2 0.0209486
75.21 1 0.0806588
75.21 2 0.0209486
75.31 1 0.0806588
75.31 2 0.0209486
75.41 1 0.0806588
75.41 2 0.0209486
75.51 1 0.0806588
75.51 2 0.0209486
75.61 1 0.0806588
75.61 2 0.0209486
75.71 1 0.0806588
75.71 2 0.0209486
75.81 1 0.0806588
75.81 2 0.0209486
75.91 1 0.0806588
75.91 2 0.0209486
76.01 1 0.0806588
76.01 2 0.0209486
76.11 1 0.0806588
76.11 2 0.0209486
76.21 1 0.0806588
76.21 2 0.0209486
76.31 1 0.0806588
76.31 2 0.0209486
76.41 1 0.0806588
76.41 2 0.0209486
76.51 1 0.0806588
76.51 2 0.0209486
76.61 1 0.0806588
76.61 2 0.0209486
76.71 1 0.0806588
76.71 2 0.0209486
76.81 1 0.0806588
76.81 2 0.0209486
76.91 1 0.0806588
76.91 2 0.0209486
77.01 1 0.0806588
77.01 2 0.0209486
77.11 1 0.0806588
77.11 2 0.0209486
77.21 1 0.0806588
77.21 2 0.0209486
77.31 1 0.0806588
77.31 2 0.0209486
77.41 1 0.0806588
77.41 2 0.0209486
77.51 1 0.0806588
77.51 2 0.0209486
77.61 1 0.0806588
77.61 2 0.0209486
77.71 1 0.0806588
77.71 2 0.0209486
77.81 1 0.0806588
77.81 2 0.0209486
77.91 1 0.0806588
77.91 2 0.0209486
78.01 1 0.0806588
78.01 2 0.0209486
78.11 1 0.0806588
78.11 2 0.0209486
78.21 1 0.0806588
78.21 2 0.0209486
78.31 1 0.0806588
78.31 2 0.0209486
78.41 1 0.0806588
78.41 2 0.0209486
78.51 1 0.0806588
78.51 2 0.0209486
78.61 1 0.0806588
78.61 2 0.0209486
78.71 1 0.0806588
78.71 2 0.0209486
78.81 1 0.0806588
78.81 2 0.0209486
78.91 1 0.0806588
78.91 2 0.0209486
79.01 1 0.0806588
79.01 2 0.0209486
79.11 1 0.0806588
79.11 2 0.0209486
79.21 1 0.0806588
79.21 2 0.0209486
79.31 1 0.0806588
79.31 2 0.0209486
79.41 1 0.0806588
79.41 2 0.0209486
79.51 1 0.0806588
79.51 2 0.0209486
79.61 1 0.0806588
79.61 2 0.0209486
79.71 1 0.0806588
79.71 2 0.0209486
79.81 1 0.0806588
79.81 2 0.0209486
79.91 1 0.0806588
79.91 2 0.0209486
80.01 1 0.0806588
80.01 2 0.0209486
80.11 1 0.0806588
80.11 2 0.0209486
80.21 1 0.0806588
80.21 2 0.0209486
80.31 1 0.0806588
80.31 2 0.0209486
80.41 1 0.0806588
80.41 2 0.0209486
80.51 1 0.0806588
80.51 2 0.0209486
80.61 1 0.0806588
80.61 2 0.0209486
80.71 1 0.0806588
80.71 2 0.0209486
80.81 1 0.0806588
80.81 2 0.0209486
80.91 1 0.0806588
80.91 2 0.0209486
81.01 1 0.0806588
81.01 2 0.0209486
81.11 1 0.0806588
81.11 2 0.0209486
81.21 1 0.0806588
81.21 2 0.0209486
81.31 1 0.0806588
81.31 2 0.0209486
81.41 1 0.0806588
81.41 2 0.0209486
81.51 1 0.0806588
81.51 2 0.0209486
81.61 1 0.0806588
81.61 2 0.0209486
81.71 1 0.0806588
81.71 2 0.0209486
81.81 1 0.0806588
81.81 2 0.0209486
81.91 1 0.0806588
81.91 2 0.0209486
82.01 1 0.0806588
82.01 2 0.0209486
82.11 1 0.0806588
82.11 2 0.0209486
82.21 1 0.0806588
82.21 2 0.0209486
82.31 1 0.0806588
82.31 2 0.0209486
82.41 1 0.0806588
82.41 2 0.0209486
82.51 1 0.0806588
82.51 2 0.0209486
82.61 1 0.0806588
82.61 2 0.0209486
82.71 1 0.0806588
82.71 2 0.0209486
82.81 1 0.0806588
82.81 2 0.0209486
82.91 1 0.0806588
82.91 2 0.0209486
83.01 1 0.0806588
83.01 2 0.0209486
83.11 1 0.0806588
83.11 2 0.0209486
83.21 1 0.0806588
83.21 2 0.0209486
83.31 1 0.0806588
83.31 2 0.0209486
83.41 1 0.0806588
83.41 2 0.0209486
83.51 1 0.0806588
83.51 2 0.0209486
83.61 1 0.0806588
83.61 2 0.0209486
83.71 1 0.0806588
83.71 2 0.0209486
83.81 1 0.0806588
83.81 2 0.0209486
83.91 1 0.0806588
83.91 2 0.0209486
84.01 1 0.0806588
84.01 2 0.0209486
84.11 1 0.0806588
84.11 2 0.0209486
84.21 1 0.0806588
84.21 2 0.0209486
84.31 1 0.0806588
84.31 2 0.0209486
84.41 1 0.0806588
84.41 2 0.0209486
84.51 1 0.0806588
84.51 2 0.0209486
84.61 1 0.0806588
84.61 2 0.0209486
84.71 1 0.0806588
84.71 2 0.0209486
84.81 1 0.0806588
84.81 2 0.0209486
84.91 1 0.0806588
84.91 2 0.0209486
85.01 1 0.0806588
85.01 2 0.0209486
85.11 1 0.0806588
85.11 2 0.0209486
85.21 1 0.0806588
85.21 2 0.0209486
85.31 1 0.0806588
85.31 2 0.0209486
85.41 1 0.0806588
85.41 2 0.0209486
85.51 1 0.0806588
85.51 2 0.0209486
85.61 1 0.0806588
85.61 2 0.0209486
85.71 1 0.0806588
85.71 2 0.0209486
85.81 1 0.0806588
85.81 2 0.0209486
85.91 1 0.0806588
85.91 2 0.0209486
86.01 1 0.0806588
86.01 2 0.0209486
86.11 1 0.0806588
86.11 2 0.0209486
86.21 1 0.0806588
86.21 2 0.0209486
86.31 1 0.0806588
86.31 2 0.0209486
86.41 1 0.0806588
86.41 2 0.0209486
86.51 1 0.0806588
86.51 2 0.0209486
86.61 1 0.0806588
86.61 2 0.0209486
86.71 1 0.0806588
86.71 2 0.0209486
86.81 1 0.0806588
86.81 2 0.0209486
86.91 1 0.0806588
86.91 2 0.0209486
87.01 1 0.0806588
87.01 2 0.0209486
87.11 1 0.0806588
87.11 2 0.0209486
87.21 1 0.0806588
87.21 2 0.0209486
87.31 1 0.0806588
87.31 2 0.0209486
87.41 1 0.0806588
87.41 2 0.0209486
87.51 1 0.0806588
87.51 2 0.0209486
87.61 1 0.0806588
87.61 2 0.0209486
87.71 1 0.0806588
87.71 2 0.0209486
87.81 1 0.0806588
87.81 2 0.0209486
87.91 1 0.0806588
87.91 2 0.0209486
88.01 1 0.0806588
88.01 2 0.0209486
88.11 1 0.0806588
88.11 2 0.0209486
88.21 1 0.0806588
88.21 2 0.0209486
88.31 1 0.0806588
88.31 2 0.0209486
88.41 1 0.0806588
88.41 2 0.0209486
88.51 1 0.0806588
88.51 2 0.0209486
88.61 1 0.0806588
88.61 2 0.0209486
88.71 1 0.0806588
88.71 2 0.0209486
88.81 1 0.0806588
88.81 2 0.0209486
88.91 1 0.0806588
88.91 2 0.0209486
89.01 1 0.0806588
89.01 2 0.0209486
89.11 1 0.0806588
89.11 2 0.0209486
89.21 1 0.0806588
89.21 2 0.0209486
89.31 1 0.0806588
89.31 2 0.0209486
89.41 1 0.0806588
89.41 2 0.0209486
89.51 1 0.0806588
89.51 2 0.0209486
89.61 1 0.0806588
89.61 2 0.0209486
89.71 1 0.0806588
89.71 2 0.0209486
89.81 1 0.0806588
89.81 2 0.0209486
89.91 1 0.0806588
89.91 2 0.0209486
90.01 1 0.0806588
90.01 2 0.0209486
90.11 1 0.0806588
90.11 2 0.0209486
90.21 1 0.0806588
90.21 2 0.0209486
90.31 1 0.0806588
90.31 2 0.0209486
90.41 1 0.0806588
90.41 2 0.0209486
90.51 1 0.0806588
90.51 2 0.0209486
90.61 1 0.0806588
90.61 2 0.0209486
90.71 1 0.0806588
90.71 2 0.0209486
90.81 1 0.0806588
90.81 2 0.0209486
90.91 1 0.0806588
90.91 2 0.0209486
91.01 1 0.0806588
91.01 2 0.0209486
91.11 1 0.0806588
91.11 2 0.0209486
91.21 1 0.0806588
91.21 2 0.0209486
91.31 1 0.0806588
91.31 2 0.0209486
91.41 1 0.0806588
91.41 2 0.0209486
91.51 1 0.0806588
91.51 2 0.0209486
91.61 1 0.0806588
91.61 2 0.0209486
91.71 1 0.0806588
91.71 2 0.0209486
91.81 1 0.0806588
91.81 2 0.0209486
91.91 1 0.0806588
91.91 2 0.0209486
92.01 1 0.0806588
92.01 2 0.0209486
92.11 1 0.0806588
92.11 2 0.0209486
92.21 1 0.0806588
92.21 2 0.0209486
92.31 1 0.0806588
92.31 2 0.0209486
92.41 1 0.0806588
92.41 2 0.0209486
92.51 1 0.0806588
92.51 2 0.0209486
92.61 1 0.0806588
92.61 2 0.0209486
92.71 1 0.0806588
92.71 2 0.0209486
92.81 1 0.0806588
92.81 2 0.0209486
92.91 1 0.0806588
92.91 2 0.0209486
93.01 1 0.0806588
93.01 2 0.0209486
93.11 1 0.0806588
93.11 2 0.0209486
93.21 1 0.0806588
93.21 2 0.0209486
93.31 1 0.0806588
93.31 2 0.0209486
93.41 1 0.0806588
93.41 2 0.0209486
93.51 1 0.0806588
93.51 2 0.0209486
93.61 1 0.0806588
93.61 2 0.0209486
93.71 1 0.0806588
93.71 2 0.0209486
93.81 1 0.0806588
93.81 2 0.0209486
93.91 1 0.0806588
93.91 2 0.0209486
94.01 1 0.0806588
94.01 2 0.0209486
94.11 1 0.0806588
94.11 2 0.0209486
94.21 1 0.0806588
94.21 2 0.0209486
94.31 1 0.0806588
94.31 2 0.0209486
94.41 1 0.0806588
94.41 2 0.0209486
94.51 1 0.0806588
94.51 2 0.0209486
94.61 1 0.0806588
94.61 2 0.0209486
94.71 1 0.0806588
94.71 2 0.0209486
94.81 1 0.0806588
94.81 2 0.0209486
94.91 1 0.0806588
94.91 2 0.0209486
95.01 1 0.0806588
95.01 2 0.0209486
95.11 1 0.0806588
95.11 2 0.0209486
95.21 1 0.0806588
95.21 2 0.0209486
95.31 1 0.0806588
95.31 2 0.0209486
95.41 1 0.0806588
95.41 2 0.0209486
95.51 1 0.0806588
95.51 2 0.0209486
95.61 1 0.0806588
95.61 2 0.0209486
95.71 1 0.0806588
95.71 2 0.0209486
95.81 1 0.0806588
95.81 2 0.0209486
95.91 1 0.0806588
95.91 2 0.0209486
96.01 1 0.0806588
96.01 2 0.0209486
96.11 1 0.0806588
96.11 2 0.0209486
96.21 1 0.0806588
96.21 2 0.0209486
96.31 1 0.0806588
96.31 2 0.0209486
96.41 1 0.0806588
96.41 2 0.0209486
96.51 1 0.0806588
96.51 2 0.0209486
96.61 1 0.0806588
96.61 2 0.0209486
96.71 1 0.0806588
96.71 2 0.0209486
96.81 1 0.0806588
96.81 2 0.0209486
96.91 1 0.0806588
96.91 2 0.0209486
97.01 1 0.0806588
97.01 2 0.0209486
97.11 1 0.0806588
97.11 2 0.0209486
97.21 1 0.0806588
97.21 2 0.0209486
97.31 1 0.0806588
97.31 2 0.0209486
97.41 1 0.0806588
97.41 2 0.0209486
97.51 1 0.0806588
97.51 2 0.0209486
97.61 1 0.0806588
97.61 2 0.0209486
97.71 1 0.0806588
97.71 2 0.0209486
97.81 1 0.0806588
97.81 2 0.0209486
97.91 1 0.0806588
97.91 2 0.0209486
98.01 1 0.0806588
98.01 2 0.0209486
98.11 1 0.0806588
98.11 2 0.0209486
98.21 1 0.0806588
98.21 2 0.0209486
98.31 1 0.0806588
98.31 2 0.0209486
98.41 1 0.0806588
98.41 2 0.0209486
98.51 1 0.0806588
98.51 2 0.0209486
98.61 1 0.0806588
98.61 2 0.0209486
98.71 1 0.0806588
98.71 2 0.0209486
98.81 1 0.0806588
98.81 2 0.0209486
98.91 1 0.0806588
98.91 2 0.0209486
99.01 1 0.0806588
99.01 2 0.0209486
99.11 1 0.0806588
99.11 2 0.0209486
99.21 1 0.0806588
99.21 2 0.0209486
99.31 1 0.0806588
99.31 2 0.0209486
99.41 1 0.0806588
99.41 2 0.0209486
99.51 1 0.0806588
99.51 2 0.0209486
99.61 1 0.0806588
99.61 2 0.0209486
99.71 1 0.0806588
99.71 2 0.0209486
99.81 1 0.0806588
99.81 2 0.0209486
99.91 1 0.0806588
99.91 2 0.0209486
100.01 1 0.0806588
100.01 2 0.0209486
100.11 1 0.0806588
100.11 2 0.0209486
100.21 1 0.0806588
100.21 2 0.0209486
100.31 1 0.0806588
100.31 2 0.0209486
100.41 1 0.0806588
100.41 2 0.0209486
100.51 1 0.0806588
100.51 2 0.0209486
100.61 1 0.0806588
100.61 2 0.0209486
100.71 1 0.0806588
100.71 2 0.0209486
100.81 1 0.0806588
100.81 2 0.0209486
100.91 1 0.0806588
100.91 2 0.0209486
101.01 1 0.0806588
101.01 2 0.0209486
101.11 1 0.0806588
101.11 2 0.0209486
101.21 1 0.0806588
101.21 2 0.0209486
101.31 1 0.0806588
101.31 2 0.0209486
101.41 1 0.0806588
101.41 2 0.0209486
101.51 1 0.0806588
101.51 2 0.0209486
101.61 1 0.0806588
101.61 2 0.0209486
101.71 1 0.0806588
101.71 2 0.0209486
101.81 1 0.0806588
101.81 2 0.0209486
101.91 1 0.0806588
101.91 2 0.0209486
102.01 1 0.0806588
102.01 2 0.0209486
102.11 1 0.0806588
102.11 2 0.0209486
102.21 1 0.0806588
102.21 2 0.0209486
102.31 1 0.0806588
102.31 2 0.0209486
102.41 1 0.0806588
102.41 2 0.0209486
102.51 1 0.0806588
102.51 2 0.0209486
102.61 1 0.0806588
102.61 2 0.0209486
102.71 1 0.0806588
102.71 2 0.0209486
102.81 1 0.0806588
102.81 2 0.0209486
102.91 1 0.0806588
102.91 2 0.0209486
103.01 1 0.0806588
103.01 2 0.0209486
103.11 1 0.0806588
103.11 2 0.0209486
103.21 1 0.0806588
103.21 2 0.0209486
103.31 1 0.0806588
103.31 2 0.0209486
103.41 1 0.0806588
103.41 2 0.0209486
103.51 1 0.0806588
103.51 2 0.0209486
103.61 1 0.0806588
103.61 2 0.0209486
103.71 1 0.0806588
103.71 2 0.0209486
103.81 1 0.0806588
103.81 2 0.0209486
103.91 1 0.0806588
103.91 2 0.0209486
104.01 1 0.0806588
104.01 2 0.0209486
104.11 1 0.0806588
104.11 2 0.0209486
104.21 1 0.0806588
104.21 2 0.0209486
104.31 1 0.0806588
104.31 2 0.0209486
104.41 1 0.0806588
104.41 2 0.0209486
104.51 1 0.0806588
104.51 2 0.0209486
104.61 1 0.0806588
104.61 2 0.0209486
104.71 1 0.0806588
104.71 2 0.0209486
104.81 1 0.0806588
104.81 2 0.0209486
104.91 1 0.0806588
104.91 2 0.0209486
105.01 1 0.0806588
105.01 2 0.0209486
105.11 1 0.0806588
105.11 2 0.0209486
105.21 1 0.0806588
105.21 2 0.0209486
105.31 1 0.0806588
105.31 2 0.0209486
105.41 1 0.0806588
105.41 2 0.0209486
105.51 1 0.0806588
105.51 2 0.0209486
105.61 1 0.0806588
105.61 2 0.0209486
105.71 1 0.0806588
105.71 2 0.0209486
105.81 1 0.0806588
105.81 2 0.0209486
105.91 1 0.0806588
105.91 2 0.0209486
106.01 1 0.0806588
106.01 2 0.0209486
106.11 1 0.0806588
106.11 2 0.0209486
106.21 1 0.0806588
106.21 2 0.0209486
106.31 1 0.0806588
106.31 2 0.0209486
106.41 1 0.0806588
106.41 2 0.0209486
106.51 1 0.0806588
106.51 2 0.0209486
106.61 1 0.0806588
106.61 2 0.0209486
106.71 1 0.0806588
106.71 2 0.0209486
106.81 1 0.0806588
106.81 2 0.0209486
106.91 1 0.0806588
106.91 2 0.0209486
107.01 1 0.0806588
107.01 2 0.0209486
107.11 1 0.0806588
107.11 2 0.0209486
107.21 1 0.0806588
107.21 2 0.0209486
107.31 1 0.0806588
107.31 2 0.0209486
107.41 1 0.0806588
107.41 2 0.0209486
107.51 1 0.0806588
107.51 2 0.0209486
107.61 1 0.0806588
107.61 2 0.0209486
107.71 1 0.0806588
107.71 2 0.0209486
107.81 1 0.0806588
107.81 2 0.0209486
107.91 1 0.0806588
107.91 2 0.0209486
108.01 1 0.0806588
108.01 2 0.0209486
108.11 1 0.0806588
108.11 2 0.0209486
108.21 1 0.0806588
108.21 2 0.0209486
108.31 1 0.0806588
108.31 2 0.0209486
108.41 1 0.0806588
108.41 2 0.0209486
108.51 1 0.0806588
108.51 2 0.0209486
108.61 1 0.0806588
108.61 2 0.0209486
108.71 1 0.0806588
108.71 2 0.0209486
108.81 1 0.0806588
108.81 2 0.0209486
108.91 1 0.0806588
108.91 2 0.0209486
109.01 1 0.0806588
109.01 2 0.0209486
109.11 1 0.0806588
109.11 2 0.0209486
109.21 1 0.0806588
109.21 2 0.0209486
109.31 1 0.0806588
109.31 2 0.0209486
109.41 1 0.0806588
109.41 2 0.0209486
109.51 1 0.0806588
109.51 2 0.0209486
109.61 1 0.0806588
109.61 2 0.0209486
109.71 1 0.0806588
109.71 2 0.0209486
109.81 1 0.0806588
109.81 2 0.0209486
109.91 1 0.0806588
109.91 2 0.0209486
110.01 1 0.0806588
110.01 2 0.0209486
110.11 1 0.0806588
110.11 2 0.0209486
110.21 1 0.0806588
110.21 2 0.0209486
110.31 1 0.0806588
110.31 2 0.0209486
110.41 1 0.0806588
110.41 2 0.0209486
110.51 1 0.0806588
110.51 2 0.0209486
110.61 1 0.0806588
110.61 2 0.0209486
110.71 1 0.0806588
110.71 2 0.0209486
110.81 1 0.0806588
110.81 2 0.0209486
110.91 1 0.0806588
110.91 2 0.0209486
111.01 1 0.0806588
111.01 2 0.0209486
111.11 1 0.0806588
111.11 2 0.0209486
111.21 1 0.0806588
111.21 2 0.0209486
111.31 1 0.0806588
111.31 2 0.0209486
111.41 1 0.0806588
111.41 2 0.0209486
111.51 1 0.0806588
111.51 2 0.0209486
111.61 1 0.0806588
111.61 2 0.0209486
111.71 1 0.0806588
111.71 2 0.0209486
111.81 1 0.0806588
111.81 2 0.0209486
111.91 1 0.0806588
111.91 2 0.0209486
112.01 1 0.0806588
112.01 2 0.0209486
112.11 1 0.0806588
112.11 2 0.0209486
112.21 1 0.0806588
112.21 2 0.0209486
112.31 1 0.0806588
112.31 2 0.0209486
112.41 1 0.0806588
112.41 2 0.0209486
112.51 1 0.0806588
112.51 2 0.0209486
112.61 1 0.0806588
112.61 2 0.0209486
112.71 1 0.0806588
112.71 2 0.0209486
112.81 1 0.0806588
112.81 2 0.0209486
112.91 1 0.0806588
112.91 2 0.0209486
113.01 1 0.0806588
113.01 2 0.0209486
113.11 1 0.0806588
113.11 2 0.0209486
113.21 1 0.0806588
113.21 2 0.0209486
113.31 1 0.0806588
113.31 2 0.0209486
113.41 1 0.0806588
113.41 2 0.0209486
113.51 1 0.0806588
113.51 2 0.0209486
113.61 1 0.0806588
113.61 2 0.0209486
113.71 1 0.0806588
113.71 2 0.0209486
113.81 1 0.0806588
113.81 2 0.0209486
113.91 1 0.0806588
113.91 2 0.0209486
114.01 1 0.0806588
114.01 2 0.0209486
114.11 1 0.0806588
114.11 2 0.0209486
114.21 1 0.0806588
114.21 2 0.0209486
114.31 1 0.0806588
114.31 2 0.0209486
114.41 1 0.0806588
114.41 2 0.0209486
114.51 1 0.0806588
114.51 2 0.0209486
114.61 1 0.0806588
114.61 2 0.0209486
114.71 1 0.0806588
114.71 2 0.0209486
114.81 1 0.0806588
114.81 2 0.0209486
114.91 1 0.0806588
114.91 2 0.0209486
115.01 1 0.0806588
115.01 2 0.0209486
115.11 1 0.0806588
115.11 2 0.0209486
115.21 1 0.0806588
115.21 2 0.0209486
115.31 1 0.0806588
115.31 2 0.0209486
115.41 1 0.0806588
115.41 2 0.0209486
115.51 1 0.0806588
115.51 2 0.0209486
115.61 1 0.0806588
115.61 2 0.0209486
115.71 1 0.0806588
115.71 2 0.0209486
115.81 1 0.0806588
115.81 2 0.0209486
115.91 1 0.0806588
115.91 2 0.0209486
116.01 1 0.0806588
116.01 2 0.0209486
116.11 1 0.0806588
116.11 2 0.0209486
116.21 1 0.0806588
116.21 2 0.0209486
116.31 1 0.0806588
116.31 2 0.0209486
116.41 1 0.0806588
116.41 2 0.0209486
116.51 1 0.0806588
116.51 2 0.0209486
116.61 1 0.0806588
116.61 2 0.0209486
116.71 1 0.0806588
116.71 2 0.0209486
116.81 1 0.0806588
116.81 2 0.0209486
116.91 1 0.0806588
116.91 2 0.0209486
117.01 1 0.0806588
117.01 2 0.0209486
117.11 1 0.0806588
117.11 2 0.0209486
117.21 1 0.0806588
117.21 2 0.0209486
117.31 1 0.0806588
117.31 2 0.0209486
117.41 1 0.0806588
117.41 2 0.0209486
117.51 1 0.0806588
117.51 2 0.0209486
117.61 1 0.0806588
117.61 2 0.0209486
117.71 1 0.0806588
117.71 2 0.0209486
117.81 1 0.0806588
117.81 2 0.0209486
117.91 1 0.0806588
117.91 2 0.0209486
118.01 1 0.0806588
118.01 2 0.0209486
118.11 1 0.0806588
118.11 2 0.0209486
118.21 1 0.0806588
118.21 2 0.0209486
118.31 1 0.0806588
118.31 2 0.0209486
118.41 1 0.0806588
118.41 2 0.0209486
118.51 1 0.0806588
118.51 2 0.0209486
118.61 1 0.0806588
118.61 2 0.0209486
118.71 1 0.0806588
118.71 2 0.0209486
118.81 1 0.0806588
118.81 2 0.0209486
118.91 1 0.0806588
118.91 2 0.0209486
119.01 1 0.0806588
119.01 2 0.0209486
119.11 1 0.0806588
119.11 2 0.0209486
119.21 1 0.0806588
119.21 2 0.0209486
119.31 1 0.0806588
119.31 2 0.0209486
119.41 1 0.0806588
119.41 2 0.0209486
119.51 1 0.0806588
119.51 2 0.0209486
119.61 1 0.0806588
119.61 2 0.0209486
119.71 1 0.0806588
119.71 2 0.0209486
119.81 1 0.0806588
119.81 2 0.0209486
119.91 1 0.0806588
119.91 2 0.0209486
120.01 1 0.0806588
120.01 2 0.0209486
120.11 1 0.0806588
120.11 2 0.0209486
120.21 1 0.0806588
120.21 2 0.0209486
120.31 1 0.0806588
120.31 2 0.0209486
120.41 1 0.0806588
120.41 2 0.0209486
120.51 1 0.0806588
120.51 2 0.0209486
120.61 1 0.0806588
120.61 2 0.0209486
120.71 1 0.0806588
120.71 2 0.0209486
120.81 1 0.0806588
120.81 2 0.0209486
120.91 1 0.0806588
120.91 2 0.0209486
121.01 1 0.0806588
121.01 2 0.0209486
121.11 1 0.0806588
121.11 2 0.0209486
121.21 1 0.0806588
121.21 2 0.0209486
121.31 1 0.0806588
121.31 2 0.0209486
121.41 1 0.0806588
121.41 2 0.0209486
121.51 1 0.0806588
121.51 2 0.0209486
121.61 1 0.0806588
121.61 2 0.0209486
121.71 1 0.0806588
121.71 2 0.0209486
121.81 1 0.0806588
121.81 2 0.0209486
121.91 1 0.0806588
121.91 2 0.0209486
122.01 1 0.0806588
122.01 2 0.0209486
122.11 1 0.0806588
122.11 2 0.0209486
122.21 1 0.0806588
122.21 2 0.0209486
122.31 1 0.0806588
122.31 2 0.0209486
122.41 1 0.0806588
122.41 2 0.0209486
122.51 1 0.0806588
122.51 2 0.0209486
122.61 1 0.0806588
122.61 2 0.0209486
122.71 1 0.0806588
122.71 2 0.0209486
122.81 1 0.0806588
122.81 2 0.0209486
122.91 1 0.0806588
122.91 2 0.0209486
123.01 1 0.0806588
123.01 2 0.0209486
123.11 1 0.0806588
123.11 2 0.0209486
123.21 1 0.0806588
123.21 2 0.0209486
123.31 1 0.0806588
123.31 2 0.0209486
123.41 1 0.0806588
123.41 2 0.0209486
123.51 1 0.0806588
123.51 2 0.0209486
123.61 1 0.0806588
123.61 2 0.0209486
123.71 1 0.0806588
123.71 2 0.0209486
123.81 1 0.0806588
123.81 2 0.0209486
123.91 1 0.0806588
123.91 2 0.0209486
124.01 1 0.0806588
124.01 2 0.0209486
124.11 1 0.0806588
124.11 2 0.0209486
124.21 1 0.0806588
124.21 2 0.0209486
124.31 1 0.0806588
124.31 2 0.0209486
124.41 1 0.0806588
124.41 2 0.0209486
124.51 1 0.0806588
124.51 2 0.0209486
124.61 1 0.0806588
124.61 2 0.0209486
124.71 1 0.0806588
124.71 2 0.0209486
124.81 1 0.0806588
124.81 2 0.0209486
124.91 1 0.0806588
124.91 2 0.0209486
125.01 1 0.0806588
125.01 2 0.0209486
125.11 1 0.0806588
125.11 2 0.0209486
125.21 1 0.0806588
125.21 2 0.0209486
125.31 1 0.0806588
125.31 2 0.0209486
125.41 1 0.0806588
125.41 2 0.0209486
125.51 1 0.0806588
125.51 2 0.0209486
125.61 1 0.0806588
125.61 2 0.0209486
125.71 1 0.0806588
125.71 2 0.0209486
125.81 1 0.0806588
125.81 2 0.0209486
125.91 1 0.0806588
125.91 2 0.0209486
126.01 1 0.0806588
126.01 2 0.0209486
126.11 1 0.0806588
126.11 2 0.0209486
126.21 1 0.0806588
126.21 2 0.0209486
126.31 1 0.0806588
126.31 2 0.0209486
126.41 1 0.0806588
126.41 2 0.0209486
126.51 1 0.0806588
126.51 2 0.0209486
126.61 1 0.0806588
126.61 2 0.0209486
126.71 1 0.0806588
126.71 2 0.0209486
126.81 1 0.0806588
126.81 2 0.0209486
126.91 1 0.0806588
126.91 2 0.0209486
127.01 1 0.0806588
127.01 2 0.0209486
127.11 1 0.0806588
127.11 2 0.0209486
127.21 1 0.0806588
127.21 2 0.0209486
127.31 1 0.0806588
127.31 2 0.0209486
127.41 1 0.0806588
127.41 2 0.0209486
127.51 1 0.0806588
127.51 2 0.0209486
127.61 1 0.0806588
127.61 2 0.0209486
127.71 1 0.0806588
127.71 2 0.0209486
127.81 1 0.0806588
127.81 2 0.0209486
127.91 1 0.0806588
127.91 2 0.0209486
128.01 1 0.0806588
128.01 2 0.0209486
128.11 1 0.0806588
128.11 2 0.0209486
128.21 1 0.0806588
128.21 2 0.0209486
128.31 1 0.0806588
128.31 2 0.0209486
128.41 1 0.0806588
128.41 2 0.0209486
128.51 1 0.0806588
128.51 2 0.0209486
128.61 1 0.0806588
128.61 2 0.0209486
128.71 1 0.0806588
128.71 2 0.0209486
128.81 1 0.0806588
128.81 2 0.0209486
128.91 1 0.0806588
128.91 2 0.0209486
129.01 1 0.0806588
129.01 2 0.0209486
129.11 1 0.0806588
129.11 2 0.0209486
129.21 1 0.0806588
129.21 2 0.0209486
129.31 1 0.0806588
129.31 2 0.0209486
129.41 1 0.0806588
129.41 2 0.0209486
129.51 1 0.0806588
129.51 2 0.0209486
129.61 1 0.0806588
129.61 2 0.0209486
129.71 1 0.0806588
129.71 2 0.0209486
129.81 1 0.0806588
129.81 2 0.0209486
129.91 1 0.0806588
129.91 2 0.0209486
130.01 1 0.0806588
130.01 2 0.0209486
130.11 1 0.0806588
130.11 2 0.0209486
130.21 1 0.0806588
130.21 2 0.0209486
130.31 1 0.0806588
130.31 2 0.0209486
130.41 1 0.0806588
130.41 2 0.0209486
130.51 1 0.0806588
130.51 2 0.0209486
130.61 1 0.0806588
130.61 2 0.0209486
130.71 1 0.0806588
130.71 2 0.0209486
130.81 1 0.0806588
130.81 2 0.0209486
130.91 1 0.0806588
130.91 2 0.0209486
131.01 1 0.0806588
131.01 2 0.0209486
131.11 1 0.0806588
131.11 2 0.0209486
131.21 1 0.0806588
131.21 2 0.0209486
131.31 1 0.0806588
131.31 2 0.0209486
131.41 1 0.0806588
131.41 2 0.0209486
131.51 1 0.0806588
131.51 2 0.0209486
131.61 1 0.0806588
131.61 2 0.0209486
131.71 1 0.0806588
131.71 2 0.0209486
131.81 1 0.0806588
131.81 2 0.0209486
131.91 1 0.0806588
131.91 2 0.0209486
132.01 1 0.0806588
132.01 2 0.0209486
132.11 1 0.0806588
132.11 2 0.0209486
132.21 1 0.0806588
132.21 2 0.0209486
132.31 1 0.0806588
132.31 2 0.0209486
132.41 1 0.0806588
132.41 2 0.0209486
132.51 1 0.0806588
132.51 2 0.0209486
132.61 1 0.0806588
132.61 2 0.0209486
132.71 1 0.0806588
132.71 2 0.0209486
132.81 1 0.0806588
132.81 2 0.0209486
132.91 1 0.0806588
132.91 2 0.0209486
133.01 1 0.0806588
133.01 2 0.0209486
133.11 1 0.0806588
133.11 2 0.0209486
133.21 1 0.0806588
133.21 2 0.0209486
133.31 1 0.0806588
133.31 2 0.0209486
133.41 1 0.0806588
133.41 2 0.0209486
133.51 1 0.0806588
133.51 2 0.0209486
133.61 1 0.0806588
133.61 2 0.0209486
133.71 1 0.0806588
133.71 2 0.0209486
133.81 1 0.0806588
133.81 2 0.0209486
133.91 1 0.0806588
133.91 2 0.0209486
134.01 1 0.0806588
134.01 2 0.0209486
134.11 1 0.0806588
134.11 2 0.0209486
134.21 1 0.0806588
134.21 2 0.0209486
134.31 1 0.0806588
134.31 2 0.0209486
134.41 1 0.0806588
134.41 2 0.0209486
134.51 1 0.0806588
134.51 2 0.0209486
134.61 1 0.0806588
134.61 2 0.0209486
134.71 1 0.0806588
134.71 2 0.0209486
134.81 1 0.0806588
134.81 2 0.0209486
134.91 1 0.0806588
134.91 2 0.0209486
135.01 1 0.0806588
135.01 2 0.0209486
135.11 1 0.0806588
135.11 2 0.0209486
135.21 1 0.0806588
135.21 2 0.0209486
135.31 1 0.0806588
135.31 2 0.0209486
135.41 1 0.0806588
135.41 2 0.0209486
135.51 1 0.0806588
135.51 2 0.0209486
135.61 1 0.0806588
135.61 2 0.0209486
135.71 1 0.0806588
135.71 2 0.0209486
135.81 1 0.0806588
135.81 2 0.0209486
135.91 1 0.0806588
135.91 2 0.0209486
136.01 1 0.0806588
136.01 2 0.0209486
136.11 1 0.0806588
136.11 2 0.0209486
136.21 1 0.0806588
136.21 2 0.0209486
136.31 1 0.0806588
136.31 2 0.0209486
136.41 1 0.0806588
136.41 2 0.0209486
136.51 1 0.0806588
136.51 2 0.0209486
136.61 1 0.0806588
136.61 2 0.0209486
136.71 1 0.0806588
136.71 2 0.0209486
136.81 1 0.0806588
136.81 2 0.0209486
136.91 1 0.0806588
136.91 2 0.0209486
137.01 1 0.0806588
137.01 2 0.0209486
137.11 1 0.0806588
137.11 2 0.0209486
137.21 1 0.0806588
137.21 2 0.0209486
137.31 1 0.0806588
137.31 2 0.0209486
137.41 1 0.0806588
137.41 2 0.0209486
137.51 1 0.0806588
137.51 2 0.0209486
137.61 1 0.0806588
137.61 2 0.0209486
137.71 1 0.0806588
137.71 2 0.0209486
137.81 1 0.0806588
137.81 2 0.0209486
137.91 1 0.0806588
137.91 2 0.0209486
138.01 1 0.0806588
138.01 2 0.0209486
138.11 1 0.0806588
138.11 2 0.0209486
138.21 1 0.0806588
138.21 2 0.0209486
138.31 1 0.0806588
138.31 2 0.0209486
138.41 1 0.0806588
138.41 2 0.0209486
138.51 1 0.0806588
138.51 2 0.0209486
138.61 1 0.0806588
138.61 2 0.0209486
138.71 1 0.0806588
138.71 2 0.0209486
138.81 1 0.0806588
138.81 2 0.0209486
138.91 1 0.0806588
138.91 2 0.0209486
139.01 1 0.0806588
139.01 2 0.0209486
139.11 1 0.0806588
139.11 2 0.0209486
139.21 1 0.0806588
139.21 2 0.0209486
139.31 1 0.0806588
139.31 2 0.0209486
139.41 1 0.0806588
139.41 2 0.0209486
139.51 1 0.0806588
139.51 2 0.0209486
139.61 1 0.0806588
139.61 2 0.0209486
139.71 1 0.0806588
139.71 2 0.0209486
139.81 1 0.0806588
139.81 2 0.0209486
139.91 1 0.0806588
139.91 2 0.0209486
140.01 1 0.0806588
140.01 2 0.0209486
140.11 1 0.0806588
140.11 2 0.0209486
140.21 1 0.0806588
140.21 2 0.0209486
140.31 1 0.0806588
140.31 2 0.0209486
140.41 1 0.0806588
140.41 2 0.0209486
140.51 1 0.0806588
140.51 2 0.0209486
140.61 1 0.0806588
140.61 2 0.0209486
140.71 1 0.0806588
140.71 2 0.0209486
140.81 1 0.0806588
140.81 2 0.0209486
140.91 1 0.0806588
140.91 2 0.0209486
141.01 1 0.0806588
141.01 2 0.0209486
141.11 1 0.0806588
141.11 2 0.0209486
141.21 1 0.0806588
141.21 2 0.0209486
141.31 1 0.0806588
141.31 2 0.0209486
141.41 1 0.0806588
141.41 2 0.0209486
141.51 1 0.0806588
141.51 2 0.0209486
141.61 1 0.0806588
141.61 2 0.0209486
141.71 1 0.0806588
141.71 2 0.0209486
141.81 1 0.0806588
141.81 2 0.0209486
141.91 1 0.0806588
141.91 2 0.0209486
142.01 1 0.0806588
142.01 2 0.0209486
142.11 1 0.0806588
142.11 2 0.0209486
142.21 1 0.0806588
142.21 2 0.0209486
142.31 1 0.0806588
142.31 2 0.0209486
142.41 1 0.0806588
142.41 2 0.0209486
142.51 1 0.0806588
142.51 2 0.0209486
142.61 1 0.0806588
142.61 2 0.0209486
142.71 1 0.0806588
142.71 2 0.0209486
142.81 1 0.0806588
142.81 2 0.0209486
142.91 1 0.0806588
142.91 2 0.0209486
143.01 1 0.0806588
143.01 2 0.0209486
143.11 1 0.0806588
143.11 2 0.0209486
143.21 1 0.0806588
143.21 2 0.0209486
143.31 1 0.0806588
143.31 2 0.0209486
143.41 1 0.0806588
143.41 2 0.0209486
143.51 1 0.0806588
143.51 2 0.0209486
143.61 1 0.0806588
143.61 2 0.0209486
143.71 1 0.0806588
143.71 2 0.0209486
143.81 1 0.0806588
143.81 2 0.0209486
143.91 1 0.0806588
143.91 2 0.0209486
144.01 1 0.0806588
144.01 2 0.0209486
144.11 1 0.0806588
144.11 2 0.0209486
144.21 1 0.0806588
144.21 2 0.0209486
144.31 1 0.0806588
144.31 2 0.0209486
144.41 1 0.0806588
144.41 2 0.0209486
144.51 1 0.0806588
144.51 2 0.0209486
144.61 1 0.0806588
144.61 2 0.0209486
144.71 1 0.0806588
144.71 2 0.0209486
144.81 1 0.0806588
144.81 2 0.0209486
144.91 1 0.0806588
144.91 2 0.0209486
145.01 1 0.0806588
145.01 2 0.0209486
145.11 1 0.0806588
145.11 2 0.0209486
145.21 1 0.0806588
145.21 2 0.0209486
145.31 1 0.0806588
145.31 2 0.0209486
145.41 1 0.0806588
145.41 2 0.0209486
145.51 1 0.0806588
145.51 2 0.0209486
145.61 1 0.0806588
145.61 2 0.0209486
145.71 1 0.0806588
145.71 2 0.0209486
145.81 1 0.0806588
145.81 2 0.0209486
145.91 1 0.0806588
145.91 2 0.0209486
146.01 1 0.0806588
146.01 2 0.0209486
146.11 1 0.0806588
146.11 2 0.0209486
146.21 1 0.0806588
146.21 2 0.0209486
146.31 1 0.0806588
146.31 2 0.0209486
146.41 1 0.0806588
146.41 2 0.0209486
146.51 1 0.0806588
146.51 2 0.0209486
146.61 1 0.0806588
146.61 2 0.0209486
146.71 1 0.0806588
146.71 2 0.0209486
146.81 1 0.0806588
146.81 2 0.0209486
146.91 1 0.0806588
146.91 2 0.0209486
147.01 1 0.0806588
147.01 2 0.0209486
147.11 1 0.0806588
147.11 2 0.0209486
147.21 1 0.0806588
147.21 2 0.0209486
147.31 1 0.0806588
147.31 2 0.0209486
147.41 1 0.0806588
147.41 2 0.0209486
147.51 1 0.0806588
147.51 2 0.0209486
147.61 1 0.0806588
147.61 2 0.0209486
147.71 1 0.0806588
147.71 2 0.0209486
147.81 1 0.0806588
147.81 2 0.0209486
147.91 1 0.0806588
147.91 2 0.0209486
148.01 1 0.0806588
148.01 2 0.0209486
148.11 1 0.0806588
148.11 2 0.0209486
148.21 1 0.0806588
148.21 2 0.0209486
148.31 1 0.0806588
148.31 2 0.0209486
148.41 1 0.0806588
148.41 2 0.0209486
148.51 1 0.0806588
148.51 2 0.0209486
148.61 1 0.0806588
148.61 2 0.0209486
148.71 1 0.0806588
148.71 2 0.0209486
148.81 1 0.0806588
148.81 2 0.0209486
148.91 1 0.0806588
148.91 2 0.0209486
149.01 1 0.0806588
149.01 2 0.0209486
149.11 1 0.0806588
149.11 2 0.0209486
149.21 1 0.0806588
149.21 2 0.0209486
149.31 1 0.0806588
149.31 2 0.0209486
149.41 1 0.0806588
149.41 2 0.0209486
149.51 1 0.0806588
149.51 2 0.0209486
149.61 1 0.0806588
149.61 2 0.0209486
149.71 1 0.0806588
149.71 2 0.0209486
149.81 1 0.0806588
149.81 2 0.0209486
149.91 1 0.0806588
149.91 2 0.0209486
150.01 1 0.0806588
150.01 2 0.0209486
150.11 1 0.0806588
150.11 2 0.0209486
150.21 1 0.0806588
150.21 2 0.0209486
150.31 1 0.0806588
150.31 2 0.0209486
150.41 1 0.0806588
150.41 2 0.0209486
150.51 1 0.0806588
150.51 2 0.0209486
150.61 1 0.0806588
150.61 2 0.0209486
150.71 1 0.0806588
150.71 2 0.0209486
150.81 1 0.0806588
150.81 2 0.0209486
150.91 1 0.0806588
150.91 2 0.0209486
151.01 1 0.0806588
151.01 2 0.0209486
151.11 1 0.0806588
151.11 2 0.0209486
151.21 1 0.0806588
151.21 2 0.0209486
151.31 1 0.0806588
151.31 2 0.0209486
151.41 1 0.0806588
151.41 2 0.0209486
151.51 1 0.0806588
151.51 2 0.0209486
151.61 1 0.0806588
151.61 2 0.0209486
151.71 1 0.0806588
151.71 2 0.0209486
151.81 1 0.0806588
151.81 2 0.0209486
151.91 1 0.0806588
151.91 2 0.0209486
152.01 1 0.0806588
152.01 2 0.0209486
152.11 1 0.0806588
152.11 2 0.0209486
152.21 1 0.0806588
152.21 2 0.0209486
152.31 1 0.0806588
152.31 2 0.0209486
152.41 1 0.0806588
152.41 2 0.0209486
152.51 1 0.0806588
152.51 2 0.0209486
152.61 1 0.0806588
152.61 2 0.0209486
152.71 1 0.0806588
152.71 2 0.0209486
152.81 1 0.0806588
152.81 2 0.0209486
152.91 1 0.0806588
152.91 2 0.0209486
153.01 1 0.0806588
153.01 2 0.0209486
153.11 1 0.0806588
153.11 2 0.0209486
153.21 1 0.0806588
153.21 2 0.0209486
153.31 1 0.0806588
153.31 2 0.0209486
153.41 1 0.0806588
153.41 2 0.0209486
153.51 1 0.0806588
153.51 2 0.0209486
153.61 1 0.0806588
153.61 2 0.0209486
153.71 1 0.0806588
153.71 2 0.0209486
153.81 1 0.0806588
153.81 2 0.0209486
153.91 1 0.0806588
153.91 2 0.0209486
154.01 1 0.0806588
154.01 2 0.0209486
154.11 1 0.0806588
154.11 2 0.0209486
154.21 1 0.0806588
154.21 2 0.0209486
154.31 1 0.0806588
154.31 2 0.0209486
154.41 1 0.0806588
154.41 2 0.0209486
154.51 1 0.0806588
154.51 2 0.0209486
154.61 1 0.0806588
154.61 2 0.0209486
154.71 1 0.0806588
154.71 2 0.0209486
154.81 1 0.0806588
154.81 2 0.0209486
154.91 1 0.0806588
154.91 2 0.0209486
155.01 1 0.0806588
155.01 2 0.0209486
155.11 1 0.0806588
155.11 2 0.0209486
155.21 1 0.0806588
155.21 2 0.0209486
155.31 1 0.0806588
155.31 2 0.0209486
155.41 1 0.0806588
155.41 2 0.0209486
155.51 1 0.0806588
155.51 2 0.0209486
155.61 1 0.0806588
155.61 2 0.0209486
155.71 1 0.0806588
155.71 2 0.0209486
155.81 1 0.0806588
155.81 2 0.0209486
155.91 1 0.0806588
155.91 2 0.0209486
156.01 1 0.0806588
156.01 2 0.0209486
156.11 1 0.0806588
156.11 2 0.0209486
156.21 1 0.0806588
156.21 2 0.0209486
156.31 1 0.0806588
156.31 2 0.0209486
156.41 1 0.0806588
156.41 2 0.0209486
156.51 1 0.0806588
156.51 2 0.0209486
156.61 1 0.0806588
156.61 2 0.0209486
156.71 1 0.0806588
156.71 2 0.0209486
156.81 1 0.0806588
156.81 2 0.0209486
156.91 1 0.0806588
156.91 2 0.0209486
157.01 1 0.0806588
157.01 2 0.0209486
157.11 1 0.0806588
157.11 2 0.0209486
157.21 1 0.0806588
157.21 2 0.0209486
157.31 1 0.0806588
157.31 2 0.0209486
157.41 1 0.0806588
157.41 2 0.0209486
157.51 1 0.0806588
157.51 2 0.0209486
157.61 1 0.0806588
157.61 2 0.0209486
157.71 1 0.0806588
157.71 2 0.0209486
157.81 1 0.0806588
157.81 2 0.0209486
157.91 1 0.0806588
157.91 2 0.0209486
158.01 1 0.0806588
158.01 2 0.0209486
158.11 1 0.0806588
158.11 2 0.0209486
158.21 1 0.0806588
158.21 2 0.0209486
158.31 1 0.0806588
158.31 2 0.0209486
158.41 1 0.0806588
158.41 2 0.0209486
158.51 1 0.0806588
158.51 2 0.0209486
158.61 1 0.0806588
158.61 2 0.0209486
158.71 1 0.0806588
158.71 2 0.0209486
158.81 1 0.0806588
158.81 2 0.0209486
158.91 1 0.0806588
158.91 2 0.0209486
159.01 1 0.0806588
159.01 2 0.0209486
159.11 1 0.0806588
159.11 2 0.0209486
159.21 1 0.0806588
159.21 2 0.0209486
159.31 1 0.0806588
159.31 2 0.0209486
159.41 1 0.0806588
159.41 2 0.0209486
159.51 1 0.0806588
159.51 2 0.0209486
159.61 1 0.0806588
159.61 2 0.0209486
159.71 1 0.0806588
159.71 2 0.0209486
159.81 1 0.0806588
159.81 2 0.0209486
159.91 1 0.0806588
159.91 2 0.0209486
160.01 1 0.0806588
160.01 2 0.0209486
160.11 1 0.0806588
160.11 2 0.0209486
160.21 1 0.0806588
160.21 2 0.0209486
160.31 1 0.0806588
160.31 2 0.0209486
160.41 1 0.0806588
160.41 2 0.0209486
160.51 1 0.0806588
160.51 2 0.0209486
160.61 1 0.0806588
160.61 2 0.0209486
160.71 1 0.0806588
160.71 2 0.0209486
160.81 1 0.0806588
160.81 2 0.0209486
160.91 1 0.0806588
160.91 2 0.0209486
161.01 1 0.0806588
161.01 2 0.0209486
161.11 1 0.0806588
161.11 2 0.0209486
161.21 1 0.0806588
161.21 2 0.0209486
161.31 1 0.0806588
161.31 2 0.0209486
161.41 1 0.0806588
161.41 2 0.0209486
161.51 1 0.0806588
161.51 2 0.0209486
161.61 1 0.0806588
161.61 2 0.0209486
161.71 1 0.0806588
161.71 2 0.0209486
161.81 1 0.0806588
161.81 2 0.0209486
161.91 1 0.0806588
161.91 2 0.0209486
162.01 1 0.0806588
162.01 2 0.0209486
162.11 1 0.0806588
162.11 2 0.0209486
162.21 1 0.0806588
162.21 2 0.0209486
162.31 1 0.0806588
162.31 2 0.0209486
162.41 1 0.0806588
162.41 2 0.0209486
162.51 1 0.0806588
162.51 2 0.0209486
162.61 1 0.0806588
162.61 2 0.0209486
162.71 1 0.0806588
162.71 2 0.0209486
162.81 1 0.0806588
162.81 2 0.0209486
162.91 1 0.0806588
162.91 2 0.0209486
163.01 1 0.0806588
163.01 2 0.0209486
163.11 1 0.0806588
163.11 2 0.0209486
163.21 1 0.0806588
163.21 2 0.0209486
163.31 1 0.0806588
163.31 2 0.0209486
163.41 1 0.0806588
163.41 2 0.0209486
163.51 1 0.0806588
163.51 2 0.0209486
163.61 1 0.0806588
163.61 2 0.0209486
163.71 1 0.0806588
163.71 2 0.0209486
163.81 1 0.0806588
163.81 2 0.0209486
163.91 1 0.0806588
163.91 2 0.0209486
164.01 1 0.0806588
164.01 2 0.0209486
164.11 1 0.0806588
164.11 2 0.0209486
164.21 1 0.0806588
164.21 2 0.0209486
164.31 1 0.0806588
164.31 2 0.0209486
164.41 1 0.0806588
164.41 2 0.0209486
164.51 1 0.0806588
164.51 2 0.0209486
164.61 1 0.0806588
164.61 2 0.0209486
164.71 1 0.0806588
164.71 2 0.0209486
164.81 1 0.0806588
164.81 2 0.0209486
164.91 1 0.0806588
164.91 2 0.0209486
165.01 1 0.0806588
165.01 2 0.0209486
165.11 1 0.0806588
165.11 2 0.0209486
165.21 1 0.0806588
165.21 2 0.0209486
165.31 1 0.0806588
165.31 2 0.0209486
165.41 1 0.0806588
165.41 2 0.0209486
165.51 1 0.0806588
165.51 2 0.0209486
165.61 1 0.0806588
165.61 2 0.0209486
165.71 1 0.0806588
165.71 2 0.0209486
165.81 1 0.0806588
165.81 2 0.0209486
165.91 1 0.0806588
165.91 2 0.0209486
166.01 1 0.0806588
166.01 2 0.0209486
166.11 1 0.0806588
166.11 2 0.0209486
166.21 1 0.0806588
166.21 2 0.0209486
166.31 1 0.0806588
166.31 2 0.0209486
166.41 1 0.0806588
166.41 2 0.0209486
166.51 1 0.0806588
166.51 2 0.0209486
166.61 1 0.0806588
166.61 2 0.0209486
166.71 1 0.0806588
166.71 2 0.0209486
166.81 1 0.0806588
166.81 2 0.0209486
166.91 1 0.0806588
166.91 2 0.0209486
167.01 1 0.0806588
167.01 2 0.0209486
167.11 1 0.0806588
167.11 2 0.0209486
167.21 1 0.0806588
167.21 2 0.0209486
167.31 1 0.0806588
167.31 2 0.0209486
167.41 1 0.0806588
167.41 2 0.0209486
167.51 1 0.0806588
167.51 2 0.0209486
167.61 1 0.0806588
167.61 2 0.0209486
167.71 1 0.0806588
167.71 2 0.0209486
167.81 1 0.0806588
167.81 2 0.0209486
167.91 1 0.0806588
167.91 2 0.0209486
168.01 1 0.0806588
168.01 2 0.0209486
168.11 1 0.0806588
168.11 2 0.0209486
168.21 1 0.0806588
168.21 2 0.0209486
168.31 1 0.0806588
168.31 2 0.0209486
168.41 1 0.0806588
168.41 2 0.0209486
168.51 1 0.0806588
168.51 2 0.0209486
168.61 1 0.0806588
168.61 2 0.0209486
168.71 1 0.0806588
168.71 2 0.0209486
168.81 1 0.0806588
168.81 2 0.0209486
168.91 1 0.0806588
168.91 2 0.0209486
169.01 1 0.0806588
169.01 2 0.0209486
169.11 1 0.0806588
169.11 2 0.0209486
169.21 1 0.0806588
169.21 2 0.0209486
169.31 1 0.0806588
169.31 2 0.0209486
169.41 1 0.0806588
169.41 2 0.0209486
169.51 1 0.0806588
169.51 2 0.0209486
169.61 1 0.0806588
169.61 2 0.0209486
169.71 1 0.0806588
169.71 2 0.0209486
169.81 1 0.0806588
169.81 2 0.0209486
169.91 1 0.0806588
169.91 2 0.0209486
170.01 1 0.0806588
170.01 2 0.0209486
170.11 1 0.0806588
170.11 2 0.0209486
170.21 1 0.0806588
170.21 2 0.0209486
170.31 1 0.0806588
170.31 2 0.0209486
170.41 1 0.0806588
170.41 2 0.0209486
170.51 1 0.0806588
170.51 2 0.0209486
170.61 1 0.0806588
170.61 2 0.0209486
170.71 1 0.0806588
170.71 2 0.0209486
170.81 1 0.0806588
170.81 2 0.0209486
170.91 1 0.0806588
170.91 2 0.0209486
171.01 1 0.0806588
171.01 2 0.0209486
171.11 1 0.0806588
171.11 2 0.0209486
171.21 1 0.0806588
171.21 2 0.0209486
171.31 1 0.0806588
171.31 2 0.0209486
171.41 1 0.0806588
171.41 2 0.0209486
171.51 1 0.0806588
171.51 2 0.0209486
171.61 1 0.0806588
171.61 2 0.0209486
171.71 1 0.0806588
171.71 2 0.0209486
171.81 1 0.0806588
171.81 2 0.0209486
171.91 1 0.0806588
171.91 2 0.0209486
172.01 1 0.0806588
172.01 2 0.0209486
172.11 1 0.0806588
172.11 2 0.0209486
172.21 1 0.0806588
172.21 2 0.0209486
172.31 1 0.0806588
172.31 2 0.0209486
172.41 1 0.0806588
172.41 2 0.0209486
172.51 1 0.0806588
172.51 2 0.0209486
172.61 1 0.0806588
172.61 2 0.0209486
172.71 1 0.0806588
172.71 2 0.0209486
172.81 1 0.0806588
172.81 2 0.0209486
172.91 1 0.0806588
172.91 2 0.0209486
173.01 1 0.0806588
173.01 2 0.0209486
173.11 1 0.0806588
173.11 2 0.0209486
173.21 1 0.0806588
173.21 2 0.0209486
173.31 1 0.0806588
173.31 2 0.0209486
173.41 1 0.0806588
173.41 2 0.0209486
173.51 1 0.0806588
173.51 2 0.0209486
173.61 1 0.0806588
173.61 2 0.0209486
173.71 1 0.0806588
173.71 2 0.0209486
173.81 1 0.0806588
173.81 2 0.0209486
173.91 1 0.0806588
173.91 2 0.0209486
174.01 1 0.0806588
174.01 2 0.0209486
174.11 1 0.0806588
174.11 2 0.0209486
174.21 1 0.0806588
174.21 2 0.0209486
174.31 1 0.0806588
174.31 2 0.0209486
174.41 1 0.0806588
174.41 2 0.0209486
174.51 1 0.0806588
174.51 2 0.0209486
174.61 1 0.0806588
174.61 2 0.0209486
174.71 1 0.0806588
174.71 2 0.0209486
174.81 1 0.0806588
174.81 2 0.0209486
174.91 1 0.0806588
174.91 2 0.0209486
175.01 1 0.0806588
175.01 2 0.0209486
175.11 1 0.0806588
175.11 2 0.0209486
175.21 1 0.0806588
175.21 2 0.0209486
175.31 1 0.0806588
175.31 2 0.0209486
175.41 1 0.0806588
175.41 2 0.0209486
175.51 1 0.0806588
175.51 2 0.0209486
175.61 1 0.0806588
175.61 2 0.0209486
175.71 1 0.0806588
175.71 2 0.0209486
175.81 1 0.0806588
175.81 2 0.0209486
175.91 1 0.0806588
175.91 2 0.0209486
176.01 1 0.0806588
176.01 2 0.0209486
176.11 1 0.0806588
176.11 2 0.0209486
176.21 1 0.0806588
176.21 2 0.0209486
176.31 1 0.0806588
176.31 2 0.0209486
176.41 1 0.0806588
176.41 2 0.0209486
176.51 1 0.0806588
176.51 2 0.0209486
176.61 1 0.0806588
176.61 2 0.0209486
176.71 1 0.0806588
176.71 2 0.0209486
176.81 1 0.0806588
176.81 2 0.0209486
176.91 1 0.0806588
176.91 2 0.0209486
177.01 1 0.0806588
177.01 2 0.0209486
177.11 1 0.0806588
177.11 2 0.0209486
177.21 1 0.0806588
177.21 2 0.0209486
177.31 1 0.0806588
177.31 2 0.0209486
177.41 1 0.0806588
177.41 2 0.0209486
177.51 1 0.0806588
177.51 2 0.0209486
177.61 1 0.0806588
177.61 2 0.0209486
177.71 1 0.0806588
177.71 2 0.0209486
177.81 1 0.0806588
177.81 2 0.0209486
177.91 1 0.0806588
177.91 2 0.0209486
178.01 1 0.0806588
178.01 2 0.0209486
178.11 1 0.0806588
178.11 2 0.0209486
178.21 1 0.0806588
178.21 2 0.0209486
178.31 1 0.0806588
178.31 2 0.0209486
178.41 1 0.0806588
178.41 2 0.0209486
178.51 1 0.0806588
178.51 2 0.0209486
178.61 1 0.0806588
178.61 2 0.0209486
178.71 1 0.0806588
178.71 2 0.0209486
178.81 1 0.0806588
178.81 2 0.0209486
178.91 1 0.0806588
178.91 2 0.0209486
179.01 1 0.0806588
179.01 2 0.0209486
179.11 1 0.0806588
179.11 2 0.0209486
179.21 1 0.0806588
179.21 2 0.0209486
179.31 1 0.0806588
179.31 2 0.0209486
179.41 1 0.0806588
179.41 2 0.0209486
179.51 1 0.0806588
179.51 2 0.0209486
179.61 1 0.0806588
179.61 2 0.0209486
179.71 1 0.0806588
179.71 2 0.0209486
179.81 1 0.0806588
179.81 2 0.0209486
179.91 1 0.0806588
179.91 2 0.0209486
180.01 1 0.0806588
180.01 2 0.0209486
180.11 1 0.0806588
180.11 2 0.0209486
180.21 1 0.0806588
180.21 2 0.0209486
180.31 1 0.0806588
180.31 2 0.0209486
180.41 1 0.0806588
180.41 2 0.0209486
180.51 1 0.0806588
180.51 2 0.0209486
180.61 1 0.0806588
180.61 2 0.0209486
180.71 1 0.0806588
180.71 2 0.0209486
180.81 1 0.0806588
180.81 2 0.0209486
180.91 1 0.0806588
180.91 2 0.0209486
181.01 1 0.0806588
181.01 2 0.0209486
181.11 1 0.0806588
181.11 2 0.0209486
181.21 1 0.0806588
181.21 2 0.0209486
181.31 1 0.0806588
181.31 2 0.0209486
181.41 1 0.0806588
181.41 2 0.0209486
181.51 1 0.0806588
181.51 2 0.0209486
181.61 1 0.0806588
181.61 2 0.0209486
181.71 1 0.0806588
181.71 2 0.0209486
181.81 1 0.0806588
181.81 2 0.0209486
181.91 1 0.0806588
181.91 2 0.0209486
182.01 1 0.0806588
182.01 2 0.0209486
182.11 1 0.0806588
182.11 2 0.0209486
182.21 1 0.0806588
182.21 2 0.0209486
182.31 1 0.0806588
182.31 2 0.0209486
182.41 1 0.0806588
182.41 2 0.0209486
182.51 1 0.0806588
182.51 2 0.0209486
182.61 1 0.0806588
182.61 2 0.0209486
182.71 1 0.0806588
182.71 2 0.0209486
182.81 1 0.0806588
182.81 2 0.0209486
182.91 1 0.0806588
182.91 2 0.0209486
183.01 1 0.0806588
183.01 2 0.0209486
183.11 1 0.0806588
183.11 2 0.0209486
183.21 1 0.0806588
183.21 2 0.0209486
183.31 1 0.0806588
183.31 2 0.0209486
183.41 1 0.0806588
183.41 2 0.0209486
183.51 1 0.0806588
183.51 2 0.0209486
183.61 1 0.0806588
183.61 2 0.0209486
183.71 1 0.0806588
183.71 2 0.0209486
183.81 1 0.0806588
183.81 2 0.0209486
183.91 1 0.0806588
183.91 2 0.0209486
184.01 1 0.0806588
184.01 2 0.0209486
184.11 1 0.0806588
184.11 2 0.0209486
184.21 1 0.0806588
184.21 2 0.0209486
184.31 1 0.0806588
184.31 2 0.0209486
184.41 1 0.0806588
184.41 2 0.0209486
184.51 1 0.0806588
184.51 2 0.0209486
184.61 1 0.0806588
184.61 2 0.0209486
184.71 1 0.0806588
184.71 2 0.0209486
184.81 1 0.0806588
184.81 2 0.0209486
184.91 1 0.0806588
184.91 2 0.0209486
185.01 1 0.0806588
185.01 2 0.0209486
185.11 1 0.0806588
185.11 2 0.0209486
185.21 1 0.0806588
185.21 2 0.0209486
185.31 1 0.0806588
185.31 2 0.0209486
185.41 1 0.0806588
185.41 2 0.0209486
185.51 1 0.0806588
185.51 2 0.0209486
185.61 1 0.0806588
185.61 2 0.0209486
185.71 1 0.0806588
185.71 2 0.0209486
185.81 1 0.0806588
185.81 2 0.0209486
185.91 1 0.0806588
185.91 2 0.0209486
186.01 1 0.0806588
186.01 2 0.0209486
186.11 1 0.0806588
186.11 2 0.0209486
186.21 1 0.0806588
186.21 2 0.0209486
186.31 1 0.0806588
186.31 2 0.0209486
186.41 1 0.0806588
186.41 2 0.0209486
186.51 1 0.0806588
186.51 2 0.0209486
186.61 1 0.0806588
186.61 2 0.0209486
186.71 1 0.0806588
186.71 2 0.0209486
186.81 1 0.0806588
186.81 2 0.0209486
186.91 1 0.0806588
186.91 2 0.0209486
187.01 1 0.0806588
187.01 2 0.0209486
187.11 1 0.0806588
187.11 2 0.0209486
187.21 1 0.0806588
187.21 2 0.0209486
187.31 1 0.0806588
187.31 2 0.0209486
187.41 1 0.0806588
187.41 2 0.0209486
187.51 1 0.0806588
187.51 2 0.0209486
187.61 1 0.0806588
187.61 2 0.0209486
187.71 1 0.0806588
187.71 2 0.0209486
187.81 1 0.0806588
187.81 2 0.0209486
187.91 1 0.0806588
187.91 2 0.0209486
188.01 1 0.0806588
188.01 2 0.0209486
188.11 1 0.0806588
188.11 2 0.0209486
188.21 1 0.0806588
188.21 2 0.0209486
188.31 1 0.0806588
188.31 2 0.0209486
188.41 1 0.0806588
188.41 2 0.0209486
188.51 1 0.0806588
188.51 2 0.0209486
188.61 1 0.0806588
188.61 2 0.0209486
188.71 1 0.0806588
188.71 2 0.0209486
188.81 1 0.0806588
188.81 2 0.0209486
188.91 1 0.0806588
188.91 2 0.0209486
189.01 1 0.0806588
189.01 2 0.0209486
189.11 1 0.0806588
189.11 2 0.0209486
189.21 1 0.0806588
189.21 2 0.0209486
189.31 1 0.0806588
189.31 2 0.0209486
189.41 1 0.0806588
189.41 2 0.0209486
189.51 1 0.0806588
189.51 2 0.0209486
189.61 1 0.0806588
189.61 2 0.0209486
189.71 1 0.0806588
189.71 2 0.0209486
189.81 1 0.0806588
189.81 2 0.0209486
189.91 1 0.0806588
189.91 2 0.0209486
190.01 1 0.0806588
190.01 2 0.0209486
190.11 1 0.0806588
190.11 2 0.0209486
190.21 1 0.0806588
190.21 2 0.0209486
190.31 1 0.0806588
190.31 2 0.0209486
190.41 1 0.0806588
190.41 2 0.0209486
190.51 1 0.0806588
190.51 2 0.0209486
190.61 1 0.0806588
190.61 2 0.0209486
190.71 1 0.0806588
190.71 2 0.0209486
190.81 1 0.0806588
190.81 2 0.0209486
190.91 1 0.0806588
190.91 2 0.0209486
191.01 1 0.0806588
191.01 2 0.0209486
191.11 1 0.0806588
191.11 2 0.0209486
191.21 1 0.0806588
191.21 2 0.0209486
191.31 1 0.0806588
191.31 2 0.0209486
191.41 1 0.0806588
191.41 2 0.0209486
191.51 1 0.0806588
191.51 2 0.0209486
191.61 1 0.0806588
191.61 2 0.0209486
191.71 1 0.0806588
191.71 2 0.0209486
191.81 1 0.0806588
191.81 2 0.0209486
191.91 1 0.0806588
191.91 2 0.0209486
192.01 1 0.0806588
192.01 2 0.0209486
192.11 1 0.0806588
192.11 2 0.0209486
192.21 1 0.0806588
192.21 2 0.0209486
192.31 1 0.0806588
192.31 2 0.0209486
192.41 1 0.0806588
192.41 2 0.0209486
192.51 1 0.0806588
192.51 2 0.0209486
192.61 1 0.0806588
192.61 2 0.0209486
192.71 1 0.0806588
192.71 2 0.0209486
192.81 1 0.0806588
192.81 2 0.0209486
192.91 1 0.0806588
192.91 2 0.0209486
193.01 1 0.0806588
193.01 2 0.0209486
193.11 1 0.0806588
193.11 2 0.0209486
193.21 1 0.0806588
193.21 2 0.0209486
193.31 1 0.0806588
193.31 2 0.0209486
193.41 1 0.0806588
193.41 2 0.0209486
193.51 1 0.0806588
193.51 2 0.0209486
193.61 1 0.0806588
193.61 2 0.0209486
193.71 1 0.0806588
193.71 2 0.0209486
193.81 1 0.0806588
193.81 2 0.0209486
193.91 1 0.0806588
193.91 2 0.0209486
194.01 1 0.0806588
194.01 2 0.0209486
194.11 1 0.0806588
194.11 2 0.0209486
194.21 1 0.0806588
194.21 2 0.0209486
194.31 1 0.0806588
194.31 2 0.0209486
194.41 1 0.0806588
194.41 2 0.0209486
194.51 1 0.0806588
194.51 2 0.0209486
194.61 1 0.0806588
194.61 2 0.0209486
194.71 1 0.0806588
194.71 2 0.0209486
194.81 1 0.0806588
194.81 2 0.0209486
194.91 1 0.0806588
194.91 2 0.0209486
195.01 1 0.0806588
195.01 2 0.0209486
195.11 1 0.0806588
195.11 2 0.0209486
195.21 1 0.0806588
195.21 2 0.0209486
195.31 1 0.0806588
195.31 2 0.0209486
195.41 1 0.0806588
195.41 2 0.0209486
195.51 1 0.0806588
195.51 2 0.0209486
195.61 1 0.0806588
195.61 2 0.0209486
195.71 1 0.0806588
195.71 2 0.0209486
195.81 1 0.0806588
195.81 2 0.0209486
195.91 1 0.0806588
195.91 2 0.0209486
196.01 1 0.0806588
196.01 2 0.0209486
196.11 1 0.0806588
196.11 2 0.0209486
196.21 1 0.0806588
196.21 2 0.0209486
196.31 1 0.0806588
196.31 2 0.0209486
196.41 1 0.0806588
196.41 2 0.0209486
196.51 1 0.0806588
196.51 2 0.0209486
196.61 1 0.0806588
196.61 2 0.0209486
196.71 1 0.0806588
196.71 2 0.0209486
196.81 1 0.0806588
196.81 2 0.0209486
196.91 1 0.0806588
196.91 2 0.0209486
197.01 1 0.0806588
197.01 2 0.0209486
197.11 1 0.0806588
197.11 2 0.0209486
197.21 1 0.0806588
197.21 2 0.0209486
197.31 1 0.0806588
197.31 2 0.0209486
197.41 1 0.0806588
197.41 2 0.0209486
197.51 1 0.0806588
197.51 2 0.0209486
197.61 1 0.0806588
197.61 2 0.0209486
197.71 1 0.0806588
197.71 2 0.0209486
197.81 1 0.0806588
197.81 2 0.0209486
197.91 1 0.0806588
197.91 2 0.0209486
198.01 1 0.0806588
198.01 2 0.0209486
198.11 1 0.0806588
198.11 2 0.0209486
198.21 1 0.0806588
198.21 2 0.0209486
198.31 1 0.0806588
198.31 2 0.0209486
198.41 1 0.0806588
198.41 2 0.0209486
198.51 1 0.0806588
198.51 2 0.0209486
198.61 1 0.0806588
198.61 2 0.0209486
198.71 1 0.0806588
198.71 2 0.0209486
198.81 1 0.0806588
198.81 2 0.0209486
198.91 1 0.0806588
198.91 2 0.0209486
199.01 1 0.0806588
199.01 2 0.0209486
199.11 1 0.0806588
199.11 2 0.0209486
199.21 1 0.0806588
199.21 2 0.0209486
199.31 1 0.0806588
199.31 2 0.0209486
199.41 1 0.0806588
199.41 2 0.0209486
199.51 1 0.0806588
199.51 2 0.0209486
199.61 1 0.0806588
199.61 2 0.0209486
199.71 1 0.0806588
199.71 2 0.0209486
199.81 1 0.0806588
199.81 2 0.0209486
199.91 1 0.0806588
199.91 2 0.0209486
200.01 1 0.0806588
200.01 2 0.0209486
200.11 1 0.0806588
200.11 2 0.0209486
200.21 1 0.0806588
200.21 2 0.0209486
200.31 1 0.0806588
200.31 2 0.0209486
200.41 1 0.0806588
200.41 2 0.0209486
200.51 1 0.0806588
200.51 2 0.0209486
200.61 1 0.0806588
200.61 2 0.0209486
200.71 1 0.0806588
200.71 2 0.0209486
200.81 1 0.0806588
200.81 2 0.0209486
200.91 1 0.0806588
200.91 2 0.0209486
