0.0 0
0.114232 0.104
0.220339 0.10425
0.227525 0.104969
0.234722 0.105473
0.24192 0.105914
0.249117 0.106424
0.326435 0.115621
0.333632 0.114919
0.340829 0.114179
0.352538 0.114156
0.355719 0.113637
0.362421 0.113182
0.369618 0.112785
0.376815 0.112311
0.384013 0.112023
0.432531 0.116895
0.446248 0.116783
0.449429 0.116185
0.458634 0.115912
0.465831 0.115048
0.473029 0.114417
0.480226 0.113865
0.487423 0.113382
0.49462 0.112959
0.538627 0.117089
0.552344 0.116953
0.559541 0.116084
0.566738 0.115198
0.573936 0.114424
0.581133 0.113871
0.58833 0.113387
0.602047 0.113838
0.605228 0.113609
0.644723 0.117408
0.65844 0.117232
0.665637 0.116328
0.672834 0.115412
0.680032 0.114735
0.687229 0.114143
0.698938 0.114125
0.708143 0.114485
0.71534 0.113924
0.750819 0.116934
0.764536 0.116817
0.771733 0.11584
0.77893 0.114985
0.792647 0.115112
0.795828 0.114723
0.805034 0.114757
0.814239 0.114413
0.821436 0.113861
0.856915 0.116879
0.870632 0.116769
0.877829 0.115798
0.889538 0.115573
0.898743 0.115626
0.905941 0.114798
0.913138 0.114198
0.920335 0.113673
0.927532 0.113214
0.963011 0.116312
0.976728 0.116273
0.983925 0.115364
0.995634 0.115194
1.00484 0.11467
1.01204 0.114086
1.01923 0.113575
1.02643 0.113128
1.03363 0.112737
1.06911 0.115895
1.08282 0.115908
1.09002 0.11517
1.10173 0.115023
1.11094 0.11452
1.11813 0.113955
1.12533 0.113461
1.13905 0.113903
1.14223 0.113665
1.1752 0.116707
1.18892 0.116619
1.19612 0.115792
1.20783 0.115568
1.21703 0.115122
1.22423 0.114481
1.23594 0.114421
1.24514 0.114744
1.25234 0.114151
1.2813 0.116382
1.29502 0.116459
1.30221 0.115652
1.31392 0.115445
1.32764 0.115515
1.33082 0.114825
1.34203 0.114847
1.35124 0.114491
1.35844 0.11393
1.38739 0.116189
1.40111 0.11629
1.40831 0.115504
1.42002 0.115441
1.43373 0.115511
1.44093 0.114697
1.44813 0.11411
1.45733 0.113846
1.46453 0.113365
1.49349 0.11557
1.50721 0.115748
1.51441 0.11503
1.52611 0.115026
1.53983 0.115148
1.54703 0.114504
1.55423 0.113941
1.56343 0.113699
1.57063 0.113236
1.59959 0.115457
1.6133 0.115525
1.6205 0.114834
1.63221 0.11473
1.64593 0.114889
1.65312 0.114278
1.66032 0.113743
1.67404 0.11415
1.67722 0.113631
1.70568 0.115802
1.7194 0.115827
1.7266 0.115099
1.73831 0.114961
1.75202 0.115216
1.75922 0.114564
1.77093 0.114494
1.78013 0.114807
1.78733 0.114206
1.81178 0.115805
1.8255 0.11583
1.83269 0.115101
1.8444 0.114963
1.85812 0.115218
1.86532 0.114566
1.87702 0.11462
1.88623 0.114292
1.89343 0.113756
1.91787 0.115411
1.93159 0.115485
1.93879 0.114674
1.9505 0.11459
1.96421 0.114766
1.97141 0.114171
1.98312 0.114274
1.99233 0.11399
1.99952 0.113491
2.02397 0.115055
2.03769 0.115173
2.04489 0.114401
2.05659 0.114351
2.07031 0.114557
2.07751 0.113988
2.08922 0.113989
2.09842 0.113741
2.10562 0.113273
2.13007 0.114989
2.14378 0.115115
2.15098 0.114351
2.16269 0.114307
2.17641 0.114519
2.1836 0.113954
2.19531 0.11396
2.20903 0.11434
2.21221 0.113797
2.23616 0.115448
2.24988 0.115517
2.25708 0.114827
2.26879 0.114724
2.2825 0.114883
2.2897 0.114148
2.30141 0.114129
2.31513 0.114488
2.32232 0.113927
2.34226 0.115061
2.35598 0.115179
2.36317 0.114531
2.37488 0.114465
2.3886 0.114657
2.3958 0.11395
2.4075 0.113956
2.42122 0.114211
2.42842 0.113685
2.44835 0.114849
2.46207 0.115118
2.46927 0.114478
2.48098 0.114419
2.49469 0.114616
2.50189 0.113914
2.5136 0.113925
2.52732 0.114184
2.53452 0.113661
2.55445 0.114704
2.56817 0.114991
2.57536 0.114367
2.58707 0.114446
2.60079 0.11464
2.60799 0.113935
2.6197 0.113943
2.63341 0.1142
2.64061 0.113675
2.66055 0.114716
2.67426 0.114876
2.68146 0.114267
2.69317 0.114359
2.70689 0.114564
2.71408 0.113993
2.72579 0.113994
2.73951 0.114245
2.74671 0.113589
2.76664 0.114641
2.78036 0.11481
2.78756 0.114209
2.79927 0.114183
2.81298 0.11441
2.82018 0.113859
2.83189 0.113877
2.84561 0.114142
2.8528 0.113499
2.87274 0.114562
2.88646 0.114742
2.89365 0.114149
2.90536 0.11413
2.91908 0.114489
2.92628 0.113928
2.93798 0.113937
2.9517 0.114195
2.9589 0.113545
2.97883 0.114602
2.99255 0.114777
2.99975 0.114055
3.01146 0.114048
3.02517 0.114417
3.03237 0.113865
3.04408 0.114007
3.0578 0.114256
3.065 0.113599
3.08493 0.114649
3.09865 0.114818
3.10584 0.114091
3.11755 0.114079
3.13127 0.114319
3.13847 0.113779
3.15018 0.113932
3.16389 0.114191
3.17109 0.113667
3.19103 0.114833
3.20474 0.114979
3.21194 0.114232
3.22365 0.114203
3.23737 0.114427
3.24456 0.113874
3.25627 0.11389
3.26999 0.114154
3.27719 0.113634
3.29712 0.114805
3.31084 0.114954
3.31804 0.114335
3.32975 0.114293
3.34346 0.114507
3.35066 0.113943
3.36237 0.11395
3.37609 0.114332
3.38328 0.11379
3.40322 0.114941
3.41694 0.115074
3.42413 0.114439
3.43584 0.114385
3.44956 0.114586
3.45676 0.113888
3.46846 0.113902
3.48218 0.114289
3.48938 0.113753
3.50931 0.114909
3.52303 0.11517
3.53023 0.114524
3.54194 0.114459
3.55565 0.114651
3.56285 0.113945
3.57456 0.113952
3.58828 0.114208
3.59548 0.113682
3.61541 0.114847
3.62913 0.115116
3.63632 0.114476
3.64803 0.114542
3.66175 0.114724
3.66895 0.114009
3.68066 0.114007
3.69437 0.114257
3.70157 0.113724
3.72151 0.114759
3.73522 0.114914
3.74242 0.1143
3.75413 0.114387
3.76785 0.114589
3.77504 0.114015
3.78675 0.114013
3.80047 0.114262
3.80767 0.113729
3.8276 0.114763
3.84132 0.114918
3.84852 0.114303
3.86023 0.114265
3.87394 0.114482
3.88114 0.113922
3.89285 0.113931
3.90657 0.11419
3.91376 0.113541
3.9337 0.114599
3.94742 0.114774
3.95461 0.114177
3.96632 0.114155
3.98004 0.114511
3.98724 0.113947
3.99894 0.113953
4.01266 0.114209
4.01986 0.113558
4.03979 0.114613
4.05351 0.114787
4.06071 0.114063
4.07242 0.114055
4.08613 0.114423
4.09333 0.113871
4.10504 0.114012
4.11876 0.11426
4.12596 0.113603
4.14589 0.114652
4.15961 0.114821
4.1668 0.114093
4.17851 0.114082
4.19223 0.114321
4.19943 0.113781
4.21114 0.113934
4.22485 0.114192
4.23205 0.113668
4.25199 0.114709
4.2657 0.114871
4.2729 0.114137
4.28461 0.11412
4.29833 0.114355
4.30552 0.11381
4.31723 0.113834
4.33095 0.114105
4.33815 0.113592
4.35808 0.114768
4.3718 0.114922
4.379 0.114182
4.39071 0.114159
4.40442 0.114389
4.41162 0.11384
4.42333 0.11386
4.43705 0.114253
4.44424 0.113721
4.46418 0.114881
4.4779 0.115021
4.48509 0.114393
4.4968 0.114344
4.51052 0.114551
4.51772 0.113857
4.52942 0.113875
4.54314 0.114266
4.55034 0.113732
4.57027 0.114891
4.58399 0.11503
4.59119 0.114401
4.6029 0.114351
4.61661 0.114557
4.62381 0.113862
4.63552 0.11388
4.64924 0.114145
4.65644 0.113626
4.67637 0.114798
4.69009 0.115073
4.69728 0.114439
4.70899 0.114384
4.72271 0.114586
4.72991 0.113888
4.74162 0.113902
4.75533 0.114164
4.76253 0.113644
4.78247 0.114688
4.79618 0.114977
4.80338 0.114355
4.81509 0.114436
4.82881 0.114631
4.836 0.114052
4.84771 0.114046
4.86143 0.11429
4.86863 0.113754
4.88856 0.114785
4.90228 0.114937
4.90948 0.114319
4.92119 0.114405
4.9349 0.114604
4.9421 0.114028
4.95381 0.114025
4.96753 0.114272
4.97472 0.113613
4.99466 0.114661
5.00838 0.114829
5.01557 0.114225
5.02728 0.114197
5.041 0.114422
5.0482 0.113869
5.0599 0.113886
5.07362 0.11415
5.08082 0.113506
5.10075 0.114568
5.11447 0.114747
5.12167 0.114154
5.13338 0.114134
5.14709 0.114493
5.15429 0.113931
5.166 0.114065
5.17972 0.114307
5.18692 0.113643
5.20685 0.114688
5.22057 0.114852
5.22776 0.11412
5.23947 0.114105
5.25319 0.114467
5.26039 0.113909
5.2721 0.114045
5.28581 0.11429
5.29301 0.113753
5.31295 0.114784
5.32666 0.114936
5.33386 0.114194
5.34557 0.11417
5.35929 0.114399
5.36648 0.113849
5.37819 0.113993
5.39191 0.114244
5.39911 0.113713
5.41904 0.114874
5.43276 0.115015
5.43996 0.114263
5.45167 0.11423
5.46538 0.114451
5.47258 0.113895
5.48429 0.113908
5.49801 0.114295
5.5052 0.113758
5.52514 0.114913
5.53886 0.115049
5.54605 0.114418
5.55776 0.114366
5.57148 0.11457
5.57868 0.113999
5.59038 0.113999
5.6041 0.114374
5.6113 0.113827
5.63123 0.114974
5.64495 0.115102
5.65215 0.114464
5.66386 0.114406
5.67757 0.114605
5.68477 0.113905
5.69648 0.113917
5.7102 0.114302
5.7174 0.113764
5.73733 0.114919
5.75105 0.115179
5.75824 0.114532
5.76995 0.114465
5.78367 0.114657
5.79087 0.11395
5.80258 0.113956
5.81629 0.114212
5.82349 0.113685
5.84343 0.11485
5.85714 0.115118
5.86434 0.114479
5.87605 0.114544
5.88977 0.114726
5.89696 0.11401
5.90867 0.114009
5.92239 0.114258
5.92959 0.113725
5.94952 0.11476
5.96324 0.114915
5.97044 0.1143
5.98215 0.114388
5.99586 0.114589
6.00306 0.114016
6.01477 0.114014
6.02849 0.114262
6.03568 0.113729
6.05562 0.114763
6.06934 0.114918
6.07653 0.114303
6.08824 0.114265
6.10196 0.114482
6.10916 0.113922
6.12086 0.113932
6.13458 0.11419
6.14178 0.113541
6.16171 0.114599
6.17543 0.114774
6.18263 0.114177
6.19434 0.114155
6.20805 0.114511
6.21525 0.113947
6.22696 0.113953
6.24068 0.114209
6.24788 0.113558
6.26781 0.114613
6.28153 0.114787
6.28872 0.114063
6.30043 0.114055
6.31415 0.114423
6.32135 0.113871
6.33306 0.114012
6.34677 0.11426
6.35397 0.113603
6.37391 0.114652
6.38762 0.114821
6.39482 0.114093
6.40653 0.114082
6.42025 0.114321
6.42744 0.113781
6.43915 0.113934
6.45287 0.114192
6.46007 0.113668
6.48 0.114834
6.49372 0.11498
6.50092 0.114233
6.51263 0.114204
6.52634 0.114428
6.53354 0.113875
6.54525 0.11389
6.55897 0.114154
6.56616 0.113635
6.5861 0.114805
6.59982 0.114955
6.60701 0.114335
6.61872 0.114293
6.63244 0.114507
6.63964 0.113943
6.65134 0.11395
6.66506 0.114332
6.67226 0.11379
6.69219 0.114941
6.70591 0.115074
6.71311 0.11444
6.72482 0.114385
6.73853 0.114587
6.74573 0.113888
6.75744 0.113902
6.77116 0.114289
6.77835 0.113753
6.79829 0.114909
6.81201 0.11517
6.8192 0.114524
6.83091 0.114459
6.84463 0.114651
6.85183 0.113945
6.86354 0.113952
6.87725 0.114208
6.88445 0.113682
6.90439 0.114847
6.9181 0.115116
6.9253 0.114476
6.93701 0.114542
6.95073 0.114724
6.95792 0.114009
6.96963 0.114007
6.98335 0.114257
6.99055 0.113724
7.01048 0.114759
7.0242 0.115039
7.0314 0.114409
7.04311 0.114483
7.05682 0.114673
7.06402 0.114089
7.07573 0.114077
7.08945 0.114318
7.09664 0.113778
7.11658 0.114806
7.1303 0.114955
7.13749 0.114336
7.1492 0.114419
7.16292 0.114616
7.17012 0.114039
7.18182 0.114034
7.19554 0.11428
7.20274 0.11362
7.22267 0.114668
7.23639 0.114834
7.24359 0.11423
7.2553 0.114201
7.26901 0.114551
7.27621 0.113982
7.28792 0.113984
7.30164 0.114236
7.30883 0.113582
7.32877 0.114634
7.34249 0.114805
7.34968 0.114204
7.36139 0.114179
7.37511 0.114531
7.38231 0.113965
7.39402 0.114094
7.40773 0.114333
7.41493 0.113666
7.43487 0.114708
7.44858 0.114869
7.45578 0.114136
7.46749 0.114119
7.48121 0.114479
7.4884 0.113919
7.50011 0.114054
7.51383 0.114297
7.52103 0.11376
7.54096 0.11479
7.55468 0.114941
7.56188 0.114199
7.57359 0.114174
7.5873 0.114402
7.5945 0.113852
7.60621 0.11387
7.61993 0.114137
7.62712 0.11362
7.64706 0.114792
7.66078 0.114943
7.66797 0.1142
7.67968 0.114175
7.6934 0.114403
7.7006 0.113853
7.7123 0.113871
7.72602 0.114262
7.73322 0.11373
7.75315 0.114888
7.76687 0.115027
7.77407 0.114399
7.78578 0.114349
7.79949 0.114555
7.80669 0.113986
7.8184 0.113988
7.83212 0.114364
7.83931 0.113819
7.85925 0.114966
7.87297 0.115096
7.88016 0.114459
7.89187 0.114401
7.90559 0.114601
7.91279 0.113901
7.9245 0.113913
7.93821 0.114299
7.94541 0.113762
7.96535 0.114917
7.97906 0.115177
7.98626 0.11453
7.99797 0.114464
8.01169 0.114656
8.01888 0.113949
8.03059 0.113955
8.04431 0.114211
8.05151 0.113684
8.07144 0.114724
8.08516 0.115008
8.09236 0.114382
8.10407 0.11446
8.11778 0.114652
8.12498 0.113946
8.13669 0.113952
8.15041 0.114208
8.1576 0.113682
8.17754 0.114722
8.19126 0.114882
8.19845 0.114272
8.21016 0.114363
8.22388 0.114567
8.23108 0.113996
8.24278 0.113997
8.2565 0.114247
8.2637 0.113591
8.28363 0.114642
8.29735 0.114812
8.30455 0.114211
8.31626 0.114184
8.32997 0.114411
8.33717 0.11386
8.34888 0.113877
8.3626 0.114143
8.36979 0.1135
8.38973 0.114562
8.40345 0.114742
8.41064 0.114149
8.42235 0.114131
8.43607 0.114489
8.44327 0.113928
8.45498 0.113937
8.46869 0.114195
8.47589 0.113546
8.49583 0.114602
8.50954 0.114777
8.51674 0.114055
8.52845 0.114048
8.54217 0.114417
8.54936 0.113865
8.56107 0.114007
8.57479 0.114256
8.58199 0.113599
8.60192 0.114649
8.61564 0.114818
8.62284 0.114091
8.63455 0.114079
8.64826 0.114319
8.65546 0.11378
8.66717 0.113932
8.68089 0.114191
8.68808 0.113667
8.70802 0.114833
8.72174 0.114979
8.72893 0.114232
8.74064 0.114203
8.75436 0.114427
8.76156 0.113874
8.77326 0.11389
8.78698 0.114154
8.79418 0.113634
8.81411 0.114805
8.82783 0.114954
8.83503 0.114335
8.84674 0.114293
8.86045 0.114507
8.86765 0.113943
8.87936 0.11395
8.89308 0.114332
8.90027 0.11379
8.92021 0.114941
8.93393 0.115074
8.94112 0.114439
8.95283 0.114385
8.96655 0.114586
8.97375 0.113888
8.98546 0.113902
8.99917 0.114289
9.00637 0.113753
9.02631 0.114909
9.04002 0.11517
9.04722 0.114524
9.05893 0.114459
9.07265 0.114651
9.07984 0.113945
9.09155 0.113952
9.10527 0.114208
9.11247 0.113682
9.1324 0.114847
9.14612 0.115116
9.15332 0.114476
9.16503 0.114542
9.17874 0.114724
9.18594 0.114009
9.19765 0.114007
9.21137 0.114257
9.21856 0.113724
9.2385 0.114759
9.25222 0.114914
9.25941 0.1143
9.27112 0.114387
9.28484 0.114589
9.29204 0.114015
9.30374 0.114013
9.31746 0.114262
9.32466 0.113729
9.34459 0.114763
9.35831 0.114918
9.36551 0.114303
9.37722 0.114265
9.39093 0.114482
9.39813 0.113922
9.40984 0.113931
9.42356 0.11419
9.43075 0.113541
9.45069 0.114599
9.46441 0.114774
9.4716 0.114177
9.48331 0.114155
9.49703 0.114511
9.50423 0.113947
9.51594 0.113953
9.52965 0.114209
9.53685 0.113558
9.55679 0.114613
9.5705 0.114787
9.5777 0.114063
9.58941 0.114055
9.60313 0.114423
9.61032 0.113871
9.62203 0.114012
9.63575 0.11426
9.64295 0.113603
9.66288 0.114652
9.6766 0.114821
9.6838 0.114093
9.69551 0.114082
9.70922 0.114321
9.71642 0.113781
9.72813 0.113934
9.74185 0.114192
9.74904 0.113668
9.76898 0.114709
9.7827 0.114871
9.78989 0.114137
9.8016 0.11412
9.81532 0.114355
9.82252 0.11381
9.83422 0.113834
9.84794 0.114105
9.85514 0.113592
9.87507 0.114768
9.88879 0.114922
9.89599 0.114182
9.9077 0.114159
9.92141 0.114389
9.92861 0.11384
9.94032 0.11386
9.95404 0.114253
9.96123 0.113721
9.98117 0.114881
9.99489 0.115021
10.0021 0.114393
10.0138 0.114344
10.0275 0.114551
10.0347 0.113857
10.0464 0.113875
10.0601 0.114266
10.0673 0.113732
10.0873 0.114891
10.101 0.11503
10.1082 0.114401
10.1199 0.114351
10.1336 0.114557
10.1408 0.113862
10.1525 0.11388
10.1662 0.114145
10.1734 0.113626
10.1934 0.114798
10.2071 0.115073
10.2143 0.114439
10.3132 0.125384
10.324 0.123336
10.4229 0.121544
10.4346 0.120226
10.5326 0.118948
10.5443 0.117829
10.6423 0.116851
10.654 0.115869
10.752 0.115011
10.7637 0.114384
10.8682 0.114711
10.8734 0.114122
10.9779 0.113482
10.9851 0.113047
11.0876 0.112666
11.0948 0.112208
11.1973 0.111932
11.2044 0.11169
11.3069 0.111354
11.3141 0.111185
11.4166 0.111037
11.4238 0.110782
11.5263 0.110684
11.5335 0.110599
11.636 0.110524
11.6497 0.111208
11.7457 0.110932
11.7594 0.110816
11.8554 0.110714
11.8691 0.110625
11.9651 0.110547
11.9788 0.110353
12.0748 0.110184
12.0885 0.110161
12.1845 0.110141
12.1982 0.110123
12.2942 0.110108
12.3079 0.109969
12.4039 0.109848
12.4176 0.109867
12.5201 0.110759
12.5273 0.110664
12.6298 0.110456
12.637 0.110274
12.7395 0.11024
12.7467 0.11021
12.8492 0.110184
12.8564 0.110161
12.9589 0.110016
12.9661 0.110014
13.0686 0.110012
13.0758 0.109885
13.1783 0.1099
13.1855 0.109912
13.288 0.109798
13.3017 0.110573
13.3977 0.110502
13.4114 0.110439
13.5074 0.110384
13.5211 0.110336
13.6171 0.110294
13.6308 0.110132
13.7267 0.109991
13.7405 0.109992
13.8364 0.109993
13.8502 0.109994
13.9461 0.109995
13.9599 0.10987
14.0558 0.109761
14.0695 0.109791
14.172 0.110692
14.1792 0.110606
14.2817 0.110405
14.2889 0.110229
14.3914 0.110201
14.3986 0.110176
14.5011 0.110154
14.5083 0.110135
14.6108 0.109993
14.618 0.109994
14.7205 0.109994
14.7277 0.10987
14.8302 0.109886
14.8374 0.109901
14.9399 0.109788
14.9536 0.110564
15.0496 0.110494
15.0633 0.110432
15.1593 0.110378
15.173 0.110331
15.269 0.110165
15.2827 0.110019
15.3787 0.110017
15.3924 0.110015
15.4884 0.110013
15.5021 0.110011
15.5981 0.11001
15.6118 0.109884
15.7078 0.109773
15.7215 0.109801
15.824 0.110576
15.8312 0.110504
15.9337 0.110441
15.9409 0.110261
16.0434 0.110228
16.0506 0.1102
16.1531 0.110175
16.1603 0.110153
16.2628 0.110009
16.27 0.109883
16.3725 0.109897
16.3797 0.10991
16.4822 0.109921
16.4894 0.109931
16.5918 0.109815
16.6056 0.110588
16.7015 0.110515
16.7153 0.11045
16.8112 0.110394
16.825 0.11022
16.9209 0.110067
16.9346 0.110059
17.0306 0.110051
17.0443 0.110045
17.1403 0.110039
17.154 0.110034
17.25 0.11003
17.2637 0.109901
17.3597 0.109789
17.3734 0.109815
17.4759 0.110588
17.4831 0.110515
17.5856 0.11045
17.5928 0.110269
17.6953 0.110235
17.7025 0.110206
17.805 0.11018
17.8122 0.110158
17.9147 0.110013
17.9219 0.109886
18.0244 0.109901
18.0316 0.109913
18.1341 0.109924
18.1413 0.109933
18.2438 0.109817
18.2575 0.11059
18.3535 0.110516
18.3672 0.110451
18.4632 0.110395
18.4769 0.110221
18.5729 0.110068
18.5866 0.11006
18.6826 0.110052
18.6963 0.110046
18.7923 0.11004
18.806 0.10991
18.902 0.109796
18.9157 0.109822
19.0116 0.109844
19.0254 0.109863
19.1279 0.110631
19.1351 0.110552
19.2376 0.110483
19.2448 0.110297
19.3473 0.11026
19.3545 0.110228
19.4569 0.110074
19.4641 0.110065
19.5666 0.110057
19.5738 0.109925
19.6763 0.109934
19.6835 0.109942
19.786 0.10995
19.7932 0.109956
19.8957 0.109836
19.9094 0.110607
20.0054 0.110531
20.0191 0.110465
20.1151 0.110407
20.1288 0.110231
20.2248 0.110077
20.2385 0.110067
20.3345 0.110059
20.3482 0.110051
20.4442 0.110045
20.4579 0.109914
20.5539 0.1098
20.5676 0.109825
20.6636 0.109847
20.6773 0.109866
20.7798 0.110633
20.787 0.110429
20.8895 0.110375
20.8967 0.110328
20.9992 0.110287
21.0064 0.110251
21.1089 0.110095
21.1161 0.110083
21.2186 0.110073
21.2258 0.109939
21.3283 0.109946
21.3355 0.109953
21.438 0.109834
21.4452 0.109855
21.5477 0.109873
21.5614 0.110639
21.6574 0.110559
21.6711 0.110489
21.7671 0.110428
21.7808 0.110249
21.8767 0.110093
21.8905 0.110082
21.9864 0.110071
22.0002 0.110062
22.0961 0.110055
22.1099 0.109923
22.2058 0.109807
22.2195 0.109832
22.3155 0.109853
22.3292 0.109871
22.4317 0.110637
22.4389 0.110432
22.5414 0.110378
22.5486 0.110331
22.6511 0.11029
22.6583 0.110254
22.7608 0.110097
22.768 0.110085
22.8705 0.110074
22.8777 0.10994
22.9802 0.109947
22.9874 0.109954
23.0899 0.109835
23.0971 0.109855
23.1996 0.109873
23.2133 0.110639
23.3093 0.110559
23.323 0.110489
23.419 0.110303
23.4327 0.11014
23.5287 0.110123
23.5424 0.110107
23.6384 0.110094
23.6521 0.110082
23.7481 0.110072
23.7618 0.109938
23.8578 0.109821
23.8715 0.109843
23.9675 0.109863
23.9812 0.10988
24.0837 0.110645
24.0909 0.110439
24.1934 0.110384
24.2006 0.110336
24.3031 0.110294
24.3103 0.110258
24.4128 0.1101
24.42 0.109963
24.5225 0.109967
24.5297 0.109972
24.6322 0.109975
24.6394 0.109978
24.7418 0.109856
24.749 0.109874
24.8515 0.10989
24.8653 0.110653
24.9612 0.110572
24.975 0.110375
25.0709 0.110203
25.0846 0.110178
25.1806 0.110156
25.1943 0.110136
25.2903 0.110119
25.304 0.110104
25.4 0.110091
25.4137 0.109955
25.5097 0.109836
25.5234 0.109856
25.6194 0.109874
25.6331 0.10989
25.7356 0.110654
25.7428 0.110447
25.8453 0.110391
25.8525 0.110342
25.955 0.110299
25.9622 0.110262
26.0647 0.110104
26.0719 0.109966
26.1744 0.10997
26.1816 0.109974
26.2841 0.109977
26.2913 0.10998
26.3938 0.109858
26.401 0.10975
26.5035 0.109782
26.5172 0.110684
26.6132 0.110598
26.6269 0.110399
26.7229 0.110224
26.7366 0.110196
26.8326 0.110171
26.8463 0.11015
26.9423 0.110131
26.956 0.10999
27.052 0.109866
27.0657 0.109883
27.1616 0.109897
27.1754 0.10991
27.2713 0.109921
27.2851 0.109931
27.3876 0.11069
27.3948 0.110479
27.4973 0.110419
27.5045 0.110366
27.6069 0.110196
27.6141 0.110171
27.7166 0.11015
27.7238 0.110006
27.8263 0.110005
27.8335 0.110005
27.936 0.110004
27.9432 0.110004
28.0457 0.109878
28.0529 0.109768
28.1554 0.109797
28.1691 0.110698
28.2651 0.11061
28.2788 0.110409
28.3748 0.110233
28.3885 0.110204
28.4845 0.110178
28.4982 0.110156
28.5942 0.110137
28.6079 0.109994
28.7039 0.10987
28.7176 0.109886
28.8136 0.109901
28.8273 0.109913
28.9233 0.109924
28.937 0.109933
29.0395 0.110692
29.0467 0.11048
29.1492 0.11042
29.1564 0.110368
29.2589 0.110197
29.2661 0.110172
29.3686 0.110151
29.3758 0.110007
29.4783 0.110006
29.4855 0.110005
29.588 0.10988
29.5952 0.109895
29.6977 0.109908
29.7049 0.109794
29.8074 0.10982
29.8211 0.110718
29.9171 0.110628
29.9308 0.110424
30.0267 0.110246
30.0405 0.110216
30.1364 0.110189
30.1502 0.110165
30.2461 0.110144
30.2599 0.110001
30.3558 0.109876
30.3696 0.109892
30.4655 0.109905
30.4792 0.109917
30.5752 0.109927
30.5889 0.109811
30.6914 0.110585
30.6986 0.110512
30.8011 0.110448
30.8083 0.110392
30.9108 0.110218
30.918 0.110191
31.0205 0.110167
31.0277 0.110021
31.1302 0.110018
31.1374 0.110016
31.2399 0.109889
31.2471 0.109903
31.3496 0.109915
31.3568 0.109801
31.4593 0.109826
31.473 0.110722
31.569 0.110507
31.5827 0.110319
31.6787 0.110279
31.6924 0.110244
31.7884 0.110214
31.8021 0.110187
31.8981 0.110163
31.9118 0.110018
32.0078 0.109891
32.0215 0.109904
32.1175 0.109916
32.1312 0.109927
32.2272 0.109936
32.2409 0.109819
32.3434 0.110592
32.3506 0.110518
32.4531 0.110453
32.4603 0.110396
32.5628 0.110222
32.57 0.110069
32.6725 0.11006
32.6797 0.110053
32.7822 0.110046
32.7894 0.11004
32.8918 0.10991
32.899 0.109922
33.0015 0.109931
33.0087 0.109815
33.1112 0.109838
33.125 0.110608
33.2209 0.110407
33.2346 0.110356
33.3306 0.110312
33.3443 0.110273
33.4403 0.110239
33.454 0.110209
33.55 0.110183
33.5637 0.110035
33.6597 0.109906
33.6734 0.109917
33.7694 0.109928
33.7831 0.109937
33.8791 0.109945
33.8928 0.109827
33.9953 0.110598
34.0025 0.110523
34.105 0.110458
34.1122 0.110401
34.2147 0.110226
34.2219 0.110072
34.3244 0.110063
34.3316 0.110055
34.4341 0.110049
34.4413 0.110042
34.5438 0.109912
34.551 0.109798
34.6535 0.109823
34.6607 0.109845
34.7632 0.109865
34.7769 0.110632
34.8729 0.110428
34.8866 0.110374
34.9826 0.110327
34.9963 0.110287
35.0923 0.110251
35.106 0.110094
35.202 0.109958
35.2157 0.109963
35.3117 0.109968
35.3254 0.109972
35.4213 0.109975
35.4351 0.109978
35.531 0.109981
35.5448 0.109858
35.6473 0.110626
35.6545 0.110548
35.7569 0.110354
35.7641 0.11031
35.8666 0.110271
35.8738 0.110112
35.9763 0.110098
35.9835 0.110086
36.086 0.110075
36.0932 0.110066
36.1957 0.109933
36.2029 0.109816
36.3054 0.109839
36.3126 0.109859
36.4151 0.109877
36.4288 0.110642
36.5248 0.110437
36.5385 0.110382
36.6345 0.110335
36.6482 0.110293
36.7442 0.110256
36.7579 0.110099
36.8539 0.109962
36.8676 0.109966
36.9636 0.109971
36.9773 0.109974
37.0733 0.109978
37.087 0.10998
37.183 0.109858
37.1967 0.109751
37.2992 0.110657
37.3064 0.110575
37.4089 0.110378
37.4161 0.110331
37.5186 0.110289
37.5258 0.110128
37.6283 0.110112
37.6355 0.110098
37.738 0.109961
37.7452 0.109966
37.8477 0.10997
37.8549 0.109849
37.9574 0.109868
37.9646 0.109884
38.0671 0.109899
38.0808 0.110661
38.1768 0.110454
38.1905 0.110397
38.2864 0.110347
38.3002 0.110304
38.3961 0.110266
38.4099 0.110108
38.5058 0.109969
38.5196 0.109973
38.6155 0.109976
38.6292 0.109979
38.7252 0.109982
38.7389 0.109859
38.8349 0.109752
38.8486 0.109783
38.9511 0.110685
38.9583 0.110599
39.0608 0.110399
39.068 0.11035
39.1705 0.110306
39.1777 0.110143
39.2802 0.110125
39.2874 0.110109
39.3899 0.109971
39.3971 0.109974
39.4996 0.109977
39.5068 0.109855
39.6093 0.109873
39.6165 0.109889
39.719 0.109778
39.7327 0.110556
39.8287 0.110486
39.8424 0.110426
39.9384 0.110372
39.9521 0.110326
40.0481 0.110285
40.0618 0.110124
40.1578 0.109984
40.1715 0.109986
40.2675 0.109988
40.2812 0.109989
40.3772 0.109991
40.3909 0.109867
40.4869 0.109758
40.5006 0.109789
40.6031 0.11069
40.6103 0.110604
40.7128 0.110403
40.72 0.110228
40.8225 0.110199
40.8297 0.110174
40.9322 0.110153
40.9394 0.110134
41.0418 0.109992
41.049 0.109993
41.1515 0.109994
41.1587 0.10987
41.2612 0.109886
41.2684 0.1099
41.3709 0.109788
41.3847 0.110564
41.4806 0.110494
41.4943 0.110432
41.5903 0.110378
41.604 0.110331
41.7 0.110289
41.7137 0.110128
41.8097 0.109987
41.8234 0.109989
41.9194 0.10999
41.9331 0.109991
42.0291 0.109992
42.0428 0.109868
42.1388 0.10976
42.1525 0.10979
42.255 0.110691
42.2622 0.110605
42.3647 0.110404
42.3719 0.110229
42.4744 0.1102
42.4816 0.110175
42.5841 0.110153
42.5913 0.110134
42.6938 0.109992
42.701 0.109868
42.8035 0.109885
42.8107 0.109899
42.9132 0.109912
42.9204 0.109923
43.0229 0.109807
43.0366 0.110581
43.1326 0.110509
43.1463 0.110445
43.2423 0.11039
43.256 0.110216
43.352 0.110064
43.3657 0.110056
43.4617 0.110049
43.4754 0.110043
43.5713 0.110037
43.5851 0.110033
43.681 0.110029
43.6948 0.1099
43.7907 0.109788
43.8045 0.109814
43.9069 0.110587
43.9141 0.110514
44.0166 0.11045
44.0238 0.110268
44.1263 0.110235
44.1335 0.110206
44.236 0.11018
44.2432 0.110157
44.3457 0.110013
44.3529 0.109886
44.4554 0.1099
44.4626 0.109913
44.5651 0.109924
44.5723 0.109933
44.6748 0.109817
44.6885 0.11059
44.7845 0.110516
44.7982 0.110451
44.8942 0.110395
44.9079 0.110221
45.0039 0.110068
45.0176 0.110059
45.1136 0.110052
45.1273 0.110046
45.2233 0.11004
45.237 0.110035
45.333 0.109906
45.3467 0.109792
45.4427 0.109818
45.4564 0.109841
45.5589 0.110611
45.5661 0.110535
45.6686 0.110468
45.6758 0.110284
45.7783 0.110249
45.7855 0.110218
45.888 0.110065
45.8952 0.110057
45.9977 0.11005
46.0049 0.109919
46.1074 0.109929
46.1146 0.109938
46.2171 0.109946
46.2243 0.109952
46.3268 0.109833
46.3405 0.110604
46.4364 0.110529
46.4502 0.110463
46.5461 0.110405
46.5599 0.110229
46.6558 0.110076
46.6696 0.110066
46.7655 0.110058
46.7792 0.110051
46.8752 0.110044
46.8889 0.109914
46.9849 0.1098
46.9986 0.109825
47.0946 0.109847
47.1083 0.109866
47.2108 0.110632
47.218 0.110553
47.3205 0.110484
47.3277 0.110299
47.4302 0.110261
47.4374 0.110229
47.5399 0.110075
47.5471 0.110066
47.6496 0.110058
47.6568 0.109925
47.7593 0.109935
47.7665 0.109943
47.869 0.109825
47.8762 0.109847
47.9787 0.109866
47.9924 0.110633
48.0884 0.110554
48.1021 0.110484
48.1981 0.110424
48.2118 0.110246
48.3078 0.11009
48.3215 0.110079
48.4175 0.110069
48.4312 0.11006
48.5272 0.110053
48.5409 0.109921
48.6369 0.109806
48.6506 0.10983
48.7466 0.109852
48.7603 0.10987
48.8628 0.110636
48.87 0.110432
48.9725 0.110378
48.9797 0.110331
49.0822 0.110289
49.0894 0.110253
49.1919 0.110096
49.199 0.110084
49.3015 0.110074
49.3087 0.10994
49.4112 0.109947
49.4184 0.109954
49.5209 0.109835
49.5281 0.109855
49.6306 0.109873
49.6443 0.110639
49.7403 0.110559
49.754 0.110489
49.85 0.110428
49.8637 0.11025
49.9597 0.110093
49.9734 0.110082
50.0694 0.110072
50.0831 0.110063
50.1791 0.110055
50.1928 0.109923
50.2888 0.109808
50.3025 0.109832
50.3985 0.109853
50.4122 0.109871
50.5147 0.110637
50.5219 0.110433
50.6244 0.110378
50.6316 0.110331
50.7341 0.11029
50.7413 0.110254
50.8438 0.110097
50.851 0.10996
50.9535 0.109965
50.9607 0.109969
51.0632 0.109973
51.0704 0.109976
51.1729 0.109854
51.1801 0.109873
51.2826 0.109888
51.2963 0.110652
51.3923 0.110571
51.406 0.110375
51.502 0.110203
51.5157 0.110177
51.6117 0.110155
51.6254 0.110136
51.7213 0.110119
51.7351 0.110104
51.831 0.110091
51.8448 0.109955
51.9407 0.109835
51.9545 0.109856
52.0504 0.109874
52.0641 0.10989
52.1666 0.110653
52.1738 0.110447
52.2763 0.110391
52.2835 0.110342
52.386 0.110299
52.3932 0.110262
52.4957 0.110104
52.5029 0.109966
52.6054 0.10997
52.6126 0.109974
52.7151 0.109977
52.7223 0.10998
52.8248 0.109858
52.832 0.109875
52.9345 0.109891
52.9482 0.110655
53.0442 0.110573
53.0579 0.110376
53.1539 0.110204
53.1676 0.110179
53.2636 0.110156
53.2773 0.110137
53.3733 0.11012
53.387 0.110105
53.483 0.109967
53.4967 0.109846
53.5927 0.109865
53.6064 0.109882
53.7024 0.109897
53.7161 0.10991
53.8186 0.110671
53.8258 0.110462
53.9283 0.110404
53.9355 0.110354
54.038 0.110185
54.0452 0.110161
54.1477 0.110141
54.1549 0.109999
54.2574 0.109999
54.2646 0.109999
54.3671 0.109999
54.3743 0.109999
54.4768 0.109874
54.4839 0.109765
54.5864 0.109794
54.6002 0.110695
54.6961 0.110608
54.7099 0.110407
54.8058 0.110231
54.8196 0.110202
54.9155 0.110177
54.9292 0.110155
55.0252 0.110136
55.0389 0.109994
55.1349 0.109869
55.1486 0.109886
55.2446 0.1099
55.2583 0.109913
55.3543 0.109923
55.368 0.109933
55.4705 0.110691
55.4777 0.11048
55.5802 0.11042
55.5874 0.110367
55.6899 0.110197
55.6971 0.110172
55.7996 0.11015
55.8068 0.110007
55.9093 0.110006
55.9165 0.110005
56.019 0.109879
56.0262 0.109895
56.1287 0.109908
56.1359 0.109794
56.2384 0.10982
56.2521 0.110717
56.3481 0.110628
56.3618 0.110424
56.4578 0.110246
56.4715 0.110215
56.5675 0.110189
56.5812 0.110165
56.6772 0.110144
56.6909 0.110001
56.7869 0.109876
56.8006 0.109892
56.8966 0.109905
56.9103 0.109917
57.0062 0.109927
57.02 0.109811
57.1225 0.110585
57.1297 0.110512
57.2322 0.110448
57.2394 0.110392
57.3419 0.110218
57.349 0.110191
57.4515 0.110167
57.4587 0.110021
57.5612 0.110018
57.5684 0.110016
57.6709 0.109889
57.6781 0.109903
57.7806 0.109915
57.7878 0.109801
57.8903 0.109826
57.904 0.110722
58 0.110632
58.0137 0.110428
58.1097 0.11025
58.1234 0.110218
58.2194 0.110191
58.2331 0.110167
58.3291 0.110146
58.3428 0.110003
58.4388 0.109878
58.4525 0.109893
58.5485 0.109906
58.5622 0.109918
58.6582 0.109928
58.6719 0.109812
58.7744 0.110586
58.7816 0.110512
58.8841 0.110448
58.8913 0.110392
58.9938 0.110218
59.001 0.110066
59.1035 0.110058
59.1107 0.110051
59.2132 0.110044
59.2204 0.110039
59.3229 0.109909
59.3301 0.10992
59.4326 0.10993
59.4398 0.109814
59.5423 0.109837
59.556 0.110608
59.652 0.110407
59.6657 0.110356
59.7617 0.110311
59.7754 0.110272
59.8713 0.110238
59.8851 0.110209
59.981 0.110182
59.9948 0.110035
60.0907 0.109905
60.1045 0.109917
60.2004 0.109928
60.2141 0.109937
60.3101 0.109945
60.3238 0.109826
60.4263 0.110598
60.4335 0.110523
60.536 0.110458
60.5432 0.110401
60.6457 0.110226
60.6529 0.110072
60.7554 0.110063
60.7626 0.110055
60.8651 0.110049
60.8723 0.110042
60.9748 0.109912
60.982 0.109923
61.0845 0.109933
61.0917 0.109816
61.1942 0.109839
61.2079 0.110609
61.3039 0.110408
61.3176 0.110357
61.4136 0.110312
61.4273 0.110273
61.5233 0.110239
61.537 0.110209
61.633 0.110058
61.6467 0.109926
61.7427 0.109935
61.7564 0.109943
61.8524 0.10995
61.8661 0.109957
61.9621 0.109962
61.9758 0.109842
62.0783 0.110612
62.0855 0.110535
62.188 0.110343
62.1952 0.1103
62.2977 0.110263
62.3049 0.110105
62.4074 0.110092
62.4146 0.11008
62.5171 0.11007
62.5243 0.110061
62.6268 0.109929
62.6339 0.109813
62.7364 0.109836
62.7436 0.109857
62.8461 0.109875
62.8599 0.11064
62.9558 0.110435
62.9696 0.110381
63.0655 0.110333
63.0792 0.110292
63.1752 0.110255
63.1889 0.110098
63.2849 0.109961
63.2986 0.109966
63.3946 0.10997
63.4083 0.109974
63.5043 0.109977
63.518 0.10998
63.614 0.109982
63.6277 0.10986
63.7302 0.110627
63.7374 0.110549
63.8399 0.110355
63.8471 0.110311
63.9496 0.110272
63.9568 0.110113
64.0593 0.110099
64.0665 0.110086
64.169 0.109951
64.1762 0.109957
64.2787 0.109962
64.2859 0.109842
64.3884 0.109862
64.3956 0.109879
64.4981 0.109894
64.5118 0.110657
64.6078 0.11045
64.6215 0.110394
64.7175 0.110345
64.7312 0.110302
64.8272 0.110264
64.8409 0.110106
64.9369 0.109968
64.9506 0.109972
65.0466 0.109975
65.0603 0.109978
65.1562 0.109981
65.17 0.109858
65.2659 0.109751
65.2797 0.109782
65.3822 0.110684
65.3894 0.110599
65.4919 0.110399
65.499 0.110349
65.6015 0.110306
65.6087 0.110142
65.7112 0.110125
65.7184 0.110109
65.8209 0.10997
65.8281 0.109974
65.9306 0.109977
65.9378 0.109855
66.0403 0.109873
66.0475 0.109889
66.15 0.109903
66.1637 0.110665
66.2597 0.110457
66.2734 0.1104
66.3694 0.11035
66.3831 0.110306
66.4791 0.110268
66.4928 0.110109
66.5888 0.109971
66.6025 0.109974
66.6985 0.109978
66.7122 0.10998
66.8082 0.109983
66.8219 0.10986
66.9179 0.109752
66.9316 0.109783
67.0341 0.110685
67.0413 0.1106
67.1438 0.1104
67.151 0.110225
67.2535 0.110197
67.2607 0.110172
67.3632 0.110151
67.3704 0.110132
67.4729 0.10999
67.4801 0.109992
67.5826 0.109993
67.5898 0.109869
67.6923 0.109885
67.6995 0.109899
67.802 0.109787
67.8157 0.110564
67.9117 0.110493
67.9254 0.110431
68.0213 0.110378
68.0351 0.11033
68.131 0.110289
68.1448 0.110128
68.2407 0.109987
68.2545 0.109989
68.3504 0.10999
68.3641 0.109991
68.4601 0.109992
68.4738 0.109868
68.5698 0.10976
68.5835 0.10979
68.686 0.110691
68.6932 0.110605
68.7957 0.110404
68.8029 0.110229
68.9054 0.1102
68.9126 0.110175
69.0151 0.110153
69.0223 0.110134
69.1248 0.109992
69.132 0.109993
69.2345 0.109994
69.2417 0.10987
69.3442 0.109886
69.3514 0.1099
69.4539 0.109788
69.4676 0.110564
69.5636 0.110494
69.5773 0.110432
69.6733 0.110378
69.687 0.110331
69.783 0.110164
69.7967 0.110019
69.8927 0.110017
69.9064 0.110014
70.0024 0.110013
70.0161 0.110011
70.1121 0.11001
70.1258 0.109883
70.2218 0.109773
70.2355 0.109801
70.338 0.110576
70.3452 0.110504
70.4477 0.110441
70.4549 0.110261
70.5574 0.110228
70.5646 0.1102
70.6671 0.110175
70.6743 0.110153
70.7768 0.110009
70.7839 0.109883
70.8864 0.109897
70.8936 0.10991
70.9961 0.109921
71.0033 0.109931
71.1058 0.109815
71.1196 0.110588
71.2155 0.110515
71.2292 0.11045
71.3252 0.110394
71.3389 0.11022
71.4349 0.110067
71.4486 0.110059
71.5446 0.110051
71.5583 0.110045
71.6543 0.110039
71.668 0.110034
71.764 0.11003
71.7777 0.109901
71.8737 0.109789
71.8874 0.109815
71.9899 0.110588
71.9971 0.110515
72.0996 0.11045
72.1068 0.110269
72.2093 0.110235
72.2165 0.110206
72.319 0.110055
72.3262 0.110048
72.4287 0.110042
72.4359 0.109912
72.5384 0.109923
72.5456 0.109933
72.6481 0.109941
72.6553 0.109948
72.7578 0.10983
72.7715 0.110601
72.8675 0.110526
72.8812 0.11046
72.9772 0.110403
72.9909 0.110227
73.0869 0.110074
73.1006 0.110065
73.1966 0.110057
73.2103 0.11005
73.3062 0.110043
73.32 0.109913
73.4159 0.109799
73.4297 0.109824
73.5256 0.109846
73.5394 0.109865
73.6419 0.110632
73.649 0.110553
73.7515 0.110484
73.7587 0.110298
73.8612 0.110261
73.8684 0.110228
73.9709 0.110075
73.9781 0.110066
74.0806 0.110057
74.0878 0.109925
74.1903 0.109935
74.1975 0.109943
74.3 0.10995
74.3072 0.109956
74.4097 0.109837
74.4234 0.110607
74.5194 0.110531
74.5331 0.110465
74.6291 0.110407
74.6428 0.110231
74.7388 0.110077
74.7525 0.110067
74.8485 0.110059
74.8622 0.110052
74.9582 0.110045
74.9719 0.109914
75.0679 0.1098
75.0816 0.109825
75.1776 0.109847
75.1913 0.109866
75.2938 0.110633
75.301 0.110429
75.4035 0.110375
75.4107 0.110328
75.5132 0.110287
75.5204 0.110251
75.6229 0.110095
75.6301 0.110083
75.7326 0.110073
75.7398 0.109939
75.8423 0.109946
75.8495 0.109953
75.952 0.109834
75.9592 0.109855
76.0617 0.109873
76.0754 0.110639
76.1713 0.110559
76.1851 0.110489
76.281 0.110428
76.2948 0.110249
76.3907 0.110093
76.4045 0.110082
76.5004 0.110071
76.5141 0.110062
76.6101 0.110055
76.6238 0.109923
76.7198 0.109807
76.7335 0.109832
76.8295 0.109853
76.8432 0.109871
76.9457 0.110637
76.9529 0.110432
77.0554 0.110378
77.0626 0.110331
77.1651 0.11029
77.1723 0.110254
77.2748 0.110097
77.282 0.110085
77.3845 0.110074
77.3917 0.10994
77.4942 0.109947
77.5014 0.109954
77.6039 0.109835
77.6111 0.109855
77.7136 0.109873
77.7273 0.110639
77.8233 0.110559
77.837 0.110489
77.933 0.110303
77.9467 0.11014
78.0427 0.110123
78.0564 0.110107
78.1524 0.110094
78.1661 0.110082
78.2621 0.110072
78.2758 0.109938
78.3718 0.109821
78.3855 0.109843
78.4815 0.109863
78.4952 0.10988
78.5977 0.110645
78.6049 0.110439
78.7074 0.110384
78.7146 0.110336
78.8171 0.110294
78.8243 0.110258
78.9268 0.1101
78.934 0.109963
79.0364 0.109967
79.0436 0.109972
79.1461 0.109975
79.1533 0.109978
79.2558 0.109856
79.263 0.109874
79.3655 0.10989
79.3792 0.110653
79.4752 0.110572
79.4889 0.110375
79.5849 0.110203
79.5986 0.110178
79.6946 0.110156
79.7083 0.110136
79.8043 0.110119
79.818 0.110104
79.914 0.110091
79.9277 0.109955
80.0237 0.109836
80.0374 0.109856
80.1334 0.109874
80.1471 0.10989
80.2496 0.110654
80.2568 0.110447
80.3593 0.110391
80.3665 0.110342
80.469 0.110174
80.4762 0.110153
80.5787 0.110134
80.5859 0.109992
80.6884 0.109993
80.6956 0.109994
80.7981 0.109995
80.8053 0.109995
80.9078 0.109871
80.915 0.109762
81.0175 0.109792
81.0312 0.110693
81.1272 0.110606
81.1409 0.110405
81.2369 0.11023
81.2506 0.110201
81.3466 0.110176
81.3603 0.110154
81.4562 0.110135
81.47 0.109993
81.5659 0.109869
81.5797 0.109885
81.6756 0.109899
81.6894 0.109912
81.7853 0.109923
81.799 0.109933
81.9015 0.110691
81.9087 0.11048
82.0112 0.11042
82.0184 0.110367
82.1209 0.110196
82.1281 0.110172
82.2306 0.11015
82.2378 0.110007
82.3403 0.110006
82.3475 0.110005
82.45 0.110004
82.4572 0.110004
82.5597 0.109878
82.5669 0.109769
82.6694 0.109797
82.6831 0.110698
82.7791 0.110611
82.7928 0.110409
82.8888 0.110233
82.9025 0.110204
82.9985 0.110178
83.0122 0.110156
83.1082 0.110137
83.1219 0.109995
83.2179 0.10987
83.2316 0.109886
83.3276 0.109901
83.3413 0.109913
83.4373 0.109924
83.451 0.109808
83.5535 0.110582
83.5607 0.11051
83.6632 0.110446
83.6704 0.11039
83.7729 0.110216
83.7801 0.110189
83.8826 0.110166
83.8898 0.11002
83.9923 0.110017
83.9995 0.110015
84.102 0.109888
84.1092 0.109902
84.2117 0.109915
84.2189 0.1098
84.3213 0.109825
84.3351 0.110722
84.431 0.110632
84.4448 0.110428
84.5407 0.110249
84.5545 0.110218
84.6504 0.110191
84.6641 0.110167
84.7601 0.110146
84.7738 0.110003
84.8698 0.109878
84.8835 0.109893
84.9795 0.109906
84.9932 0.109918
85.0892 0.109928
85.1029 0.109812
85.2054 0.110586
85.2126 0.110512
85.3151 0.110448
85.3223 0.110392
85.4248 0.110218
85.432 0.110191
85.5345 0.110167
85.5417 0.110021
85.6442 0.110019
85.6514 0.110016
85.7539 0.109889
85.7611 0.109903
85.8636 0.109915
85.8708 0.109801
85.9733 0.109826
85.987 0.110722
86.083 0.110507
86.0967 0.110319
86.1927 0.110279
86.2064 0.110244
86.3024 0.110214
86.3161 0.110187
86.4121 0.110163
86.4258 0.110018
86.5218 0.109891
86.5355 0.109904
86.6315 0.109916
86.6452 0.109927
86.7412 0.109936
86.7549 0.109819
86.8574 0.110592
86.8646 0.110518
86.9671 0.110453
86.9743 0.110396
87.0768 0.110222
87.084 0.110069
87.1864 0.11006
87.1936 0.110053
87.2961 0.110046
87.3033 0.11004
87.4058 0.10991
87.413 0.109922
87.5155 0.109931
87.5227 0.109815
87.6252 0.109838
87.6389 0.110608
87.7349 0.110407
87.7486 0.110356
87.8446 0.110312
87.8583 0.110273
87.9543 0.110239
87.968 0.110209
88.064 0.110183
88.0777 0.110035
88.1737 0.109906
88.1874 0.109917
88.2834 0.109928
88.2971 0.109937
88.3931 0.109945
88.4068 0.109827
88.5093 0.110598
88.5165 0.110523
88.619 0.110333
88.6262 0.110291
88.7287 0.110255
88.7359 0.110098
88.8384 0.110086
88.8456 0.110075
88.9481 0.110066
88.9553 0.110058
89.0578 0.109925
89.065 0.10981
89.1675 0.109833
89.1747 0.109854
89.2772 0.109872
89.2909 0.110638
89.3869 0.110434
89.4006 0.110379
89.4966 0.110332
89.5103 0.11029
89.6062 0.110254
89.62 0.110097
89.7159 0.10996
89.7297 0.109965
89.8256 0.10997
89.8394 0.109973
89.9353 0.109977
89.9491 0.10998
90.045 0.109982
90.0587 0.109859
90.1612 0.110627
90.1684 0.110549
90.2709 0.110355
90.2781 0.110311
90.3806 0.110272
90.3878 0.110113
90.4903 0.110099
90.4975 0.110086
90.6 0.110076
90.6072 0.110066
90.7097 0.109933
90.7169 0.109816
90.8194 0.109839
90.8266 0.109859
90.9291 0.109877
90.9428 0.110642
91.0388 0.110437
91.0525 0.110382
91.1485 0.110335
91.1622 0.110293
91.2582 0.110256
91.2719 0.110099
91.3679 0.109962
91.3816 0.109967
91.4776 0.109971
91.4913 0.109974
91.5873 0.109978
91.601 0.109855
91.697 0.109748
91.7107 0.10978
91.8132 0.110682
91.8204 0.110597
91.9229 0.110397
91.9301 0.110348
92.0326 0.110304
92.0398 0.110141
92.1423 0.110124
92.1495 0.110108
92.252 0.10997
92.2592 0.109973
92.3617 0.109977
92.3689 0.109855
92.4713 0.109873
92.4785 0.109889
92.581 0.109903
92.5948 0.110665
92.6907 0.110457
92.7045 0.1104
92.8004 0.11035
92.8142 0.110306
92.9101 0.110268
92.9238 0.110109
93.0198 0.109971
93.0335 0.109974
93.1295 0.109977
93.1432 0.10998
93.2392 0.109983
93.2529 0.10986
93.3489 0.109752
93.3626 0.109783
93.4651 0.110685
93.4723 0.1106
93.5748 0.1104
93.582 0.11035
93.6845 0.110306
93.6917 0.110143
93.7942 0.110125
93.8014 0.110109
93.9039 0.109971
93.9111 0.109974
94.0136 0.109978
94.0208 0.109855
94.1233 0.109873
94.1305 0.109889
94.233 0.109778
94.2467 0.110556
94.3427 0.110486
94.3564 0.110426
94.4524 0.110372
94.4661 0.110326
94.5621 0.110285
94.5758 0.110124
94.6718 0.109984
94.6855 0.109986
94.7815 0.109988
94.7952 0.109989
94.8912 0.109991
94.9049 0.109867
95.0008 0.109758
95.0146 0.109789
95.1171 0.11069
95.1243 0.110604
95.2268 0.110403
95.234 0.110228
95.3364 0.110199
95.3436 0.110174
95.4461 0.110153
95.4533 0.110134
95.5558 0.109992
95.563 0.109993
95.6655 0.109994
95.6727 0.10987
95.7752 0.109886
95.7824 0.1099
95.8849 0.109788
95.8986 0.110564
95.9946 0.110494
96.0083 0.110432
96.1043 0.110378
96.118 0.110331
96.214 0.110289
96.2277 0.110128
96.3237 0.109987
96.3374 0.109989
96.4334 0.10999
96.4471 0.109991
96.5431 0.109992
96.5568 0.109868
96.6528 0.10976
96.6665 0.10979
96.769 0.110566
96.7762 0.110495
96.8787 0.110433
96.8859 0.110254
96.9884 0.110222
96.9956 0.110195
97.0981 0.11017
97.1053 0.110149
97.2078 0.110005
97.215 0.10988
97.3175 0.109895
97.3247 0.109908
97.4272 0.109919
97.4344 0.10993
97.5369 0.109813
97.5506 0.110587
97.6466 0.110513
97.6603 0.110449
97.7563 0.110393
97.77 0.110219
97.8659 0.110067
97.8797 0.110058
97.9756 0.110051
97.9894 0.110045
98.0853 0.110039
98.0991 0.110034
98.195 0.11003
98.2087 0.109901
98.3047 0.109788
98.3184 0.109815
98.4209 0.110588
98.4281 0.110515
98.5306 0.11045
98.5378 0.110269
98.6403 0.110235
98.6475 0.110206
98.75 0.11018
98.7572 0.110158
98.8597 0.110013
98.8669 0.109886
98.9694 0.109901
98.9766 0.109913
99.0791 0.109924
99.0863 0.109933
99.1888 0.109817
99.2025 0.11059
99.2985 0.110516
99.3122 0.110451
99.4082 0.110395
99.4219 0.110221
99.5179 0.110068
99.5316 0.11006
99.6276 0.110052
99.6413 0.110046
99.7373 0.11004
99.751 0.10991
99.847 0.109796
99.8607 0.109822
99.9567 0.109844
99.9704 0.109863
100.073 0.110631
100.08 0.110552
100.183 0.110483
100.19 0.110297
100.292 0.11026
100.299 0.110228
100.402 0.110074
100.409 0.110065
100.512 0.110057
100.519 0.109925
100.621 0.109934
100.629 0.109942
100.731 0.10995
100.738 0.109956
100.841 0.109836
100.854 0.110607
100.95 0.110531
100.964 0.110465
101.06 0.110407
101.074 0.110231
101.17 0.110077
101.184 0.110067
101.28 0.110059
101.293 0.110051
101.389 0.110045
101.403 0.109914
101.499 0.1098
101.513 0.109825
101.609 0.109847
101.622 0.109866
101.725 0.110633
101.732 0.110554
101.835 0.110485
101.842 0.110299
101.944 0.110262
101.951 0.110229
102.054 0.110075
102.061 0.110066
102.164 0.110058
102.171 0.109925
102.273 0.109935
102.28 0.109943
102.383 0.109825
102.39 0.109847
102.493 0.109866
102.506 0.110633
102.602 0.110554
102.616 0.110484
102.712 0.110424
102.726 0.110246
102.822 0.11009
102.835 0.110079
102.931 0.110069
102.945 0.11006
103.041 0.110053
103.055 0.109921
103.151 0.109806
103.165 0.10983
103.261 0.109852
103.274 0.10987
103.377 0.110636
103.384 0.110432
103.486 0.110378
103.494 0.110331
103.596 0.110289
103.603 0.110253
103.706 0.110096
103.713 0.110084
103.816 0.110074
103.823 0.10994
103.925 0.109947
103.932 0.109954
104.035 0.109835
104.042 0.109855
104.145 0.109873
104.158 0.110639
104.254 0.110559
104.268 0.110489
104.364 0.110428
104.378 0.11025
104.474 0.110093
104.487 0.110082
104.583 0.110072
104.597 0.110063
104.693 0.110055
104.707 0.109923
104.803 0.109808
104.817 0.109832
104.912 0.109853
104.926 0.109871
105.029 0.110637
105.036 0.110433
105.138 0.110378
105.146 0.110331
105.248 0.11029
105.255 0.110254
105.358 0.110097
105.365 0.10996
105.467 0.109965
105.475 0.109969
105.577 0.109973
105.584 0.109976
105.687 0.109854
105.694 0.109873
105.797 0.109888
105.81 0.110652
105.906 0.110571
105.92 0.110375
106.016 0.110203
106.03 0.110177
106.126 0.110155
106.139 0.110136
106.235 0.110119
106.249 0.110104
106.345 0.110091
106.359 0.109955
106.455 0.109835
106.468 0.109856
106.564 0.109874
106.578 0.10989
106.681 0.110653
106.688 0.110447
106.79 0.110391
106.798 0.110342
106.9 0.110299
106.907 0.110262
107.01 0.110104
107.017 0.109966
107.119 0.10997
107.127 0.109974
107.229 0.109977
107.236 0.10998
107.339 0.109858
107.346 0.10975
107.448 0.109782
107.462 0.110684
107.558 0.110598
107.572 0.110399
107.668 0.110224
107.682 0.110196
107.778 0.110171
107.791 0.11015
107.887 0.110131
107.901 0.10999
107.997 0.109866
108.011 0.109883
108.107 0.109897
108.12 0.10991
108.216 0.109921
108.23 0.109931
108.333 0.11069
108.34 0.110479
108.442 0.110419
108.449 0.110366
108.552 0.110196
108.559 0.110171
108.662 0.11015
108.669 0.110006
108.771 0.110005
108.779 0.110005
108.881 0.110004
108.888 0.110004
108.991 0.109878
108.998 0.109768
109.1 0.109797
109.114 0.110698
109.21 0.11061
109.224 0.110409
109.32 0.110233
109.334 0.110204
109.43 0.110178
109.443 0.110156
109.539 0.110137
109.553 0.109994
109.649 0.10987
109.663 0.109886
109.759 0.109901
109.772 0.109913
109.868 0.109924
109.882 0.109933
109.985 0.110692
109.992 0.11048
110.094 0.11042
110.101 0.110368
110.204 0.110197
110.211 0.110172
110.314 0.110151
110.321 0.110007
110.423 0.110006
110.43 0.110005
110.533 0.10988
110.54 0.109895
110.643 0.109908
110.65 0.109794
110.752 0.10982
110.766 0.110718
110.862 0.110628
110.876 0.110424
110.972 0.110246
110.985 0.110216
111.081 0.110189
111.095 0.110165
111.191 0.110144
111.205 0.110001
111.301 0.109876
111.315 0.109892
111.411 0.109905
111.424 0.109917
111.52 0.109927
111.534 0.109811
111.636 0.110585
111.644 0.110512
111.746 0.110448
111.753 0.110392
111.856 0.110218
111.863 0.110191
111.966 0.110167
111.973 0.110021
112.075 0.110018
112.082 0.110016
112.185 0.109889
112.192 0.109903
112.295 0.109915
112.302 0.109801
112.404 0.109826
112.418 0.110722
112.514 0.110632
112.528 0.110428
112.624 0.11025
112.637 0.110218
112.733 0.110191
112.747 0.110167
112.843 0.110146
112.857 0.110003
112.953 0.109878
112.967 0.109893
113.062 0.109906
113.076 0.109918
113.172 0.109928
113.186 0.109812
113.288 0.110586
113.296 0.110512
113.398 0.110448
113.405 0.110392
113.508 0.110218
113.515 0.110066
113.617 0.110058
113.625 0.110051
113.727 0.110044
113.734 0.110039
113.837 0.109909
113.844 0.10992
113.947 0.10993
113.954 0.109814
114.056 0.109837
114.07 0.110608
114.166 0.110407
114.18 0.110356
114.276 0.110311
114.289 0.110272
114.385 0.110238
114.399 0.110209
114.495 0.110182
114.509 0.110035
114.605 0.109905
114.618 0.109917
114.714 0.109928
114.728 0.109937
114.824 0.109945
114.838 0.109826
114.94 0.110598
114.948 0.110523
115.05 0.110458
115.057 0.110401
115.16 0.110226
115.167 0.110072
115.269 0.110063
115.277 0.110055
115.379 0.110049
115.386 0.110042
115.489 0.109912
115.496 0.109798
115.598 0.109823
115.606 0.109845
115.708 0.109865
115.722 0.110632
115.818 0.110428
115.832 0.110374
115.928 0.110327
115.941 0.110287
116.037 0.110251
116.051 0.110094
116.147 0.109958
116.161 0.109963
116.257 0.109968
116.27 0.109972
116.366 0.109975
116.38 0.109978
116.476 0.109981
116.49 0.109858
116.592 0.110626
116.599 0.110548
116.702 0.110354
116.709 0.11031
116.812 0.110271
116.819 0.110112
116.921 0.110098
116.929 0.110086
117.031 0.110075
117.038 0.110066
117.141 0.109933
117.148 0.109816
117.25 0.109839
117.258 0.109859
117.36 0.109877
117.374 0.110642
117.47 0.110437
117.484 0.110382
117.58 0.110335
117.593 0.110293
117.689 0.110256
117.703 0.110099
117.799 0.109962
117.813 0.109966
117.909 0.109971
117.922 0.109974
118.018 0.109978
118.032 0.10998
118.128 0.109858
118.142 0.109751
118.244 0.110657
118.251 0.110575
118.354 0.110378
118.361 0.110331
118.464 0.110289
118.471 0.110128
118.573 0.110112
118.58 0.110098
118.683 0.109961
118.69 0.109966
118.793 0.10997
118.8 0.109849
118.902 0.109868
118.91 0.109884
119.012 0.109899
119.026 0.110661
119.122 0.110454
119.135 0.110397
119.231 0.110347
119.245 0.110304
119.341 0.110266
119.355 0.110108
119.451 0.109969
119.465 0.109973
119.561 0.109976
119.574 0.109979
119.67 0.109982
119.684 0.109859
119.78 0.109752
119.794 0.109783
119.896 0.110685
119.903 0.110599
120.006 0.110399
120.013 0.11035
120.116 0.110306
120.123 0.110143
120.225 0.110125
120.232 0.110109
120.335 0.109971
120.342 0.109974
120.445 0.109977
120.452 0.109855
120.554 0.109873
120.562 0.109889
120.664 0.109903
120.678 0.110665
120.774 0.110457
120.787 0.1104
120.883 0.11035
120.897 0.110306
120.993 0.110268
121.007 0.110109
121.103 0.109971
121.117 0.109974
121.212 0.109978
121.226 0.10998
121.322 0.109983
121.336 0.10986
121.432 0.109752
121.446 0.109783
121.548 0.110685
121.555 0.1106
121.658 0.1104
121.665 0.110225
121.767 0.110197
121.775 0.110172
121.877 0.110151
121.884 0.110132
121.987 0.10999
121.994 0.109992
122.097 0.109993
122.104 0.109869
122.206 0.109885
122.213 0.109899
122.316 0.109787
122.33 0.110564
122.426 0.110493
122.439 0.110431
122.535 0.110378
122.549 0.11033
122.645 0.110289
122.659 0.110128
122.755 0.109987
122.768 0.109989
122.864 0.10999
122.878 0.109991
122.974 0.109992
122.988 0.109868
123.084 0.10976
123.098 0.10979
123.2 0.110691
123.207 0.110605
123.31 0.110404
123.317 0.110229
123.419 0.1102
123.427 0.110175
123.529 0.110153
123.536 0.110134
123.639 0.109992
123.646 0.109868
123.748 0.109885
123.756 0.109899
123.858 0.109912
123.865 0.109923
123.968 0.109807
123.982 0.110581
124.078 0.110509
124.091 0.110445
124.187 0.11039
124.201 0.110216
124.297 0.110064
124.311 0.110056
124.407 0.110049
124.42 0.110043
124.516 0.110037
124.53 0.110033
124.626 0.110029
124.64 0.1099
124.736 0.109788
124.749 0.109814
124.852 0.110587
124.859 0.110514
124.962 0.11045
124.969 0.110268
125.071 0.110235
125.079 0.110206
125.181 0.11018
125.188 0.110157
125.291 0.110013
125.298 0.109886
125.4 0.1099
125.408 0.109913
125.51 0.109924
125.517 0.109933
125.62 0.109817
125.634 0.11059
125.73 0.110516
125.743 0.110451
125.839 0.110395
125.853 0.110221
125.949 0.110068
125.963 0.110059
126.059 0.110052
126.072 0.110046
126.168 0.11004
126.182 0.110035
126.278 0.109906
126.292 0.109792
126.388 0.109818
126.401 0.109841
126.504 0.110611
126.511 0.110535
126.614 0.110468
126.621 0.110284
126.723 0.110249
126.73 0.110218
126.833 0.110065
126.84 0.110057
126.943 0.11005
126.95 0.109919
127.052 0.109929
127.06 0.109938
127.162 0.109946
127.169 0.109952
127.272 0.109833
127.285 0.110604
127.381 0.110529
127.395 0.110463
127.491 0.110405
127.505 0.110229
127.601 0.110076
127.615 0.110066
127.711 0.110058
127.724 0.110051
127.82 0.110044
127.834 0.109914
127.93 0.1098
127.944 0.109825
128.04 0.109847
128.053 0.109866
128.156 0.110632
128.163 0.110553
128.266 0.110484
128.273 0.110299
128.375 0.110261
128.382 0.110229
128.485 0.110075
128.492 0.110066
128.595 0.110058
128.602 0.109925
128.704 0.109935
128.712 0.109943
128.814 0.10995
128.821 0.109956
128.924 0.109837
128.937 0.110607
129.033 0.110531
129.047 0.110465
129.143 0.110407
129.157 0.110231
129.253 0.110077
129.267 0.110067
129.362 0.110059
129.376 0.110052
129.472 0.110045
129.486 0.109914
129.582 0.1098
129.596 0.109825
129.692 0.109847
129.705 0.109866
129.808 0.110633
129.815 0.110429
129.917 0.110375
129.925 0.110328
130.027 0.110287
130.034 0.110251
130.137 0.110095
130.144 0.110083
130.247 0.110073
130.254 0.109939
130.356 0.109946
130.363 0.109953
130.466 0.109834
130.473 0.109855
130.576 0.109873
130.589 0.110639
130.685 0.110559
130.699 0.110489
130.795 0.110428
130.809 0.110249
130.905 0.110093
130.918 0.110082
131.014 0.110071
131.028 0.110062
131.124 0.110055
131.138 0.109923
131.234 0.109807
131.248 0.109832
131.344 0.109853
131.357 0.109871
131.46 0.110637
131.467 0.110432
131.569 0.110378
131.577 0.110331
131.679 0.11029
131.686 0.110254
131.789 0.110097
131.796 0.10996
131.898 0.109965
131.906 0.109969
132.008 0.109973
132.015 0.109976
132.118 0.109854
132.125 0.109873
132.228 0.109888
132.241 0.110652
132.337 0.110571
132.351 0.110375
132.447 0.110203
132.461 0.110177
132.557 0.110155
132.57 0.110136
132.666 0.110119
132.68 0.110104
132.776 0.110091
132.79 0.109955
132.886 0.109835
132.899 0.109856
132.995 0.109874
133.009 0.10989
133.112 0.110653
133.119 0.110447
133.221 0.110391
133.229 0.110342
133.331 0.110299
133.338 0.110262
133.441 0.110104
133.448 0.109966
133.55 0.10997
133.558 0.109974
133.66 0.109977
133.667 0.10998
133.77 0.109858
133.777 0.109875
133.88 0.109891
133.893 0.110655
133.989 0.110573
134.003 0.110376
134.099 0.110204
134.113 0.110179
134.209 0.110156
134.222 0.110137
134.318 0.11012
134.332 0.110105
134.428 0.109967
134.442 0.109846
134.538 0.109865
134.551 0.109882
134.647 0.109897
134.661 0.10991
134.764 0.110671
134.771 0.110462
134.873 0.110404
134.88 0.110354
134.983 0.110185
134.99 0.110161
135.093 0.110141
135.1 0.109999
135.202 0.109999
135.21 0.109999
135.312 0.109999
135.319 0.109999
135.422 0.109874
135.429 0.109765
135.531 0.109794
135.545 0.110695
135.641 0.110608
135.655 0.110407
135.751 0.110231
135.765 0.110202
135.861 0.110177
135.874 0.110155
135.97 0.110136
135.984 0.109994
136.08 0.109869
136.094 0.109886
136.19 0.1099
136.203 0.109913
136.299 0.109923
136.313 0.109933
136.416 0.110691
136.423 0.11048
136.525 0.11042
136.532 0.110367
136.635 0.110197
136.642 0.110172
136.745 0.11015
136.752 0.110007
136.854 0.110006
136.862 0.110005
136.964 0.110004
136.971 0.110004
137.074 0.109878
137.081 0.109769
137.183 0.109798
137.197 0.110698
137.293 0.110611
137.307 0.110409
137.403 0.110233
137.417 0.110204
137.512 0.110178
137.526 0.110156
137.622 0.110137
137.636 0.109995
137.732 0.10987
137.746 0.109886
137.842 0.109901
137.855 0.109913
137.951 0.109924
137.965 0.109808
138.067 0.110582
138.075 0.11051
138.177 0.110446
138.184 0.11039
138.287 0.110216
138.294 0.110189
138.397 0.110166
138.404 0.11002
138.506 0.110017
138.513 0.110015
138.616 0.109888
138.623 0.109902
138.726 0.109915
138.733 0.1098
138.835 0.109825
138.849 0.110722
138.945 0.110632
138.959 0.110428
139.055 0.110249
139.068 0.110218
139.164 0.110191
139.178 0.110167
139.274 0.110146
139.288 0.110003
139.384 0.109878
139.398 0.109893
139.494 0.109906
139.507 0.109918
139.603 0.109928
139.617 0.109812
139.719 0.110586
139.727 0.110512
139.829 0.110448
139.836 0.110392
139.939 0.110218
139.946 0.110191
140.048 0.110167
140.056 0.110021
140.158 0.110019
140.165 0.110016
140.268 0.109889
140.275 0.109903
140.378 0.109915
140.385 0.109801
140.487 0.109826
140.501 0.110597
140.597 0.110398
140.611 0.110348
140.707 0.110305
140.72 0.110266
140.816 0.110233
140.83 0.110204
140.926 0.110179
140.94 0.110031
141.036 0.109902
141.049 0.109915
141.145 0.109925
141.159 0.109935
141.255 0.109943
141.269 0.109825
141.371 0.110597
141.379 0.110522
141.481 0.110457
141.488 0.1104
141.591 0.110225
141.598 0.110072
141.7 0.110063
141.708 0.110055
141.81 0.110048
141.817 0.110042
141.92 0.109912
141.927 0.109923
142.03 0.109932
142.037 0.109816
142.139 0.109839
142.153 0.110609
142.249 0.110408
142.263 0.110357
142.359 0.110312
142.372 0.110273
142.468 0.110239
142.482 0.110209
142.578 0.110058
142.592 0.109926
142.688 0.109935
142.701 0.109943
142.797 0.10995
142.811 0.109957
142.907 0.109962
142.921 0.109842
143.023 0.110611
143.03 0.110535
143.133 0.110343
143.14 0.1103
143.243 0.110263
143.25 0.110105
143.352 0.110092
143.36 0.11008
143.462 0.11007
143.469 0.110061
143.572 0.109929
143.579 0.109813
143.681 0.109836
143.689 0.109857
143.791 0.109875
143.805 0.11064
143.901 0.110435
143.915 0.110381
144.011 0.110333
144.024 0.110292
144.12 0.110255
144.134 0.110098
144.23 0.109961
144.244 0.109966
144.34 0.10997
144.353 0.109974
144.449 0.109977
144.463 0.10998
144.559 0.109982
144.573 0.10986
144.675 0.110627
144.682 0.110549
144.785 0.110355
144.792 0.110311
144.895 0.110272
144.902 0.110113
145.004 0.110099
145.012 0.110086
145.114 0.110076
145.121 0.110066
145.224 0.109933
145.231 0.109816
145.333 0.109839
145.341 0.109859
145.443 0.109877
145.457 0.110642
145.553 0.110437
145.567 0.110382
145.662 0.110335
145.676 0.110293
145.772 0.110256
145.786 0.110099
145.882 0.109962
145.896 0.109967
145.992 0.109971
146.005 0.109974
146.101 0.109978
146.115 0.109855
146.211 0.109748
146.225 0.10978
146.327 0.110682
146.334 0.110597
146.437 0.110397
146.444 0.110348
146.547 0.110304
146.554 0.110141
146.656 0.110124
146.663 0.110108
146.766 0.10997
146.773 0.109973
146.876 0.109977
146.883 0.109855
146.985 0.109873
146.993 0.109889
147.095 0.109903
147.109 0.110665
147.205 0.110457
147.218 0.1104
147.314 0.11035
147.328 0.110306
147.424 0.110268
147.438 0.110109
147.534 0.109971
147.548 0.109974
147.644 0.109977
147.657 0.10998
147.753 0.109983
147.767 0.10986
147.863 0.109752
147.877 0.109783
147.979 0.110685
147.986 0.1106
148.089 0.1104
148.096 0.11035
148.198 0.110306
148.206 0.110143
148.308 0.110125
148.315 0.110109
148.418 0.109971
148.425 0.109974
148.528 0.109978
148.535 0.109855
148.637 0.109873
148.644 0.109889
148.747 0.109778
148.761 0.110556
148.857 0.110486
148.87 0.110426
148.966 0.110372
148.98 0.110326
149.076 0.110285
149.09 0.110124
149.186 0.109984
149.199 0.109986
149.295 0.109988
149.309 0.109989
149.405 0.109991
149.419 0.109867
149.515 0.109758
149.529 0.109789
149.631 0.11069
149.638 0.110604
149.741 0.110403
149.748 0.110228
149.85 0.110199
149.858 0.110174
149.96 0.110153
149.967 0.110134
150.07 0.109992
150.077 0.109993
150.18 0.109994
150.187 0.10987
150.289 0.109886
150.296 0.1099
150.399 0.109788
150.413 0.110564
150.509 0.110494
150.522 0.110432
150.618 0.110378
150.632 0.110331
150.728 0.110164
150.742 0.110019
150.838 0.110016
150.851 0.110014
150.947 0.110013
150.961 0.110011
151.057 0.11001
151.071 0.109883
151.167 0.109773
151.18 0.109801
151.283 0.110576
151.29 0.110504
151.393 0.110441
151.4 0.110261
151.502 0.110228
151.51 0.1102
151.612 0.110175
151.619 0.110153
151.722 0.110009
151.729 0.109883
151.831 0.109897
151.839 0.10991
151.941 0.109921
151.948 0.109931
152.051 0.109815
152.065 0.110588
152.161 0.110515
152.174 0.11045
152.27 0.110394
152.284 0.11022
152.38 0.110067
152.394 0.110059
152.49 0.110051
152.503 0.110045
152.599 0.110039
152.613 0.110034
152.709 0.11003
152.723 0.109901
152.819 0.109789
152.832 0.109815
152.935 0.110588
152.942 0.110515
153.045 0.11045
153.052 0.110269
153.154 0.110235
153.162 0.110206
153.264 0.11018
153.271 0.110158
153.374 0.110013
153.381 0.109886
153.483 0.109901
153.491 0.109913
153.593 0.109924
153.6 0.109933
153.703 0.109817
153.717 0.11059
153.812 0.110516
153.826 0.110451
153.922 0.110395
153.936 0.110221
154.032 0.110068
154.046 0.11006
154.142 0.110052
154.155 0.110046
154.251 0.11004
154.265 0.10991
154.361 0.109796
154.375 0.109822
154.471 0.109844
154.484 0.109863
154.587 0.110631
154.594 0.110552
154.697 0.110483
154.704 0.110297
154.806 0.11026
154.813 0.110228
154.916 0.110074
154.923 0.110065
155.026 0.110057
155.033 0.109925
155.135 0.109934
155.143 0.109942
155.245 0.10995
155.252 0.109956
155.355 0.109836
155.368 0.110607
155.464 0.110531
155.478 0.110465
155.574 0.110407
155.588 0.110231
155.684 0.110077
155.698 0.110067
155.794 0.110059
155.807 0.110051
155.903 0.110045
155.917 0.109914
156.013 0.1098
156.027 0.109825
156.123 0.109847
156.136 0.109866
156.239 0.110633
156.246 0.110554
156.348 0.110485
156.356 0.110299
156.458 0.110262
156.465 0.110229
156.568 0.110075
156.575 0.110066
156.678 0.110058
156.685 0.109925
156.787 0.109935
156.794 0.109943
156.897 0.109825
156.904 0.109847
157.007 0.109866
157.02 0.110633
157.116 0.110554
157.13 0.110484
157.226 0.110424
157.24 0.110246
157.336 0.11009
157.349 0.110079
157.445 0.110069
157.459 0.11006
157.555 0.110053
157.569 0.109921
157.665 0.109806
157.679 0.10983
157.775 0.109852
157.788 0.10987
157.891 0.110636
157.898 0.110432
158 0.110378
158.008 0.110331
158.11 0.110289
158.117 0.110253
158.22 0.110096
158.227 0.110084
158.33 0.110074
158.337 0.10994
158.439 0.109947
158.446 0.109954
158.549 0.109835
158.556 0.109855
158.659 0.109873
158.672 0.110639
158.768 0.110559
158.782 0.110489
158.878 0.110303
158.892 0.11014
158.988 0.110123
159.001 0.110107
159.097 0.110094
159.111 0.110082
159.207 0.110072
159.221 0.109938
159.317 0.109821
159.33 0.109843
159.426 0.109863
159.44 0.10988
159.543 0.110645
159.55 0.110439
159.652 0.110384
159.66 0.110336
159.762 0.110294
159.769 0.110258
159.872 0.1101
159.879 0.109963
159.981 0.109967
159.989 0.109971
160.091 0.109975
160.098 0.109978
160.201 0.109856
160.208 0.109874
160.311 0.10989
160.324 0.110653
160.42 0.110572
160.434 0.110375
160.53 0.110203
160.544 0.110178
160.64 0.110156
160.653 0.110136
160.749 0.110119
160.763 0.110104
160.859 0.110091
160.873 0.109955
160.969 0.109836
160.982 0.109856
161.078 0.109874
161.092 0.10989
161.195 0.110654
161.202 0.110447
161.304 0.110391
161.312 0.110342
161.414 0.110299
161.421 0.110262
161.524 0.110104
161.531 0.109966
161.633 0.10997
161.641 0.109974
161.743 0.109977
161.75 0.10998
161.853 0.109858
161.86 0.10975
161.962 0.109782
161.976 0.110684
162.072 0.110598
162.086 0.110399
162.182 0.110224
162.196 0.110196
162.292 0.110171
162.305 0.11015
162.401 0.110131
162.415 0.10999
162.511 0.109866
162.525 0.109883
162.621 0.109897
162.634 0.10991
162.73 0.109921
162.744 0.109931
162.847 0.11069
162.854 0.110479
162.956 0.110419
162.963 0.110366
163.066 0.110196
163.073 0.110171
163.176 0.11015
163.183 0.110006
163.285 0.110005
163.293 0.110005
163.395 0.110004
163.402 0.110004
163.505 0.109878
163.512 0.109768
163.614 0.109797
163.628 0.110698
163.724 0.11061
163.738 0.110409
163.834 0.110233
163.848 0.110204
163.944 0.110178
163.957 0.110156
164.053 0.110137
164.067 0.109994
164.163 0.10987
164.177 0.109886
164.273 0.109901
164.286 0.109913
164.382 0.109924
164.396 0.109933
164.498 0.110692
164.506 0.11048
164.608 0.11042
164.615 0.110368
164.718 0.110197
164.725 0.110172
164.828 0.110151
164.835 0.110007
164.937 0.110006
164.944 0.110005
165.047 0.10988
165.054 0.109895
165.157 0.109908
165.164 0.109794
165.266 0.10982
165.28 0.110718
165.376 0.110628
165.39 0.110424
165.486 0.110246
165.499 0.110216
165.595 0.110189
165.609 0.110165
165.705 0.110144
165.719 0.110001
165.815 0.109876
165.829 0.109892
165.925 0.109905
165.938 0.109917
166.034 0.109927
166.048 0.109811
166.15 0.110585
166.158 0.110512
166.26 0.110448
166.267 0.110392
166.37 0.110218
166.377 0.110191
166.48 0.110167
166.487 0.110021
166.589 0.110018
166.596 0.110016
166.699 0.109889
166.706 0.109903
166.809 0.109915
166.816 0.109801
166.918 0.109826
166.932 0.110722
167.028 0.110507
167.042 0.110319
167.138 0.110279
167.151 0.110244
167.247 0.110214
167.261 0.110187
167.357 0.110163
167.371 0.110018
167.467 0.109891
167.48 0.109904
167.576 0.109916
167.59 0.109927
167.686 0.109936
167.7 0.109819
167.802 0.110592
167.81 0.110518
167.912 0.110453
167.919 0.110396
168.022 0.110222
168.029 0.110069
168.131 0.11006
168.139 0.110053
168.241 0.110046
168.248 0.11004
168.351 0.10991
168.358 0.109922
168.461 0.109931
168.468 0.109815
168.57 0.109838
168.584 0.110608
168.68 0.110407
168.694 0.110356
168.79 0.110312
168.803 0.110273
168.899 0.110239
168.913 0.110209
169.009 0.110183
169.023 0.110035
169.119 0.109906
169.132 0.109917
169.228 0.109928
169.242 0.109937
169.338 0.109945
169.352 0.109827
169.454 0.110598
169.462 0.110523
169.564 0.110458
169.571 0.110401
169.674 0.110226
169.681 0.110072
169.783 0.110063
169.791 0.110055
169.893 0.110049
169.9 0.110042
170.003 0.109912
170.01 0.109798
170.112 0.109823
170.12 0.109845
170.222 0.109865
170.236 0.110632
170.332 0.110428
170.346 0.110374
170.442 0.110327
170.455 0.110287
170.551 0.110251
170.565 0.110094
170.661 0.109958
170.675 0.109963
170.771 0.109968
170.784 0.109972
170.88 0.109975
170.894 0.109978
170.99 0.109981
171.004 0.109858
171.106 0.110626
171.113 0.110548
171.216 0.110354
171.223 0.11031
171.326 0.110271
171.333 0.110112
171.435 0.110098
171.443 0.110086
171.545 0.110075
171.552 0.110066
171.655 0.109933
171.662 0.109816
171.764 0.109839
171.772 0.109859
171.874 0.109877
171.888 0.110642
171.984 0.110437
171.998 0.110382
172.094 0.110335
172.107 0.110293
172.203 0.110256
172.217 0.110099
172.313 0.109962
172.327 0.109966
172.423 0.109971
172.436 0.109974
172.532 0.109978
172.546 0.10998
172.642 0.109858
172.656 0.109751
172.758 0.110657
172.765 0.110575
172.868 0.110378
172.875 0.110331
172.978 0.110289
172.985 0.110128
173.087 0.110112
173.094 0.110098
173.197 0.109961
173.204 0.109966
173.307 0.10997
173.314 0.109849
173.416 0.109868
173.424 0.109884
173.526 0.109899
173.54 0.110661
173.636 0.110454
173.649 0.110397
173.745 0.110347
173.759 0.110304
173.855 0.110266
173.869 0.110108
173.965 0.109969
173.979 0.109973
174.075 0.109976
174.088 0.109979
174.184 0.109982
174.198 0.109859
174.294 0.109752
174.308 0.109783
174.41 0.110685
174.417 0.110599
174.52 0.110399
174.527 0.11035
174.63 0.110306
174.637 0.110143
174.739 0.110125
174.746 0.110109
174.849 0.109971
174.856 0.109974
174.959 0.109977
174.966 0.109855
175.068 0.109873
175.075 0.109889
175.178 0.109778
175.192 0.110556
175.288 0.110486
175.301 0.110426
175.397 0.110372
175.411 0.110326
175.507 0.110285
175.521 0.110124
175.617 0.109984
175.63 0.109986
175.726 0.109988
175.74 0.109989
175.836 0.109991
175.85 0.109867
175.946 0.109758
175.96 0.109789
176.062 0.11069
176.069 0.110604
176.172 0.110403
176.179 0.110228
176.281 0.110199
176.289 0.110174
176.391 0.110153
176.398 0.110134
176.501 0.109992
176.508 0.109993
176.611 0.109994
176.618 0.10987
176.72 0.109886
176.727 0.1099
176.83 0.109788
176.844 0.110564
176.94 0.110494
176.953 0.110432
177.049 0.110378
177.063 0.110331
177.159 0.110289
177.173 0.110128
177.269 0.109987
177.282 0.109989
177.378 0.10999
177.392 0.109991
177.488 0.109992
177.502 0.109868
177.598 0.10976
177.612 0.10979
177.714 0.110691
177.721 0.110605
177.824 0.110404
177.831 0.110229
177.933 0.1102
177.941 0.110175
178.043 0.110153
178.05 0.110134
178.153 0.109992
178.16 0.109868
178.262 0.109885
178.27 0.109899
178.372 0.109912
178.379 0.109923
178.482 0.109807
178.496 0.110581
178.592 0.110509
178.605 0.110445
178.701 0.11039
178.715 0.110216
178.811 0.110064
178.825 0.110056
178.921 0.110049
178.934 0.110043
179.03 0.110037
179.044 0.110033
179.14 0.110029
179.154 0.1099
179.25 0.109788
179.263 0.109814
179.366 0.110587
179.373 0.110514
179.476 0.11045
179.483 0.110268
179.585 0.110235
179.593 0.110206
179.695 0.11018
179.702 0.110157
179.805 0.110013
179.812 0.109886
179.914 0.1099
179.922 0.109913
180.024 0.109924
180.031 0.109933
180.134 0.109817
180.148 0.11059
180.244 0.110516
180.257 0.110451
180.353 0.110395
180.367 0.110221
180.463 0.110068
180.477 0.110059
180.573 0.110052
180.586 0.110046
180.682 0.11004
180.696 0.110035
180.792 0.109906
180.806 0.109792
180.902 0.109818
180.915 0.109841
181.018 0.110611
181.025 0.110535
181.128 0.110468
181.135 0.110284
181.237 0.110249
181.244 0.110218
181.347 0.110065
181.354 0.110057
181.457 0.11005
181.464 0.109919
181.566 0.109929
181.574 0.109938
181.676 0.109946
181.683 0.109952
181.786 0.109833
181.799 0.110604
181.895 0.110529
181.909 0.110463
182.005 0.110405
182.019 0.110229
182.115 0.110076
182.129 0.110066
182.225 0.110058
182.238 0.110051
182.334 0.110044
182.348 0.109914
182.444 0.1098
182.458 0.109825
182.554 0.109847
182.567 0.109866
182.67 0.110632
182.677 0.110553
182.78 0.110484
182.787 0.110299
182.889 0.110261
182.896 0.110229
182.999 0.110075
183.006 0.110066
183.109 0.110058
183.116 0.109925
183.218 0.109935
183.225 0.109943
183.328 0.109825
183.335 0.109847
183.438 0.109866
183.451 0.110633
183.547 0.110554
183.561 0.110484
183.657 0.110424
183.671 0.110246
183.767 0.11009
183.78 0.110079
183.876 0.110069
183.89 0.11006
183.986 0.110053
184 0.109921
184.096 0.109806
184.11 0.10983
184.206 0.109852
184.219 0.10987
184.322 0.110636
184.329 0.110432
184.431 0.110378
184.439 0.110331
184.541 0.110289
184.548 0.110253
184.651 0.110096
184.658 0.110084
184.761 0.110074
184.768 0.10994
184.87 0.109947
184.877 0.109954
184.98 0.109835
184.987 0.109855
185.09 0.109873
185.103 0.110639
185.199 0.110559
185.213 0.110489
185.309 0.110428
185.323 0.11025
185.419 0.110093
185.432 0.110082
185.528 0.110072
185.542 0.110063
185.638 0.110055
185.652 0.109923
185.748 0.109808
185.762 0.109832
185.857 0.109853
185.871 0.109871
185.974 0.110637
185.981 0.110433
186.083 0.110378
186.091 0.110331
186.193 0.11029
186.2 0.110254
186.303 0.110097
186.31 0.10996
186.412 0.109965
186.42 0.109969
186.522 0.109973
186.529 0.109976
186.632 0.109854
186.639 0.109873
186.742 0.109888
186.755 0.110652
186.851 0.110571
186.865 0.110375
186.961 0.110203
186.975 0.110177
187.071 0.110155
187.084 0.110136
187.18 0.110119
187.194 0.110104
187.29 0.110091
187.304 0.109955
187.4 0.109835
187.413 0.109856
187.509 0.109874
187.523 0.10989
187.626 0.110653
187.633 0.110447
187.735 0.110391
187.743 0.110342
187.845 0.110299
187.852 0.110262
187.955 0.110104
187.962 0.109966
188.064 0.10997
188.072 0.109974
188.174 0.109977
188.181 0.10998
188.284 0.109858
188.291 0.109875
188.394 0.109891
188.407 0.110655
188.503 0.110573
188.517 0.110376
188.613 0.110204
188.627 0.110179
188.723 0.110156
188.736 0.110137
188.832 0.11012
188.846 0.110105
188.942 0.109967
188.956 0.109846
189.052 0.109865
189.065 0.109882
189.161 0.109897
189.175 0.10991
189.278 0.110671
189.285 0.110462
189.387 0.110404
189.394 0.110354
189.497 0.110185
189.504 0.110161
189.607 0.110141
189.614 0.109999
189.716 0.109999
189.724 0.109999
189.826 0.109999
189.833 0.109999
189.936 0.109874
189.943 0.109765
190.045 0.109794
190.059 0.110695
190.155 0.110608
190.169 0.110407
190.265 0.110231
190.279 0.110202
190.375 0.110177
190.388 0.110155
190.484 0.110136
190.498 0.109994
190.594 0.109869
190.608 0.109886
190.704 0.1099
190.717 0.109913
190.813 0.109923
190.827 0.109933
190.93 0.110691
190.937 0.11048
191.039 0.11042
191.046 0.110367
191.149 0.110197
191.156 0.110172
191.259 0.11015
191.266 0.110007
191.368 0.110006
191.376 0.110005
191.478 0.109879
191.485 0.109895
191.588 0.109908
191.595 0.109794
191.697 0.10982
191.711 0.110717
191.807 0.110628
191.821 0.110424
191.917 0.110246
191.93 0.110215
192.026 0.110189
192.04 0.110165
192.136 0.110144
192.15 0.110001
192.246 0.109876
192.26 0.109892
192.356 0.109905
192.369 0.109917
192.465 0.109927
192.479 0.109811
192.581 0.110585
192.589 0.110512
192.691 0.110448
192.698 0.110392
192.801 0.110218
192.808 0.110191
192.911 0.110167
192.918 0.110021
193.02 0.110018
193.027 0.110016
193.13 0.109889
193.137 0.109903
193.24 0.109915
193.247 0.109801
193.349 0.109826
193.363 0.110722
193.459 0.110632
193.473 0.110428
193.569 0.11025
193.582 0.110218
193.678 0.110191
193.692 0.110167
193.788 0.110146
193.802 0.110003
193.898 0.109878
193.912 0.109893
194.007 0.109906
194.021 0.109918
194.117 0.109928
194.131 0.109812
194.233 0.110586
194.241 0.110512
194.343 0.110448
194.35 0.110392
194.453 0.110218
194.46 0.110066
194.562 0.110058
194.57 0.110051
194.672 0.110044
194.679 0.110039
194.782 0.109909
194.789 0.10992
194.892 0.10993
194.899 0.109814
195.001 0.109837
195.015 0.110608
195.111 0.110407
195.125 0.110356
195.221 0.110311
195.234 0.110272
195.33 0.110238
195.344 0.110209
195.44 0.110182
195.454 0.110035
195.55 0.109905
195.563 0.109917
195.659 0.109928
195.673 0.109937
195.769 0.109945
195.783 0.109826
195.885 0.110598
195.893 0.110523
195.995 0.110458
196.002 0.110401
196.105 0.110226
196.112 0.110072
196.214 0.110063
196.222 0.110055
196.324 0.110049
196.331 0.110042
196.434 0.109912
196.441 0.109923
196.544 0.109933
196.551 0.109816
196.653 0.109839
196.667 0.110609
196.763 0.110408
196.777 0.110357
196.873 0.110312
196.886 0.110273
196.982 0.110239
196.996 0.110209
197.092 0.110058
197.106 0.109926
197.202 0.109935
197.215 0.109943
197.311 0.10995
197.325 0.109957
197.421 0.109962
197.435 0.109842
197.537 0.110612
197.544 0.110535
197.647 0.110343
197.654 0.1103
197.757 0.110263
197.764 0.110105
197.866 0.110092
197.874 0.11008
197.976 0.11007
197.983 0.110061
198.086 0.109929
198.093 0.109813
198.195 0.109836
198.203 0.109857
198.305 0.109875
198.319 0.11064
198.415 0.110435
198.429 0.110381
198.525 0.110333
198.538 0.110292
198.634 0.110255
198.648 0.110098
198.744 0.109961
198.758 0.109966
198.854 0.10997
198.867 0.109974
198.963 0.109977
198.977 0.10998
199.073 0.109982
199.087 0.10986
199.189 0.110627
199.196 0.110549
199.299 0.110355
199.306 0.110311
199.409 0.110272
199.416 0.110113
199.518 0.110099
199.526 0.110086
199.628 0.109951
199.635 0.109957
199.738 0.109962
199.745 0.109842
199.847 0.109862
199.855 0.109879
199.957 0.109894
199.971 0.110657
200.067 0.11045
200.08 0.110394
200.176 0.110345
200.19 0.110302
200.286 0.110264
200.3 0.110106
200.396 0.109968
200.41 0.109972
200.506 0.109975
200.519 0.109978
200.615 0.109981
200.629 0.109858
200.725 0.109751
200.739 0.109782
200.841 0.110684
200.848 0.110599
200.951 0.110399
200.958 0.110349
