0.010001 1 -0
0.110001 1 0.00819798
0.110001 2 -0
0.210001 1 0.216719
0.210001 2 0.00819798
0.310001 1 0.300312
0.310001 2 0.0129567
0.410001 1 0.388679
0.410001 2 0.0197385
0.510001 1 0.455376
0.510001 2 0.0240432
0.610001 1 0.499476
0.610001 2 0.0266408
0.710001 1 0.527762
0.710001 2 0.0283786
0.810001 1 0.551649
0.810001 2 0.029623
0.910001 1 0.567945
0.910001 2 0.030558
1.01 1 0.582973
1.01 2 0.0310756
1.11 1 0.617911
1.11 2 0.0312258
1.21 1 0.627986
1.21 2 0.0317684
1.31 1 0.635946
1.31 2 0.0320874
1.41 1 0.64045
1.41 2 0.0323598
1.51 1 0.646777
1.51 2 0.0325952
1.61 1 0.652264
1.61 2 0.0329046
1.71 1 0.657069
1.71 2 0.0330784
1.81 1 0.661311
1.81 2 0.0331476
1.91 1 0.664222
1.91 2 0.0332736
2.01 1 0.666837
2.01 2 0.033402
2.11 1 0.668427
2.11 2 0.0341941
2.21 1 0.670611
2.21 2 0.0343412
2.31 1 0.671901
2.31 2 0.0344743
2.41 1 0.673506
2.41 2 0.0345954
2.51 1 0.673775
2.51 2 0.034706
2.61 1 0.674797
2.61 2 0.0348073
2.71 1 0.676336
2.71 2 0.0349006
2.81 1 0.677195
2.81 2 0.0349867
2.91 1 0.678544
2.91 2 0.0350664
3.01 1 0.679274
3.01 2 0.0350811
3.11 1 0.689456
3.11 2 0.0350522
3.21 1 0.690788
3.21 2 0.0350762
3.31 1 0.691845
3.31 2 0.0350987
3.41 1 0.691954
3.41 2 0.0351199
3.51 1 0.693089
3.51 2 0.0351817
3.61 1 0.694158
3.61 2 0.0351994
3.71 1 0.695166
3.71 2 0.0352161
3.81 1 0.696118
3.81 2 0.0352702
3.91 1 0.697019
3.91 2 0.035197
4.01 1 0.697113
4.01 2 0.0352125
4.11 1 0.697573
4.11 2 0.0355829
4.21 1 0.69765
4.21 2 0.0356229
4.31 1 0.698077
4.31 2 0.0356609
4.41 1 0.697997
4.41 2 0.035697
4.51 1 0.697599
4.51 2 0.0357314
4.61 1 0.697999
4.61 2 0.0357642
4.71 1 0.698059
4.71 2 0.0357955
4.81 1 0.698432
4.81 2 0.0358254
4.91 1 0.698481
4.91 2 0.035854
5.01 1 0.69883
5.01 2 0.0358814
5.11 1 0.704453
5.11 2 0.0358137
5.21 1 0.704963
5.21 2 0.0358139
5.31 1 0.705334
5.31 2 0.035814
5.41 1 0.705141
5.41 2 0.0358402
5.51 1 0.705608
5.51 2 0.0358398
5.61 1 0.706059
5.61 2 0.0358395
5.71 1 0.706492
5.71 2 0.0358638
5.81 1 0.70691
5.81 2 0.0358631
5.91 1 0.707313
5.91 2 0.035805
6.01 1 0.707455
6.01 2 0.0358052
6.11 1 0.70735
6.11 2 0.0358285
6.21 1 0.707486
6.21 2 0.0360655
6.31 1 0.707383
6.31 2 0.0360837
6.41 1 0.707515
6.41 2 0.0361014
6.51 1 0.706995
6.51 2 0.0361184
6.61 1 0.706904
6.61 2 0.0361349
6.71 1 0.707038
6.71 2 0.0361509
6.81 1 0.706949
6.81 2 0.0361664
6.91 1 0.707077
6.91 2 0.0361814
7.01 1 0.70699
7.01 2 0.036196
7.11 1 0.707115
7.11 2 0.0361431
7.21 1 0.711226
7.21 2 0.0361387
7.31 1 0.711404
7.31 2 0.0361533
7.41 1 0.711177
7.41 2 0.0361489
7.51 1 0.711435
7.51 2 0.0361446
7.61 1 0.711685
7.61 2 0.0361585
7.71 1 0.711929
7.71 2 0.0361542
7.81 1 0.712167
7.81 2 0.03615
7.91 1 0.712398
7.91 2 0.0361031
8.01 1 0.712439
8.01 2 0.0361168
8.11 1 0.71248
8.11 2 0.0361133
8.21 1 0.712342
8.21 2 0.0362898
8.31 1 0.712383
8.31 2 0.0363007
8.41 1 0.712423
8.41 2 0.0363114
8.51 1 0.711794
8.51 2 0.0363217
8.61 1 0.71184
8.61 2 0.0363319
8.71 1 0.711716
8.71 2 0.0363418
8.81 1 0.711762
8.81 2 0.0363514
8.91 1 0.711642
8.91 2 0.0363608
9.01 1 0.711688
9.01 2 0.03637
9.11 1 0.711572
9.11 2 0.0363461
9.21 1 0.714756
9.21 2 0.0363363
9.31 1 0.714855
9.31 2 0.0363309
9.41 1 0.714638
9.41 2 0.0363256
9.51 1 0.714803
9.51 2 0.0363203
9.61 1 0.714964
9.61 2 0.0363294
9.71 1 0.715122
9.71 2 0.0363242
9.81 1 0.715277
9.81 2 0.0363192
9.91 1 0.715428
9.91 2 0.0362939
10.01 1 0.715576
10.01 2 0.0362893
10.11 1 0.715434
10.11 2 0.0362847
10.21 1 0.713448
10.21 2 0.0364253
10.31 1 0.707315
10.31 2 0.0363069
10.41 1 0.701858
10.41 2 0.0359995
10.51 1 0.696112
10.51 2 0.0357309
10.61 1 0.690484
10.61 2 0.0354358
10.71 1 0.684971
10.71 2 0.0351468
10.81 1 0.679502
10.81 2 0.0348637
10.91 1 0.679902
10.91 2 0.0346145
11.01 1 0.67466
11.01 2 0.0343451
11.11 1 0.669466
11.11 2 0.0340782
11.21 1 0.664373
11.21 2 0.0338166
11.31 1 0.659379
11.31 2 0.03356
11.41 1 0.654852
11.41 2 0.0333051
11.51 1 0.650043
11.51 2 0.0333379
11.61 1 0.645324
11.61 2 0.0330908
11.71 1 0.640694
11.71 2 0.0328483
11.81 1 0.636149
11.81 2 0.0326103
11.91 1 0.632041
11.91 2 0.0323767
12.01 1 0.62755
12.01 2 0.0321756
12.11 1 0.623094
12.11 2 0.0319501
12.21 1 0.623351
12.21 2 0.0317288
12.31 1 0.619122
12.31 2 0.0315113
12.41 1 0.614968
12.41 2 0.0312977
12.51 1 0.611224
12.51 2 0.0311148
12.61 1 0.607211
12.61 2 0.0309033
12.71 1 0.603266
12.71 2 0.0307003
12.81 1 0.599388
12.81 2 0.0307054
12.91 1 0.595862
12.91 2 0.030506
13.01 1 0.592152
13.01 2 0.0303339
13.11 1 0.588463
13.11 2 0.0301429
13.21 1 0.58469
13.21 2 0.0299531
13.31 1 0.581133
13.31 2 0.0297664
13.41 1 0.581267
13.41 2 0.0295828
13.51 1 0.57807
13.51 2 0.0294272
13.61 1 0.574613
13.61 2 0.0292492
13.71 1 0.571211
13.71 2 0.0290741
13.81 1 0.567863
13.81 2 0.0289017
13.91 1 0.564568
13.91 2 0.0287259
14.01 1 0.561626
14.01 2 0.0287321
14.11 1 0.55843
14.11 2 0.0285892
14.21 1 0.555283
14.21 2 0.0284246
14.31 1 0.552183
14.31 2 0.0282625
14.41 1 0.549131
14.41 2 0.0281029
14.51 1 0.546266
14.51 2 0.0279457
14.61 1 0.546415
14.61 2 0.027814
14.71 1 0.543451
14.71 2 0.0276613
14.81 1 0.540531
14.81 2 0.0275108
14.91 1 0.537653
14.91 2 0.0273626
15.01 1 0.535068
15.01 2 0.0272374
15.11 1 0.532303
15.11 2 0.0270879
15.21 1 0.529547
15.21 2 0.0270948
15.31 1 0.52683
15.31 2 0.0269528
15.41 1 0.524151
15.41 2 0.0268127
15.51 1 0.521782
15.51 2 0.0266747
15.61 1 0.519176
15.61 2 0.0265602
15.71 1 0.516467
15.71 2 0.0264258
15.81 1 0.513774
15.81 2 0.0262933
15.91 1 0.514071
15.91 2 0.0261626
16.01 1 0.511571
16.01 2 0.0260337
16.11 1 0.509368
16.11 2 0.0259275
16.21 1 0.506933
16.21 2 0.0258019
16.31 1 0.504531
16.31 2 0.025678
16.41 1 0.502161
16.41 2 0.0255484
16.51 1 0.499822
16.51 2 0.0255558
16.61 1 0.497768
16.61 2 0.0254352
16.71 1 0.495489
16.71 2 0.0253364
16.81 1 0.493239
16.81 2 0.0252187
16.91 1 0.491017
16.91 2 0.0251026
17.01 1 0.488661
17.01 2 0.024988
17.11 1 0.489047
17.11 2 0.0248933
17.21 1 0.486906
17.21 2 0.0247828
17.31 1 0.484767
17.31 2 0.0246723
17.41 1 0.482655
17.41 2 0.0245633
17.51 1 0.480569
17.51 2 0.0244556
17.61 1 0.478749
17.61 2 0.0243416
17.71 1 0.476713
17.71 2 0.0243684
17.81 1 0.474701
17.81 2 0.0242632
17.91 1 0.472715
17.91 2 0.0241594
18.01 1 0.470752
18.01 2 0.0240568
18.11 1 0.469046
18.11 2 0.0239554
18.21 1 0.466963
18.21 2 0.0238738
18.31 1 0.464939
18.31 2 0.0237748
18.41 1 0.465234
18.41 2 0.0236769
18.51 1 0.463362
18.51 2 0.0235802
18.61 1 0.461511
18.61 2 0.0234846
18.71 1 0.459909
18.71 2 0.0234081
18.81 1 0.4581
18.81 2 0.0233069
18.91 1 0.456312
18.91 2 0.0232145
19.01 1 0.454545
19.01 2 0.0232222
19.11 1 0.452997
19.11 2 0.0231309
19.21 1 0.45129
19.21 2 0.0230571
19.31 1 0.449581
19.31 2 0.0229688
19.41 1 0.447766
19.41 2 0.0228805
19.51 1 0.446054
19.51 2 0.0227931
19.61 1 0.44622
19.61 2 0.0227067
19.71 1 0.444782
19.71 2 0.0226383
19.81 1 0.443146
19.81 2 0.0225537
19.91 1 0.441529
19.91 2 0.0224701
20.01 1 0.439929
20.01 2 0.0223873
20.11 1 0.438346
20.11 2 0.0222977
20.21 1 0.436989
20.21 2 0.0223055
20.31 1 0.43544
20.31 2 0.0222411
20.41 1 0.433906
20.41 2 0.0221609
20.51 1 0.432389
20.51 2 0.0220816
20.61 1 0.430888
20.61 2 0.0220031
20.71 1 0.429441
20.71 2 0.0219254
20.81 1 0.429606
20.81 2 0.0218648
20.91 1 0.428136
20.91 2 0.0217887
21.01 1 0.42668
21.01 2 0.0217133
21.11 1 0.42524
21.11 2 0.0216387
21.21 1 0.423996
21.21 2 0.0215799
21.31 1 0.422601
21.31 2 0.0215
21.41 1 0.421204
21.41 2 0.0214276
21.51 1 0.41982
21.51 2 0.0214353
21.61 1 0.418451
21.61 2 0.0213637
21.71 1 0.417289
21.71 2 0.0212928
21.81 1 0.415946
21.81 2 0.021238
21.91 1 0.4145
21.91 2 0.0211685
22.01 1 0.41302
22.01 2 0.0210996
22.11 1 0.413299
22.11 2 0.0210313
22.21 1 0.411995
22.21 2 0.0209638
22.31 1 0.410894
22.31 2 0.020912
22.41 1 0.409614
22.41 2 0.0208457
22.51 1 0.408347
22.51 2 0.0207801
22.61 1 0.407093
22.61 2 0.0207073
22.71 1 0.40585
22.71 2 0.020715
22.81 1 0.404804
22.81 2 0.0206506
22.91 1 0.403584
22.91 2 0.0206016
23.01 1 0.402375
23.01 2 0.0205383
23.11 1 0.401178
23.11 2 0.0204757
23.21 1 0.399831
23.21 2 0.0204136
23.31 1 0.400159
23.31 2 0.0203658
23.41 1 0.398998
23.41 2 0.0203056
23.51 1 0.397833
23.51 2 0.0202452
23.61 1 0.396679
23.61 2 0.0201853
23.71 1 0.395536
23.71 2 0.020126
23.81 1 0.394581
23.81 2 0.0200597
23.91 1 0.393457
23.91 2 0.0200814
24.01 1 0.392344
24.01 2 0.0200231
24.11 1 0.391241
24.11 2 0.0199654
24.21 1 0.390148
24.21 2 0.0199081
24.31 1 0.389238
24.31 2 0.0198514
24.41 1 0.388005
24.41 2 0.019809
24.51 1 0.386832
24.51 2 0.0197532
24.61 1 0.387098
24.61 2 0.019698
24.71 1 0.386042
24.71 2 0.0196432
24.81 1 0.384996
24.81 2 0.0195889
24.91 1 0.384129
24.91 2 0.0195485
25.01 1 0.3831
25.01 2 0.0194951
25.11 1 0.38208
25.11 2 0.0194347
25.21 1 0.381069
25.21 2 0.0194422
25.31 1 0.38022
25.31 2 0.0193897
25.41 1 0.379238
25.41 2 0.0193502
25.51 1 0.378252
25.51 2 0.0192992
25.61 1 0.37717
25.61 2 0.019248
25.71 1 0.37615
25.71 2 0.0191972
25.81 1 0.376305
25.81 2 0.0191469
25.91 1 0.375507
25.91 2 0.0191099
26.01 1 0.374554
26.01 2 0.0190604
26.11 1 0.373608
26.11 2 0.0190112
26.21 1 0.37267
26.21 2 0.0189625
26.31 1 0.371739
26.31 2 0.0189068
26.41 1 0.370977
26.41 2 0.0189142
26.51 1 0.370061
26.51 2 0.0188789
26.61 1 0.369153
26.61 2 0.0188313
26.71 1 0.368252
26.71 2 0.0187841
26.81 1 0.367359
26.81 2 0.0187373
26.91 1 0.366477
26.91 2 0.0186909
27.01 1 0.365497
27.01 2 0.0186573
27.11 1 0.36575
27.11 2 0.0186115
27.21 1 0.364877
27.21 2 0.0185662
27.31 1 0.364011
27.31 2 0.0185211
27.41 1 0.363295
27.41 2 0.0184882
27.51 1 0.362454
27.51 2 0.0184372
27.61 1 0.361608
27.61 2 0.0183932
27.71 1 0.360769
27.71 2 0.0184004
27.81 1 0.359936
27.81 2 0.0183567
27.91 1 0.359261
27.91 2 0.0183134
28.01 1 0.358441
28.01 2 0.0182825
28.11 1 0.357529
28.11 2 0.0182398
28.21 1 0.35667
28.21 2 0.0181974
28.31 1 0.356819
28.31 2 0.0181554
28.41 1 0.356018
28.41 2 0.0181137
28.51 1 0.355371
28.51 2 0.0180841
28.61 1 0.354581
28.61 2 0.018043
28.71 1 0.353797
28.71 2 0.0180022
28.81 1 0.353019
28.81 2 0.0179546
28.91 1 0.352247
28.91 2 0.0179617
29.01 1 0.351626
29.01 2 0.0179215
29.11 1 0.350865
29.11 2 0.0178932
29.21 1 0.35011
29.21 2 0.0178535
29.31 1 0.34936
29.31 2 0.0178142
29.41 1 0.34847
29.41 2 0.0177751
29.51 1 0.348749
29.51 2 0.0177473
29.61 1 0.34802
29.61 2 0.0177093
29.71 1 0.347286
29.71 2 0.017671
29.81 1 0.346558
29.81 2 0.0176331
29.91 1 0.345834
29.91 2 0.0175954
30.01 1 0.345257
30.01 2 0.0175511
30.11 1 0.344544
30.11 2 0.0175692
30.21 1 0.343836
30.21 2 0.017532
30.31 1 0.343133
30.31 2 0.0174951
30.41 1 0.342435
30.41 2 0.0174585
30.51 1 0.34188
30.51 2 0.0174221
30.61 1 0.3411
30.61 2 0.017397
30.71 1 0.340274
30.71 2 0.0173611
30.81 1 0.340508
30.81 2 0.0173254
30.91 1 0.339829
30.91 2 0.01729
31.01 1 0.339155
31.01 2 0.0172549
31.11 1 0.338621
31.11 2 0.0172308
31.21 1 0.337956
31.21 2 0.0171961
31.31 1 0.337296
31.31 2 0.0171549
31.41 1 0.33664
31.41 2 0.0171616
31.51 1 0.336113
31.51 2 0.0171274
31.61 1 0.335475
31.61 2 0.0171036
31.71 1 0.334832
31.71 2 0.0170703
31.81 1 0.334104
31.81 2 0.0170368
31.91 1 0.333419
31.91 2 0.0170035
32.01 1 0.333559
32.01 2 0.0169704
32.11 1 0.333061
32.11 2 0.016948
32.21 1 0.332435
32.21 2 0.0169153
32.31 1 0.331813
32.31 2 0.0168829
32.41 1 0.331195
32.41 2 0.0168506
32.51 1 0.330582
32.51 2 0.016812
32.61 1 0.330102
32.61 2 0.0168186
32.71 1 0.329496
32.71 2 0.0167971
32.81 1 0.328894
32.81 2 0.0167654
32.91 1 0.328296
32.91 2 0.016734
33.01 1 0.327702
33.01 2 0.0167028
33.11 1 0.327103
33.11 2 0.0166718
33.21 1 0.326431
33.21 2 0.0166511
33.31 1 0.326653
33.31 2 0.0166205
33.41 1 0.326071
33.41 2 0.01659
33.51 1 0.325492
33.51 2 0.0165598
33.61 1 0.325034
33.61 2 0.0165393
33.71 1 0.32447
33.71 2 0.0165034
33.81 1 0.323902
33.81 2 0.0164737
33.91 1 0.323338
33.91 2 0.0164802
34.01 1 0.322777
34.01 2 0.0164507
34.11 1 0.322343
34.11 2 0.0164214
34.21 1 0.321789
34.21 2 0.0164021
34.31 1 0.321155
34.31 2 0.0163731
34.41 1 0.320558
34.41 2 0.0163444
34.51 1 0.320691
34.51 2 0.0163158
34.61 1 0.320148
34.61 2 0.0162873
34.71 1 0.319729
34.71 2 0.0162688
34.81 1 0.319192
34.81 2 0.0162407
34.91 1 0.318658
34.91 2 0.0162128
35.01 1 0.318127
35.01 2 0.0161787
35.11 1 0.3176
35.11 2 0.016185
35.21 1 0.317196
35.21 2 0.0161574
35.31 1 0.316675
35.31 2 0.0161396
35.41 1 0.316157
35.41 2 0.0161123
35.51 1 0.315642
35.51 2 0.0160852
35.61 1 0.314999
35.61 2 0.0160583
35.71 1 0.315241
35.71 2 0.0160405
35.81 1 0.31474
35.81 2 0.0160143
35.91 1 0.314234
35.91 2 0.0159878
36.01 1 0.313731
36.01 2 0.0159615
36.11 1 0.313231
36.11 2 0.0159354
36.21 1 0.312851
36.21 2 0.0159031
36.31 1 0.312357
36.31 2 0.0159187
36.41 1 0.311866
36.41 2 0.0158928
36.51 1 0.311378
36.51 2 0.0158671
36.61 1 0.310893
36.61 2 0.0158415
36.71 1 0.310525
36.71 2 0.0158161
36.81 1 0.309966
36.81 2 0.0158
36.91 1 0.309361
36.91 2 0.0157749
37.01 1 0.309568
37.01 2 0.0157499
37.11 1 0.309094
37.11 2 0.015725
37.21 1 0.308622
37.21 2 0.0157003
37.31 1 0.308267
37.31 2 0.0156848
37.41 1 0.3078
37.41 2 0.0156604
37.51 1 0.307337
37.51 2 0.01563
37.61 1 0.306876
37.61 2 0.0156361
37.71 1 0.306522
37.71 2 0.0156119
37.81 1 0.306073
37.81 2 0.0155965
37.91 1 0.30562
37.91 2 0.0155729
38.01 1 0.305169
38.01 2 0.0155492
38.11 1 0.304596
38.11 2 0.0155255
38.21 1 0.304721
38.21 2 0.015502
38.31 1 0.304386
38.31 2 0.0154875
38.41 1 0.303942
38.41 2 0.0154642
38.51 1 0.303501
38.51 2 0.0154411
38.61 1 0.303063
38.61 2 0.0154181
38.71 1 0.302627
38.71 2 0.0153893
38.81 1 0.302302
38.81 2 0.0153953
38.91 1 0.301871
38.91 2 0.0153812
39.01 1 0.301442
39.01 2 0.0153586
39.11 1 0.301015
39.11 2 0.0153361
39.21 1 0.300591
39.21 2 0.0153137
39.31 1 0.300154
39.31 2 0.0152914
39.41 1 0.299659
39.41 2 0.0152778
39.51 1 0.299857
39.51 2 0.0152558
39.61 1 0.299439
39.61 2 0.0152339
39.71 1 0.299024
39.71 2 0.0152121
39.81 1 0.29871
39.81 2 0.0151986
39.91 1 0.298306
39.91 2 0.0151715
40.01 1 0.297897
40.01 2 0.01515
40.11 1 0.297491
40.11 2 0.0151559
40.21 1 0.297086
40.21 2 0.0151345
40.31 1 0.296789
40.31 2 0.0151133
40.41 1 0.296388
40.41 2 0.0151005
40.51 1 0.295917
40.51 2 0.0150795
40.61 1 0.295475
40.61 2 0.0150586
40.71 1 0.295594
40.71 2 0.0150378
40.81 1 0.2952
40.81 2 0.0150171
40.91 1 0.294912
40.91 2 0.0150048
41.01 1 0.294522
41.01 2 0.0149843
41.11 1 0.294134
41.11 2 0.0149639
41.21 1 0.293748
41.21 2 0.0149379
41.31 1 0.293364
41.31 2 0.0149437
41.41 1 0.293084
41.41 2 0.0149235
41.51 1 0.292704
41.51 2 0.0149116
41.61 1 0.292326
41.61 2 0.0148916
41.71 1 0.29195
41.71 2 0.0148717
41.81 1 0.291459
41.81 2 0.0148519
41.91 1 0.291671
41.91 2 0.01484
42.01 1 0.291304
42.01 2 0.0148207
42.11 1 0.290934
42.11 2 0.0148013
42.21 1 0.290565
42.21 2 0.0147819
42.31 1 0.290199
42.31 2 0.0147626
42.41 1 0.289933
42.41 2 0.0147429
42.51 1 0.28957
42.51 2 0.0147514
42.61 1 0.289209
42.61 2 0.0147323
42.71 1 0.288849
42.71 2 0.0147133
42.81 1 0.288491
42.81 2 0.0146943
42.91 1 0.288234
42.91 2 0.0146755
43.01 1 0.28781
43.01 2 0.0146646
43.11 1 0.287342
43.11 2 0.014646
43.21 1 0.287527
43.21 2 0.0146275
43.31 1 0.287176
43.31 2 0.014609
43.41 1 0.286827
43.41 2 0.0145906
43.51 1 0.286577
43.51 2 0.0145801
43.61 1 0.286231
43.61 2 0.0145619
43.71 1 0.285887
43.71 2 0.0145383
43.81 1 0.285545
43.81 2 0.0145438
43.91 1 0.285294
43.91 2 0.0145258
44.01 1 0.284961
44.01 2 0.0145152
44.11 1 0.284623
44.11 2 0.0144977
44.21 1 0.284287
44.21 2 0.0144799
44.31 1 0.283841
44.31 2 0.0144622
44.41 1 0.283953
44.41 2 0.0144446
44.51 1 0.283716
44.51 2 0.0144347
44.61 1 0.283384
44.61 2 0.0144172
44.71 1 0.283055
44.71 2 0.0143999
44.81 1 0.282727
44.81 2 0.0143826
44.91 1 0.2824
44.91 2 0.01436
45.01 1 0.282169
45.01 2 0.0143654
45.11 1 0.281846
45.11 2 0.0143558
45.21 1 0.281524
45.21 2 0.0143387
45.31 1 0.281204
45.31 2 0.0143218
45.41 1 0.280885
45.41 2 0.0143049
45.51 1 0.28055
45.51 2 0.0142881
45.61 1 0.280168
45.61 2 0.0142788
45.71 1 0.280344
45.71 2 0.0142621
45.81 1 0.28003
45.81 2 0.0142455
45.91 1 0.279717
45.91 2 0.014229
46.01 1 0.279491
46.01 2 0.0142197
46.11 1 0.279187
46.11 2 0.0141983
46.21 1 0.278878
46.21 2 0.014182
46.31 1 0.27857
46.31 2 0.0141873
46.41 1 0.278265
46.41 2 0.0141711
46.51 1 0.278051
46.51 2 0.014155
46.61 1 0.277747
46.61 2 0.0141461
46.71 1 0.277381
46.71 2 0.0141301
46.81 1 0.277037
46.81 2 0.0141142
46.91 1 0.277145
46.91 2 0.0140984
47.01 1 0.276846
47.01 2 0.0140826
47.11 1 0.276638
47.11 2 0.0140741
47.21 1 0.276342
47.21 2 0.0140584
47.31 1 0.276046
47.31 2 0.0140428
47.41 1 0.275753
47.41 2 0.0140222
47.51 1 0.27546
47.51 2 0.0140273
47.61 1 0.275258
47.61 2 0.0140119
47.71 1 0.274968
47.71 2 0.0140036
47.81 1 0.274679
47.81 2 0.0139883
47.91 1 0.274392
47.91 2 0.0139731
48.01 1 0.273999
48.01 2 0.0139579
48.11 1 0.274188
48.11 2 0.0139496
48.21 1 0.273908
48.21 2 0.0139348
48.31 1 0.273625
48.31 2 0.0139198
48.41 1 0.273342
48.41 2 0.0139049
48.51 1 0.273061
48.51 2 0.01389
48.61 1 0.272868
48.61 2 0.0138748
48.71 1 0.272589
48.71 2 0.0138822
48.81 1 0.272312
48.81 2 0.0138675
48.91 1 0.272036
48.91 2 0.0138528
49.01 1 0.27176
49.01 2 0.0138382
49.11 1 0.271572
49.11 2 0.0138237
49.21 1 0.271238
49.21 2 0.013816
49.31 1 0.270862
49.31 2 0.0138016
49.41 1 0.271028
49.41 2 0.0137873
49.51 1 0.270757
49.51 2 0.013773
49.61 1 0.270488
49.61 2 0.0137588
49.71 1 0.270305
49.71 2 0.0137514
49.81 1 0.270038
49.81 2 0.0137372
49.91 1 0.269772
49.91 2 0.0137182
50.01 1 0.269507
50.01 2 0.0137232
50.11 1 0.269323
50.11 2 0.0137092
50.21 1 0.269065
50.21 2 0.0137017
50.31 1 0.268803
50.31 2 0.0136881
50.41 1 0.268543
50.41 2 0.0136743
50.51 1 0.268182
50.51 2 0.0136605
50.61 1 0.268284
50.61 2 0.0136468
50.71 1 0.268109
50.71 2 0.0136398
50.81 1 0.267852
50.81 2 0.0136262
50.91 1 0.267596
50.91 2 0.0136126
51.01 1 0.26734
51.01 2 0.0135991
51.11 1 0.267087
51.11 2 0.0135808
51.21 1 0.266916
51.21 2 0.0135857
51.31 1 0.266664
51.31 2 0.0135789
51.41 1 0.266413
51.41 2 0.0135656
51.51 1 0.266163
51.51 2 0.0135523
51.61 1 0.265914
51.61 2 0.0135391
51.71 1 0.265648
51.71 2 0.0135259
51.81 1 0.265342
51.81 2 0.0135193
51.91 1 0.265501
51.91 2 0.0135062
52.01 1 0.265255
52.01 2 0.0134932
52.11 1 0.265011
52.11 2 0.0134802
52.21 1 0.264843
52.21 2 0.0134736
52.31 1 0.264605
52.31 2 0.0134561
52.41 1 0.264363
52.41 2 0.0134433
52.51 1 0.264122
52.51 2 0.0134481
52.61 1 0.263882
52.61 2 0.0134354
52.71 1 0.263723
52.71 2 0.0134227
52.81 1 0.263485
52.81 2 0.0134164
52.91 1 0.263189
52.91 2 0.0134038
53.01 1 0.262913
53.01 2 0.0133912
53.11 1 0.263011
53.11 2 0.0133787
53.21 1 0.262776
53.21 2 0.0133662
53.31 1 0.262621
53.31 2 0.0133601
53.41 1 0.262388
53.41 2 0.0133478
53.51 1 0.262155
53.51 2 0.0133355
53.61 1 0.261924
53.61 2 0.0133185
53.71 1 0.261693
53.71 2 0.0133232
53.81 1 0.261542
53.81 2 0.013311
53.91 1 0.261313
53.91 2 0.013305
54.01 1 0.261085
54.01 2 0.0132929
54.11 1 0.260858
54.11 2 0.0132808
54.21 1 0.260535
54.21 2 0.0132688
54.31 1 0.260705
54.31 2 0.0132628
54.41 1 0.260484
54.41 2 0.013251
54.51 1 0.260259
54.51 2 0.0132391
54.61 1 0.260036
54.61 2 0.0132273
54.71 1 0.259813
54.71 2 0.0132155
54.81 1 0.259668
54.81 2 0.0132033
54.91 1 0.259447
54.91 2 0.0131935
55.01 1 0.259227
55.01 2 0.0131981
55.11 1 0.259007
55.11 2 0.0131864
55.21 1 0.258789
55.21 2 0.0131748
55.31 1 0.258647
55.31 2 0.0131632
55.41 1 0.258374
55.41 2 0.0131577
55.51 1 0.258064
55.51 2 0.0131462
55.61 1 0.258214
55.61 2 0.0131348
55.71 1 0.257999
55.71 2 0.0131234
55.81 1 0.257785
55.81 2 0.013112
55.91 1 0.257647
55.91 2 0.0131067
56.01 1 0.257434
56.01 2 0.0130954
56.11 1 0.257222
56.11 2 0.0130795
56.21 1 0.25701
56.21 2 0.0130841
56.31 1 0.256871
56.31 2 0.0130729
56.41 1 0.256665
56.41 2 0.0130675
56.51 1 0.256456
56.51 2 0.0130566
56.61 1 0.256248
56.61 2 0.0130455
56.71 1 0.255947
56.71 2 0.0130344
56.81 1 0.256041
56.81 2 0.0130234
56.91 1 0.255908
56.91 2 0.0130183
57.01 1 0.255702
57.01 2 0.0130074
57.11 1 0.255497
57.11 2 0.0129965
57.21 1 0.255293
57.21 2 0.0129857
57.31 1 0.255089
57.31 2 0.0129704
57.41 1 0.25496
57.41 2 0.0129749
57.51 1 0.254758
57.51 2 0.0129699
57.61 1 0.254556
57.61 2 0.0129592
57.71 1 0.254356
57.71 2 0.0129485
57.81 1 0.254156
57.81 2 0.0129378
57.91 1 0.253938
57.91 2 0.0129272
58.01 1 0.253686
58.01 2 0.0129224
58.11 1 0.253831
58.11 2 0.0129119
58.21 1 0.253633
58.21 2 0.0129014
58.31 1 0.253436
58.31 2 0.0128909
58.41 1 0.253308
58.41 2 0.012886
58.51 1 0.253116
58.51 2 0.0128758
58.61 1 0.252921
58.61 2 0.012861
58.71 1 0.252727
58.71 2 0.0128654
58.81 1 0.252533
58.81 2 0.0128551
58.91 1 0.252412
58.91 2 0.0128448
59.01 1 0.25222
59.01 2 0.0128403
59.11 1 0.251976
59.11 2 0.0128301
59.21 1 0.251747
59.21 2 0.0128199
59.31 1 0.251838
59.31 2 0.0128097
59.41 1 0.251647
59.41 2 0.0127996
59.51 1 0.251529
59.51 2 0.0127952
59.61 1 0.25134
59.61 2 0.0127851
59.71 1 0.251152
59.71 2 0.0127751
59.81 1 0.250964
59.81 2 0.0127608
59.91 1 0.250777
59.91 2 0.0127651
60.01 1 0.250662
60.01 2 0.0127552
60.11 1 0.250476
60.11 2 0.0127509
60.21 1 0.250291
60.21 2 0.012741
60.31 1 0.250107
60.31 2 0.0127312
60.41 1 0.249834
60.41 2 0.0127214
60.51 1 0.249989
60.51 2 0.012717
60.61 1 0.24981
60.61 2 0.0127074
60.71 1 0.249627
60.71 2 0.0126977
60.81 1 0.249446
60.81 2 0.012688
60.91 1 0.249265
60.91 2 0.0126784
61.01 1 0.249153
61.01 2 0.0126684
61.11 1 0.248973
61.11 2 0.0126605
61.21 1 0.248794
61.21 2 0.0126647
61.31 1 0.248615
61.31 2 0.0126552
61.41 1 0.248437
61.41 2 0.0126456
61.51 1 0.248328
61.51 2 0.0126362
61.61 1 0.248101
61.61 2 0.0126322
61.71 1 0.247837
61.71 2 0.0126228
61.81 1 0.247975
61.81 2 0.0126134
61.91 1 0.2478
61.91 2 0.012604
62.01 1 0.247625
62.01 2 0.0125947
62.11 1 0.247518
62.11 2 0.0125908
62.21 1 0.247344
62.21 2 0.0125815
62.31 1 0.247171
62.31 2 0.0125681
62.41 1 0.246998
62.41 2 0.0125723
62.51 1 0.24689
62.51 2 0.0125631
62.61 1 0.246722
62.61 2 0.0125591
62.71 1 0.246551
62.71 2 0.0125501
62.81 1 0.24638
62.81 2 0.012541
62.91 1 0.246125
62.91 2 0.0125319
63.01 1 0.246211
63.01 2 0.0125229
63.11 1 0.246108
63.11 2 0.0125192
63.21 1 0.245939
63.21 2 0.0125102
63.31 1 0.245771
63.31 2 0.0125012
63.41 1 0.245603
63.41 2 0.0124923
63.51 1 0.245436
63.51 2 0.0124792
63.61 1 0.245336
63.61 2 0.0124834
63.71 1 0.24517
63.71 2 0.0124798
63.81 1 0.245005
63.81 2 0.0124709
63.91 1 0.24484
63.91 2 0.0124621
64.01 1 0.244675
64.01 2 0.0124533
64.11 1 0.244493
64.11 2 0.0124445
64.21 1 0.244281
64.21 2 0.012441
64.31 1 0.244414
64.31 2 0.0124323
64.41 1 0.244251
64.41 2 0.0124236
64.51 1 0.244089
64.51 2 0.012415
64.61 1 0.243989
64.61 2 0.0124114
64.71 1 0.243831
64.71 2 0.0124029
64.81 1 0.243671
64.81 2 0.0123903
64.91 1 0.24351
64.91 2 0.0123944
65.01 1 0.243351
65.01 2 0.0123858
65.11 1 0.243256
65.11 2 0.0123773
65.21 1 0.243098
65.21 2 0.0123739
65.31 1 0.242891
65.31 2 0.0123655
65.41 1 0.242699
65.41 2 0.012357
65.51 1 0.242782
65.51 2 0.0123486
65.61 1 0.242625
65.61 2 0.0123402
65.71 1 0.242532
65.71 2 0.012337
65.81 1 0.242376
65.81 2 0.0123286
65.91 1 0.242221
65.91 2 0.0123203
66.01 1 0.242065
66.01 2 0.012308
66.11 1 0.241911
66.11 2 0.012312
66.21 1 0.24182
66.21 2 0.0123038
66.31 1 0.241667
66.31 2 0.0123006
66.41 1 0.241513
66.41 2 0.0122924
66.51 1 0.241361
66.51 2 0.0122842
66.61 1 0.241127
66.61 2 0.012276
66.71 1 0.240991
66.71 2 0.0122728
66.81 1 0.24112
66.81 2 0.0122648
66.91 1 0.240968
66.91 2 0.0122567
67.01 1 0.240818
67.01 2 0.0122487
67.11 1 0.240667
67.11 2 0.0122406
67.21 1 0.24058
67.21 2 0.0122322
67.31 1 0.240431
67.31 2 0.0122257
67.41 1 0.240282
67.41 2 0.0122296
67.51 1 0.240133
67.51 2 0.0122217
67.61 1 0.239985
67.61 2 0.0122137
67.71 1 0.2399
67.71 2 0.0122058
67.81 1 0.239706
67.81 2 0.0122029
67.91 1 0.239525
67.91 2 0.012195
68.01 1 0.239606
68.01 2 0.0121872
68.11 1 0.23946
68.11 2 0.0121793
68.21 1 0.239314
68.21 2 0.0121715
68.31 1 0.23923
68.31 2 0.0121687
68.41 1 0.239085
68.41 2 0.0121609
68.51 1 0.238941
68.51 2 0.0121493
68.61 1 0.238797
68.61 2 0.0121532
68.71 1 0.238711
68.71 2 0.0121455
68.81 1 0.238571
68.81 2 0.0121425
68.91 1 0.238428
68.91 2 0.012135
69.01 1 0.238286
69.01 2 0.0121274
69.11 1 0.238065
69.11 2 0.0121198
69.21 1 0.238144
69.21 2 0.0121122
69.31 1 0.238064
69.31 2 0.0121095
69.41 1 0.237923
69.41 2 0.0121019
69.51 1 0.237782
69.51 2 0.0120944
69.61 1 0.237642
69.61 2 0.0120869
69.71 1 0.237502
69.71 2 0.0120756
69.81 1 0.237423
69.81 2 0.0120794
69.91 1 0.237284
69.91 2 0.0120767
70.01 1 0.237146
70.01 2 0.0120693
70.11 1 0.237007
70.11 2 0.0120619
70.21 1 0.23687
70.21 2 0.0120545
70.31 1 0.236747
70.31 2 0.0120471
70.41 1 0.236532
70.41 2 0.0120445
70.51 1 0.236655
70.51 2 0.0120372
70.61 1 0.236519
70.61 2 0.0120299
70.71 1 0.236383
70.71 2 0.0120226
70.81 1 0.236304
70.81 2 0.0120199
70.91 1 0.236171
70.91 2 0.0120128
71.01 1 0.236036
71.01 2 0.0120018
71.11 1 0.235902
71.11 2 0.0120056
71.21 1 0.235768
71.21 2 0.0119984
71.31 1 0.235693
71.31 2 0.0119912
71.41 1 0.23556
71.41 2 0.0119887
71.51 1 0.235427
71.51 2 0.0119816
71.61 1 0.235217
71.61 2 0.0119744
71.71 1 0.235294
71.71 2 0.0119673
71.81 1 0.235162
71.81 2 0.0119603
71.91 1 0.235089
71.91 2 0.0119579
72.01 1 0.234957
72.01 2 0.0119508
72.11 1 0.234826
72.11 2 0.0119438
72.21 1 0.234696
72.21 2 0.0119331
72.31 1 0.234565
72.31 2 0.0119368
72.41 1 0.234494
72.41 2 0.0119298
72.51 1 0.234364
72.51 2 0.0119275
72.61 1 0.234235
72.61 2 0.0119205
72.71 1 0.234106
72.71 2 0.0119136
72.81 1 0.233902
72.81 2 0.0119067
72.91 1 0.233788
72.91 2 0.0119042
73.01 1 0.233907
73.01 2 0.0118975
73.11 1 0.23378
73.11 2 0.0118907
73.21 1 0.233652
73.21 2 0.0118838
73.31 1 0.233525
73.31 2 0.011877
73.41 1 0.233456
73.41 2 0.0118698
73.51 1 0.23333
73.51 2 0.0118644
73.61 1 0.233204
73.61 2 0.011868
73.71 1 0.233078
73.71 2 0.0118612
73.81 1 0.232953
73.81 2 0.0118545
73.91 1 0.232885
73.91 2 0.0118478
74.01 1 0.232718
74.01 2 0.0118456
74.11 1 0.232562
74.11 2 0.0118389
74.21 1 0.232637
74.21 2 0.0118323
74.31 1 0.232513
74.31 2 0.0118256
74.41 1 0.232389
74.41 2 0.011819
74.51 1 0.232323
74.51 2 0.0118169
74.61 1 0.2322
74.61 2 0.0118103
74.71 1 0.232078
74.71 2 0.0118001
74.81 1 0.231955
74.81 2 0.0118037
74.91 1 0.231887
74.91 2 0.0117972
75.01 1 0.231768
75.01 2 0.011795
75.11 1 0.231647
75.11 2 0.0117886
75.21 1 0.231527
75.21 2 0.0117821
75.31 1 0.231332
75.31 2 0.0117756
75.41 1 0.231406
75.41 2 0.0117691
75.51 1 0.231342
75.51 2 0.0117671
75.61 1 0.231222
75.61 2 0.0117607
75.71 1 0.231103
75.71 2 0.0117542
75.81 1 0.230983
75.81 2 0.0117478
75.91 1 0.230865
75.91 2 0.0117379
76.01 1 0.230802
76.01 2 0.0117414
76.11 1 0.230683
76.11 2 0.0117395
76.21 1 0.230566
76.21 2 0.0117331
76.31 1 0.230448
76.31 2 0.0117268
76.41 1 0.230331
76.41 2 0.0117205
76.51 1 0.230227
76.51 2 0.0117142
76.61 1 0.230038
76.61 2 0.0117123
76.71 1 0.230153
76.71 2 0.011706
76.81 1 0.230036
76.81 2 0.0116998
76.91 1 0.22992
76.91 2 0.0116935
77.01 1 0.229857
77.01 2 0.0116915
77.11 1 0.229744
77.11 2 0.0116855
77.21 1 0.229629
77.21 2 0.0116758
77.31 1 0.229514
77.31 2 0.0116793
77.41 1 0.2294
77.41 2 0.0116731
77.51 1 0.22934
77.51 2 0.011667
77.61 1 0.229226
77.61 2 0.0116652
77.71 1 0.229113
77.71 2 0.011659
77.81 1 0.228928
77.81 2 0.0116529
77.91 1 0.229
77.91 2 0.0116468
78.01 1 0.228887
78.01 2 0.0116407
78.11 1 0.228828
78.11 2 0.011639
78.21 1 0.228716
78.21 2 0.0116329
78.31 1 0.228604
78.31 2 0.0116269
78.41 1 0.228492
78.41 2 0.0116174
78.51 1 0.228381
78.51 2 0.0116209
78.61 1 0.228323
78.61 2 0.0116149
78.71 1 0.228213
78.71 2 0.0116132
78.81 1 0.228102
78.81 2 0.0116072
78.91 1 0.227992
78.91 2 0.0116013
79.01 1 0.227811
79.01 2 0.0115953
79.11 1 0.227714
79.11 2 0.0115935
79.21 1 0.227826
79.21 2 0.0115878
79.31 1 0.227716
79.31 2 0.0115819
79.41 1 0.227607
79.41 2 0.011576
79.51 1 0.227498
79.51 2 0.0115701
79.61 1 0.227443
79.61 2 0.0115639
79.71 1 0.227334
79.71 2 0.0115593
79.81 1 0.227226
79.81 2 0.0115627
79.91 1 0.227119
79.91 2 0.0115568
80.01 1 0.227011
80.01 2 0.011551
80.11 1 0.226957
80.11 2 0.0115453
80.21 1 0.22681
80.21 2 0.0115437
80.31 1 0.226674
80.31 2 0.0115379
80.41 1 0.226743
80.41 2 0.0115322
80.51 1 0.226637
80.51 2 0.0115264
80.61 1 0.226531
80.61 2 0.0115207
80.71 1 0.226478
80.71 2 0.0115192
80.81 1 0.226372
80.81 2 0.0115135
80.91 1 0.226267
80.91 2 0.0115044
81.01 1 0.226162
81.01 2 0.0115078
81.11 1 0.226107
81.11 2 0.0115022
81.21 1 0.226005
81.21 2 0.0115005
81.31 1 0.225901
81.31 2 0.011495
81.41 1 0.225797
81.41 2 0.0114894
81.51 1 0.225624
81.51 2 0.0114838
81.61 1 0.225693
81.61 2 0.0114782
81.71 1 0.225641
81.71 2 0.0114767
81.81 1 0.225538
81.81 2 0.0114712
81.91 1 0.225435
81.91 2 0.0114656
82.01 1 0.225333
82.01 2 0.0114601
82.11 1 0.22523
82.11 2 0.0114512
82.21 1 0.22518
82.21 2 0.0114546
82.31 1 0.225078
82.31 2 0.0114532
82.41 1 0.224976
82.41 2 0.0114477
82.51 1 0.224875
82.51 2 0.0114422
82.61 1 0.224774
82.61 2 0.0114367
82.71 1 0.224685
82.71 2 0.0114312
82.81 1 0.224516
82.81 2 0.0114299
82.91 1 0.224623
82.91 2 0.0114244
83.01 1 0.224523
83.01 2 0.011419
83.11 1 0.224423
83.11 2 0.0114136
83.21 1 0.224371
83.21 2 0.0114121
83.31 1 0.224274
83.31 2 0.0114069
83.41 1 0.224175
83.41 2 0.0113982
83.51 1 0.224076
83.51 2 0.0114015
83.61 1 0.223977
83.61 2 0.0113962
83.71 1 0.223929
83.71 2 0.0113908
83.81 1 0.22383
83.81 2 0.0113895
83.91 1 0.223732
83.91 2 0.0113842
84.01 1 0.223567
84.01 2 0.0113789
84.11 1 0.223634
84.11 2 0.0113736
84.21 1 0.223537
84.21 2 0.0113683
84.31 1 0.223489
84.31 2 0.0113671
84.41 1 0.223392
84.41 2 0.0113618
84.51 1 0.223295
84.51 2 0.0113566
84.61 1 0.223199
84.61 2 0.0113481
84.71 1 0.223102
84.71 2 0.0113514
84.81 1 0.223056
84.81 2 0.0113461
84.91 1 0.22296
84.91 2 0.0113449
85.01 1 0.222864
85.01 2 0.0113397
85.11 1 0.222769
85.11 2 0.0113345
85.21 1 0.222607
85.21 2 0.0113294
85.31 1 0.222523
85.31 2 0.0113281
85.41 1 0.222628
85.41 2 0.011323
85.51 1 0.222533
85.51 2 0.0113179
85.61 1 0.222438
85.61 2 0.0113128
85.71 1 0.222344
85.71 2 0.0113077
85.81 1 0.222299
85.81 2 0.0113022
85.91 1 0.222205
85.91 2 0.0112982
86.01 1 0.222111
86.01 2 0.0113014
86.11 1 0.222018
86.11 2 0.0112964
86.21 1 0.221924
86.21 2 0.0112913
86.31 1 0.22188
86.31 2 0.0112863
86.41 1 0.22175
86.41 2 0.0112851
86.51 1 0.221629
86.51 2 0.0112801
86.61 1 0.221695
86.61 2 0.0112751
86.71 1 0.221603
86.71 2 0.0112701
86.81 1 0.22151
86.81 2 0.0112651
86.91 1 0.221467
86.91 2 0.011264
87.01 1 0.221375
87.01 2 0.011259
87.11 1 0.221284
87.11 2 0.0112509
87.21 1 0.221193
87.21 2 0.0112541
87.31 1 0.221147
87.31 2 0.0112491
87.41 1 0.221059
87.41 2 0.0112479
87.51 1 0.220968
87.51 2 0.0112431
87.61 1 0.220878
87.61 2 0.0112382
87.71 1 0.220723
87.71 2 0.0112333
87.81 1 0.220788
87.81 2 0.0112284
87.91 1 0.220746
87.91 2 0.0112274
88.01 1 0.220656
88.01 2 0.0112225
88.11 1 0.220566
88.11 2 0.0112177
88.21 1 0.220477
88.21 2 0.0112128
88.31 1 0.220388
88.31 2 0.0112049
88.41 1 0.220346
88.41 2 0.0112001
88.51 1 0.220258
88.51 2 0.011207
88.61 1 0.220169
88.61 2 0.0112022
88.71 1 0.220081
88.71 2 0.0111974
88.81 1 0.219993
88.81 2 0.0111926
88.91 1 0.219916
88.91 2 0.0111878
89.01 1 0.219764
89.01 2 0.0111868
89.11 1 0.219864
89.11 2 0.0111821
89.21 1 0.219777
89.21 2 0.0111773
89.31 1 0.21969
89.31 2 0.0111726
89.41 1 0.219647
89.41 2 0.0111715
89.51 1 0.219563
89.51 2 0.0111669
89.61 1 0.219476
89.61 2 0.0111591
89.71 1 0.219389
89.71 2 0.0111622
89.81 1 0.219303
89.81 2 0.0111575
89.91 1 0.219264
89.91 2 0.0111529
90.01 1 0.219178
90.01 2 0.0111519
90.11 1 0.219092
90.11 2 0.0111473
90.21 1 0.218943
90.21 2 0.0111426
90.31 1 0.219007
90.31 2 0.011138
90.41 1 0.218921
90.41 2 0.0111333
90.51 1 0.218883
90.51 2 0.0111324
90.61 1 0.218798
90.61 2 0.0111278
90.71 1 0.218713
90.71 2 0.0111232
90.81 1 0.218628
90.81 2 0.0111156
90.91 1 0.218544
90.91 2 0.0111186
91.01 1 0.218506
91.01 2 0.0111141
91.11 1 0.218422
91.11 2 0.0111132
91.21 1 0.218338
91.21 2 0.0111086
91.31 1 0.218255
91.31 2 0.0111041
91.41 1 0.218109
91.41 2 0.0110995
91.51 1 0.218036
91.51 2 0.0110986
91.61 1 0.218134
91.61 2 0.0110942
91.71 1 0.218051
91.71 2 0.0110897
91.81 1 0.217968
91.81 2 0.0110852
91.91 1 0.217885
91.91 2 0.0110807
92.01 1 0.217849
92.01 2 0.0110759
92.11 1 0.217766
92.11 2 0.0110724
92.21 1 0.217684
92.21 2 0.0110754
92.31 1 0.217602
92.31 2 0.0110709
92.41 1 0.21752
92.41 2 0.0110665
92.51 1 0.217484
92.51 2 0.011062
92.61 1 0.217368
92.61 2 0.0110612
92.71 1 0.21726
92.71 2 0.0110568
92.81 1 0.217322
92.81 2 0.0110524
92.91 1 0.217241
92.91 2 0.011048
93.01 1 0.21716
93.01 2 0.0110436
93.11 1 0.217124
93.11 2 0.0110428
93.21 1 0.217044
93.21 2 0.0110384
93.31 1 0.216963
93.31 2 0.0110311
93.41 1 0.216883
93.41 2 0.0110341
93.51 1 0.216846
93.51 2 0.0110297
93.61 1 0.216768
93.61 2 0.0110288
93.71 1 0.216689
93.71 2 0.0110246
93.81 1 0.216609
93.81 2 0.0110203
93.91 1 0.216469
93.91 2 0.011016
94.01 1 0.21653
94.01 2 0.0110117
94.11 1 0.216496
94.11 2 0.0110109
94.21 1 0.216417
94.21 2 0.0110066
94.31 1 0.216338
94.31 2 0.0110023
94.41 1 0.216259
94.41 2 0.0109981
94.51 1 0.216181
94.51 2 0.0109909
94.61 1 0.216147
94.61 2 0.0109866
94.71 1 0.216069
94.71 2 0.0109931
94.81 1 0.215991
94.81 2 0.0109889
94.91 1 0.215913
94.91 2 0.0109846
95.01 1 0.215836
95.01 2 0.0109804
95.11 1 0.215768
95.11 2 0.0109762
95.21 1 0.215631
95.21 2 0.0109755
95.31 1 0.215725
95.31 2 0.0109713
95.41 1 0.215648
95.41 2 0.0109671
95.51 1 0.215571
95.51 2 0.0109629
95.61 1 0.215536
95.61 2 0.0109621
95.71 1 0.215462
95.71 2 0.0109581
95.81 1 0.215385
95.81 2 0.010951
95.91 1 0.215309
95.91 2 0.0109539
96.01 1 0.215233
96.01 2 0.0109498
96.11 1 0.215201
96.11 2 0.0109456
96.21 1 0.215125
96.21 2 0.010945
96.31 1 0.215049
96.31 2 0.0109408
96.41 1 0.214914
96.41 2 0.0109367
96.51 1 0.214974
96.51 2 0.0109326
96.61 1 0.214899
96.61 2 0.0109285
96.71 1 0.214867
96.71 2 0.0109279
96.81 1 0.214792
96.81 2 0.0109238
96.91 1 0.214717
96.91 2 0.0109197
97.01 1 0.214642
97.01 2 0.0109128
97.11 1 0.214568
97.11 2 0.0109157
97.21 1 0.214537
97.21 2 0.0109116
97.31 1 0.214463
97.31 2 0.010911
97.41 1 0.214389
97.41 2 0.010907
97.51 1 0.214315
97.51 2 0.010903
97.61 1 0.214182
97.61 2 0.0108989
97.71 1 0.214118
97.71 2 0.0108983
97.81 1 0.21421
97.81 2 0.0108943
97.91 1 0.214137
97.91 2 0.0108903
98.01 1 0.214064
98.01 2 0.0108863
98.11 1 0.213991
98.11 2 0.0108824
98.21 1 0.213961
98.21 2 0.0108818
98.31 1 0.213888
98.31 2 0.010875
98.41 1 0.213815
98.41 2 0.0108778
98.51 1 0.213742
98.51 2 0.0108739
98.61 1 0.21367
98.61 2 0.0108699
98.71 1 0.213641
98.71 2 0.010866
98.81 1 0.213535
98.81 2 0.0108654
98.91 1 0.213438
98.91 2 0.0108615
99.01 1 0.213496
99.01 2 0.0108576
99.11 1 0.213425
99.11 2 0.0108537
99.21 1 0.213353
99.21 2 0.0108498
99.31 1 0.213324
99.31 2 0.0108493
99.41 1 0.213253
99.41 2 0.0108454
99.51 1 0.213181
99.51 2 0.0108387
99.61 1 0.21311
99.61 2 0.0108415
99.71 1 0.21308
99.71 2 0.0108376
99.81 1 0.213011
99.81 2 0.010837
99.91 1 0.21294
99.91 2 0.0108333
100.01 1 0.21287
100.01 2 0.0108294
100.11 1 0.212742
100.11 2 0.0108256
100.21 1 0.212639
100.21 2 0.0108217
100.31 1 0.212771
100.31 2 0.0108212
100.41 1 0.212701
100.41 2 0.0108174
100.51 1 0.212631
100.51 2 0.0108136
100.61 1 0.212562
100.61 2 0.0108098
100.71 1 0.212492
100.71 2 0.0108032
100.81 1 0.212464
100.81 2 0.0107994
100.91 1 0.212395
100.91 2 0.0108055
101.01 1 0.212326
101.01 2 0.0108018
101.11 1 0.212257
101.11 2 0.010798
101.21 1 0.212188
101.21 2 0.0107942
101.31 1 0.212128
101.31 2 0.0107904
101.41 1 0.212035
101.41 2 0.01079
101.51 1 0.212092
101.51 2 0.0107863
101.61 1 0.212024
101.61 2 0.0107825
101.71 1 0.211955
101.71 2 0.0107788
101.81 1 0.211926
101.81 2 0.0107783
101.91 1 0.21186
101.91 2 0.0107746
102.01 1 0.211792
102.01 2 0.0107682
102.11 1 0.211724
102.11 2 0.0107709
102.21 1 0.211657
102.21 2 0.0107672
102.31 1 0.21163
102.31 2 0.0107635
102.41 1 0.211563
102.41 2 0.0107631
102.51 1 0.211496
102.51 2 0.0107594
102.61 1 0.211372
102.61 2 0.0107558
102.71 1 0.211428
102.71 2 0.0107521
102.81 1 0.211361
102.81 2 0.0107484
102.91 1 0.211336
102.91 2 0.010748
103.01 1 0.211269
103.01 2 0.0107444
103.11 1 0.211202
103.11 2 0.0107408
103.21 1 0.211136
103.21 2 0.0107344
103.31 1 0.211069
103.31 2 0.0107371
103.41 1 0.211044
103.41 2 0.0107335
103.51 1 0.210978
103.51 2 0.0107331
103.61 1 0.210912
103.61 2 0.0107295
103.71 1 0.210846
103.71 2 0.0107259
103.81 1 0.210749
103.81 2 0.0107223
103.91 1 0.210668
103.91 2 0.0107219
104.01 1 0.210755
104.01 2 0.0107184
104.11 1 0.21069
104.11 2 0.0107148
104.21 1 0.210624
104.21 2 0.0107112
104.31 1 0.210559
104.31 2 0.0107076
104.41 1 0.210535
104.41 2 0.0107073
104.51 1 0.21047
104.51 2 0.0107011
104.61 1 0.210405
104.61 2 0.0107038
104.71 1 0.21034
104.71 2 0.0107002
104.81 1 0.210275
104.81 2 0.0106967
104.91 1 0.210251
104.91 2 0.0106931
105.01 1 0.210187
105.01 2 0.0106928
105.11 1 0.210068
105.11 2 0.0106893
105.21 1 0.210123
105.21 2 0.0106858
105.31 1 0.210059
105.31 2 0.0106823
105.41 1 0.209995
105.41 2 0.0106788
105.51 1 0.209971
105.51 2 0.0106785
105.61 1 0.209907
105.61 2 0.010675
105.71 1 0.209844
105.71 2 0.0106688
105.81 1 0.20978
105.81 2 0.0106715
105.91 1 0.209755
105.91 2 0.010668
106.01 1 0.209693
106.01 2 0.0106677
106.11 1 0.20963
106.11 2 0.0106643
106.21 1 0.209567
106.21 2 0.0106608
106.31 1 0.20945
106.31 2 0.0106574
106.41 1 0.209356
106.41 2 0.0106539
106.51 1 0.209481
106.51 2 0.0106537
106.61 1 0.209419
106.61 2 0.0106502
106.71 1 0.209356
106.71 2 0.0106468
106.81 1 0.209294
106.81 2 0.0106434
106.91 1 0.209231
106.91 2 0.0106373
107.01 1 0.209209
107.01 2 0.010637
107.11 1 0.209147
107.11 2 0.0106397
107.21 1 0.209085
107.21 2 0.0106363
107.31 1 0.209023
107.31 2 0.0106329
107.41 1 0.208961
107.41 2 0.0106295
107.51 1 0.208909
107.51 2 0.0106262
107.61 1 0.208824
107.61 2 0.0106259
107.71 1 0.208878
107.71 2 0.0106226
107.81 1 0.208816
107.81 2 0.0106192
107.91 1 0.208755
107.91 2 0.0106158
108.01 1 0.208731
108.01 2 0.0106155
108.11 1 0.208672
108.11 2 0.0106123
108.21 1 0.208611
108.21 2 0.0106063
108.31 1 0.20855
108.31 2 0.0106089
108.41 1 0.20849
108.41 2 0.0106056
108.51 1 0.208468
108.51 2 0.0106023
108.61 1 0.208408
108.61 2 0.0106021
108.71 1 0.208347
108.71 2 0.0105987
108.81 1 0.208234
108.81 2 0.0105954
108.91 1 0.208287
108.91 2 0.0105921
109.01 1 0.208227
109.01 2 0.0105888
109.11 1 0.208206
109.11 2 0.0105886
109.21 1 0.208146
109.21 2 0.0105854
109.31 1 0.208086
109.31 2 0.0105821
109.41 1 0.208027
109.41 2 0.0105762
109.51 1 0.207967
109.51 2 0.0105788
109.61 1 0.207946
109.61 2 0.0105755
109.71 1 0.207887
109.71 2 0.0105754
109.81 1 0.207828
109.81 2 0.0105721
109.91 1 0.207769
109.91 2 0.0105689
110.01 1 0.20768
110.01 2 0.0105656
110.11 1 0.207606
110.11 2 0.0105653
110.21 1 0.207689
110.21 2 0.0105622
110.31 1 0.20763
110.31 2 0.010559
110.41 1 0.207572
110.41 2 0.0105558
110.51 1 0.207513
110.51 2 0.0105525
110.61 1 0.207493
110.61 2 0.0105524
110.71 1 0.207434
110.71 2 0.0105466
110.81 1 0.207376
110.81 2 0.0105492
110.91 1 0.207318
110.91 2 0.010546
111.01 1 0.20726
111.01 2 0.0105428
111.11 1 0.20724
111.11 2 0.0105396
111.21 1 0.207182
111.21 2 0.0105395
111.31 1 0.207072
111.31 2 0.0105363
111.41 1 0.207125
111.41 2 0.0105331
111.51 1 0.207067
111.51 2 0.01053
111.61 1 0.20701
111.61 2 0.0105268
111.71 1 0.20699
111.71 2 0.0105267
111.81 1 0.206933
111.81 2 0.0105235
111.91 1 0.206876
111.91 2 0.0105178
112.01 1 0.206818
112.01 2 0.0105204
112.11 1 0.206797
112.11 2 0.0105172
112.21 1 0.206742
112.21 2 0.010517
112.31 1 0.206686
112.31 2 0.010514
112.41 1 0.206629
112.41 2 0.0105109
112.51 1 0.206521
112.51 2 0.0105078
112.61 1 0.206435
112.61 2 0.0105046
112.71 1 0.206553
112.71 2 0.0105045
112.81 1 0.206497
112.81 2 0.0105014
112.91 1 0.206441
112.91 2 0.0104983
113.01 1 0.206385
113.01 2 0.0104953
113.11 1 0.206328
113.11 2 0.0104897
113.21 1 0.20631
113.21 2 0.0104895
113.31 1 0.206254
113.31 2 0.0104921
113.41 1 0.206198
113.41 2 0.010489
113.51 1 0.206143
113.51 2 0.0104859
113.61 1 0.206087
113.61 2 0.0104829
113.71 1 0.20604
113.71 2 0.0104798
113.81 1 0.205962
113.81 2 0.0104797
113.91 1 0.206013
113.91 2 0.0104767
114.01 1 0.205958
114.01 2 0.0104737
114.11 1 0.205903
114.11 2 0.0104706
114.21 1 0.205883
114.21 2 0.0104705
114.31 1 0.20583
114.31 2 0.0104675
114.41 1 0.205775
114.41 2 0.010462
114.51 1 0.20572
114.51 2 0.0104645
114.61 1 0.205665
114.61 2 0.0104615
114.71 1 0.205648
114.71 2 0.0104585
114.81 1 0.205593
114.81 2 0.0104584
114.91 1 0.205539
114.91 2 0.0104554
115.01 1 0.205434
115.01 2 0.0104524
115.11 1 0.205485
115.11 2 0.0104494
115.21 1 0.20543
115.21 2 0.0104464
115.31 1 0.205413
115.31 2 0.0104464
115.41 1 0.205359
115.41 2 0.0104434
115.51 1 0.205305
115.51 2 0.0104404
115.61 1 0.205251
115.61 2 0.010435
115.71 1 0.205197
115.71 2 0.0104375
115.81 1 0.20518
115.81 2 0.0104345
115.91 1 0.205127
115.91 2 0.0104345
116.01 1 0.205073
116.01 2 0.0104315
116.11 1 0.20502
116.11 2 0.0104286
116.21 1 0.204938
116.21 2 0.0104257
116.31 1 0.204871
116.31 2 0.0104255
116.41 1 0.20495
116.41 2 0.0104227
116.51 1 0.204897
116.51 2 0.0104198
116.61 1 0.204844
116.61 2 0.0104168
116.71 1 0.204791
116.71 2 0.0104139
116.81 1 0.204774
116.81 2 0.0104139
116.91 1 0.204721
116.91 2 0.0104086
117.01 1 0.204669
117.01 2 0.010411
117.11 1 0.204616
117.11 2 0.0104081
117.21 1 0.204564
117.21 2 0.0104052
117.31 1 0.204547
117.31 2 0.0104023
117.41 1 0.204495
117.41 2 0.0104023
117.51 1 0.204393
117.51 2 0.0103994
117.61 1 0.204443
117.61 2 0.0103966
117.71 1 0.204391
117.71 2 0.0103937
117.81 1 0.204339
117.81 2 0.0103908
117.91 1 0.204323
117.91 2 0.0103908
118.01 1 0.204271
118.01 2 0.010388
118.11 1 0.204219
118.11 2 0.0103827
118.21 1 0.204168
118.21 2 0.0103851
118.31 1 0.20415
118.31 2 0.0103823
118.41 1 0.2041
118.41 2 0.0103822
118.51 1 0.204049
118.51 2 0.0103794
118.61 1 0.203998
118.61 2 0.0103766
118.71 1 0.203897
118.71 2 0.0103738
118.81 1 0.203818
118.81 2 0.010371
118.91 1 0.203931
118.91 2 0.010371
119.01 1 0.20388
119.01 2 0.0103681
119.11 1 0.203829
119.11 2 0.0103653
119.21 1 0.203778
119.21 2 0.0103625
119.31 1 0.203727
119.31 2 0.0103574
119.41 1 0.203712
119.41 2 0.0103573
119.51 1 0.203661
119.51 2 0.0103598
119.61 1 0.203611
119.61 2 0.010357
119.71 1 0.203561
119.71 2 0.0103542
119.81 1 0.20351
119.81 2 0.0103514
119.91 1 0.203468
119.91 2 0.0103486
120.01 1 0.203396
120.01 2 0.0103487
120.11 1 0.203445
120.11 2 0.0103459
120.21 1 0.203395
120.21 2 0.0103431
120.31 1 0.203345
120.31 2 0.0103404
120.41 1 0.203328
120.41 2 0.0103403
120.51 1 0.20328
120.51 2 0.0103377
120.61 1 0.20323
120.61 2 0.0103325
120.71 1 0.203181
120.71 2 0.0103349
120.81 1 0.203131
120.81 2 0.0103322
120.91 1 0.203117
120.91 2 0.0103294
121.01 1 0.203067
121.01 2 0.0103295
121.11 1 0.203018
121.11 2 0.0103268
121.21 1 0.20292
121.21 2 0.010324
121.31 1 0.202969
121.31 2 0.0103213
121.41 1 0.202919
121.41 2 0.0103186
121.51 1 0.202905
121.51 2 0.0103187
121.61 1 0.202856
121.61 2 0.010316
121.71 1 0.202807
121.71 2 0.0103133
121.81 1 0.202758
121.81 2 0.0103082
121.91 1 0.20271
121.91 2 0.0103106
122.01 1 0.202695
122.01 2 0.0103079
122.11 1 0.202647
122.11 2 0.0103079
122.21 1 0.202598
122.21 2 0.0103052
122.31 1 0.20255
122.31 2 0.0103026
122.41 1 0.202475
122.41 2 0.0102999
122.51 1 0.202413
122.51 2 0.0102999
122.61 1 0.202488
122.61 2 0.0102973
122.71 1 0.202439
122.71 2 0.0102946
122.81 1 0.202391
122.81 2 0.010292
122.91 1 0.202343
122.91 2 0.0102893
123.01 1 0.20233
123.01 2 0.0102894
123.11 1 0.202282
123.11 2 0.0102844
123.21 1 0.202234
123.21 2 0.0102868
123.31 1 0.202186
123.31 2 0.0102841
123.41 1 0.202139
123.41 2 0.0102815
123.51 1 0.202125
123.51 2 0.0102788
123.61 1 0.202078
123.61 2 0.0102789
123.71 1 0.201983
123.71 2 0.0102763
123.81 1 0.20203
123.81 2 0.0102737
123.91 1 0.201983
123.91 2 0.0102711
124.01 1 0.201936
124.01 2 0.0102685
124.11 1 0.201922
124.11 2 0.0102686
124.21 1 0.201875
124.21 2 0.010266
124.31 1 0.201828
124.31 2 0.010261
124.41 1 0.201781
124.41 2 0.0102633
124.51 1 0.201767
124.51 2 0.0102608
124.61 1 0.201721
124.61 2 0.0102608
124.71 1 0.201675
124.71 2 0.0102583
124.81 1 0.201628
124.81 2 0.0102557
124.91 1 0.201534
124.91 2 0.0102531
125.01 1 0.201461
125.01 2 0.0102505
125.11 1 0.201569
125.11 2 0.0102506
125.21 1 0.201522
125.21 2 0.0102481
125.31 1 0.201476
125.31 2 0.0102455
125.41 1 0.20143
125.41 2 0.0102429
125.51 1 0.201383
125.51 2 0.0102381
125.61 1 0.201371
125.61 2 0.0102382
125.71 1 0.201325
125.71 2 0.0102405
125.81 1 0.201279
125.81 2 0.010238
125.91 1 0.201233
125.91 2 0.0102354
126.01 1 0.201187
126.01 2 0.0102329
126.11 1 0.201148
126.11 2 0.0102303
126.21 1 0.201082
126.21 2 0.0102305
126.31 1 0.201129
126.31 2 0.0102279
126.41 1 0.201083
126.41 2 0.0102254
126.51 1 0.201038
126.51 2 0.0102229
126.61 1 0.201024
126.61 2 0.010223
126.71 1 0.20098
126.71 2 0.0102205
126.81 1 0.200935
126.81 2 0.0102157
126.91 1 0.20089
126.91 2 0.010218
127.01 1 0.200844
127.01 2 0.0102155
127.11 1 0.200832
127.11 2 0.010213
127.21 1 0.200787
127.21 2 0.0102131
127.31 1 0.200742
127.31 2 0.0102106
127.41 1 0.200651
127.41 2 0.0102082
127.51 1 0.200697
127.51 2 0.0102057
127.61 1 0.200653
127.61 2 0.0102032
127.71 1 0.200641
127.71 2 0.0102033
127.81 1 0.200596
127.81 2 0.0102009
127.91 1 0.200552
127.91 2 0.0101984
128.01 1 0.200507
128.01 2 0.0101937
128.11 1 0.200463
128.11 2 0.0101912
128.21 1 0.200451
128.21 2 0.0101935
128.31 1 0.200407
128.31 2 0.0101936
128.41 1 0.200362
128.41 2 0.0101912
128.51 1 0.200318
128.51 2 0.0101887
128.61 1 0.200248
128.61 2 0.0101863
128.71 1 0.200191
128.71 2 0.0101864
128.81 1 0.200263
128.81 2 0.010184
128.91 1 0.200219
128.91 2 0.0101815
129.01 1 0.200175
129.01 2 0.0101791
129.11 1 0.200131
129.11 2 0.0101767
129.21 1 0.20012
129.21 2 0.0101768
129.31 1 0.200076
129.31 2 0.0101722
129.41 1 0.200032
129.41 2 0.0101744
129.51 1 0.199989
129.51 2 0.010172
129.61 1 0.199945
129.61 2 0.0101696
129.71 1 0.199934
129.71 2 0.0101672
129.81 1 0.199891
129.81 2 0.0101674
129.91 1 0.199802
129.91 2 0.0101649
130.01 1 0.199848
130.01 2 0.0101625
130.11 1 0.199804
130.11 2 0.0101601
130.21 1 0.199761
130.21 2 0.0101577
130.31 1 0.19975
130.31 2 0.0101579
130.41 1 0.199707
130.41 2 0.0101555
130.51 1 0.199664
130.51 2 0.010151
130.61 1 0.199621
130.61 2 0.0101532
130.71 1 0.199609
130.71 2 0.0101508
130.81 1 0.199568
130.81 2 0.0101509
130.91 1 0.199525
130.91 2 0.0101486
131.01 1 0.199483
131.01 2 0.0101462
131.11 1 0.199395
131.11 2 0.0101439
131.21 1 0.199327
131.21 2 0.0101415
131.31 1 0.19943
131.31 2 0.0101417
131.41 1 0.199387
131.41 2 0.0101393
131.51 1 0.199345
131.51 2 0.010137
131.61 1 0.199302
131.61 2 0.0101346
131.71 1 0.19926
131.71 2 0.0101323
131.81 1 0.19925
131.81 2 0.0101302
131.91 1 0.199208
131.91 2 0.0101325
132.01 1 0.199166
132.01 2 0.0101302
132.11 1 0.199124
132.11 2 0.0101278
132.21 1 0.199082
132.21 2 0.0101255
132.31 1 0.199047
132.31 2 0.0101232
132.41 1 0.198985
132.41 2 0.0101234
132.51 1 0.19903
132.51 2 0.010121
132.61 1 0.198988
132.61 2 0.0101187
132.71 1 0.198946
132.71 2 0.0101164
132.81 1 0.198935
132.81 2 0.0101166
132.91 1 0.198895
132.91 2 0.0101143
133.01 1 0.198853
133.01 2 0.0101098
133.11 1 0.198812
133.11 2 0.010112
133.21 1 0.19877
133.21 2 0.0101097
133.31 1 0.198761
133.31 2 0.0101074
133.41 1 0.19872
133.41 2 0.0101076
133.51 1 0.198678
133.51 2 0.0101053
133.61 1 0.198593
133.61 2 0.010103
133.71 1 0.198527
133.71 2 0.0101008
133.81 1 0.198596
133.81 2 0.0100985
133.91 1 0.198587
133.91 2 0.0100987
134.01 1 0.198546
134.01 2 0.0100964
134.11 1 0.198505
134.11 2 0.0100942
134.21 1 0.198464
134.21 2 0.0100897
134.31 1 0.198423
134.31 2 0.0100875
134.41 1 0.198414
134.41 2 0.0100896
134.51 1 0.198373
134.51 2 0.0100899
134.61 1 0.198332
134.61 2 0.0100876
134.71 1 0.198292
134.71 2 0.0100853
134.81 1 0.198227
134.81 2 0.0100831
134.91 1 0.198198
134.91 2 0.0100833
135.01 1 0.198242
135.01 2 0.0100811
135.11 1 0.198202
135.11 2 0.0100788
135.21 1 0.198162
135.21 2 0.0100766
135.31 1 0.198121
135.31 2 0.0100744
135.41 1 0.198112
135.41 2 0.0100746
135.51 1 0.198072
135.51 2 0.0100702
135.61 1 0.198032
135.61 2 0.0100724
135.71 1 0.197992
135.71 2 0.0100701
135.81 1 0.197952
135.81 2 0.0100679
135.91 1 0.197943
135.91 2 0.0100657
136.01 1 0.197904
136.01 2 0.010066
136.11 1 0.19782
136.11 2 0.0100637
136.21 1 0.197864
136.21 2 0.0100615
136.31 1 0.197824
136.31 2 0.0100593
136.41 1 0.197785
136.41 2 0.0100571
136.51 1 0.197776
136.51 2 0.0100574
136.61 1 0.197736
136.61 2 0.0100552
136.71 1 0.197697
136.71 2 0.0100509
136.81 1 0.197657
136.81 2 0.010053
136.91 1 0.197648
136.91 2 0.0100508
137.01 1 0.19761
137.01 2 0.010051
137.11 1 0.19757
137.11 2 0.0100489
137.21 1 0.197531
137.21 2 0.0100467
137.31 1 0.197449
137.31 2 0.0100445
137.41 1 0.197386
137.41 2 0.0100423
137.51 1 0.197484
137.51 2 0.0100426
137.61 1 0.197445
137.61 2 0.0100404
137.71 1 0.197406
137.71 2 0.0100382
137.81 1 0.197367
137.81 2 0.0100361
137.91 1 0.197328
137.91 2 0.0100339
138.01 1 0.19732
138.01 2 0.010032
138.11 1 0.197281
138.11 2 0.0100342
138.21 1 0.197242
138.21 2 0.010032
138.31 1 0.197204
138.31 2 0.0100299
138.41 1 0.197165
138.41 2 0.0100277
138.51 1 0.197133
138.51 2 0.0100256
138.61 1 0.197076
138.61 2 0.0100258
138.71 1 0.197118
138.71 2 0.0100237
138.81 1 0.19708
138.81 2 0.0100216
138.91 1 0.197042
138.91 2 0.0100194
139.01 1 0.197032
139.01 2 0.0100196
139.11 1 0.196995
139.11 2 0.0100176
139.21 1 0.196957
139.21 2 0.0100134
139.31 1 0.196919
139.31 2 0.0100155
139.41 1 0.196881
139.41 2 0.0100133
139.51 1 0.196873
139.51 2 0.0100112
139.61 1 0.196835
139.61 2 0.0100115
139.71 1 0.196797
139.71 2 0.0100094
139.81 1 0.196717
139.81 2 0.0100073
139.91 1 0.196656
139.91 2 0.0100052
140.01 1 0.196722
140.01 2 0.010003
140.11 1 0.196714
140.11 2 0.0100033
140.21 1 0.196676
140.21 2 0.0100012
140.31 1 0.196639
140.31 2 0.00999914
140.41 1 0.196601
140.41 2 0.00999499
140.51 1 0.196564
140.51 2 0.0099929
140.61 1 0.196556
140.61 2 0.00999495
140.71 1 0.196519
140.71 2 0.00999525
140.81 1 0.196481
140.81 2 0.00999316
140.91 1 0.196444
140.91 2 0.00999108
141.01 1 0.196383
141.01 2 0.009989
141.11 1 0.196357
141.11 2 0.00998924
141.21 1 0.196399
141.21 2 0.00998722
141.31 1 0.196362
141.31 2 0.00998515
141.41 1 0.196325
141.41 2 0.00998308
141.51 1 0.196288
141.51 2 0.00998101
141.61 1 0.196281
141.61 2 0.00998132
141.71 1 0.196244
141.71 2 0.00997722
141.81 1 0.196207
141.81 2 0.00997926
141.91 1 0.19617
141.91 2 0.0099772
142.01 1 0.196133
142.01 2 0.00997514
142.11 1 0.196126
142.11 2 0.00997309
142.21 1 0.19609
142.21 2 0.0099734
142.31 1 0.196011
142.31 2 0.00997135
142.41 1 0.196053
142.41 2 0.00996931
142.51 1 0.196016
142.51 2 0.00996726
142.61 1 0.19598
142.61 2 0.00996523
142.71 1 0.195973
142.71 2 0.00996554
142.81 1 0.195936
142.81 2 0.00996351
142.91 1 0.1959
142.91 2 0.00995945
143.01 1 0.195864
143.01 2 0.00996148
143.11 1 0.195856
143.11 2 0.00995945
143.21 1 0.195821
143.21 2 0.00995971
143.31 1 0.195784
143.31 2 0.00995774
143.41 1 0.195748
143.41 2 0.00995572
143.51 1 0.195689
143.51 2 0.0099537
143.61 1 0.195612
143.61 2 0.00995169
143.71 1 0.195706
143.71 2 0.00995202
143.81 1 0.19567
143.81 2 0.00995
143.91 1 0.195634
143.91 2 0.009948
144.01 1 0.195598
144.01 2 0.00994599
144.11 1 0.195562
144.11 2 0.00994399
144.21 1 0.195555
144.21 2 0.00994225
144.31 1 0.19552
144.31 2 0.00994432
144.41 1 0.195484
144.41 2 0.00994232
144.51 1 0.195448
144.51 2 0.00994033
144.61 1 0.195413
144.61 2 0.00993834
144.71 1 0.195406
144.71 2 0.00993635
144.81 1 0.19533
144.81 2 0.00993668
144.91 1 0.195371
144.91 2 0.0099347
145.01 1 0.195335
145.01 2 0.00993272
145.11 1 0.1953
145.11 2 0.00993074
145.21 1 0.195292
145.21 2 0.00993102
145.31 1 0.195258
145.31 2 0.0099291
145.41 1 0.195223
145.41 2 0.00992514
145.51 1 0.195188
145.51 2 0.00992713
145.61 1 0.195153
145.61 2 0.00992516
145.71 1 0.195146
145.71 2 0.0099232
145.81 1 0.195111
145.81 2 0.00992354
145.91 1 0.195076
145.91 2 0.00992158
146.01 1 0.195001
146.01 2 0.00991962
146.11 1 0.194943
146.11 2 0.00991767
146.21 1 0.195007
146.21 2 0.00991571
146.31 1 0.195
146.31 2 0.00991606
146.41 1 0.194966
146.41 2 0.00991411
146.51 1 0.194931
146.51 2 0.00991217
146.61 1 0.194896
146.61 2 0.00990825
146.71 1 0.194861
146.71 2 0.00990631
146.81 1 0.194856
146.81 2 0.00990829
146.91 1 0.194821
146.91 2 0.00990864
147.01 1 0.194786
147.01 2 0.0099067
147.11 1 0.194752
147.11 2 0.00990477
147.21 1 0.194695
147.21 2 0.00990284
147.31 1 0.194671
147.31 2 0.00990313
147.41 1 0.194712
147.41 2 0.00990127
147.51 1 0.194677
147.51 2 0.00989934
147.61 1 0.194643
147.61 2 0.00989742
147.71 1 0.194609
147.71 2 0.00989551
147.81 1 0.194603
147.81 2 0.00989586
147.91 1 0.194569
147.91 2 0.00989199
148.01 1 0.194535
148.01 2 0.00989395
148.11 1 0.194501
148.11 2 0.00989204
148.21 1 0.194467
148.21 2 0.00989013
148.31 1 0.194461
148.31 2 0.00988823
148.41 1 0.194427
148.41 2 0.00988859
148.51 1 0.194353
148.51 2 0.00988669
148.61 1 0.194393
148.61 2 0.00988479
148.71 1 0.194359
148.71 2 0.00988289
148.81 1 0.194326
148.81 2 0.009881
148.91 1 0.19432
148.91 2 0.00988137
149.01 1 0.194286
149.01 2 0.00987948
149.11 1 0.194253
149.11 2 0.00987565
149.21 1 0.194219
149.21 2 0.00987759
149.31 1 0.194213
149.31 2 0.00987571
149.41 1 0.19418
149.41 2 0.00987602
149.51 1 0.194147
149.51 2 0.0098742
149.61 1 0.194113
149.61 2 0.00987232
149.71 1 0.194058
149.71 2 0.00987045
149.81 1 0.193985
149.81 2 0.00986858
149.91 1 0.194075
149.91 2 0.00986895
150.01 1 0.194041
150.01 2 0.00986708
150.11 1 0.194008
150.11 2 0.00986522
150.21 1 0.193975
150.21 2 0.00986336
150.31 1 0.193942
150.31 2 0.0098615
150.41 1 0.193937
150.41 2 0.00985988
150.51 1 0.193903
150.51 2 0.00986187
150.61 1 0.19387
150.61 2 0.00986002
150.71 1 0.193837
150.71 2 0.00985816
150.81 1 0.193804
150.81 2 0.00985631
150.91 1 0.193799
150.91 2 0.00985447
151.01 1 0.193727
151.01 2 0.00985485
151.11 1 0.193767
151.11 2 0.009853
151.21 1 0.193734
151.21 2 0.00985116
151.31 1 0.193701
151.31 2 0.00984932
151.41 1 0.193695
151.41 2 0.00984965
151.51 1 0.193663
151.51 2 0.00984787
151.61 1 0.193631
151.61 2 0.00984412
151.71 1 0.193598
151.71 2 0.00984604
151.81 1 0.193565
151.81 2 0.00984421
151.91 1 0.193561
151.91 2 0.00984238
152.01 1 0.193528
152.01 2 0.00984277
152.11 1 0.193496
152.11 2 0.00984095
152.21 1 0.193424
152.21 2 0.00983912
152.31 1 0.19337
152.31 2 0.00983731
152.41 1 0.193431
152.41 2 0.00983549
152.51 1 0.193426
152.51 2 0.00983588
152.61 1 0.193394
152.61 2 0.00983407
152.71 1 0.193362
152.71 2 0.00983226
152.81 1 0.19333
152.81 2 0.00982855
152.91 1 0.193297
152.91 2 0.00982675
153.01 1 0.193293
153.01 2 0.00982865
153.11 1 0.193261
153.11 2 0.00982904
153.21 1 0.193229
153.21 2 0.00982724
153.31 1 0.193197
153.31 2 0.00982544
153.41 1 0.193143
153.41 2 0.00982365
153.51 1 0.193121
153.51 2 0.00982399
153.61 1 0.19316
153.61 2 0.00982225
153.71 1 0.193128
153.71 2 0.00982046
153.81 1 0.193097
153.81 2 0.00981868
153.91 1 0.193065
153.91 2 0.00981689
154.01 1 0.19306
154.01 2 0.00981729
154.11 1 0.193029
154.11 2 0.00981362
154.21 1 0.192997
154.21 2 0.00981551
154.31 1 0.192965
154.31 2 0.00981373
154.41 1 0.192934
154.41 2 0.00981196
154.51 1 0.19293
154.51 2 0.00981018
154.61 1 0.192898
154.61 2 0.00981058
154.71 1 0.192828
154.71 2 0.00980881
154.81 1 0.192867
154.81 2 0.00980705
154.91 1 0.192835
154.91 2 0.00980528
155.01 1 0.192804
155.01 2 0.00980352
155.11 1 0.1928
155.11 2 0.00980393
155.21 1 0.192768
155.21 2 0.00980217
155.31 1 0.192737
155.31 2 0.00979854
155.41 1 0.192706
155.41 2 0.00980041
155.51 1 0.192701
155.51 2 0.00979866
155.61 1 0.192671
155.61 2 0.00979901
155.71 1 0.19264
155.71 2 0.00979731
155.81 1 0.192608
155.81 2 0.00979557
155.91 1 0.192556
155.91 2 0.00979382
156.01 1 0.192487
156.01 2 0.00979208
156.11 1 0.192573
156.11 2 0.00979249
156.21 1 0.192542
156.21 2 0.00979075
156.31 1 0.192512
156.31 2 0.00978901
156.41 1 0.192481
156.41 2 0.00978727
156.51 1 0.19245
156.51 2 0.00978554
156.61 1 0.192446
156.61 2 0.00978404
156.71 1 0.192415
156.71 2 0.00978596
156.81 1 0.192385
156.81 2 0.00978423
156.91 1 0.192354
156.91 2 0.0097825
157.01 1 0.192323
157.01 2 0.00978077
157.11 1 0.192319
157.11 2 0.00977905
157.21 1 0.192251
157.21 2 0.00977947
157.31 1 0.192289
157.31 2 0.00977775
157.41 1 0.192258
157.41 2 0.00977603
157.51 1 0.192228
157.51 2 0.00977432
157.61 1 0.192223
157.61 2 0.00977468
157.71 1 0.192194
157.71 2 0.00977303
157.81 1 0.192163
157.81 2 0.00976947
157.91 1 0.192133
157.91 2 0.00977132
158.01 1 0.192103
158.01 2 0.00976961
158.11 1 0.192099
158.11 2 0.00976791
158.21 1 0.192069
158.21 2 0.00976833
158.31 1 0.192039
158.31 2 0.00976663
158.41 1 0.191971
158.41 2 0.00976493
158.51 1 0.19192
158.51 2 0.00976324
158.61 1 0.191979
158.61 2 0.00976154
158.71 1 0.191975
158.71 2 0.00976197
158.81 1 0.191945
158.81 2 0.00976028
158.91 1 0.191915
158.91 2 0.00975859
159.01 1 0.191885
159.01 2 0.00975507
159.11 1 0.191855
159.11 2 0.00975339
159.21 1 0.191852
159.21 2 0.00975522
159.31 1 0.191822
159.31 2 0.00975565
159.41 1 0.191792
159.41 2 0.00975397
159.51 1 0.191762
159.51 2 0.00975229
159.61 1 0.191712
159.61 2 0.00975061
159.71 1 0.191692
159.71 2 0.00975099
159.81 1 0.191729
159.81 2 0.00974937
159.91 1 0.1917
159.91 2 0.0097477
160.01 1 0.19167
160.01 2 0.00974603
160.11 1 0.19164
160.11 2 0.00974437
160.21 1 0.191637
160.21 2 0.0097448
160.31 1 0.191608
160.31 2 0.00974132
160.41 1 0.191578
160.41 2 0.00974314
160.51 1 0.191549
160.51 2 0.00974148
160.61 1 0.191519
160.61 2 0.00973982
160.71 1 0.191516
160.71 2 0.00973816
160.81 1 0.191487
160.81 2 0.0097386
160.91 1 0.19142
160.91 2 0.00973695
161.01 1 0.191458
161.01 2 0.0097353
161.11 1 0.191428
161.11 2 0.00973365
161.21 1 0.191399
161.21 2 0.009732
161.31 1 0.191396
161.31 2 0.00973244
161.41 1 0.191367
161.41 2 0.0097308
161.51 1 0.191338
161.51 2 0.00972735
161.61 1 0.191309
161.61 2 0.00972571
161.71 1 0.191305
161.71 2 0.00972752
161.81 1 0.191277
161.81 2 0.0097279
161.91 1 0.191248
161.91 2 0.00972632
162.01 1 0.191219
162.01 2 0.00972469
162.11 1 0.191169
162.11 2 0.00972306
162.21 1 0.191103
162.21 2 0.00972143
162.31 1 0.191187
162.31 2 0.00972187
162.41 1 0.191158
162.41 2 0.00972024
162.51 1 0.191129
162.51 2 0.00971862
162.61 1 0.191101
162.61 2 0.009717
162.71 1 0.191072
162.71 2 0.00971538
162.81 1 0.191069
162.81 2 0.00971398
162.91 1 0.19104
162.91 2 0.00971582
163.01 1 0.191012
163.01 2 0.00971421
163.11 1 0.190983
163.11 2 0.00971259
163.21 1 0.190955
163.21 2 0.00971098
163.31 1 0.190952
163.31 2 0.00970937
163.41 1 0.190887
163.41 2 0.00970982
163.51 1 0.190923
163.51 2 0.00970821
163.61 1 0.190895
163.61 2 0.0097066
163.71 1 0.190866
163.71 2 0.009705
163.81 1 0.190863
163.81 2 0.0097054
163.91 1 0.190835
163.91 2 0.00970385
164.01 1 0.190807
164.01 2 0.00970047
164.11 1 0.190779
164.11 2 0.00970225
164.21 1 0.190751
164.21 2 0.00970066
164.31 1 0.190748
164.31 2 0.00969906
164.41 1 0.19072
164.41 2 0.00969951
164.51 1 0.190692
164.51 2 0.00969792
164.61 1 0.190627
164.61 2 0.00969633
164.71 1 0.190579
164.71 2 0.00969475
164.81 1 0.190636
164.81 2 0.00969316
164.91 1 0.190633
164.91 2 0.00969362
165.01 1 0.190605
165.01 2 0.00969203
165.11 1 0.190577
165.11 2 0.00969046
165.21 1 0.190549
165.21 2 0.00968711
165.31 1 0.190521
165.31 2 0.00968553
165.41 1 0.190519
165.41 2 0.0096873
165.51 1 0.190491
165.51 2 0.00968776
165.61 1 0.190463
165.61 2 0.00968619
165.71 1 0.190435
165.71 2 0.00968462
165.81 1 0.190387
165.81 2 0.00968305
165.91 1 0.190369
165.91 2 0.00968345
166.01 1 0.190405
166.01 2 0.00968194
166.11 1 0.190378
166.11 2 0.00968038
166.21 1 0.19035
166.21 2 0.00967881
166.31 1 0.190322
166.31 2 0.00967725
166.41 1 0.19032
166.41 2 0.00967771
166.51 1 0.190292
166.51 2 0.0096744
166.61 1 0.190265
166.61 2 0.00967616
166.71 1 0.190237
166.71 2 0.0096746
166.81 1 0.19021
166.81 2 0.00967305
166.91 1 0.190208
166.91 2 0.0096715
167.01 1 0.19018
167.01 2 0.00967196
167.11 1 0.190117
167.11 2 0.00967041
167.21 1 0.190153
167.21 2 0.00966887
167.31 1 0.190126
167.31 2 0.00966732
167.41 1 0.190098
167.41 2 0.00966578
167.51 1 0.190096
167.51 2 0.00966625
167.61 1 0.190069
167.61 2 0.00966471
167.71 1 0.190042
167.71 2 0.00966142
167.81 1 0.190015
167.81 2 0.00965989
167.91 1 0.190012
167.91 2 0.00966163
168.01 1 0.189986
168.01 2 0.00966205
168.11 1 0.189959
168.11 2 0.00966057
168.21 1 0.189932
168.21 2 0.00965904
168.31 1 0.189885
168.31 2 0.00965751
168.41 1 0.189822
168.41 2 0.00965598
168.51 1 0.189903
168.51 2 0.00965645
168.61 1 0.189876
168.61 2 0.00965493
168.71 1 0.189849
168.71 2 0.0096534
168.81 1 0.189822
168.81 2 0.00965188
168.91 1 0.189795
168.91 2 0.00965036
169.01 1 0.189793
169.01 2 0.00964905
169.11 1 0.189766
169.11 2 0.00965084
169.21 1 0.18974
169.21 2 0.00964932
169.31 1 0.189713
169.31 2 0.00964781
169.41 1 0.189686
169.41 2 0.00964629
169.51 1 0.189684
169.51 2 0.00964478
169.61 1 0.189622
169.61 2 0.00964526
169.71 1 0.189658
169.71 2 0.00964375
169.81 1 0.189631
169.81 2 0.00964225
169.91 1 0.189604
169.91 2 0.00964074
170.01 1 0.189602
170.01 2 0.00964117
170.11 1 0.189576
170.11 2 0.00963972
170.21 1 0.18955
170.21 2 0.0096365
170.31 1 0.189523
170.31 2 0.00963822
170.41 1 0.189497
170.41 2 0.00963672
170.51 1 0.189495
170.51 2 0.00963522
170.61 1 0.189469
170.61 2 0.0096357
170.71 1 0.189442
170.71 2 0.00963421
170.81 1 0.189381
170.81 2 0.00963272
170.91 1 0.189335
170.91 2 0.00963123
171.01 1 0.18939
171.01 2 0.00962974
171.11 1 0.189388
171.11 2 0.00963022
171.21 1 0.189362
171.21 2 0.00962874
171.31 1 0.189336
171.31 2 0.00962725
171.41 1 0.18931
171.41 2 0.00962577
171.51 1 0.189284
171.51 2 0.00962259
171.61 1 0.189282
171.61 2 0.00962429
171.71 1 0.189256
171.71 2 0.00962477
171.81 1 0.18923
171.81 2 0.0096233
171.91 1 0.189204
171.91 2 0.00962182
172.01 1 0.189159
172.01 2 0.00962035
172.11 1 0.189142
172.11 2 0.00962078
172.21 1 0.189177
172.21 2 0.00961936
172.31 1 0.189151
172.31 2 0.0096179
172.41 1 0.189125
172.41 2 0.00961643
172.51 1 0.189099
172.51 2 0.00961497
172.61 1 0.189098
172.61 2 0.00961545
172.71 1 0.189072
172.71 2 0.00961229
172.81 1 0.189046
172.81 2 0.00961399
172.91 1 0.18902
172.91 2 0.00961253
173.01 1 0.188995
173.01 2 0.00961107
173.11 1 0.188993
173.11 2 0.00960961
173.21 1 0.188968
173.21 2 0.0096101
173.31 1 0.188907
173.31 2 0.00960864
173.41 1 0.188862
173.41 2 0.00960719
173.51 1 0.188916
173.51 2 0.00960574
173.61 1 0.188891
173.61 2 0.00960429
173.71 1 0.18889
173.71 2 0.00960478
173.81 1 0.188864
173.81 2 0.00960333
173.91 1 0.188839
173.91 2 0.0096002
174.01 1 0.188813
174.01 2 0.00959876
174.11 1 0.188811
174.11 2 0.00960045
174.21 1 0.188787
174.21 2 0.00960089
174.31 1 0.188761
174.31 2 0.0095995
174.41 1 0.188736
174.41 2 0.00959806
174.51 1 0.188691
174.51 2 0.00959662
174.61 1 0.188651
174.61 2 0.00959519
174.71 1 0.188709
174.71 2 0.00959568
174.81 1 0.188684
174.81 2 0.00959424
174.91 1 0.188659
174.91 2 0.00959281
175.01 1 0.188634
175.01 2 0.00959138
175.11 1 0.188609
175.11 2 0.00958996
175.21 1 0.188607
175.21 2 0.00958873
175.31 1 0.188582
175.31 2 0.00959045
175.41 1 0.188557
175.41 2 0.00958902
175.51 1 0.188532
175.51 2 0.0095876
175.61 1 0.188507
175.61 2 0.00958618
175.71 1 0.188506
175.71 2 0.00958476
175.81 1 0.188447
175.81 2 0.00958526
175.91 1 0.188481
175.91 2 0.00958384
176.01 1 0.188456
176.01 2 0.00958242
176.11 1 0.188431
176.11 2 0.00958101
176.21 1 0.188429
176.21 2 0.00958146
176.31 1 0.188406
176.31 2 0.00958009
176.41 1 0.188381
176.41 2 0.00957702
176.51 1 0.188356
176.51 2 0.00957868
176.61 1 0.188331
176.61 2 0.00957728
176.71 1 0.18833
176.71 2 0.00957587
176.81 1 0.188306
176.81 2 0.00957637
176.91 1 0.188281
176.91 2 0.00957496
177.01 1 0.188237
177.01 2 0.00957356
177.11 1 0.188179
177.11 2 0.00957216
177.21 1 0.188232
177.21 2 0.00957076
177.31 1 0.188231
177.31 2 0.00957126
177.41 1 0.188206
177.41 2 0.00956986
177.51 1 0.188182
177.51 2 0.00956847
177.61 1 0.188157
177.61 2 0.00956708
177.71 1 0.188133
177.71 2 0.00956403
177.81 1 0.188132
177.81 2 0.00956569
177.91 1 0.188107
177.91 2 0.00956618
178.01 1 0.188083
178.01 2 0.0095648
178.11 1 0.188058
178.11 2 0.00956341
178.21 1 0.188034
178.21 2 0.00956202
178.31 1 0.188
178.31 2 0.00956248
178.41 1 0.188033
178.41 2 0.00956114
178.51 1 0.188009
178.51 2 0.00955976
178.61 1 0.187985
178.61 2 0.00955838
178.71 1 0.187961
178.71 2 0.009557
178.81 1 0.18796
178.81 2 0.0095575
178.91 1 0.187936
178.91 2 0.00955449
179.01 1 0.187911
179.01 2 0.00955613
179.11 1 0.187887
179.11 2 0.00955475
179.21 1 0.187863
179.21 2 0.00955338
179.31 1 0.187863
179.31 2 0.00955201
179.41 1 0.187839
179.41 2 0.00955251
179.51 1 0.187781
179.51 2 0.00955114
179.61 1 0.187738
179.61 2 0.00954978
179.71 1 0.18779
179.71 2 0.00954841
179.81 1 0.187766
179.81 2 0.00954705
179.91 1 0.187766
179.91 2 0.00954755
180.01 1 0.187742
180.01 2 0.00954619
180.11 1 0.187718
180.11 2 0.0095432
180.21 1 0.187694
180.21 2 0.00954184
180.31 1 0.187693
180.31 2 0.00954347
180.41 1 0.18767
180.41 2 0.00954393
180.51 1 0.187646
180.51 2 0.00954262
180.61 1 0.187622
180.61 2 0.00954127
180.71 1 0.18758
180.71 2 0.00953991
180.81 1 0.187541
180.81 2 0.00953856
180.91 1 0.187598
180.91 2 0.00953907
181.01 1 0.187574
181.01 2 0.00953772
181.11 1 0.187551
181.11 2 0.00953637
181.21 1 0.187527
181.21 2 0.00953503
181.31 1 0.187503
181.31 2 0.00953368
181.41 1 0.187503
181.41 2 0.00953253
181.51 1 0.187479
181.51 2 0.00953419
181.61 1 0.187456
181.61 2 0.00953285
181.71 1 0.187432
181.71 2 0.00953151
181.81 1 0.187409
181.81 2 0.00953017
181.91 1 0.187408
181.91 2 0.00952883
182.01 1 0.187352
182.01 2 0.00952934
182.11 1 0.187385
182.11 2 0.00952801
182.21 1 0.187361
182.21 2 0.00952667
182.31 1 0.187338
182.31 2 0.00952534
182.41 1 0.187337
182.41 2 0.00952581
182.51 1 0.187314
182.51 2 0.00952452
182.61 1 0.187291
182.61 2 0.00952158
182.71 1 0.187268
182.71 2 0.00952319
182.81 1 0.187245
182.81 2 0.00952187
182.91 1 0.187244
182.91 2 0.00952054
183.01 1 0.187221
183.01 2 0.00952105
183.11 1 0.187198
183.11 2 0.00951973
183.21 1 0.187156
183.21 2 0.00951841
183.31 1 0.1871
183.31 2 0.00951709
183.41 1 0.187151
183.41 2 0.00951577
183.51 1 0.187151
183.51 2 0.00951628
183.61 1 0.187128
183.61 2 0.00951497
183.71 1 0.187105
183.71 2 0.00951365
183.81 1 0.187082
183.81 2 0.00951234
183.91 1 0.187059
183.91 2 0.00950943
184.01 1 0.187059
184.01 2 0.00951103
184.11 1 0.187036
184.11 2 0.00951154
184.21 1 0.187013
184.21 2 0.00951023
184.31 1 0.18699
184.31 2 0.00950893
184.41 1 0.186967
184.41 2 0.00950762
184.51 1 0.186934
184.51 2 0.00950809
184.61 1 0.186967
184.61 2 0.00950683
184.71 1 0.186944
184.71 2 0.00950553
184.81 1 0.186921
184.81 2 0.00950422
184.91 1 0.186898
184.91 2 0.00950292
185.01 1 0.186898
185.01 2 0.00950344
185.11 1 0.186876
185.11 2 0.00950055
185.21 1 0.186853
185.21 2 0.00950214
185.31 1 0.18683
185.31 2 0.00950085
185.41 1 0.186808
185.41 2 0.00949955
185.51 1 0.186808
185.51 2 0.00949826
185.61 1 0.186785
185.61 2 0.00949878
185.71 1 0.18673
185.71 2 0.00949748
185.81 1 0.186689
185.81 2 0.00949619
185.91 1 0.18674
185.91 2 0.00949491
186.01 1 0.186717
186.01 2 0.00949362
186.11 1 0.186717
186.11 2 0.00949414
186.21 1 0.186695
186.21 2 0.00949285
186.31 1 0.186672
186.31 2 0.00948999
186.41 1 0.18665
186.41 2 0.00948871
186.51 1 0.186649
186.51 2 0.00949029
186.61 1 0.186627
186.61 2 0.00949076
186.71 1 0.186605
186.71 2 0.00948953
186.81 1 0.186583
186.81 2 0.00948825
186.91 1 0.186542
186.91 2 0.00948697
187.01 1 0.186505
187.01 2 0.0094857
187.11 1 0.18656
187.11 2 0.00948622
187.21 1 0.186538
187.21 2 0.00948494
187.31 1 0.186516
187.31 2 0.00948367
187.41 1 0.186493
187.41 2 0.0094824
187.51 1 0.186471
187.51 2 0.00948113
187.61 1 0.186471
187.61 2 0.00948004
187.71 1 0.186449
187.71 2 0.00948165
187.81 1 0.186427
187.81 2 0.00948039
187.91 1 0.186405
187.91 2 0.00947912
188.01 1 0.186383
188.01 2 0.00947786
188.11 1 0.186383
188.11 2 0.00947659
188.21 1 0.186329
188.21 2 0.00947712
188.31 1 0.186361
188.31 2 0.00947586
188.41 1 0.186339
188.41 2 0.0094746
188.51 1 0.186317
188.51 2 0.00947334
188.61 1 0.186316
188.61 2 0.00947382
188.71 1 0.186295
188.71 2 0.00947261
188.81 1 0.186273
188.81 2 0.00946979
188.91 1 0.186251
188.91 2 0.00947135
189.01 1 0.186229
189.01 2 0.0094701
189.11 1 0.18623
189.11 2 0.00946885
189.21 1 0.186208
189.21 2 0.00946937
189.31 1 0.186186
189.31 2 0.00946812
189.41 1 0.186146
189.41 2 0.00946687
189.51 1 0.186092
189.51 2 0.00946562
189.61 1 0.186142
189.61 2 0.00946438
189.71 1 0.186143
189.71 2 0.0094649
189.81 1 0.186121
189.81 2 0.00946366
189.91 1 0.186099
189.91 2 0.00946242
190.01 1 0.186077
190.01 2 0.00946118
190.11 1 0.186056
190.11 2 0.00945839
190.21 1 0.186056
190.21 2 0.00945994
190.31 1 0.186034
190.31 2 0.00946046
190.41 1 0.186013
190.41 2 0.00945923
190.51 1 0.185991
190.51 2 0.00945799
190.61 1 0.185969
190.61 2 0.00945676
190.71 1 0.185938
190.71 2 0.00945724
190.81 1 0.18597
190.81 2 0.00945605
190.91 1 0.185948
190.91 2 0.00945482
191.01 1 0.185927
191.01 2 0.00945359
191.11 1 0.185905
191.11 2 0.00945236
191.21 1 0.185906
191.21 2 0.00945289
191.31 1 0.185884
191.31 2 0.00945012
191.41 1 0.185863
191.41 2 0.00945166
191.51 1 0.185842
191.51 2 0.00945043
191.61 1 0.18582
191.61 2 0.00944921
191.71 1 0.185821
191.71 2 0.00944799
191.81 1 0.185799
191.81 2 0.00944852
191.91 1 0.185747
191.91 2 0.0094473
192.01 1 0.185708
192.01 2 0.00944608
192.11 1 0.185757
192.11 2 0.00944486
192.21 1 0.185735
192.21 2 0.00944364
192.31 1 0.185736
192.31 2 0.00944417
192.41 1 0.185715
192.41 2 0.00944296
192.51 1 0.185694
192.51 2 0.00944021
192.61 1 0.185672
192.61 2 0.009439
192.71 1 0.185672
192.71 2 0.00944053
192.81 1 0.185652
192.81 2 0.00944102
192.91 1 0.185631
192.91 2 0.00943985
193.01 1 0.18561
193.01 2 0.00943864
193.11 1 0.185571
193.11 2 0.00943743
193.21 1 0.185536
193.21 2 0.00943622
193.31 1 0.185589
193.31 2 0.00943676
193.41 1 0.185568
193.41 2 0.00943555
193.51 1 0.185547
193.51 2 0.00943435
193.61 1 0.185526
193.61 2 0.00943315
193.71 1 0.185505
193.71 2 0.00943194
193.81 1 0.185506
193.81 2 0.00943091
193.91 1 0.185485
193.91 2 0.00943248
194.01 1 0.185464
194.01 2 0.00943128
194.11 1 0.185443
194.11 2 0.00943008
194.21 1 0.185422
194.21 2 0.00942888
194.31 1 0.185423
194.31 2 0.00942769
194.41 1 0.185371
194.41 2 0.00942822
194.51 1 0.185402
194.51 2 0.00942703
194.61 1 0.185381
194.61 2 0.00942584
194.71 1 0.18536
194.71 2 0.00942465
194.81 1 0.18536
194.81 2 0.00942514
194.91 1 0.185341
194.91 2 0.00942399
195.01 1 0.18532
195.01 2 0.00942129
195.11 1 0.185299
195.11 2 0.0094228
195.21 1 0.185278
195.21 2 0.00942162
195.31 1 0.185279
195.31 2 0.00942043
195.41 1 0.185259
195.41 2 0.00942097
195.51 1 0.185238
195.51 2 0.00941978
195.61 1 0.1852
195.61 2 0.0094186
195.71 1 0.185149
195.71 2 0.00941742
195.81 1 0.185197
195.81 2 0.00941624
195.91 1 0.185198
195.91 2 0.00941678
196.01 1 0.185177
196.01 2 0.0094156
196.11 1 0.185156
196.11 2 0.00941442
196.21 1 0.185136
196.21 2 0.00941325
196.31 1 0.185115
196.31 2 0.00941057
196.41 1 0.185116
196.41 2 0.00941207
196.51 1 0.185096
196.51 2 0.00941261
196.61 1 0.185076
196.61 2 0.00941144
196.71 1 0.185055
196.71 2 0.00941027
196.81 1 0.185055
196.81 2 0.0094091
196.91 1 0.185005
196.91 2 0.00940959
197.01 1 0.185036
197.01 2 0.00940847
197.11 1 0.185015
197.11 2 0.0094073
197.21 1 0.184995
197.21 2 0.00940614
197.31 1 0.184975
197.31 2 0.00940497
197.41 1 0.184976
197.41 2 0.00940551
197.51 1 0.184955
197.51 2 0.00940285
197.61 1 0.184935
197.61 2 0.00940435
197.71 1 0.184915
197.71 2 0.00940319
197.81 1 0.184895
197.81 2 0.00940203
197.91 1 0.184896
197.91 2 0.00940087
198.01 1 0.184876
198.01 2 0.00940141
198.11 1 0.184825
198.11 2 0.00940025
198.21 1 0.184788
198.21 2 0.00939909
198.31 1 0.184835
198.31 2 0.00939794
198.41 1 0.184815
198.41 2 0.00939678
198.51 1 0.184816
198.51 2 0.00939732
198.61 1 0.184796
198.61 2 0.00939617
198.71 1 0.184776
198.71 2 0.00939354
198.81 1 0.184756
198.81 2 0.00939239
198.91 1 0.184756
198.91 2 0.00939387
199.01 1 0.184737
199.01 2 0.00939437
199.11 1 0.184717
199.11 2 0.00939327
199.21 1 0.184697
199.21 2 0.00939212
199.31 1 0.18466
199.31 2 0.00939097
199.41 1 0.184627
199.41 2 0.00938983
199.51 1 0.184679
199.51 2 0.00939037
199.61 1 0.184659
199.61 2 0.00938923
199.71 1 0.184639
199.71 2 0.00938809
199.81 1 0.184619
199.81 2 0.00938695
199.91 1 0.184599
199.91 2 0.00938581
200.01 1 0.1846
200.01 2 0.00938483
200.11 1 0.184553
200.11 2 0.00938661
200.21 1 0.184563
200.21 2 0.0093872
200.31 1 0.184543
200.31 2 0.00938606
200.41 1 0.184523
200.41 2 0.00938493
200.51 1 0.184524
200.51 2 0.00938379
200.61 1 0.184474
200.61 2 0.00938433
200.71 1 0.184505
200.71 2 0.0093832
200.81 1 0.184485
200.81 2 0.00938207
200.91 1 0.184465
200.91 2 0.00938094
