0.0 0
0.214162 0.204
0.41929 0.204125
0.433397 0.205109
0.447515 0.205971
0.461633 0.206724
0.47575 0.207384
0.624408 0.224836
0.638525 0.223231
0.652643 0.221827
0.666761 0.220599
0.680878 0.219524
0.694996 0.218584
0.709114 0.217886
0.723231 0.21715
0.737349 0.216506
0.829525 0.225693
0.843642 0.223981
0.85776 0.222484
0.871878 0.221173
0.885995 0.220027
0.900113 0.219148
0.914231 0.218255
0.928348 0.217473
0.942466 0.216789
1.03464 0.22594
1.04876 0.224198
1.06288 0.222673
1.07699 0.221339
1.09111 0.220296
1.10523 0.219259
1.11935 0.218352
1.13347 0.217558
1.14758 0.216863
1.23976 0.226005
1.25388 0.224255
1.26799 0.222723
1.28211 0.221507
1.29623 0.220319
1.31035 0.219279
1.32447 0.218369
1.33858 0.217573
1.3527 0.216876
1.44488 0.226017
1.45899 0.224265
1.47311 0.222857
1.48723 0.2215
1.50135 0.220312
1.51546 0.219273
1.52958 0.218364
1.5437 0.217568
1.55782 0.216872
1.64999 0.226013
1.66411 0.224387
1.67823 0.222838
1.69235 0.221484
1.70646 0.220298
1.72058 0.219261
1.7347 0.218353
1.74882 0.217559
1.76293 0.216864
1.85511 0.226131
1.86923 0.224365
1.88335 0.222819
1.89746 0.221467
1.91158 0.220283
1.9257 0.219248
1.93982 0.218342
1.95393 0.217549
1.96805 0.216981
2.06023 0.226233
2.07435 0.224454
2.08846 0.222897
2.10258 0.221535
2.1167 0.220343
2.13082 0.2193
2.14493 0.218388
2.15905 0.217714
2.17317 0.217125
2.26535 0.226234
2.27946 0.224455
2.29358 0.222898
2.3077 0.221536
2.32182 0.220344
2.33593 0.219301
2.35005 0.218513
2.36417 0.217824
2.37829 0.217096
2.47046 0.226209
2.48458 0.224433
2.4987 0.222879
2.51282 0.221519
2.52693 0.220329
2.54105 0.219413
2.55517 0.218611
2.56929 0.217785
2.5834 0.217062
2.67558 0.226179
2.6897 0.224407
2.70381 0.222856
2.71793 0.221499
2.73205 0.220437
2.74617 0.219507
2.76029 0.218569
2.7744 0.217748
2.78852 0.217029
2.8807 0.22615
2.89481 0.224382
2.90893 0.222834
2.92305 0.221605
2.93717 0.220529
2.95129 0.219463
2.9654 0.21853
2.97952 0.217714
2.99364 0.217
3.08581 0.226125
3.09993 0.224359
3.11405 0.222939
3.12817 0.221697
3.14228 0.220485
3.1564 0.219424
3.17052 0.218496
3.18464 0.217684
3.19876 0.216974
3.29093 0.226102
3.30505 0.224464
3.31917 0.223031
3.33328 0.221652
3.3474 0.220446
3.36152 0.21939
3.37564 0.218466
3.38975 0.217658
3.40387 0.216951
3.49605 0.226207
3.51017 0.224556
3.52428 0.222987
3.5384 0.221613
3.55252 0.220412
3.56664 0.21936
3.58075 0.21844
3.59487 0.217635
3.60899 0.216931
3.70117 0.226189
3.71528 0.224416
3.7294 0.222864
3.74352 0.221506
3.75764 0.220318
3.77175 0.219278
3.78587 0.218368
3.79999 0.217572
3.81411 0.217001
3.90628 0.226126
3.9204 0.22436
3.93452 0.222815
3.94864 0.221463
3.96275 0.22028
3.97687 0.219245
3.99099 0.218339
4.00511 0.217672
4.01922 0.216963
4.1114 0.226093
4.12552 0.224331
4.13964 0.22279
4.15375 0.221441
4.16787 0.220261
4.18199 0.219228
4.19611 0.21845
4.21022 0.217643
4.22434 0.216938
4.31652 0.226071
4.33063 0.224312
4.34475 0.222773
4.35887 0.221426
4.37299 0.220248
4.38711 0.219342
4.40122 0.218424
4.41534 0.217621
4.42946 0.216919
4.52163 0.226054
4.53575 0.224297
4.54987 0.22276
4.56399 0.221415
4.5781 0.220363
4.59222 0.219318
4.60634 0.218403
4.62046 0.217603
4.63458 0.216902
4.72675 0.226039
4.74087 0.224285
4.75499 0.222749
4.7691 0.22153
4.78322 0.220339
4.79734 0.219297
4.81146 0.218385
4.82558 0.217587
4.83969 0.216888
4.93187 0.226027
4.94599 0.224274
4.9601 0.222865
4.97422 0.221506
4.98834 0.220318
5.00246 0.219278
5.01657 0.218369
5.03069 0.217573
5.04481 0.216876
5.13699 0.226016
5.1511 0.224389
5.16522 0.222841
5.17934 0.221486
5.19346 0.2203
5.20757 0.219262
5.22169 0.218355
5.23581 0.21756
5.24993 0.216865
5.3421 0.226132
5.35622 0.224366
5.37034 0.22282
5.38446 0.221467
5.39857 0.220284
5.41269 0.219248
5.42681 0.218342
5.44093 0.21755
5.45504 0.216981
5.54722 0.226233
5.56134 0.224454
5.57546 0.222897
5.58957 0.221535
5.60369 0.220343
5.61781 0.2193
5.63193 0.218388
5.64604 0.217714
5.66016 0.217125
5.75234 0.226234
5.76646 0.224455
5.78057 0.222898
5.79469 0.221536
5.80881 0.220344
5.82293 0.219301
5.83704 0.218513
5.85116 0.217824
5.86528 0.217096
5.95745 0.226209
5.97157 0.224433
5.98569 0.222879
5.99981 0.221519
6.01393 0.220329
6.02804 0.219413
6.04216 0.218611
6.05628 0.217785
6.0704 0.217062
6.16257 0.226179
6.17669 0.224407
6.19081 0.222856
6.20492 0.221499
6.21904 0.220437
6.23316 0.219507
6.24728 0.218569
6.2614 0.217748
6.27551 0.217029
6.36769 0.22615
6.38181 0.224382
6.39592 0.222834
6.41004 0.221605
6.42416 0.220529
6.43828 0.219463
6.4524 0.21853
6.46651 0.217714
6.48063 0.217
6.57281 0.226125
6.58692 0.224359
6.60104 0.222939
6.61516 0.221697
6.62928 0.220485
6.64339 0.219424
6.65751 0.218496
6.67163 0.217684
6.68575 0.216974
6.77792 0.226102
6.79204 0.224464
6.80616 0.223031
6.82028 0.221652
6.83439 0.220446
6.84851 0.21939
6.86263 0.218466
6.87675 0.217658
6.89086 0.216951
6.98304 0.226207
6.99716 0.224556
7.01128 0.222987
7.02539 0.221613
7.03951 0.220412
7.05363 0.21936
7.06775 0.21844
7.08186 0.217635
7.09598 0.216931
7.18816 0.226189
7.20228 0.224416
7.21639 0.222864
7.23051 0.221506
7.24463 0.220318
7.25875 0.219278
7.27286 0.218368
7.28698 0.217572
7.3011 0.217001
7.39328 0.226126
7.40739 0.22436
7.42151 0.222815
7.43563 0.221463
7.44975 0.22028
7.46386 0.219245
7.47798 0.218339
7.4921 0.217672
7.50622 0.216963
7.59839 0.226093
7.61251 0.224331
7.62663 0.22279
7.64075 0.221441
7.65486 0.220261
7.66898 0.219228
7.6831 0.21845
7.69722 0.217643
7.71133 0.216938
7.80351 0.226071
7.81763 0.224312
7.83174 0.222773
7.84586 0.221426
7.85998 0.220248
7.8741 0.219342
7.88822 0.218424
7.90233 0.217621
7.91645 0.216919
8.00863 0.226054
8.02274 0.224297
8.03686 0.22276
8.05098 0.221415
8.0651 0.220363
8.07922 0.219318
8.09333 0.218403
8.10745 0.217603
8.12157 0.216902
8.21374 0.226039
8.22786 0.224285
8.24198 0.222749
8.2561 0.22153
8.27021 0.220339
8.28433 0.219297
8.29845 0.218385
8.31257 0.217587
8.32669 0.216888
8.41886 0.226027
8.43298 0.224274
8.4471 0.222865
8.46121 0.221506
8.47533 0.220318
8.48945 0.219278
8.50357 0.218369
8.51768 0.217573
8.5318 0.216876
8.62398 0.226016
8.6381 0.224389
8.65221 0.222841
8.66633 0.221486
8.68045 0.2203
8.69457 0.219262
8.70868 0.218355
8.7228 0.21756
8.73692 0.216865
8.8291 0.226132
8.84321 0.224366
8.85733 0.22282
8.87145 0.221467
8.88557 0.220284
8.89968 0.219248
8.9138 0.218342
8.92792 0.21755
8.94204 0.216981
9.03421 0.226233
9.04833 0.224454
9.06245 0.222897
9.07657 0.221535
9.09068 0.220343
9.1048 0.2193
9.11892 0.218388
9.13304 0.217714
9.14715 0.217125
9.23933 0.226234
9.25345 0.224455
9.26757 0.222898
9.28168 0.221536
9.2958 0.220344
9.30992 0.219301
9.32404 0.218513
9.33815 0.217824
9.35227 0.217096
9.44445 0.226209
9.45856 0.224433
9.47268 0.222879
9.4868 0.221519
9.50092 0.220329
9.51504 0.219413
9.52915 0.218611
9.54327 0.217785
9.55739 0.217062
9.64956 0.226179
9.66368 0.224407
9.6778 0.222856
9.69192 0.221499
9.70603 0.220437
9.72015 0.219507
9.73427 0.218569
9.74839 0.217748
9.76251 0.217029
9.85468 0.22615
9.8688 0.224382
9.88292 0.222834
9.89703 0.221605
9.91115 0.220529
9.92527 0.219463
9.93939 0.21853
9.95351 0.217714
9.96762 0.217
10.0598 0.226125
10.0739 0.224359
10.088 0.222939
10.1022 0.221697
10.1163 0.220485
10.1304 0.219424
10.1445 0.218496
10.1586 0.217684
10.1727 0.216974
10.2649 0.226102
10.279 0.224464
10.2932 0.223031
10.3073 0.221652
10.3214 0.220446
10.3355 0.21939
10.3496 0.218466
10.3637 0.217658
10.3779 0.216951
10.5689 0.238457
10.59 0.235275
10.781 0.23249
10.8022 0.229929
10.9932 0.227688
11.0144 0.225727
11.2054 0.224011
11.2266 0.22251
11.4176 0.221196
11.4387 0.220047
11.6297 0.219041
11.6509 0.218161
11.8419 0.217391
11.8631 0.216842
12.0541 0.216361
12.0753 0.215816
12.2663 0.215339
12.2874 0.214922
12.4784 0.214557
12.4996 0.214237
12.6906 0.213957
12.7118 0.213713
12.9028 0.213499
12.924 0.213311
13.115 0.213147
13.1361 0.213129
13.3271 0.213113
13.3483 0.212974
13.5393 0.212852
13.5605 0.212746
13.7515 0.212652
13.7727 0.212571
13.9637 0.212499
13.9848 0.212437
14.1758 0.212382
14.197 0.21246
14.388 0.212527
14.4092 0.212461
14.6002 0.212404
14.6214 0.212353
14.8124 0.212309
14.8336 0.21227
15.0246 0.212237
15.0457 0.212207
15.2367 0.212181
15.2579 0.212158
15.4489 0.212139
15.4701 0.212246
15.6611 0.212341
15.6823 0.212298
15.8733 0.212261
15.8944 0.212228
16.0854 0.2122
16.1066 0.212175
16.2976 0.212153
16.3188 0.212134
16.5098 0.212117
16.531 0.212102
16.722 0.21209
16.7431 0.212203
16.9341 0.212303
16.9553 0.212265
17.1463 0.212232
17.1675 0.212203
17.3585 0.212178
17.3797 0.212155
17.5707 0.212136
17.5918 0.212119
17.7828 0.212104
17.804 0.212216
17.995 0.212314
18.0162 0.212275
18.2072 0.21224
18.2284 0.21221
18.4194 0.212184
18.4405 0.212161
18.6315 0.212141
18.6527 0.212123
18.8437 0.212108
18.8649 0.212094
19.0559 0.212083
19.0771 0.212197
19.2681 0.212298
19.2893 0.21226
19.4802 0.212228
19.5014 0.212199
19.6924 0.212174
19.7136 0.212153
19.9046 0.212134
19.9258 0.212117
20.1168 0.212102
20.138 0.212089
20.329 0.212078
20.3501 0.212194
20.5411 0.212294
20.5623 0.212258
20.7533 0.212225
20.7745 0.212197
20.9655 0.212173
20.9867 0.212151
21.1777 0.212132
21.1988 0.212116
21.3898 0.212101
21.411 0.212213
21.602 0.212312
21.6232 0.212273
21.8142 0.212239
21.8354 0.212209
22.0264 0.212183
22.0475 0.21216
22.2385 0.21214
22.2597 0.212122
22.4507 0.212107
22.4719 0.212094
22.6629 0.212082
22.6841 0.212197
22.8751 0.212297
22.8962 0.21226
23.0872 0.212228
23.1084 0.212199
23.2994 0.212174
23.3206 0.212152
23.5116 0.212133
23.5328 0.212117
23.7238 0.212102
23.7449 0.212089
23.9359 0.212078
23.9571 0.212193
24.1481 0.212294
24.1693 0.212257
24.3603 0.212225
24.3815 0.212197
24.5725 0.212172
24.5937 0.212151
24.7847 0.212132
24.8058 0.212116
24.9968 0.212101
25.018 0.212213
25.209 0.212312
25.2302 0.212273
25.4212 0.212239
25.4424 0.212209
25.6334 0.212183
25.6545 0.21216
25.8455 0.21214
25.8667 0.212122
26.0577 0.212107
26.0789 0.212094
26.2699 0.212082
26.2911 0.212197
26.4821 0.212297
26.5032 0.21226
26.6942 0.212228
26.7154 0.212199
26.9064 0.212174
26.9276 0.212152
27.1186 0.212133
27.1398 0.212117
27.3308 0.212102
27.3519 0.212089
27.5429 0.212078
27.5641 0.212193
27.7551 0.212294
27.7763 0.212257
27.9673 0.212225
27.9885 0.212197
28.1795 0.212172
28.2006 0.212151
28.3916 0.212132
28.4128 0.212116
28.6038 0.212101
28.625 0.212088
28.816 0.212077
28.8372 0.212193
29.0282 0.212294
29.0493 0.212257
29.2403 0.212225
29.2615 0.212197
29.4525 0.212172
29.4737 0.212151
29.6647 0.212132
29.6859 0.212115
29.8769 0.212101
29.8981 0.212213
30.0891 0.212312
30.1102 0.212273
30.3012 0.212239
30.3224 0.212209
30.5134 0.212183
30.5346 0.21216
30.7256 0.21214
30.7468 0.212122
30.9378 0.212107
30.9589 0.212094
31.1499 0.212082
31.1711 0.212197
31.3621 0.212297
31.3833 0.21226
31.5743 0.212227
31.5955 0.212199
31.7865 0.212174
31.8076 0.212152
31.9986 0.212133
32.0198 0.212117
32.2108 0.212102
32.232 0.212089
32.423 0.212078
32.4442 0.212193
32.6352 0.212294
32.6563 0.212257
32.8473 0.212225
32.8685 0.212197
33.0595 0.212172
33.0807 0.212151
33.2717 0.212132
33.2929 0.212116
33.4839 0.212101
33.505 0.212213
33.696 0.212312
33.7172 0.212273
33.9082 0.212239
33.9294 0.212209
34.1204 0.212183
34.1416 0.21216
34.3326 0.21214
34.3537 0.212122
34.5447 0.212107
34.5659 0.212094
34.7569 0.212082
34.7781 0.212197
34.9691 0.212297
34.9903 0.21226
35.1813 0.212228
35.2025 0.212199
35.3935 0.212174
35.4146 0.212152
35.6056 0.212133
35.6268 0.212117
35.8178 0.212102
35.839 0.212089
36.03 0.212078
36.0512 0.212193
36.2422 0.212294
36.2633 0.212257
36.4543 0.212225
36.4755 0.212197
36.6665 0.212172
36.6877 0.212151
36.8787 0.212132
36.8999 0.212116
37.0909 0.212101
37.112 0.212213
37.303 0.212312
37.3242 0.212273
37.5152 0.212239
37.5364 0.212209
37.7274 0.212183
37.7486 0.21216
37.9396 0.21214
37.9607 0.212122
38.1517 0.212107
38.1729 0.212094
38.3639 0.212082
38.3851 0.212197
38.5761 0.212297
38.5973 0.21226
38.7883 0.212228
38.8094 0.212199
39.0004 0.212174
39.0216 0.212152
39.2126 0.212133
39.2338 0.212117
39.4248 0.212102
39.446 0.212089
39.637 0.212078
39.6581 0.212193
39.8491 0.212294
39.8703 0.212257
40.0613 0.212225
40.0825 0.212197
40.2735 0.212172
40.2947 0.212151
40.4857 0.212132
40.5069 0.212116
40.6979 0.212101
40.719 0.212213
40.91 0.212312
40.9312 0.212273
41.1222 0.212239
41.1434 0.212209
41.3344 0.212183
41.3556 0.21216
41.5466 0.21214
41.5677 0.212122
41.7587 0.212107
41.7799 0.212094
41.9709 0.212082
41.9921 0.212197
42.1831 0.212297
42.2043 0.21226
42.3953 0.212228
42.4164 0.212199
42.6074 0.212174
42.6286 0.212152
42.8196 0.212133
42.8408 0.212117
43.0318 0.212102
43.053 0.212089
43.244 0.212078
43.2651 0.212193
43.4561 0.212294
43.4773 0.212257
43.6683 0.212225
43.6895 0.212197
43.8805 0.212172
43.9017 0.212151
44.0927 0.212132
44.1138 0.212116
44.3048 0.212101
44.326 0.212213
44.517 0.212312
44.5382 0.212273
44.7292 0.212239
44.7504 0.212209
44.9414 0.212183
44.9625 0.21216
45.1535 0.21214
45.1747 0.212122
45.3657 0.212107
45.3869 0.212094
45.5779 0.212082
45.5991 0.212197
45.7901 0.212297
45.8113 0.21226
46.0023 0.212228
46.0234 0.212199
46.2144 0.212174
46.2356 0.212152
46.4266 0.212133
46.4478 0.212117
46.6388 0.212102
46.66 0.212089
46.851 0.212078
46.8721 0.212193
47.0631 0.212294
47.0843 0.212257
47.2753 0.212225
47.2965 0.212197
47.4875 0.212172
47.5087 0.212151
47.6997 0.212132
47.7208 0.212116
47.9118 0.212101
47.933 0.212213
48.124 0.212312
48.1452 0.212273
48.3362 0.212239
48.3574 0.212209
48.5484 0.212183
48.5695 0.21216
48.7605 0.21214
48.7817 0.212122
48.9727 0.212107
48.9939 0.212094
49.1849 0.212082
49.2061 0.212197
49.3971 0.212297
49.4182 0.21226
49.6092 0.212228
49.6304 0.212199
49.8214 0.212174
49.8426 0.212152
50.0336 0.212133
50.0548 0.212117
50.2458 0.212102
50.267 0.212089
50.458 0.212078
50.4791 0.212193
50.6701 0.212294
50.6913 0.212257
50.8823 0.212225
50.9035 0.212197
51.0945 0.212172
51.1157 0.212151
51.3067 0.212132
51.3278 0.212116
51.5188 0.212101
51.54 0.212213
51.731 0.212312
51.7522 0.212273
51.9432 0.212239
51.9644 0.212209
52.1554 0.212183
52.1765 0.21216
52.3675 0.21214
52.3887 0.212122
52.5797 0.212107
52.6009 0.212094
52.7919 0.212082
52.8131 0.212197
53.0041 0.212297
53.0252 0.21226
53.2162 0.212228
53.2374 0.212199
53.4284 0.212174
53.4496 0.212152
53.6406 0.212133
53.6618 0.212117
53.8528 0.212102
53.8739 0.212089
54.0649 0.212078
54.0861 0.212193
54.2771 0.212294
54.2983 0.212257
54.4893 0.212225
54.5105 0.212197
54.7015 0.212172
54.7226 0.212151
54.9136 0.212132
54.9348 0.212116
55.1258 0.212101
55.147 0.212088
55.338 0.212077
55.3592 0.212193
55.5502 0.212294
55.5714 0.212257
55.7624 0.212225
55.7835 0.212197
55.9745 0.212172
55.9957 0.212151
56.1867 0.212132
56.2079 0.212115
56.3989 0.212101
56.4201 0.212213
56.6111 0.212312
56.6322 0.212273
56.8232 0.212239
56.8444 0.212209
57.0354 0.212183
57.0566 0.21216
57.2476 0.21214
57.2688 0.212122
57.4598 0.212107
57.4809 0.212094
57.6719 0.212082
57.6931 0.212197
57.8841 0.212297
57.9053 0.21226
58.0963 0.212227
58.1175 0.212199
58.3085 0.212174
58.3296 0.212152
58.5206 0.212133
58.5418 0.212117
58.7328 0.212102
58.754 0.212089
58.945 0.212078
58.9662 0.212193
59.1572 0.212294
59.1783 0.212257
59.3693 0.212225
59.3905 0.212197
59.5815 0.212172
59.6027 0.212151
59.7937 0.212132
59.8149 0.212116
60.0059 0.212101
60.027 0.212213
60.218 0.212312
60.2392 0.212273
60.4302 0.212239
60.4514 0.212209
60.6424 0.212183
60.6636 0.21216
60.8546 0.21214
60.8758 0.212122
61.0668 0.212107
61.0879 0.212094
61.2789 0.212082
61.3001 0.212197
61.4911 0.212297
61.5123 0.21226
61.7033 0.212228
61.7245 0.212199
61.9155 0.212174
61.9366 0.212152
62.1276 0.212133
62.1488 0.212117
62.3398 0.212102
62.361 0.212089
62.552 0.212078
62.5732 0.212193
62.7642 0.212294
62.7853 0.212257
62.9763 0.212225
62.9975 0.212197
63.1885 0.212172
63.2097 0.212151
63.4007 0.212132
63.4219 0.212116
63.6129 0.212101
63.634 0.212213
63.825 0.212312
63.8462 0.212273
64.0372 0.212239
64.0584 0.212209
64.2494 0.212183
64.2706 0.21216
64.4616 0.21214
64.4827 0.212122
64.6737 0.212107
64.6949 0.212094
64.8859 0.212082
64.9071 0.212197
65.0981 0.212297
65.1193 0.21226
65.3103 0.212228
65.3314 0.212199
65.5224 0.212174
65.5436 0.212152
65.7346 0.212133
65.7558 0.212117
65.9468 0.212102
65.968 0.212089
66.159 0.212078
66.1802 0.212193
66.3712 0.212294
66.3923 0.212257
66.5833 0.212225
66.6045 0.212197
66.7955 0.212172
66.8167 0.212151
67.0077 0.212132
67.0289 0.212116
67.2199 0.212101
67.241 0.212213
67.432 0.212312
67.4532 0.212273
67.6442 0.212239
67.6654 0.212209
67.8564 0.212183
67.8776 0.21216
68.0686 0.21214
68.0897 0.212122
68.2807 0.212107
68.3019 0.212094
68.4929 0.212082
68.5141 0.212197
68.7051 0.212297
68.7263 0.21226
68.9173 0.212228
68.9384 0.212199
69.1294 0.212174
69.1506 0.212152
69.3416 0.212133
69.3628 0.212117
69.5538 0.212102
69.575 0.212089
69.766 0.212078
69.7871 0.212193
69.9781 0.212294
69.9993 0.212257
70.1903 0.212225
70.2115 0.212197
70.4025 0.212172
70.4237 0.212151
70.6147 0.212132
70.6358 0.212116
70.8268 0.212101
70.848 0.212213
71.039 0.212312
71.0602 0.212273
71.2512 0.212239
71.2724 0.212209
71.4634 0.212183
71.4846 0.21216
71.6756 0.21214
71.6967 0.212122
71.8877 0.212107
71.9089 0.212094
72.0999 0.212082
72.1211 0.212197
72.3121 0.212297
72.3333 0.21226
72.5243 0.212228
72.5454 0.212199
72.7364 0.212174
72.7576 0.212152
72.9486 0.212133
72.9698 0.212117
73.1608 0.212102
73.182 0.212089
73.373 0.212078
73.3941 0.212193
73.5851 0.212294
73.6063 0.212257
73.7973 0.212225
73.8185 0.212197
74.0095 0.212172
74.0307 0.212151
74.2217 0.212132
74.2428 0.212116
74.4338 0.212101
74.455 0.212213
74.646 0.212312
74.6672 0.212273
74.8582 0.212239
74.8794 0.212209
75.0704 0.212183
75.0915 0.21216
75.2825 0.21214
75.3037 0.212122
75.4947 0.212107
75.5159 0.212094
75.7069 0.212082
75.7281 0.212197
75.9191 0.212297
75.9403 0.21226
76.1312 0.212228
76.1524 0.212199
76.3434 0.212174
76.3646 0.212152
76.5556 0.212133
76.5768 0.212117
76.7678 0.212102
76.789 0.212089
76.98 0.212078
77.0011 0.212193
77.1921 0.212294
77.2133 0.212257
77.4043 0.212225
77.4255 0.212197
77.6165 0.212172
77.6377 0.212151
77.8287 0.212132
77.8498 0.212116
78.0408 0.212101
78.062 0.212213
78.253 0.212312
78.2742 0.212273
78.4652 0.212239
78.4864 0.212209
78.6774 0.212183
78.6985 0.21216
78.8895 0.21214
78.9107 0.212122
79.1017 0.212107
79.1229 0.212094
79.3139 0.212082
79.3351 0.212197
79.5261 0.212297
79.5472 0.21226
79.7382 0.212228
79.7594 0.212199
79.9504 0.212174
79.9716 0.212152
80.1626 0.212133
80.1838 0.212117
80.3748 0.212102
80.3959 0.212089
80.5869 0.212078
80.6081 0.212193
80.7991 0.212294
80.8203 0.212257
81.0113 0.212225
81.0325 0.212197
81.2235 0.212172
81.2447 0.212151
81.4357 0.212132
81.4568 0.212116
81.6478 0.212101
81.669 0.212213
81.86 0.212312
81.8812 0.212273
82.0722 0.212239
82.0934 0.212209
82.2844 0.212183
82.3055 0.21216
82.4965 0.21214
82.5177 0.212122
82.7087 0.212107
82.7299 0.212094
82.9209 0.212082
82.9421 0.212197
83.1331 0.212297
83.1542 0.21226
83.3452 0.212228
83.3664 0.212199
83.5574 0.212174
83.5786 0.212152
83.7696 0.212133
83.7908 0.212117
83.9818 0.212102
84.0029 0.212089
84.1939 0.212078
84.2151 0.212193
84.4061 0.212294
84.4273 0.212257
84.6183 0.212225
84.6395 0.212197
84.8305 0.212172
84.8516 0.212151
85.0426 0.212132
85.0638 0.212116
85.2548 0.212101
85.276 0.212088
85.467 0.212077
85.4882 0.212193
85.6792 0.212294
85.7003 0.212257
85.8913 0.212225
85.9125 0.212197
86.1035 0.212172
86.1247 0.212151
86.3157 0.212132
86.3369 0.212115
86.5279 0.212101
86.5491 0.212213
86.7401 0.212312
86.7612 0.212273
86.9522 0.212239
86.9734 0.212209
87.1644 0.212183
87.1856 0.21216
87.3766 0.21214
87.3978 0.212122
87.5888 0.212107
87.6099 0.212094
87.8009 0.212082
87.8221 0.212197
88.0131 0.212297
88.0343 0.21226
88.2253 0.212227
88.2465 0.212199
88.4375 0.212174
88.4586 0.212152
88.6496 0.212133
88.6708 0.212117
88.8618 0.212102
88.883 0.212089
89.074 0.212078
89.0952 0.212193
89.2862 0.212294
89.3073 0.212257
89.4983 0.212225
89.5195 0.212197
89.7105 0.212172
89.7317 0.212151
89.9227 0.212132
89.9439 0.212116
90.1349 0.212101
90.156 0.212213
90.347 0.212312
90.3682 0.212273
90.5592 0.212239
90.5804 0.212209
90.7714 0.212183
90.7926 0.21216
90.9836 0.21214
91.0047 0.212122
91.1957 0.212107
91.2169 0.212094
91.4079 0.212082
91.4291 0.212197
91.6201 0.212297
91.6413 0.21226
91.8323 0.212228
91.8535 0.212199
92.0445 0.212174
92.0656 0.212152
92.2566 0.212133
92.2778 0.212117
92.4688 0.212102
92.49 0.212089
92.681 0.212078
92.7022 0.212193
92.8932 0.212294
92.9143 0.212257
93.1053 0.212225
93.1265 0.212197
93.3175 0.212172
93.3387 0.212151
93.5297 0.212132
93.5509 0.212116
93.7419 0.212101
93.763 0.212213
93.954 0.212312
93.9752 0.212273
94.1662 0.212239
94.1874 0.212209
94.3784 0.212183
94.3996 0.21216
94.5906 0.21214
94.6117 0.212122
94.8027 0.212107
94.8239 0.212094
95.0149 0.212082
95.0361 0.212197
95.2271 0.212297
95.2483 0.21226
95.4393 0.212228
95.4604 0.212199
95.6514 0.212174
95.6726 0.212152
95.8636 0.212133
95.8848 0.212117
96.0758 0.212102
96.097 0.212089
96.288 0.212078
96.3091 0.212193
96.5001 0.212294
96.5213 0.212257
96.7123 0.212225
96.7335 0.212197
96.9245 0.212172
96.9457 0.212151
97.1367 0.212132
97.1579 0.212116
97.3489 0.212101
97.37 0.212213
97.561 0.212312
97.5822 0.212273
97.7732 0.212239
97.7944 0.212209
97.9854 0.212183
98.0066 0.21216
98.1976 0.21214
98.2187 0.212122
98.4097 0.212107
98.4309 0.212094
98.6219 0.212082
98.6431 0.212197
98.8341 0.212297
98.8553 0.21226
99.0463 0.212228
99.0674 0.212199
99.2584 0.212174
99.2796 0.212152
99.4706 0.212133
99.4918 0.212117
99.6828 0.212102
99.704 0.212089
99.895 0.212078
99.9161 0.212193
100.107 0.212294
100.128 0.212257
100.319 0.212225
100.34 0.212197
100.531 0.212172
100.553 0.212151
100.744 0.212132
100.765 0.212116
100.956 0.212101
100.977 0.212213
101.168 0.212312
101.189 0.212273
101.38 0.212239
101.401 0.212209
101.592 0.212183
101.614 0.21216
101.805 0.21214
101.826 0.212122
102.017 0.212107
102.038 0.212094
102.229 0.212082
102.25 0.212197
102.441 0.212297
102.462 0.21226
102.653 0.212228
102.674 0.212199
102.865 0.212174
102.887 0.212152
103.078 0.212133
103.099 0.212117
103.29 0.212102
103.311 0.212089
103.502 0.212078
103.523 0.212193
103.714 0.212294
103.735 0.212257
103.926 0.212225
103.947 0.212197
104.138 0.212172
104.16 0.212151
104.351 0.212132
104.372 0.212116
104.563 0.212101
104.584 0.212213
104.775 0.212312
104.796 0.212273
104.987 0.212239
105.008 0.212209
105.199 0.212183
105.221 0.21216
105.412 0.21214
105.433 0.212122
105.624 0.212107
105.645 0.212094
105.836 0.212082
105.857 0.212197
106.048 0.212297
106.069 0.21226
106.26 0.212228
106.281 0.212199
106.472 0.212174
106.494 0.212152
106.685 0.212133
106.706 0.212117
106.897 0.212102
106.918 0.212089
107.109 0.212078
107.13 0.212193
107.321 0.212294
107.342 0.212257
107.533 0.212225
107.554 0.212197
107.745 0.212172
107.767 0.212151
107.958 0.212132
107.979 0.212116
108.17 0.212101
108.191 0.212213
108.382 0.212312
108.403 0.212273
108.594 0.212239
108.615 0.212209
108.806 0.212183
108.828 0.21216
109.019 0.21214
109.04 0.212122
109.231 0.212107
109.252 0.212094
109.443 0.212082
109.464 0.212197
109.655 0.212297
109.676 0.21226
109.867 0.212228
109.888 0.212199
110.079 0.212174
110.101 0.212152
110.292 0.212133
110.313 0.212117
110.504 0.212102
110.525 0.212089
110.716 0.212078
110.737 0.212193
110.928 0.212294
110.949 0.212257
111.14 0.212225
111.161 0.212197
111.352 0.212172
111.374 0.212151
111.565 0.212132
111.586 0.212116
111.777 0.212101
111.798 0.212088
111.989 0.212077
112.01 0.212193
112.201 0.212294
112.222 0.212257
112.413 0.212225
112.435 0.212197
112.626 0.212172
112.647 0.212151
112.838 0.212132
112.859 0.212115
113.05 0.212101
113.071 0.212213
113.262 0.212312
113.283 0.212273
113.474 0.212239
113.495 0.212209
113.686 0.212183
113.708 0.21216
113.899 0.21214
113.92 0.212122
114.111 0.212107
114.132 0.212094
114.323 0.212082
114.344 0.212197
114.535 0.212297
114.556 0.21226
114.747 0.212227
114.768 0.212199
114.959 0.212174
114.981 0.212152
115.172 0.212133
115.193 0.212117
115.384 0.212102
115.405 0.212089
115.596 0.212078
115.617 0.212193
115.808 0.212294
115.829 0.212257
116.02 0.212225
116.042 0.212197
116.233 0.212172
116.254 0.212151
116.445 0.212132
116.466 0.212116
116.657 0.212101
116.678 0.212213
116.869 0.212312
116.89 0.212273
117.081 0.212239
117.102 0.212209
117.293 0.212183
117.315 0.21216
117.506 0.21214
117.527 0.212122
117.718 0.212107
117.739 0.212094
117.93 0.212082
117.951 0.212197
118.142 0.212297
118.163 0.21226
118.354 0.212228
118.375 0.212199
118.566 0.212174
118.588 0.212152
118.779 0.212133
118.8 0.212117
118.991 0.212102
119.012 0.212089
119.203 0.212078
119.224 0.212193
119.415 0.212294
119.436 0.212257
119.627 0.212225
119.649 0.212197
119.84 0.212172
119.861 0.212151
120.052 0.212132
120.073 0.212116
120.264 0.212101
120.285 0.212213
120.476 0.212312
120.497 0.212273
120.688 0.212239
120.709 0.212209
120.9 0.212183
120.922 0.21216
121.113 0.21214
121.134 0.212122
121.325 0.212107
121.346 0.212094
121.537 0.212082
121.558 0.212197
121.749 0.212297
121.77 0.21226
121.961 0.212228
121.982 0.212199
122.173 0.212174
122.195 0.212152
122.386 0.212133
122.407 0.212117
122.598 0.212102
122.619 0.212089
122.81 0.212078
122.831 0.212193
123.022 0.212294
123.043 0.212257
123.234 0.212225
123.256 0.212197
123.447 0.212172
123.468 0.212151
123.659 0.212132
123.68 0.212116
123.871 0.212101
123.892 0.212213
124.083 0.212312
124.104 0.212273
124.295 0.212239
124.316 0.212209
124.507 0.212183
124.529 0.21216
124.72 0.21214
124.741 0.212122
124.932 0.212107
124.953 0.212094
125.144 0.212082
125.165 0.212197
125.356 0.212297
125.377 0.21226
125.568 0.212228
125.589 0.212199
125.78 0.212174
125.802 0.212152
125.993 0.212133
126.014 0.212117
126.205 0.212102
126.226 0.212089
126.417 0.212078
126.438 0.212193
126.629 0.212294
126.65 0.212257
126.841 0.212225
126.862 0.212197
127.053 0.212172
127.075 0.212151
127.266 0.212132
127.287 0.212116
127.478 0.212101
127.499 0.212213
127.69 0.212312
127.711 0.212273
127.902 0.212239
127.923 0.212209
128.114 0.212183
128.136 0.21216
128.327 0.21214
128.348 0.212122
128.539 0.212107
128.56 0.212094
128.751 0.212082
128.772 0.212197
128.963 0.212297
128.984 0.21226
129.175 0.212228
129.196 0.212199
129.387 0.212174
129.409 0.212152
129.6 0.212133
129.621 0.212117
129.812 0.212102
129.833 0.212089
130.024 0.212078
130.045 0.212193
130.236 0.212294
130.257 0.212257
130.448 0.212225
130.469 0.212197
130.66 0.212172
130.682 0.212151
130.873 0.212132
130.894 0.212116
131.085 0.212101
131.106 0.212213
131.297 0.212312
131.318 0.212273
131.509 0.212239
131.53 0.212209
131.721 0.212183
131.743 0.21216
131.934 0.21214
131.955 0.212122
132.146 0.212107
132.167 0.212094
132.358 0.212082
132.379 0.212197
132.57 0.212297
132.591 0.21226
132.782 0.212228
132.803 0.212199
132.994 0.212174
133.016 0.212152
133.207 0.212133
133.228 0.212117
133.419 0.212102
133.44 0.212089
133.631 0.212078
133.652 0.212193
133.843 0.212294
133.864 0.212257
134.055 0.212225
134.076 0.212197
134.267 0.212172
134.289 0.212151
134.48 0.212132
134.501 0.212116
134.692 0.212101
134.713 0.212213
134.904 0.212312
134.925 0.212273
135.116 0.212239
135.137 0.212209
135.328 0.212183
135.35 0.21216
135.541 0.21214
135.562 0.212122
135.753 0.212107
135.774 0.212094
135.965 0.212082
135.986 0.212197
136.177 0.212297
136.198 0.21226
136.389 0.212228
136.41 0.212199
136.601 0.212174
136.623 0.212152
136.814 0.212133
136.835 0.212117
137.026 0.212102
137.047 0.212089
137.238 0.212078
137.259 0.212193
137.45 0.212294
137.471 0.212257
137.662 0.212225
137.683 0.212197
137.874 0.212172
137.896 0.212151
138.087 0.212132
138.108 0.212116
138.299 0.212101
138.32 0.212213
138.511 0.212312
138.532 0.212273
138.723 0.212239
138.744 0.212209
138.935 0.212183
138.957 0.21216
139.148 0.21214
139.169 0.212122
139.36 0.212107
139.381 0.212094
139.572 0.212082
139.593 0.212197
139.784 0.212297
139.805 0.21226
139.996 0.212228
140.017 0.212199
140.208 0.212174
140.23 0.212152
140.421 0.212133
140.442 0.212117
140.633 0.212102
140.654 0.212089
140.845 0.212078
140.866 0.212193
141.057 0.212294
141.078 0.212257
141.269 0.212225
141.29 0.212197
141.481 0.212172
141.503 0.212151
141.694 0.212132
141.715 0.212116
141.906 0.212101
141.927 0.212088
142.118 0.212077
142.139 0.212193
142.33 0.212294
142.351 0.212257
142.542 0.212225
142.564 0.212197
142.755 0.212172
142.776 0.212151
142.967 0.212132
142.988 0.212115
143.179 0.212101
143.2 0.212213
143.391 0.212312
143.412 0.212273
143.603 0.212239
143.624 0.212209
143.815 0.212183
143.837 0.21216
144.028 0.21214
144.049 0.212122
144.24 0.212107
144.261 0.212094
144.452 0.212082
144.473 0.212197
144.664 0.212297
144.685 0.21226
144.876 0.212227
144.897 0.212199
145.088 0.212174
145.11 0.212152
145.301 0.212133
145.322 0.212117
145.513 0.212102
145.534 0.212089
145.725 0.212078
145.746 0.212193
145.937 0.212294
145.958 0.212257
146.149 0.212225
146.171 0.212197
146.362 0.212172
146.383 0.212151
146.574 0.212132
146.595 0.212116
146.786 0.212101
146.807 0.212213
146.998 0.212312
147.019 0.212273
147.21 0.212239
147.231 0.212209
147.422 0.212183
147.444 0.21216
147.635 0.21214
147.656 0.212122
147.847 0.212107
147.868 0.212094
148.059 0.212082
148.08 0.212197
148.271 0.212297
148.292 0.21226
148.483 0.212228
148.504 0.212199
148.695 0.212174
148.717 0.212152
148.908 0.212133
148.929 0.212117
149.12 0.212102
149.141 0.212089
149.332 0.212078
149.353 0.212193
149.544 0.212294
149.565 0.212257
149.756 0.212225
149.778 0.212197
149.969 0.212172
149.99 0.212151
150.181 0.212132
150.202 0.212116
150.393 0.212101
150.414 0.212213
150.605 0.212312
150.626 0.212273
150.817 0.212239
150.838 0.212209
151.029 0.212183
151.051 0.21216
151.242 0.21214
151.263 0.212122
151.454 0.212107
151.475 0.212094
151.666 0.212082
151.687 0.212197
151.878 0.212297
151.899 0.21226
152.09 0.212228
152.111 0.212199
152.302 0.212174
152.324 0.212152
152.515 0.212133
152.536 0.212117
152.727 0.212102
152.748 0.212089
152.939 0.212078
152.96 0.212193
153.151 0.212294
153.172 0.212257
153.363 0.212225
153.385 0.212197
153.576 0.212172
153.597 0.212151
153.788 0.212132
153.809 0.212116
154 0.212101
154.021 0.212213
154.212 0.212312
154.233 0.212273
154.424 0.212239
154.445 0.212209
154.636 0.212183
154.658 0.21216
154.849 0.21214
154.87 0.212122
155.061 0.212107
155.082 0.212094
155.273 0.212082
155.294 0.212197
155.485 0.212297
155.506 0.21226
155.697 0.212228
155.718 0.212199
155.909 0.212174
155.931 0.212152
156.122 0.212133
156.143 0.212117
156.334 0.212102
156.355 0.212089
156.546 0.212078
156.567 0.212193
156.758 0.212294
156.779 0.212257
156.97 0.212225
156.991 0.212197
157.182 0.212172
157.204 0.212151
157.395 0.212132
157.416 0.212116
157.607 0.212101
157.628 0.212213
157.819 0.212312
157.84 0.212273
158.031 0.212239
158.052 0.212209
158.243 0.212183
158.265 0.21216
158.456 0.21214
158.477 0.212122
158.668 0.212107
158.689 0.212094
158.88 0.212082
158.901 0.212197
159.092 0.212297
159.113 0.21226
159.304 0.212228
159.325 0.212199
159.516 0.212174
159.538 0.212152
159.729 0.212133
159.75 0.212117
159.941 0.212102
159.962 0.212089
160.153 0.212078
160.174 0.212193
160.365 0.212294
160.386 0.212257
160.577 0.212225
160.598 0.212197
160.789 0.212172
160.811 0.212151
161.002 0.212132
161.023 0.212116
161.214 0.212101
161.235 0.212213
161.426 0.212312
161.447 0.212273
161.638 0.212239
161.659 0.212209
161.85 0.212183
161.872 0.21216
162.063 0.21214
162.084 0.212122
162.275 0.212107
162.296 0.212094
162.487 0.212082
162.508 0.212197
162.699 0.212297
162.72 0.21226
162.911 0.212228
162.932 0.212199
163.123 0.212174
163.145 0.212152
163.336 0.212133
163.357 0.212117
163.548 0.212102
163.569 0.212089
163.76 0.212078
163.781 0.212193
163.972 0.212294
163.993 0.212257
164.184 0.212225
164.205 0.212197
164.396 0.212172
164.418 0.212151
164.609 0.212132
164.63 0.212116
164.821 0.212101
164.842 0.212213
165.033 0.212312
165.054 0.212273
165.245 0.212239
165.266 0.212209
165.457 0.212183
165.479 0.21216
165.67 0.21214
165.691 0.212122
165.882 0.212107
165.903 0.212094
166.094 0.212082
166.115 0.212197
166.306 0.212297
166.327 0.21226
166.518 0.212228
166.539 0.212199
166.73 0.212174
166.752 0.212152
166.943 0.212133
166.964 0.212117
167.155 0.212102
167.176 0.212089
167.367 0.212078
167.388 0.212193
167.579 0.212294
167.6 0.212257
167.791 0.212225
167.812 0.212197
168.003 0.212172
168.025 0.212151
168.216 0.212132
168.237 0.212116
168.428 0.212101
168.449 0.212088
168.64 0.212077
168.661 0.212193
168.852 0.212294
168.873 0.212257
169.064 0.212225
169.086 0.212197
169.277 0.212172
169.298 0.212151
169.489 0.212132
169.51 0.212115
169.701 0.212101
169.722 0.212213
169.913 0.212312
169.934 0.212273
170.125 0.212239
170.146 0.212209
170.337 0.212183
170.359 0.21216
170.55 0.21214
170.571 0.212122
170.762 0.212107
170.783 0.212094
170.974 0.212082
170.995 0.212197
171.186 0.212297
171.207 0.21226
171.398 0.212227
171.419 0.212199
171.61 0.212174
171.632 0.212152
171.823 0.212133
171.844 0.212117
172.035 0.212102
172.056 0.212089
172.247 0.212078
172.268 0.212193
172.459 0.212294
172.48 0.212257
172.671 0.212225
172.693 0.212197
172.884 0.212172
172.905 0.212151
173.096 0.212132
173.117 0.212116
173.308 0.212101
173.329 0.212213
173.52 0.212312
173.541 0.212273
173.732 0.212239
173.753 0.212209
173.944 0.212183
173.966 0.21216
174.157 0.21214
174.178 0.212122
174.369 0.212107
174.39 0.212094
174.581 0.212082
174.602 0.212197
174.793 0.212297
174.814 0.21226
175.005 0.212228
175.026 0.212199
175.217 0.212174
175.239 0.212152
175.43 0.212133
175.451 0.212117
175.642 0.212102
175.663 0.212089
175.854 0.212078
175.875 0.212193
176.066 0.212294
176.087 0.212257
176.278 0.212225
176.3 0.212197
176.491 0.212172
176.512 0.212151
176.703 0.212132
176.724 0.212116
176.915 0.212101
176.936 0.212213
177.127 0.212312
177.148 0.212273
177.339 0.212239
177.36 0.212209
177.551 0.212183
177.573 0.21216
177.764 0.21214
177.785 0.212122
177.976 0.212107
177.997 0.212094
178.188 0.212082
178.209 0.212197
178.4 0.212297
178.421 0.21226
178.612 0.212228
178.633 0.212199
178.824 0.212174
178.846 0.212152
179.037 0.212133
179.058 0.212117
179.249 0.212102
179.27 0.212089
179.461 0.212078
179.482 0.212193
179.673 0.212294
179.694 0.212257
179.885 0.212225
179.907 0.212197
180.098 0.212172
180.119 0.212151
180.31 0.212132
180.331 0.212116
180.522 0.212101
180.543 0.212213
180.734 0.212312
180.755 0.212273
180.946 0.212239
180.967 0.212209
181.158 0.212183
181.18 0.21216
181.371 0.21214
181.392 0.212122
181.583 0.212107
181.604 0.212094
181.795 0.212082
181.816 0.212197
182.007 0.212297
182.028 0.21226
182.219 0.212228
182.24 0.212199
182.431 0.212174
182.453 0.212152
182.644 0.212133
182.665 0.212117
182.856 0.212102
182.877 0.212089
183.068 0.212078
183.089 0.212193
183.28 0.212294
183.301 0.212257
183.492 0.212225
183.513 0.212197
183.704 0.212172
183.726 0.212151
183.917 0.212132
183.938 0.212116
184.129 0.212101
184.15 0.212213
184.341 0.212312
184.362 0.212273
184.553 0.212239
184.574 0.212209
184.765 0.212183
184.787 0.21216
184.978 0.21214
184.999 0.212122
185.19 0.212107
185.211 0.212094
185.402 0.212082
185.423 0.212197
185.614 0.212297
185.635 0.21226
185.826 0.212228
185.847 0.212199
186.038 0.212174
186.06 0.212152
186.251 0.212133
186.272 0.212117
186.463 0.212102
186.484 0.212089
186.675 0.212078
186.696 0.212193
186.887 0.212294
186.908 0.212257
187.099 0.212225
187.12 0.212197
187.311 0.212172
187.333 0.212151
187.524 0.212132
187.545 0.212116
187.736 0.212101
187.757 0.212213
187.948 0.212312
187.969 0.212273
188.16 0.212239
188.181 0.212209
188.372 0.212183
188.394 0.21216
188.585 0.21214
188.606 0.212122
188.797 0.212107
188.818 0.212094
189.009 0.212082
189.03 0.212197
189.221 0.212297
189.242 0.21226
189.433 0.212228
189.454 0.212199
189.645 0.212174
189.667 0.212152
189.858 0.212133
189.879 0.212117
190.07 0.212102
190.091 0.212089
190.282 0.212078
190.303 0.212193
190.494 0.212294
190.515 0.212257
190.706 0.212225
190.727 0.212197
190.918 0.212172
190.94 0.212151
191.131 0.212132
191.152 0.212116
191.343 0.212101
191.364 0.212213
191.555 0.212312
191.576 0.212273
191.767 0.212239
191.788 0.212209
191.979 0.212183
192.001 0.21216
192.192 0.21214
192.213 0.212122
192.404 0.212107
192.425 0.212094
192.616 0.212082
192.637 0.212197
192.828 0.212297
192.849 0.21226
193.04 0.212228
193.061 0.212199
193.252 0.212174
193.274 0.212152
193.465 0.212133
193.486 0.212117
193.677 0.212102
193.698 0.212089
193.889 0.212078
193.91 0.212193
194.101 0.212294
194.122 0.212257
194.313 0.212225
194.334 0.212197
194.525 0.212172
194.547 0.212151
194.738 0.212132
194.759 0.212116
194.95 0.212101
194.971 0.212213
195.162 0.212312
195.183 0.212273
195.374 0.212239
195.395 0.212209
195.586 0.212183
195.608 0.21216
195.799 0.21214
195.82 0.212122
196.011 0.212107
196.032 0.212094
196.223 0.212082
196.244 0.212197
196.435 0.212297
196.456 0.21226
196.647 0.212228
196.668 0.212199
196.859 0.212174
196.881 0.212152
197.072 0.212133
197.093 0.212117
197.284 0.212102
197.305 0.212089
197.496 0.212078
197.517 0.212193
197.708 0.212294
197.729 0.212257
197.92 0.212225
197.941 0.212197
198.132 0.212172
198.154 0.212151
198.345 0.212132
198.366 0.212116
198.557 0.212101
198.578 0.212088
198.769 0.212077
198.79 0.212193
198.981 0.212294
199.002 0.212257
199.193 0.212225
199.215 0.212197
199.406 0.212172
199.427 0.212151
199.618 0.212132
199.639 0.212115
199.83 0.212101
199.851 0.212213
200.042 0.212312
200.063 0.212273
200.254 0.212239
200.275 0.212209
200.466 0.212183
200.488 0.21216
200.679 0.21214
200.7 0.212122
200.891 0.212107
200.912 0.212094
