0.0 0
0.114232 0.104
0.219411 0.104125
0.226597 0.104734
0.233794 0.105143
0.240992 0.1055
0.248189 0.105937
0.324579 0.114945
0.331776 0.114077
0.338973 0.113317
0.346171 0.112778
0.353368 0.112305
0.360565 0.111892
0.367762 0.111531
0.37496 0.111089
0.382157 0.110828
0.429747 0.1156
0.436944 0.11465
0.444141 0.113944
0.451339 0.113326
0.458536 0.112785
0.465733 0.112312
0.47293 0.111773
0.480128 0.111426
0.487325 0.111123
0.534915 0.115858
0.542112 0.115
0.549309 0.11425
0.556507 0.113594
0.563704 0.11302
0.570901 0.112392
0.578098 0.111968
0.585296 0.111597
0.592493 0.111273
0.861263 0.110989
0.864877 0.110615
0.959233 0.110413
0.966431 0.110236
0.973628 0.110082
0.980825 0.109822
0.988022 0.109719
0.99522 0.109629
1.00242 0.10955
1.00961 0.109482
1.01681 0.109296
1.02401 0.109259
1.068 0.109227
1.0752 0.109199
1.08239 0.109174
1.08959 0.109152
1.09679 0.109008
1.10399 0.108882
1.11118 0.108897
1.11838 0.10891
1.12558 0.108921
1.13278 0.108806
1.17677 0.108705
1.18396 0.108617
1.19116 0.108665
1.19836 0.108707
1.20556 0.108743
1.21275 0.108775
1.21995 0.108679
1.22715 0.108719
1.23434 0.108754
1.24154 0.108785
1.28553 0.108812
1.29273 0.108835
1.29993 0.108731
1.30713 0.108764
1.31432 0.108794
1.32152 0.10882
1.32872 0.108842
1.33591 0.108737
1.34311 0.10877
1.35031 0.108799
1.3943 0.108824
1.4015 0.108846
1.40869 0.108865
1.41589 0.108757
1.42309 0.108787
1.43029 0.108814
1.43748 0.108837
1.44468 0.108858
1.45188 0.10875
1.45908 0.108782
1.50307 0.108809
1.51026 0.108833
1.51746 0.108854
1.52466 0.108872
1.53186 0.108763
1.53905 0.108793
1.54625 0.108819
1.55345 0.108841
1.56064 0.108861
1.56784 0.108753
1.61183 0.108659
1.61903 0.108702
1.62623 0.108739
1.63342 0.108772
1.64062 0.1088
1.64782 0.1087
1.65502 0.108738
1.66221 0.10877
1.66941 0.108799
1.67661 0.108824
1.7206 0.108846
1.7278 0.10874
1.73499 0.108648
1.74219 0.108692
1.74939 0.10873
1.75659 0.108764
1.76378 0.108669
1.77098 0.108585
1.77818 0.108637
1.78537 0.108682
1.82937 0.108722
1.83656 0.108757
1.84376 0.108787
1.85096 0.108689
1.85816 0.108728
1.86535 0.108762
1.87255 0.108791
1.87975 0.108818
2.09731 0.120215
2.10451 0.118813
2.11171 0.117587
2.1189 0.116388
2.1261 0.115465
2.1333 0.114657
2.1405 0.11395
2.14769 0.113331
2.15489 0.112665
2.16209 0.112207
2.20248 0.115931
2.20968 0.115064
2.21687 0.114181
2.22407 0.113534
2.23127 0.112967
2.23847 0.112471
2.24566 0.112037
2.25286 0.111533
2.26006 0.111216
2.26726 0.110939
2.31126 0.115322
2.52521 0.125906
2.53241 0.123793
2.53961 0.121944
2.54681 0.120201
2.554 0.118801
2.5612 0.117576
2.5684 0.116504
2.57559 0.115566
2.58279 0.11462
2.58999 0.113793
2.63038 0.117318
2.63758 0.116279
2.64478 0.115244
2.65197 0.114338
2.65917 0.113671
2.66637 0.113087
2.67357 0.112576
2.68076 0.112129
2.68796 0.111613
2.69516 0.111286
2.73555 0.115126
2.74275 0.11436
2.74994 0.113565
2.75714 0.112994
2.76434 0.112495
2.77154 0.112058
2.77873 0.111676
2.78593 0.111216
2.79313 0.110939
2.80032 0.110697
2.84072 0.11461
2.84791 0.113784
2.85511 0.113186
2.86231 0.112662
2.86951 0.112205
2.8767 0.111804
2.8839 0.111329
2.8911 0.111037
2.8983 0.110783
2.90549 0.11056
2.94589 0.11449
2.95308 0.113804
2.96028 0.113203
2.96748 0.112678
2.97467 0.112218
2.98187 0.111691
2.98907 0.111354
2.99627 0.11106
3.00346 0.110803
3.01066 0.110577
3.05105 0.114505
3.05825 0.113817
3.06545 0.113215
3.07265 0.112688
3.07984 0.112102
3.08704 0.111714
3.09424 0.111375
3.10143 0.111078
3.10863 0.110818
3.11583 0.110466
3.15622 0.114408
3.16342 0.113732
3.17062 0.11314
3.17781 0.112498
3.18501 0.112061
3.19221 0.111678
3.19941 0.111343
3.2066 0.11105
3.2138 0.110669
3.221 0.110335
3.26139 0.114293
3.26859 0.113632
3.27578 0.112928
3.28298 0.112312
3.29018 0.111898
3.29738 0.111536
3.30457 0.111219
3.31177 0.110816
3.31897 0.110464
3.32616 0.110281
3.36656 0.114246
3.37375 0.11359
3.38095 0.112892
3.38815 0.112405
3.39535 0.111979
3.40254 0.111607
3.40974 0.111281
3.41694 0.110871
3.42414 0.110637
3.43133 0.110432
3.47173 0.114378
3.47892 0.113581
3.48612 0.113008
3.49332 0.112507
3.50051 0.112069
3.50771 0.111685
3.51491 0.111225
3.52211 0.110947
3.5293 0.110703
3.5365 0.11049
3.57689 0.114429
3.58409 0.11375
3.59129 0.113157
3.59849 0.112637
3.60568 0.112182
3.61288 0.11166
3.62008 0.111327
3.62727 0.111036
3.63447 0.110782
3.64167 0.110559
3.68206 0.114489
3.68926 0.113803
3.69646 0.113203
3.70365 0.112677
3.71085 0.112093
3.71805 0.111706
3.72525 0.111368
3.73244 0.111072
3.73964 0.110813
3.74684 0.110461
3.78723 0.114404
3.79443 0.113728
3.80162 0.113137
3.80882 0.112495
3.81602 0.112058
3.82322 0.111676
3.83041 0.111341
3.83761 0.111049
3.84481 0.110668
3.852 0.110459
3.8924 0.114402
3.89959 0.113727
3.90679 0.113011
3.91399 0.112384
3.92119 0.111961
3.92838 0.111591
3.93558 0.111267
3.94278 0.110859
4.16034 0.122002
4.16754 0.120376
4.17474 0.118954
4.18194 0.117585
4.18913 0.116512
4.19633 0.115573
4.20353 0.114751
4.21072 0.114032
4.21792 0.113278
4.22512 0.112744
4.23232 0.112276
4.26911 0.111866
4.27631 0.111508
4.28712 0.111694
4.50107 0.122733
4.50827 0.121016
4.51546 0.119514
4.52266 0.1182
4.52986 0.116925
4.53706 0.115934
4.54425 0.115067
4.55145 0.114309
4.55865 0.113645
4.56585 0.11294
4.57304 0.112447
4.60984 0.111891
4.61703 0.11153
4.62423 0.111214
4.63143 0.110937
4.63863 0.110695
4.64582 0.110358
4.65302 0.110188
4.66383 0.110415
4.87778 0.121488
4.88498 0.119802
4.89218 0.118452
4.89937 0.11727
4.90657 0.116236
4.91377 0.115207
4.92097 0.114306
4.92816 0.113643
4.94256 0.113062
4.98655 0.112555
4.99375 0.11211
5.00094 0.111596
5.00814 0.111272
5.01534 0.110988
5.02254 0.110739
5.02973 0.110522
5.03693 0.110207
5.05132 0.110056
5.05852 0.109924
5.09532 0.109808
5.10251 0.109707
5.11691 0.109494
5.1241 0.109432
5.1313 0.109378
5.1385 0.109331
5.1457 0.10929
5.15289 0.109128
5.16009 0.109112
5.16729 0.109098
5.20408 0.109086
5.21128 0.109075
5.22567 0.109066
5.23287 0.108933
5.24007 0.108941
5.24727 0.108948
5.25808 0.109455
5.78799 0.109273
5.79519 0.109239
5.89676 0.109209
5.90396 0.109058
6.00553 0.109051
6.01272 0.109044
6.11429 0.109039
6.12149 0.109034
6.22306 0.10903
6.23026 0.109026
6.33183 0.108898
6.33902 0.108911
6.44059 0.108922
6.44779 0.108806
6.54936 0.108831
6.55656 0.108852
6.65813 0.10887
6.66532 0.108887
6.76689 0.108776
6.77409 0.108804
6.87566 0.108828
6.88286 0.108725
6.98443 0.108759
6.99162 0.108789
7.09319 0.108816
7.10039 0.108839
7.20196 0.108734
7.20916 0.108767
7.31072 0.108796
7.31792 0.108697
7.41949 0.108735
7.42669 0.108768
7.52826 0.108797
7.53546 0.108822
7.63702 0.108844
7.74221 0.121114
7.96336 0.1196
8.06493 0.11815
8.07212 0.117006
8.17009 0.12738
8.17729 0.125083
8.27526 0.134447
8.28246 0.131266
8.38043 0.139858
8.38763 0.136001
8.4856 0.143876
8.4928 0.139391
8.59077 0.146842
8.59796 0.141987
8.69593 0.149114
8.70313 0.144099
8.8011 0.151087
8.8083 0.145826
8.90627 0.152598
8.91347 0.147148
9.01144 0.153755
9.01864 0.14816
9.11661 0.154515
9.1238 0.148701
9.22177 0.154988
9.22897 0.149115
9.32694 0.15535
9.33414 0.149557
9.43211 0.155862
9.43931 0.150004
9.53728 0.156254
9.54448 0.150347
9.64964 0.145179
9.75481 0.152781
9.76201 0.147309
9.85998 0.15377
9.86718 0.148174
9.96515 0.154652
9.97234 0.148946
10.0703 0.155327
10.0775 0.149536
10.1755 0.155844
10.1827 0.149989
10.2807 0.156115
10.2914 0.150226
10.3894 0.145073
10.4002 0.140564
10.4982 0.136618
10.5054 0.133166
10.6034 0.14152
10.6105 0.137455
10.7085 0.145273
10.7157 0.140739
10.8137 0.148022
10.8209 0.143019
10.9189 0.150017
10.9261 0.14489
11.024 0.151778
11.0312 0.146431
11.1292 0.153127
11.1364 0.147611
11.2344 0.15416
11.2416 0.148515
11.3395 0.154951
11.3467 0.149207
11.4447 0.155431
11.4519 0.149502
11.5499 0.155689
11.5607 0.150228
11.8654 0.15595
11.8762 0.150581
11.8834 0.145383
11.9742 0.140835
11.985 0.136731
11.9922 0.133265
12.0829 0.130107
12.0937 0.127468
12.1009 0.125035
12.1917 0.12303
12.2025 0.121277
12.2097 0.119742
12.3005 0.118399
12.3113 0.117224
12.3185 0.116196
12.4092 0.115297
12.42 0.11451
12.4272 0.113821
12.518 0.113218
12.5288 0.112566
12.536 0.111995
12.6268 0.111496
12.6376 0.111184
12.6448 0.110911
12.7355 0.110672
12.7463 0.110463
12.7535 0.11028
12.8443 0.11012
12.8551 0.10998
12.8623 0.109858
12.9531 0.10975
12.9639 0.109532
12.9711 0.109465
13.0618 0.109282
13.0726 0.109247
13.0798 0.109091
13.1706 0.10908
13.1814 0.10907
13.1886 0.109061
13.2794 0.109053
13.2902 0.109047
13.2974 0.109041
13.3881 0.109036
13.3989 0.108906
13.4061 0.108918
13.4969 0.108803
13.5077 0.108828
13.5149 0.108724
13.6057 0.108759
13.6165 0.108789
13.6237 0.108815
13.7144 0.108838
13.7252 0.108859
13.7324 0.108876
13.8232 0.108892
13.834 0.10878
13.8412 0.108808
13.932 0.108707
13.9428 0.108743
13.95 0.10865
14.0407 0.108694
14.0515 0.108732
14.0587 0.108766
14.1495 0.108795
14.1603 0.108821
14.1675 0.108843
14.2583 0.108863
14.2691 0.10888
14.2763 0.108895
14.367 0.108908
14.3778 0.108795
14.385 0.10882
14.4758 0.108718
14.4866 0.108753
14.4938 0.108659
14.5846 0.108702
14.5954 0.108739
14.6026 0.108771
14.6933 0.1088
14.7041 0.108825
14.7113 0.108847
14.8021 0.108866
14.8129 0.108758
14.8201 0.108788
14.9109 0.10869
14.9217 0.108728
14.9289 0.108637
15.0196 0.108683
15.0304 0.108722
15.0376 0.108757
15.1284 0.108787
15.1392 0.108814
15.1464 0.108837
15.2372 0.108858
15.248 0.10875
15.2552 0.108782
15.3459 0.108684
15.3567 0.108723
15.3639 0.108633
15.4547 0.108679
15.4655 0.108719
15.4727 0.108754
15.5635 0.108785
15.5743 0.108812
15.5815 0.108835
15.6722 0.108856
15.683 0.108874
15.6902 0.10889
15.781 0.108778
15.7918 0.108681
15.8862 0.119596
16.1109 0.118146
16.1146 0.117003
16.2089 0.115878
16.2161 0.115018
16.2233 0.114266
16.3141 0.124108
16.3213 0.122219
16.3285 0.120567
16.4193 0.129621
16.4264 0.127043
16.4336 0.124788
16.5244 0.133189
16.5316 0.130166
16.5388 0.127395
16.6296 0.135471
16.6368 0.132037
16.644 0.129032
16.7348 0.136903
16.742 0.13329
16.7492 0.130254
16.8399 0.137972
16.8471 0.134351
16.8543 0.131182
16.9451 0.138909
16.9523 0.13517
16.9595 0.131899
17.0503 0.139537
17.0575 0.13572
17.0647 0.13238
17.1554 0.139832
17.1626 0.135978
17.1698 0.132481
17.2606 0.139921
17.2678 0.135931
17.275 0.132439
17.3658 0.139884
17.373 0.135899
17.3802 0.132537
17.4709 0.139969
17.4781 0.136098
17.4853 0.132711
17.5761 0.140247
17.5833 0.136341
17.5905 0.132924
17.6813 0.140433
17.6885 0.136504
17.6957 0.133066
17.7864 0.140433
17.7936 0.136504
17.8008 0.132941
17.8916 0.140323
17.8988 0.136283
17.906 0.132747
17.9968 0.140154
18.004 0.136135
18.0112 0.132743
18.1019 0.14015
18.1091 0.136256
18.1163 0.132849
18.2071 0.140368
18.2143 0.136447
18.2215 0.133016
18.3123 0.140514
18.3195 0.136575
18.3267 0.133128
18.4174 0.140487
18.4246 0.136551
18.4318 0.132982
18.5262 0.140859
18.7402 0.148252
18.7474 0.143346
18.7546 0.139052
18.8453 0.145671
18.8525 0.141087
18.8597 0.137076
18.9505 0.143942
18.9577 0.139574
18.9649 0.135627
19.0557 0.142674
19.0629 0.13834
19.0701 0.134672
19.1608 0.141838
19.168 0.137733
19.1752 0.134142
19.266 0.141499
19.2732 0.137437
19.2804 0.133882
19.3712 0.141272
19.3784 0.137238
19.3856 0.133708
19.4764 0.140995
19.4836 0.136995
19.4907 0.133496
19.5815 0.140809
19.5887 0.136833
19.5959 0.133229
19.6867 0.140575
19.6939 0.136503
19.7011 0.133065
19.7919 0.140432
19.7991 0.136503
19.8063 0.133065
19.897 0.140557
19.9042 0.136612
19.9114 0.133161
20.0022 0.140641
20.0094 0.136686
20.0166 0.133225
20.1074 0.140572
20.1146 0.136625
20.1218 0.133172
20.2125 0.140526
20.2197 0.136585
20.2269 0.133012
20.3177 0.140385
20.3249 0.136337
20.3321 0.13292
20.4229 0.140305
20.4301 0.136392
20.6476 0.133843
20.7384 0.141113
20.7456 0.137098
20.7528 0.133461
20.8472 0.130404
20.8543 0.127728
20.8615 0.125387
20.9559 0.123214
20.9631 0.121437
20.9703 0.119882
20.9775 0.118522
21.0647 0.117332
21.0719 0.116165
21.0791 0.11527
21.0863 0.114486
21.1735 0.1138
21.1806 0.1132
21.1878 0.11255
21.195 0.112106
21.2822 0.111718
21.2894 0.111378
21.2966 0.111081
21.3038 0.110696
21.391 0.110359
21.3982 0.110189
21.4054 0.11004
21.4126 0.10991
21.4998 0.109797
21.5069 0.109572
21.5141 0.1095
21.5213 0.109438
21.6085 0.109383
21.6157 0.109335
21.6229 0.109168
21.6301 0.109147
21.7173 0.109129
21.7245 0.109113
21.7317 0.109099
21.7389 0.108961
21.8261 0.108966
21.8332 0.10897
21.8404 0.108974
21.8476 0.108977
21.9348 0.108855
21.942 0.108873
21.9492 0.108889
21.9564 0.108903
22.0472 0.109415
22.2611 0.120738
22.2683 0.119271
22.2755 0.117987
22.2827 0.116864
22.3699 0.115756
22.3771 0.114911
22.3843 0.114172
22.3915 0.113526
22.4787 0.11296
22.4859 0.11234
22.4931 0.111923
22.5003 0.111557
22.5874 0.111238
22.5946 0.110958
22.6018 0.110588
22.609 0.11039
22.6962 0.110216
22.7034 0.110064
22.7106 0.109931
22.7178 0.10969
22.805 0.109478
22.8122 0.109419
22.8194 0.109366
22.8266 0.10932
22.9137 0.10928
22.9209 0.10912
22.9281 0.109105
22.9353 0.109092
23.0225 0.109081
23.0297 0.109071
23.2545 0.110812
23.2617 0.110585
23.2689 0.110262
23.2761 0.110104
23.2832 0.109966
23.3668 0.110221
23.374 0.110068
23.3812 0.109934
23.3884 0.109818
23.472 0.119215
23.4792 0.117939
23.4864 0.116821
23.4936 0.115844
23.5772 0.124488
23.5844 0.122552
23.5916 0.120858
23.5988 0.119376
23.6859 0.127954
23.8999 0.136835
23.9071 0.133355
23.9143 0.130311
23.9215 0.127647
24.0051 0.134941
24.0123 0.131698
24.0195 0.128861
24.0267 0.126379
24.1102 0.133706
24.1174 0.130618
24.1246 0.127916
24.1318 0.125426
24.2154 0.132873
24.2226 0.129889
24.2298 0.127153
24.237 0.124759
24.3206 0.132289
24.3278 0.129378
24.335 0.126705
24.3422 0.124492
24.4257 0.132056
24.4329 0.129049
24.4401 0.126543
24.4473 0.12435
24.5309 0.131931
24.5381 0.129065
24.5453 0.126557
24.5525 0.124362
24.6361 0.132067
24.6433 0.129183
24.6505 0.126661
24.6577 0.124453
24.7412 0.132021
24.7484 0.129144
24.7556 0.126626
24.7628 0.124297
24.8464 0.131885
24.8536 0.129025
24.8608 0.126397
24.868 0.124097
24.9516 0.13171
24.9588 0.128746
24.966 0.126153
24.9732 0.124009
25.0567 0.131633
25.0639 0.128679
25.0711 0.126219
25.0783 0.124066
25.1619 0.131683
25.1691 0.128848
25.1763 0.126367
25.1835 0.124196
25.2671 0.131921
25.2743 0.129056
25.2815 0.126549
25.2887 0.124356
25.3722 0.131936
25.3794 0.129069
25.3866 0.12656
25.3938 0.12424
25.4918 0.133585
25.5026 0.130512
25.6006 0.127823
25.6114 0.12547
25.7093 0.123411
25.7165 0.12161
25.7237 0.120034
25.7309 0.11853
25.8145 0.126838
25.8217 0.124609
25.8289 0.122533
25.8361 0.120841
25.9197 0.128861
25.9269 0.126253
25.9341 0.124097
25.9413 0.122209
26.0248 0.130058
26.032 0.127426
26.0392 0.125123
26.0464 0.123107
26.13 0.130969
26.1372 0.128223
26.1444 0.12582
26.1516 0.123718
26.2352 0.131378
26.2424 0.128581
26.2496 0.126133
26.2568 0.123866
26.3404 0.131508
26.3475 0.128695
26.3547 0.126233
26.3619 0.123954
26.4455 0.131584
26.4527 0.128761
26.4599 0.126166
26.4671 0.12402
26.5507 0.131643
26.5579 0.128688
26.5651 0.126227
26.5723 0.124073
26.6559 0.131689
26.6631 0.128853
26.6702 0.126371
26.6774 0.1242
26.761 0.131925
26.7682 0.129059
26.7754 0.126552
26.7826 0.124358
26.8662 0.131938
26.8734 0.129071
26.8806 0.126562
26.8878 0.124242
26.9714 0.131837
26.9786 0.128982
26.9858 0.126484
26.9929 0.124174
27.0765 0.131777
27.0837 0.12893
27.3013 0.137814
27.3085 0.134212
27.3157 0.13106
27.3229 0.128178
27.3301 0.125781
27.4101 0.123683
27.4173 0.121848
27.4244 0.120242
27.4316 0.118837
27.4388 0.117482
27.5188 0.116297
27.526 0.115385
27.5332 0.114587
27.5404 0.113888
27.5476 0.113277
27.6276 0.112743
27.6348 0.11215
27.642 0.111631
27.6492 0.111302
27.6564 0.111014
27.7364 0.110763
27.7436 0.110542
27.7507 0.110349
27.7579 0.110056
27.7651 0.109924
27.8451 0.109808
27.8523 0.109707
27.8595 0.109619
27.8667 0.109542
27.8739 0.109349
27.9539 0.10918
27.9611 0.109158
27.9683 0.109138
27.9755 0.109121
27.9827 0.109106
28.0627 0.109092
28.0699 0.108956
28.077 0.108961
28.0842 0.108966
28.0914 0.10897
28.1714 0.108974
28.1786 0.108977
28.3962 0.120355
28.4034 0.118936
28.4106 0.117694
28.4178 0.116482
28.425 0.115422
28.5014 0.123244
28.5085 0.121464
28.5157 0.119906
28.5229 0.118417
28.5301 0.11724
28.6065 0.124835
28.6137 0.122856
28.6209 0.120999
28.6281 0.119499
28.6353 0.118187
28.7117 0.125663
28.7189 0.123455
28.7261 0.121648
28.7333 0.120067
28.7405 0.118684
28.8169 0.126098
28.8241 0.123961
28.8313 0.122091
28.8384 0.120455
28.8456 0.119023
28.922 0.126395
28.9292 0.124221
28.9364 0.122318
28.9436 0.120653
28.9508 0.119072
29.0272 0.126438
29.0344 0.124258
29.0416 0.122351
29.0488 0.120557
29.056 0.118987
29.1324 0.126364
29.1396 0.124193
29.1468 0.122294
29.154 0.120507
29.1611 0.119069
29.2375 0.126435
29.2447 0.124256
29.2519 0.122224
29.2591 0.120571
29.2663 0.119125
29.3427 0.126484
29.3499 0.124174
29.3571 0.122277
29.3643 0.120617
29.3715 0.119165
29.4479 0.126519
29.4551 0.12433
29.4623 0.122413
29.4695 0.120737
29.4767 0.11927
29.553 0.126611
29.5602 0.12441
29.5674 0.122483
29.5746 0.120798
29.5818 0.119198
29.6582 0.126548
29.6654 0.124355
29.6726 0.122435
29.6798 0.120631
29.687 0.119052
29.9737 0.129046
29.9809 0.126415
29.9881 0.124238
29.9953 0.122333
30.0025 0.120667
30.0097 0.119208
30.0825 0.117932
30.0897 0.116816
30.0969 0.115714
30.1041 0.114875
30.1113 0.11414
30.1185 0.113498
30.1913 0.112935
30.1985 0.112444
30.2057 0.112013
30.2129 0.111511
30.2201 0.111198
30.2273 0.110923
30.3 0.110682
30.3072 0.110472
30.3144 0.110288
30.3216 0.110127
30.3288 0.109861
30.336 0.109754
30.4088 0.109534
30.416 0.109343
30.4232 0.1093
30.4304 0.109262
30.4376 0.10923
30.4448 0.109076
30.5176 0.109066
30.5248 0.109058
30.532 0.108926
30.5392 0.108935
30.5464 0.108943
30.5536 0.10895
30.6263 0.108956
30.6335 0.108962
30.6407 0.108967
30.6479 0.108846
30.6551 0.108865
30.6623 0.108882
30.7351 0.108897
30.7423 0.10891
30.7495 0.108921
30.7567 0.108931
30.7639 0.108814
30.7711 0.108838
30.8439 0.108733
30.8511 0.108766
30.8583 0.108796
30.8655 0.108821
30.8727 0.108843
30.8799 0.108738
30.9526 0.108771
30.9598 0.108674
30.967 0.108715
30.9742 0.108751
30.9814 0.108782
30.9886 0.108809
31.0614 0.108833
31.0686 0.108854
31.0758 0.108747
31.083 0.108654
31.0902 0.108697
31.0974 0.108735
31.1702 0.108768
31.1774 0.108797
31.1846 0.108822
31.1954 0.109345
31.4093 0.120677
31.4165 0.119217
31.4237 0.11794
31.4309 0.116697
31.4381 0.115735
31.4453 0.114893
31.5181 0.114157
31.5253 0.113512
31.5325 0.112948
31.5397 0.112455
31.5469 0.111898
31.5541 0.111536
31.6269 0.111094
31.6341 0.110832
31.6413 0.110603
31.6485 0.110403
31.6556 0.110227
31.6628 0.109949
31.7356 0.10983
31.7428 0.109601
31.75 0.109526
31.7572 0.10946
31.7644 0.109403
31.7716 0.109353
31.8444 0.109308
31.8516 0.10927
31.8588 0.109111
31.866 0.108972
31.8732 0.108976
31.8804 0.108979
31.9532 0.108981
31.9604 0.108984
31.9676 0.108986
31.9748 0.108988
31.9819 0.108864
31.9891 0.108881
32.0619 0.108771
32.0691 0.1088
32.0763 0.108825
32.0835 0.108847
32.0907 0.108866
32.0979 0.108758
32.1707 0.108788
32.1779 0.108689
32.1851 0.108728
32.1923 0.108762
32.1995 0.108792
32.2067 0.108818
32.2795 0.108841
32.2867 0.108861
32.2939 0.108753
32.3011 0.108784
32.3082 0.108811
32.3154 0.108835
32.3882 0.108855
32.3954 0.108873
32.4098 0.108764
32.417 0.108794
32.4242 0.108819
32.497 0.108717
32.5042 0.108752
32.5186 0.108783
32.5258 0.108685
32.533 0.1086
32.5402 0.10865
32.6058 0.108694
32.613 0.108607
32.6274 0.108656
32.6345 0.108699
32.6417 0.108737
32.6489 0.108645
32.7145 0.108689
32.7217 0.108728
32.7361 0.108762
32.7433 0.108792
32.7505 0.108818
32.7577 0.10884
32.8233 0.10886
32.8305 0.108878
32.8449 0.108768
32.8521 0.108797
32.8593 0.108822
32.8665 0.108845
32.9321 0.108864
32.9393 0.108881
32.9537 0.108896
32.9608 0.108784
32.968 0.108811
32.9752 0.108835
33.0408 0.10873
33.048 0.108764
33.0624 0.108793
33.0696 0.108819
33.0768 0.108717
33.084 0.108752
33.1496 0.108783
33.1568 0.108685
33.1712 0.108725
33.1784 0.108759
33.1856 0.108789
33.1928 0.108691
33.2584 0.108729
33.2656 0.108763
33.28 0.108668
33.2871 0.108709
33.2943 0.108746
33.3015 0.108777
33.3671 0.108805
33.3743 0.10883
33.3887 0.108851
33.3959 0.108744
33.4031 0.108776
33.4103 0.108804
33.4759 0.108704
33.4831 0.108741
33.4975 0.108773
33.5047 0.108802
33.5119 0.108701
33.5191 0.108739
33.5847 0.108771
33.5919 0.108675
33.6062 0.108716
33.6134 0.108751
33.6206 0.108782
33.6278 0.108684
33.6934 0.108724
33.7006 0.108758
33.715 0.108789
33.7222 0.108815
33.7294 0.108838
33.7366 0.108858
33.8022 0.108876
33.8094 0.108892
33.8238 0.10878
33.831 0.108683
33.8382 0.108722
33.8454 0.108757
33.911 0.108662
33.9182 0.108705
33.9325 0.108742
33.9397 0.108774
33.9469 0.108677
33.9541 0.108717
34.0197 0.108753
34.0269 0.108659
34.0413 0.108701
34.0485 0.108739
34.0557 0.108771
34.0629 0.108675
34.1285 0.108716
34.1357 0.108751
34.1501 0.108782
34.1573 0.108809
34.1645 0.108833
34.1717 0.108854
34.2373 0.108872
34.2445 0.108888
34.2588 0.108777
34.266 0.108805
34.2732 0.108829
34.2804 0.108851
34.346 0.108869
34.3532 0.108886
34.3676 0.1089
34.3748 0.108788
34.382 0.108814
34.3892 0.108837
34.4548 0.108733
34.462 0.108641
34.4764 0.108686
34.4836 0.108725
34.4908 0.108635
34.498 0.108555
34.5636 0.108611
34.5708 0.108659
34.5888 0.109077
34.8027 0.120317
34.8099 0.118778
34.8171 0.117556
34.8243 0.116486
34.8315 0.11555
34.8387 0.114732
34.9115 0.114015
34.9187 0.113388
34.9259 0.112715
34.9331 0.11225
34.9403 0.111844
34.9475 0.111489
35.0202 0.111177
35.0274 0.110905
35.0346 0.110667
35.0418 0.110334
35.049 0.110167
35.0562 0.110021
35.1326 0.110268
35.3466 0.12136
35.3538 0.11969
35.361 0.118229
35.3682 0.117075
35.3754 0.116066
35.5929 0.118308
35.6657 0.117144
35.6729 0.116001
35.6801 0.115126
35.6873 0.11436
35.6945 0.11369
35.7017 0.113104
35.7709 0.120216
35.7781 0.118814
35.7853 0.117587
35.7925 0.116514
35.7997 0.115575
35.8069 0.114628
35.8761 0.121674
35.8832 0.12009
35.8904 0.118704
35.8976 0.117491
35.9048 0.116304
35.912 0.115391
36.1916 0.125842
36.1988 0.123612
36.206 0.121661
36.2132 0.120078
36.2204 0.118693
36.2276 0.117482
36.2348 0.116296
36.3004 0.115384
36.3076 0.114586
36.3147 0.113888
36.3219 0.113152
36.3291 0.112633
36.3363 0.112179
36.3435 0.111782
36.4091 0.111434
36.4163 0.11113
36.4235 0.110863
36.4307 0.11063
36.4379 0.110302
36.4451 0.110139
36.4523 0.109997
36.5179 0.109747
36.5287 0.110029
36.7426 0.12115
36.7498 0.119506
36.757 0.118193
36.7679 0.117419
36.953 0.124117
36.989 0.122227
36.9962 0.120574
37.0034 0.119127
37.0106 0.117861
37.0178 0.116628
37.025 0.11555
37.0618 0.114606
37.0978 0.11378
37.105 0.113058
37.1122 0.112551
37.1194 0.112107
37.1266 0.111718
37.1338 0.111379
37.1705 0.111081
37.2137 0.111696
37.4277 0.122609
37.4357 0.120908
37.4429 0.119294
37.4501 0.118008
37.4573 0.116882
37.4645 0.115896
37.4717 0.115034
37.5365 0.11428
37.5445 0.11362
37.5517 0.113043
37.5589 0.112412
37.5661 0.111986
37.5733 0.111613
37.7909 0.115411
37.8556 0.11461
37.8628 0.113783
37.87 0.11306
37.8772 0.112553
37.8844 0.112109
37.8916 0.11172
37.8988 0.111255
38.1711 0.122348
38.1783 0.12068
38.1855 0.11922
38.1927 0.117942
38.1999 0.1167
38.2071 0.115737
38.2143 0.114895
38.2215 0.114158
38.2799 0.113388
38.2871 0.11284
38.2943 0.11236
38.3015 0.11194
38.3087 0.111572
38.3159 0.111126
38.3231 0.11086
38.3303 0.110628
38.3887 0.110424
38.3959 0.110121
38.4031 0.109981
38.4103 0.109858
38.4175 0.109751
38.4247 0.109657
38.4319 0.10945
38.4391 0.109394
38.4974 0.109345
38.5046 0.109301
38.5118 0.109139
38.519 0.109121
38.5262 0.109106
38.5334 0.109093
38.5406 0.109081
38.5478 0.108946
38.6062 0.108953
38.6134 0.108959
38.6206 0.108964
38.6278 0.108843
38.635 0.108738
38.6422 0.108771
38.6494 0.108799
38.6566 0.108824
38.715 0.108721
38.7222 0.108756
38.7294 0.108787
38.7402 0.109313
38.9541 0.120649
38.9613 0.119193
38.9685 0.117919
38.9757 0.116804
39.1933 0.127204
39.2005 0.124928
39.2077 0.122937
39.2149 0.12107
39.2221 0.119561
39.2293 0.118241
39.2365 0.117086
39.2437 0.116075
39.2985 0.121066
39.3056 0.119558
39.3128 0.118113
39.32 0.116974
39.3272 0.115977
39.3344 0.115105
39.3416 0.114342
39.3488 0.113549
39.4036 0.118855
39.4108 0.117499
39.418 0.116436
39.4252 0.115507
39.4324 0.114693
39.4396 0.113982
39.4468 0.113234
39.454 0.112705
39.5088 0.118117
39.516 0.116852
39.5232 0.115871
39.5304 0.115012
39.5376 0.11426
39.5448 0.113478
39.552 0.112793
39.5592 0.112319
39.614 0.117779
39.6212 0.116682
39.6284 0.115721
39.6355 0.114881
39.6427 0.114146
39.6499 0.113378
39.6571 0.112831
39.6643 0.112352
39.7191 0.117933
39.7263 0.116816
39.7335 0.115839
39.7407 0.114984
39.7479 0.114111
39.7551 0.113472
39.7623 0.112913
39.7695 0.112424
39.8243 0.117996
39.8315 0.116872
39.8387 0.115888
39.8459 0.114902
39.8531 0.114164
39.8603 0.113518
39.8675 0.112954
39.8747 0.112459
39.9295 0.117902
39.9367 0.116789
39.9439 0.115691
39.9511 0.114854
39.9582 0.114123
39.9654 0.113482
39.9726 0.112922
39.9798 0.112307
40.0346 0.117768
40.0418 0.116547
40.049 0.115604
40.0562 0.114778
40.0634 0.114056
40.0706 0.113424
40.0778 0.112746
40.085 0.112278
40.1398 0.117743
40.147 0.116525
40.1542 0.115585
40.1614 0.114761
40.1686 0.114041
40.1758 0.113286
40.183 0.112625
40.1902 0.112172
40.245 0.117651
40.2522 0.116569
40.2594 0.115623
40.2666 0.114795
40.2738 0.114071
40.281 0.113312
40.2881 0.112773
40.2953 0.112301
40.3501 0.117889
40.3573 0.116778
40.3645 0.115805
40.5821 0.12633
40.5893 0.124164
40.5965 0.122268
40.6037 0.12061
40.6109 0.119033
40.6181 0.117779
40.6253 0.116682
40.6325 0.115722
40.6397 0.114881
40.6909 0.114021
40.6981 0.113394
40.7053 0.112844
40.7125 0.112364
40.7196 0.111943
40.7268 0.11145
40.734 0.111144
40.7412 0.110876
40.7484 0.110642
40.7996 0.110436
40.8068 0.110132
40.814 0.10999
40.8212 0.109867
40.8284 0.109758
40.8356 0.109663
40.8428 0.109456
40.85 0.109399
40.9048 0.115224
41.1188 0.125696
41.126 0.123484
41.1332 0.121673
41.144 0.120464
41.3579 0.130281
41.3651 0.127621
41.3723 0.125293
41.3795 0.123257
41.3867 0.121475
41.3939 0.11979
41.4011 0.118442
41.4083 0.117261
41.4155 0.116229
41.4667 0.115325
41.4739 0.114409
41.4811 0.113733
41.4883 0.113142
41.4955 0.112624
41.5027 0.112171
41.5099 0.11165
41.5171 0.111318
41.5243 0.111029
41.5755 0.110775
41.8002 0.110553
41.8038 0.110234
41.811 0.11008
41.8182 0.109945
41.8254 0.109827
41.8326 0.109723
41.8398 0.109508
41.847 0.109444
41.9018 0.109264
41.909 0.109106
41.9162 0.109093
41.9234 0.109081
41.9306 0.109071
41.9378 0.108937
41.945 0.10882
41.9522 0.108842
41.9594 0.108862
42.007 0.113879
42.0142 0.113269
42.0214 0.112736
42.2389 0.123519
42.2461 0.121704
42.4637 0.131366
42.4709 0.128445
42.4781 0.126015
42.4853 0.123888
42.4925 0.122027
42.4997 0.120398
42.5069 0.118849
42.5141 0.117618
42.5213 0.11654
42.5285 0.115598
42.5761 0.114773
42.5833 0.114051
42.5904 0.11342
42.5976 0.112868
42.6048 0.112259
42.612 0.111852
42.6192 0.111495
42.6264 0.111183
42.6336 0.11091
42.6812 0.115672
42.6884 0.114838
42.6956 0.114108
42.7028 0.113344
42.71 0.112801
42.7172 0.112326
42.7244 0.11191
42.7316 0.111547
42.7388 0.111103
42.746 0.110715
42.7864 0.114626
42.7936 0.113923
42.8008 0.113182
42.808 0.112535
42.8152 0.112093
42.8224 0.111706
42.8296 0.111368
42.8368 0.110947
42.844 0.110579
42.8512 0.110381
42.8916 0.114334
42.8988 0.113667
42.906 0.112959
42.9131 0.112464
42.9203 0.112031
42.9275 0.111652
42.9347 0.11132
42.9419 0.110905
42.9491 0.110667
42.9563 0.110459
42.9967 0.114401
43.0039 0.113601
43.0111 0.113026
43.0183 0.112523
43.0255 0.112082
43.0327 0.111697
43.0399 0.111235
43.0471 0.110956
43.0543 0.110711
43.0615 0.110497
43.1019 0.114435
43.1091 0.113756
43.1163 0.113161
43.1235 0.112641
43.1307 0.112186
43.1379 0.111663
43.1451 0.11133
43.1523 0.111039
43.1595 0.110784
43.1667 0.110561
43.2071 0.114491
43.2143 0.113804
43.2215 0.113204
43.2287 0.112678
43.2359 0.112094
43.243 0.111707
43.2502 0.111369
43.2574 0.111072
43.2646 0.110813
43.2718 0.110462
43.3122 0.114404
43.3194 0.113729
43.3266 0.113137
43.3338 0.112495
43.341 0.112058
43.3482 0.111676
43.3554 0.111342
43.3626 0.111049
43.3698 0.110668
43.377 0.110459
43.4174 0.114402
43.4246 0.113727
43.4318 0.113011
43.439 0.112384
43.4462 0.111961
43.4534 0.111591
43.4606 0.111267
43.4678 0.110859
43.475 0.110502
43.4822 0.110314
43.5226 0.114275
43.5298 0.113615
43.537 0.112913
43.5442 0.112424
43.5514 0.111996
43.5586 0.111622
43.5657 0.111294
43.5729 0.110882
43.5801 0.110647
43.5873 0.110441
43.6277 0.114386
43.6349 0.113588
43.6421 0.113014
43.6493 0.112512
43.6565 0.112073
43.6637 0.111689
43.6709 0.111228
43.6781 0.11095
43.6853 0.110706
43.6925 0.110493
43.7329 0.114431
43.7401 0.113752
43.7473 0.113158
43.7545 0.112638
43.7617 0.112184
43.7689 0.111661
43.7761 0.111328
43.7833 0.111037
43.7905 0.110782
43.7977 0.11056
43.8381 0.11449
43.8453 0.113803
43.8525 0.113203
43.8597 0.112678
43.8669 0.112093
43.8741 0.111706
43.8813 0.111368
43.8885 0.111072
43.8956 0.110813
43.9028 0.110461
43.9432 0.114404
43.9504 0.113728
43.9576 0.113137
43.9648 0.112495
43.972 0.112058
43.9792 0.111676
43.9864 0.111341
43.9936 0.111049
44.0008 0.110668
44.008 0.110459
44.0484 0.114402
44.0556 0.113727
44.0628 0.113011
44.07 0.112384
44.0772 0.111961
44.0844 0.111591
44.0916 0.111267
44.0988 0.110859
44.106 0.110502
44.1132 0.110314
44.1536 0.114275
44.1608 0.11349
44.168 0.112804
44.1752 0.112328
44.1824 0.111912
44.1896 0.111548
44.1968 0.11123
44.204 0.110826
44.2112 0.110598
44.2183 0.110398
44.2587 0.114348
44.2659 0.113555
44.2731 0.112985
44.2803 0.112487
44.2875 0.112051
44.2947 0.11167
44.3019 0.111211
44.3091 0.110935
44.3163 0.110693
44.3235 0.110481
44.3639 0.114421
44.3711 0.113744
44.3783 0.113151
44.3855 0.112632
44.3963 0.112678
44.6103 0.123593
44.6175 0.121769
44.719 0.120173
44.7262 0.118776
44.8278 0.117429
44.835 0.116251
44.8422 0.115344
44.8494 0.114551
44.8566 0.113857
44.8638 0.113125
44.871 0.112484
44.8782 0.112049
44.8854 0.111668
44.8926 0.111334
44.933 0.115043
44.9402 0.114287
44.9474 0.113626
44.9546 0.113048
45.3685 0.112542
45.3757 0.112099
45.4773 0.111712
45.4845 0.111373
45.586 0.111076
45.5932 0.110817
45.6948 0.110465
45.702 0.110157
45.8036 0.110012
45.8108 0.109885
45.9123 0.109775
45.9195 0.109678
46.0211 0.109593
46.1299 0.109394
46.2386 0.109345
46.2458 0.109177
46.3474 0.109155
46.3546 0.109135
46.4562 0.109118
46.4634 0.109104
46.5649 0.108966
46.5721 0.10897
46.6737 0.108974
46.6809 0.108852
46.7825 0.10887
46.7897 0.108887
46.8912 0.108901
46.8984 0.108913
47 0.108799
47.0072 0.108824
47.1088 0.108846
47.116 0.10874
47.2175 0.108773
47.2247 0.108801
47.3263 0.108826
47.3335 0.108848
47.4351 0.108867
47.4423 0.108883
47.5438 0.108773
47.551 0.108801
47.6526 0.108826
47.6598 0.108723
47.7614 0.108758
47.7686 0.108788
47.8701 0.108814
47.8773 0.108838
47.9789 0.108733
47.9861 0.108766
48.0877 0.108796
48.0949 0.108696
48.1964 0.108734
48.2036 0.108767
48.3052 0.108796
48.3124 0.108822
48.414 0.108719
48.4212 0.108754
48.5227 0.108785
48.5299 0.108687
48.6315 0.108726
48.6387 0.10876
48.7403 0.10879
48.7475 0.108816
48.849 0.108839
48.8562 0.108859
48.9578 0.108752
48.965 0.108658
49.0666 0.108701
49.0738 0.108738
49.1753 0.108771
49.1825 0.1088
49.2841 0.108825
49.2913 0.108847
49.3929 0.108741
49.4001 0.108773
49.5016 0.108801
49.5088 0.108701
49.6104 0.108739
49.6176 0.108771
49.7192 0.1088
49.7264 0.108825
49.8279 0.108722
49.8351 0.108757
49.9367 0.108787
49.9439 0.108689
50.0455 0.108728
50.0527 0.108762
50.1542 0.108791
50.1614 0.108817
50.263 0.108715
50.2702 0.108751
50.3718 0.108782
50.379 0.108684
50.4805 0.108724
50.4877 0.108758
50.5893 0.108788
50.5965 0.108815
50.6981 0.108838
50.7053 0.108858
50.8068 0.108751
50.814 0.108782
50.9156 0.108809
50.9228 0.108708
51.0244 0.108745
51.0316 0.108777
51.1331 0.108805
51.1403 0.108829
51.2419 0.108725
51.2491 0.10876
51.3507 0.10879
51.3579 0.108691
51.4594 0.10873
51.5682 0.108763
51.677 0.108668
51.6842 0.108709
51.7857 0.108746
51.7929 0.108653
51.8945 0.108696
51.9017 0.108734
52.0033 0.108767
52.0105 0.108796
52.112 0.108822
52.1192 0.108844
52.2208 0.108739
52.228 0.108646
52.3296 0.10869
52.3368 0.108729
52.4383 0.108763
52.4455 0.108793
52.5471 0.108819
52.5543 0.108841
52.6559 0.108736
52.6631 0.108769
52.7646 0.108798
52.7718 0.108698
52.8734 0.108736
52.8806 0.108769
52.9822 0.108798
52.9894 0.108823
53.0909 0.10872
53.0981 0.108755
53.1997 0.108786
53.2069 0.108688
53.3085 0.108727
53.3157 0.108761
53.4172 0.108791
53.4244 0.108817
53.526 0.108715
53.5332 0.10875
53.6348 0.108782
53.642 0.108684
53.7435 0.108723
53.7507 0.108758
53.8523 0.108788
53.8595 0.108815
53.9611 0.108838
53.9683 0.108858
54.0698 0.108751
54.077 0.108782
54.1786 0.108809
54.1858 0.108708
54.2874 0.108745
54.2946 0.108777
54.3961 0.108804
54.4033 0.108829
54.5049 0.108725
54.5121 0.10876
54.6137 0.10879
54.6209 0.108691
54.7224 0.10873
54.7296 0.108763
54.8312 0.108793
54.8384 0.108819
54.9436 0.109216
55.2951 0.111939
55.4038 0.111447
55.411 0.111141
55.4182 0.110873
55.4254 0.110639
55.5126 0.110434
55.5198 0.11013
55.527 0.109989
55.5342 0.109865
55.6214 0.109757
55.6286 0.109662
55.6358 0.109455
55.643 0.109273
55.7301 0.109239
55.7373 0.109209
55.7445 0.109183
55.7517 0.10916
55.8389 0.109015
55.8461 0.109013
55.8533 0.109011
55.8605 0.10901
55.9477 0.109009
55.9549 0.108883
55.9621 0.108897
55.9693 0.10891
56.0564 0.108921
56.0636 0.108931
56.0708 0.108815
56.078 0.108838
56.1652 0.108858
56.1724 0.108876
56.1796 0.108891
56.1868 0.10878
56.274 0.108683
56.2812 0.108722
56.2884 0.108757
56.2956 0.108787
56.3827 0.108814
56.3899 0.108712
56.3971 0.108748
56.4043 0.10878
56.4915 0.108807
56.4987 0.108831
56.5059 0.108727
56.5131 0.108761
56.6003 0.108791
56.6075 0.108817
56.6147 0.10884
56.6219 0.108735
56.709 0.108768
56.7162 0.108797
56.7234 0.108823
56.7306 0.108845
56.8178 0.108739
56.825 0.108772
56.8322 0.1088
56.8394 0.108825
56.9266 0.108847
56.9338 0.108741
56.941 0.108649
56.9482 0.108692
57.0353 0.108731
57.0425 0.108765
57.0497 0.108794
57.0569 0.108695
57.1441 0.108733
57.1513 0.108766
57.1585 0.108795
57.1657 0.108821
57.2529 0.108718
57.2601 0.108754
57.2673 0.108784
57.2745 0.108811
57.3616 0.108835
57.3688 0.108731
57.376 0.108764
57.3832 0.108794
57.4704 0.10882
57.4776 0.108842
57.4848 0.108737
57.492 0.108645
57.5792 0.108689
57.5864 0.108728
57.5936 0.108762
57.6008 0.108792
57.6879 0.108693
57.6951 0.108731
57.7023 0.108765
57.7095 0.108794
57.7967 0.10882
57.8039 0.108717
57.8111 0.108753
57.8183 0.108784
57.9055 0.108811
57.9127 0.108834
57.9199 0.10873
57.9271 0.108764
58.0142 0.108793
58.0214 0.108819
58.0286 0.108842
58.0358 0.108737
58.123 0.108769
58.1302 0.108798
58.1374 0.108824
58.1446 0.108846
58.2318 0.10874
58.239 0.108647
58.2462 0.108691
58.2534 0.10873
58.3405 0.108764
58.3477 0.108793
58.3549 0.108694
58.3621 0.108732
58.4493 0.108766
58.4565 0.108795
58.4637 0.108821
58.4709 0.108718
58.5581 0.108753
58.5653 0.108784
58.5725 0.108811
58.5797 0.108835
58.6668 0.10873
58.674 0.108764
58.6812 0.108794
58.6884 0.108819
58.7756 0.108842
58.7828 0.108737
58.79 0.10877
58.7972 0.108798
58.8844 0.108824
58.8916 0.108846
58.8988 0.10874
58.906 0.108647
58.9931 0.108692
59.0003 0.10873
59.0075 0.108764
59.0983 0.119293
59.3123 0.129382
59.3195 0.126834
59.3267 0.124605
59.3339 0.122529
59.421 0.120838
59.4282 0.119358
59.4354 0.118063
59.4426 0.116931
59.5298 0.115814
59.537 0.114962
59.5442 0.114217
59.5514 0.113565
59.6386 0.112994
59.6458 0.11237
59.653 0.111824
59.6602 0.111471
59.7473 0.111162
59.7545 0.110892
59.7617 0.110655
59.7689 0.110323
59.8561 0.110158
59.8633 0.110013
59.8705 0.109887
59.8777 0.109776
59.9649 0.109554
59.9721 0.109485
59.9793 0.109424
59.9865 0.109371
60.0736 0.109325
60.0808 0.109159
60.088 0.109139
60.0952 0.109122
60.1824 0.109107
60.1896 0.109093
60.1968 0.108957
60.204 0.108837
60.2912 0.108857
60.2984 0.108875
60.3056 0.108891
60.3128 0.108904
60.3999 0.108791
60.4071 0.108817
60.4143 0.10884
60.4215 0.10886
60.5087 0.108878
60.5159 0.108768
60.5231 0.108797
60.5303 0.108822
60.6175 0.108845
60.6247 0.108864
60.6319 0.108756
60.6391 0.108787
60.7262 0.108813
60.7334 0.108837
60.7406 0.108857
60.7478 0.10875
60.835 0.108781
60.8422 0.108808
60.8494 0.108832
60.8566 0.108853
60.9438 0.108747
60.951 0.108653
60.9582 0.108697
60.9654 0.108735
61.0525 0.108768
61.0597 0.108797
61.0669 0.108697
61.0741 0.108735
61.1613 0.108768
61.1685 0.108797
61.1757 0.108823
61.1829 0.10872
61.2701 0.108755
61.2773 0.108785
61.2845 0.108812
61.2917 0.108836
61.3788 0.108731
61.386 0.108765
61.3932 0.108794
61.4004 0.10882
61.4876 0.108842
61.4948 0.108737
61.502 0.10877
61.5092 0.108799
61.5964 0.108824
61.6036 0.108846
61.6108 0.10874
61.618 0.108648
61.7051 0.108692
61.7123 0.10873
61.7195 0.108764
61.7267 0.108793
61.8139 0.108694
61.8211 0.108732
61.8283 0.108766
61.8355 0.108795
61.9227 0.108821
61.9299 0.108718
61.9371 0.108753
61.9443 0.108784
62.0314 0.108811
62.0386 0.108835
62.0458 0.10873
62.053 0.108764
62.1402 0.108794
62.1474 0.108819
62.1546 0.108842
62.1618 0.108737
62.249 0.108645
62.2562 0.108689
62.2634 0.108728
62.2706 0.108762
62.3577 0.108792
62.3649 0.108693
62.3721 0.108731
62.4665 0.108765
62.4737 0.108794
62.4809 0.108695
62.5753 0.108733
62.5825 0.108766
62.5897 0.108796
62.5969 0.108696
62.684 0.108734
62.6912 0.108767
62.6984 0.108796
62.7056 0.108822
62.7928 0.108719
62.8 0.108754
62.8072 0.108785
62.8144 0.108812
62.9016 0.108835
62.9088 0.108731
62.916 0.10864
62.9232 0.108685
63.0103 0.108724
63.0175 0.108759
63.0247 0.108789
63.0319 0.10869
63.1191 0.108729
63.1263 0.108763
63.1335 0.108792
63.1407 0.108818
63.2279 0.108716
63.2351 0.108752
63.2423 0.108783
63.2495 0.10881
63.3366 0.108834
63.3438 0.108729
63.3546 0.109138
63.5722 0.110871
63.6594 0.110637
63.6666 0.110432
63.6738 0.110253
63.6809 0.109972
63.7645 0.11935
63.7717 0.118056
63.7789 0.116799
63.7861 0.115824
63.8697 0.124471
63.8769 0.122412
63.8841 0.120736
63.8913 0.119269
63.9749 0.127485
63.9821 0.125175
63.9893 0.123153
63.9965 0.121384
64.08 0.129461
64.0872 0.126903
64.0944 0.124665
64.1016 0.122707
64.1852 0.130494
64.1924 0.127807
64.1996 0.125456
64.2068 0.123274
64.2904 0.13099
64.2976 0.128241
64.3048 0.125836
64.312 0.123606
64.3955 0.131281
64.4027 0.128496
64.4099 0.125934
64.4171 0.123817
64.5007 0.131465
64.5079 0.128532
64.5151 0.12609
64.5223 0.123954
64.6059 0.131585
64.6131 0.128762
64.6203 0.126291
64.6275 0.12413
64.711 0.131864
64.7182 0.129006
64.7254 0.126505
64.7326 0.124317
64.8162 0.131902
64.8234 0.12904
64.8306 0.126535
64.8378 0.124218
64.925 0.132191
65.1389 0.140542
65.1461 0.136599
65.1533 0.133149
65.1605 0.13013
65.2441 0.137114
65.2513 0.1336
65.2585 0.130525
65.2657 0.127834
65.3493 0.13498
65.3565 0.131733
65.3637 0.128891
65.3709 0.12628
65.4544 0.13362
65.4616 0.130542
65.4688 0.127724
65.476 0.125384
65.5596 0.132836
65.5668 0.129731
65.574 0.12714
65.5812 0.124872
65.6648 0.132388
65.672 0.12934
65.6792 0.126797
65.6864 0.124573
65.7699 0.132126
65.7771 0.129235
65.7843 0.126706
65.7915 0.124493
65.8751 0.132181
65.8823 0.129283
65.8895 0.126748
65.8967 0.12453
65.9839 0.132463
66.1978 0.14078
66.205 0.136808
66.2122 0.133332
66.2194 0.13029
66.303 0.137254
66.3102 0.133722
66.3174 0.130632
66.3246 0.127928
66.4082 0.135062
66.4154 0.131804
66.4226 0.128954
66.4298 0.126335
66.5134 0.133668
66.5205 0.130584
66.5277 0.127886
66.5349 0.1254
66.6185 0.13285
66.6257 0.129869
66.6329 0.127135
66.6401 0.124869
66.7237 0.132385
66.7309 0.129337
66.7381 0.126795
66.7453 0.12457
66.8289 0.132124
66.8361 0.129234
66.8432 0.126704
66.8504 0.124491
66.934 0.13218
66.9412 0.129282
66.9484 0.126747
66.9556 0.124529
67.0392 0.132088
67.0464 0.129202
67.0536 0.126676
67.0608 0.124342
67.1444 0.131924
67.1516 0.129059
67.1588 0.126551
67.166 0.124232
67.2495 0.131828
67.2567 0.128975
67.2639 0.126353
67.2711 0.124184
67.3547 0.131786
67.3619 0.128813
67.3691 0.126336
67.3763 0.124169
67.4599 0.131773
67.4671 0.128926
67.4743 0.126436
67.4815 0.124256
67.565 0.131974
67.5722 0.129102
67.5794 0.12659
67.5866 0.124391
67.6702 0.131967
67.6774 0.129096
67.6846 0.126584
67.6918 0.124261
67.7754 0.131853
67.7826 0.128997
67.7898 0.126497
67.797 0.124185
67.8805 0.131787
67.8877 0.128939
67.8949 0.126321
67.9021 0.124156
67.9857 0.131762
67.9929 0.128791
68.0001 0.126317
68.0073 0.124153
68.0909 0.131759
68.0981 0.128914
68.1053 0.126425
68.1125 0.124247
68.196 0.131966
68.2032 0.129095
68.2104 0.126583
68.2176 0.124385
68.3012 0.131962
68.3084 0.129092
68.3156 0.12658
68.3228 0.124258
68.4136 0.122351
68.4208 0.120557
68.428 0.118987
68.5187 0.128114
68.5259 0.1256
68.5331 0.123525
68.5403 0.121709
68.6239 0.12962
68.6311 0.127043
68.6383 0.124787
68.6455 0.122814
68.7291 0.130712
68.7363 0.127998
68.7435 0.125623
68.7507 0.123546
68.8342 0.131227
68.8414 0.128449
68.8486 0.126018
68.8558 0.123766
68.9394 0.13142
68.9466 0.128617
68.9538 0.12604
68.961 0.12391
69.0446 0.131546
69.0518 0.128603
69.059 0.126028
69.0662 0.123899
69.1497 0.131537
69.1569 0.128595
69.1641 0.126145
69.1713 0.124002
69.2549 0.131627
69.2621 0.128799
69.2693 0.126324
69.2765 0.124158
69.3601 0.131888
69.3673 0.129027
69.3745 0.126524
69.3817 0.124334
69.4653 0.131917
69.4724 0.129052
69.4796 0.126546
69.4868 0.124227
69.5704 0.131824
69.5776 0.128971
69.5848 0.12635
69.592 0.124181
69.6792 0.132283
69.8932 0.140748
69.9004 0.136779
69.9112 0.133807
70.1323 0.133456
70.3463 0.133149
70.4226 0.13013
70.4298 0.127364
70.437 0.125069
70.4442 0.12306
70.4514 0.121303
70.5278 0.12839
70.535 0.125966
70.5422 0.123845
70.5494 0.12199
70.5566 0.120366
70.633 0.127445
70.6402 0.12514
70.6474 0.123122
70.6546 0.121357
70.6618 0.119812
70.7381 0.127086
70.7453 0.124825
70.7525 0.122847
70.7597 0.121116
70.7669 0.119476
70.8433 0.126792
70.8505 0.124568
70.8577 0.122622
70.8649 0.120794
70.8721 0.11932
70.9485 0.126655
70.9557 0.124448
70.9629 0.122392
70.9701 0.120718
70.9773 0.119253
71.0536 0.126597
71.0608 0.124272
71.068 0.122363
71.0752 0.120693
71.0824 0.119231
71.1588 0.126577
71.166 0.12438
71.1732 0.122458
71.1804 0.120775
71.1876 0.119303
71.264 0.126515
71.2712 0.124326
71.2784 0.12241
71.2856 0.120734
71.2928 0.119142
71.3692 0.126499
71.3763 0.124312
71.3835 0.122398
71.3907 0.120723
71.3979 0.119133
71.4743 0.126491
71.4815 0.124305
71.4887 0.122392
71.4959 0.120593
71.5031 0.119144
71.5795 0.126501
71.5867 0.124313
71.5939 0.122274
71.6011 0.120615
71.6083 0.119163
71.6847 0.126518
71.6919 0.124203
71.6991 0.122302
71.7062 0.12064
71.7134 0.119185
71.7898 0.126537
71.797 0.124345
72.0146 0.133676
72.0218 0.130467
72.029 0.127659
72.0362 0.125326
72.0434 0.123285
72.1198 0.130125
72.3337 0.138734
72.3409 0.134892
72.3481 0.131656
72.3553 0.128824
72.3625 0.126346
72.3697 0.124178
72.4425 0.12228
72.4497 0.12062
72.4569 0.119043
72.4641 0.117787
72.4713 0.116689
72.4785 0.115728
72.5513 0.114887
72.5585 0.114151
72.5656 0.113507
72.5728 0.112819
72.58 0.112341
72.5872 0.111924
72.66 0.111558
72.6672 0.111238
72.6744 0.110959
72.6816 0.110714
72.6888 0.110375
72.696 0.110203
72.7688 0.109927
72.776 0.109687
72.7832 0.109601
72.7904 0.109526
72.7976 0.10946
72.8048 0.109277
72.8776 0.109243
72.8848 0.109212
72.8956 0.109561
73.1095 0.120866
73.1167 0.119383
73.2183 0.118085
73.2255 0.116949
73.327 0.115955
73.3342 0.115086
73.3414 0.114325
73.3486 0.11366
73.3558 0.112952
73.363 0.112458
73.4358 0.111901
73.443 0.111538
73.4502 0.111221
73.4574 0.110943
73.4646 0.1107
73.4718 0.110363
73.5446 0.110193
73.5518 0.109918
73.559 0.109679
73.5662 0.109594
73.5734 0.10952
73.5806 0.109455
73.6533 0.109398
73.6605 0.109348
73.6677 0.109305
73.6749 0.109142
73.6821 0.109124
73.6893 0.109108
73.7621 0.109095
73.7729 0.109458
73.9869 0.120651
73.9941 0.119194
74.0013 0.11792
74.0085 0.116805
74.0157 0.115829
74.0229 0.114851
74.0956 0.114119
74.1028 0.113354
74.11 0.11281
74.1172 0.112334
74.1244 0.111917
74.1316 0.111553
74.2044 0.111233
74.2116 0.110954
74.2188 0.110585
74.226 0.110387
74.2332 0.110214
74.2404 0.110062
74.3132 0.109929
74.3204 0.109813
74.3276 0.109711
74.3348 0.109497
74.342 0.10931
74.3492 0.109271
74.4219 0.109113
74.4291 0.109098
74.4363 0.109086
74.4435 0.109075
74.4507 0.109066
74.4579 0.108933
74.5307 0.108941
74.5379 0.108823
74.5451 0.108846
74.5523 0.108865
74.5595 0.108882
74.5667 0.108897
74.6395 0.108909
74.6467 0.108921
74.6539 0.108806
74.6611 0.10883
74.6683 0.108851
74.6755 0.10887
74.7482 0.108886
74.7554 0.1089
74.7626 0.108913
74.7698 0.108799
74.777 0.108824
74.7842 0.108846
74.857 0.108865
74.8642 0.108882
74.8714 0.108897
74.8786 0.10891
74.8858 0.108796
74.893 0.108696
74.9658 0.108609
74.973 0.108533
74.9802 0.108592
74.9874 0.108643
74.9946 0.108687
75.0018 0.108726
75.0745 0.108761
75.0817 0.108791
75.0889 0.108692
75.0961 0.10873
75.1033 0.108764
75.1105 0.108793
75.1833 0.108819
75.1905 0.108842
75.1977 0.108862
75.2049 0.108754
75.2121 0.108785
75.2193 0.108812
75.2921 0.108835
75.2993 0.108856
75.3065 0.108874
75.3137 0.10889
75.3209 0.108778
75.3281 0.108806
75.4008 0.108705
75.408 0.108742
75.4152 0.108774
75.4224 0.108803
75.4296 0.108827
75.4368 0.108724
75.5096 0.108758
75.5168 0.108664
75.524 0.108706
75.5312 0.108742
75.5384 0.108775
75.5456 0.108803
75.6184 0.108827
75.6256 0.108849
75.6364 0.109243
75.8503 0.120588
75.8575 0.119139
75.8719 0.117747
75.8791 0.116653
75.8863 0.115697
75.9591 0.11486
75.9663 0.114127
75.9807 0.113486
75.9879 0.1128
76.2163 0.112325
76.3179 0.111785
76.3251 0.111437
76.3322 0.111132
76.3394 0.110866
76.3466 0.110632
76.3538 0.110303
76.423 0.11789
76.4302 0.116779
76.6478 0.127057
76.655 0.124675
76.6622 0.122715
76.6694 0.121001
76.6766 0.119501
76.6838 0.118063
76.691 0.116805
76.7566 0.11583
76.7637 0.114976
76.7709 0.114104
76.7781 0.113466
76.7853 0.112908
76.7925 0.112419
76.7997 0.111992
76.8653 0.111618
76.8725 0.111291
76.8797 0.111004
76.8869 0.110629
76.8941 0.110425
76.9013 0.110247
76.9085 0.110091
76.9741 0.109955
76.9813 0.109835
76.9885 0.109731
76.9957 0.10964
77.0029 0.109435
77.0101 0.10938
77.0173 0.109333
77.0829 0.109166
77.09 0.109145
77.0972 0.109127
77.1044 0.109111
77.322 0.120472
77.474 0.122038
77.5468 0.120284
77.554 0.118748
77.5612 0.11753
77.5684 0.116463
77.5756 0.11553
77.5828 0.114714
77.59 0.113875
77.5972 0.113266
77.6555 0.112732
77.6627 0.112266
77.6699 0.111733
77.6771 0.111391
77.6843 0.111092
77.6951 0.111331
77.9091 0.122414
77.9163 0.120737
77.9235 0.11927
77.9307 0.117987
77.9379 0.116738
77.9451 0.115771
77.9523 0.114925
77.9595 0.114184
78.2282 0.124911
78.2354 0.122922
78.2426 0.121182
78.2498 0.119534
78.257 0.118217
78.2642 0.117065
78.2714 0.116057
78.2786 0.115175
78.3334 0.120278
78.3406 0.118868
78.3478 0.11751
78.355 0.116321
78.3622 0.115406
78.3694 0.114605
78.3766 0.113905
78.3838 0.113166
78.4386 0.118521
78.4458 0.117331
78.453 0.116164
78.4602 0.115269
78.4673 0.114485
78.4745 0.113799
78.4817 0.1132
78.4889 0.11255
78.5437 0.117981
78.5509 0.116733
78.5581 0.115767
78.5653 0.114921
78.5725 0.114181
78.5797 0.113533
78.5869 0.112841
78.5941 0.112361
78.6489 0.117816
78.6561 0.116714
78.6633 0.11575
78.6705 0.114906
78.6777 0.114168
78.6849 0.113397
78.6921 0.112847
78.6993 0.112366
78.7541 0.117946
78.7613 0.116827
78.7685 0.115849
78.7757 0.114993
78.7829 0.114119
78.79 0.113479
78.7972 0.112919
78.8044 0.112429
78.8592 0.118
79.0768 0.128125
79.084 0.12561
79.0912 0.123534
79.0984 0.121717
79.1056 0.120127
79.3232 0.130111
79.3303 0.127472
79.3375 0.125163
79.3447 0.123143
79.3519 0.12125
79.3591 0.119719
79.3663 0.118379
79.3735 0.117207
79.3807 0.116181
79.4283 0.120283
79.4355 0.118873
79.4427 0.117639
79.4499 0.116434
79.4571 0.115505
79.4643 0.114692
79.4715 0.11398
79.4787 0.113358
79.4859 0.112688
79.5335 0.117227
79.5407 0.116199
79.5479 0.115174
79.5551 0.114402
79.5623 0.113727
79.5695 0.113136
79.5767 0.112619
79.5839 0.112042
79.5911 0.111661
79.6387 0.116329
79.6459 0.115288
79.653 0.114502
79.6602 0.113814
79.6674 0.113212
79.6746 0.112686
79.6818 0.1121
79.689 0.111712
79.6962 0.111373
79.7438 0.116077
79.751 0.115192
79.7582 0.114418
79.7654 0.113741
79.7726 0.113148
79.7798 0.112505
79.787 0.112067
79.7942 0.111683
79.8014 0.111348
79.849 0.116054
79.8562 0.115173
79.8634 0.114401
79.8706 0.113726
79.8778 0.11301
79.885 0.112384
79.8922 0.111961
79.8994 0.111591
79.9066 0.111267
79.9542 0.116109
79.9614 0.11522
79.9686 0.114443
79.9757 0.113762
79.9829 0.113042
79.9901 0.112537
79.9973 0.112095
80.0045 0.111708
80.0117 0.111369
80.0593 0.116073
80.0665 0.115189
80.0737 0.114415
80.0809 0.113613
80.2985 0.124412
80.3057 0.122485
80.3129 0.120675
80.3201 0.119215
80.3273 0.117938
80.3345 0.116821
80.3417 0.115843
80.3489 0.114863
80.3561 0.11413
80.3633 0.113489
80.4072 0.112928
80.4144 0.112437
80.4216 0.112007
80.4288 0.111506
80.436 0.111193
80.4432 0.110919
80.4504 0.110679
80.4576 0.110469
80.4648 0.11016
80.472 0.110015
80.516 0.109889
80.5232 0.109777
80.5304 0.10968
80.5376 0.109595
80.5448 0.109396
80.8712 0.121596
80.8784 0.120022
80.8856 0.118644
80.8928 0.117439
80.9 0.116259
80.9072 0.115351
80.9144 0.114557
80.9216 0.113863
80.9287 0.113255
80.9359 0.112598
80.9763 0.116273
80.9835 0.115364
80.9907 0.114569
80.9979 0.113748
81.0051 0.113154
81.0123 0.112635
81.0195 0.11218
81.0267 0.111783
81.0339 0.11131
81.0411 0.111021
81.0815 0.114894
81.0887 0.114157
81.0959 0.113387
81.1031 0.112839
81.1103 0.112359
81.1175 0.111939
81.1247 0.111572
81.1319 0.111125
81.1391 0.11086
81.1463 0.110627
81.1867 0.114549
81.1939 0.11373
81.2011 0.113139
81.2083 0.112622
81.2155 0.112169
81.2227 0.111773
81.2299 0.111301
81.2371 0.111014
81.2443 0.110762
81.2514 0.110542
81.2918 0.114474
81.299 0.11379
81.3062 0.113191
81.3134 0.112667
81.3206 0.112209
81.3278 0.111683
81.335 0.111347
81.3422 0.111054
81.3494 0.110797
81.3566 0.110572
81.397 0.114501
81.4042 0.113813
81.4114 0.113212
81.4186 0.112685
81.4258 0.1121
81.433 0.111587
81.4402 0.111264
81.4474 0.110981
81.4546 0.110733
81.4618 0.110392
81.5022 0.114343
81.5094 0.113675
81.5166 0.11309
81.5238 0.112454
81.531 0.111897
81.5382 0.111535
81.5454 0.111218
81.5526 0.110941
81.5598 0.110698
81.5706 0.110861
81.8249 0.110503
81.9229 0.121566
81.9301 0.119995
81.9373 0.11862
81.9445 0.117418
81.9517 0.116366
81.9589 0.11532
81.9661 0.11453
81.9733 0.113839
81.9805 0.113234
81.9877 0.112705
81.9949 0.112117
82.0317 0.111727
82.0389 0.111261
82.0461 0.110978
82.0533 0.110731
82.0605 0.110515
82.0677 0.110325
82.0748 0.110035
82.082 0.109905
82.0892 0.109792
82.0964 0.109693
82.1036 0.109607
82.1404 0.109531
82.1476 0.109464
82.1548 0.109281
82.162 0.109246
82.1692 0.109215
82.1764 0.109188
82.1836 0.109165
82.1908 0.109019
82.198 0.109017
82.2052 0.109015
82.2124 0.109013
82.2492 0.109011
82.2564 0.10901
82.2636 0.109009
82.2708 0.108883
82.278 0.108772
82.2852 0.108801
82.2924 0.108826
82.2996 0.108847
82.3068 0.108741
82.314 0.108649
82.3212 0.108693
82.358 0.108606
82.3652 0.108655
82.3724 0.108698
82.3796 0.108736
82.3868 0.108769
82.3939 0.108673
82.4011 0.108714
82.4083 0.10875
82.4155 0.108781
82.4227 0.108808
82.4299 0.108707
82.4667 0.108744
82.4739 0.108651
82.4811 0.108695
82.4883 0.108733
82.4955 0.108766
82.5027 0.108795
82.5099 0.108696
82.5171 0.108734
82.5243 0.108767
82.5315 0.108796
82.5387 0.108822
82.5755 0.108844
82.5827 0.108864
82.5899 0.108756
82.5971 0.108786
82.6043 0.108813
82.6115 0.108836
82.6187 0.108857
82.6259 0.10875
82.6331 0.108781
82.6403 0.108808
82.6475 0.108832
82.6843 0.108853
82.6915 0.108872
82.6987 0.108888
82.7059 0.108777
82.7131 0.108805
82.7202 0.108829
82.7274 0.10885
82.7346 0.108869
82.7418 0.10876
82.749 0.10879
82.7562 0.108817
82.793 0.10884
82.8002 0.10886
82.8074 0.108877
82.8146 0.108892
82.8218 0.108781
82.829 0.108808
82.8362 0.108832
82.8434 0.108853
82.8506 0.108872
82.8578 0.108763
82.865 0.108792
82.9018 0.108693
82.909 0.108607
82.9162 0.108656
82.9234 0.108699
82.9306 0.108736
82.9378 0.108644
82.945 0.108564
82.9522 0.108618
82.9594 0.108666
82.9666 0.108708
82.9738 0.108619
83.0178 0.108667
83.025 0.108584
83.0322 0.108636
83.0394 0.108681
83.0465 0.108721
83.0537 0.108756
83.0609 0.108661
83.0681 0.108704
83.0753 0.108741
83.0825 0.108773
83.1265 0.108802
83.1337 0.108826
83.1409 0.108723
83.1481 0.108758
83.1553 0.108788
83.1625 0.108814
83.1697 0.108838
83.1769 0.108733
83.1841 0.108766
83.1913 0.108796
83.1985 0.108821
83.2353 0.108843
83.2425 0.108863
83.2497 0.10888
83.2569 0.10877
83.2641 0.108799
83.2713 0.108824
83.2785 0.108846
83.2929 0.10974
83.5104 0.109648
83.5176 0.109567
83.5248 0.109371
83.532 0.109325
83.7496 0.120534
83.7568 0.118967
83.764 0.117596
83.7712 0.116522
83.7784 0.115582
83.7856 0.114759
83.7928 0.113914
83.8 0.113175
83.8108 0.113028
84.0247 0.123774
84.0319 0.121803
84.0391 0.120202
84.0463 0.118802
84.0535 0.117577
84.0607 0.116505
84.3835 0.126942
84.3942 0.124699
84.4014 0.122737
84.4086 0.121019
84.423 0.119517
84.4302 0.118202
84.4374 0.117052
84.4446 0.116046
84.4518 0.11504
84.459 0.114285
84.4662 0.113624
84.4922 0.113046
84.503 0.11254
84.5102 0.112098
84.5174 0.111711
84.539 0.111247
84.5462 0.110966
84.5534 0.11072
84.5606 0.110505
84.5678 0.110192
84.575 0.109918
84.5822 0.109803
84.601 0.109703
84.6118 0.10949
84.619 0.109304
84.6262 0.109266
84.6478 0.109233
84.655 0.109078
84.6622 0.109069
84.6693 0.10906
84.6765 0.109053
84.6837 0.109046
84.6909 0.108915
84.6981 0.108926
84.7098 0.10881
84.7205 0.108834
84.7277 0.108855
84.7349 0.108748
84.7565 0.108779
84.7673 0.109307
84.9813 0.120644
84.9885 0.119188
84.9957 0.117915
85.0029 0.116675
85.0101 0.115716
85.0173 0.114876
85.0245 0.114142
85.0317 0.113499
85.0389 0.112812
85.0461 0.112335
85.0533 0.111918
85.0605 0.111554
85.1584 0.122609
85.1692 0.120908
85.2672 0.11942
85.278 0.117992
85.376 0.116743
85.3832 0.115775
85.5351 0.118053
85.6079 0.116797
85.6151 0.115822
85.6223 0.114969
85.6295 0.114223
85.6367 0.11357
85.6439 0.112874
85.6511 0.11239
85.6583 0.111966
85.6655 0.111595
85.6727 0.111271
85.6799 0.110862
85.6871 0.110629
85.6943 0.110426
85.7167 0.110247
85.7239 0.109966
85.7311 0.109846
85.7383 0.10974
85.7455 0.109647
85.7527 0.109567
85.7599 0.109371
85.7671 0.109324
85.7743 0.109284
85.7815 0.109248
85.7887 0.109217
85.7959 0.109065
85.8031 0.109057
85.8255 0.10905
85.8326 0.109044
85.8398 0.108913
85.847 0.108924
85.8542 0.108934
85.8614 0.108942
85.8686 0.108949
85.8758 0.10883
85.883 0.108852
85.8902 0.10887
85.8974 0.108886
85.9046 0.108901
85.9118 0.108788
85.9342 0.108815
85.9414 0.108838
85.9486 0.108858
85.9558 0.108751
85.963 0.108782
86.1806 0.120059
86.1878 0.118552
86.195 0.117233
86.2022 0.116204
86.2094 0.115303
86.2166 0.114515
86.2238 0.113826
86.231 0.113098
86.2382 0.112585
86.2453 0.112137
86.2525 0.111745
86.2597 0.111402
86.2669 0.110977
86.2857 0.112105
86.2929 0.111592
86.3001 0.111268
86.3073 0.110984
86.3145 0.110736
86.3217 0.110519
86.3289 0.110204
86.3361 0.110054
86.3433 0.109922
86.3505 0.109807
86.3577 0.109706
86.3649 0.109493
86.3721 0.109431
86.3909 0.110752
86.3981 0.110533
86.4053 0.110342
86.4125 0.110174
86.4197 0.110027
86.4269 0.109774
86.4341 0.109677
86.4413 0.109592
86.4485 0.109518
86.4557 0.109454
86.4629 0.109272
86.4701 0.109238
86.4773 0.109208
86.4961 0.110682
86.5033 0.110472
86.5105 0.110288
86.5177 0.110127
86.5249 0.109861
86.5321 0.109753
86.5393 0.109659
86.5465 0.109577
86.5537 0.109505
86.5609 0.109317
86.568 0.109277
86.5752 0.109242
86.5824 0.109212
86.6012 0.110686
86.6084 0.110475
86.6156 0.110291
86.6228 0.110004
86.63 0.109879
86.6372 0.109769
86.6444 0.109673
86.6516 0.109589
86.6588 0.10939
86.666 0.109341
86.6732 0.109299
86.6804 0.109261
86.6876 0.109229
86.7064 0.110575
86.7136 0.110378
86.7208 0.110081
86.728 0.109946
86.7352 0.109828
86.7424 0.109724
86.7496 0.109634
86.7568 0.109429
86.764 0.109251
86.7712 0.109219
86.7784 0.109192
86.7856 0.109168
86.7928 0.109022
86.8116 0.110394
86.8188 0.110095
86.826 0.109833
86.8332 0.109729
86.8404 0.109638
86.8476 0.109558
86.8548 0.109488
86.862 0.109302
86.8692 0.109265
86.8764 0.109231
86.8836 0.109203
86.8908 0.109177
86.8979 0.10903
86.9167 0.110401
86.9239 0.110101
86.9311 0.109963
86.9383 0.109843
86.9455 0.109738
86.9527 0.109645
86.9599 0.10944
86.9671 0.109385
86.9743 0.109337
86.9815 0.109295
86.9887 0.109258
86.9959 0.109101
87.0031 0.109088
87.0219 0.110452
87.0291 0.11027
87.0363 0.110112
87.0435 0.109973
87.0507 0.109851
87.0615 0.11012
87.2863 0.10998
87.2935 0.109857
87.3007 0.10975
87.3914 0.109656
87.3986 0.109574
87.4058 0.109378
87.413 0.10933
87.4202 0.109289
87.4274 0.109253
87.4346 0.109221
87.4418 0.109069
87.449 0.10906
87.4562 0.109053
87.4634 0.109046
87.4706 0.10904
87.4778 0.10891
87.4966 0.110296
87.5038 0.110009
87.511 0.109758
87.5182 0.109663
87.5254 0.10958
87.5326 0.109508
87.5398 0.109319
87.547 0.109155
87.5542 0.109135
87.5614 0.109118
87.5686 0.109104
87.5758 0.108966
87.583 0.108845
87.6018 0.110239
87.609 0.109959
87.6162 0.109839
87.6234 0.109735
87.6306 0.109643
87.6378 0.109562
87.645 0.109367
87.6521 0.109321
87.6593 0.109281
87.6665 0.109246
87.6737 0.109215
87.6809 0.109063
87.6881 0.109055
87.7069 0.110423
87.7141 0.110246
87.7213 0.11009
87.7285 0.109954
87.7357 0.109834
87.7429 0.109605
87.7501 0.109529
87.7573 0.109463
87.7645 0.109405
87.7717 0.109355
87.7789 0.109185
87.7861 0.109162
87.7933 0.109142
87.8121 0.110624
87.8193 0.110421
87.8265 0.110244
87.8337 0.110088
87.8409 0.109827
87.8481 0.109724
87.8553 0.109633
87.8625 0.109554
87.8697 0.109485
87.8769 0.109299
87.8841 0.109262
87.8913 0.109229
87.8985 0.1092
87.9173 0.110675
87.9245 0.110466
87.9317 0.110283
87.9389 0.109997
87.9461 0.109873
87.9533 0.109764
87.9605 0.109668
87.9677 0.109585
87.9749 0.109387
87.982 0.109338
87.9892 0.109296
87.9964 0.109259
88.0036 0.109227
88.0224 0.110573
88.0296 0.110377
88.0368 0.11008
88.044 0.109945
88.0512 0.109827
88.0584 0.109723
88.0656 0.109633
88.0728 0.109429
88.08 0.109375
88.0872 0.109328
88.0944 0.109287
88.1016 0.109251
88.1088 0.109095
88.1276 0.110458
88.1348 0.110151
88.142 0.110007
88.1492 0.109881
88.1564 0.109771
88.1636 0.109675
88.1708 0.109465
88.178 0.109282
88.1852 0.109247
88.1924 0.109216
88.1996 0.109189
88.2068 0.10904
88.214 0.10891
88.2328 0.110297
88.24 0.110009
88.2472 0.109883
88.2544 0.109773
88.2616 0.109676
88.2688 0.109592
88.276 0.109393
88.4935 0.120719
88.5007 0.119254
88.5115 0.118347
88.7255 0.128554
88.7327 0.126109
88.7399 0.123846
88.7471 0.12199
88.7579 0.120741
88.9718 0.130524
88.979 0.127833
88.9862 0.125479
88.9934 0.123419
89.0006 0.121617
89.0078 0.119915
89.015 0.11855
89.0222 0.117357
89.0294 0.116312
89.0366 0.115398
89.0438 0.114473
89.051 0.113789
89.0582 0.11319
89.0654 0.112667
89.0806 0.112208
89.0878 0.111682
89.095 0.111347
89.1022 0.111054
89.1094 0.110797
89.1166 0.110572
89.1238 0.110251
89.131 0.109969
89.1382 0.109848
89.1454 0.109742
89.1526 0.109649
89.1598 0.109443
89.167 0.109263
89.1742 0.10923
89.1894 0.109201
89.1966 0.109176
89.2038 0.109029
89.211 0.1089
89.2182 0.108913
89.2254 0.108924
89.2326 0.108933
89.2398 0.108942
89.247 0.108824
89.2541 0.108846
89.2613 0.108865
89.2722 0.109382
89.4861 0.120709
89.4933 0.119246
89.5005 0.117965
89.5077 0.116844
89.5149 0.115739
89.5221 0.114896
89.5293 0.114159
89.5365 0.113514
89.5437 0.11295
89.5509 0.112331
89.5581 0.111915
89.5653 0.111551
89.5725 0.111232
89.5797 0.110953
89.5949 0.110584
89.6021 0.110386
89.6093 0.110213
89.6165 0.110061
89.8412 0.109928
89.8448 0.109687
89.852 0.109601
89.8592 0.109526
89.8664 0.10946
89.8736 0.109403
89.8808 0.109228
89.888 0.109199
89.8952 0.109174
89.9024 0.109152
89.9096 0.109133
89.9168 0.108992
89.9428 0.108868
89.95 0.108884
89.9572 0.108899
89.9644 0.108911
89.9716 0.108922
89.9788 0.108807
89.986 0.108706
89.9932 0.108743
90.0004 0.108775
90.0076 0.108803
90.0148 0.108703
90.022 0.108615
90.0292 0.108663
90.0364 0.108705
90.048 0.109242
90.0552 0.109212
90.0624 0.109185
90.0696 0.109162
90.0768 0.109017
90.084 0.10889
90.0912 0.108904
90.0984 0.108916
90.1056 0.108926
90.1128 0.108935
90.12 0.108818
90.1272 0.108841
90.1343 0.108861
90.1415 0.108878
90.1603 0.108894
90.1675 0.108907
90.1747 0.108919
90.1819 0.108804
90.1891 0.108828
90.1963 0.10885
90.2035 0.108868
90.2143 0.109385
90.4355 0.109337
90.4391 0.109295
90.4463 0.109258
90.4535 0.109226
90.4607 0.109197
90.5335 0.117298
90.5407 0.116261
90.5479 0.115228
90.5551 0.114449
90.5622 0.113768
90.5694 0.113172
90.5766 0.112651
90.5838 0.112069
90.591 0.111686
90.5982 0.11135
90.6054 0.111056
90.6126 0.110799
90.6198 0.110449
90.627 0.110268
90.6386 0.11061
90.8562 0.121783
90.8634 0.120185
90.8706 0.118787
90.8778 0.117439
90.885 0.116259
90.8922 0.115352
90.8994 0.114558
90.9102 0.114363
91.135 0.113568
91.2329 0.124247
91.2401 0.122341
91.2473 0.120673
91.2581 0.119714
91.4721 0.12975
91.4793 0.127156
91.4865 0.124887
91.5009 0.123776
91.7256 0.121929
91.8236 0.131563
91.8308 0.128617
91.838 0.12604
91.8452 0.12391
91.8524 0.122046
91.8596 0.120416
91.8668 0.118864
91.874 0.117506
91.8812 0.116442
91.8884 0.115512
91.8956 0.114698
91.9028 0.113861
91.91 0.113128
91.9172 0.112612
91.9244 0.112161
91.9316 0.111766
91.9388 0.11142
91.946 0.110992
91.9532 0.110743
91.9603 0.110525
91.9675 0.110335
91.9747 0.110168
91.9819 0.109897
91.9891 0.109785
91.9963 0.109687
92.0035 0.109601
92.0107 0.109526
92.0179 0.109335
92.0251 0.109293
92.0359 0.109632
92.2571 0.109553
92.2607 0.109484
92.2679 0.109298
92.2751 0.109261
92.2823 0.109228
92.2895 0.1092
92.2967 0.109175
92.3039 0.109028
92.3551 0.114524
92.3623 0.113834
92.3695 0.11323
92.3767 0.112701
92.3839 0.112113
92.3911 0.111724
92.3983 0.111384
92.4055 0.111086
92.4126 0.110825
92.4198 0.110472
92.427 0.110288
92.4342 0.110127
92.4414 0.109986
92.4486 0.109863
92.4558 0.10963
92.463 0.109551
92.4702 0.109482
92.4774 0.109422
92.4846 0.109369
92.4918 0.109198
92.499 0.109173
92.5062 0.109152
92.5134 0.109133
92.5206 0.109116
92.5278 0.108977
92.535 0.10898
92.5422 0.108982
92.5494 0.108984
92.5566 0.108986
92.5638 0.108863
92.571 0.108755
92.5854 0.108786
92.5962 0.109313
92.8101 0.120648
92.8173 0.119192
92.8317 0.117918
92.8389 0.116679
92.8461 0.115719
92.8533 0.114879
93.0798 0.113894
93.0853 0.113282
93.0925 0.112747
93.0997 0.112279
93.1796 0.120869
93.1868 0.11926
93.194 0.117978
93.4144 0.128605
93.4216 0.126155
93.4288 0.123885
93.436 0.1219
93.4432 0.120287
93.4504 0.118876
93.4576 0.117642
93.4648 0.116562
93.472 0.115491
93.4792 0.11468
93.4864 0.11397
93.4935 0.113349
93.5007 0.112805
93.5079 0.112204
93.5151 0.111804
93.5223 0.111453
93.5295 0.111147
93.5439 0.110753
93.5511 0.110534
93.5583 0.110342
93.5655 0.110175
93.5763 0.110528
93.7903 0.121712
93.7975 0.120123
93.8047 0.118733
93.8119 0.117391
93.8191 0.116342
93.8263 0.115424
93.8335 0.114621
93.8406 0.113919
93.8478 0.113179
93.855 0.112656
93.8622 0.112199
93.8694 0.111799
93.8766 0.11145
93.8838 0.111018
93.891 0.110766
93.9054 0.110545
93.9126 0.110352
93.9198 0.110058
93.927 0.109926
93.9342 0.10981
93.9414 0.109709
93.9486 0.10962
93.9558 0.109418
93.963 0.109365
93.9702 0.10932
93.9774 0.10928
94.203 0.108995
94.2094 0.108995
94.2166 0.108996
94.2238 0.108997
94.2309 0.108872
94.2381 0.108888
94.2453 0.108902
94.2525 0.108914
94.3073 0.108925
94.3145 0.108934
94.3217 0.108943
94.3289 0.108825
94.3361 0.108847
94.3433 0.108866
94.3505 0.108883
94.3577 0.108897
94.3649 0.108785
94.3721 0.108812
94.3793 0.108835
94.3865 0.108856
94.3937 0.108874
94.4009 0.108765
94.4081 0.108794
94.4153 0.10882
94.4225 0.108842
94.4297 0.108862
94.4369 0.108754
94.4441 0.108785
94.4513 0.108812
94.4585 0.108835
94.4657 0.108856
94.4729 0.108749
94.4801 0.10878
94.4873 0.108808
94.4945 0.108832
94.5017 0.108853
94.7265 0.108496
94.7328 0.108434
94.74 0.108505
94.7472 0.108567
94.7544 0.108621
94.8272 0.116918
94.8344 0.115929
94.8416 0.115062
94.8488 0.11418
94.856 0.113407
94.8632 0.112856
94.8704 0.112374
94.8776 0.111952
94.8848 0.111583
94.892 0.111135
94.8991 0.110869
94.9063 0.110635
94.9135 0.110431
94.9207 0.110252
94.9279 0.10997
94.9351 0.109849
94.9423 0.109743
94.9495 0.10965
94.9567 0.109569
94.9639 0.109373
94.9711 0.109326
94.9783 0.109285
94.9855 0.10925
94.9927 0.109218
94.9999 0.109066
95.0071 0.109058
95.0143 0.109051
95.0215 0.109044
95.0287 0.109039
95.0359 0.108909
95.0431 0.10892
95.0503 0.10893
95.0575 0.108939
95.0647 0.108947
95.0719 0.108828
95.0827 0.109225
95.2958 0.120447
95.303 0.119016
95.3102 0.117764
95.3174 0.116668
95.3246 0.11571
95.3318 0.114746
95.339 0.114028
95.3462 0.113399
95.3606 0.112849
95.3678 0.112243
95.375 0.111713
95.3822 0.111374
95.3894 0.111077
95.3966 0.110817
95.4038 0.110465
95.411 0.110157
95.4182 0.110012
95.4254 0.109886
95.4326 0.109775
95.4398 0.109678
95.447 0.109468
95.4542 0.10941
95.4614 0.109359
95.4694 0.109314
95.4766 0.109275
95.4838 0.10924
95.491 0.109085
95.4982 0.109075
95.5053 0.109065
95.5125 0.109057
95.5197 0.10905
95.5269 0.108919
95.5341 0.108929
95.5413 0.108938
95.5485 0.108946
95.5557 0.108952
95.5629 0.108833
95.5701 0.108854
95.5773 0.108872
95.5845 0.108888
95.7473 0.113527
95.8121 0.112961
95.8193 0.112466
95.8265 0.112033
95.8336 0.111654
95.8408 0.111197
95.848 0.110922
95.8552 0.110682
95.8624 0.110472
95.8696 0.110288
95.8768 0.110002
95.884 0.109877
95.8912 0.109767
95.8984 0.109671
95.9056 0.109587
95.9128 0.109389
95.92 0.10934
95.9272 0.109298
95.9344 0.109261
96.1547 0.120478
96.1619 0.118918
96.1691 0.117678
96.1763 0.116594
96.1835 0.115644
96.1907 0.114814
96.1979 0.113962
96.2051 0.113342
96.2123 0.112799
96.2195 0.112324
96.2267 0.111909
96.2339 0.11142
96.2411 0.111118
96.2483 0.110853
96.2555 0.110621
96.2627 0.110419
96.2699 0.110116
96.2771 0.109977
96.2843 0.109855
96.2915 0.109748
96.2987 0.109654
96.3059 0.109448
96.3131 0.109392
96.3203 0.109343
96.3275 0.1093
96.3347 0.109262
96.3419 0.109105
96.3491 0.109091
96.3563 0.10908
96.3635 0.10907
96.3707 0.109061
96.3779 0.108929
96.3851 0.108938
96.3923 0.108945
96.3995 0.108952
96.4067 0.108958
96.4139 0.108838
96.421 0.108859
96.4282 0.108876
96.4354 0.108892
96.4426 0.108905
96.4498 0.108792
96.457 0.108818
96.4642 0.108841
96.4714 0.108861
96.4786 0.108878
96.4858 0.108768
96.4966 0.109172
96.7098 0.120401
96.717 0.118851
96.7242 0.117619
96.7314 0.116542
96.7386 0.115599
96.7457 0.114774
96.7529 0.113928
96.7601 0.113312
96.7673 0.112773
96.7745 0.112301
