0.114139 690
0.117738 1380
0.121336 2070
0.124935 2760
0.128534 3450
0.132132 4140
0.135731 4830
0.13933 5520
0.142928 6210
0.146527 6900
0.219108 6210
0.219108 6900
0.222706 7590
0.226294 6210
0.226305 6900
0.229903 7590
0.233491 6210
0.233502 6900
0.237101 7590
0.240689 6210
0.240699 6900
0.244298 7590
0.247886 6210
0.247897 6900
0.251495 7590
0.255094 8280
0.258692 8970
0.262291 9660
0.26589 10350
0.269488 11040
0.273087 11730
0.276685 12420
0.280284 13110
0.331262 10350
0.331262 11040
0.334861 11730
0.33846 12420
0.33846 11040
0.342058 11730
0.345657 12420
0.345657 11040
0.349256 11730
0.352854 12420
0.352864 11730
0.356453 12420
0.356462 11730
0.360051 12420
0.360061 11040
0.360061 11730
0.36365 12420
0.36366 11730
0.367258 11040
0.370857 10350
0.374455 9660
0.378054 8970
0.381653 8280
0.385251 7590
0.43623 6900
0.439828 6210
0.443427 5520
0.447025 4830
0.450624 4140
0.454223 3450
0.457821 2760
0.46142 2070
0.46142 2760
0.465019 2070
0.465019 2760
0.465604 2070
0.468617 2760
0.472216 3450
0.475814 4140
0.479413 4830
0.483012 5520
0.48661 6210
0.490209 6900
0.493808 7590
0.497406 8280
0.501005 8970
0.504603 9660
0.508202 10350
0.511801 11040
0.515399 11730
0.518998 12420
0.522596 13110
0.566378 11730
0.566378 12420
0.569976 13110
0.573575 11730
0.573575 12420
0.577173 13110
0.580772 11730
0.580772 12420
0.584371 13110
0.587969 11730
0.587969 12420
0.591568 13110
0.595166 11730
0.595166 12420
0.598765 13110
0.602364 11730
0.602364 12420
0.605962 13110
0.609561 11730
0.609561 12420
0.61316 13110
0.623955 10350
0.623955 11040
0.627554 11730
0.631153 12420
0.634751 13110
0.671335 11730
0.671335 12420
0.674934 13110
0.678532 11730
0.678532 12420
0.682131 13110
0.68573 11730
0.68573 12420
0.689328 13110
0.692927 11730
0.692927 12420
0.696525 13110
0.700134 12420
0.700134 13110
0.703732 12420
0.703732 13110
0.707331 11730
0.707331 12420
0.71093 13110
0.71093 12420
0.714528 11730
0.718127 11040
0.728923 10350
0.732521 9660
0.73612 8970
0.739718 8280
0.776302 7590
0.779901 6900
0.7835 6210
0.787098 5520
0.790697 4830
0.794295 4140
0.797894 3450
0.801493 2760
0.805101 2070
0.805101 2760
0.8087 2070
0.8087 2760
0.812289 2070
0.812298 2760
0.815897 3450
0.819495 4140
0.823094 4830
0.826693 5520
0.830291 6210
0.83389 6900
0.837488 7590
0.841087 8280
0.844686 8970
0.848284 9660
0.851883 10350
0.855482 11040
0.85908 11730
0.862679 12420
0.866277 13110
0.869876 13800
0.910058 12420
0.910058 13110
0.913657 13800
0.917256 12420
0.917256 13110
0.920854 13800
0.924453 12420
0.924453 13110
0.928052 13800
0.935258 13110
0.935258 13800
0.935258 13110
0.938857 13800
0.942465 13110
0.942465 13800
0.946064 12420
0.946064 13110
0.949662 13800
0.949662 12420
0.953261 13110
0.953261 12420
0.95686 11730
0.960458 11040
0.964057 10350
0.967656 9660
0.974862 8970
1.01504 8280
1.01864 6900
1.02224 6210
1.02584 5520
1.02944 4830
1.03304 4140
1.04024 3450
1.04745 2070
1.04745 2760
1.05104 2070
1.05105 2760
1.05464 2070
1.05465 2760
1.05823 2070
1.05825 2760
1.06185 3450
1.06544 4140
1.06904 4830
1.07264 5520
1.07624 6210
1.07984 6900
1.08344 7590
1.15241 6900
1.15241 7590
1.15601 8280
1.15961 8970
1.15961 7590
1.16321 8280
1.1668 8970
1.1668 7590
1.1704 8280
1.174 8970
1.174 7590
1.1776 8280
1.1812 8970
1.1812 7590
1.1848 8280
1.1884 8970
1.1884 7590
1.19199 8280
1.19559 8970
1.19919 9660
1.20279 10350
1.20639 11040
1.20999 11730
1.21359 12420
1.21718 13110
1.22078 13800
1.22438 14490
1.26097 13110
1.26097 13800
1.26456 14490
1.26816 13110
1.26816 13800
1.27176 14490
1.27536 13110
1.27536 13800
1.27896 14490
1.28256 13110
1.28256 13800
1.28616 14490
1.28975 13110
1.28975 13800
1.29335 14490
1.29695 13110
1.29695 13800
1.30055 14490
1.30415 13110
1.30415 13800
1.30775 14490
1.31135 13110
1.31135 13800
1.31494 14490
1.31854 13110
1.31854 13800
1.32214 14490
1.32574 13110
1.32574 13800
1.32934 14490
1.36592 13110
1.36592 13800
1.36952 14490
1.37312 13110
1.37312 13800
1.37672 14490
1.38393 13800
1.38393 14490
1.38393 13800
1.38752 14490
1.38752 13800
1.39112 14490
1.39112 13110
1.39472 13800
1.39472 13110
1.39832 13800
1.39832 13110
1.40192 12420
1.40552 11730
1.40912 11040
1.41271 10350
1.41992 9660
1.42352 8970
1.42712 7590
1.43072 6900
1.43432 6210
1.4709 5520
1.4745 4830
1.4781 4140
1.4817 3450
1.4889 2760
1.4925 2070
1.4925 2760
1.4961 2070
1.4961 2760
1.49969 2070
1.4997 2760
1.50329 2070
1.5033 2760
1.5069 3450
1.51049 4140
1.51409 4830
1.51769 5520
1.52129 6210
1.52489 6900
1.59746 6210
1.59746 6900
1.60106 7590
1.60466 8280
1.60525 7590
1.60825 8280
1.60826 7590
1.61185 8280
1.61186 6900
1.61186 7590
1.61545 8280
1.61546 7590
1.61906 6900
1.62266 6210
1.62626 5520
1.62986 4830
1.70243 4140
1.70602 3450
1.70962 2760
1.71322 2070
1.71322 2760
1.71682 2070
1.71682 2760
1.71741 2070
1.72042 2760
1.72402 3450
1.72762 4140
1.73121 4830
1.73481 5520
1.73841 6210
1.74201 6900
1.74561 7590
1.74921 8280
1.75281 8970
1.75641 9660
1.76 10350
1.7636 11040
1.7672 11730
1.7708 12420
1.7744 13110
1.778 13800
1.7816 14490
1.81818 13110
1.81818 13800
1.82178 14490
1.82538 13110
1.82538 13800
1.82898 14490
1.83257 13110
1.83257 13800
1.83617 14490
1.83977 13110
1.83977 13800
1.84337 14490
1.84697 13110
1.84697 13800
1.85057 14490
1.85417 13110
1.85417 13800
1.85776 14490
1.86136 13110
1.86136 13800
1.86496 14490
1.86856 13110
1.86856 13800
1.87216 14490
1.87576 13110
1.87576 13800
1.87936 14490
1.88295 13110
1.88295 13800
1.88655 14490
1.92314 13110
1.92314 13800
1.92674 14490
1.93033 13110
1.93033 13800
1.93393 14490
1.93753 13110
1.93753 13800
1.94113 14490
1.94473 13110
1.94473 13800
1.94833 14490
1.95193 13110
1.95193 13800
1.95552 14490
1.95912 13110
1.95912 13800
1.96272 14490
1.96632 13110
1.96632 13800
1.96992 14490
1.97352 13110
1.97352 13800
1.97712 14490
1.98071 13110
1.98071 13800
1.98431 14490
1.98791 13110
1.98791 13800
1.99151 14490
2.02809 13110
2.02809 13800
2.03169 14490
2.03529 13110
2.03529 13800
2.03889 14490
2.0461 13800
2.0461 14490
2.0461 13800
2.0497 14490
2.0497 13800
2.05329 14490
2.05689 12420
2.05689 13110
2.06049 13800
2.06049 13110
2.06409 13800
2.06409 13110
2.06769 12420
2.07129 11730
2.07489 11040
2.07848 10350
2.08208 9660
2.08568 8970
2.08928 8280
2.09288 7590
2.09648 6900
2.13306 6210
2.13666 5520
2.14026 4830
2.14386 4140
2.15106 3450
2.15466 2760
2.16185 2070
2.16545 2760
2.16906 2070
2.16906 2760
2.26681 2070
2.26681 2760
2.27041 3450
2.27401 4140
2.27402 2760
2.2776 3450
2.2812 4140
2.2848 4830
2.2884 5520
2.292 6210
2.2956 6900
2.2992 7590
2.30279 8280
2.30639 8970
2.30999 9660
2.31359 10350
2.31719 11040
2.32079 11730
2.32439 12420
2.32798 13110
2.33158 13800
2.33518 14490
2.37536 13110
2.37536 13800
2.37896 14490
2.38256 13110
2.38256 13800
2.38616 14490
2.38976 13110
2.38976 13800
2.39336 14490
2.39696 13110
2.39696 13800
2.40055 14490
2.40415 13110
2.40415 13800
2.40775 14490
2.41135 13110
2.41135 13800
2.41495 14490
2.41855 13110
2.41855 13800
2.42215 14490
2.42575 13110
2.42575 13800
2.42934 14490
2.43294 13110
2.43294 13800
2.43654 14490
2.44014 13110
2.44014 13800
2.44374 14490
2.48392 13110
2.48392 13800
2.48752 14490
2.49112 13110
2.49112 13800
2.49472 14490
2.49832 13110
2.49832 13800
2.50191 14490
2.50551 13110
2.50551 13800
2.50911 14490
2.51271 13110
2.51271 13800
2.51631 14490
2.51991 13110
2.51991 13800
2.52351 14490
2.5271 13110
2.5271 13800
2.5307 14490
2.5343 13110
2.5343 13800
2.5379 14490
2.5415 13110
2.5415 13800
2.5451 14490
2.58889 13110
2.58889 13800
2.58889 13110
2.59249 13800
2.59249 13110
2.59609 13800
2.59609 12420
2.59968 13110
2.59968 12420
2.60328 13110
2.60328 12420
2.60688 11730
2.61048 11040
2.61408 10350
2.62129 9660
2.62488 8970
2.62848 7590
2.63208 6900
2.63568 6210
2.63928 5520
2.64288 4830
2.64648 4140
2.65007 3450
2.69386 2760
2.69746 2070
2.69746 2760
2.70106 2070
2.70106 2760
2.70465 2070
2.70466 2760
2.70825 2070
2.70826 2760
2.71186 3450
2.71546 4140
2.71906 4830
2.72265 5520
2.72625 6210
2.80242 5520
2.80242 6210
2.80602 6900
2.80961 6210
2.80962 6900
2.81322 7590
2.81322 6210
2.81682 6900
2.82041 7590
2.82041 6210
2.82401 6900
2.82761 7590
2.82761 6210
2.83121 6900
2.83481 7590
2.83841 8280
2.84201 8970
2.8456 9660
2.8492 10350
2.8528 11040
2.8564 11730
2.86 12420
2.8636 13110
2.8672 13800
2.87079 14490
2.91099 13800
2.91099 14490
2.91099 13800
2.91459 14490
2.91459 13800
2.91818 14490
2.91818 13110
2.92178 13800
2.92178 13110
2.92538 13800
2.92538 13110
2.92898 12420
2.93258 11730
2.93618 11040
2.93978 10350
2.94337 9660
2.94697 8970
2.95057 8280
2.95417 7590
2.95777 6900
2.96497 5520
2.96497 6210
2.96856 5520
2.97216 4830
2.97576 4140
3.01595 3450
3.01955 2760
3.02315 2070
3.02315 2760
3.02734 2070
3.02734 2760
3.03093 3450
3.03453 4140
3.03813 4830
3.04173 5520
3.04533 6210
3.04893 6900
3.05253 7590
3.05612 8280
3.05972 8970
3.06332 9660
3.06692 10350
3.06993 9660
3.07052 10350
3.07412 11040
3.07772 11730
3.08131 12420
3.08491 13110
3.08851 13800
3.09211 14490
3.12812 13800
3.12812 14490
3.1323 13110
3.1323 13800
3.1359 14490
3.1359 13800
3.1395 13110
3.1431 12420
3.1467 11730
3.1503 11040
3.15389 10350
3.15749 9660
3.16109 8970
3.16469 8280
3.16829 7590
3.17189 6900
3.17549 6210
3.18269 5520
3.18629 4830
3.18989 3450
3.19349 2760
3.19709 2070
3.19709 2760
3.2331 2070
3.2331 2760
3.23727 2070
3.24087 2760
3.24087 2070
3.24447 2760
3.24807 3450
3.25166 4140
3.25526 4830
3.25886 5520
3.26246 6210
3.26606 6900
3.26966 7590
3.27326 8280
3.27685 8970
3.28045 9660
3.28405 10350
3.28765 11040
3.29125 11730
3.30204 11040
3.30204 11730
3.30564 12420
3.30924 13110
3.31284 13800
3.31644 14490
3.32004 15180
3.34223 14490
3.34223 15180
3.34942 13800
3.34942 14490
3.35302 15180
3.35663 14490
3.35663 15180
3.36023 14490
3.36023 15180
3.36383 13800
3.36383 14490
3.36743 15180
3.36743 14490
3.37103 13800
3.37462 13110
3.37822 12420
3.38182 11730
3.38542 11040
3.38902 10350
3.39262 9660
3.39622 8970
3.40701 8280
3.41061 7590
3.41421 6900
3.41781 6210
3.42141 5520
3.42501 4830
3.44719 4140
3.45439 3450
3.45799 2760
3.4616 2070
3.4616 2760
3.4652 2070
3.4652 2760
3.46879 2070
3.4688 2760
3.47239 3450
3.47599 4140
3.47959 4830
3.48319 5520
3.48679 6210
3.49039 6900
3.49399 7590
3.49758 8280
3.50118 8970
3.50478 9660
3.50838 10350
3.51198 11040
3.51558 11730
3.51918 12420
3.52278 13110
3.52637 13800
3.52997 14490
3.53357 15180
3.53717 15870
3.56656 14490
3.56656 15180
3.57015 15870
3.57375 14490
3.57375 15180
3.57735 15870
3.58095 14490
3.58095 15180
3.58455 15870
3.58815 14490
3.58815 15180
3.59175 15870
3.59535 14490
3.59535 15180
3.59894 15870
3.60254 14490
3.60254 15180
3.60614 15870
3.61335 15180
3.61335 15870
3.61335 15180
3.61695 15870
3.61695 15180
3.62055 15870
3.62055 14490
3.62414 15180
3.62414 14490
3.62774 15180
3.62774 14490
3.63134 13800
3.63494 13110
3.63854 12420
3.64214 11730
3.67513 11040
3.67873 10350
3.68233 8970
3.68593 8280
3.68953 7590
3.69312 6900
3.69672 6210
3.70032 5520
3.70392 4830
3.70752 4140
3.71112 3450
3.71832 2760
3.72192 2070
3.72192 2760
3.72552 2070
3.72552 2760
3.72911 2070
3.72912 2760
3.73271 2070
3.73272 2760
3.73632 3450
3.73992 4140
3.74352 4830
3.74711 5520
3.75071 6210
3.75431 6900
3.82688 6210
3.82688 6900
3.83048 7590
3.83407 6900
3.83408 7590
3.83768 8280
3.83768 6900
3.84128 7590
3.84487 8280
3.84487 6900
3.84847 7590
3.85207 8280
3.85207 6900
3.85567 7590
3.85927 8280
3.85927 6900
3.86287 7590
3.86647 8280
3.87006 8970
3.87366 9660
3.87726 10350
3.88086 11040
3.88446 11730
3.88806 12420
3.89166 13110
3.89525 13800
3.89885 14490
3.90245 15180
3.90605 15870
3.93544 14490
3.93544 15180
3.93904 15870
3.94263 14490
3.94263 15180
3.94623 15870
3.94983 14490
3.94983 15180
3.95343 15870
3.95703 14490
3.95703 15180
3.96063 15870
3.96423 14490
3.96423 15180
3.96782 15870
3.97142 14490
3.97142 15180
3.97502 15870
3.97862 14490
3.97862 15180
3.98222 15870
3.98582 14490
3.98582 15180
3.98942 15870
3.99302 14490
3.99302 15180
3.99661 15870
4.00021 14490
4.00021 15180
4.00381 15870
4.00741 14490
4.00741 15180
4.01101 15870
4.04039 14490
4.04039 15180
4.04399 15870
4.04759 14490
4.04759 15180
4.05119 15870
4.05479 14490
4.05479 15180
4.05839 15870
4.06199 14490
4.06199 15180
4.06559 15870
4.06918 14490
4.06918 15180
4.07278 15870
4.07638 14490
4.07638 15180
4.07998 15870
4.08358 14490
4.08358 15180
4.08718 15870
4.09078 14490
4.09078 15180
4.09437 15870
4.09797 14490
4.09797 15180
4.10157 15870
4.10517 14490
4.10517 15180
4.10877 15870
4.11237 14490
4.11237 15180
4.11597 15870
4.14535 14490
4.14535 15180
4.14895 15870
4.15255 14490
4.15255 15180
4.15615 15870
4.15975 14490
4.15975 15180
4.16335 15870
4.16694 14490
4.16694 15180
4.17054 15870
4.17414 14490
4.17414 15180
4.17774 15870
4.18134 14490
4.18134 15180
4.18494 15870
4.18854 14490
4.18854 15180
4.19213 15870
4.19573 14490
4.19573 15180
4.19933 15870
4.20293 14490
4.20293 15180
4.20653 15870
4.21013 14490
4.21013 15180
4.21373 15870
4.21732 14490
4.21732 15180
4.22092 15870
4.25031 14490
4.25031 15180
4.25391 15870
4.26112 15180
4.26112 15870
4.26112 15180
4.26471 15870
4.26471 15180
4.26831 15870
4.26831 14490
4.27191 15180
4.27191 14490
4.27551 15180
4.27551 14490
4.27911 13800
4.28271 13110
4.28631 12420
4.2899 11730
4.2935 11040
4.2971 10350
4.3007 9660
4.3043 8970
4.3079 8280
4.3115 7590
4.31509 6900
4.31869 6210
4.32229 5520
4.32589 4830
4.35888 3450
4.35888 4140
4.36608 3450
4.36968 2760
4.37328 2070
4.37328 2760
4.37687 2070
4.37688 2760
4.38048 3450
4.38408 4140
4.38767 4830
4.39127 5520
4.39487 6210
4.39847 6900
4.40207 7590
4.40567 8280
4.40927 8970
4.41286 9660
4.41646 10350
4.42006 11040
4.42366 11730
4.42726 12420
4.43086 13110
4.43446 13800
4.43806 14490
4.44165 15180
4.44525 15870
4.46383 14490
4.46383 15180
4.46743 15870
4.48184 14490
4.48184 15180
4.48543 15870
4.48903 14490
4.48903 15180
4.49263 15870
4.49623 14490
4.49623 15180
4.49983 15870
4.50343 14490
4.50343 15180
4.50703 15870
4.51063 14490
4.51063 15180
4.51422 15870
4.52502 13110
4.52502 13800
4.52862 14490
4.53222 15180
4.53222 13800
4.53582 14490
4.53941 15180
4.53941 13800
4.54301 14490
4.54661 15180
4.54661 13800
4.55021 14490
4.55381 15180
4.55741 15870
4.56879 14490
4.56879 15180
4.57239 15870
4.58679 14490
4.58679 15180
4.59039 15870
4.59399 14490
4.59399 15180
4.59759 15870
4.60119 14490
4.60119 15180
4.60479 15870
4.60839 14490
4.60839 15180
4.61198 15870
4.61558 14490
4.61558 15180
4.61918 15870
4.62998 14490
4.62998 15180
4.63358 15870
4.63717 14490
4.63717 15180
4.64077 15870
4.64437 14490
4.64437 15180
4.64797 15870
4.65157 14490
4.65157 15180
4.65517 15870
4.65877 14490
4.65877 15180
4.66236 15870
4.67375 14490
4.67375 15180
4.67735 15870
4.69895 13110
4.69895 13800
4.70255 14490
4.70615 15180
4.70615 13800
4.70974 14490
4.71334 15180
4.71334 13800
4.71694 14490
4.72054 15180
4.72054 13800
4.72414 14490
4.72774 15180
4.73134 15870
4.73493 14490
4.73493 15180
4.73853 15870
4.74213 14490
4.74213 15180
4.74573 15870
4.74933 14490
4.74933 15180
4.75293 15870
4.77871 11730
4.77871 12420
4.7823 13110
4.7859 13800
4.7895 14490
4.7931 15180
4.7967 15870
4.80391 14490
4.80391 15180
4.8075 15870
4.8111 14490
4.8111 15180
4.8147 15870
4.81831 15180
4.81831 15870
4.82191 15180
4.82191 15870
4.82551 14490
4.82551 15180
4.82911 15870
4.82911 15180
4.8327 14490
4.8363 13800
4.8399 13110
4.8435 12420
4.8471 11730
4.8507 11040
4.8543 10350
4.85789 9660
4.88367 8970
4.88727 8280
4.89087 7590
4.89447 6900
4.90168 6210
4.90888 5520
4.91248 4140
4.91608 3450
4.91968 2760
4.92329 2070
4.92329 2760
4.92689 2070
4.92689 2760
4.93047 2070
4.93048 2760
4.93407 2070
4.93408 2760
4.93768 3450
4.94128 4140
4.94488 4830
4.94848 5520
4.95208 6210
4.95567 6900
4.95927 7590
4.96287 8280
4.96647 8970
4.97007 9660
4.97367 10350
4.97727 11040
4.98086 11730
4.98446 12420
5.02824 11730
5.02824 12420
5.03184 13110
5.03543 12420
5.03544 13110
5.03904 13800
5.04264 14490
5.04624 15180
5.04624 12420
5.04984 13110
5.05343 13800
5.05343 12420
5.05703 13110
5.06063 13800
5.06063 12420
5.06423 13110
5.06783 13800
5.06783 12420
5.07143 13110
5.07503 13800
5.07503 12420
5.07863 13110
5.08222 13800
5.08222 12420
5.08582 13110
5.08942 13800
5.09302 14490
5.09662 15180
5.10022 15870
5.10382 16560
5.1368 13800
5.1368 14490
5.1404 15180
5.144 15870
5.144 14490
5.1476 15180
5.1512 15870
5.1512 14490
5.15479 15180
5.15839 15870
5.15839 14490
5.16199 15180
5.16559 15870
5.16559 14490
5.16919 15180
5.17279 15870
5.17279 14490
5.17639 15180
5.17998 15870
5.17998 14490
5.18358 15180
5.18718 15870
5.18718 14490
5.19078 15180
5.19438 15870
5.19438 14490
5.19798 15180
5.20158 15870
5.20158 14490
5.20517 15180
5.20877 15870
5.20877 14490
5.21237 15180
5.21597 15870
5.21957 16560
5.24536 15180
5.24536 15870
5.24896 16560
5.25255 15180
5.25255 15870
5.25615 16560
5.25975 15180
5.25975 15870
5.26335 16560
5.26695 15180
5.26695 15870
5.27055 16560
5.27415 15180
5.27415 15870
5.27774 16560
5.28134 15180
5.28134 15870
5.28494 16560
5.28854 15180
5.28854 15870
5.29214 16560
5.29574 15180
5.29574 15870
5.29934 16560
5.30293 15180
5.30293 15870
5.30653 16560
5.31013 15180
5.31013 15870
5.31373 16560
5.31733 15180
5.31733 15870
5.32093 16560
5.32453 15180
5.32453 15870
5.32813 16560
5.35391 15180
5.35391 15870
5.35751 16560
5.36111 15180
5.36111 15870
5.36471 16560
5.36831 15180
5.36831 15870
5.37191 16560
5.37551 15870
5.37551 16560
5.38271 14490
5.38271 15180
5.38631 15870
5.38631 15180
5.38991 15870
5.38991 15180
5.39351 14490
5.40071 13800
5.40431 13110
5.40791 11730
5.41151 11040
5.41872 10350
5.42232 9660
5.42591 8280
5.4589 7590
5.4625 6900
5.4661 4830
5.4661 5520
5.4697 6210
5.4697 5520
5.47329 6210
5.47329 5520
5.47689 6210
5.47689 5520
5.48049 6210
5.4805 5520
5.48409 6210
5.48769 6900
5.4877 6210
5.49129 6900
5.4913 6210
5.49489 6900
5.4949 6210
5.49848 6900
5.50208 7590
5.50568 8280
5.50928 8970
5.51288 9660
5.51648 10350
5.52008 11040
5.52367 11730
5.52727 12420
5.53087 13110
5.53447 13800
5.53807 14490
5.54167 15180
5.54527 15870
5.54887 16560
5.55246 17250
5.55606 17940
5.55966 18630
5.56326 19320
5.56686 20010
5.57046 20700
5.57107 20010
5.57406 20700
5.57466 20010
5.57765 20700
5.57826 20010
5.58125 20700
5.58485 21390
5.58546 20700
5.58845 21390
5.58906 20700
5.59205 21390
5.59266 20700
5.59565 21390
5.59625 20700
5.59925 21390
5.59985 20700
5.60284 21390
5.60345 20700
5.60644 21390
5.61004 22080
5.61065 20700
5.61364 21390
5.61425 20700
5.61724 21390
5.61785 20700
5.62084 21390
5.62444 22080
5.62505 21390
5.62803 22080
5.62865 21390
5.63163 22080
5.63225 20700
5.63523 21390
5.63585 20700
5.63883 21390
5.63945 20700
5.64243 21390
5.64305 20700
5.64603 21390
5.64664 20700
5.64963 21390
5.65024 20700
5.65323 21390
5.65384 20700
5.65682 21390
5.65744 20700
5.66042 21390
5.66402 22080
5.66465 21390
5.66762 22080
5.67122 22770
5.67184 20700
5.67482 21390
5.67544 20700
5.67842 21390
5.67904 20700
5.68201 21390
5.68561 22080
5.6877 0
5.6877 690
5.7546 1380
5.7582 2070
5.7618 2760
5.77978 0
5.77978 690
5.78338 1380
5.78338 690
5.78698 1380
5.78698 690
5.79058 1380
5.79418 2070
5.79778 2760
5.86316 0
5.86316 690
5.86676 1380
5.87036 2070
5.87396 2760
5.97172 1380
5.97172 2070
5.97531 2760
5.97891 1380
5.97891 2070
5.98251 2760
6.08027 1380
6.08027 2070
6.08387 2760
6.08747 1380
6.08747 2070
6.09107 2760
6.18883 1380
6.18883 2070
6.19243 2760
6.19603 1380
6.19603 2070
6.19962 2760
6.29738 1380
6.29738 2070
6.30098 2760
6.30458 1380
6.30458 2070
6.30818 2760
6.40594 1380
6.40594 2070
6.40954 2760
6.41314 1380
6.41314 2070
6.41674 2760
6.5145 1380
6.5145 2070
6.5181 2760
6.52169 1380
6.52169 2070
6.52529 2760
6.62305 1380
6.62305 2070
6.62665 2760
6.63025 1380
6.63025 2070
6.63385 2760
6.73161 1380
6.73161 2070
6.73521 2760
6.73881 1380
6.73881 2070
6.7424 2760
6.84017 1380
6.84017 2070
6.84376 2760
6.84736 1380
6.84736 2070
6.85096 2760
6.94872 1380
6.94872 2070
6.95232 2760
6.95592 1380
6.95592 2070
6.95952 2760
7.05728 1380
7.05728 2070
7.06088 2760
7.06448 1380
7.06448 2070
7.06807 2760
7.16583 1380
7.16583 2070
7.16943 2760
7.17303 1380
7.17303 2070
7.17663 2760
7.27439 1380
7.27439 2070
7.27799 2760
7.28159 1380
7.28159 2070
7.28519 2760
7.38295 1380
7.38295 2070
7.38655 2760
7.39014 1380
7.39014 2070
7.39374 2760
7.4915 1380
7.4915 2070
7.4951 2760
7.4987 1380
7.4987 2070
7.5023 2760
7.60006 1380
7.60006 2070
7.60366 2760
7.60727 2070
7.60727 2760
7.70503 2070
7.70503 2760
7.70862 1380
7.70862 2070
7.71222 2760
7.71223 2070
7.71582 2760
7.80006 0
7.80006 690
7.80999 1380
7.81359 2070
7.81719 2760
7.81719 0
7.82079 690
7.82439 1380
7.82799 2070
7.83158 2760
7.90502 0
7.90502 690
7.90862 1380
7.91221 2070
7.91581 2760
8.10502 0
8.10502 690
8.50502 0
8.50502 690
9.30502 0
9.30502 690
10.905 0
10.905 690
14.105 0
14.105 690
20.505 0
20.505 690
33.305 0
