0.010001 1 0
0.110001 1 0
0.110001 2 0
0.210001 1 0
0.210001 2 0
0.310001 1 0
0.310001 2 0
0.410001 1 0
0.410001 2 0
0.510001 1 0
0.510001 2 0
0.610001 1 0
0.610001 2 0
0.710001 1 0
0.710001 2 0
0.810001 1 0
0.810001 2 0
0.910001 1 0
0.910001 2 0
1.01 1 0
1.01 2 0
1.11 1 0
1.11 2 0
1.21 1 0
1.21 2 0
1.31 1 0
1.31 2 0
1.41 1 0
1.41 2 0
1.51 1 0
1.51 2 0
1.61 1 0
1.61 2 0
1.71 1 0
1.71 2 0
1.81 1 0
1.81 2 0
1.91 1 0
1.91 2 0
2.01 1 0
2.01 2 0
2.11 1 0
2.11 2 0
2.21 1 0
2.21 2 0
2.31 1 0
2.31 2 0
2.41 1 0
2.41 2 0
2.51 1 0
2.51 2 0
2.61 1 0
2.61 2 0
2.71 1 0
2.71 2 0
2.81 1 0
2.81 2 0
2.91 1 0
2.91 2 0
3.01 1 0
3.01 2 0
3.11 1 0
3.11 2 0
3.21 1 0
3.21 2 0
3.31 1 0
3.31 2 0
3.41 1 0
3.41 2 0
3.51 1 0
3.51 2 0
3.61 1 0
3.61 2 0
3.71 1 0
3.71 2 0
3.81 1 0
3.81 2 0
3.91 1 0
3.91 2 0
4.01 1 0
4.01 2 0
4.11 1 0
4.11 2 0
4.21 1 0
4.21 2 0
4.31 1 0
4.31 2 0
4.41 1 0
4.41 2 0
4.51 1 0
4.51 2 0
4.61 1 0
4.61 2 0
4.71 1 0
4.71 2 0
4.81 1 0
4.81 2 0
4.91 1 0
4.91 2 0
5.01 1 0
5.01 2 0
5.11 1 0
5.11 2 0
5.21 1 0
5.21 2 0
5.31 1 0
5.31 2 0
5.41 1 0
5.41 2 0
5.51 1 0
5.51 2 0
5.61 1 0
5.61 2 0
5.71 1 0
5.71 2 0
5.81 1 0
5.81 2 0
5.91 1 0
5.91 2 0
6.01 1 0
6.01 2 0
6.11 1 0
6.11 2 0
6.21 1 0
6.21 2 0
6.31 1 0
6.31 2 0
6.41 1 0
6.41 2 0
6.51 1 0
6.51 2 0
6.61 1 0
6.61 2 0
6.71 1 0
6.71 2 0
6.81 1 0
6.81 2 0
6.91 1 0
6.91 2 0
7.01 1 0
7.01 2 0
7.11 1 0
7.11 2 0
7.21 1 0
7.21 2 0
7.31 1 0
7.31 2 0
7.41 1 0
7.41 2 0
7.51 1 0
7.51 2 0
7.61 1 0
7.61 2 0
7.71 1 0
7.71 2 0
7.81 1 0
7.81 2 0
7.91 1 0
7.91 2 0
8.01 1 0
8.01 2 0
8.11 1 0
8.11 2 0
8.21 1 0
8.21 2 0
8.31 1 0
8.31 2 0
8.41 1 0
8.41 2 0
8.51 1 0
8.51 2 0
8.61 1 0
8.61 2 0
8.71 1 0
8.71 2 0
8.81 1 0
8.81 2 0
8.91 1 0
8.91 2 0
9.01 1 0
9.01 2 0
9.11 1 0
9.11 2 0
9.21 1 0
9.21 2 0
9.31 1 0
9.31 2 0
9.41 1 0
9.41 2 0
9.51 1 0
9.51 2 0
9.61 1 0
9.61 2 0
9.71 1 0
9.71 2 0
9.81 1 0
9.81 2 0
9.91 1 0
9.91 2 0
10.01 1 0
10.01 2 0
10.11 1 0
10.11 2 0
10.21 1 0
10.21 2 0
10.31 1 0
10.31 2 0
10.41 1 0
10.41 2 0
10.51 1 0
10.51 2 0
10.61 1 0
10.61 2 0
10.71 1 0
10.71 2 0
10.81 1 0
10.81 2 0
10.91 1 0
10.91 2 0
11.01 1 6
11.01 2 3
11.11 1 6
11.11 2 3
11.21 1 6
11.21 2 3
11.31 1 6
11.31 2 3
11.41 1 6
11.41 2 3
11.51 1 6
11.51 2 3
11.61 1 6
11.61 2 3
11.71 1 6
11.71 2 3
11.81 1 6
11.81 2 3
11.91 1 6
11.91 2 3
12.01 1 9
12.01 2 8
12.11 1 9
12.11 2 8
12.21 1 9
12.21 2 8
12.31 1 9
12.31 2 8
12.41 1 9
12.41 2 8
12.51 1 9
12.51 2 8
12.61 1 9
12.61 2 8
12.71 1 9
12.71 2 8
12.81 1 9
12.81 2 8
12.91 1 9
12.91 2 8
13.01 1 17
13.01 2 11
13.11 1 17
13.11 2 11
13.21 1 17
13.21 2 11
13.31 1 17
13.31 2 11
13.41 1 17
13.41 2 11
13.51 1 17
13.51 2 11
13.61 1 17
13.61 2 11
13.71 1 17
13.71 2 11
13.81 1 17
13.81 2 11
13.91 1 17
13.91 2 11
14.01 1 21
14.01 2 17
14.11 1 21
14.11 2 17
14.21 1 21
14.21 2 17
14.31 1 21
14.31 2 17
14.41 1 21
14.41 2 17
14.51 1 21
14.51 2 17
14.61 1 21
14.61 2 17
14.71 1 21
14.71 2 17
14.81 1 21
14.81 2 17
14.91 1 21
14.91 2 17
15.01 1 22
15.01 2 17
15.11 1 22
15.11 2 17
15.21 1 22
15.21 2 17
15.31 1 22
15.31 2 17
15.41 1 22
15.41 2 17
15.51 1 22
15.51 2 17
15.61 1 22
15.61 2 17
15.71 1 22
15.71 2 17
15.81 1 22
15.81 2 17
15.91 1 22
15.91 2 17
16.01 1 24
16.01 2 20
16.11 1 24
16.11 2 20
16.21 1 24
16.21 2 20
16.31 1 24
16.31 2 20
16.41 1 24
16.41 2 20
16.51 1 24
16.51 2 20
16.61 1 24
16.61 2 20
16.71 1 24
16.71 2 20
16.81 1 24
16.81 2 20
16.91 1 24
16.91 2 20
17.01 1 30
17.01 2 23
17.11 1 30
17.11 2 23
17.21 1 30
17.21 2 23
17.31 1 30
17.31 2 23
17.41 1 30
17.41 2 23
17.51 1 30
17.51 2 23
17.61 1 30
17.61 2 23
17.71 1 30
17.71 2 23
17.81 1 30
17.81 2 23
17.91 1 30
17.91 2 23
18.01 1 32
18.01 2 25
18.11 1 32
18.11 2 25
18.21 1 32
18.21 2 25
18.31 1 32
18.31 2 25
18.41 1 32
18.41 2 25
18.51 1 32
18.51 2 25
18.61 1 32
18.61 2 25
18.71 1 32
18.71 2 25
18.81 1 32
18.81 2 25
18.91 1 32
18.91 2 25
19.01 1 44
19.01 2 27
19.11 1 44
19.11 2 27
19.21 1 44
19.21 2 27
19.31 1 44
19.31 2 27
19.41 1 44
19.41 2 27
19.51 1 44
19.51 2 27
19.61 1 44
19.61 2 27
19.71 1 44
19.71 2 27
19.81 1 44
19.81 2 27
19.91 1 44
19.91 2 27
20.01 1 48
20.01 2 29
20.11 1 48
20.11 2 29
20.21 1 48
20.21 2 29
20.31 1 48
20.31 2 29
20.41 1 48
20.41 2 29
20.51 1 48
20.51 2 29
20.61 1 48
20.61 2 29
20.71 1 48
20.71 2 29
20.81 1 48
20.81 2 29
20.91 1 48
20.91 2 29
21.01 1 53
21.01 2 33
21.11 1 53
21.11 2 33
21.21 1 53
21.21 2 33
21.31 1 53
21.31 2 33
21.41 1 53
21.41 2 33
21.51 1 53
21.51 2 33
21.61 1 53
21.61 2 33
21.71 1 53
21.71 2 33
21.81 1 53
21.81 2 33
21.91 1 53
21.91 2 33
22.01 1 57
22.01 2 36
22.11 1 57
22.11 2 36
22.21 1 57
22.21 2 36
22.31 1 57
22.31 2 36
22.41 1 57
22.41 2 36
22.51 1 57
22.51 2 36
22.61 1 57
22.61 2 36
22.71 1 57
22.71 2 36
22.81 1 57
22.81 2 36
22.91 1 57
22.91 2 36
23.01 1 62
23.01 2 40
23.11 1 62
23.11 2 40
23.21 1 62
23.21 2 40
23.31 1 62
23.31 2 40
23.41 1 62
23.41 2 40
23.51 1 62
23.51 2 40
23.61 1 62
23.61 2 40
23.71 1 62
23.71 2 40
23.81 1 62
23.81 2 40
23.91 1 62
23.91 2 40
24.01 1 69
24.01 2 43
24.11 1 69
24.11 2 43
24.21 1 69
24.21 2 43
24.31 1 69
24.31 2 43
24.41 1 69
24.41 2 43
24.51 1 69
24.51 2 43
24.61 1 69
24.61 2 43
24.71 1 69
24.71 2 43
24.81 1 69
24.81 2 43
24.91 1 69
24.91 2 43
25.01 1 73
25.01 2 48
25.11 1 73
25.11 2 48
25.21 1 73
25.21 2 48
25.31 1 73
25.31 2 48
25.41 1 73
25.41 2 48
25.51 1 73
25.51 2 48
25.61 1 73
25.61 2 48
25.71 1 73
25.71 2 48
25.81 1 73
25.81 2 48
25.91 1 73
25.91 2 48
26.01 1 79
26.01 2 51
26.11 1 79
26.11 2 51
26.21 1 79
26.21 2 51
26.31 1 79
26.31 2 51
26.41 1 79
26.41 2 51
26.51 1 79
26.51 2 51
26.61 1 79
26.61 2 51
26.71 1 79
26.71 2 51
26.81 1 79
26.81 2 51
26.91 1 79
26.91 2 51
27.01 1 83
27.01 2 58
27.11 1 83
27.11 2 58
27.21 1 83
27.21 2 58
27.31 1 83
27.31 2 58
27.41 1 83
27.41 2 58
27.51 1 83
27.51 2 58
27.61 1 83
27.61 2 58
27.71 1 83
27.71 2 58
27.81 1 83
27.81 2 58
27.91 1 83
27.91 2 58
28.01 1 89
28.01 2 63
28.11 1 89
28.11 2 63
28.21 1 89
28.21 2 63
28.31 1 89
28.31 2 63
28.41 1 89
28.41 2 63
28.51 1 89
28.51 2 63
28.61 1 89
28.61 2 63
28.71 1 89
28.71 2 63
28.81 1 89
28.81 2 63
28.91 1 89
28.91 2 63
29.01 1 93
29.01 2 63
29.11 1 93
29.11 2 63
29.21 1 93
29.21 2 63
29.31 1 93
29.31 2 63
29.41 1 93
29.41 2 63
29.51 1 93
29.51 2 63
29.61 1 93
29.61 2 63
29.71 1 93
29.71 2 63
29.81 1 93
29.81 2 63
29.91 1 93
29.91 2 63
30.01 1 96
30.01 2 63
30.11 1 96
30.11 2 63
30.21 1 96
30.21 2 63
30.31 1 96
30.31 2 63
30.41 1 96
30.41 2 63
30.51 1 96
30.51 2 63
30.61 1 96
30.61 2 63
30.71 1 96
30.71 2 63
30.81 1 96
30.81 2 63
30.91 1 96
30.91 2 63
31.01 1 99
31.01 2 66
31.11 1 99
31.11 2 66
31.21 1 99
31.21 2 66
31.31 1 99
31.31 2 66
31.41 1 99
31.41 2 66
31.51 1 99
31.51 2 66
31.61 1 99
31.61 2 66
31.71 1 99
31.71 2 66
31.81 1 99
31.81 2 66
31.91 1 99
31.91 2 66
32.01 1 102
32.01 2 66
32.11 1 102
32.11 2 66
32.21 1 102
32.21 2 66
32.31 1 102
32.31 2 66
32.41 1 102
32.41 2 66
32.51 1 102
32.51 2 66
32.61 1 102
32.61 2 66
32.71 1 102
32.71 2 66
32.81 1 102
32.81 2 66
32.91 1 102
32.91 2 66
33.01 1 103
33.01 2 67
33.11 1 103
33.11 2 67
33.21 1 103
33.21 2 67
33.31 1 103
33.31 2 67
33.41 1 103
33.41 2 67
33.51 1 103
33.51 2 67
33.61 1 103
33.61 2 67
33.71 1 103
33.71 2 67
33.81 1 103
33.81 2 67
33.91 1 103
33.91 2 67
34.01 1 107
34.01 2 69
34.11 1 107
34.11 2 69
34.21 1 107
34.21 2 69
34.31 1 107
34.31 2 69
34.41 1 107
34.41 2 69
34.51 1 107
34.51 2 69
34.61 1 107
34.61 2 69
34.71 1 107
34.71 2 69
34.81 1 107
34.81 2 69
34.91 1 107
34.91 2 69
35.01 1 109
35.01 2 73
35.11 1 109
35.11 2 73
35.21 1 109
35.21 2 73
35.31 1 109
35.31 2 73
35.41 1 109
35.41 2 73
35.51 1 109
35.51 2 73
35.61 1 109
35.61 2 73
35.71 1 109
35.71 2 73
35.81 1 109
35.81 2 73
35.91 1 109
35.91 2 73
36.01 1 112
36.01 2 75
36.11 1 112
36.11 2 75
36.21 1 112
36.21 2 75
36.31 1 112
36.31 2 75
36.41 1 112
36.41 2 75
36.51 1 112
36.51 2 75
36.61 1 112
36.61 2 75
36.71 1 112
36.71 2 75
36.81 1 112
36.81 2 75
36.91 1 112
36.91 2 75
37.01 1 116
37.01 2 81
37.11 1 116
37.11 2 81
37.21 1 116
37.21 2 81
37.31 1 116
37.31 2 81
37.41 1 116
37.41 2 81
37.51 1 116
37.51 2 81
37.61 1 116
37.61 2 81
37.71 1 116
37.71 2 81
37.81 1 116
37.81 2 81
37.91 1 116
37.91 2 81
38.01 1 116
38.01 2 81
38.11 1 116
38.11 2 81
38.21 1 116
38.21 2 81
38.31 1 116
38.31 2 81
38.41 1 116
38.41 2 81
38.51 1 116
38.51 2 81
38.61 1 116
38.61 2 81
38.71 1 116
38.71 2 81
38.81 1 116
38.81 2 81
38.91 1 116
38.91 2 81
39.01 1 117
39.01 2 82
39.11 1 117
39.11 2 82
39.21 1 117
39.21 2 82
39.31 1 117
39.31 2 82
39.41 1 117
39.41 2 82
39.51 1 117
39.51 2 82
39.61 1 117
39.61 2 82
39.71 1 117
39.71 2 82
39.81 1 117
39.81 2 82
39.91 1 117
39.91 2 82
40.01 1 119
40.01 2 84
40.11 1 119
40.11 2 84
40.21 1 119
40.21 2 84
40.31 1 119
40.31 2 84
40.41 1 119
40.41 2 84
40.51 1 119
40.51 2 84
40.61 1 119
40.61 2 84
40.71 1 119
40.71 2 84
40.81 1 119
40.81 2 84
40.91 1 119
40.91 2 84
41.01 1 122
41.01 2 85
41.11 1 122
41.11 2 85
41.21 1 122
41.21 2 85
41.31 1 122
41.31 2 85
41.41 1 122
41.41 2 85
41.51 1 122
41.51 2 85
41.61 1 122
41.61 2 85
41.71 1 122
41.71 2 85
41.81 1 122
41.81 2 85
41.91 1 122
41.91 2 85
42.01 1 127
42.01 2 86
42.11 1 127
42.11 2 86
42.21 1 127
42.21 2 86
42.31 1 127
42.31 2 86
42.41 1 127
42.41 2 86
42.51 1 127
42.51 2 86
42.61 1 127
42.61 2 86
42.71 1 127
42.71 2 86
42.81 1 127
42.81 2 86
42.91 1 127
42.91 2 86
43.01 1 130
43.01 2 88
43.11 1 130
43.11 2 88
43.21 1 130
43.21 2 88
43.31 1 130
43.31 2 88
43.41 1 130
43.41 2 88
43.51 1 130
43.51 2 88
43.61 1 130
43.61 2 88
43.71 1 130
43.71 2 88
43.81 1 130
43.81 2 88
43.91 1 130
43.91 2 88
44.01 1 136
44.01 2 91
44.11 1 136
44.11 2 91
44.21 1 136
44.21 2 91
44.31 1 136
44.31 2 91
44.41 1 136
44.41 2 91
44.51 1 136
44.51 2 91
44.61 1 136
44.61 2 91
44.71 1 136
44.71 2 91
44.81 1 136
44.81 2 91
44.91 1 136
44.91 2 91
45.01 1 142
45.01 2 94
45.11 1 142
45.11 2 94
45.21 1 142
45.21 2 94
45.31 1 142
45.31 2 94
45.41 1 142
45.41 2 94
45.51 1 142
45.51 2 94
45.61 1 142
45.61 2 94
45.71 1 142
45.71 2 94
45.81 1 142
45.81 2 94
45.91 1 142
45.91 2 94
46.01 1 149
46.01 2 97
46.11 1 149
46.11 2 97
46.21 1 149
46.21 2 97
46.31 1 149
46.31 2 97
46.41 1 149
46.41 2 97
46.51 1 149
46.51 2 97
46.61 1 149
46.61 2 97
46.71 1 149
46.71 2 97
46.81 1 149
46.81 2 97
46.91 1 149
46.91 2 97
47.01 1 155
47.01 2 100
47.11 1 155
47.11 2 100
47.21 1 155
47.21 2 100
47.31 1 155
47.31 2 100
47.41 1 155
47.41 2 100
47.51 1 155
47.51 2 100
47.61 1 155
47.61 2 100
47.71 1 155
47.71 2 100
47.81 1 155
47.81 2 100
47.91 1 155
47.91 2 100
48.01 1 163
48.01 2 102
48.11 1 163
48.11 2 102
48.21 1 163
48.21 2 102
48.31 1 163
48.31 2 102
48.41 1 163
48.41 2 102
48.51 1 163
48.51 2 102
48.61 1 163
48.61 2 102
48.71 1 163
48.71 2 102
48.81 1 163
48.81 2 102
48.91 1 163
48.91 2 102
49.01 1 167
49.01 2 107
49.11 1 167
49.11 2 107
49.21 1 167
49.21 2 107
49.31 1 167
49.31 2 107
49.41 1 167
49.41 2 107
49.51 1 167
49.51 2 107
49.61 1 167
49.61 2 107
49.71 1 167
49.71 2 107
49.81 1 167
49.81 2 107
49.91 1 167
49.91 2 107
50.01 1 168
50.01 2 109
50.11 1 168
50.11 2 109
50.21 1 168
50.21 2 109
50.31 1 168
50.31 2 109
50.41 1 168
50.41 2 109
50.51 1 168
50.51 2 109
50.61 1 168
50.61 2 109
50.71 1 168
50.71 2 109
50.81 1 168
50.81 2 109
50.91 1 168
50.91 2 109
51.01 1 169
51.01 2 111
51.11 1 169
51.11 2 111
51.21 1 169
51.21 2 111
51.31 1 169
51.31 2 111
51.41 1 169
51.41 2 111
51.51 1 169
51.51 2 111
51.61 1 169
51.61 2 111
51.71 1 169
51.71 2 111
51.81 1 169
51.81 2 111
51.91 1 169
51.91 2 111
52.01 1 172
52.01 2 112
52.11 1 172
52.11 2 112
52.21 1 172
52.21 2 112
52.31 1 172
52.31 2 112
52.41 1 172
52.41 2 112
52.51 1 172
52.51 2 112
52.61 1 172
52.61 2 112
52.71 1 172
52.71 2 112
52.81 1 172
52.81 2 112
52.91 1 172
52.91 2 112
53.01 1 174
53.01 2 115
53.11 1 174
53.11 2 115
53.21 1 174
53.21 2 115
53.31 1 174
53.31 2 115
53.41 1 174
53.41 2 115
53.51 1 174
53.51 2 115
53.61 1 174
53.61 2 115
53.71 1 174
53.71 2 115
53.81 1 174
53.81 2 115
53.91 1 174
53.91 2 115
54.01 1 180
54.01 2 117
54.11 1 180
54.11 2 117
54.21 1 180
54.21 2 117
54.31 1 180
54.31 2 117
54.41 1 180
54.41 2 117
54.51 1 180
54.51 2 117
54.61 1 180
54.61 2 117
54.71 1 180
54.71 2 117
54.81 1 180
54.81 2 117
54.91 1 180
54.91 2 117
55.01 1 180
55.01 2 120
55.11 1 180
55.11 2 120
55.21 1 180
55.21 2 120
55.31 1 180
55.31 2 120
55.41 1 180
55.41 2 120
55.51 1 180
55.51 2 120
55.61 1 180
55.61 2 120
55.71 1 180
55.71 2 120
55.81 1 180
55.81 2 120
55.91 1 180
55.91 2 120
56.01 1 184
56.01 2 121
56.11 1 184
56.11 2 121
56.21 1 184
56.21 2 121
56.31 1 184
56.31 2 121
56.41 1 184
56.41 2 121
56.51 1 184
56.51 2 121
56.61 1 184
56.61 2 121
56.71 1 184
56.71 2 121
56.81 1 184
56.81 2 121
56.91 1 184
56.91 2 121
57.01 1 186
57.01 2 121
57.11 1 186
57.11 2 121
57.21 1 186
57.21 2 121
57.31 1 186
57.31 2 121
57.41 1 186
57.41 2 121
57.51 1 186
57.51 2 121
57.61 1 186
57.61 2 121
57.71 1 186
57.71 2 121
57.81 1 186
57.81 2 121
57.91 1 186
57.91 2 121
58.01 1 190
58.01 2 122
58.11 1 190
58.11 2 122
58.21 1 190
58.21 2 122
58.31 1 190
58.31 2 122
58.41 1 190
58.41 2 122
58.51 1 190
58.51 2 122
58.61 1 190
58.61 2 122
58.71 1 190
58.71 2 122
58.81 1 190
58.81 2 122
58.91 1 190
58.91 2 122
59.01 1 194
59.01 2 124
59.11 1 194
59.11 2 124
59.21 1 194
59.21 2 124
59.31 1 194
59.31 2 124
59.41 1 194
59.41 2 124
59.51 1 194
59.51 2 124
59.61 1 194
59.61 2 124
59.71 1 194
59.71 2 124
59.81 1 194
59.81 2 124
59.91 1 194
59.91 2 124
60.01 1 197
60.01 2 128
60.11 1 197
60.11 2 128
60.21 1 197
60.21 2 128
60.31 1 197
60.31 2 128
60.41 1 197
60.41 2 128
60.51 1 197
60.51 2 128
60.61 1 197
60.61 2 128
60.71 1 197
60.71 2 128
60.81 1 197
60.81 2 128
60.91 1 197
60.91 2 128
61.01 1 197
61.01 2 129
61.11 1 197
61.11 2 129
61.21 1 197
61.21 2 129
61.31 1 197
61.31 2 129
61.41 1 197
61.41 2 129
61.51 1 197
61.51 2 129
61.61 1 197
61.61 2 129
61.71 1 197
61.71 2 129
61.81 1 197
61.81 2 129
61.91 1 197
61.91 2 129
62.01 1 201
62.01 2 131
62.11 1 201
62.11 2 131
62.21 1 201
62.21 2 131
62.31 1 201
62.31 2 131
62.41 1 201
62.41 2 131
62.51 1 201
62.51 2 131
62.61 1 201
62.61 2 131
62.71 1 201
62.71 2 131
62.81 1 201
62.81 2 131
62.91 1 201
62.91 2 131
63.01 1 204
63.01 2 132
63.11 1 204
63.11 2 132
63.21 1 204
63.21 2 132
63.31 1 204
63.31 2 132
63.41 1 204
63.41 2 132
63.51 1 204
63.51 2 132
63.61 1 204
63.61 2 132
63.71 1 204
63.71 2 132
63.81 1 204
63.81 2 132
63.91 1 204
63.91 2 132
64.01 1 206
64.01 2 133
64.11 1 206
64.11 2 133
64.21 1 206
64.21 2 133
64.31 1 206
64.31 2 133
64.41 1 206
64.41 2 133
64.51 1 206
64.51 2 133
64.61 1 206
64.61 2 133
64.71 1 206
64.71 2 133
64.81 1 206
64.81 2 133
64.91 1 206
64.91 2 133
65.01 1 210
65.01 2 136
65.11 1 210
65.11 2 136
65.21 1 210
65.21 2 136
65.31 1 210
65.31 2 136
65.41 1 210
65.41 2 136
65.51 1 210
65.51 2 136
65.61 1 210
65.61 2 136
65.71 1 210
65.71 2 136
65.81 1 210
65.81 2 136
65.91 1 210
65.91 2 136
66.01 1 214
66.01 2 139
66.11 1 214
66.11 2 139
66.21 1 214
66.21 2 139
66.31 1 214
66.31 2 139
66.41 1 214
66.41 2 139
66.51 1 214
66.51 2 139
66.61 1 214
66.61 2 139
66.71 1 214
66.71 2 139
66.81 1 214
66.81 2 139
66.91 1 214
66.91 2 139
67.01 1 216
67.01 2 142
67.11 1 216
67.11 2 142
67.21 1 216
67.21 2 142
67.31 1 216
67.31 2 142
67.41 1 216
67.41 2 142
67.51 1 216
67.51 2 142
67.61 1 216
67.61 2 142
67.71 1 216
67.71 2 142
67.81 1 216
67.81 2 142
67.91 1 216
67.91 2 142
68.01 1 218
68.01 2 142
68.11 1 218
68.11 2 142
68.21 1 218
68.21 2 142
68.31 1 218
68.31 2 142
68.41 1 218
68.41 2 142
68.51 1 218
68.51 2 142
68.61 1 218
68.61 2 142
68.71 1 218
68.71 2 142
68.81 1 218
68.81 2 142
68.91 1 218
68.91 2 142
69.01 1 222
69.01 2 146
69.11 1 222
69.11 2 146
69.21 1 222
69.21 2 146
69.31 1 222
69.31 2 146
69.41 1 222
69.41 2 146
69.51 1 222
69.51 2 146
69.61 1 222
69.61 2 146
69.71 1 222
69.71 2 146
69.81 1 222
69.81 2 146
69.91 1 222
69.91 2 146
70.01 1 224
70.01 2 148
70.11 1 224
70.11 2 148
70.21 1 224
70.21 2 148
70.31 1 224
70.31 2 148
70.41 1 224
70.41 2 148
70.51 1 224
70.51 2 148
70.61 1 224
70.61 2 148
70.71 1 224
70.71 2 148
70.81 1 224
70.81 2 148
70.91 1 224
70.91 2 148
71.01 1 227
71.01 2 151
71.11 1 227
71.11 2 151
71.21 1 227
71.21 2 151
71.31 1 227
71.31 2 151
71.41 1 227
71.41 2 151
71.51 1 227
71.51 2 151
71.61 1 227
71.61 2 151
71.71 1 227
71.71 2 151
71.81 1 227
71.81 2 151
71.91 1 227
71.91 2 151
72.01 1 231
72.01 2 152
72.11 1 231
72.11 2 152
72.21 1 231
72.21 2 152
72.31 1 231
72.31 2 152
72.41 1 231
72.41 2 152
72.51 1 231
72.51 2 152
72.61 1 231
72.61 2 152
72.71 1 231
72.71 2 152
72.81 1 231
72.81 2 152
72.91 1 231
72.91 2 152
73.01 1 234
73.01 2 157
73.11 1 234
73.11 2 157
73.21 1 234
73.21 2 157
73.31 1 234
73.31 2 157
73.41 1 234
73.41 2 157
73.51 1 234
73.51 2 157
73.61 1 234
73.61 2 157
73.71 1 234
73.71 2 157
73.81 1 234
73.81 2 157
73.91 1 234
73.91 2 157
74.01 1 239
74.01 2 161
74.11 1 239
74.11 2 161
74.21 1 239
74.21 2 161
74.31 1 239
74.31 2 161
74.41 1 239
74.41 2 161
74.51 1 239
74.51 2 161
74.61 1 239
74.61 2 161
74.71 1 239
74.71 2 161
74.81 1 239
74.81 2 161
74.91 1 239
74.91 2 161
75.01 1 245
75.01 2 162
75.11 1 245
75.11 2 162
75.21 1 245
75.21 2 162
75.31 1 245
75.31 2 162
75.41 1 245
75.41 2 162
75.51 1 245
75.51 2 162
75.61 1 245
75.61 2 162
75.71 1 245
75.71 2 162
75.81 1 245
75.81 2 162
75.91 1 245
75.91 2 162
76.01 1 247
76.01 2 164
76.11 1 247
76.11 2 164
76.21 1 247
76.21 2 164
76.31 1 247
76.31 2 164
76.41 1 247
76.41 2 164
76.51 1 247
76.51 2 164
76.61 1 247
76.61 2 164
76.71 1 247
76.71 2 164
76.81 1 247
76.81 2 164
76.91 1 247
76.91 2 164
77.01 1 252
77.01 2 167
77.11 1 252
77.11 2 167
77.21 1 252
77.21 2 167
77.31 1 252
77.31 2 167
77.41 1 252
77.41 2 167
77.51 1 252
77.51 2 167
77.61 1 252
77.61 2 167
77.71 1 252
77.71 2 167
77.81 1 252
77.81 2 167
77.91 1 252
77.91 2 167
78.01 1 258
78.01 2 167
78.11 1 258
78.11 2 167
78.21 1 258
78.21 2 167
78.31 1 258
78.31 2 167
78.41 1 258
78.41 2 167
78.51 1 258
78.51 2 167
78.61 1 258
78.61 2 167
78.71 1 258
78.71 2 167
78.81 1 258
78.81 2 167
78.91 1 258
78.91 2 167
79.01 1 261
79.01 2 169
79.11 1 261
79.11 2 169
79.21 1 261
79.21 2 169
79.31 1 261
79.31 2 169
79.41 1 261
79.41 2 169
79.51 1 261
79.51 2 169
79.61 1 261
79.61 2 169
79.71 1 261
79.71 2 169
79.81 1 261
79.81 2 169
79.91 1 261
79.91 2 169
80.01 1 261
80.01 2 171
80.11 1 261
80.11 2 171
80.21 1 261
80.21 2 171
80.31 1 261
80.31 2 171
80.41 1 261
80.41 2 171
80.51 1 261
80.51 2 171
80.61 1 261
80.61 2 171
80.71 1 261
80.71 2 171
80.81 1 261
80.81 2 171
80.91 1 261
80.91 2 171
81.01 1 267
81.01 2 174
81.11 1 267
81.11 2 174
81.21 1 267
81.21 2 174
81.31 1 267
81.31 2 174
81.41 1 267
81.41 2 174
81.51 1 267
81.51 2 174
81.61 1 267
81.61 2 174
81.71 1 267
81.71 2 174
81.81 1 267
81.81 2 174
81.91 1 267
81.91 2 174
82.01 1 268
82.01 2 177
82.11 1 268
82.11 2 177
82.21 1 268
82.21 2 177
82.31 1 268
82.31 2 177
82.41 1 268
82.41 2 177
82.51 1 268
82.51 2 177
82.61 1 268
82.61 2 177
82.71 1 268
82.71 2 177
82.81 1 268
82.81 2 177
82.91 1 268
82.91 2 177
83.01 1 272
83.01 2 179
83.11 1 272
83.11 2 179
83.21 1 272
83.21 2 179
83.31 1 272
83.31 2 179
83.41 1 272
83.41 2 179
83.51 1 272
83.51 2 179
83.61 1 272
83.61 2 179
83.71 1 272
83.71 2 179
83.81 1 272
83.81 2 179
83.91 1 272
83.91 2 179
84.01 1 278
84.01 2 179
84.11 1 278
84.11 2 179
84.21 1 278
84.21 2 179
84.31 1 278
84.31 2 179
84.41 1 278
84.41 2 179
84.51 1 278
84.51 2 179
84.61 1 278
84.61 2 179
84.71 1 278
84.71 2 179
84.81 1 278
84.81 2 179
84.91 1 278
84.91 2 179
85.01 1 280
85.01 2 181
85.11 1 280
85.11 2 181
85.21 1 280
85.21 2 181
85.31 1 280
85.31 2 181
85.41 1 280
85.41 2 181
85.51 1 280
85.51 2 181
85.61 1 280
85.61 2 181
85.71 1 280
85.71 2 181
85.81 1 280
85.81 2 181
85.91 1 280
85.91 2 181
86.01 1 284
86.01 2 185
86.11 1 284
86.11 2 185
86.21 1 284
86.21 2 185
86.31 1 284
86.31 2 185
86.41 1 284
86.41 2 185
86.51 1 284
86.51 2 185
86.61 1 284
86.61 2 185
86.71 1 284
86.71 2 185
86.81 1 284
86.81 2 185
86.91 1 284
86.91 2 185
87.01 1 288
87.01 2 188
87.11 1 288
87.11 2 188
87.21 1 288
87.21 2 188
87.31 1 288
87.31 2 188
87.41 1 288
87.41 2 188
87.51 1 288
87.51 2 188
87.61 1 288
87.61 2 188
87.71 1 288
87.71 2 188
87.81 1 288
87.81 2 188
87.91 1 288
87.91 2 188
88.01 1 294
88.01 2 188
88.11 1 294
88.11 2 188
88.21 1 294
88.21 2 188
88.31 1 294
88.31 2 188
88.41 1 294
88.41 2 188
88.51 1 294
88.51 2 188
88.61 1 294
88.61 2 188
88.71 1 294
88.71 2 188
88.81 1 294
88.81 2 188
88.91 1 294
88.91 2 188
89.01 1 300
89.01 2 190
89.11 1 300
89.11 2 190
89.21 1 300
89.21 2 190
89.31 1 300
89.31 2 190
89.41 1 300
89.41 2 190
89.51 1 300
89.51 2 190
89.61 1 300
89.61 2 190
89.71 1 300
89.71 2 190
89.81 1 300
89.81 2 190
89.91 1 300
89.91 2 190
90.01 1 305
90.01 2 192
90.11 1 305
90.11 2 192
90.21 1 305
90.21 2 192
90.31 1 305
90.31 2 192
90.41 1 305
90.41 2 192
90.51 1 305
90.51 2 192
90.61 1 305
90.61 2 192
90.71 1 305
90.71 2 192
90.81 1 305
90.81 2 192
90.91 1 305
90.91 2 192
91.01 1 310
91.01 2 198
91.11 1 310
91.11 2 198
91.21 1 310
91.21 2 198
91.31 1 310
91.31 2 198
91.41 1 310
91.41 2 198
91.51 1 310
91.51 2 198
91.61 1 310
91.61 2 198
91.71 1 310
91.71 2 198
91.81 1 310
91.81 2 198
91.91 1 310
91.91 2 198
92.01 1 316
92.01 2 203
92.11 1 316
92.11 2 203
92.21 1 316
92.21 2 203
92.31 1 316
92.31 2 203
92.41 1 316
92.41 2 203
92.51 1 316
92.51 2 203
92.61 1 316
92.61 2 203
92.71 1 316
92.71 2 203
92.81 1 316
92.81 2 203
92.91 1 316
92.91 2 203
93.01 1 322
93.01 2 206
93.11 1 322
93.11 2 206
93.21 1 322
93.21 2 206
93.31 1 322
93.31 2 206
93.41 1 322
93.41 2 206
93.51 1 322
93.51 2 206
93.61 1 322
93.61 2 206
93.71 1 322
93.71 2 206
93.81 1 322
93.81 2 206
93.91 1 322
93.91 2 206
94.01 1 322
94.01 2 207
94.11 1 322
94.11 2 207
94.21 1 322
94.21 2 207
94.31 1 322
94.31 2 207
94.41 1 322
94.41 2 207
94.51 1 322
94.51 2 207
94.61 1 322
94.61 2 207
94.71 1 322
94.71 2 207
94.81 1 322
94.81 2 207
94.91 1 322
94.91 2 207
95.01 1 327
95.01 2 207
95.11 1 327
95.11 2 207
95.21 1 327
95.21 2 207
95.31 1 327
95.31 2 207
95.41 1 327
95.41 2 207
95.51 1 327
95.51 2 207
95.61 1 327
95.61 2 207
95.71 1 327
95.71 2 207
95.81 1 327
95.81 2 207
95.91 1 327
95.91 2 207
96.01 1 329
96.01 2 208
96.11 1 329
96.11 2 208
96.21 1 329
96.21 2 208
96.31 1 329
96.31 2 208
96.41 1 329
96.41 2 208
96.51 1 329
96.51 2 208
96.61 1 329
96.61 2 208
96.71 1 329
96.71 2 208
96.81 1 329
96.81 2 208
96.91 1 329
96.91 2 208
97.01 1 335
97.01 2 212
97.11 1 335
97.11 2 212
97.21 1 335
97.21 2 212
97.31 1 335
97.31 2 212
97.41 1 335
97.41 2 212
97.51 1 335
97.51 2 212
97.61 1 335
97.61 2 212
97.71 1 335
97.71 2 212
97.81 1 335
97.81 2 212
97.91 1 335
97.91 2 212
98.01 1 336
98.01 2 216
98.11 1 336
98.11 2 216
98.21 1 336
98.21 2 216
98.31 1 336
98.31 2 216
98.41 1 336
98.41 2 216
98.51 1 336
98.51 2 216
98.61 1 336
98.61 2 216
98.71 1 336
98.71 2 216
98.81 1 336
98.81 2 216
98.91 1 336
98.91 2 216
99.01 1 341
99.01 2 218
99.11 1 341
99.11 2 218
99.21 1 341
99.21 2 218
99.31 1 341
99.31 2 218
99.41 1 341
99.41 2 218
99.51 1 341
99.51 2 218
99.61 1 341
99.61 2 218
99.71 1 341
99.71 2 218
99.81 1 341
99.81 2 218
99.91 1 341
99.91 2 218
100.01 1 342
100.01 2 218
100.11 1 342
100.11 2 218
100.21 1 342
100.21 2 218
100.31 1 342
100.31 2 218
100.41 1 342
100.41 2 218
100.51 1 342
100.51 2 218
100.61 1 342
100.61 2 218
100.71 1 342
100.71 2 218
100.81 1 342
100.81 2 218
100.91 1 342
100.91 2 218
101.01 1 344
101.01 2 218
101.11 1 344
101.11 2 218
101.21 1 344
101.21 2 218
101.31 1 344
101.31 2 218
101.41 1 344
101.41 2 218
101.51 1 344
101.51 2 218
101.61 1 344
101.61 2 218
101.71 1 344
101.71 2 218
101.81 1 344
101.81 2 218
101.91 1 344
101.91 2 218
102.01 1 346
102.01 2 221
102.11 1 346
102.11 2 221
102.21 1 346
102.21 2 221
102.31 1 346
102.31 2 221
102.41 1 346
102.41 2 221
102.51 1 346
102.51 2 221
102.61 1 346
102.61 2 221
102.71 1 346
102.71 2 221
102.81 1 346
102.81 2 221
102.91 1 346
102.91 2 221
103.01 1 347
103.01 2 223
103.11 1 347
103.11 2 223
103.21 1 347
103.21 2 223
103.31 1 347
103.31 2 223
103.41 1 347
103.41 2 223
103.51 1 347
103.51 2 223
103.61 1 347
103.61 2 223
103.71 1 347
103.71 2 223
103.81 1 347
103.81 2 223
103.91 1 347
103.91 2 223
104.01 1 347
104.01 2 225
104.11 1 347
104.11 2 225
104.21 1 347
104.21 2 225
104.31 1 347
104.31 2 225
104.41 1 347
104.41 2 225
104.51 1 347
104.51 2 225
104.61 1 347
104.61 2 225
104.71 1 347
104.71 2 225
104.81 1 347
104.81 2 225
104.91 1 347
104.91 2 225
105.01 1 348
105.01 2 227
105.11 1 348
105.11 2 227
105.21 1 348
105.21 2 227
105.31 1 348
105.31 2 227
105.41 1 348
105.41 2 227
105.51 1 348
105.51 2 227
105.61 1 348
105.61 2 227
105.71 1 348
105.71 2 227
105.81 1 348
105.81 2 227
105.91 1 348
105.91 2 227
106.01 1 349
106.01 2 227
106.11 1 349
106.11 2 227
106.21 1 349
106.21 2 227
106.31 1 349
106.31 2 227
106.41 1 349
106.41 2 227
106.51 1 349
106.51 2 227
106.61 1 349
106.61 2 227
106.71 1 349
106.71 2 227
106.81 1 349
106.81 2 227
106.91 1 349
106.91 2 227
107.01 1 350
107.01 2 227
107.11 1 350
107.11 2 227
107.21 1 350
107.21 2 227
107.31 1 350
107.31 2 227
107.41 1 350
107.41 2 227
107.51 1 350
107.51 2 227
107.61 1 350
107.61 2 227
107.71 1 350
107.71 2 227
107.81 1 350
107.81 2 227
107.91 1 350
107.91 2 227
108.01 1 351
108.01 2 227
108.11 1 351
108.11 2 227
108.21 1 351
108.21 2 227
108.31 1 351
108.31 2 227
108.41 1 351
108.41 2 227
108.51 1 351
108.51 2 227
108.61 1 351
108.61 2 227
108.71 1 351
108.71 2 227
108.81 1 351
108.81 2 227
108.91 1 351
108.91 2 227
109.01 1 355
109.01 2 228
109.11 1 355
109.11 2 228
109.21 1 355
109.21 2 228
109.31 1 355
109.31 2 228
109.41 1 355
109.41 2 228
109.51 1 355
109.51 2 228
109.61 1 355
109.61 2 228
109.71 1 355
109.71 2 228
109.81 1 355
109.81 2 228
109.91 1 355
109.91 2 228
110.01 1 358
110.01 2 232
110.11 1 358
110.11 2 232
110.21 1 358
110.21 2 232
110.31 1 358
110.31 2 232
110.41 1 358
110.41 2 232
110.51 1 358
110.51 2 232
110.61 1 358
110.61 2 232
110.71 1 358
110.71 2 232
110.81 1 358
110.81 2 232
110.91 1 358
110.91 2 232
111.01 1 358
111.01 2 232
111.11 1 358
111.11 2 232
111.21 1 358
111.21 2 232
111.31 1 358
111.31 2 232
111.41 1 358
111.41 2 232
111.51 1 358
111.51 2 232
111.61 1 358
111.61 2 232
111.71 1 358
111.71 2 232
111.81 1 358
111.81 2 232
111.91 1 358
111.91 2 232
112.01 1 358
112.01 2 232
112.11 1 358
112.11 2 232
112.21 1 358
112.21 2 232
112.31 1 358
112.31 2 232
112.41 1 358
112.41 2 232
112.51 1 358
112.51 2 232
112.61 1 358
112.61 2 232
112.71 1 358
112.71 2 232
112.81 1 358
112.81 2 232
112.91 1 358
112.91 2 232
113.01 1 358
113.01 2 232
113.11 1 358
113.11 2 232
113.21 1 358
113.21 2 232
113.31 1 358
113.31 2 232
113.41 1 358
113.41 2 232
113.51 1 358
113.51 2 232
113.61 1 358
113.61 2 232
113.71 1 358
113.71 2 232
113.81 1 358
113.81 2 232
113.91 1 358
113.91 2 232
114.01 1 358
114.01 2 232
114.11 1 358
114.11 2 232
114.21 1 358
114.21 2 232
114.31 1 358
114.31 2 232
114.41 1 358
114.41 2 232
114.51 1 358
114.51 2 232
114.61 1 358
114.61 2 232
114.71 1 358
114.71 2 232
114.81 1 358
114.81 2 232
114.91 1 358
114.91 2 232
115.01 1 358
115.01 2 232
115.11 1 358
115.11 2 232
115.21 1 358
115.21 2 232
115.31 1 358
115.31 2 232
115.41 1 358
115.41 2 232
115.51 1 358
115.51 2 232
115.61 1 358
115.61 2 232
115.71 1 358
115.71 2 232
115.81 1 358
115.81 2 232
115.91 1 358
115.91 2 232
116.01 1 358
116.01 2 232
116.11 1 358
116.11 2 232
116.21 1 358
116.21 2 232
116.31 1 358
116.31 2 232
116.41 1 358
116.41 2 232
116.51 1 358
116.51 2 232
116.61 1 358
116.61 2 232
116.71 1 358
116.71 2 232
116.81 1 358
116.81 2 232
116.91 1 358
116.91 2 232
117.01 1 358
117.01 2 232
117.11 1 358
117.11 2 232
117.21 1 358
117.21 2 232
117.31 1 358
117.31 2 232
117.41 1 358
117.41 2 232
117.51 1 358
117.51 2 232
117.61 1 358
117.61 2 232
117.71 1 358
117.71 2 232
117.81 1 358
117.81 2 232
117.91 1 358
117.91 2 232
118.01 1 358
118.01 2 232
118.11 1 358
118.11 2 232
118.21 1 358
118.21 2 232
118.31 1 358
118.31 2 232
118.41 1 358
118.41 2 232
118.51 1 358
118.51 2 232
118.61 1 358
118.61 2 232
118.71 1 358
118.71 2 232
118.81 1 358
118.81 2 232
118.91 1 358
118.91 2 232
119.01 1 358
119.01 2 232
119.11 1 358
119.11 2 232
119.21 1 358
119.21 2 232
119.31 1 358
119.31 2 232
119.41 1 358
119.41 2 232
119.51 1 358
119.51 2 232
119.61 1 358
119.61 2 232
119.71 1 358
119.71 2 232
119.81 1 358
119.81 2 232
119.91 1 358
119.91 2 232
120.01 1 358
120.01 2 232
120.11 1 358
120.11 2 232
120.21 1 358
120.21 2 232
120.31 1 358
120.31 2 232
120.41 1 358
120.41 2 232
120.51 1 358
120.51 2 232
120.61 1 358
120.61 2 232
120.71 1 358
120.71 2 232
120.81 1 358
120.81 2 232
120.91 1 358
120.91 2 232
121.01 1 358
121.01 2 232
121.11 1 358
121.11 2 232
121.21 1 358
121.21 2 232
121.31 1 358
121.31 2 232
121.41 1 358
121.41 2 232
121.51 1 358
121.51 2 232
121.61 1 358
121.61 2 232
121.71 1 358
121.71 2 232
121.81 1 358
121.81 2 232
121.91 1 358
121.91 2 232
122.01 1 358
122.01 2 232
122.11 1 358
122.11 2 232
122.21 1 358
122.21 2 232
122.31 1 358
122.31 2 232
122.41 1 358
122.41 2 232
122.51 1 358
122.51 2 232
122.61 1 358
122.61 2 232
122.71 1 358
122.71 2 232
122.81 1 358
122.81 2 232
122.91 1 358
122.91 2 232
123.01 1 358
123.01 2 232
123.11 1 358
123.11 2 232
123.21 1 358
123.21 2 232
123.31 1 358
123.31 2 232
123.41 1 358
123.41 2 232
123.51 1 358
123.51 2 232
123.61 1 358
123.61 2 232
123.71 1 358
123.71 2 232
123.81 1 358
123.81 2 232
123.91 1 358
123.91 2 232
124.01 1 358
124.01 2 232
124.11 1 358
124.11 2 232
124.21 1 358
124.21 2 232
124.31 1 358
124.31 2 232
124.41 1 358
124.41 2 232
124.51 1 358
124.51 2 232
124.61 1 358
124.61 2 232
124.71 1 358
124.71 2 232
124.81 1 358
124.81 2 232
124.91 1 358
124.91 2 232
125.01 1 358
125.01 2 232
125.11 1 358
125.11 2 232
125.21 1 358
125.21 2 232
125.31 1 358
125.31 2 232
125.41 1 358
125.41 2 232
125.51 1 358
125.51 2 232
125.61 1 358
125.61 2 232
125.71 1 358
125.71 2 232
125.81 1 358
125.81 2 232
125.91 1 358
125.91 2 232
126.01 1 358
126.01 2 232
126.11 1 358
126.11 2 232
126.21 1 358
126.21 2 232
126.31 1 358
126.31 2 232
126.41 1 358
126.41 2 232
126.51 1 358
126.51 2 232
126.61 1 358
126.61 2 232
126.71 1 358
126.71 2 232
126.81 1 358
126.81 2 232
126.91 1 358
126.91 2 232
127.01 1 358
127.01 2 232
127.11 1 358
127.11 2 232
127.21 1 358
127.21 2 232
127.31 1 358
127.31 2 232
127.41 1 358
127.41 2 232
127.51 1 358
127.51 2 232
127.61 1 358
127.61 2 232
127.71 1 358
127.71 2 232
127.81 1 358
127.81 2 232
127.91 1 358
127.91 2 232
128.01 1 358
128.01 2 232
128.11 1 358
128.11 2 232
128.21 1 358
128.21 2 232
128.31 1 358
128.31 2 232
128.41 1 358
128.41 2 232
128.51 1 358
128.51 2 232
128.61 1 358
128.61 2 232
128.71 1 358
128.71 2 232
128.81 1 358
128.81 2 232
128.91 1 358
128.91 2 232
129.01 1 358
129.01 2 232
129.11 1 358
129.11 2 232
129.21 1 358
129.21 2 232
129.31 1 358
129.31 2 232
129.41 1 358
129.41 2 232
129.51 1 358
129.51 2 232
129.61 1 358
129.61 2 232
129.71 1 358
129.71 2 232
129.81 1 358
129.81 2 232
129.91 1 358
129.91 2 232
130.01 1 358
130.01 2 232
130.11 1 358
130.11 2 232
130.21 1 358
130.21 2 232
130.31 1 358
130.31 2 232
130.41 1 358
130.41 2 232
130.51 1 358
130.51 2 232
130.61 1 358
130.61 2 232
130.71 1 358
130.71 2 232
130.81 1 358
130.81 2 232
130.91 1 358
130.91 2 232
131.01 1 358
131.01 2 232
131.11 1 358
131.11 2 232
131.21 1 358
131.21 2 232
131.31 1 358
131.31 2 232
131.41 1 358
131.41 2 232
131.51 1 358
131.51 2 232
131.61 1 358
131.61 2 232
131.71 1 358
131.71 2 232
131.81 1 358
131.81 2 232
131.91 1 358
131.91 2 232
132.01 1 358
132.01 2 232
132.11 1 358
132.11 2 232
132.21 1 358
132.21 2 232
132.31 1 358
132.31 2 232
132.41 1 358
132.41 2 232
132.51 1 358
132.51 2 232
132.61 1 358
132.61 2 232
132.71 1 358
132.71 2 232
132.81 1 358
132.81 2 232
132.91 1 358
132.91 2 232
133.01 1 358
133.01 2 232
133.11 1 358
133.11 2 232
133.21 1 358
133.21 2 232
133.31 1 358
133.31 2 232
133.41 1 358
133.41 2 232
133.51 1 358
133.51 2 232
133.61 1 358
133.61 2 232
133.71 1 358
133.71 2 232
133.81 1 358
133.81 2 232
133.91 1 358
133.91 2 232
134.01 1 358
134.01 2 232
134.11 1 358
134.11 2 232
134.21 1 358
134.21 2 232
134.31 1 358
134.31 2 232
134.41 1 358
134.41 2 232
134.51 1 358
134.51 2 232
134.61 1 358
134.61 2 232
134.71 1 358
134.71 2 232
134.81 1 358
134.81 2 232
134.91 1 358
134.91 2 232
135.01 1 358
135.01 2 232
135.11 1 358
135.11 2 232
135.21 1 358
135.21 2 232
135.31 1 358
135.31 2 232
135.41 1 358
135.41 2 232
135.51 1 358
135.51 2 232
135.61 1 358
135.61 2 232
135.71 1 358
135.71 2 232
135.81 1 358
135.81 2 232
135.91 1 358
135.91 2 232
136.01 1 358
136.01 2 232
136.11 1 358
136.11 2 232
136.21 1 358
136.21 2 232
136.31 1 358
136.31 2 232
136.41 1 358
136.41 2 232
136.51 1 358
136.51 2 232
136.61 1 358
136.61 2 232
136.71 1 358
136.71 2 232
136.81 1 358
136.81 2 232
136.91 1 358
136.91 2 232
137.01 1 358
137.01 2 232
137.11 1 358
137.11 2 232
137.21 1 358
137.21 2 232
137.31 1 358
137.31 2 232
137.41 1 358
137.41 2 232
137.51 1 358
137.51 2 232
137.61 1 358
137.61 2 232
137.71 1 358
137.71 2 232
137.81 1 358
137.81 2 232
137.91 1 358
137.91 2 232
138.01 1 358
138.01 2 232
138.11 1 358
138.11 2 232
138.21 1 358
138.21 2 232
138.31 1 358
138.31 2 232
138.41 1 358
138.41 2 232
138.51 1 358
138.51 2 232
138.61 1 358
138.61 2 232
138.71 1 358
138.71 2 232
138.81 1 358
138.81 2 232
138.91 1 358
138.91 2 232
139.01 1 358
139.01 2 232
139.11 1 358
139.11 2 232
139.21 1 358
139.21 2 232
139.31 1 358
139.31 2 232
139.41 1 358
139.41 2 232
139.51 1 358
139.51 2 232
139.61 1 358
139.61 2 232
139.71 1 358
139.71 2 232
139.81 1 358
139.81 2 232
139.91 1 358
139.91 2 232
140.01 1 358
140.01 2 232
140.11 1 358
140.11 2 232
140.21 1 358
140.21 2 232
140.31 1 358
140.31 2 232
140.41 1 358
140.41 2 232
140.51 1 358
140.51 2 232
140.61 1 358
140.61 2 232
140.71 1 358
140.71 2 232
140.81 1 358
140.81 2 232
140.91 1 358
140.91 2 232
141.01 1 358
141.01 2 232
141.11 1 358
141.11 2 232
141.21 1 358
141.21 2 232
141.31 1 358
141.31 2 232
141.41 1 358
141.41 2 232
141.51 1 358
141.51 2 232
141.61 1 358
141.61 2 232
141.71 1 358
141.71 2 232
141.81 1 358
141.81 2 232
141.91 1 358
141.91 2 232
142.01 1 358
142.01 2 232
142.11 1 358
142.11 2 232
142.21 1 358
142.21 2 232
142.31 1 358
142.31 2 232
142.41 1 358
142.41 2 232
142.51 1 358
142.51 2 232
142.61 1 358
142.61 2 232
142.71 1 358
142.71 2 232
142.81 1 358
142.81 2 232
142.91 1 358
142.91 2 232
143.01 1 358
143.01 2 232
143.11 1 358
143.11 2 232
143.21 1 358
143.21 2 232
143.31 1 358
143.31 2 232
143.41 1 358
143.41 2 232
143.51 1 358
143.51 2 232
143.61 1 358
143.61 2 232
143.71 1 358
143.71 2 232
143.81 1 358
143.81 2 232
143.91 1 358
143.91 2 232
144.01 1 358
144.01 2 232
144.11 1 358
144.11 2 232
144.21 1 358
144.21 2 232
144.31 1 358
144.31 2 232
144.41 1 358
144.41 2 232
144.51 1 358
144.51 2 232
144.61 1 358
144.61 2 232
144.71 1 358
144.71 2 232
144.81 1 358
144.81 2 232
144.91 1 358
144.91 2 232
145.01 1 358
145.01 2 232
145.11 1 358
145.11 2 232
145.21 1 358
145.21 2 232
145.31 1 358
145.31 2 232
145.41 1 358
145.41 2 232
145.51 1 358
145.51 2 232
145.61 1 358
145.61 2 232
145.71 1 358
145.71 2 232
145.81 1 358
145.81 2 232
145.91 1 358
145.91 2 232
146.01 1 358
146.01 2 232
146.11 1 358
146.11 2 232
146.21 1 358
146.21 2 232
146.31 1 358
146.31 2 232
146.41 1 358
146.41 2 232
146.51 1 358
146.51 2 232
146.61 1 358
146.61 2 232
146.71 1 358
146.71 2 232
146.81 1 358
146.81 2 232
146.91 1 358
146.91 2 232
147.01 1 358
147.01 2 232
147.11 1 358
147.11 2 232
147.21 1 358
147.21 2 232
147.31 1 358
147.31 2 232
147.41 1 358
147.41 2 232
147.51 1 358
147.51 2 232
147.61 1 358
147.61 2 232
147.71 1 358
147.71 2 232
147.81 1 358
147.81 2 232
147.91 1 358
147.91 2 232
148.01 1 358
148.01 2 232
148.11 1 358
148.11 2 232
148.21 1 358
148.21 2 232
148.31 1 358
148.31 2 232
148.41 1 358
148.41 2 232
148.51 1 358
148.51 2 232
148.61 1 358
148.61 2 232
148.71 1 358
148.71 2 232
148.81 1 358
148.81 2 232
148.91 1 358
148.91 2 232
149.01 1 358
149.01 2 232
149.11 1 358
149.11 2 232
149.21 1 358
149.21 2 232
149.31 1 358
149.31 2 232
149.41 1 358
149.41 2 232
149.51 1 358
149.51 2 232
149.61 1 358
149.61 2 232
149.71 1 358
149.71 2 232
149.81 1 358
149.81 2 232
149.91 1 358
149.91 2 232
150.01 1 358
150.01 2 232
150.11 1 358
150.11 2 232
150.21 1 358
150.21 2 232
150.31 1 358
150.31 2 232
150.41 1 358
150.41 2 232
150.51 1 358
150.51 2 232
150.61 1 358
150.61 2 232
150.71 1 358
150.71 2 232
150.81 1 358
150.81 2 232
150.91 1 358
150.91 2 232
151.01 1 358
151.01 2 232
151.11 1 358
151.11 2 232
151.21 1 358
151.21 2 232
151.31 1 358
151.31 2 232
151.41 1 358
151.41 2 232
151.51 1 358
151.51 2 232
151.61 1 358
151.61 2 232
151.71 1 358
151.71 2 232
151.81 1 358
151.81 2 232
151.91 1 358
151.91 2 232
152.01 1 358
152.01 2 232
152.11 1 358
152.11 2 232
152.21 1 358
152.21 2 232
152.31 1 358
152.31 2 232
152.41 1 358
152.41 2 232
152.51 1 358
152.51 2 232
152.61 1 358
152.61 2 232
152.71 1 358
152.71 2 232
152.81 1 358
152.81 2 232
152.91 1 358
152.91 2 232
153.01 1 358
153.01 2 232
153.11 1 358
153.11 2 232
153.21 1 358
153.21 2 232
153.31 1 358
153.31 2 232
153.41 1 358
153.41 2 232
153.51 1 358
153.51 2 232
153.61 1 358
153.61 2 232
153.71 1 358
153.71 2 232
153.81 1 358
153.81 2 232
153.91 1 358
153.91 2 232
154.01 1 358
154.01 2 232
154.11 1 358
154.11 2 232
154.21 1 358
154.21 2 232
154.31 1 358
154.31 2 232
154.41 1 358
154.41 2 232
154.51 1 358
154.51 2 232
154.61 1 358
154.61 2 232
154.71 1 358
154.71 2 232
154.81 1 358
154.81 2 232
154.91 1 358
154.91 2 232
155.01 1 358
155.01 2 232
155.11 1 358
155.11 2 232
155.21 1 358
155.21 2 232
155.31 1 358
155.31 2 232
155.41 1 358
155.41 2 232
155.51 1 358
155.51 2 232
155.61 1 358
155.61 2 232
155.71 1 358
155.71 2 232
155.81 1 358
155.81 2 232
155.91 1 358
155.91 2 232
156.01 1 358
156.01 2 232
156.11 1 358
156.11 2 232
156.21 1 358
156.21 2 232
156.31 1 358
156.31 2 232
156.41 1 358
156.41 2 232
156.51 1 358
156.51 2 232
156.61 1 358
156.61 2 232
156.71 1 358
156.71 2 232
156.81 1 358
156.81 2 232
156.91 1 358
156.91 2 232
157.01 1 358
157.01 2 232
157.11 1 358
157.11 2 232
157.21 1 358
157.21 2 232
157.31 1 358
157.31 2 232
157.41 1 358
157.41 2 232
157.51 1 358
157.51 2 232
157.61 1 358
157.61 2 232
157.71 1 358
157.71 2 232
157.81 1 358
157.81 2 232
157.91 1 358
157.91 2 232
158.01 1 358
158.01 2 232
158.11 1 358
158.11 2 232
158.21 1 358
158.21 2 232
158.31 1 358
158.31 2 232
158.41 1 358
158.41 2 232
158.51 1 358
158.51 2 232
158.61 1 358
158.61 2 232
158.71 1 358
158.71 2 232
158.81 1 358
158.81 2 232
158.91 1 358
158.91 2 232
159.01 1 358
159.01 2 232
159.11 1 358
159.11 2 232
159.21 1 358
159.21 2 232
159.31 1 358
159.31 2 232
159.41 1 358
159.41 2 232
159.51 1 358
159.51 2 232
159.61 1 358
159.61 2 232
159.71 1 358
159.71 2 232
159.81 1 358
159.81 2 232
159.91 1 358
159.91 2 232
160.01 1 358
160.01 2 232
160.11 1 358
160.11 2 232
160.21 1 358
160.21 2 232
160.31 1 358
160.31 2 232
160.41 1 358
160.41 2 232
160.51 1 358
160.51 2 232
160.61 1 358
160.61 2 232
160.71 1 358
160.71 2 232
160.81 1 358
160.81 2 232
160.91 1 358
160.91 2 232
161.01 1 358
161.01 2 232
161.11 1 358
161.11 2 232
161.21 1 358
161.21 2 232
161.31 1 358
161.31 2 232
161.41 1 358
161.41 2 232
161.51 1 358
161.51 2 232
161.61 1 358
161.61 2 232
161.71 1 358
161.71 2 232
161.81 1 358
161.81 2 232
161.91 1 358
161.91 2 232
162.01 1 358
162.01 2 232
162.11 1 358
162.11 2 232
162.21 1 358
162.21 2 232
162.31 1 358
162.31 2 232
162.41 1 358
162.41 2 232
162.51 1 358
162.51 2 232
162.61 1 358
162.61 2 232
162.71 1 358
162.71 2 232
162.81 1 358
162.81 2 232
162.91 1 358
162.91 2 232
163.01 1 358
163.01 2 232
163.11 1 358
163.11 2 232
163.21 1 358
163.21 2 232
163.31 1 358
163.31 2 232
163.41 1 358
163.41 2 232
163.51 1 358
163.51 2 232
163.61 1 358
163.61 2 232
163.71 1 358
163.71 2 232
163.81 1 358
163.81 2 232
163.91 1 358
163.91 2 232
164.01 1 358
164.01 2 232
164.11 1 358
164.11 2 232
164.21 1 358
164.21 2 232
164.31 1 358
164.31 2 232
164.41 1 358
164.41 2 232
164.51 1 358
164.51 2 232
164.61 1 358
164.61 2 232
164.71 1 358
164.71 2 232
164.81 1 358
164.81 2 232
164.91 1 358
164.91 2 232
165.01 1 358
165.01 2 232
165.11 1 358
165.11 2 232
165.21 1 358
165.21 2 232
165.31 1 358
165.31 2 232
165.41 1 358
165.41 2 232
165.51 1 358
165.51 2 232
165.61 1 358
165.61 2 232
165.71 1 358
165.71 2 232
165.81 1 358
165.81 2 232
165.91 1 358
165.91 2 232
166.01 1 358
166.01 2 232
166.11 1 358
166.11 2 232
166.21 1 358
166.21 2 232
166.31 1 358
166.31 2 232
166.41 1 358
166.41 2 232
166.51 1 358
166.51 2 232
166.61 1 358
166.61 2 232
166.71 1 358
166.71 2 232
166.81 1 358
166.81 2 232
166.91 1 358
166.91 2 232
167.01 1 358
167.01 2 232
167.11 1 358
167.11 2 232
167.21 1 358
167.21 2 232
167.31 1 358
167.31 2 232
167.41 1 358
167.41 2 232
167.51 1 358
167.51 2 232
167.61 1 358
167.61 2 232
167.71 1 358
167.71 2 232
167.81 1 358
167.81 2 232
167.91 1 358
167.91 2 232
168.01 1 358
168.01 2 232
168.11 1 358
168.11 2 232
168.21 1 358
168.21 2 232
168.31 1 358
168.31 2 232
168.41 1 358
168.41 2 232
168.51 1 358
168.51 2 232
168.61 1 358
168.61 2 232
168.71 1 358
168.71 2 232
168.81 1 358
168.81 2 232
168.91 1 358
168.91 2 232
169.01 1 358
169.01 2 232
169.11 1 358
169.11 2 232
169.21 1 358
169.21 2 232
169.31 1 358
169.31 2 232
169.41 1 358
169.41 2 232
169.51 1 358
169.51 2 232
169.61 1 358
169.61 2 232
169.71 1 358
169.71 2 232
169.81 1 358
169.81 2 232
169.91 1 358
169.91 2 232
170.01 1 358
170.01 2 232
170.11 1 358
170.11 2 232
170.21 1 358
170.21 2 232
170.31 1 358
170.31 2 232
170.41 1 358
170.41 2 232
170.51 1 358
170.51 2 232
170.61 1 358
170.61 2 232
170.71 1 358
170.71 2 232
170.81 1 358
170.81 2 232
170.91 1 358
170.91 2 232
171.01 1 358
171.01 2 232
171.11 1 358
171.11 2 232
171.21 1 358
171.21 2 232
171.31 1 358
171.31 2 232
171.41 1 358
171.41 2 232
171.51 1 358
171.51 2 232
171.61 1 358
171.61 2 232
171.71 1 358
171.71 2 232
171.81 1 358
171.81 2 232
171.91 1 358
171.91 2 232
172.01 1 358
172.01 2 232
172.11 1 358
172.11 2 232
172.21 1 358
172.21 2 232
172.31 1 358
172.31 2 232
172.41 1 358
172.41 2 232
172.51 1 358
172.51 2 232
172.61 1 358
172.61 2 232
172.71 1 358
172.71 2 232
172.81 1 358
172.81 2 232
172.91 1 358
172.91 2 232
173.01 1 358
173.01 2 232
173.11 1 358
173.11 2 232
173.21 1 358
173.21 2 232
173.31 1 358
173.31 2 232
173.41 1 358
173.41 2 232
173.51 1 358
173.51 2 232
173.61 1 358
173.61 2 232
173.71 1 358
173.71 2 232
173.81 1 358
173.81 2 232
173.91 1 358
173.91 2 232
174.01 1 358
174.01 2 232
174.11 1 358
174.11 2 232
174.21 1 358
174.21 2 232
174.31 1 358
174.31 2 232
174.41 1 358
174.41 2 232
174.51 1 358
174.51 2 232
174.61 1 358
174.61 2 232
174.71 1 358
174.71 2 232
174.81 1 358
174.81 2 232
174.91 1 358
174.91 2 232
175.01 1 358
175.01 2 232
175.11 1 358
175.11 2 232
175.21 1 358
175.21 2 232
175.31 1 358
175.31 2 232
175.41 1 358
175.41 2 232
175.51 1 358
175.51 2 232
175.61 1 358
175.61 2 232
175.71 1 358
175.71 2 232
175.81 1 358
175.81 2 232
175.91 1 358
175.91 2 232
176.01 1 358
176.01 2 232
176.11 1 358
176.11 2 232
176.21 1 358
176.21 2 232
176.31 1 358
176.31 2 232
176.41 1 358
176.41 2 232
176.51 1 358
176.51 2 232
176.61 1 358
176.61 2 232
176.71 1 358
176.71 2 232
176.81 1 358
176.81 2 232
176.91 1 358
176.91 2 232
177.01 1 358
177.01 2 232
177.11 1 358
177.11 2 232
177.21 1 358
177.21 2 232
177.31 1 358
177.31 2 232
177.41 1 358
177.41 2 232
177.51 1 358
177.51 2 232
177.61 1 358
177.61 2 232
177.71 1 358
177.71 2 232
177.81 1 358
177.81 2 232
177.91 1 358
177.91 2 232
178.01 1 358
178.01 2 232
178.11 1 358
178.11 2 232
178.21 1 358
178.21 2 232
178.31 1 358
178.31 2 232
178.41 1 358
178.41 2 232
178.51 1 358
178.51 2 232
178.61 1 358
178.61 2 232
178.71 1 358
178.71 2 232
178.81 1 358
178.81 2 232
178.91 1 358
178.91 2 232
179.01 1 358
179.01 2 232
179.11 1 358
179.11 2 232
179.21 1 358
179.21 2 232
179.31 1 358
179.31 2 232
179.41 1 358
179.41 2 232
179.51 1 358
179.51 2 232
179.61 1 358
179.61 2 232
179.71 1 358
179.71 2 232
179.81 1 358
179.81 2 232
179.91 1 358
179.91 2 232
180.01 1 358
180.01 2 232
180.11 1 358
180.11 2 232
180.21 1 358
180.21 2 232
180.31 1 358
180.31 2 232
180.41 1 358
180.41 2 232
180.51 1 358
180.51 2 232
180.61 1 358
180.61 2 232
180.71 1 358
180.71 2 232
180.81 1 358
180.81 2 232
180.91 1 358
180.91 2 232
181.01 1 358
181.01 2 232
181.11 1 358
181.11 2 232
181.21 1 358
181.21 2 232
181.31 1 358
181.31 2 232
181.41 1 358
181.41 2 232
181.51 1 358
181.51 2 232
181.61 1 358
181.61 2 232
181.71 1 358
181.71 2 232
181.81 1 358
181.81 2 232
181.91 1 358
181.91 2 232
182.01 1 358
182.01 2 232
182.11 1 358
182.11 2 232
182.21 1 358
182.21 2 232
182.31 1 358
182.31 2 232
182.41 1 358
182.41 2 232
182.51 1 358
182.51 2 232
182.61 1 358
182.61 2 232
182.71 1 358
182.71 2 232
182.81 1 358
182.81 2 232
182.91 1 358
182.91 2 232
183.01 1 358
183.01 2 232
183.11 1 358
183.11 2 232
183.21 1 358
183.21 2 232
183.31 1 358
183.31 2 232
183.41 1 358
183.41 2 232
183.51 1 358
183.51 2 232
183.61 1 358
183.61 2 232
183.71 1 358
183.71 2 232
183.81 1 358
183.81 2 232
183.91 1 358
183.91 2 232
184.01 1 358
184.01 2 232
184.11 1 358
184.11 2 232
184.21 1 358
184.21 2 232
184.31 1 358
184.31 2 232
184.41 1 358
184.41 2 232
184.51 1 358
184.51 2 232
184.61 1 358
184.61 2 232
184.71 1 358
184.71 2 232
184.81 1 358
184.81 2 232
184.91 1 358
184.91 2 232
185.01 1 358
185.01 2 232
185.11 1 358
185.11 2 232
185.21 1 358
185.21 2 232
185.31 1 358
185.31 2 232
185.41 1 358
185.41 2 232
185.51 1 358
185.51 2 232
185.61 1 358
185.61 2 232
185.71 1 358
185.71 2 232
185.81 1 358
185.81 2 232
185.91 1 358
185.91 2 232
186.01 1 358
186.01 2 232
186.11 1 358
186.11 2 232
186.21 1 358
186.21 2 232
186.31 1 358
186.31 2 232
186.41 1 358
186.41 2 232
186.51 1 358
186.51 2 232
186.61 1 358
186.61 2 232
186.71 1 358
186.71 2 232
186.81 1 358
186.81 2 232
186.91 1 358
186.91 2 232
187.01 1 358
187.01 2 232
187.11 1 358
187.11 2 232
187.21 1 358
187.21 2 232
187.31 1 358
187.31 2 232
187.41 1 358
187.41 2 232
187.51 1 358
187.51 2 232
187.61 1 358
187.61 2 232
187.71 1 358
187.71 2 232
187.81 1 358
187.81 2 232
187.91 1 358
187.91 2 232
188.01 1 358
188.01 2 232
188.11 1 358
188.11 2 232
188.21 1 358
188.21 2 232
188.31 1 358
188.31 2 232
188.41 1 358
188.41 2 232
188.51 1 358
188.51 2 232
188.61 1 358
188.61 2 232
188.71 1 358
188.71 2 232
188.81 1 358
188.81 2 232
188.91 1 358
188.91 2 232
189.01 1 358
189.01 2 232
189.11 1 358
189.11 2 232
189.21 1 358
189.21 2 232
189.31 1 358
189.31 2 232
189.41 1 358
189.41 2 232
189.51 1 358
189.51 2 232
189.61 1 358
189.61 2 232
189.71 1 358
189.71 2 232
189.81 1 358
189.81 2 232
189.91 1 358
189.91 2 232
190.01 1 358
190.01 2 232
190.11 1 358
190.11 2 232
190.21 1 358
190.21 2 232
190.31 1 358
190.31 2 232
190.41 1 358
190.41 2 232
190.51 1 358
190.51 2 232
190.61 1 358
190.61 2 232
190.71 1 358
190.71 2 232
190.81 1 358
190.81 2 232
190.91 1 358
190.91 2 232
191.01 1 358
191.01 2 232
191.11 1 358
191.11 2 232
191.21 1 358
191.21 2 232
191.31 1 358
191.31 2 232
191.41 1 358
191.41 2 232
191.51 1 358
191.51 2 232
191.61 1 358
191.61 2 232
191.71 1 358
191.71 2 232
191.81 1 358
191.81 2 232
191.91 1 358
191.91 2 232
192.01 1 358
192.01 2 232
192.11 1 358
192.11 2 232
192.21 1 358
192.21 2 232
192.31 1 358
192.31 2 232
192.41 1 358
192.41 2 232
192.51 1 358
192.51 2 232
192.61 1 358
192.61 2 232
192.71 1 358
192.71 2 232
192.81 1 358
192.81 2 232
192.91 1 358
192.91 2 232
193.01 1 358
193.01 2 232
193.11 1 358
193.11 2 232
193.21 1 358
193.21 2 232
193.31 1 358
193.31 2 232
193.41 1 358
193.41 2 232
193.51 1 358
193.51 2 232
193.61 1 358
193.61 2 232
193.71 1 358
193.71 2 232
193.81 1 358
193.81 2 232
193.91 1 358
193.91 2 232
194.01 1 358
194.01 2 232
194.11 1 358
194.11 2 232
194.21 1 358
194.21 2 232
194.31 1 358
194.31 2 232
194.41 1 358
194.41 2 232
194.51 1 358
194.51 2 232
194.61 1 358
194.61 2 232
194.71 1 358
194.71 2 232
194.81 1 358
194.81 2 232
194.91 1 358
194.91 2 232
195.01 1 358
195.01 2 232
195.11 1 358
195.11 2 232
195.21 1 358
195.21 2 232
195.31 1 358
195.31 2 232
195.41 1 358
195.41 2 232
195.51 1 358
195.51 2 232
195.61 1 358
195.61 2 232
195.71 1 358
195.71 2 232
195.81 1 358
195.81 2 232
195.91 1 358
195.91 2 232
196.01 1 358
196.01 2 232
196.11 1 358
196.11 2 232
196.21 1 358
196.21 2 232
196.31 1 358
196.31 2 232
196.41 1 358
196.41 2 232
196.51 1 358
196.51 2 232
196.61 1 358
196.61 2 232
196.71 1 358
196.71 2 232
196.81 1 358
196.81 2 232
196.91 1 358
196.91 2 232
197.01 1 358
197.01 2 232
197.11 1 358
197.11 2 232
197.21 1 358
197.21 2 232
197.31 1 358
197.31 2 232
197.41 1 358
197.41 2 232
197.51 1 358
197.51 2 232
197.61 1 358
197.61 2 232
197.71 1 358
197.71 2 232
197.81 1 358
197.81 2 232
197.91 1 358
197.91 2 232
198.01 1 358
198.01 2 232
198.11 1 358
198.11 2 232
198.21 1 358
198.21 2 232
198.31 1 358
198.31 2 232
198.41 1 358
198.41 2 232
198.51 1 358
198.51 2 232
198.61 1 358
198.61 2 232
198.71 1 358
198.71 2 232
198.81 1 358
198.81 2 232
198.91 1 358
198.91 2 232
199.01 1 358
199.01 2 232
199.11 1 358
199.11 2 232
199.21 1 358
199.21 2 232
199.31 1 358
199.31 2 232
199.41 1 358
199.41 2 232
199.51 1 358
199.51 2 232
199.61 1 358
199.61 2 232
199.71 1 358
199.71 2 232
199.81 1 358
199.81 2 232
199.91 1 358
199.91 2 232
200.01 1 358
200.01 2 232
200.11 1 358
200.11 2 232
200.21 1 358
200.21 2 232
200.31 1 358
200.31 2 232
200.41 1 358
200.41 2 232
200.51 1 358
200.51 2 232
200.61 1 358
200.61 2 232
200.71 1 358
200.71 2 232
200.81 1 358
200.81 2 232
200.91 1 358
200.91 2 232
