0.0 0
0.114179 4760
0.114179 4760
0.219091 5236
0.226277 6188
0.233474 7140
0.240672 8092
0.247869 9044
0.584187 8568
0.584187 8092
0.587786 7616
0.591384 7140
0.594983 6664
0.638707 6188
0.642306 5712
0.653102 5236
0.6567 4760
0.660299 4284
0.663898 3808
0.667496 3332
0.671095 2856
0.674693 2380
0.678292 1904
0.681891 1428
0.681891 1904
0.685489 1428
0.685489 1904
0.689076 1428
0.689076 1904
0.689076 9044
2.11039 8568
2.11399 8092
2.15052 7616
2.15412 7140
2.15771 6664
2.16131 6188
2.17211 5712
2.17571 5236
2.17931 4760
2.18291 4284
2.1865 3808
2.1901 3332
2.1937 2856
2.1973 2380
2.20451 1904
2.20811 1428
2.20811 1904
2.21171 1428
2.21171 1904
2.21529 1428
2.21529 1904
2.21529 9044
2.54441 8568
2.54801 8092
2.55161 7616
2.55521 7140
2.55881 6664
2.56241 6188
2.56601 5712
2.56961 5236
2.5732 4760
2.5768 4284
2.5804 3808
2.584 3332
2.62772 2856
2.63132 2380
2.63853 1904
2.64213 1428
2.64213 1904
2.64573 1428
2.64573 1904
2.64932 1428
2.64932 1904
2.64932 9044
3.79605 9520
3.79605 9044
3.79965 8568
3.80325 8092
3.80685 7616
3.81045 7140
3.81405 6664
3.81765 6188
3.82125 5712
3.82484 5236
3.82844 4760
3.83204 4284
3.83564 3808
3.83924 3332
3.84284 2856
3.84644 2380
3.85003 1904
3.85365 1428
3.85365 1904
3.85724 1428
3.85724 1904
3.90096 1428
3.90096 1904
3.90096 9520
4.45426 9996
4.45426 9520
4.45786 9044
4.46146 8568
4.46506 8092
4.46866 7616
4.47226 7140
4.47585 6664
4.47945 6188
4.48305 5712
4.48665 5236
4.49025 4760
4.49385 4284
4.49745 3808
4.50104 3332
4.50464 2856
4.54477 2380
4.54837 1904
4.55198 1428
4.55198 1904
4.55558 1428
4.55558 1904
4.55916 1428
4.55916 1904
4.55916 9996
4.79058 9520
4.79418 9044
4.80139 8568
4.80499 8092
4.80859 7140
4.81219 6188
4.81578 5236
4.81938 4284
4.82298 3332
4.82658 2380
4.83018 1428
4.83018 1904
4.86671 952
4.86671 1428
4.86671 1904
4.8703 952
4.8703 1428
4.8703 1904
4.8739 952
4.8739 1428
4.8739 1904
4.8775 952
4.8775 1428
4.8775 1904
4.88471 952
4.88471 1428
4.88471 1904
4.88831 952
4.88831 1428
4.88831 1904
4.89191 952
4.89191 1428
4.89191 1904
4.8955 952
4.8955 3808
4.89909 3332
4.99321 2856
4.99321 9996
5.14131 10472
5.14131 9996
5.14491 9520
5.14851 9044
5.1521 8568
5.1557 8092
5.1593 7616
5.16651 7140
5.20304 6664
5.20664 5712
5.21024 4760
5.21383 3808
5.21743 2856
5.22103 1904
5.22463 952
5.22463 1428
5.22463 1904
5.23184 952
5.23184 1428
5.23184 1904
5.23544 952
5.23544 1428
5.23544 1904
5.23905 476
5.23905 952
5.23905 1904
5.24265 476
5.24265 952
5.24265 1904
5.24623 476
5.24623 4760
5.24983 3808
5.34396 2856
5.35115 2380
5.35175 1904
5.35476 1428
5.35476 1904
5.35836 1428
5.35836 1904
5.36196 1428
5.36196 1904
5.36555 1428
5.36555 1904
5.36915 1428
5.36915 1904
5.44623 476
5.44886 6664
7.10973 6188
7.12772 5712
7.13132 5236
7.13492 4760
7.13852 4284
7.14211 3808
7.14571 3332
7.17144 2856
7.17504 2380
7.20384 1904
7.20744 1428
7.20744 1904
7.21104 1428
7.21104 1904
7.21463 1428
7.21463 1904
7.21463 6664
8.83135 7140
8.83135 6664
8.83495 6188
8.83855 5712
8.84215 5236
8.84575 4760
8.84934 4284
8.85294 3808
8.85654 3332
8.86014 2856
8.86735 2380
8.87095 1904
8.87455 1428
8.87455 1904
8.93265 1428
8.93265 1904
8.93749 1428
8.93749 1904
8.93749 7140
9.88397 7616
9.88397 7140
9.88757 6664
9.89117 6188
9.89477 5712
9.89837 5236
9.90197 4760
9.90556 4284
9.90916 3808
9.91276 3332
9.91636 2856
9.92357 2380
9.92717 1904
9.93077 1428
9.93077 1904
9.93435 1428
9.93435 1904
9.98887 1428
9.98887 1904
9.98887 7616
10.1154 1904
10.4265 7616
10.8605 8092
10.8605 7616
10.8641 7140
10.8677 6664
10.8713 6188
10.8785 5712
10.8821 5236
10.8857 4760
10.8893 4284
10.8929 3808
10.8965 3332
10.9037 2856
10.9073 2380
10.9109 1904
10.9618 1428
10.9618 1904
10.966 1428
10.966 1904
10.966 8092
11.5151 7616
11.5187 7140
11.5223 6664
11.5259 6188
11.5295 5712
11.5331 5236
11.5367 4760
11.5403 4284
11.5439 3808
11.5475 3332
11.5984 2856
11.602 2380
11.6092 1904
11.6128 1428
11.6128 1904
11.6164 1428
11.6164 1904
11.62 1428
11.62 1904
11.62 8092
11.9779 7616
12.0324 7140
12.036 6664
12.0396 5712
12.0432 4760
12.0468 3808
12.0504 2856
12.054 1904
12.0576 952
12.0576 1428
12.0576 1904
12.0612 952
12.0612 1428
12.0612 1904
12.0648 952
12.0648 1428
12.0648 1904
12.072 952
12.072 1428
12.072 1904
12.0756 952
12.0756 1428
12.0756 1904
12.0792 952
12.0792 1428
12.0792 1904
12.0828 952
12.0828 3332
12.0834 2856
12.0864 2380
12.1805 1904
12.1805 8092
14.4267 8568
14.4267 8092
14.4302 7616
14.4338 7140
14.4374 6664
14.441 6188
14.4446 5712
14.4884 5236
14.492 4760
14.5028 4284
14.5064 3808
14.51 3332
14.5136 2856
14.5172 2380
14.5208 1904
14.5244 1428
14.5244 1904
14.528 1428
14.528 1904
14.5316 1428
14.5316 1904
14.5316 8568
16.083 8092
16.0866 7616
16.0902 7140
16.0938 6664
16.101 6188
16.1046 5712
16.1447 4760
16.1483 3808
16.1591 2856
16.1627 1904
16.1663 952
16.1663 1428
16.1663 1904
16.1699 952
16.1699 1428
16.1699 1904
16.1771 952
16.1771 1428
16.1771 1904
16.1807 952
16.1807 1428
16.1807 1904
16.1843 952
16.1843 1428
16.1843 1904
16.1879 952
16.1879 4760
16.1885 4284
16.1915 3808
16.2856 3332
16.2856 8568
16.9582 8092
16.9618 7616
16.9654 7140
16.969 6664
16.9726 6188
16.9762 5712
16.9798 5236
16.9834 4760
16.987 4284
16.9906 3808
16.9942 3332
17.0415 2856
17.0451 2380
17.0523 1904
17.0559 1428
17.0559 1904
17.0595 1428
17.0595 1904
17.0631 1428
17.0631 1904
17.0631 8568
18.2674 8092
18.271 7616
18.2746 7140
18.2782 6664
18.2818 6188
18.2854 5712
18.289 5236
18.2926 4760
18.2962 4284
18.2998 3808
18.3034 3332
18.3507 2856
18.3543 2380
18.3615 1904
18.3651 1428
18.3651 1904
18.3687 1428
18.3687 1904
18.3723 1428
18.3723 1904
18.3723 8568
18.6289 8092
18.6325 7616
18.6361 7140
18.6834 6664
18.687 6188
18.6906 5712
18.6978 5236
18.7014 4760
18.705 4284
18.7086 3808
18.7122 3332
18.7158 2856
18.723 2380
18.7266 1904
18.7302 1428
18.7302 1904
18.7338 1428
18.7338 1904
18.7338 8568
19.0989 8092
19.1025 7616
19.1061 7140
19.1246 6664
19.1282 6188
19.1606 5712
19.1642 5236
19.1678 4760
19.1714 4284
19.175 3808
19.1786 3332
19.1822 2856
19.1858 2380
19.193 1904
19.1966 1428
19.1966 1904
19.2002 1428
19.2002 1904
19.2038 1428
19.2038 1904
19.2038 8568
19.6486 8092
19.6522 7616
19.6558 7140
19.6594 6664
19.663 6188
19.6666 5712
19.6702 5236
19.6738 4760
19.6774 4284
19.681 3808
19.6846 3332
19.732 2856
19.7356 2380
19.7428 1904
19.7464 1428
19.7464 1904
19.75 1428
19.75 1904
19.7535 1428
19.7535 1904
19.7535 8568
19.9886 9044
19.9886 8568
19.9922 8092
19.9958 7616
19.9994 7140
20.003 6664
20.0066 6188
20.0102 5712
20.0138 5236
20.0647 4760
20.0683 4284
20.0719 3332
20.0755 2380
20.0791 1428
20.0791 1904
20.0827 952
20.0827 1428
20.0827 1904
20.0863 952
20.0863 1428
20.0863 1904
20.0899 952
20.0899 1428
20.0899 1904
20.0935 952
20.0935 6188
20.0971 5712
20.1912 5236
20.1912 9044
20.3069 9520
20.3069 9044
20.3105 8568
20.3141 8092
20.3177 7616
20.3213 7140
20.3249 6664
20.3285 6188
20.3321 5712
20.3357 5236
20.3393 4760
20.3429 4284
20.3465 3808
20.3501 3332
20.3537 2856
20.3573 2380
20.3609 1904
20.4046 1428
20.4046 1904
20.4082 1428
20.4082 1904
20.4118 1428
20.4118 1904
20.4118 9520
21.0952 9996
21.0952 9520
21.0988 9044
21.1024 8568
21.106 8092
21.1096 7616
21.1132 7140
21.1168 6664
21.1569 6188
21.1605 5712
21.1641 5236
21.1677 4760
21.1713 4284
21.1749 3808
21.1785 3332
21.1821 2856
21.1893 2380
21.1965 1904
21.2001 1428
21.2001 1904
21.2942 1428
21.2942 1904
21.305 1428
21.305 1904
21.305 9996
22.3612 10472
22.3612 9996
22.3648 9520
22.3684 9044
22.372 8568
22.3756 8092
22.3792 7616
22.3828 7140
22.3864 6664
22.39 6188
22.3936 5712
22.3972 5236
22.4008 4760
22.4044 4284
22.408 3808
22.4116 3332
22.4152 2856
22.4482 2380
22.4518 1904
22.459 1428
22.459 1904
22.4626 1428
22.4626 1904
22.4662 1428
22.4662 1904
22.4662 10472
22.7809 10948
22.7809 10472
22.7845 9996
22.7881 9520
22.7917 9044
22.7953 8568
22.7989 8092
22.8025 7616
22.8061 7140
22.8097 6664
22.8133 6188
22.8169 5712
22.8205 5236
22.8241 4760
22.8277 4284
22.8313 3808
22.8349 3332
22.8385 2856
22.8457 2380
22.8493 1904
22.8529 1428
22.8529 1904
22.8822 1428
22.8822 1904
22.8864 1428
22.8864 1904
22.8864 10948
23.2653 10472
23.2653 9996
23.2689 9520
23.2725 9044
23.2761 8568
23.2797 8092
23.309 7616
23.3126 7140
23.3162 6664
23.3198 6188
23.3234 5712
23.327 5236
23.3306 4760
23.3342 4284
23.3378 3808
23.3414 3332
23.345 2856
23.3486 2380
23.3594 1904
23.363 1428
23.363 1904
23.3666 1428
23.3666 1904
23.3702 1428
23.3702 1904
23.3702 10948
23.7353 11424
23.7353 10948
23.7389 10472
23.7497 9996
23.7533 9520
23.7569 9044
23.7605 8568
23.7826 8092
23.7862 7616
23.7898 7140
23.7934 6664
23.797 6188
23.8006 5712
23.8042 5236
23.8078 4760
23.8114 4284
23.815 3808
23.8186 3332
23.8222 2856
23.8258 2380
23.8294 1904
23.833 1428
23.833 1904
23.8366 1428
23.8366 1904
23.8402 1428
23.8402 1904
23.8402 11424
25.6883 10948
25.6919 10472
25.6955 9996
25.6991 9520
25.7027 9044
25.7063 8568
25.7099 8092
25.7135 7616
25.7171 7140
25.7207 6664
25.7243 6188
25.7279 5712
25.7315 5236
25.7351 4760
25.7387 4284
25.7423 3808
25.7459 3332
25.7495 2856
25.7531 2380
25.7824 1904
25.786 1428
25.786 1904
25.7896 1428
25.7896 1904
25.7932 1428
25.7932 1904
25.7932 11424
26.0498 10948
26.0534 10472
26.057 9996
26.0606 9520
26.0642 9044
26.0678 8568
26.0714 8092
26.075 7616
26.0786 7140
26.1043 6664
26.1079 6188
26.1115 5712
26.1151 5236
26.1187 4760
26.1223 4284
26.1259 3808
26.1295 3332
26.1331 2856
26.1367 2380
26.1439 1904
26.1475 1428
26.1475 1904
26.1511 1428
26.1511 1904
26.1547 1428
26.1547 1904
26.1547 11424
26.7949 1904
27.0839 11424
27.9519 11900
27.9519 11424
27.9555 10948
27.9591 10472
27.9627 9996
27.9663 9520
27.9699 9044
27.9735 8568
27.9771 8092
27.9807 7616
27.9843 7140
27.9879 6664
27.9915 6188
27.9951 5712
27.9987 5236
28.0023 4760
28.0059 4284
28.0095 3808
28.0131 3332
28.0167 2856
28.0239 2380
28.0275 1904
28.0311 1428
28.0311 1904
28.0532 1428
28.0532 1904
28.0574 1428
28.0574 1904
28.0574 11900
28.8667 12376
28.8667 11900
28.8703 11424
28.8739 10948
28.8775 10472
28.8996 9996
28.9032 9520
28.9068 9044
28.9104 8568
28.914 8092
28.9176 7616
28.9212 7140
28.9248 6664
28.9284 6188
28.932 5712
28.9356 5236
28.9392 4760
28.9428 4284
28.9464 3808
28.95 3332
28.9536 2856
28.9572 2380
28.9608 1904
28.9644 1428
28.9644 1904
28.968 1428
28.968 1904
28.9716 1428
28.9716 1904
28.9716 12376
29.8504 12852
29.8504 12376
29.854 11900
29.8576 11424
29.8612 10948
29.8648 10472
29.8684 9996
29.872 9520
29.8756 9044
29.8792 8568
29.8828 8092
29.8864 7616
29.89 7140
29.8936 6664
29.8972 6188
29.9008 5712
29.9044 5236
29.908 4760
29.9116 4284
29.9152 3808
29.9337 3332
29.9373 2856
29.9409 2380
29.9445 1904
29.9481 1428
29.9481 1904
29.9517 1428
29.9517 1904
29.9553 1428
29.9553 1904
29.9553 12852
31.9083 12376
31.9155 11900
31.9191 11424
31.9227 10948
31.9371 10472
31.9407 9996
31.9443 9044
31.9479 8092
31.9515 7140
31.9587 6188
31.9623 5236
31.9695 4284
31.9731 3332
31.9767 2380
31.9803 1428
31.9803 1904
31.9839 952
31.9839 1428
31.9839 1904
31.9875 952
31.9875 1428
31.9875 1904
31.9911 952
31.9911 1428
31.9911 1904
32.0025 952
32.0025 1428
32.0025 1904
32.0061 952
32.0061 1428
32.0061 1904
32.0097 952
32.0097 1428
32.0097 1904
32.0132 952
32.0132 5236
32.0139 4760
32.0168 4284
32.0204 3808
32.1146 3332
32.1146 12852
32.8232 12376
32.8267 11900
32.8303 11424
32.8339 10948
32.8375 10472
32.8411 9996
32.8489 9520
32.8525 9044
32.8561 8568
32.8597 8092
32.8705 7616
32.8741 7140
32.8777 6664
32.8813 6188
32.8849 5712
32.8885 5236
32.8921 4760
32.8957 4284
32.8993 3808
32.9029 3332
32.9065 2856
32.9101 2380
32.9173 1904
32.9209 1428
32.9209 1904
32.9245 1428
32.9245 1904
32.9281 1428
32.9281 1904
32.9281 12852
33.4886 12376
33.4922 11900
33.4958 11424
33.4994 10948
33.503 10472
33.5066 9996
33.5102 9520
33.5138 9044
33.5174 8568
33.521 8092
33.5246 7616
33.5282 7140
33.5318 6664
33.5354 6188
33.5389 5712
33.5425 5236
33.5575 4760
33.5611 4284
33.5647 3808
33.5683 3332
33.5719 2856
33.5755 2380
33.5827 1904
33.5863 1428
33.5863 1904
33.5899 1428
33.5899 1904
33.5935 1428
33.5935 1904
33.5935 12852
34.4471 13328
34.4471 12852
34.4507 12376
34.4543 11900
34.4579 11424
34.4615 10948
34.4687 10472
34.4723 9996
34.4759 9044
34.4795 8092
34.4831 7140
34.4867 6188
34.4903 5236
34.4939 4284
34.4975 3332
34.5011 2380
34.5083 1428
34.5083 1904
34.5119 952
34.5119 1428
34.5119 1904
34.5155 952
34.5155 1428
34.5155 1904
34.5191 952
34.5191 1428
34.5191 1904
34.5227 952
34.5227 1428
34.5227 1904
34.5263 952
34.5263 1428
34.5263 1904
34.5299 952
34.5299 1428
34.5299 1904
34.5376 952
34.5376 1428
34.5376 1904
34.5412 952
34.5412 5236
34.5448 4760
34.552 4284
34.5556 3808
34.6425 3332
34.6425 13328
35.0004 12852
35.004 12376
35.0076 11900
35.0112 11424
35.0148 10948
35.0184 10472
35.022 9996
35.0256 9520
35.0292 9044
35.0328 8568
35.0364 8092
35.04 7616
35.0436 7140
35.0472 6664
35.0508 6188
35.0544 5712
35.058 5236
35.073 4760
35.0766 4284
35.0802 3332
35.0837 2380
35.0873 1428
35.0873 1904
35.0946 952
35.0946 1428
35.0946 1904
35.0982 952
35.0982 1428
35.0982 1904
35.1018 952
35.1018 1428
35.1018 1904
35.1059 952
35.1059 10948
35.2031 10472
35.2031 13328
35.2145 12376
35.2181 11900
35.2217 11424
35.2253 10948
35.2289 10472
35.2325 9996
35.2361 9520
35.2396 9044
35.2468 8568
35.2504 8092
35.254 7616
35.2576 7140
35.2612 6664
35.2648 6188
35.2684 5712
35.272 5236
35.2756 4760
35.2792 4284
35.2828 3808
35.308 3332
35.3116 2856
35.3152 2380
35.3188 1904
35.3194 1428
35.3194 1904
35.3194 13328
35.5472 12852
35.5508 12376
35.5544 11900
35.558 11424
35.5616 10948
35.5652 10472
35.5688 9996
35.5724 9520
35.576 9044
35.5796 8568
35.5832 8092
35.5868 7616
35.5904 7140
35.5939 6664
35.5975 6188
35.6011 5712
35.6047 5236
35.6083 4760
35.6119 4284
35.6155 3808
35.6191 3332
35.6227 2856
35.6263 2380
35.6413 1904
35.6449 1428
35.6449 1904
35.6485 1428
35.6485 1904
35.6521 1428
35.6521 1904
35.6521 13328
36.0244 13804
36.0244 13328
36.028 12852
36.0316 12376
36.0352 11900
36.0388 11424
36.0424 10948
36.046 10472
36.0496 9996
36.0532 9520
36.0568 9044
36.0717 8568
36.0753 8092
36.0789 7616
36.0825 7140
36.0861 6664
36.0897 6188
36.0933 5712
36.0969 5236
36.1005 4760
36.1041 4284
36.1077 3808
36.1113 3332
36.1149 2856
36.1185 2380
36.1221 1904
36.1257 1428
36.1257 1904
36.1293 1428
36.1293 1904
36.1293 13804
36.7402 14280
36.7402 13804
36.7438 13328
36.7474 12852
36.751 12376
36.7587 11900
36.7623 11424
36.7659 10948
36.7695 10472
36.7731 9996
36.7767 9520
36.7803 9044
36.7839 8568
36.7875 8092
36.7911 7616
36.7947 7140
36.7983 6664
36.8019 6188
36.8055 5712
36.8091 5236
36.8127 4760
36.8163 4284
36.8199 3808
36.8235 3332
36.8271 2856
36.8307 2380
36.8343 1904
36.8379 1428
36.8379 1904
36.8415 1428
36.8415 1904
36.8451 1428
36.8451 1904
36.8451 14280
37.0657 13804
37.0693 13328
37.0729 12852
37.0765 12376
37.0801 11900
37.0837 11424
37.0873 10948
37.0909 10472
37.0945 9996
37.0981 9520
37.1017 9044
37.1053 8568
37.1089 8092
37.1125 7616
37.1161 7140
37.1233 6664
37.1269 6188
37.1305 5236
37.1341 4284
37.1377 3332
37.1413 2380
37.1449 1428
37.1449 1904
37.1485 952
37.1485 1428
37.1485 1904
37.1521 952
37.1521 1428
37.1521 1904
37.1598 952
37.1598 1428
37.1598 1904
37.1634 952
37.1634 1428
37.1634 1904
37.167 952
37.167 1428
37.167 1904
37.1706 952
37.1706 9996
37.1712 9520
37.1742 9044
37.2683 8568
37.2683 1904
37.2683 14280
37.2755 1904
37.5902 14280
37.9877 14756
37.9877 14280
37.9913 13804
37.9949 13328
37.9985 12852
38.0021 12376
38.0057 11900
38.0093 11424
38.0129 10948
38.0165 10472
38.0206 9996
38.0242 9520
38.0278 9044
38.0314 8568
38.035 8092
38.0386 7616
38.0422 7140
38.0458 6664
38.0494 6188
38.053 5712
38.0566 5236
38.0602 4760
38.0638 4284
38.0674 3808
38.071 3332
38.0746 2856
38.0782 2380
38.0818 1904
38.0854 1428
38.0854 1904
38.089 1428
38.089 1904
38.0926 1428
38.0926 1904
38.0926 14756
39.0797 14280
39.0833 13804
39.0869 13328
39.0905 12852
39.0941 12376
39.0977 11900
39.1013 11424
39.1049 10948
39.1085 10472
39.1121 9996
39.1157 9520
39.1193 9044
39.1229 8568
39.1265 8092
39.1343 7616
39.1379 7140
39.1415 6664
39.1487 6188
39.1523 5712
39.1559 5236
39.1595 4760
39.163 4284
39.1666 3808
39.1702 3332
39.1738 2856
39.1774 2380
39.181 1904
39.1846 1428
39.1846 1904
39.1852 1428
39.1852 1904
39.1852 14756
39.6068 14280
39.6104 13804
39.614 13328
39.6176 12852
39.6212 12376
39.6248 11900
39.6284 11424
39.632 10948
39.6356 10472
39.6392 9996
39.6428 9520
39.6464 9044
39.65 8568
39.6536 8092
39.6572 7616
39.6608 7140
39.6644 6664
39.668 6188
39.6715 5712
39.6788 5236
39.6824 4760
39.686 3808
39.6896 2856
39.6932 1904
39.6968 952
39.6968 1428
39.6968 1904
39.7009 952
39.7009 1428
39.7009 1904
39.7045 952
39.7045 1428
39.7045 1904
39.7081 952
39.7081 1428
39.7081 1904
39.7117 952
39.7117 11900
39.7123 11424
39.7153 10948
39.8094 10472
39.8094 14756
39.849 12376
39.849 11900
39.8526 11424
39.8562 10948
39.8598 10472
39.8634 9996
39.867 9520
39.8706 9044
39.8742 8568
39.8778 8092
39.8814 7616
39.885 7140
39.8886 6664
39.9143 6188
39.9179 5712
39.9215 5236
39.9287 4760
39.9323 4284
39.9359 3332
39.9395 2380
39.9431 1428
39.9431 1904
39.9467 952
39.9467 1428
39.9467 1904
39.9503 952
39.9503 1428
39.9503 1904
39.9539 952
39.9539 1428
39.9539 1904
39.9545 952
39.9545 9520
39.9575 9044
40.0552 8568
40.0552 14756
40.4881 14280
40.4917 13804
40.4953 13328
40.4989 12852
40.5025 12376
40.5061 11900
40.5097 11424
40.5133 10948
40.5169 10472
40.5205 9996
40.5241 9520
40.5277 9044
40.5313 8568
40.5349 8092
40.5385 7616
40.5421 7140
40.5457 6664
40.5493 6188
40.5529 5712
40.5565 5236
40.5601 4760
40.5637 4284
40.5673 3808
40.5709 3332
40.5745 2856
40.5781 2380
40.5823 1904
40.5859 1428
40.5859 1904
40.5895 1428
40.5895 1904
40.593 1428
40.593 1904
40.593 14756
40.8707 15232
40.8707 14756
40.8743 14280
40.8779 13804
40.8815 13328
40.8851 12852
40.8887 12376
40.8923 11900
40.8959 11424
40.8995 10948
40.9031 10472
40.9067 9996
40.9103 9520
40.9139 9044
40.9175 8568
40.9211 8092
40.9247 7616
40.9283 7140
40.9319 6664
40.9355 6188
40.9391 5712
40.9427 5236
40.9463 4760
40.9499 4284
40.9535 3808
40.9571 3332
40.9607 2856
40.9643 2380
40.9679 1904
40.9715 1428
40.9715 1904
40.9751 1428
40.9751 1904
40.9763 1428
40.9763 1904
40.9763 15232
41.7601 14756
41.7637 14280
41.7673 13804
41.7745 13328
41.7781 12852
41.7817 11900
41.7853 10948
41.7889 9996
41.7925 9044
41.7961 8092
41.7997 7140
41.8033 6188
41.8069 5236
41.8105 4284
41.8141 3332
41.8177 2380
41.8213 1428
41.8213 1904
41.8285 952
41.8285 1904
41.8321 952
41.8321 1428
41.8321 1904
41.8357 952
41.8357 1428
41.8357 1904
41.8393 952
41.8393 1428
41.8393 1904
41.8429 952
41.8429 1428
41.8429 1904
41.8465 952
41.8465 1428
41.8465 1904
41.8501 952
41.8501 1428
41.8501 1904
41.8537 952
41.8537 1428
41.8537 1904
41.8573 952
41.8573 1428
41.8573 1904
41.8609 952
41.8609 1428
41.8609 1904
41.8645 952
41.8645 1428
41.8645 1904
41.8651 952
41.8651 3808
41.8681 3332
41.9658 2856
41.9658 15232
42.7694 14756
42.773 14280
42.7766 13804
42.7802 13328
42.7838 12852
42.7874 12376
42.791 11900
42.7946 11424
42.7982 10948
42.8018 10472
42.8054 9996
42.809 9520
42.8126 9044
42.8162 8568
42.8198 8092
42.8234 7616
42.827 7140
42.8306 6664
42.8342 6188
42.8378 5712
42.8414 5236
42.8486 4760
42.8521 4284
42.8557 3808
42.8593 3332
42.8629 2856
42.8665 2380
42.8701 1904
42.8737 1428
42.8737 1904
42.8743 1428
42.8743 1904
42.8743 15232
43.1406 14756
43.1406 14280
43.1442 13804
43.1478 13328
43.1514 12852
43.155 12376
43.1586 11900
43.1622 11424
43.1658 10948
43.1694 10472
43.173 9996
43.1766 9520
43.1802 9044
43.1838 8568
43.1874 8092
43.191 7616
43.1946 7140
43.1982 6664
43.2018 6188
43.2054 5712
43.209 5236
43.2126 4760
43.2162 4284
43.2198 3808
43.2234 3332
43.227 2856
43.2306 2380
43.2342 1904
43.2378 1428
43.2378 1904
43.2414 1428
43.2414 1904
43.2449 1428
43.2449 1904
43.2449 15232
43.573 14756
43.5766 14280
43.5802 13804
43.5838 13328
43.5874 12852
43.591 12376
43.5946 11900
43.5982 11424
43.6018 10948
43.6054 10472
43.609 9996
43.6126 9520
43.6162 9044
43.6198 8568
43.6234 8092
43.627 7616
43.6306 7140
43.6342 6664
43.6378 6188
43.6414 5712
43.645 5236
43.6486 4760
43.6522 4284
43.6557 3808
43.6593 3332
43.6629 2856
43.6665 2380
43.6701 1904
43.6737 1428
43.6737 1904
43.6773 1428
43.6773 1904
43.6786 1428
43.6786 1904
43.6786 15232
43.973 14756
43.973 14280
43.9766 13804
43.9802 13328
43.9838 12852
43.9874 12376
43.991 11900
43.9946 11424
43.9982 10948
44.0018 10472
44.0054 9996
44.009 9520
44.0126 9044
44.0162 8568
44.0198 8092
44.0234 7616
44.027 7140
44.0306 6664
44.0342 6188
44.0378 5712
44.0414 5236
44.045 4760
44.0486 4284
44.0522 3808
44.0558 3332
44.0593 2856
44.0629 2380
44.0665 1904
44.0701 1428
44.0701 1904
44.0737 1428
44.0737 1904
44.0773 1428
44.0773 1904
44.0773 15232
44.391 14756
44.391 14280
44.3946 13804
44.3982 13328
44.4018 12852
44.4054 12376
44.409 11900
44.4126 11424
44.4162 10948
44.4198 10472
44.4234 9996
44.427 9520
44.4306 9044
44.4342 8568
44.4378 8092
44.4414 7616
44.445 7140
44.4486 6664
44.4522 6188
44.4558 5712
44.4593 5236
44.4629 4760
44.4665 4284
44.4701 3808
44.4743 3332
44.4779 2856
44.4815 2380
44.4851 1904
44.4887 1428
44.4887 1904
44.4923 1428
44.4923 1904
44.4959 1428
44.4959 1904
44.4959 15232
44.7159 14756
44.7159 14280
44.7195 13804
44.7231 13328
44.7267 12852
44.7303 12376
44.7339 11900
44.7375 11424
44.7411 10948
44.7447 10472
44.7483 9996
44.7519 9520
44.7555 9044
44.7591 8568
44.7627 8092
44.7663 7616
44.7699 7140
44.7735 6664
44.7771 6188
44.7807 5712
44.7843 5236
44.7879 4760
44.7915 4284
44.7951 3808
44.7987 3332
44.8023 2856
44.8059 2380
44.8095 1904
44.8131 1428
44.8131 1904
44.8167 1428
44.8167 1904
44.8203 1428
44.8203 1904
44.8203 15232
44.9324 14756
44.936 14280
44.9432 13804
44.9468 13328
44.9504 12376
44.954 11424
44.9576 10472
44.9612 9520
44.9648 8568
44.9684 7616
44.972 6664
44.9756 5712
44.9792 4760
44.9828 3808
44.9864 2856
44.99 1904
44.9936 952
44.9936 1428
44.9936 1904
44.9972 952
44.9972 1428
44.9972 1904
45.0008 952
45.0008 1428
45.0008 1904
45.0044 952
45.0044 1428
45.0044 1904
45.008 952
45.008 1428
45.008 1904
45.0116 952
45.0116 1428
45.0116 1904
45.0152 952
45.0152 1428
45.0152 1904
45.0188 952
45.0188 1428
45.0188 1904
45.0224 952
45.0224 1428
45.0224 1904
45.026 952
45.026 1428
45.026 1904
45.0296 952
45.0296 1428
45.0296 1904
45.0332 952
45.0332 1428
45.0332 1904
45.0368 952
45.0368 1428
45.0368 1904
45.038 952
45.038 3332
45.0404 2856
45.1381 2380
45.1381 15232
45.2754 14756
45.2754 14280
45.279 13804
45.2826 13328
45.2862 12852
45.2898 12376
45.2934 11900
45.297 11424
45.3006 10948
45.3042 10472
45.3078 9996
45.3114 9520
45.315 9044
45.3186 8568
45.3222 8092
45.3258 7616
45.3294 7140
45.333 6664
45.3366 6188
45.3402 5712
45.3438 5236
45.3474 4760
45.351 4284
45.3546 3808
45.3582 3332
45.3618 2856
45.3654 2380
45.369 1904
45.3726 1428
45.3726 1904
45.3762 1428
45.3762 1904
45.3797 1428
45.3797 1904
45.3797 15232
45.4955 14756
45.4955 14280
45.4991 13804
45.5027 13328
45.5063 12852
45.5099 12376
45.5135 11900
45.5171 11424
45.5207 10948
45.5243 10472
45.5278 9996
45.5314 9520
45.535 9044
45.5386 8568
45.5422 8092
45.5458 7616
45.5494 7140
45.553 6664
45.5566 6188
45.5602 5712
45.5638 5236
45.5674 4760
45.571 4284
45.5746 3808
45.5782 3332
45.5818 2856
45.5854 2380
45.589 1904
45.5926 1428
45.5926 1904
45.5962 1428
45.5962 1904
45.6004 1428
45.6004 1904
45.6004 15232
45.911 14756
45.911 14280
45.9146 13804
45.9182 13328
45.9218 12852
45.9254 12376
45.929 11900
45.9326 11424
45.9362 10948
45.9398 10472
45.9434 9996
45.947 9520
45.9506 9044
45.9542 8568
45.9578 8092
45.9614 7616
45.965 7140
45.9686 6664
45.9722 6188
45.9758 5712
45.9794 5236
45.983 4760
45.9866 4284
45.9902 3808
45.9938 3332
45.9974 2856
46.001 2380
46.0046 1904
46.0082 1428
46.0082 1904
46.0118 1428
46.0118 1904
46.0166 1428
46.0166 1904
46.0166 15232
46.3806 14756
46.3806 14280
46.3842 13804
46.3878 13328
46.3914 12852
46.395 12376
46.3986 11900
46.4058 11424
46.4094 10948
46.413 9996
46.4166 9044
46.4202 8092
46.4238 7140
46.4274 6188
46.431 5236
46.4346 4284
46.4382 3332
46.4418 2380
46.4454 1428
46.4454 1904
46.449 952
46.449 1428
46.449 1904
46.4526 952
46.4526 1428
46.4526 1904
46.4562 952
46.4562 1428
46.4562 1904
46.4598 952
46.4598 1428
46.4598 1904
46.4634 952
46.4634 1428
46.4634 1904
46.467 952
46.467 1428
46.467 1904
46.4706 952
46.4706 1428
46.4706 1904
46.4742 952
46.4742 1428
46.4742 1904
46.4778 952
46.4778 1428
46.4778 1904
46.4814 952
46.4814 1428
46.4814 1904
46.485 952
46.485 5712
46.4856 5236
46.4886 4760
46.5899 4284
46.5899 15232
46.6115 5712
46.6115 5236
46.6151 4760
46.6948 4284
46.6984 3808
46.702 3332
46.7056 2856
46.7092 2380
46.7128 1904
46.717 1428
46.717 1904
46.717 15232
47.5463 14756
47.5463 14280
47.5535 13804
47.5607 13328
47.5643 12852
47.5679 11900
47.5715 10948
47.5751 9996
47.5787 9044
47.5823 8092
47.5859 7140
47.5895 6188
47.5931 5236
47.5967 4284
47.6003 3332
47.6039 2380
47.6075 1428
47.6075 1904
47.6111 952
47.6111 1428
47.6111 1904
47.6147 952
47.6147 1428
47.6147 1904
47.6183 952
47.6183 1428
47.6183 1904
47.6219 952
47.6219 1428
47.6219 1904
47.6255 952
47.6255 1428
47.6255 1904
47.6291 952
47.6291 1428
47.6291 1904
47.6363 952
47.6363 1904
47.6399 952
47.6399 1428
47.6399 1904
47.6435 952
47.6435 1428
47.6435 1904
47.6471 952
47.6471 1428
47.6471 1904
47.6506 952
47.6506 4284
47.6512 3808
47.6542 3332
47.6584 2856
47.752 2380
47.752 15232
48.4908 14756
48.4944 14280
48.498 13804
48.5016 13328
48.5052 12852
48.5088 12376
48.5124 11900
48.516 11424
48.5196 10948
48.5232 10472
48.5268 9996
48.5304 9520
48.534 9044
48.5376 8568
48.5412 8092
48.5447 7616
48.5483 7140
48.5519 6664
48.5555 6188
48.5591 5712
48.5627 5236
48.5663 4760
48.5699 4284
48.5735 3808
48.5771 3332
48.5807 2856
48.5843 2380
48.5879 1904
48.5915 1428
48.5915 1904
48.5951 1428
48.5951 1904
48.5957 1428
48.5957 1904
48.5957 15232
48.8044 14756
48.8044 14280
48.808 13804
48.8116 13328
48.8152 12852
48.8188 12376
48.8224 11900
48.826 11424
48.8296 10948
48.8332 10472
48.8368 9996
48.8404 9520
48.844 9044
48.8476 8568
48.8512 8092
48.8548 7616
48.8584 7140
48.862 6664
48.8656 6188
48.8692 5712
48.8728 5236
48.8764 4760
48.88 4284
48.8836 3808
48.8872 3332
48.8908 2856
48.898 2380
48.9016 1904
48.9052 1428
48.9052 1904
48.9088 1428
48.9088 1904
48.9088 15232
49.1288 14756
49.1288 14280
49.1324 13804
49.136 13328
49.1396 12852
49.1432 12376
49.1468 11900
49.1504 11424
49.154 10948
49.1576 10472
49.1612 9996
49.1648 9520
49.1684 9044
49.172 8568
49.1756 8092
49.1792 7616
49.1828 7140
49.1864 6664
49.19 6188
49.1936 5712
49.1972 5236
49.2008 4760
49.2044 4284
49.208 3808
49.2152 3332
49.2188 2856
49.2224 2380
49.226 1904
49.2296 1428
49.2296 1904
49.2332 1428
49.2332 1904
49.2332 15232
49.3885 14756
49.3885 14280
49.3921 13804
49.3957 13328
49.3993 12852
49.4029 12376
49.4065 11900
49.4101 11424
49.4137 10948
49.4173 10472
49.4209 9996
49.4245 9520
49.4281 9044
49.4317 8568
49.4353 8092
49.4389 7616
49.4425 7140
49.4461 6664
49.4497 6188
49.4533 5712
49.4569 5236
49.4605 4760
49.4641 4284
49.4677 3808
49.4713 3332
49.4749 2856
49.4785 2380
49.4821 1904
49.4856 1428
49.4856 1904
49.4892 1428
49.4892 1904
49.4928 1428
49.4928 1904
49.4928 15232
49.8497 14756
49.8497 14280
49.8533 13804
49.8569 13328
49.8605 12852
49.8641 12376
49.8677 11900
49.8713 11424
49.8749 10948
49.8785 10472
49.8821 9996
49.8857 9520
49.8892 9044
49.8928 8568
49.8964 8092
49.9 7616
49.9036 7140
49.9072 6664
49.9108 6188
49.9144 5712
49.918 5236
49.9216 4760
49.9252 4284
49.9288 3808
49.9324 3332
49.936 2856
49.9396 2380
49.9432 1904
49.9468 1428
49.9468 1904
49.9504 1428
49.9504 1904
49.954 1428
49.954 1904
49.954 15232
50.2286 15708
50.2286 15232
50.2322 14756
50.2358 13804
50.2394 12852
50.243 11900
50.2466 10948
50.2502 9996
50.2538 9044
50.2574 8092
50.261 7140
50.2646 6188
50.2682 5236
50.2718 4284
50.2754 3332
50.279 2380
50.2826 1428
50.2826 1904
50.2862 952
50.2862 1428
50.2862 1904
50.2898 952
50.2898 1428
50.2898 1904
50.2934 952
50.2934 1428
50.2934 1904
50.297 952
50.297 1428
50.297 1904
50.3042 952
50.3042 1428
50.3042 1904
50.3078 952
50.3078 1428
50.3078 1904
50.3114 476
50.3114 952
50.3114 1904
50.315 476
50.315 952
50.315 1904
50.3186 476
50.3186 952
50.3186 1904
50.3222 476
50.3222 952
50.3222 1904
50.3258 476
50.3258 952
50.3258 1904
50.3294 476
50.3294 952
50.3294 1904
50.333 476
50.333 952
50.333 1904
50.3336 476
50.3336 1904
50.3366 952
50.3366 1428
50.3366 1904
50.4343 952
50.4343 10948
50.4379 10472
50.4379 15708
50.9351 14756
50.9351 14280
50.9387 13804
50.9423 13328
50.9459 12852
50.9495 12376
50.9531 11900
50.9567 11424
50.9603 10948
50.9639 10472
50.9675 9996
50.9711 9520
50.9747 9044
50.9783 8568
50.9819 8092
50.9855 7616
50.9891 7140
50.9927 6664
50.9963 6188
50.9999 5712
51.0034 5236
51.007 4760
51.0106 4284
51.0142 3808
51.0178 3332
51.0214 2856
51.025 2380
51.0286 1904
51.0322 1428
51.0322 1904
51.0358 1428
51.0358 1904
51.0394 1428
51.0394 1904
51.0394 15708
51.1587 15232
51.1587 14756
51.1659 14280
51.1695 13804
51.1731 13328
51.1767 12852
51.1803 12376
51.1839 11900
51.1875 11424
51.1911 10948
51.1947 10472
51.1983 9996
51.2019 9520
51.2055 9044
51.2091 8568
51.2127 8092
51.2163 7616
51.2199 7140
51.2235 6664
51.2271 6188
51.2307 5712
51.2343 5236
51.2379 4760
51.2415 4284
51.2451 3808
51.2487 3332
51.2523 2856
51.2559 2380
51.2595 1904
51.2631 1428
51.2631 1904
51.2637 1428
51.2637 1904
51.2637 15708
51.3716 15232
51.3716 14756
51.3752 14280
51.3788 13804
51.3824 13328
51.386 12852
51.3896 12376
51.3932 11900
51.3968 11424
51.4004 10948
51.404 10472
51.4076 9996
51.4112 9520
51.4148 9044
51.4184 8568
51.422 8092
51.4256 7616
51.4292 7140
51.4328 6664
51.4364 6188
51.44 5712
51.4436 5236
51.4472 4760
51.4508 4284
51.4544 3808
51.458 3332
51.4616 2856
51.4641 476
51.4652 1904
52.2164 15708
52.3609 15232
52.3609 14756
52.3645 14280
52.3681 13804
52.3717 13328
52.3753 12852
52.3789 12376
52.3825 11900
52.386 11424
52.3896 10948
52.3932 10472
52.3968 9996
52.4004 9520
52.404 9044
52.4076 8568
52.4112 8092
52.4148 7616
52.4184 7140
52.422 6664
52.4256 6188
52.4292 5712
52.4328 5236
52.4364 4760
52.44 4284
52.4436 3808
52.4472 3332
52.4508 2856
52.4544 2380
52.458 1904
52.4616 1428
52.4616 1904
52.4652 1428
52.4652 1904
52.4664 1428
52.4664 1904
52.4664 15708
52.912 15232
52.912 14756
52.9156 14280
52.9192 13804
52.9228 13328
52.9264 12852
52.93 12376
52.9336 11900
52.9372 11424
52.9408 10948
52.9444 10472
52.948 9996
52.9516 9520
52.9552 9044
52.9588 8568
52.9624 8092
52.966 7616
52.9696 7140
52.9732 6664
52.9768 6188
52.9804 5712
52.984 5236
52.9876 4760
52.9912 4284
52.9948 3808
52.9984 3332
53.002 2856
53.0056 2380
53.0092 1904
53.0128 1428
53.0128 1904
53.0164 1428
53.0164 1904
53.017 1428
53.017 1904
53.017 15708
53.8806 15232
53.8806 14756
53.8842 14280
53.8878 13804
53.8914 13328
53.895 12852
53.8986 12376
53.9022 11900
53.9058 11424
53.9094 10948
53.913 10472
53.9166 9996
53.9202 9520
53.9238 9044
53.9274 8568
53.931 8092
53.9346 7616
53.9382 7140
53.9418 6664
53.9454 6188
53.949 5712
53.9526 5236
53.9562 4760
53.9598 4284
53.9634 3808
53.967 3332
53.9706 2856
53.9741 2380
53.9777 1904
53.9813 1428
53.9813 1904
53.9849 1428
53.9849 1904
53.9855 1428
53.9855 1904
53.9855 15708
54.5613 14756
54.5613 14280
54.5649 13804
54.5685 13328
54.5721 12852
54.5757 12376
54.5793 11900
54.5829 11424
54.5865 10948
54.5901 10472
54.5937 9996
54.5973 9520
54.6009 9044
54.6045 8568
54.6081 8092
54.6117 7616
54.6153 7140
54.6189 6664
54.6225 6188
54.6261 5712
54.6297 5236
54.6333 4760
54.6368 4284
54.6404 3808
54.644 3332
54.6476 2856
54.6512 2380
54.6548 1904
54.6584 1428
54.6584 1904
54.662 1428
54.662 1904
54.6656 1428
54.6656 1904
54.6656 15708
54.8353 14756
54.8353 14280
54.8389 13804
54.8425 13328
54.8461 12852
54.8497 12376
54.8533 11900
54.8569 11424
54.8641 10948
54.8677 10472
54.8713 9996
54.8749 9520
54.8785 9044
54.8821 8568
54.8857 8092
54.8893 7616
54.8929 7140
54.8965 6664
54.9001 6188
54.9037 5712
54.9073 5236
54.9109 4760
54.9145 4284
54.9181 3808
54.9217 3332
54.9253 2856
54.9289 2380
54.9325 1904
54.9361 1428
54.9361 1904
54.9397 1428
54.9397 1904
54.9397 15708
55.3541 14756
55.3541 14280
55.3577 13804
55.3613 13328
55.3649 12852
55.3685 12376
55.3721 11900
55.3757 11424
55.3793 10948
55.3829 10472
55.3865 9996
55.3901 9520
55.3937 9044
55.3973 8568
55.4009 8092
55.4045 7616
55.4081 7140
55.4117 6664
55.4153 6188
55.4189 5712
55.4225 5236
55.4261 4760
55.4297 4284
55.4333 3808
55.4369 3332
55.4404 2856
55.444 2380
55.4476 1904
55.4512 1428
55.4512 1904
55.4548 1428
55.4548 1904
55.4584 1428
55.4584 1904
55.4584 15708
56.6645 14756
56.6645 14280
56.6681 13804
56.6717 13328
56.6753 12852
56.6789 12376
56.6825 11900
56.6861 11424
56.6933 10948
56.6969 10472
56.7005 9996
56.7041 9520
56.7077 9044
56.7113 8568
56.7149 8092
56.7185 7616
56.7221 7140
56.7257 6664
56.7293 6188
56.7329 5712
56.7365 5236
56.7401 4760
56.7437 4284
56.7473 3808
56.7509 3332
56.7545 2856
56.7581 2380
56.7617 1904
56.7653 1428
56.7653 1904
56.7689 1428
56.7689 1904
56.7689 15708
57.0286 15232
57.0322 14756
57.0358 13804
57.0394 12852
57.043 11900
57.0466 10948
57.0502 9996
57.0538 9044
57.0573 8092
57.0609 7140
57.0645 6188
57.0681 5236
57.0754 4284
57.079 3332
57.0826 1904
57.0862 476
57.0862 952
57.0862 1904
57.0897 476
57.0897 952
57.0897 1904
57.0933 476
57.0933 952
57.0933 1904
57.0969 476
57.0969 952
57.0969 1904
57.1005 476
57.1005 952
57.1005 1904
57.1041 476
57.1041 952
57.1041 1904
57.1077 476
57.1077 952
57.1077 1904
57.1113 476
57.1113 952
57.1113 1904
57.1149 476
57.1149 952
57.1149 1904
57.1185 476
57.1185 952
57.1185 1904
57.1221 476
57.1221 952
57.1221 1904
57.1257 476
57.1257 952
57.1257 1904
57.1293 476
57.1293 952
57.1293 1904
57.1329 476
57.1329 952
57.1329 1904
57.1335 476
57.1335 1904
57.1365 952
57.1365 1428
57.1365 1904
57.2342 952
57.2342 7140
57.2378 6664
57.2378 15708
57.5839 15232
57.5839 14756
57.5875 14280
57.5911 13804
57.5947 13328
57.5983 12852
57.6019 12376
57.6055 11900
57.6091 11424
57.6127 10948
57.6163 10472
57.6199 9996
57.6235 9520
57.6271 9044
57.6306 8568
57.6342 8092
57.6378 7616
57.6414 7140
57.645 6664
57.6486 6188
57.6522 5712
57.6558 5236
57.6594 4760
57.663 4284
57.6666 3808
57.6702 3332
57.6738 2856
57.6774 2380
57.681 1904
57.6846 1428
57.6846 1904
57.6882 1428
57.6882 1904
57.6888 1428
57.6888 1904
57.6888 15708
58.2646 14756
58.2646 14280
58.2682 13804
58.2718 13328
58.2754 12852
58.279 12376
58.2826 11900
58.2862 11424
58.2898 10948
58.2933 10472
58.2969 9996
58.3005 9520
58.3041 9044
58.3077 8568
58.3113 8092
58.3149 7616
58.3185 7140
58.3221 6664
58.3257 6188
58.3293 5712
58.3329 5236
58.3365 4760
58.3401 4284
58.3437 3808
58.3509 3332
58.3545 2856
58.3581 2380
58.3617 1904
58.3653 1428
58.3653 1904
58.3689 1428
58.3689 1904
58.3689 15708
58.5098 15232
58.5098 14756
58.5134 14280
58.517 13804
58.5206 13328
58.5242 12852
58.5278 12376
58.5314 11900
58.535 11424
58.5386 10948
58.5422 10472
58.5458 9996
58.5494 9520
58.553 9044
58.5566 8568
58.5602 8092
58.5638 7616
58.5674 7140
58.571 6664
58.5746 6188
58.5782 5712
58.5818 5236
58.5854 4760
58.589 4284
58.5926 3808
58.5962 3332
58.5998 2856
58.6034 2380
58.607 1904
58.6106 1428
58.6106 1904
58.6142 1428
58.6142 1904
58.6148 1428
58.6148 1904
58.6148 15708
58.7371 15232
58.7371 14756
58.7407 14280
58.7443 13804
58.7479 13328
58.7515 12852
58.7551 12376
58.7587 11900
58.7623 11424
58.7659 10948
58.7695 10472
58.7731 9996
58.7767 9520
58.7803 9044
58.7839 8568
58.7875 8092
58.7911 7616
58.7947 7140
58.7983 6664
58.8019 6188
58.8055 5712
58.8091 5236
58.8127 4760
58.8163 4284
58.8199 3808
58.8235 3332
58.8271 2856
58.8307 2380
58.8343 1904
58.8378 1428
58.8378 1904
58.8414 1428
58.8414 1904
58.8427 1428
58.8427 1904
58.8427 15708
59.4826 14756
59.4826 14280
59.4862 13804
59.4898 13328
59.4934 12852
59.497 12376
59.5005 11900
59.5041 11424
59.5077 10948
59.5113 10472
59.5149 9996
59.5185 9520
59.5221 9044
59.5257 8568
59.5293 8092
59.5365 7616
59.5401 7140
59.5437 6188
59.5473 5236
59.5509 4284
59.5545 3332
59.5581 2380
59.5617 1428
59.5617 1904
59.5653 952
59.5653 1428
59.5653 1904
59.5689 952
59.5689 1428
59.5689 1904
59.5725 952
59.5725 1428
59.5725 1904
59.5761 952
59.5761 1428
59.5761 1904
59.5797 952
59.5797 1428
59.5797 1904
59.5833 952
59.5833 1428
59.5833 1904
59.5869 952
59.5869 9520
59.5875 9044
59.5905 8568
59.6846 8092
59.6846 15708
60.4769 14756
60.4769 14280
60.4805 13804
60.4841 13328
60.4877 12852
60.4913 12376
60.4949 11900
60.4985 11424
60.5021 10948
60.5057 10472
60.5093 9996
60.5129 9520
60.5165 9044
60.5201 8568
60.5237 8092
60.5273 7616
60.5309 7140
60.5345 6664
60.5381 6188
60.5417 5712
60.5453 5236
60.5489 4760
60.5525 4284
60.5561 3808
60.5597 3332
60.5632 2856
60.5668 2380
60.571 1904
60.5746 1428
60.5746 1904
60.5782 1428
60.5782 1904
60.5818 1428
60.5818 1904
60.5818 15708
60.7299 15232
60.7299 14756
60.7335 14280
60.7371 13804
60.7407 13328
60.7443 12852
60.7479 12376
60.7515 11900
60.7551 11424
60.7587 10948
60.7623 10472
60.7659 9996
60.7695 9520
60.7731 9044
60.7767 8568
60.7803 8092
60.7839 7616
60.7875 7140
60.7911 6664
60.7947 6188
60.7983 5712
60.8019 5236
60.8055 4760
60.8091 4284
60.8127 3808
60.8163 3332
60.8199 2856
60.8235 2380
60.8271 1904
60.8307 1428
60.8307 1904
60.8343 1428
60.8343 1904
60.8348 1428
60.8348 1904
60.8348 15708
61.0939 14756
61.0939 14280
61.0975 13804
61.1011 13328
61.1047 12852
61.1083 12376
61.1119 11900
61.1155 11424
61.1191 10948
61.1227 10472
61.1263 9996
61.1299 9520
61.1335 9044
61.1407 8568
61.1443 8092
61.1479 7616
61.1515 7140
61.1551 6664
61.1587 6188
61.1623 5712
61.1659 5236
61.1695 4760
61.1731 4284
61.1767 3808
61.1803 3332
61.1839 2856
61.1875 2380
61.1911 1904
61.1947 1428
61.1947 1904
61.1983 1428
61.1983 1904
61.1983 15708
63.7502 14756
63.7502 14280
63.7538 13804
63.7574 13328
63.761 12852
63.7646 12376
63.7682 11900
63.7718 11424
63.7754 10948
63.779 10472
63.7826 9996
63.7862 9520
63.7898 9044
63.7934 8568
63.797 8092
63.8006 7616
63.8042 7140
63.8078 6664
63.8114 6188
63.815 5712
63.8186 5236
63.8222 4760
63.8258 4284
63.8294 3808
63.833 3332
63.8366 2856
63.8402 2380
63.8438 1904
63.8474 1428
63.8474 1904
63.851 1428
63.851 1904
63.8546 1428
63.8546 1904
63.8546 15708
64.0603 14756
64.0603 14280
64.0639 13804
64.0675 13328
64.0711 12852
64.0747 12376
64.0783 11900
64.0819 11424
64.0855 10948
64.0891 10472
64.0927 9996
64.0963 9520
64.0999 9044
64.1035 8568
64.1071 8092
64.1107 7616
64.1143 7140
64.1179 6664
64.1215 6188
64.1251 5712
64.1287 5236
64.1323 4760
64.1359 4284
64.1394 3808
64.143 3332
64.1466 2856
64.1502 2380
64.1538 1904
64.1574 1428
64.1574 1904
64.161 1428
64.161 1904
64.1646 1428
64.1646 1904
64.1646 15708
64.4243 15232
64.4243 14756
64.4279 13804
64.4315 12852
64.4351 11900
64.4387 10948
64.4423 9996
64.4459 9044
64.4495 8092
64.4531 7140
64.4567 6188
64.4603 5236
64.4639 4284
64.4675 3332
64.4711 2380
64.4747 1428
64.4747 1904
64.4783 952
64.4783 1428
64.4783 1904
64.4819 952
64.4819 1428
64.4819 1904
64.4855 952
64.4855 1428
64.4855 1904
64.4891 952
64.4891 1428
64.4891 1904
64.4927 952
64.4927 1428
64.4927 1904
64.4963 952
64.4963 1428
64.4963 1904
64.4999 952
64.4999 1428
64.4999 1904
64.5035 952
64.5035 1428
64.5035 1904
64.5071 952
64.5071 1428
64.5071 1904
64.5107 952
64.5107 1428
64.5107 1904
64.5143 952
64.5143 1428
64.5143 1904
64.5215 952
64.5215 1904
64.5251 952
64.5251 1428
64.5251 1904
64.5287 952
64.5287 2380
64.5293 1904
64.5323 1428
64.5323 1904
64.6264 1428
64.6264 1904
64.6264 15708
64.886 15232
64.886 14756
64.8896 14280
64.8932 13804
64.8968 13328
64.9004 12852
64.904 12376
64.9076 11900
64.9112 11424
64.9148 10948
64.9184 10472
64.922 9996
64.9256 9520
64.9292 9044
64.9328 8568
64.9364 8092
64.94 7616
64.9436 7140
64.9472 6664
64.9508 6188
64.9544 5712
64.958 5236
64.9616 4760
64.9652 4284
64.9688 3808
64.9724 3332
64.976 2856
64.9796 2380
64.9832 1904
64.9868 1428
64.9868 1904
64.9904 1428
64.9904 1904
64.991 1428
64.991 1904
64.991 15708
65.1133 14756
65.1133 14280
65.1169 13804
65.1205 13328
65.1241 12852
65.1277 12376
65.1313 11900
65.1349 11424
65.1385 10948
65.1421 10472
65.1457 9996
65.1493 9520
65.1529 9044
65.1565 8568
65.1601 8092
65.1637 7616
65.1673 7140
65.1709 6664
65.1745 6188
65.1781 5712
65.1817 5236
65.1853 4760
65.1889 4284
65.1925 3808
65.1961 3332
65.1997 2856
65.2033 2380
65.2069 1904
65.2105 1428
65.2105 1904
65.2141 1428
65.2141 1904
65.2176 1428
65.2176 1904
65.2176 15708
65.4305 15232
65.4305 14756
65.4341 14280
65.4377 13804
65.4413 13328
65.4449 12852
65.4485 12376
65.4521 11900
65.4557 11424
65.4593 10948
65.4629 10472
65.4665 9996
65.4701 9520
65.4737 9044
65.4773 8568
65.4809 8092
65.4845 7616
65.4881 7140
65.4917 6664
65.4953 6188
65.4989 5712
65.5025 5236
65.5061 4760
65.5097 4284
65.5133 3808
65.5169 3332
65.5205 2856
65.5241 2380
65.5277 1904
65.5313 1428
65.5313 1904
65.5349 1428
65.5349 1904
65.5355 1428
65.5355 1904
65.5355 15708
66.0572 14756
66.0608 13804
66.0644 12852
66.068 11900
66.0716 10948
66.0752 9996
66.0788 9044
66.0824 8092
66.086 7140
66.0896 6188
66.0932 5236
66.0968 4284
66.1004 3332
66.104 2380
66.1076 1428
66.1076 1904
66.1112 952
66.1112 1428
66.1112 1904
66.1148 952
66.1148 1428
66.1148 1904
66.1184 952
66.1184 1428
66.1184 1904
66.122 952
66.122 1428
66.122 1904
66.1256 952
66.1256 1428
66.1256 1904
66.1292 952
66.1292 1428
66.1292 1904
66.1328 952
66.1328 1428
66.1328 1904
66.1364 952
66.1364 1428
66.1364 1904
66.14 952
66.14 1428
66.14 1904
66.1436 952
66.1436 1428
66.1436 1904
66.1472 952
66.1472 1428
66.1472 1904
66.1508 952
66.1508 1428
66.1508 1904
66.1544 952
66.1544 1428
66.1544 1904
66.158 952
66.158 1428
66.158 1904
66.1628 952
66.1628 1428
66.1628 1904
66.1652 1428
66.1652 1904
66.2701 15708
66.5009 14756
66.5009 14280
66.5045 13804
66.5081 13328
66.5117 12852
66.5153 12376
66.5189 11900
66.5225 11424
66.5261 10948
66.5297 10472
66.5333 9996
66.5369 9520
66.5405 9044
66.5441 8568
66.5477 8092
66.5513 7616
66.5549 7140
66.5585 6664
66.5621 6188
66.5657 5712
66.5693 5236
66.5729 4760
66.5801 4284
66.5837 3808
66.5873 3332
66.5909 2856
66.5945 2380
66.5981 1904
66.6017 1428
66.6017 1904
66.6053 1428
66.6053 1904
66.6053 15708
67.0773 14756
67.0773 14280
67.0809 13804
67.0845 13328
67.0881 12852
67.0917 12376
67.0953 11900
67.0989 11424
67.1025 10948
67.1061 10472
67.1097 9996
67.1133 9520
67.1169 9044
67.1205 8568
67.1241 8092
67.1277 7616
67.1313 7140
67.1385 6664
67.1421 6188
67.1457 5236
67.1529 4284
67.1565 3332
67.1601 2380
67.1637 1428
67.1637 1904
67.1673 952
67.1673 1428
67.1673 1904
67.1709 952
67.1709 1428
67.1709 1904
67.1745 952
67.1745 1428
67.1745 1904
67.1781 952
67.1781 1428
67.1781 1904
67.1816 952
67.1816 10472
67.1822 9996
67.1852 9520
67.283 9044
67.2865 8568
67.2865 15708
67.5102 14756
67.5102 14280
67.5138 13804
67.5174 13328
67.521 12852
67.5246 12376
67.5282 11900
67.5318 11424
67.5354 10948
67.539 10472
67.5426 9996
67.5462 9520
67.5498 9044
67.5534 8568
67.557 8092
67.5606 7616
67.5642 7140
67.5678 6664
67.5714 6188
67.575 5712
67.5786 5236
67.5822 4760
67.5858 4284
67.5894 3808
67.593 3332
67.5966 2856
67.6002 2380
67.6038 1904
67.6074 1428
67.6074 1904
67.611 1428
67.611 1904
67.6146 1428
67.6146 1904
67.6146 15708
67.9498 14756
67.9498 14280
67.9534 13804
67.957 13328
67.9606 12852
67.9642 12376
67.9678 11900
67.9714 11424
67.975 10948
67.9786 10472
67.9822 9996
67.9858 9520
67.9894 9044
67.993 8568
67.9966 8092
68.0002 7616
68.0038 7140
68.0074 6664
68.011 6188
68.0146 5712
68.0182 5236
68.0218 4760
68.0254 4284
68.029 3808
68.0326 3332
68.0362 2856
68.0398 2380
68.0434 1904
68.047 1428
68.047 1904
68.0506 1428
68.0506 1904
68.0548 1428
68.0548 1904
68.0548 15708
69.959 15232
69.959 14756
69.9626 14280
69.9662 13804
69.9698 13328
69.9734 12852
69.977 12376
69.9806 11900
69.9842 11424
69.9878 10948
69.9914 10472
69.995 9996
69.9986 9520
70.0022 9044
70.0058 8568
70.0094 8092
70.013 7616
70.0166 7140
70.0202 6664
70.0238 6188
70.0273 5712
70.0309 5236
70.0345 4760
70.0381 4284
70.0417 3808
70.0453 3332
70.0489 2856
70.0525 2380
70.0561 1904
70.0597 1428
70.0597 1904
70.0633 1428
70.0633 1904
70.0639 1428
70.0639 1904
70.0639 15708
70.7188 15232
70.7188 14756
70.7224 14280
70.726 13804
70.7296 13328
70.7332 12852
70.7368 12376
70.7404 11900
70.744 11424
70.7476 10948
70.7548 10472
70.7584 9996
70.762 9044
70.7656 8092
70.7692 7140
70.7728 6188
70.7764 5236
70.78 4284
70.7836 3332
70.7872 2380
70.7944 1428
70.7944 1904
70.798 952
70.798 1428
70.798 1904
70.8016 952
70.8016 1428
70.8016 1904
70.8052 952
70.8052 1428
70.8052 1904
70.8088 952
70.8088 1428
70.8088 1904
70.8124 952
70.8124 1428
70.8124 1904
70.816 952
70.816 1428
70.816 1904
70.8196 952
70.8196 1428
70.8196 1904
70.8232 952
70.8232 1428
70.8232 1904
70.8238 952
70.8238 6664
70.8268 6188
70.9245 5712
70.9245 15708
71.2669 15232
71.2669 14756
71.2705 14280
71.2741 13804
71.2777 13328
71.2813 12852
71.2849 12376
71.2885 11900
71.2921 11424
71.2957 10948
71.2993 10472
71.3029 9996
71.3065 9520
71.3101 9044
71.3137 8568
71.3173 8092
71.3209 7616
71.3245 7140
71.3281 6664
71.3317 6188
71.3353 5712
71.3389 5236
71.3425 4760
71.3461 4284
71.3497 3808
71.3533 3332
71.3569 2856
71.3605 2380
71.3641 1904
71.3677 1428
71.3677 1904
71.3713 1428
71.3713 1904
71.3719 1428
71.3719 1904
71.3719 15708
71.5014 15232
71.5014 14756
71.505 14280
71.5086 13804
71.5122 13328
71.5158 12852
71.5194 12376
71.523 11900
71.5266 11424
71.5302 10948
71.5338 10472
71.5374 9996
71.541 9520
71.5446 9044
71.5482 8568
71.5518 8092
71.5554 7616
71.559 7140
71.5626 6664
71.5662 6188
71.5734 5712
71.577 5236
71.5842 4760
71.5878 4284
71.5914 3332
71.595 2380
71.5986 1428
71.5986 1904
71.6022 952
71.6022 1428
71.6022 1904
71.6058 952
71.6058 1428
71.6058 1904
71.6064 952
71.6064 12852
71.6094 12376
71.6783 11900
71.7107 11424
71.7107 15708
72.4921 15232
72.4921 14756
72.4957 14280
72.4993 13328
72.5029 12376
72.5065 11424
72.5101 10472
72.5137 9520
72.5173 8568
72.5209 7616
72.5245 6664
72.5281 5712
72.5317 4760
72.5353 3808
72.5389 2856
72.5425 1904
72.5461 952
72.5461 1428
72.5461 1904
72.5497 952
72.5497 1428
72.5497 1904
72.5533 952
72.5533 1428
72.5533 1904
72.5569 952
72.5569 1428
72.5569 1904
72.5605 952
72.5605 1428
72.5605 1904
72.5641 952
72.5641 1428
72.5641 1904
72.5677 952
72.5677 1428
72.5677 1904
72.5713 952
72.5713 1428
72.5713 1904
72.5749 952
72.5749 1428
72.5749 1904
72.5785 952
72.5785 1428
72.5785 1904
72.5821 952
72.5821 1428
72.5821 1904
72.5857 952
72.5857 1428
72.5857 1904
72.5893 952
72.5893 1428
72.5893 1904
72.5929 952
72.5929 2856
72.5965 2380
72.5971 1904
72.6001 1428
72.6001 1904
72.6942 1428
72.6942 1904
72.6942 15708
73.6772 14756
73.6772 14280
73.6808 13804
73.6844 13328
73.688 12852
73.6916 12376
73.6952 11900
73.6988 11424
73.7024 10948
73.706 10472
73.7096 9996
73.7132 9520
73.7168 9044
73.7204 8568
73.724 8092
73.7276 7616
73.7312 7140
73.7348 6664
73.7384 6188
73.742 5712
73.7456 5236
73.7492 4760
73.7528 4284
73.7564 3808
73.76 3332
73.7635 2856
73.7671 2380
73.7707 1904
73.7743 1428
73.7743 1904
73.7779 1428
73.7779 1904
73.7815 1428
73.7815 1904
73.7815 15708
73.8865 15232
73.8865 14756
73.8901 14280
73.8937 13804
73.8973 13328
73.9009 12852
73.9044 12376
73.908 11900
73.9116 11424
73.9152 10948
73.9188 10472
73.9224 9996
73.926 9520
73.9296 9044
73.9332 8568
73.9368 8092
73.9404 7616
73.944 7140
73.9476 6664
73.9512 6188
73.9548 5712
73.9584 5236
73.962 4760
73.9656 4284
73.9692 3808
73.9728 3332
73.9764 2856
73.98 2380
73.9815 476
73.9836 1904
74.7554 2380
74.7554 1904
74.8388 1428
74.8388 1904
74.8469 476
74.8567 1904
78.3108 2380
78.3108 1904
78.3144 1428
78.3144 1904
78.4023 476
78.4121 3808
79.0883 1904
79.3197 3808
79.5439 4284
79.5439 3808
79.5475 3332
79.5511 2856
79.5547 2380
79.5583 1904
79.6416 1428
79.6416 1904
79.6452 1428
79.6452 1904
79.6488 1428
79.6488 1904
79.6488 4284
79.7537 4760
79.7537 4284
79.7573 3808
79.7609 3332
79.7645 2856
79.7681 2380
79.7717 1904
79.8488 476
79.8514 1904
80.1537 476
