0.114179 940
0.117778 1880
0.121376 2820
0.124975 3760
0.128573 4700
0.132172 5640
0.135771 6580
0.139369 7520
0.142968 8460
0.146567 9400
0.219807 8460
0.219807 9400
0.223405 10340
0.226993 8460
0.227004 9400
0.230603 10340
0.23419 8460
0.234201 9400
0.2378 10340
0.241388 8460
0.241398 9400
0.244997 10340
0.248585 8460
0.248596 9400
0.252194 10340
0.255793 11280
0.259392 12220
0.26299 13160
0.266589 14100
0.270187 15040
0.273786 15980
0.277385 16920
0.280983 17860
0.325424 15980
0.325424 16920
0.329022 17860
0.332621 15980
0.332621 16920
0.336219 17860
0.339818 15980
0.339818 16920
0.343417 17860
0.347015 15980
0.347015 16920
0.350614 17860
0.354213 15980
0.354213 16920
0.357811 17860
0.36141 15980
0.36141 16920
0.365008 17860
0.368607 15980
0.368607 16920
0.372206 17860
0.375804 15980
0.375804 16920
0.379403 17860
0.383002 15980
0.383002 16920
0.3866 17860
0.431041 15980
0.431041 16920
0.434639 17860
0.438238 15980
0.438238 16920
0.441836 17860
0.445435 15980
0.445435 16920
0.449034 17860
0.452632 15980
0.452632 16920
0.456231 17860
0.459829 15980
0.459829 16920
0.463428 17860
0.467027 15980
0.467027 16920
0.470625 17860
0.474224 15980
0.474224 16920
0.477823 17860
0.481421 15980
0.481421 16920
0.48502 17860
0.488631 16920
0.488631 17860
0.492229 16920
0.492229 17860
0.53667 15980
0.53667 16920
0.540268 17860
0.540268 16920
0.543867 15980
0.547466 15040
0.551064 14100
0.561872 12220
0.561872 13160
0.565471 11280
0.56907 10340
0.572668 9400
0.576267 8460
0.579866 7520
0.587063 5640
0.590661 4700
0.594272 3760
0.597871 2820
0.597871 3760
0.642299 2820
0.645898 3760
0.645898 2820
0.649496 3760
0.653095 4700
0.656693 5640
0.660292 6580
0.663891 7520
0.667489 8460
0.667502 7520
0.703488 6580
0.703488 7520
0.707087 8460
0.710685 9400
0.714284 10340
0.717882 11280
0.721481 12220
0.72508 13160
0.728678 14100
0.732277 15040
0.735876 15980
0.739474 16920
0.743073 17860
0.746671 18800
0.755113 16920
0.755113 17860
0.758712 18800
0.76231 16920
0.76231 17860
0.765909 18800
0.769508 16920
0.769508 17860
0.773106 18800
0.809105 16920
0.809105 17860
0.812703 18800
0.816314 17860
0.816314 18800
0.819913 17860
0.819913 18800
0.823512 16920
0.823512 17860
0.82711 18800
0.82711 17860
0.830709 16920
0.834308 15980
0.837906 15040
0.841505 14100
0.845103 13160
0.848702 12220
0.852301 11280
0.860742 10340
0.864341 9400
0.86794 8460
0.871538 7520
0.875137 6580
0.878736 5640
0.914734 4700
0.918333 3760
0.921944 2820
0.921944 3760
0.925542 2820
0.925542 3760
0.929129 2820
0.929141 3760
0.93274 4700
0.936338 5640
0.939937 6580
0.943535 7520
0.947134 8460
0.950733 9400
0.954331 10340
0.95793 11280
0.961528 12220
0.965127 13160
0.968726 14100
0.972324 15040
0.975923 15980
0.979522 16920
0.98312 17860
0.986719 18800
0.990317 19740
1.02756 17860
1.02756 18800
1.03116 19740
1.03837 18800
1.03837 19740
1.03837 18800
1.04197 19740
1.04197 18800
1.04557 19740
1.04557 17860
1.04916 18800
1.04916 17860
1.05276 18800
1.05276 17860
1.05636 16920
1.05996 15980
1.06356 15040
1.06716 14100
1.07076 13160
1.07435 12220
1.07795 11280
1.08155 10340
1.08515 9400
1.08875 8460
1.09235 7520
1.09595 6580
1.13319 5640
1.13679 4700
1.144 3760
1.1476 2820
1.1476 3760
1.1512 2820
1.1512 3760
1.15478 2820
1.15479 3760
1.15839 4700
1.16199 5640
1.16559 6580
1.16919 7520
1.17279 8460
1.17639 9400
1.17998 10340
1.18358 11280
1.18718 12220
1.19078 13160
1.19438 14100
1.19798 15040
1.20158 15980
1.20517 16920
1.20877 17860
1.21237 18800
1.21597 19740
1.25321 17860
1.25321 18800
1.25681 19740
1.26041 17860
1.26041 18800
1.26401 19740
1.26761 17860
1.26761 18800
1.27121 19740
1.27481 17860
1.27481 18800
1.2784 19740
1.282 17860
1.282 18800
1.2856 19740
1.2892 17860
1.2892 18800
1.2928 19740
1.30359 15980
1.30359 16920
1.30719 17860
1.31079 18800
1.31079 16920
1.31439 17860
1.31799 18800
1.31799 16920
1.32159 17860
1.32519 18800
1.32878 19740
1.35884 18800
1.35884 19740
1.36244 18800
1.36244 19740
1.36604 17860
1.36604 18800
1.36964 19740
1.36964 18800
1.37324 17860
1.37684 16920
1.38043 15980
1.38403 15040
1.38763 14100
1.39123 13160
1.39483 12220
1.39843 11280
1.40922 10340
1.41642 8460
1.41642 9400
1.42002 8460
1.42723 7520
1.43083 6580
1.43443 4700
1.46448 3760
1.46808 2820
1.46808 3760
1.47167 2820
1.47168 3760
1.47527 2820
1.47528 3760
1.47888 4700
1.48248 5640
1.48608 6580
1.48967 7520
1.49327 8460
1.49687 9400
1.50047 10340
1.50407 11280
1.50767 12220
1.51127 13160
1.51487 14100
1.51846 15040
1.52205 14100
1.52206 15040
1.52566 15980
1.5737 15040
1.5737 15980
1.5773 16920
1.5809 17860
1.58191 15980
1.5845 16920
1.58809 17860
1.58809 15980
1.59169 16920
1.59529 17860
1.59529 15980
1.59889 16920
1.60249 17860
1.60249 15980
1.60609 16920
1.60969 17860
1.60969 15980
1.61328 16920
1.61688 17860
1.61688 15980
1.62048 16920
1.62408 17860
1.62408 15980
1.62768 16920
1.63128 17860
1.63129 16920
1.63488 17860
1.63848 18800
1.64207 19740
1.64567 20680
1.67933 19740
1.67933 20680
1.68293 18800
1.68293 19740
1.68653 20680
1.68653 19740
1.69013 18800
1.69372 17860
1.69732 16920
1.70092 15980
1.70452 15040
1.70812 14100
1.71172 13160
1.71893 12220
1.72253 11280
1.72612 9400
1.72972 8460
1.73332 7520
1.74053 6580
1.74413 5640
1.74773 3760
1.75133 2820
1.75133 3760
1.78498 2820
1.78498 3760
1.78857 2820
1.78858 3760
1.79217 2820
1.79218 3760
1.79578 4700
1.79938 5640
1.80298 6580
1.80657 7520
1.81017 8460
1.81377 9400
1.81737 10340
1.85696 9400
1.8906 8460
1.8906 9400
1.8942 10340
1.8978 11280
1.89881 9400
1.9014 10340
1.90499 11280
1.90859 12220
1.90861 11280
1.90861 10340
1.91219 11280
1.9122 10340
1.91579 11280
1.91939 12220
1.92299 13160
1.92301 11280
1.92659 12220
1.93018 13160
1.93378 14100
1.93738 15040
1.94098 15980
1.94458 16920
1.94818 17860
1.95178 18800
1.95538 19740
1.95897 20680
1.96257 21620
1.99985 20680
2.00345 21620
2.00345 18800
2.00705 16920
2.01065 15980
2.01425 15040
2.01785 14100
2.02144 13160
2.02504 12220
2.02864 11280
2.03583 10340
2.04302 8460
2.04662 7520
2.05022 6580
2.05382 5640
2.05742 4700
2.06102 3760
2.06462 2820
2.06462 3760
2.06821 2820
2.06821 3760
2.10909 2820
2.10909 3760
2.13787 2820
2.14147 3760
2.17024 2820
2.17383 1880
2.17384 2820
2.17744 3760
2.18104 4700
2.18464 5640
2.18824 6580
2.19184 7520
2.19544 8460
2.19903 9400
2.20263 10340
2.20623 11280
2.20983 12220
2.21343 13160
2.21703 14100
2.22063 15040
2.22422 15980
2.22782 16920
2.23142 17860
2.23502 18800
2.23862 19740
2.24222 20680
2.24349 19740
2.24582 20680
2.24941 21620
2.25301 22560
2.27586 21620
2.27586 22560
2.28306 20680
2.28306 21620
2.28666 22560
2.29026 20680
2.29026 21620
2.29385 22560
2.29745 20680
2.29745 21620
2.30105 22560
2.30465 20680
2.30465 21620
2.30825 22560
2.31185 20680
2.31185 21620
2.31545 22560
2.31905 20680
2.31905 21620
2.32264 22560
2.33344 18800
2.33344 19740
2.33704 20680
2.34064 21620
2.34064 19740
2.34424 20680
2.34783 21620
2.34783 19740
2.35143 20680
2.35503 21620
2.35503 19740
2.35863 20680
2.36223 21620
2.36583 22560
2.38148 20680
2.38148 21620
2.38508 22560
2.39227 20680
2.39227 21620
2.39587 22560
2.39947 20680
2.39947 21620
2.40307 22560
2.40667 20680
2.40667 21620
2.41027 22560
2.41387 20680
2.41387 21620
2.41746 22560
2.42106 20680
2.42106 21620
2.42466 22560
2.42826 20680
2.42826 21620
2.43186 22560
2.44266 20680
2.44266 21620
2.44625 22560
2.44985 20680
2.44985 21620
2.45345 22560
2.45705 20680
2.45705 21620
2.46065 22560
2.46425 20680
2.46425 21620
2.46785 22560
2.47144 20680
2.47144 21620
2.47504 22560
2.49069 20680
2.49069 21620
2.49429 22560
2.50149 20680
2.50149 21620
2.50509 22560
2.50869 20680
2.50869 21620
2.51229 22560
2.51588 20680
2.51588 21620
2.51948 22560
2.52308 20680
2.52308 21620
2.52668 22560
2.53028 20680
2.53028 21620
2.53388 22560
2.53748 20680
2.53748 21620
2.54107 22560
2.55187 20680
2.55187 21620
2.55547 22560
2.55907 20680
2.55907 21620
2.56267 22560
2.56627 20680
2.56627 21620
2.56986 22560
2.57346 20680
2.57346 21620
2.57706 22560
2.58066 20680
2.58066 21620
2.58426 22560
2.59991 20680
2.59991 21620
2.60351 22560
2.61071 20680
2.61071 21620
2.6143 22560
2.6179 20680
2.6179 21620
2.6215 22560
2.6251 20680
2.6251 21620
2.6287 22560
2.6323 20680
2.6323 21620
2.6359 22560
2.63949 20680
2.63949 21620
2.64309 22560
2.64669 20680
2.64669 21620
2.65029 22560
2.66109 20680
2.66109 21620
2.66468 22560
2.66828 20680
2.66828 21620
2.67188 22560
2.67548 20680
2.67548 21620
2.67908 22560
2.68268 20680
2.68268 21620
2.68628 22560
2.68988 20680
2.68988 21620
2.69347 22560
2.70913 20680
2.70913 21620
2.71272 22560
2.71992 20680
2.71992 21620
2.72352 22560
2.72712 20680
2.72712 21620
2.73072 22560
2.73432 20680
2.73432 21620
2.73791 22560
2.74153 21620
2.74153 22560
2.74512 21620
2.74512 22560
2.74872 20680
2.74872 21620
2.75232 22560
2.75232 21620
2.75592 20680
2.76672 19740
2.77031 18800
2.77391 17860
2.77751 16920
2.78111 15980
2.78471 15040
2.78831 14100
2.79191 13160
2.7955 12220
2.7991 11280
2.81475 10340
2.81835 9400
2.82555 8460
2.82915 7520
2.83275 6580
2.83635 5640
2.84356 4700
2.84717 3760
2.85077 1880
2.85077 2820
2.85435 1880
2.85436 2820
2.85795 1880
2.85796 2820
2.86156 3760
2.86516 4700
2.86876 5640
2.87236 6580
2.87596 7520
2.87955 8460
2.88315 9400
2.88675 10340
2.89035 11280
2.89395 12220
2.89755 13160
2.90115 14100
2.90474 15040
2.90834 15980
2.91194 16920
2.91554 17860
2.91914 18800
2.92274 19740
2.92634 20680
2.92993 21620
2.95638 20680
2.95638 21620
2.95998 22560
2.96358 23500
2.96358 21620
2.96718 22560
2.97078 23500
2.97078 21620
2.97438 22560
2.97797 23500
2.97797 21620
2.98157 22560
2.98517 23500
2.98517 21620
2.98877 22560
2.99237 23500
2.99958 22560
2.99958 23500
2.99958 22560
3.00318 23500
3.00318 22560
3.00678 23500
3.00678 20680
3.00678 21620
3.01037 22560
3.01398 21620
3.01758 20680
3.02118 18800
3.02478 17860
3.02838 16920
3.03198 15980
3.06204 15040
3.06563 14100
3.06923 12220
3.07283 11280
3.07643 10340
3.08003 9400
3.08363 8460
3.08723 7520
3.09083 6580
3.09442 5640
3.09802 4700
3.10523 3760
3.10883 2820
3.10883 3760
3.11243 2820
3.11243 3760
3.11357 2820
3.11602 1880
3.11603 2820
3.11963 3760
3.12323 4700
3.21446 3760
3.21805 2820
3.21806 3760
3.22166 4700
3.22524 2820
3.22526 3760
3.22885 4700
3.23245 5640
3.23605 6580
3.23965 7520
3.24325 8460
3.24685 9400
3.25045 10340
3.25404 11280
3.25764 12220
3.26124 13160
3.26484 14100
3.26844 15040
3.27204 15980
3.27564 16920
3.27923 17860
3.28283 18800
3.28643 19740
3.29003 20680
3.29363 21620
3.29723 22560
3.30083 23500
3.30443 24440
3.32008 23500
3.32008 24440
3.32727 22560
3.32727 23500
3.33087 24440
3.33447 22560
3.33447 23500
3.33807 24440
3.34167 22560
3.34167 23500
3.34527 24440
3.34887 22560
3.34887 23500
3.35246 24440
3.35606 22560
3.35606 23500
3.35966 24440
3.36326 22560
3.36326 23500
3.36686 24440
3.37046 22560
3.37046 23500
3.37406 24440
3.37765 22560
3.37765 23500
3.38125 24440
3.38485 22560
3.38485 23500
3.38845 24440
3.39925 20680
3.39925 21620
3.40285 22560
3.40644 23500
3.41004 24440
3.41005 23500
3.41005 22560
3.41364 23500
3.41724 24440
3.42571 23500
3.42571 24440
3.4329 22560
3.4329 23500
3.4365 24440
3.4365 23500
3.4401 24440
3.4401 23500
3.44731 22560
3.45091 21620
3.45451 19740
3.45811 18800
3.4617 17860
3.4653 16920
3.4689 15980
3.4725 15040
3.4761 14100
3.4797 13160
3.4833 12220
3.48689 11280
3.49049 10340
3.50489 8460
3.50849 7520
3.51209 6580
3.51568 5640
3.51928 4700
3.52288 3760
3.53135 2820
3.53135 3760
3.54327 1880
3.54573 940
3.54687 1880
3.55046 2820
3.55406 3760
3.55766 4700
3.56126 5640
3.56486 6580
3.56846 7520
3.63696 6580
3.63696 7520
3.64056 8460
3.64416 9400
3.64776 10340
3.65136 11280
3.65496 12220
3.65608 10340
3.65856 11280
3.66215 12220
3.66328 10340
3.66575 11280
3.66935 12220
3.67048 10340
3.67295 11280
3.67655 12220
3.68015 13160
3.68375 14100
3.68735 15040
3.69094 15980
3.69454 16920
3.69814 17860
3.70174 18800
3.70534 19740
3.70894 20680
3.71254 21620
3.71613 22560
3.71973 23500
3.72333 24440
3.72693 25380
3.74258 23500
3.74258 24440
3.74618 25380
3.74978 23500
3.74978 24440
3.75338 25380
3.76417 21620
3.76417 22560
3.76777 23500
3.77137 24440
3.77137 22560
3.77497 23500
3.77857 24440
3.77857 22560
3.78217 23500
3.78576 24440
3.78576 22560
3.78936 23500
3.79296 24440
3.79296 22560
3.79656 23500
3.80016 24440
3.80016 22560
3.80376 23500
3.80736 24440
3.80737 23500
3.81096 24440
3.81097 23500
3.81455 24440
3.81457 22560
3.81457 23500
3.81815 24440
3.81816 23500
3.82176 22560
3.82536 21620
3.82896 20680
3.83256 19740
3.84821 18800
3.85181 17860
3.85541 16920
3.85901 15980
3.8698 15040
3.8734 14100
3.877 13160
3.8806 12220
3.8842 11280
3.8878 10340
3.89139 9400
3.89499 8460
3.89859 7520
3.90579 5640
3.90579 6580
3.90939 5640
3.91299 4700
3.91658 3760
3.92018 2820
3.92018 3760
3.92131 2820
3.92378 3760
3.92738 4700
3.93098 5640
3.93458 6580
3.93818 7520
3.94177 8460
3.94537 9400
3.94897 10340
3.95257 11280
3.95617 12220
3.95977 13160
3.96337 14100
3.96697 15040
3.97056 15980
3.97416 16920
3.97776 17860
3.98136 18800
3.98496 19740
3.98856 20680
3.99216 21620
3.99575 22560
3.99935 23500
4.00295 24440
4.00655 25380
4.01141 23500
4.01141 24440
4.015 25380
4.0294 23500
4.0294 24440
4.033 25380
4.0366 23500
4.0366 24440
4.04019 25380
4.0474 24440
4.0474 25380
4.0474 24440
4.051 25380
4.051 24440
4.0546 25380
4.0546 23500
4.0582 24440
4.0582 23500
4.0618 24440
4.0618 23500
4.0654 22560
4.069 21620
4.0798 19740
4.0798 20680
4.0834 19740
4.09421 16920
4.09421 17860
4.09781 15980
4.10141 15040
4.10501 14100
4.10861 13160
4.1122 12220
4.11706 11280
4.12066 10340
4.13505 9400
4.13865 8460
4.14225 7520
4.14585 6580
4.15306 5640
4.15666 4700
4.16384 3760
4.16744 4700
4.16745 3760
4.17104 4700
4.17464 5640
4.17824 6580
4.18183 7520
4.18546 6580
4.19985 5640
4.27307 4700
4.27667 3760
4.28027 2820
4.28027 3760
4.28746 1880
4.28746 2820
4.29106 3760
4.36384 0
4.36384 940
4.37869 0
4.37869 940
4.38228 1880
4.38588 2820
4.38948 3760
4.39308 4700
4.39308 2820
4.39668 3760
4.40028 4700
4.40388 5640
4.40748 6580
4.41107 7520
4.46946 6580
4.46946 7520
4.4987 5640
4.4987 6580
4.5023 7520
4.50589 5640
4.50589 6580
4.50949 7520
4.51309 5640
4.51309 6580
4.51669 7520
4.57508 5640
4.57508 6580
4.57867 7520
4.60791 5640
4.60791 6580
4.61151 7520
4.61511 5640
4.61511 6580
4.61871 7520
4.62231 5640
4.62231 6580
4.62591 7520
4.68429 5640
4.68429 6580
4.68789 7520
4.71713 5640
4.71713 6580
4.72073 7520
4.72433 5640
4.72433 6580
4.72792 7520
4.73152 5640
4.73152 6580
4.73512 7520
4.79351 5640
4.79351 6580
4.79711 7520
4.82634 5640
4.82634 6580
4.82994 7520
4.83354 5640
4.83354 6580
4.83714 7520
4.84074 5640
4.84074 6580
4.84434 7520
4.90272 5640
4.90272 6580
4.90632 7520
4.93556 5640
4.93556 6580
4.93916 7520
4.94276 5640
4.94276 6580
4.94636 7520
4.94995 5640
4.94995 6580
4.95355 7520
5.01194 5640
5.01194 6580
5.01554 7520
5.04478 5640
5.04478 6580
5.04837 7520
5.05197 5640
5.05197 6580
5.05557 7520
5.05917 5640
5.05917 6580
5.06277 7520
5.12115 5640
5.12115 6580
5.12475 7520
5.15399 5640
5.15399 6580
5.15759 7520
5.16119 5640
5.16119 6580
5.16479 7520
5.16839 5640
5.16839 6580
5.17198 7520
5.23037 5640
5.23037 6580
5.23397 7520
5.26321 5640
5.26321 6580
5.26681 7520
5.2704 5640
5.2704 6580
5.274 7520
5.2776 5640
5.2776 6580
5.2812 7520
5.33958 5640
5.33958 6580
5.34318 7520
5.37242 5640
5.37242 6580
5.37602 7520
5.37962 5640
5.37962 6580
5.38322 7520
5.38682 5640
5.38682 6580
5.39042 7520
5.4488 5640
5.4488 6580
5.4524 7520
5.48525 6580
5.48525 7520
5.48525 6580
5.48885 7520
5.49246 6580
5.49246 7520
5.49606 5640
5.49606 6580
5.49966 7520
5.55444 5640
5.55804 6580
5.55804 5640
5.59089 4700
5.59449 3760
5.5981 2820
5.5981 3760
5.60169 2820
5.6017 3760
5.60528 2820
5.6053 3760
5.66366 2820
5.66366 3760
5.66726 4700
5.67085 5640
5.67445 6580
5.67805 7520
5.68165 8460
5.71193 5640
5.71193 6580
5.71553 7520
5.71913 8460
5.77287 6580
5.77287 7520
5.77647 8460
5.78007 6580
5.78007 7520
5.78367 8460
5.78727 6580
5.78727 7520
5.79087 8460
5.82114 6580
5.82114 7520
5.82474 8460
5.8821 7520
5.8821 8460
5.8821 7520
5.8857 8460
5.8857 7520
5.8893 8460
5.8893 6580
5.8929 7520
5.8929 6580
5.89649 7520
5.89649 6580
5.92677 5640
5.93037 4700
5.98773 3760
5.99494 2820
5.99494 3760
5.99853 2820
5.99854 3760
5.99966 4700
6.10057 1880
6.10057 2820
6.10414 1880
6.10417 2820
6.10777 3760
6.11136 4700
6.11496 5640
6.11856 6580
6.12216 7520
6.12576 8460
6.20619 6580
6.20619 7520
6.20978 8460
6.21338 6580
6.21338 7520
6.21698 8460
6.22058 6580
6.22058 7520
6.22418 8460
6.22778 6580
6.22778 7520
6.23138 8460
6.3118 6580
6.3118 7520
6.3154 8460
6.31901 7520
6.31901 8460
6.32261 7520
6.32261 8460
6.32621 6580
6.32621 7520
6.32981 8460
6.32981 7520
6.33341 6580
6.337 5640
6.41743 4700
6.42103 3760
6.42464 2820
6.42464 3760
6.42824 2820
6.42824 3760
6.53388 1880
6.53388 2820
6.53748 3760
6.57598 0
6.57598 940
6.63952 1880
6.64312 2820
6.64672 3760
6.68161 0
6.68161 940
6.68521 1880
6.68881 2820
6.69241 3760
6.74515 1880
6.74515 2820
6.74875 3760
6.78723 2820
6.78723 3760
6.89284 0
6.89284 940
6.89644 1880
6.90004 2820
6.90364 3760
7.00206 1880
7.00206 2820
7.00566 3760
7.00926 1880
7.00926 2820
7.01285 3760
7.11127 1880
7.11127 2820
7.11487 3760
7.11847 1880
7.11847 2820
7.12207 3760
7.22049 1880
7.22049 2820
7.22409 3760
7.22769 1880
7.22769 2820
7.23129 3760
7.32971 1880
7.32971 2820
7.3333 3760
7.3369 1880
7.3369 2820
7.3405 3760
7.43892 1880
7.43892 2820
7.44252 3760
7.44613 2820
7.44613 3760
7.54455 2820
7.54455 3760
7.54815 1880
7.54815 2820
7.55175 3760
7.55176 2820
7.55535 3760
7.63892 0
7.63892 940
7.65018 1880
7.65377 0
7.65378 940
7.65738 1880
7.66096 0
7.66098 940
7.66457 1880
7.66817 2820
7.67177 3760
7.77739 0
7.77739 940
7.78099 1880
7.78459 2820
7.78818 3760
7.8866 1880
7.8866 2820
7.8902 3760
7.8938 1880
7.8938 2820
7.8974 3760
7.99582 1880
7.99582 2820
7.99942 3760
8.00303 2820
8.00303 3760
8.10145 2820
8.10145 3760
8.10505 1880
8.10505 2820
8.10865 3760
8.10866 2820
8.11224 3760
8.19582 0
8.19582 940
8.20708 1880
8.21066 0
8.21068 940
8.21428 1880
8.21786 0
8.21787 940
8.22147 1880
8.22507 2820
8.22867 3760
8.32709 1880
8.32709 2820
8.33069 3760
8.33429 1880
8.33429 2820
8.33789 3760
8.4363 1880
8.4363 2820
8.4399 3760
8.44351 2820
8.44351 3760
8.54193 2820
8.54193 3760
8.54553 1880
8.54553 2820
8.54913 3760
8.6363 0
8.6363 940
8.64758 1880
8.65116 0
8.65117 940
8.65477 1880
8.65837 2820
8.66197 3760
8.74193 1880
8.74193 2820
8.74553 3760
8.75679 2820
8.75679 3760
8.86241 0
8.86241 940
8.86601 1880
8.86961 2820
8.8732 3760
8.97162 1880
8.97162 2820
8.97522 3760
8.97883 2820
8.97883 3760
9.07725 2820
9.07725 3760
9.08085 1880
9.08085 2820
9.08445 3760
9.08446 2820
9.08805 3760
9.18288 2820
9.18288 3760
9.18647 2820
9.18648 3760
9.19008 4700
9.19367 2820
9.19368 3760
9.19728 4700
9.2921 2820
9.2921 3760
9.2957 4700
9.29929 2820
9.29929 3760
9.30289 4700
9.39771 2820
9.39771 3760
9.40131 4700
9.40491 2820
9.40491 3760
9.40851 4700
9.50333 2820
9.50333 3760
9.50693 4700
9.51053 2820
9.51053 3760
9.51413 4700
9.60895 2820
9.60895 3760
9.61255 4700
9.61615 2820
9.61615 3760
9.61974 4700
9.71457 2820
9.71457 3760
9.71816 4700
9.72176 2820
9.72176 3760
9.72536 4700
9.82018 2820
9.82018 3760
9.82378 4700
9.82738 2820
9.82738 3760
9.83098 4700
9.9258 2820
9.9258 3760
9.9294 4700
9.933 2820
9.933 3760
9.9366 4700
10.0314 2820
10.0314 3760
10.035 4700
10.0386 2820
10.0386 3760
10.0422 4700
10.137 2820
10.137 3760
10.1442 1880
10.1442 2820
10.1478 3760
10.2426 1880
10.2426 2820
10.2462 3760
10.2534 1880
10.2534 2820
10.257 3760
10.3519 1880
10.3519 2820
10.3555 3760
10.3591 4700
10.3627 2820
10.3627 3760
10.3663 4700
10.4611 2820
10.4611 3760
10.4647 4700
10.4683 2820
10.4683 3760
10.4719 4700
10.5667 2820
10.5667 3760
10.5703 4700
10.5739 2820
10.5739 3760
10.5775 4700
10.6723 2820
10.6723 3760
10.6759 4700
10.6795 3760
10.6795 4700
10.6831 3760
10.6831 4700
10.7779 2820
10.7779 3760
10.7815 4700
10.7815 3760
10.7852 2820
10.7852 3760
10.8836 2820
10.8872 3760
10.8908 2820
10.8908 3760
10.9892 2820
10.9892 3760
10.9928 4700
10.9964 5640
10.9964 3760
11 4700
11.0036 5640
11.0984 3760
11.0984 4700
11.102 5640
11.1056 3760
11.1056 4700
11.1092 5640
11.2112 1880
11.2112 2820
11.2148 3760
11.2184 4700
11.222 5640
11.3168 3760
11.3168 4700
11.3204 5640
11.324 3760
11.324 4700
11.3276 5640
11.4224 3760
11.4224 4700
11.426 5640
11.4296 3760
11.4296 4700
11.4332 5640
11.5281 3760
11.5281 4700
11.5317 5640
11.5353 3760
11.5353 4700
11.5389 5640
11.6337 3760
11.6337 4700
11.6373 5640
11.6409 3760
11.6409 4700
11.6445 5640
11.7393 3760
11.7393 4700
11.7429 5640
11.7465 3760
11.7465 4700
11.7501 5640
11.7501 4700
11.7537 5640
11.8449 3760
11.8449 4700
11.8485 5640
11.8485 4700
11.8521 3760
11.8593 2820
11.8593 3760
11.9506 2820
11.9541 3760
11.965 1880
11.965 2820
11.9686 3760
12.0562 2820
12.0562 3760
12.0598 4700
12.0634 5640
12.067 6580
12.0706 4700
12.0706 5640
12.0742 6580
12.1618 4700
12.1618 5640
12.1654 6580
12.169 4700
12.169 5640
12.1726 6580
12.1762 4700
12.1762 5640
12.1798 6580
12.2674 4700
12.2674 5640
12.271 6580
12.2746 4700
12.2746 5640
12.2782 6580
12.373 2820
12.373 3760
12.3766 4700
12.3802 5640
12.3802 3760
12.3838 4700
12.3874 5640
12.391 6580
12.4786 4700
12.4786 5640
12.4822 6580
12.4858 4700
12.4858 5640
12.4894 6580
12.493 4700
12.493 5640
12.4966 6580
12.5843 4700
12.5843 5640
12.5879 6580
12.5914 4700
12.5914 5640
12.595 6580
12.5986 4700
12.5986 5640
12.6022 6580
12.6899 4700
12.6899 5640
12.6935 6580
12.6971 4700
12.6971 5640
12.7007 6580
12.7043 4700
12.7043 5640
12.7079 6580
12.7955 4700
12.7955 5640
12.7991 6580
12.8027 4700
12.8027 5640
12.8063 6580
12.9011 5640
12.9011 6580
12.9011 4700
12.9047 5640
12.9047 4700
12.9083 5640
12.9083 3760
12.9119 4700
12.9119 3760
12.9155 4700
13.0067 3760
13.0103 2820
13.0103 3760
13.0139 2820
13.0139 3760
13.0175 2820
13.0175 3760
13.0211 4700
13.0247 5640
13.0283 6580
13.116 4700
13.116 5640
13.1196 6580
13.1304 2820
13.1304 3760
13.134 4700
13.1376 5640
13.1412 6580
13.2216 4700
13.2216 5640
13.2252 6580
13.236 4700
13.236 5640
13.2396 6580
13.2432 4700
13.2432 5640
13.2468 6580
13.3272 4700
13.3272 5640
13.3308 6580
13.3416 5640
13.3416 6580
13.3452 5640
13.3452 6580
13.3488 4700
13.3488 5640
13.3524 6580
13.3524 5640
13.4328 4700
13.4364 3760
13.4472 2820
13.4472 3760
13.4508 2820
13.4508 3760
13.4544 2820
13.4544 3760
13.458 4700
13.4616 5640
13.4652 6580
13.4688 7520
13.5528 5640
13.5528 6580
13.5564 7520
13.56 5640
13.56 6580
13.5636 7520
13.5672 5640
13.5672 6580
13.5708 7520
13.6621 6580
13.6621 7520
13.6621 5640
13.6657 6580
13.6657 5640
13.6693 6580
13.6693 4700
13.6729 5640
13.6729 4700
13.6765 5640
13.6765 4700
13.7677 3760
13.7713 2820
13.7713 3760
13.7749 2820
13.7749 3760
13.7785 2820
13.7785 3760
13.7821 4700
13.7857 5640
13.7893 6580
13.7929 7520
13.8769 5640
13.8769 6580
13.8805 7520
13.8841 5640
13.8841 6580
13.8877 7520
13.8913 5640
13.8913 6580
13.8949 7520
13.8985 5640
13.8985 6580
13.9021 7520
13.9861 5640
13.9861 6580
13.9897 7520
13.9933 5640
13.9933 6580
13.9969 7520
14.0005 5640
14.0005 6580
14.0041 7520
14.0077 5640
14.0077 6580
14.0113 7520
14.0954 5640
14.0954 6580
14.0989 7520
14.1097 3760
14.1097 4700
14.1133 5640
14.1169 6580
14.117 5640
14.1205 6580
14.1241 7520
14.201 6580
14.201 7520
14.2046 5640
14.2046 6580
14.2082 7520
14.2154 6580
14.219 5640
14.2226 4700
14.2298 3760
14.3066 2820
14.3066 3760
14.3102 2820
14.3102 3760
14.3138 2820
14.3138 3760
14.4123 2820
14.4123 3760
14.4158 2820
14.4158 3760
14.4194 1880
14.4194 2820
14.423 3760
14.4266 4700
14.4302 5640
14.4338 6580
14.4374 7520
14.441 8460
14.5215 6580
14.5215 7520
14.5251 8460
14.5287 6580
14.5287 7520
14.5323 8460
14.5359 6580
14.5359 7520
14.5395 8460
14.5431 6580
14.5431 7520
14.5467 8460
14.6271 6580
14.6271 7520
14.6307 8460
14.6343 6580
14.6343 7520
14.6379 8460
14.6415 6580
14.6415 7520
14.6451 8460
14.6487 6580
14.6487 7520
14.6523 8460
14.7327 6580
14.7327 7520
14.7363 8460
14.7399 6580
14.7399 7520
14.7435 8460
14.7471 6580
14.7471 7520
14.7507 8460
14.7543 6580
14.7543 7520
14.7579 8460
14.8383 6580
14.8383 7520
14.8419 8460
14.8455 6580
14.8455 7520
14.8491 8460
14.8527 6580
14.8527 7520
14.8563 8460
14.8599 7520
14.8599 8460
14.8635 7520
14.8635 8460
14.9439 6580
14.9439 7520
14.9475 8460
14.9475 7520
14.9511 6580
14.9547 5640
14.9583 4700
14.9619 3760
14.9656 2820
14.9656 3760
14.9691 2820
14.9691 3760
15.0496 2820
15.0496 3760
15.0532 4700
15.0568 5640
15.0604 6580
15.064 7520
15.0676 8460
15.0712 9400
15.0712 7520
15.0748 8460
15.0784 9400
15.1552 7520
15.1552 8460
15.1588 9400
15.1624 7520
15.1624 8460
15.166 9400
15.1696 7520
15.1696 8460
15.1732 9400
15.1768 7520
15.1768 8460
15.1804 9400
15.184 7520
15.184 8460
15.1876 9400
15.2644 7520
15.2644 8460
15.268 9400
15.2716 7520
15.2716 8460
15.2752 9400
15.2788 7520
15.2788 8460
15.2824 9400
15.286 7520
15.286 8460
15.2896 9400
15.2932 7520
15.2932 8460
15.2968 9400
15.3736 7520
15.3736 8460
15.3772 9400
15.3808 7520
15.3808 8460
15.3844 9400
15.388 7520
15.388 8460
15.3916 9400
15.3952 7520
15.3952 8460
15.3988 9400
15.4024 7520
15.4024 8460
15.406 9400
15.4864 8460
15.4864 9400
15.4864 8460
15.49 9400
15.49 8460
15.4936 9400
15.4936 7520
15.4972 8460
15.4972 7520
15.5008 8460
15.5008 7520
15.508 6580
15.5116 5640
15.5957 3760
15.5993 2820
15.5993 3760
15.6029 2820
15.6029 3760
15.6065 1880
15.6065 2820
15.6101 3760
15.6137 4700
15.7049 3760
15.7096 2820
15.7096 3760
15.7131 2820
15.7132 3760
15.7168 4700
15.7193 2820
15.7204 3760
15.724 4700
15.7276 5640
15.7312 6580
15.7348 7520
15.7384 8460
15.742 9400
15.8189 7520
15.8189 8460
15.8225 9400
15.8261 7520
15.8261 8460
15.8297 9400
15.8333 7520
15.8333 8460
15.8368 9400
15.8404 7520
15.8404 8460
15.844 9400
15.8476 7520
15.8476 8460
15.8512 9400
15.9281 7520
15.9281 8460
15.9317 9400
15.9353 7520
15.9353 8460
15.9389 9400
15.9425 7520
15.9425 8460
15.9461 9400
15.9497 7520
15.9497 8460
15.9533 9400
15.9569 7520
15.9569 8460
15.9605 9400
16.0445 5640
16.0445 6580
16.0481 7520
16.0517 8460
16.0517 6580
16.0553 7520
16.0589 8460
16.0589 6580
16.0625 7520
16.0661 8460
16.0697 9400
16.1501 8460
16.1501 9400
16.1501 8460
16.1537 9400
16.1537 8460
16.1573 9400
16.1573 7520
16.1609 8460
16.1609 7520
16.1645 8460
16.1645 7520
16.1681 6580
16.1717 5640
16.1753 4700
16.2557 3760
16.2593 2820
16.2593 3760
16.2629 2820
16.2629 3760
16.2665 2820
16.2665 3760
16.2701 4700
16.2737 5640
16.2773 6580
16.2809 7520
16.2845 8460
16.2881 9400
16.365 7520
16.365 8460
16.3686 9400
16.3722 7520
16.3722 8460
16.3758 9400
16.3865 5640
16.3865 6580
16.3901 7520
16.3937 8460
16.3937 6580
16.3973 7520
16.4009 8460
16.4045 9400
16.4742 7520
16.4742 8460
16.4778 9400
16.4814 7520
16.4814 8460
16.485 9400
16.4958 8460
16.4958 9400
16.4994 8460
16.4994 9400
16.503 7520
16.503 8460
16.5066 9400
16.5066 8460
16.5102 7520
16.5798 6580
16.5834 5640
16.587 4700
16.5906 3760
16.6014 2820
16.6014 3760
16.605 2820
16.605 3760
16.6086 2820
16.6086 3760
16.6122 4700
16.6158 5640
16.6194 6580
16.623 7520
16.6266 8460
16.6302 9400
16.6338 10340
16.707 8460
16.707 9400
16.7106 10340
16.7142 8460
16.7142 9400
16.7178 10340
16.7214 8460
16.7214 9400
16.725 10340
16.8126 4700
16.8126 5640
16.8162 6580
16.8198 7520
16.8198 5640
16.8234 6580
16.827 7520
16.827 5640
16.8306 6580
16.8342 7520
16.8378 8460
16.8414 9400
16.845 10340
16.9183 8460
16.9183 9400
16.9219 10340
16.9255 8460
16.9255 9400
16.9291 10340
16.9327 8460
16.9327 9400
16.9363 10340
16.947 6580
16.947 7520
16.9506 8460
16.9542 9400
16.9578 10340
17.0239 8460
17.0239 9400
17.0275 10340
17.0311 8460
17.0311 9400
17.0347 10340
17.0383 8460
17.0383 9400
17.0419 10340
17.0527 8460
17.0527 9400
17.0563 10340
17.0599 9400
17.0599 10340
17.0635 9400
17.0635 10340
17.1295 8460
17.1295 9400
17.1331 10340
17.1331 9400
17.1367 8460
17.1403 7520
17.1439 6580
17.1475 5640
17.1583 4700
17.1619 3760
17.2351 1880
17.2387 2820
17.2423 3760
17.3407 2820
17.3407 3760
17.3443 4700
17.3479 5640
17.3479 3760
17.3515 4700
17.3551 5640
17.3587 6580
17.3623 7520
17.3659 8460
17.3695 9400
17.3731 10340
17.3767 11280
17.45 9400
17.45 10340
17.4536 11280
17.4572 9400
17.4572 10340
17.4607 11280
17.4643 9400
17.4643 10340
17.4679 11280
17.4715 9400
17.4715 10340
17.4751 11280
17.4787 9400
17.4787 10340
17.4823 11280
17.5556 9400
17.5556 10340
17.5592 11280
17.5628 9400
17.5628 10340
17.5664 11280
17.57 9400
17.57 10340
17.5736 11280
17.5772 9400
17.5772 10340
17.5808 11280
17.5844 9400
17.5844 10340
17.588 11280
17.6612 9400
17.6612 10340
17.6648 11280
17.6684 9400
17.6684 10340
17.672 11280
17.6756 9400
17.6756 10340
17.6792 11280
17.6828 9400
17.6828 10340
17.6864 11280
17.69 9400
17.69 10340
17.6936 11280
17.7668 9400
17.7668 10340
17.7704 11280
17.774 9400
17.774 10340
17.7776 11280
17.7884 7520
17.7884 8460
17.792 9400
17.7956 10340
17.7956 8460
17.7992 9400
17.8028 10340
17.8064 11280
17.8724 9400
17.8724 10340
17.876 11280
17.8796 9400
17.8796 10340
17.8832 11280
17.894 9400
17.894 10340
17.8976 11280
17.9012 9400
17.9012 10340
17.9048 11280
17.9084 9400
17.9084 10340
17.912 11280
17.978 9400
17.978 10340
17.9816 11280
17.9852 9400
17.9852 10340
17.9888 11280
17.9996 9400
17.9996 10340
18.0032 11280
18.0068 9400
18.0068 10340
18.0104 11280
18.0104 10340
18.014 11280
18.0176 9400
18.0176 10340
18.0212 11280
18.0873 8460
18.0873 9400
18.0909 8460
18.0945 7520
18.1053 6580
18.1125 4700
18.1161 3760
18.1233 2820
18.1269 3760
18.1269 2820
18.1305 3760
18.1929 2820
18.1965 3760
18.2289 4700
18.2325 3760
18.2361 1880
18.2361 2820
18.2397 3760
18.2985 2820
18.2985 3760
18.3021 4700
18.3057 5640
18.3093 6580
18.3129 7520
18.3165 8460
18.3201 9400
18.3237 10340
18.3273 11280
18.3309 12220
18.3417 10340
18.3417 11280
18.3453 12220
18.4041 10340
18.4041 11280
18.4077 12220
18.4113 10340
18.4113 11280
18.4149 12220
18.4185 10340
18.4185 11280
18.4221 12220
18.4257 10340
18.4257 11280
18.4293 12220
18.4329 10340
18.4329 11280
18.4365 12220
18.4473 10340
18.4473 11280
18.4509 12220
18.5098 10340
18.5098 11280
18.5134 12220
18.517 10340
18.517 11280
18.5206 12220
18.5242 10340
18.5242 11280
18.5278 12220
18.5313 10340
18.5313 11280
18.5349 12220
18.5385 10340
18.5385 11280
18.5421 12220
18.553 10340
18.553 11280
18.5566 12220
18.6154 10340
18.6154 11280
18.619 12220
18.6226 10340
18.6226 11280
18.6262 12220
18.6298 10340
18.6298 11280
18.6334 12220
18.637 10340
18.637 11280
18.6406 12220
18.6442 10340
18.6442 11280
18.6478 12220
18.6586 10340
18.6586 11280
18.6622 12220
18.721 10340
18.721 11280
18.7246 12220
18.739 11280
18.739 12220
18.739 9400
18.7426 10340
18.7426 9400
18.7462 10340
18.7462 8460
18.7498 9400
18.7498 8460
18.7534 9400
18.7642 7520
18.7642 8460
18.7678 7520
18.8446 4700
18.8446 5640
18.8482 6580
18.8482 5640
18.8518 4700
18.8554 3760
18.8554 4700
18.859 5640
18.8626 6580
18.8662 7520
18.8698 8460
18.8698 6580
18.8734 7520
18.877 8460
18.8806 9400
18.8842 10340
18.8878 11280
18.8914 12220
18.9538 10340
18.9538 11280
18.9574 12220
18.9646 10340
18.9646 11280
18.9682 12220
18.9718 10340
18.9718 11280
18.9754 12220
18.979 10340
18.979 11280
18.9826 12220
18.9862 10340
18.9862 11280
18.9898 12220
18.9934 10340
18.9934 11280
18.997 12220
19.0595 10340
19.0595 11280
19.0631 12220
19.0702 10340
19.0702 11280
19.0738 12220
19.0774 10340
19.0774 11280
19.081 12220
19.0846 10340
19.0846 11280
19.0882 12220
19.0918 10340
19.0918 11280
19.0954 12220
19.099 10340
19.099 11280
19.1026 12220
19.1651 10340
19.1651 11280
19.1687 12220
19.1759 10340
19.1759 11280
19.1795 12220
19.1831 10340
19.1831 11280
19.1867 12220
19.1903 10340
19.1903 11280
19.1939 12220
19.1975 10340
19.1975 11280
19.201 12220
19.2046 10340
19.2046 11280
19.2082 12220
19.2707 10340
19.2707 11280
19.2743 12220
19.2815 10340
19.2815 11280
19.2851 12220
19.2887 10340
19.2887 11280
19.2923 12220
19.2959 10340
19.2959 11280
19.2995 12220
19.3031 10340
19.3031 11280
19.3067 12220
19.3103 10340
19.3103 11280
19.3139 12220
19.3763 10340
19.3763 11280
19.3799 12220
19.3871 10340
19.3871 11280
19.3907 12220
19.3943 10340
19.3943 11280
19.3979 12220
19.4015 10340
19.4015 11280
19.4051 12220
19.4087 10340
19.4087 11280
19.4123 12220
19.4159 10340
19.4159 11280
19.4195 12220
19.4927 8460
19.4927 9400
19.4963 10340
19.4999 11280
19.4999 9400
19.5035 10340
19.5071 11280
19.5071 9400
19.5107 10340
19.5143 11280
19.5143 9400
19.5179 10340
19.5215 11280
19.5215 9400
19.5251 10340
19.5287 11280
19.5323 12220
19.5983 10340
19.5983 11280
19.6019 12220
19.6055 10340
19.6055 11280
19.6091 12220
19.6127 11280
19.6127 12220
19.6163 11280
19.6163 12220
19.6199 10340
19.6199 11280
19.6235 12220
19.6235 11280
19.6271 10340
19.6307 9400
19.6343 8460
19.6379 7520
19.704 6580
19.7076 5640
19.7112 4700
19.7148 3760
19.7184 2820
19.7184 3760
19.722 2820
19.722 3760
19.7255 2820
19.7256 3760
19.7292 4700
19.7328 5640
19.7364 6580
19.74 7520
19.7436 8460
19.7472 9400
19.7508 10340
19.7543 11280
19.7579 12220
19.7615 13160
19.824 11280
19.824 12220
19.8276 13160
19.8312 11280
19.8312 12220
19.8348 13160
19.8384 11280
19.8384 12220
19.842 13160
19.8456 12220
19.8456 13160
19.8492 12220
19.8492 13160
19.8528 11280
19.8528 12220
19.8564 13160
19.8564 12220
19.86 11280
19.8636 10340
19.8672 9400
19.9332 7520
19.9332 8460
19.9368 7520
19.9404 6580
19.944 5640
19.9476 4700
19.9512 3760
19.9548 2820
19.9548 3760
19.9584 2820
19.9584 3760
19.962 4700
19.9656 5640
19.9692 6580
19.9728 7520
19.9764 8460
19.98 9400
19.9836 10340
19.9872 11280
19.9908 12220
19.9944 13160
19.998 14100
20.0388 12220
20.0388 13160
20.0424 14100
20.064 12220
20.064 13160
20.0676 14100
20.0712 12220
20.0712 13160
20.0748 14100
20.0784 12220
20.0784 13160
20.082 14100
20.0856 12220
20.0856 13160
20.0892 14100
20.0928 13160
20.0928 14100
20.0964 13160
20.0964 14100
20.1 12220
20.1 13160
20.1036 14100
20.1036 13160
20.1445 12220
20.1481 11280
20.1697 10340
20.1733 9400
20.1769 8460
20.1805 7520
20.1841 6580
20.1876 5640
20.1912 4700
20.1948 3760
20.1985 2820
20.1985 3760
20.2021 2820
20.2021 3760
20.2056 2820
20.2057 3760
20.2093 4700
20.2129 5640
20.2165 6580
20.22 7520
20.2236 8460
20.2272 9400
20.2308 10340
20.2344 11280
20.238 12220
20.2416 13160
20.2452 14100
20.2488 15040
20.3041 13160
20.3041 14100
20.3077 15040
20.3113 13160
20.3113 14100
20.3149 15040
20.3185 13160
20.3185 14100
20.3221 15040
20.3257 13160
20.3257 14100
20.3293 15040
20.3329 13160
20.3329 14100
20.3365 15040
20.3401 13160
20.3401 14100
20.3437 15040
20.3509 14100
20.3509 15040
20.3509 14100
20.3545 15040
20.3545 14100
20.3581 15040
20.4097 13160
20.4097 14100
20.4133 15040
20.4133 14100
20.4169 15040
20.4205 13160
20.4205 14100
20.4241 13160
20.4277 12220
20.4313 11280
20.4349 10340
20.4421 9400
20.4457 8460
20.4493 6580
20.4565 5640
20.4601 4700
20.4637 3760
20.5189 4700
20.5189 3760
20.5225 4700
20.5225 3760
20.5261 4700
20.5261 3760
20.5297 4700
20.5333 5640
20.5369 6580
20.5405 7520
20.5441 8460
20.621 7520
20.621 8460
20.6245 9400
20.6281 10340
20.6281 8460
20.6317 9400
20.6353 10340
20.6353 8460
20.6389 9400
20.6425 10340
20.6426 9400
20.6461 10340
20.6462 9400
20.6497 10340
20.6533 11280
20.6569 12220
20.6605 13160
20.6641 14100
20.6677 15040
20.6713 15980
20.7302 12220
20.7302 13160
20.7338 14100
20.7338 13160
20.7374 14100
20.7374 13160
20.741 14100
20.741 13160
20.7446 14100
20.7446 13160
20.7482 14100
20.7482 13160
20.7518 12220
20.7554 11280
20.759 10340
20.7626 9400
20.7662 8460
20.7698 7520
20.7734 6580
20.777 5640
20.8353 0
20.8353 940
20.8358 0
20.8389 940
20.8425 1880
20.843 0
20.8461 940
20.8497 1880
20.8502 0
20.8533 940
20.8569 1880
20.8605 2820
20.8641 3760
20.8677 4700
20.8713 5640
20.8749 6580
20.8785 7520
20.8821 8460
20.8857 9400
20.8893 10340
20.8929 11280
20.8965 12220
20.9001 13160
20.9037 14100
20.9073 15040
20.9109 15980
20.9145 16920
20.9181 17860
20.9217 18800
20.941 17860
20.941 18800
20.9733 15040
20.9733 15980
20.9769 16920
20.9805 17860
20.9805 15980
20.9841 16920
20.9877 17860
20.9877 15980
20.9913 16920
20.9949 17860
20.9985 18800
20.9986 17860
20.9986 16920
21.0021 17860
21.0022 16920
21.0057 17860
21.0057 15980
21.0093 16920
21.0093 15980
21.0129 16920
21.0129 15980
21.0165 15040
21.0201 14100
21.0237 13160
21.0466 12220
21.079 11280
21.0826 9400
21.0862 8460
21.0898 7520
21.0934 6580
21.097 5640
21.1006 4700
21.1042 3760
21.1078 2820
21.1078 3760
21.1114 2820
21.1114 3760
21.115 2820
21.115 3760
21.1186 4700
21.1222 5640
21.1258 6580
21.1294 7520
21.133 8460
21.1366 9400
21.1402 10340
21.2134 8460
21.2134 9400
21.217 10340
21.2206 9400
21.2206 10340
21.2242 11280
21.2242 9400
21.2278 10340
21.2314 11280
21.2314 9400
21.235 10340
21.2386 11280
21.2386 9400
21.2422 10340
21.2458 11280
21.2458 9400
21.2494 10340
21.253 11280
21.2566 12220
21.2602 13160
21.2638 14100
21.2674 15040
21.271 15980
21.2746 16920
21.2782 17860
21.2818 18800
21.3226 16920
21.3226 17860
21.3262 18800
21.3298 16920
21.3298 17860
21.3334 18800
21.3442 16920
21.3442 17860
21.3442 16920
21.3478 17860
21.3478 15980
21.3514 16920
21.3514 15980
21.355 16920
21.3586 17860
21.3586 16920
21.3622 17860
21.3622 16920
21.3658 15040
21.3694 14100
21.373 13160
21.3766 12220
21.3802 11280
21.3838 10340
21.4283 8460
21.4319 7520
21.4355 6580
21.439 5640
21.4499 4700
21.4535 3760
21.4606 4700
21.4606 3760
21.4642 4700
21.4642 3760
21.4678 2820
21.4678 3760
21.5627 2820
21.5627 3760
21.5663 4700
21.5699 5640
21.5699 4700
21.5735 5640
21.5735 4700
21.5771 5640
21.5807 6580
21.5843 7520
21.5879 8460
21.5914 9400
21.595 10340
21.5986 11280
21.6022 12220
21.6058 13160
21.6094 14100
21.613 15040
21.6166 15980
21.6202 16920
21.6238 17860
21.6274 18800
21.6719 16920
21.6719 17860
21.6755 18800
21.6755 17860
21.6791 15980
21.6827 15040
21.6863 14100
21.6899 13160
21.6971 11280
21.7007 10340
21.7043 9400
21.7079 8460
21.7115 7520
21.7151 6580
21.7223 4700
21.7259 3760
21.7295 2820
21.7295 3760
21.7331 2820
21.7331 3760
21.7627 0
21.7627 940
21.7775 0
21.7775 940
21.7811 1880
21.7811 940
21.7847 1880
21.7883 2820
21.7919 3760
21.8683 0
21.8683 940
21.8719 1880
21.8755 2820
21.8791 3760
21.9775 1880
21.9775 2820
21.9811 3760
21.9847 1880
21.9847 2820
21.9883 3760
22.0867 1880
22.0867 2820
22.0903 3760
22.0939 1880
22.0939 2820
22.0975 3760
22.1959 2820
22.1959 3760
22.1995 2820
22.1995 3760
22.2031 1880
22.2031 2820
22.2067 3760
22.2939 0
22.2939 940
22.3016 1880
22.3052 2820
22.3052 940
22.3087 0
22.3088 940
22.3124 1880
22.316 2820
22.3196 3760
22.3995 2820
22.3995 3760
22.5051 0
22.5051 940
22.5087 1880
22.5123 2820
22.5159 3760
22.6144 1880
22.6144 2820
22.618 3760
22.6216 1880
22.6216 2820
22.6252 3760
22.7236 1880
22.7236 2820
22.7272 3760
22.7308 1880
22.7308 2820
22.7344 3760
22.84 1880
22.84 2820
22.84 1880
22.8436 2820
22.8472 3760
22.9456 1880
22.9456 2820
22.9492 3760
22.9492 2820
22.9528 3760
22.9528 2820
22.9564 3760
23.04 0
23.04 940
23.0512 0
23.0512 940
23.0548 1880
23.0584 2820
23.0584 940
23.062 1880
23.0656 2820
23.0692 3760
23.0728 4700
23.0764 5640
23.08 6580
23.0836 7520
23.1456 6580
23.1456 7520
23.1713 5640
23.1713 6580
23.1749 7520
23.1785 5640
23.1785 6580
23.182 7520
23.1856 5640
23.1856 6580
23.1892 7520
23.2512 5640
23.2512 6580
23.2548 7520
23.2805 5640
23.2805 6580
23.2841 7520
23.2877 5640
23.2877 6580
23.2913 7520
23.3604 3760
23.3604 4700
23.364 5640
23.3676 6580
23.3712 7520
23.3933 6580
23.3933 7520
23.3933 6580
23.3969 7520
23.4697 6580
23.4697 7520
23.4733 5640
23.4733 6580
23.4769 7520
23.4769 4700
23.4805 5640
23.4989 4700
23.5025 3760
23.5753 2820
23.5753 3760
23.5789 2820
23.5789 3760
23.5825 2820
23.5825 3760
23.5861 2820
23.5861 3760
23.6809 2820
23.6809 3760
23.6845 4700
23.6881 5640
23.6881 3760
23.6917 4700
23.6953 5640
23.6989 6580
23.7025 7520
23.7061 8460
23.7866 6580
23.7866 7520
23.7902 8460
23.7938 6580
23.7938 7520
23.7974 8460
23.801 6580
23.801 7520
23.8046 8460
23.8082 6580
23.8082 7520
23.8118 8460
23.8958 7520
23.8958 8460
23.8958 7520
23.8994 8460
23.8994 7520
23.903 8460
23.903 6580
23.9066 7520
23.9066 6580
23.9102 7520
23.9102 6580
23.9138 5640
23.9174 4700
24.0014 3760
24.005 2820
24.005 3760
24.0086 2820
24.0086 3760
24.0133 2820
24.0133 3760
24.0169 4700
24.0205 5640
24.0241 6580
24.0277 7520
24.0313 8460
24.1106 6580
24.1106 7520
24.1142 8460
24.119 6580
24.119 7520
24.1226 8460
24.1298 7520
24.1298 8460
24.1298 7520
24.1334 8460
24.1334 7520
24.137 8460
24.137 6580
24.1406 7520
24.1442 8460
24.2163 7520
24.2199 8460
24.2199 7520
24.2246 6580
24.2282 5640
24.2354 4700
24.239 3760
24.2462 1880
24.2498 2820
24.2534 3760
24.3518 1880
24.3518 2820
24.3554 3760
24.359 4700
24.359 2820
24.3626 3760
24.3662 4700
24.3698 5640
24.3734 6580
24.377 7520
24.3806 8460
24.3842 9400
24.461 8460
24.461 9400
24.4646 8460
24.4646 9400
24.4682 7520
24.4682 8460
24.4718 9400
24.4718 8460
24.4754 7520
24.479 6580
24.4826 5640
24.4862 4700
24.4898 3760
24.5666 2820
24.5666 3760
24.5702 2820
24.5702 3760
24.5738 2820
24.5738 3760
24.5774 4700
24.581 5640
24.5846 6580
24.5882 7520
24.5918 8460
24.5954 9400
24.599 10340
24.6723 8460
24.6723 9400
24.6759 10340
24.6795 8460
24.6795 9400
24.6831 10340
24.6867 8460
24.6867 9400
24.6903 10340
24.6939 8460
24.6939 9400
24.6975 10340
24.7011 9400
24.7011 10340
24.7047 9400
24.7047 10340
24.7779 8460
24.7779 9400
24.7815 10340
24.7815 9400
24.7851 8460
24.7923 6580
24.7923 7520
24.7959 6580
24.7995 5640
24.8031 4700
24.8067 3760
24.8103 2820
24.8103 3760
24.8835 2820
24.8835 3760
24.8871 4700
24.8907 5640
24.8943 6580
24.8979 7520
24.9015 8460
24.9051 9400
24.9087 10340
24.9123 11280
24.9159 10340
24.9159 11280
24.9159 10340
24.9195 11280
24.9891 10340
24.9891 11280
24.9927 9400
24.9927 10340
24.9963 11280
24.9963 10340
24.9999 11280
24.9999 10340
25.0035 9400
25.0071 8460
25.0107 7520
25.0143 6580
25.0179 5640
25.0216 4700
25.0252 3760
25.0948 2820
25.0948 3760
25.0984 2820
25.0984 3760
25.1031 2820
25.1031 3760
25.1067 4700
25.1103 5640
25.1139 6580
25.1175 7520
25.1211 8460
25.1247 9400
25.1283 10340
25.1319 11280
25.1355 12220
25.2004 10340
25.2004 11280
25.204 12220
25.2087 10340
25.2087 11280
25.2123 12220
25.2159 10340
25.2159 11280
25.2195 12220
25.2231 10340
25.2231 11280
25.2267 12220
25.2303 10340
25.2303 11280
25.2339 12220
25.2375 10340
25.2375 11280
25.2411 12220
25.306 10340
25.306 11280
25.3096 12220
25.3143 10340
25.3143 11280
25.3179 12220
25.3215 10340
25.3215 11280
25.3251 12220
25.3287 10340
25.3287 11280
25.3323 12220
25.3359 10340
25.3359 11280
25.3395 12220
25.3431 10340
25.3431 11280
25.3467 12220
25.4116 11280
25.4116 12220
25.4152 11280
25.4152 12220
25.42 10340
25.42 11280
25.4236 12220
25.4236 11280
25.4272 10340
25.4308 9400
25.4343 8460
25.4379 7520
25.4415 6580
25.4451 5640
25.4487 4700
25.4523 3760
25.5173 2820
25.5173 3760
25.5209 2820
25.5209 3760
25.5256 2820
25.5256 3760
25.5292 4700
25.5328 5640
25.5364 6580
25.54 7520
25.5436 8460
25.5472 9400
25.5508 10340
25.5544 11280
25.558 12220
25.5616 13160
25.6265 12220
25.6265 13160
25.6312 12220
25.6312 13160
25.6348 10340
25.6348 11280
25.6384 12220
25.642 11280
25.6456 10340
25.6492 8460
25.6528 7520
25.6564 6580
25.66 5640
25.6636 4700
25.6672 3760
25.7256 0
25.7256 940
25.7321 1880
25.7357 2820
25.7393 3760
25.7404 2820
25.7429 3760
25.744 0
25.7465 940
25.7501 1880
25.7537 2820
25.7573 3760
25.8312 0
25.8312 940
25.8348 1880
25.8378 940
25.8384 1880
25.8414 940
25.842 1880
25.8456 2820
25.8492 3760
25.944 0
25.944 940
26.344 0
26.344 940
27.144 0
27.144 940
28.744 0
28.744 940
31.944 0
31.944 940
38.344 0
38.344 940
51.144 0
