0.010001 1 -0
0.110001 1 0.00820216
0.110001 2 -0
0.210001 1 0.239294
0.210001 2 0.00820216
0.310001 1 0.301493
0.310001 2 0.0147841
0.410001 1 0.407528
0.410001 2 0.0307911
0.510001 1 0.343596
0.510001 2 0.0384513
0.610001 1 0.346322
0.610001 2 0.0340769
0.710001 1 0.43207
0.710001 2 0.0364295
0.810001 1 0.431144
0.810001 2 0.0413076
0.910001 1 0.421115
0.910001 2 0.0382166
1.01 1 0.441361
1.01 2 0.0369617
1.11 1 0.441458
1.11 2 0.0420434
1.21 1 0.44295
1.21 2 0.0389225
1.31 1 0.458365
1.31 2 0.0402026
1.41 1 0.481351
1.41 2 0.0391263
1.51 1 0.51211
1.51 2 0.0397139
1.61 1 0.535471
1.61 2 0.0414869
1.71 1 0.548502
1.71 2 0.0442678
1.81 1 0.547283
1.81 2 0.0420713
1.91 1 0.55858
1.91 2 0.0422426
2.01 1 0.575897
2.01 2 0.043446
2.11 1 0.579714
2.11 2 0.0456515
2.21 1 0.58192
2.21 2 0.0440384
2.31 1 0.599425
2.31 2 0.0442504
2.41 1 0.605789
2.41 2 0.046936
2.51 1 0.594566
2.51 2 0.0475527
2.61 1 0.601131
2.61 2 0.0483691
2.71 1 0.589597
2.71 2 0.0479915
2.81 1 0.578262
2.81 2 0.0470299
2.91 1 0.578262
2.91 2 0.0456053
3.01 1 0.540832
3.01 2 0.0456053
3.11 1 0.540832
3.11 2 0.0456053
3.21 1 0.540832
3.21 2 0.0456053
3.31 1 0.540832
3.31 2 0.0456053
3.41 1 0.477879
3.41 2 0.0456053
3.51 1 0.477879
3.51 2 0.0456053
3.61 1 0.477879
3.61 2 0.0456053
3.71 1 0.477879
3.71 2 0.0456053
3.81 1 0.477879
3.81 2 0.0456053
3.91 1 0.477879
3.91 2 0.0456053
4.01 1 0.477879
4.01 2 0.0456053
4.11 1 0.477879
4.11 2 0.0456053
4.21 1 0.387218
4.21 2 0.0456053
4.31 1 0.387218
4.31 2 0.0456053
4.41 1 0.387218
4.41 2 0.0456053
4.51 1 0.387218
4.51 2 0.0456053
4.61 1 0.387218
4.61 2 0.0456053
4.71 1 0.387218
4.71 2 0.0456053
4.81 1 0.387218
4.81 2 0.0456053
4.91 1 0.387218
4.91 2 0.0456053
5.01 1 0.387218
5.01 2 0.0456053
5.11 1 0.387218
5.11 2 0.0456053
5.21 1 0.387218
5.21 2 0.0456053
5.31 1 0.387218
5.31 2 0.0456053
5.41 1 0.387218
5.41 2 0.0456053
5.51 1 0.387218
5.51 2 0.0456053
5.61 1 0.387218
5.61 2 0.0456053
5.71 1 0.387218
5.71 2 0.0456053
5.81 1 0.280586
5.81 2 0.0456053
5.91 1 0.280586
5.91 2 0.0456053
6.01 1 0.280586
6.01 2 0.0456053
6.11 1 0.280586
6.11 2 0.0456053
6.21 1 0.280586
6.21 2 0.0456053
6.31 1 0.280586
6.31 2 0.0456053
6.41 1 0.280586
6.41 2 0.0456053
6.51 1 0.280586
6.51 2 0.0456053
6.61 1 0.280586
6.61 2 0.0456053
6.71 1 0.280586
6.71 2 0.0456053
6.81 1 0.280586
6.81 2 0.0456053
6.91 1 0.280586
6.91 2 0.0456053
7.01 1 0.280586
7.01 2 0.0456053
7.11 1 0.280586
7.11 2 0.0456053
7.21 1 0.280586
7.21 2 0.0456053
7.31 1 0.280586
7.31 2 0.0456053
7.41 1 0.280586
7.41 2 0.0456053
7.51 1 0.280586
7.51 2 0.0456053
7.61 1 0.280586
7.61 2 0.0456053
7.71 1 0.280586
7.71 2 0.0456053
7.81 1 0.280586
7.81 2 0.0456053
7.91 1 0.280586
7.91 2 0.0456053
8.01 1 0.280586
8.01 2 0.0456053
8.11 1 0.280586
8.11 2 0.0456053
8.21 1 0.280586
8.21 2 0.0456053
8.31 1 0.280586
8.31 2 0.0456053
8.41 1 0.280586
8.41 2 0.0456053
8.51 1 0.280586
8.51 2 0.0456053
8.61 1 0.280586
8.61 2 0.0456053
8.71 1 0.280586
8.71 2 0.0456053
8.81 1 0.280586
8.81 2 0.0456053
8.91 1 0.280586
8.91 2 0.0456053
9.01 1 0.180965
9.01 2 0.0456053
9.11 1 0.180965
9.11 2 0.0456053
9.21 1 0.180965
9.21 2 0.0456053
9.31 1 0.180965
9.31 2 0.0456053
9.41 1 0.180965
9.41 2 0.0456053
9.51 1 0.180965
9.51 2 0.0456053
9.61 1 0.180965
9.61 2 0.0456053
9.71 1 0.180965
9.71 2 0.0456053
9.81 1 0.180965
9.81 2 0.0456053
9.91 1 0.180965
9.91 2 0.0456053
10.01 1 0.180965
10.01 2 0.0456053
10.11 1 0.180965
10.11 2 0.0456053
10.21 1 0.180965
10.21 2 0.0456053
10.31 1 0.180965
10.31 2 0.0456053
10.41 1 0.180965
10.41 2 0.0456053
10.51 1 0.180965
10.51 2 0.0456053
10.61 1 0.180965
10.61 2 0.0456053
10.71 1 0.180965
10.71 2 0.0456053
10.81 1 0.180965
10.81 2 0.0456053
10.91 1 0.180965
10.91 2 0.0456053
11.01 1 0.180965
11.01 2 0.0456053
11.11 1 0.180965
11.11 2 0.0456053
11.21 1 0.180965
11.21 2 0.0456053
11.31 1 0.180965
11.31 2 0.0456053
11.41 1 0.180965
11.41 2 0.0456053
11.51 1 0.180965
11.51 2 0.0456053
11.61 1 0.180965
11.61 2 0.0456053
11.71 1 0.180965
11.71 2 0.0456053
11.81 1 0.180965
11.81 2 0.0456053
11.91 1 0.180965
11.91 2 0.0456053
12.01 1 0.180965
12.01 2 0.0456053
12.11 1 0.180965
12.11 2 0.0456053
12.21 1 0.180965
12.21 2 0.0456053
12.31 1 0.180965
12.31 2 0.0456053
12.41 1 0.180965
12.41 2 0.0456053
12.51 1 0.180965
12.51 2 0.0456053
12.61 1 0.180965
12.61 2 0.0456053
12.71 1 0.180965
12.71 2 0.0456053
12.81 1 0.180965
12.81 2 0.0456053
12.91 1 0.180965
12.91 2 0.0456053
13.01 1 0.180965
13.01 2 0.0456053
13.11 1 0.180965
13.11 2 0.0456053
13.21 1 0.180965
13.21 2 0.0456053
13.31 1 0.180965
13.31 2 0.0456053
13.41 1 0.180965
13.41 2 0.0456053
13.51 1 0.180965
13.51 2 0.0456053
13.61 1 0.180965
13.61 2 0.0456053
13.71 1 0.180965
13.71 2 0.0456053
13.81 1 0.180965
13.81 2 0.0456053
13.91 1 0.180965
13.91 2 0.0456053
14.01 1 0.180965
14.01 2 0.0456053
14.11 1 0.180965
14.11 2 0.0456053
14.21 1 0.180965
14.21 2 0.0456053
14.31 1 0.180965
14.31 2 0.0456053
14.41 1 0.180965
14.41 2 0.0456053
14.51 1 0.180965
14.51 2 0.0456053
14.61 1 0.180965
14.61 2 0.0456053
14.71 1 0.180965
14.71 2 0.0456053
14.81 1 0.180965
14.81 2 0.0456053
14.91 1 0.180965
14.91 2 0.0456053
15.01 1 0.180965
15.01 2 0.0456053
15.11 1 0.180965
15.11 2 0.0456053
15.21 1 0.180965
15.21 2 0.0456053
15.31 1 0.180965
15.31 2 0.0456053
15.41 1 0.105886
15.41 2 0.0456053
15.51 1 0.105886
15.51 2 0.0456053
15.61 1 0.105886
15.61 2 0.0456053
15.71 1 0.105886
15.71 2 0.0456053
15.81 1 0.105886
15.81 2 0.0456053
15.91 1 0.105886
15.91 2 0.0456053
16.01 1 0.105886
16.01 2 0.0456053
16.11 1 0.105886
16.11 2 0.0456053
16.21 1 0.105886
16.21 2 0.0456053
16.31 1 0.105886
16.31 2 0.0456053
16.41 1 0.105886
16.41 2 0.0456053
16.51 1 0.105886
16.51 2 0.0456053
16.61 1 0.105886
16.61 2 0.0456053
16.71 1 0.105886
16.71 2 0.0456053
16.81 1 0.105886
16.81 2 0.0456053
16.91 1 0.105886
16.91 2 0.0456053
17.01 1 0.105886
17.01 2 0.0456053
17.11 1 0.105886
17.11 2 0.0456053
17.21 1 0.105886
17.21 2 0.0456053
17.31 1 0.105886
17.31 2 0.0456053
17.41 1 0.105886
17.41 2 0.0456053
17.51 1 0.105886
17.51 2 0.0456053
17.61 1 0.105886
17.61 2 0.0456053
17.71 1 0.105886
17.71 2 0.0456053
17.81 1 0.105886
17.81 2 0.0456053
17.91 1 0.105886
17.91 2 0.0456053
18.01 1 0.105886
18.01 2 0.0456053
18.11 1 0.105886
18.11 2 0.0456053
18.21 1 0.105886
18.21 2 0.0456053
18.31 1 0.105886
18.31 2 0.0456053
18.41 1 0.105886
18.41 2 0.0456053
18.51 1 0.105886
18.51 2 0.0456053
18.61 1 0.105886
18.61 2 0.0456053
18.71 1 0.105886
18.71 2 0.0456053
18.81 1 0.105886
18.81 2 0.0456053
18.91 1 0.105886
18.91 2 0.0456053
19.01 1 0.105886
19.01 2 0.0456053
19.11 1 0.105886
19.11 2 0.0456053
19.21 1 0.105886
19.21 2 0.0456053
19.31 1 0.105886
19.31 2 0.0456053
19.41 1 0.105886
19.41 2 0.0456053
19.51 1 0.105886
19.51 2 0.0456053
19.61 1 0.105886
19.61 2 0.0456053
19.71 1 0.105886
19.71 2 0.0456053
19.81 1 0.105886
19.81 2 0.0456053
19.91 1 0.105886
19.91 2 0.0456053
20.01 1 0.105886
20.01 2 0.0456053
20.11 1 0.105886
20.11 2 0.0456053
20.21 1 0.105886
20.21 2 0.0456053
20.31 1 0.105886
20.31 2 0.0456053
20.41 1 0.105886
20.41 2 0.0456053
20.51 1 0.105886
20.51 2 0.0456053
20.61 1 0.105886
20.61 2 0.0456053
20.71 1 0.105886
20.71 2 0.0456053
20.81 1 0.105886
20.81 2 0.0456053
20.91 1 0.105886
20.91 2 0.0456053
21.01 1 0.105886
21.01 2 0.0456053
21.11 1 0.105886
21.11 2 0.0456053
21.21 1 0.105886
21.21 2 0.0456053
21.31 1 0.105886
21.31 2 0.0456053
21.41 1 0.105886
21.41 2 0.0456053
21.51 1 0.105886
21.51 2 0.0456053
21.61 1 0.105886
21.61 2 0.0456053
21.71 1 0.105886
21.71 2 0.0456053
21.81 1 0.105886
21.81 2 0.0456053
21.91 1 0.105886
21.91 2 0.0456053
22.01 1 0.105886
22.01 2 0.0456053
22.11 1 0.105886
22.11 2 0.0456053
22.21 1 0.105886
22.21 2 0.0456053
22.31 1 0.105886
22.31 2 0.0456053
22.41 1 0.105886
22.41 2 0.0456053
22.51 1 0.105886
22.51 2 0.0456053
22.61 1 0.105886
22.61 2 0.0456053
22.71 1 0.105886
22.71 2 0.0456053
22.81 1 0.105886
22.81 2 0.0456053
22.91 1 0.105886
22.91 2 0.0456053
23.01 1 0.105886
23.01 2 0.0456053
23.11 1 0.105886
23.11 2 0.0456053
23.21 1 0.105886
23.21 2 0.0456053
23.31 1 0.105886
23.31 2 0.0456053
23.41 1 0.105886
23.41 2 0.0456053
23.51 1 0.105886
23.51 2 0.0456053
23.61 1 0.105886
23.61 2 0.0456053
23.71 1 0.105886
23.71 2 0.0456053
23.81 1 0.105886
23.81 2 0.0456053
23.91 1 0.105886
23.91 2 0.0456053
24.01 1 0.105886
24.01 2 0.0456053
24.11 1 0.105886
24.11 2 0.0456053
24.21 1 0.105886
24.21 2 0.0456053
24.31 1 0.105886
24.31 2 0.0456053
24.41 1 0.105886
24.41 2 0.0456053
24.51 1 0.105886
24.51 2 0.0456053
24.61 1 0.105886
24.61 2 0.0456053
24.71 1 0.105886
24.71 2 0.0456053
24.81 1 0.105886
24.81 2 0.0456053
24.91 1 0.105886
24.91 2 0.0456053
25.01 1 0.105886
25.01 2 0.0456053
25.11 1 0.105886
25.11 2 0.0456053
25.21 1 0.105886
25.21 2 0.0456053
25.31 1 0.105886
25.31 2 0.0456053
25.41 1 0.105886
25.41 2 0.0456053
25.51 1 0.105886
25.51 2 0.0456053
25.61 1 0.105886
25.61 2 0.0456053
25.71 1 0.105886
25.71 2 0.0456053
25.81 1 0.105886
25.81 2 0.0456053
25.91 1 0.105886
25.91 2 0.0456053
26.01 1 0.105886
26.01 2 0.0456053
26.11 1 0.105886
26.11 2 0.0456053
26.21 1 0.105886
26.21 2 0.0456053
26.31 1 0.105886
26.31 2 0.0456053
26.41 1 0.105886
26.41 2 0.0456053
26.51 1 0.105886
26.51 2 0.0456053
26.61 1 0.105886
26.61 2 0.0456053
26.71 1 0.105886
26.71 2 0.0456053
26.81 1 0.105886
26.81 2 0.0456053
26.91 1 0.105886
26.91 2 0.0456053
27.01 1 0.105886
27.01 2 0.0456053
27.11 1 0.105886
27.11 2 0.0456053
27.21 1 0.105886
27.21 2 0.0456053
27.31 1 0.105886
27.31 2 0.0456053
27.41 1 0.105886
27.41 2 0.0456053
27.51 1 0.105886
27.51 2 0.0456053
27.61 1 0.105886
27.61 2 0.0456053
27.71 1 0.105886
27.71 2 0.0456053
27.81 1 0.105886
27.81 2 0.0456053
27.91 1 0.105886
27.91 2 0.0456053
28.01 1 0.105886
28.01 2 0.0456053
28.11 1 0.105886
28.11 2 0.0456053
28.21 1 0.105886
28.21 2 0.0456053
28.31 1 0.105886
28.31 2 0.0456053
28.41 1 0.105886
28.41 2 0.0456053
28.51 1 0.105886
28.51 2 0.0456053
28.61 1 0.105886
28.61 2 0.0456053
28.71 1 0.105886
28.71 2 0.0456053
28.81 1 0.105886
28.81 2 0.0456053
28.91 1 0.105886
28.91 2 0.0456053
29.01 1 0.105886
29.01 2 0.0456053
29.11 1 0.105886
29.11 2 0.0456053
29.21 1 0.105886
29.21 2 0.0456053
29.31 1 0.105886
29.31 2 0.0456053
29.41 1 0.105886
29.41 2 0.0456053
29.51 1 0.105886
29.51 2 0.0456053
29.61 1 0.105886
29.61 2 0.0456053
29.71 1 0.105886
29.71 2 0.0456053
29.81 1 0.105886
29.81 2 0.0456053
29.91 1 0.105886
29.91 2 0.0456053
30.01 1 0.105886
30.01 2 0.0456053
30.11 1 0.105886
30.11 2 0.0456053
30.21 1 0.105886
30.21 2 0.0456053
30.31 1 0.105886
30.31 2 0.0456053
30.41 1 0.105886
30.41 2 0.0456053
30.51 1 0.105886
30.51 2 0.0456053
30.61 1 0.105886
30.61 2 0.0456053
30.71 1 0.105886
30.71 2 0.0456053
30.81 1 0.105886
30.81 2 0.0456053
30.91 1 0.105886
30.91 2 0.0456053
31.01 1 0.105886
31.01 2 0.0456053
31.11 1 0.105886
31.11 2 0.0456053
31.21 1 0.105886
31.21 2 0.0456053
31.31 1 0.105886
31.31 2 0.0456053
31.41 1 0.105886
31.41 2 0.0456053
31.51 1 0.105886
31.51 2 0.0456053
31.61 1 0.105886
31.61 2 0.0456053
31.71 1 0.105886
31.71 2 0.0456053
31.81 1 0.105886
31.81 2 0.0456053
31.91 1 0.105886
31.91 2 0.0456053
32.01 1 0.105886
32.01 2 0.0456053
32.11 1 0.105886
32.11 2 0.0456053
32.21 1 0.105886
32.21 2 0.0456053
32.31 1 0.105886
32.31 2 0.0456053
32.41 1 0.105886
32.41 2 0.0456053
32.51 1 0.105886
32.51 2 0.0456053
32.61 1 0.105886
32.61 2 0.0456053
32.71 1 0.105886
32.71 2 0.0456053
32.81 1 0.105886
32.81 2 0.0456053
32.91 1 0.105886
32.91 2 0.0456053
33.01 1 0.105886
33.01 2 0.0456053
33.11 1 0.105886
33.11 2 0.0456053
33.21 1 0.105886
33.21 2 0.0456053
33.31 1 0.105886
33.31 2 0.0456053
33.41 1 0.105886
33.41 2 0.0456053
33.51 1 0.105886
33.51 2 0.0456053
33.61 1 0.105886
33.61 2 0.0456053
33.71 1 0.105886
33.71 2 0.0456053
33.81 1 0.105886
33.81 2 0.0456053
33.91 1 0.105886
33.91 2 0.0456053
34.01 1 0.105886
34.01 2 0.0456053
34.11 1 0.105886
34.11 2 0.0456053
34.21 1 0.105886
34.21 2 0.0456053
34.31 1 0.105886
34.31 2 0.0456053
34.41 1 0.105886
34.41 2 0.0456053
34.51 1 0.105886
34.51 2 0.0456053
34.61 1 0.105886
34.61 2 0.0456053
34.71 1 0.105886
34.71 2 0.0456053
34.81 1 0.105886
34.81 2 0.0456053
34.91 1 0.105886
34.91 2 0.0456053
35.01 1 0.105886
35.01 2 0.0456053
35.11 1 0.105886
35.11 2 0.0456053
35.21 1 0.105886
35.21 2 0.0456053
35.31 1 0.105886
35.31 2 0.0456053
35.41 1 0.105886
35.41 2 0.0456053
35.51 1 0.105886
35.51 2 0.0456053
35.61 1 0.105886
35.61 2 0.0456053
35.71 1 0.105886
35.71 2 0.0456053
35.81 1 0.105886
35.81 2 0.0456053
35.91 1 0.105886
35.91 2 0.0456053
36.01 1 0.105886
36.01 2 0.0456053
36.11 1 0.105886
36.11 2 0.0456053
36.21 1 0.105886
36.21 2 0.0456053
36.31 1 0.105886
36.31 2 0.0456053
36.41 1 0.105886
36.41 2 0.0456053
36.51 1 0.105886
36.51 2 0.0456053
36.61 1 0.105886
36.61 2 0.0456053
36.71 1 0.105886
36.71 2 0.0456053
36.81 1 0.105886
36.81 2 0.0456053
36.91 1 0.105886
36.91 2 0.0456053
37.01 1 0.105886
37.01 2 0.0456053
37.11 1 0.105886
37.11 2 0.0456053
37.21 1 0.105886
37.21 2 0.0456053
37.31 1 0.105886
37.31 2 0.0456053
37.41 1 0.105886
37.41 2 0.0456053
37.51 1 0.105886
37.51 2 0.0456053
37.61 1 0.105886
37.61 2 0.0456053
37.71 1 0.105886
37.71 2 0.0456053
37.81 1 0.105886
37.81 2 0.0456053
37.91 1 0.105886
37.91 2 0.0456053
38.01 1 0.105886
38.01 2 0.0456053
38.11 1 0.105886
38.11 2 0.0456053
38.21 1 0.105886
38.21 2 0.0456053
38.31 1 0.105886
38.31 2 0.0456053
38.41 1 0.105886
38.41 2 0.0456053
38.51 1 0.105886
38.51 2 0.0456053
38.61 1 0.105886
38.61 2 0.0456053
38.71 1 0.105886
38.71 2 0.0456053
38.81 1 0.105886
38.81 2 0.0456053
38.91 1 0.105886
38.91 2 0.0456053
39.01 1 0.105886
39.01 2 0.0456053
39.11 1 0.105886
39.11 2 0.0456053
39.21 1 0.105886
39.21 2 0.0456053
39.31 1 0.105886
39.31 2 0.0456053
39.41 1 0.105886
39.41 2 0.0456053
39.51 1 0.105886
39.51 2 0.0456053
39.61 1 0.105886
39.61 2 0.0456053
39.71 1 0.105886
39.71 2 0.0456053
39.81 1 0.105886
39.81 2 0.0456053
39.91 1 0.105886
39.91 2 0.0456053
40.01 1 0.105886
40.01 2 0.0456053
40.11 1 0.105886
40.11 2 0.0456053
40.21 1 0.105886
40.21 2 0.0456053
40.31 1 0.105886
40.31 2 0.0456053
40.41 1 0.105886
40.41 2 0.0456053
40.51 1 0.105886
40.51 2 0.0456053
40.61 1 0.105886
40.61 2 0.0456053
40.71 1 0.105886
40.71 2 0.0456053
40.81 1 0.105886
40.81 2 0.0456053
40.91 1 0.105886
40.91 2 0.0456053
41.01 1 0.105886
41.01 2 0.0456053
41.11 1 0.105886
41.11 2 0.0456053
41.21 1 0.105886
41.21 2 0.0456053
41.31 1 0.105886
41.31 2 0.0456053
41.41 1 0.105886
41.41 2 0.0456053
41.51 1 0.105886
41.51 2 0.0456053
41.61 1 0.105886
41.61 2 0.0456053
41.71 1 0.105886
41.71 2 0.0456053
41.81 1 0.105886
41.81 2 0.0456053
41.91 1 0.105886
41.91 2 0.0456053
42.01 1 0.105886
42.01 2 0.0456053
42.11 1 0.105886
42.11 2 0.0456053
42.21 1 0.105886
42.21 2 0.0456053
42.31 1 0.105886
42.31 2 0.0456053
42.41 1 0.105886
42.41 2 0.0456053
42.51 1 0.105886
42.51 2 0.0456053
42.61 1 0.105886
42.61 2 0.0456053
42.71 1 0.105886
42.71 2 0.0456053
42.81 1 0.105886
42.81 2 0.0456053
42.91 1 0.105886
42.91 2 0.0456053
43.01 1 0.105886
43.01 2 0.0456053
43.11 1 0.105886
43.11 2 0.0456053
43.21 1 0.105886
43.21 2 0.0456053
43.31 1 0.105886
43.31 2 0.0456053
43.41 1 0.105886
43.41 2 0.0456053
43.51 1 0.105886
43.51 2 0.0456053
43.61 1 0.105886
43.61 2 0.0456053
43.71 1 0.105886
43.71 2 0.0456053
43.81 1 0.105886
43.81 2 0.0456053
43.91 1 0.105886
43.91 2 0.0456053
44.01 1 0.105886
44.01 2 0.0456053
44.11 1 0.105886
44.11 2 0.0456053
44.21 1 0.105886
44.21 2 0.0456053
44.31 1 0.105886
44.31 2 0.0456053
44.41 1 0.105886
44.41 2 0.0456053
44.51 1 0.105886
44.51 2 0.0456053
44.61 1 0.105886
44.61 2 0.0456053
44.71 1 0.105886
44.71 2 0.0456053
44.81 1 0.105886
44.81 2 0.0456053
44.91 1 0.105886
44.91 2 0.0456053
45.01 1 0.105886
45.01 2 0.0456053
45.11 1 0.105886
45.11 2 0.0456053
45.21 1 0.105886
45.21 2 0.0456053
45.31 1 0.105886
45.31 2 0.0456053
45.41 1 0.105886
45.41 2 0.0456053
45.51 1 0.105886
45.51 2 0.0456053
45.61 1 0.105886
45.61 2 0.0456053
45.71 1 0.105886
45.71 2 0.0456053
45.81 1 0.105886
45.81 2 0.0456053
45.91 1 0.105886
45.91 2 0.0456053
46.01 1 0.105886
46.01 2 0.0456053
46.11 1 0.105886
46.11 2 0.0456053
46.21 1 0.105886
46.21 2 0.0456053
46.31 1 0.105886
46.31 2 0.0456053
46.41 1 0.105886
46.41 2 0.0456053
46.51 1 0.105886
46.51 2 0.0456053
46.61 1 0.105886
46.61 2 0.0456053
46.71 1 0.105886
46.71 2 0.0456053
46.81 1 0.105886
46.81 2 0.0456053
46.91 1 0.105886
46.91 2 0.0456053
47.01 1 0.105886
47.01 2 0.0456053
47.11 1 0.105886
47.11 2 0.0456053
47.21 1 0.105886
47.21 2 0.0456053
47.31 1 0.105886
47.31 2 0.0456053
47.41 1 0.105886
47.41 2 0.0456053
47.51 1 0.105886
47.51 2 0.0456053
47.61 1 0.105886
47.61 2 0.0456053
47.71 1 0.105886
47.71 2 0.0456053
47.81 1 0.105886
47.81 2 0.0456053
47.91 1 0.105886
47.91 2 0.0456053
48.01 1 0.105886
48.01 2 0.0456053
48.11 1 0.105886
48.11 2 0.0456053
48.21 1 0.105886
48.21 2 0.0456053
48.31 1 0.105886
48.31 2 0.0456053
48.41 1 0.105886
48.41 2 0.0456053
48.51 1 0.105886
48.51 2 0.0456053
48.61 1 0.105886
48.61 2 0.0456053
48.71 1 0.105886
48.71 2 0.0456053
48.81 1 0.105886
48.81 2 0.0456053
48.91 1 0.105886
48.91 2 0.0456053
49.01 1 0.105886
49.01 2 0.0456053
49.11 1 0.105886
49.11 2 0.0456053
49.21 1 0.105886
49.21 2 0.0456053
49.31 1 0.105886
49.31 2 0.0456053
49.41 1 0.105886
49.41 2 0.0456053
49.51 1 0.105886
49.51 2 0.0456053
49.61 1 0.105886
49.61 2 0.0456053
49.71 1 0.105886
49.71 2 0.0456053
49.81 1 0.105886
49.81 2 0.0456053
49.91 1 0.105886
49.91 2 0.0456053
50.01 1 0.105886
50.01 2 0.0456053
50.11 1 0.105886
50.11 2 0.0456053
50.21 1 0.105886
50.21 2 0.0456053
50.31 1 0.105886
50.31 2 0.0456053
50.41 1 0.105886
50.41 2 0.0456053
50.51 1 0.105886
50.51 2 0.0456053
50.61 1 0.105886
50.61 2 0.0456053
50.71 1 0.105886
50.71 2 0.0456053
50.81 1 0.105886
50.81 2 0.0456053
50.91 1 0.105886
50.91 2 0.0456053
51.01 1 0.105886
51.01 2 0.0456053
51.11 1 0.105886
51.11 2 0.0456053
51.21 1 0.105886
51.21 2 0.0456053
51.31 1 0.105886
51.31 2 0.0456053
51.41 1 0.105886
51.41 2 0.0456053
51.51 1 0.105886
51.51 2 0.0456053
51.61 1 0.105886
51.61 2 0.0456053
51.71 1 0.105886
51.71 2 0.0456053
51.81 1 0.105886
51.81 2 0.0456053
51.91 1 0.105886
51.91 2 0.0456053
52.01 1 0.105886
52.01 2 0.0456053
52.11 1 0.105886
52.11 2 0.0456053
52.21 1 0.105886
52.21 2 0.0456053
52.31 1 0.105886
52.31 2 0.0456053
52.41 1 0.105886
52.41 2 0.0456053
52.51 1 0.105886
52.51 2 0.0456053
52.61 1 0.105886
52.61 2 0.0456053
52.71 1 0.105886
52.71 2 0.0456053
52.81 1 0.105886
52.81 2 0.0456053
52.91 1 0.105886
52.91 2 0.0456053
53.01 1 0.105886
53.01 2 0.0456053
53.11 1 0.105886
53.11 2 0.0456053
53.21 1 0.105886
53.21 2 0.0456053
53.31 1 0.105886
53.31 2 0.0456053
53.41 1 0.105886
53.41 2 0.0456053
53.51 1 0.105886
53.51 2 0.0456053
53.61 1 0.105886
53.61 2 0.0456053
53.71 1 0.105886
53.71 2 0.0456053
53.81 1 0.105886
53.81 2 0.0456053
53.91 1 0.105886
53.91 2 0.0456053
54.01 1 0.105886
54.01 2 0.0456053
54.11 1 0.105886
54.11 2 0.0456053
54.21 1 0.105886
54.21 2 0.0456053
54.31 1 0.105886
54.31 2 0.0456053
54.41 1 0.105886
54.41 2 0.0456053
54.51 1 0.105886
54.51 2 0.0456053
54.61 1 0.105886
54.61 2 0.0456053
54.71 1 0.105886
54.71 2 0.0456053
54.81 1 0.105886
54.81 2 0.0456053
54.91 1 0.105886
54.91 2 0.0456053
55.01 1 0.105886
55.01 2 0.0456053
55.11 1 0.105886
55.11 2 0.0456053
55.21 1 0.105886
55.21 2 0.0456053
55.31 1 0.105886
55.31 2 0.0456053
55.41 1 0.105886
55.41 2 0.0456053
55.51 1 0.105886
55.51 2 0.0456053
55.61 1 0.105886
55.61 2 0.0456053
55.71 1 0.105886
55.71 2 0.0456053
55.81 1 0.105886
55.81 2 0.0456053
55.91 1 0.105886
55.91 2 0.0456053
56.01 1 0.105886
56.01 2 0.0456053
56.11 1 0.105886
56.11 2 0.0456053
56.21 1 0.105886
56.21 2 0.0456053
56.31 1 0.105886
56.31 2 0.0456053
56.41 1 0.105886
56.41 2 0.0456053
56.51 1 0.105886
56.51 2 0.0456053
56.61 1 0.105886
56.61 2 0.0456053
56.71 1 0.105886
56.71 2 0.0456053
56.81 1 0.105886
56.81 2 0.0456053
56.91 1 0.105886
56.91 2 0.0456053
57.01 1 0.105886
57.01 2 0.0456053
57.11 1 0.105886
57.11 2 0.0456053
57.21 1 0.105886
57.21 2 0.0456053
57.31 1 0.105886
57.31 2 0.0456053
57.41 1 0.105886
57.41 2 0.0456053
57.51 1 0.105886
57.51 2 0.0456053
57.61 1 0.105886
57.61 2 0.0456053
57.71 1 0.105886
57.71 2 0.0456053
57.81 1 0.105886
57.81 2 0.0456053
57.91 1 0.105886
57.91 2 0.0456053
58.01 1 0.105886
58.01 2 0.0456053
58.11 1 0.105886
58.11 2 0.0456053
58.21 1 0.105886
58.21 2 0.0456053
58.31 1 0.105886
58.31 2 0.0456053
58.41 1 0.105886
58.41 2 0.0456053
58.51 1 0.105886
58.51 2 0.0456053
58.61 1 0.105886
58.61 2 0.0456053
58.71 1 0.105886
58.71 2 0.0456053
58.81 1 0.105886
58.81 2 0.0456053
58.91 1 0.105886
58.91 2 0.0456053
59.01 1 0.105886
59.01 2 0.0456053
59.11 1 0.105886
59.11 2 0.0456053
59.21 1 0.105886
59.21 2 0.0456053
59.31 1 0.105886
59.31 2 0.0456053
59.41 1 0.105886
59.41 2 0.0456053
59.51 1 0.105886
59.51 2 0.0456053
59.61 1 0.105886
59.61 2 0.0456053
59.71 1 0.105886
59.71 2 0.0456053
59.81 1 0.105886
59.81 2 0.0456053
59.91 1 0.105886
59.91 2 0.0456053
60.01 1 0.105886
60.01 2 0.0456053
60.11 1 0.105886
60.11 2 0.0456053
60.21 1 0.105886
60.21 2 0.0456053
60.31 1 0.105886
60.31 2 0.0456053
60.41 1 0.105886
60.41 2 0.0456053
60.51 1 0.105886
60.51 2 0.0456053
60.61 1 0.105886
60.61 2 0.0456053
60.71 1 0.105886
60.71 2 0.0456053
60.81 1 0.105886
60.81 2 0.0456053
60.91 1 0.105886
60.91 2 0.0456053
61.01 1 0.105886
61.01 2 0.0456053
61.11 1 0.105886
61.11 2 0.0456053
61.21 1 0.105886
61.21 2 0.0456053
61.31 1 0.105886
61.31 2 0.0456053
61.41 1 0.105886
61.41 2 0.0456053
61.51 1 0.105886
61.51 2 0.0456053
61.61 1 0.105886
61.61 2 0.0456053
61.71 1 0.105886
61.71 2 0.0456053
61.81 1 0.105886
61.81 2 0.0456053
61.91 1 0.105886
61.91 2 0.0456053
62.01 1 0.105886
62.01 2 0.0456053
62.11 1 0.105886
62.11 2 0.0456053
62.21 1 0.105886
62.21 2 0.0456053
62.31 1 0.105886
62.31 2 0.0456053
62.41 1 0.105886
62.41 2 0.0456053
62.51 1 0.105886
62.51 2 0.0456053
62.61 1 0.105886
62.61 2 0.0456053
62.71 1 0.105886
62.71 2 0.0456053
62.81 1 0.105886
62.81 2 0.0456053
62.91 1 0.105886
62.91 2 0.0456053
63.01 1 0.105886
63.01 2 0.0456053
63.11 1 0.105886
63.11 2 0.0456053
63.21 1 0.105886
63.21 2 0.0456053
63.31 1 0.105886
63.31 2 0.0456053
63.41 1 0.105886
63.41 2 0.0456053
63.51 1 0.105886
63.51 2 0.0456053
63.61 1 0.105886
63.61 2 0.0456053
63.71 1 0.105886
63.71 2 0.0456053
63.81 1 0.105886
63.81 2 0.0456053
63.91 1 0.105886
63.91 2 0.0456053
64.01 1 0.105886
64.01 2 0.0456053
64.11 1 0.105886
64.11 2 0.0456053
64.21 1 0.105886
64.21 2 0.0456053
64.31 1 0.105886
64.31 2 0.0456053
64.41 1 0.105886
64.41 2 0.0456053
64.51 1 0.105886
64.51 2 0.0456053
64.61 1 0.105886
64.61 2 0.0456053
64.71 1 0.105886
64.71 2 0.0456053
64.81 1 0.105886
64.81 2 0.0456053
64.91 1 0.105886
64.91 2 0.0456053
65.01 1 0.105886
65.01 2 0.0456053
65.11 1 0.105886
65.11 2 0.0456053
65.21 1 0.105886
65.21 2 0.0456053
65.31 1 0.105886
65.31 2 0.0456053
65.41 1 0.105886
65.41 2 0.0456053
65.51 1 0.105886
65.51 2 0.0456053
65.61 1 0.105886
65.61 2 0.0456053
65.71 1 0.105886
65.71 2 0.0456053
65.81 1 0.105886
65.81 2 0.0456053
65.91 1 0.105886
65.91 2 0.0456053
66.01 1 0.105886
66.01 2 0.0456053
66.11 1 0.105886
66.11 2 0.0456053
66.21 1 0.105886
66.21 2 0.0456053
66.31 1 0.105886
66.31 2 0.0456053
66.41 1 0.105886
66.41 2 0.0456053
66.51 1 0.105886
66.51 2 0.0456053
66.61 1 0.105886
66.61 2 0.0456053
66.71 1 0.105886
66.71 2 0.0456053
66.81 1 0.105886
66.81 2 0.0456053
66.91 1 0.105886
66.91 2 0.0456053
67.01 1 0.105886
67.01 2 0.0456053
67.11 1 0.105886
67.11 2 0.0456053
67.21 1 0.105886
67.21 2 0.0456053
67.31 1 0.105886
67.31 2 0.0456053
67.41 1 0.105886
67.41 2 0.0456053
67.51 1 0.105886
67.51 2 0.0456053
67.61 1 0.105886
67.61 2 0.0456053
67.71 1 0.105886
67.71 2 0.0456053
67.81 1 0.105886
67.81 2 0.0456053
67.91 1 0.105886
67.91 2 0.0456053
68.01 1 0.105886
68.01 2 0.0456053
68.11 1 0.105886
68.11 2 0.0456053
68.21 1 0.105886
68.21 2 0.0456053
68.31 1 0.105886
68.31 2 0.0456053
68.41 1 0.105886
68.41 2 0.0456053
68.51 1 0.105886
68.51 2 0.0456053
68.61 1 0.105886
68.61 2 0.0456053
68.71 1 0.105886
68.71 2 0.0456053
68.81 1 0.105886
68.81 2 0.0456053
68.91 1 0.105886
68.91 2 0.0456053
69.01 1 0.105886
69.01 2 0.0456053
69.11 1 0.105886
69.11 2 0.0456053
69.21 1 0.105886
69.21 2 0.0456053
69.31 1 0.105886
69.31 2 0.0456053
69.41 1 0.105886
69.41 2 0.0456053
69.51 1 0.105886
69.51 2 0.0456053
69.61 1 0.105886
69.61 2 0.0456053
69.71 1 0.105886
69.71 2 0.0456053
69.81 1 0.105886
69.81 2 0.0456053
69.91 1 0.105886
69.91 2 0.0456053
70.01 1 0.105886
70.01 2 0.0456053
70.11 1 0.105886
70.11 2 0.0456053
70.21 1 0.105886
70.21 2 0.0456053
70.31 1 0.105886
70.31 2 0.0456053
70.41 1 0.105886
70.41 2 0.0456053
70.51 1 0.105886
70.51 2 0.0456053
70.61 1 0.105886
70.61 2 0.0456053
70.71 1 0.105886
70.71 2 0.0456053
70.81 1 0.105886
70.81 2 0.0456053
70.91 1 0.105886
70.91 2 0.0456053
71.01 1 0.105886
71.01 2 0.0456053
71.11 1 0.105886
71.11 2 0.0456053
71.21 1 0.105886
71.21 2 0.0456053
71.31 1 0.105886
71.31 2 0.0456053
71.41 1 0.105886
71.41 2 0.0456053
71.51 1 0.105886
71.51 2 0.0456053
71.61 1 0.105886
71.61 2 0.0456053
71.71 1 0.105886
71.71 2 0.0456053
71.81 1 0.105886
71.81 2 0.0456053
71.91 1 0.105886
71.91 2 0.0456053
72.01 1 0.105886
72.01 2 0.0456053
72.11 1 0.105886
72.11 2 0.0456053
72.21 1 0.105886
72.21 2 0.0456053
72.31 1 0.105886
72.31 2 0.0456053
72.41 1 0.105886
72.41 2 0.0456053
72.51 1 0.105886
72.51 2 0.0456053
72.61 1 0.105886
72.61 2 0.0456053
72.71 1 0.105886
72.71 2 0.0456053
72.81 1 0.105886
72.81 2 0.0456053
72.91 1 0.105886
72.91 2 0.0456053
73.01 1 0.105886
73.01 2 0.0456053
73.11 1 0.105886
73.11 2 0.0456053
73.21 1 0.105886
73.21 2 0.0456053
73.31 1 0.105886
73.31 2 0.0456053
73.41 1 0.105886
73.41 2 0.0456053
73.51 1 0.105886
73.51 2 0.0456053
73.61 1 0.105886
73.61 2 0.0456053
73.71 1 0.105886
73.71 2 0.0456053
73.81 1 0.105886
73.81 2 0.0456053
73.91 1 0.105886
73.91 2 0.0456053
74.01 1 0.105886
74.01 2 0.0456053
74.11 1 0.105886
74.11 2 0.0456053
74.21 1 0.105886
74.21 2 0.0456053
74.31 1 0.105886
74.31 2 0.0456053
74.41 1 0.105886
74.41 2 0.0456053
74.51 1 0.105886
74.51 2 0.0456053
74.61 1 0.105886
74.61 2 0.0456053
74.71 1 0.105886
74.71 2 0.0456053
74.81 1 0.105886
74.81 2 0.0456053
74.91 1 0.105886
74.91 2 0.0456053
75.01 1 0.105886
75.01 2 0.0456053
75.11 1 0.105886
75.11 2 0.0456053
75.21 1 0.105886
75.21 2 0.0456053
75.31 1 0.105886
75.31 2 0.0456053
75.41 1 0.105886
75.41 2 0.0456053
75.51 1 0.105886
75.51 2 0.0456053
75.61 1 0.105886
75.61 2 0.0456053
75.71 1 0.105886
75.71 2 0.0456053
75.81 1 0.105886
75.81 2 0.0456053
75.91 1 0.105886
75.91 2 0.0456053
76.01 1 0.105886
76.01 2 0.0456053
76.11 1 0.105886
76.11 2 0.0456053
76.21 1 0.105886
76.21 2 0.0456053
76.31 1 0.105886
76.31 2 0.0456053
76.41 1 0.105886
76.41 2 0.0456053
76.51 1 0.105886
76.51 2 0.0456053
76.61 1 0.105886
76.61 2 0.0456053
76.71 1 0.105886
76.71 2 0.0456053
76.81 1 0.105886
76.81 2 0.0456053
76.91 1 0.105886
76.91 2 0.0456053
77.01 1 0.105886
77.01 2 0.0456053
77.11 1 0.105886
77.11 2 0.0456053
77.21 1 0.105886
77.21 2 0.0456053
77.31 1 0.105886
77.31 2 0.0456053
77.41 1 0.105886
77.41 2 0.0456053
77.51 1 0.105886
77.51 2 0.0456053
77.61 1 0.105886
77.61 2 0.0456053
77.71 1 0.105886
77.71 2 0.0456053
77.81 1 0.105886
77.81 2 0.0456053
77.91 1 0.105886
77.91 2 0.0456053
78.01 1 0.105886
78.01 2 0.0456053
78.11 1 0.105886
78.11 2 0.0456053
78.21 1 0.105886
78.21 2 0.0456053
78.31 1 0.105886
78.31 2 0.0456053
78.41 1 0.105886
78.41 2 0.0456053
78.51 1 0.105886
78.51 2 0.0456053
78.61 1 0.105886
78.61 2 0.0456053
78.71 1 0.105886
78.71 2 0.0456053
78.81 1 0.105886
78.81 2 0.0456053
78.91 1 0.105886
78.91 2 0.0456053
79.01 1 0.105886
79.01 2 0.0456053
79.11 1 0.105886
79.11 2 0.0456053
79.21 1 0.105886
79.21 2 0.0456053
79.31 1 0.105886
79.31 2 0.0456053
79.41 1 0.105886
79.41 2 0.0456053
79.51 1 0.105886
79.51 2 0.0456053
79.61 1 0.105886
79.61 2 0.0456053
79.71 1 0.105886
79.71 2 0.0456053
79.81 1 0.105886
79.81 2 0.0456053
79.91 1 0.105886
79.91 2 0.0456053
80.01 1 0.105886
80.01 2 0.0456053
80.11 1 0.105886
80.11 2 0.0456053
80.21 1 0.105886
80.21 2 0.0456053
80.31 1 0.105886
80.31 2 0.0456053
80.41 1 0.105886
80.41 2 0.0456053
80.51 1 0.105886
80.51 2 0.0456053
80.61 1 0.105886
80.61 2 0.0456053
80.71 1 0.105886
80.71 2 0.0456053
80.81 1 0.105886
80.81 2 0.0456053
80.91 1 0.105886
80.91 2 0.0456053
81.01 1 0.105886
81.01 2 0.0456053
81.11 1 0.105886
81.11 2 0.0456053
81.21 1 0.105886
81.21 2 0.0456053
81.31 1 0.105886
81.31 2 0.0456053
81.41 1 0.105886
81.41 2 0.0456053
81.51 1 0.105886
81.51 2 0.0456053
81.61 1 0.105886
81.61 2 0.0456053
81.71 1 0.105886
81.71 2 0.0456053
81.81 1 0.105886
81.81 2 0.0456053
81.91 1 0.105886
81.91 2 0.0456053
82.01 1 0.105886
82.01 2 0.0456053
82.11 1 0.105886
82.11 2 0.0456053
82.21 1 0.105886
82.21 2 0.0456053
82.31 1 0.105886
82.31 2 0.0456053
82.41 1 0.105886
82.41 2 0.0456053
82.51 1 0.105886
82.51 2 0.0456053
82.61 1 0.105886
82.61 2 0.0456053
82.71 1 0.105886
82.71 2 0.0456053
82.81 1 0.105886
82.81 2 0.0456053
82.91 1 0.105886
82.91 2 0.0456053
83.01 1 0.105886
83.01 2 0.0456053
83.11 1 0.105886
83.11 2 0.0456053
83.21 1 0.105886
83.21 2 0.0456053
83.31 1 0.105886
83.31 2 0.0456053
83.41 1 0.105886
83.41 2 0.0456053
83.51 1 0.105886
83.51 2 0.0456053
83.61 1 0.105886
83.61 2 0.0456053
83.71 1 0.105886
83.71 2 0.0456053
83.81 1 0.105886
83.81 2 0.0456053
83.91 1 0.105886
83.91 2 0.0456053
84.01 1 0.105886
84.01 2 0.0456053
84.11 1 0.105886
84.11 2 0.0456053
84.21 1 0.105886
84.21 2 0.0456053
84.31 1 0.105886
84.31 2 0.0456053
84.41 1 0.105886
84.41 2 0.0456053
84.51 1 0.105886
84.51 2 0.0456053
84.61 1 0.105886
84.61 2 0.0456053
84.71 1 0.105886
84.71 2 0.0456053
84.81 1 0.105886
84.81 2 0.0456053
84.91 1 0.105886
84.91 2 0.0456053
85.01 1 0.105886
85.01 2 0.0456053
85.11 1 0.105886
85.11 2 0.0456053
85.21 1 0.105886
85.21 2 0.0456053
85.31 1 0.105886
85.31 2 0.0456053
85.41 1 0.105886
85.41 2 0.0456053
85.51 1 0.105886
85.51 2 0.0456053
85.61 1 0.105886
85.61 2 0.0456053
85.71 1 0.105886
85.71 2 0.0456053
85.81 1 0.105886
85.81 2 0.0456053
85.91 1 0.105886
85.91 2 0.0456053
86.01 1 0.105886
86.01 2 0.0456053
86.11 1 0.105886
86.11 2 0.0456053
86.21 1 0.105886
86.21 2 0.0456053
86.31 1 0.105886
86.31 2 0.0456053
86.41 1 0.105886
86.41 2 0.0456053
86.51 1 0.105886
86.51 2 0.0456053
86.61 1 0.105886
86.61 2 0.0456053
86.71 1 0.105886
86.71 2 0.0456053
86.81 1 0.105886
86.81 2 0.0456053
86.91 1 0.105886
86.91 2 0.0456053
87.01 1 0.105886
87.01 2 0.0456053
87.11 1 0.105886
87.11 2 0.0456053
87.21 1 0.105886
87.21 2 0.0456053
87.31 1 0.105886
87.31 2 0.0456053
87.41 1 0.105886
87.41 2 0.0456053
87.51 1 0.105886
87.51 2 0.0456053
87.61 1 0.105886
87.61 2 0.0456053
87.71 1 0.105886
87.71 2 0.0456053
87.81 1 0.105886
87.81 2 0.0456053
87.91 1 0.105886
87.91 2 0.0456053
88.01 1 0.105886
88.01 2 0.0456053
88.11 1 0.105886
88.11 2 0.0456053
88.21 1 0.105886
88.21 2 0.0456053
88.31 1 0.105886
88.31 2 0.0456053
88.41 1 0.105886
88.41 2 0.0456053
88.51 1 0.105886
88.51 2 0.0456053
88.61 1 0.105886
88.61 2 0.0456053
88.71 1 0.105886
88.71 2 0.0456053
88.81 1 0.105886
88.81 2 0.0456053
88.91 1 0.105886
88.91 2 0.0456053
89.01 1 0.105886
89.01 2 0.0456053
89.11 1 0.105886
89.11 2 0.0456053
89.21 1 0.105886
89.21 2 0.0456053
89.31 1 0.105886
89.31 2 0.0456053
89.41 1 0.105886
89.41 2 0.0456053
89.51 1 0.105886
89.51 2 0.0456053
89.61 1 0.105886
89.61 2 0.0456053
89.71 1 0.105886
89.71 2 0.0456053
89.81 1 0.105886
89.81 2 0.0456053
89.91 1 0.105886
89.91 2 0.0456053
90.01 1 0.105886
90.01 2 0.0456053
90.11 1 0.105886
90.11 2 0.0456053
90.21 1 0.105886
90.21 2 0.0456053
90.31 1 0.105886
90.31 2 0.0456053
90.41 1 0.105886
90.41 2 0.0456053
90.51 1 0.105886
90.51 2 0.0456053
90.61 1 0.105886
90.61 2 0.0456053
90.71 1 0.105886
90.71 2 0.0456053
90.81 1 0.105886
90.81 2 0.0456053
90.91 1 0.105886
90.91 2 0.0456053
91.01 1 0.105886
91.01 2 0.0456053
91.11 1 0.105886
91.11 2 0.0456053
91.21 1 0.105886
91.21 2 0.0456053
91.31 1 0.105886
91.31 2 0.0456053
91.41 1 0.105886
91.41 2 0.0456053
91.51 1 0.105886
91.51 2 0.0456053
91.61 1 0.105886
91.61 2 0.0456053
91.71 1 0.105886
91.71 2 0.0456053
91.81 1 0.105886
91.81 2 0.0456053
91.91 1 0.105886
91.91 2 0.0456053
92.01 1 0.105886
92.01 2 0.0456053
92.11 1 0.105886
92.11 2 0.0456053
92.21 1 0.105886
92.21 2 0.0456053
92.31 1 0.105886
92.31 2 0.0456053
92.41 1 0.105886
92.41 2 0.0456053
92.51 1 0.105886
92.51 2 0.0456053
92.61 1 0.105886
92.61 2 0.0456053
92.71 1 0.105886
92.71 2 0.0456053
92.81 1 0.105886
92.81 2 0.0456053
92.91 1 0.105886
92.91 2 0.0456053
93.01 1 0.105886
93.01 2 0.0456053
93.11 1 0.105886
93.11 2 0.0456053
93.21 1 0.105886
93.21 2 0.0456053
93.31 1 0.105886
93.31 2 0.0456053
93.41 1 0.105886
93.41 2 0.0456053
93.51 1 0.105886
93.51 2 0.0456053
93.61 1 0.105886
93.61 2 0.0456053
93.71 1 0.105886
93.71 2 0.0456053
93.81 1 0.105886
93.81 2 0.0456053
93.91 1 0.105886
93.91 2 0.0456053
94.01 1 0.105886
94.01 2 0.0456053
94.11 1 0.105886
94.11 2 0.0456053
94.21 1 0.105886
94.21 2 0.0456053
94.31 1 0.105886
94.31 2 0.0456053
94.41 1 0.105886
94.41 2 0.0456053
94.51 1 0.105886
94.51 2 0.0456053
94.61 1 0.105886
94.61 2 0.0456053
94.71 1 0.105886
94.71 2 0.0456053
94.81 1 0.105886
94.81 2 0.0456053
94.91 1 0.105886
94.91 2 0.0456053
95.01 1 0.105886
95.01 2 0.0456053
95.11 1 0.105886
95.11 2 0.0456053
95.21 1 0.105886
95.21 2 0.0456053
95.31 1 0.105886
95.31 2 0.0456053
95.41 1 0.105886
95.41 2 0.0456053
95.51 1 0.105886
95.51 2 0.0456053
95.61 1 0.105886
95.61 2 0.0456053
95.71 1 0.105886
95.71 2 0.0456053
95.81 1 0.105886
95.81 2 0.0456053
95.91 1 0.105886
95.91 2 0.0456053
96.01 1 0.105886
96.01 2 0.0456053
96.11 1 0.105886
96.11 2 0.0456053
96.21 1 0.105886
96.21 2 0.0456053
96.31 1 0.105886
96.31 2 0.0456053
96.41 1 0.105886
96.41 2 0.0456053
96.51 1 0.105886
96.51 2 0.0456053
96.61 1 0.105886
96.61 2 0.0456053
96.71 1 0.105886
96.71 2 0.0456053
96.81 1 0.105886
96.81 2 0.0456053
96.91 1 0.105886
96.91 2 0.0456053
97.01 1 0.105886
97.01 2 0.0456053
97.11 1 0.105886
97.11 2 0.0456053
97.21 1 0.105886
97.21 2 0.0456053
97.31 1 0.105886
97.31 2 0.0456053
97.41 1 0.105886
97.41 2 0.0456053
97.51 1 0.105886
97.51 2 0.0456053
97.61 1 0.105886
97.61 2 0.0456053
97.71 1 0.105886
97.71 2 0.0456053
97.81 1 0.105886
97.81 2 0.0456053
97.91 1 0.105886
97.91 2 0.0456053
98.01 1 0.105886
98.01 2 0.0456053
98.11 1 0.105886
98.11 2 0.0456053
98.21 1 0.105886
98.21 2 0.0456053
98.31 1 0.105886
98.31 2 0.0456053
98.41 1 0.105886
98.41 2 0.0456053
98.51 1 0.105886
98.51 2 0.0456053
98.61 1 0.105886
98.61 2 0.0456053
98.71 1 0.105886
98.71 2 0.0456053
98.81 1 0.105886
98.81 2 0.0456053
98.91 1 0.105886
98.91 2 0.0456053
99.01 1 0.105886
99.01 2 0.0456053
99.11 1 0.105886
99.11 2 0.0456053
99.21 1 0.105886
99.21 2 0.0456053
99.31 1 0.105886
99.31 2 0.0456053
99.41 1 0.105886
99.41 2 0.0456053
99.51 1 0.105886
99.51 2 0.0456053
99.61 1 0.105886
99.61 2 0.0456053
99.71 1 0.105886
99.71 2 0.0456053
99.81 1 0.105886
99.81 2 0.0456053
99.91 1 0.105886
99.91 2 0.0456053
100.01 1 0.105886
100.01 2 0.0456053
100.11 1 0.105886
100.11 2 0.0456053
100.21 1 0.105886
100.21 2 0.0456053
100.31 1 0.105886
100.31 2 0.0456053
100.41 1 0.105886
100.41 2 0.0456053
100.51 1 0.105886
100.51 2 0.0456053
100.61 1 0.105886
100.61 2 0.0456053
100.71 1 0.105886
100.71 2 0.0456053
100.81 1 0.105886
100.81 2 0.0456053
100.91 1 0.105886
100.91 2 0.0456053
101.01 1 0.105886
101.01 2 0.0456053
101.11 1 0.105886
101.11 2 0.0456053
101.21 1 0.105886
101.21 2 0.0456053
101.31 1 0.105886
101.31 2 0.0456053
101.41 1 0.105886
101.41 2 0.0456053
101.51 1 0.105886
101.51 2 0.0456053
101.61 1 0.105886
101.61 2 0.0456053
101.71 1 0.105886
101.71 2 0.0456053
101.81 1 0.105886
101.81 2 0.0456053
101.91 1 0.105886
101.91 2 0.0456053
102.01 1 0.105886
102.01 2 0.0456053
102.11 1 0.105886
102.11 2 0.0456053
102.21 1 0.105886
102.21 2 0.0456053
102.31 1 0.105886
102.31 2 0.0456053
102.41 1 0.105886
102.41 2 0.0456053
102.51 1 0.105886
102.51 2 0.0456053
102.61 1 0.105886
102.61 2 0.0456053
102.71 1 0.105886
102.71 2 0.0456053
102.81 1 0.105886
102.81 2 0.0456053
102.91 1 0.105886
102.91 2 0.0456053
103.01 1 0.105886
103.01 2 0.0456053
103.11 1 0.105886
103.11 2 0.0456053
103.21 1 0.105886
103.21 2 0.0456053
103.31 1 0.105886
103.31 2 0.0456053
103.41 1 0.105886
103.41 2 0.0456053
103.51 1 0.105886
103.51 2 0.0456053
103.61 1 0.105886
103.61 2 0.0456053
103.71 1 0.105886
103.71 2 0.0456053
103.81 1 0.105886
103.81 2 0.0456053
103.91 1 0.105886
103.91 2 0.0456053
104.01 1 0.105886
104.01 2 0.0456053
104.11 1 0.105886
104.11 2 0.0456053
104.21 1 0.105886
104.21 2 0.0456053
104.31 1 0.105886
104.31 2 0.0456053
104.41 1 0.105886
104.41 2 0.0456053
104.51 1 0.105886
104.51 2 0.0456053
104.61 1 0.105886
104.61 2 0.0456053
104.71 1 0.105886
104.71 2 0.0456053
104.81 1 0.105886
104.81 2 0.0456053
104.91 1 0.105886
104.91 2 0.0456053
105.01 1 0.105886
105.01 2 0.0456053
105.11 1 0.105886
105.11 2 0.0456053
105.21 1 0.105886
105.21 2 0.0456053
105.31 1 0.105886
105.31 2 0.0456053
105.41 1 0.105886
105.41 2 0.0456053
105.51 1 0.105886
105.51 2 0.0456053
105.61 1 0.105886
105.61 2 0.0456053
105.71 1 0.105886
105.71 2 0.0456053
105.81 1 0.105886
105.81 2 0.0456053
105.91 1 0.105886
105.91 2 0.0456053
106.01 1 0.105886
106.01 2 0.0456053
106.11 1 0.105886
106.11 2 0.0456053
106.21 1 0.105886
106.21 2 0.0456053
106.31 1 0.105886
106.31 2 0.0456053
106.41 1 0.105886
106.41 2 0.0456053
106.51 1 0.105886
106.51 2 0.0456053
106.61 1 0.105886
106.61 2 0.0456053
106.71 1 0.105886
106.71 2 0.0456053
106.81 1 0.105886
106.81 2 0.0456053
106.91 1 0.105886
106.91 2 0.0456053
107.01 1 0.105886
107.01 2 0.0456053
107.11 1 0.105886
107.11 2 0.0456053
107.21 1 0.105886
107.21 2 0.0456053
107.31 1 0.105886
107.31 2 0.0456053
107.41 1 0.105886
107.41 2 0.0456053
107.51 1 0.105886
107.51 2 0.0456053
107.61 1 0.105886
107.61 2 0.0456053
107.71 1 0.105886
107.71 2 0.0456053
107.81 1 0.105886
107.81 2 0.0456053
107.91 1 0.105886
107.91 2 0.0456053
108.01 1 0.105886
108.01 2 0.0456053
108.11 1 0.105886
108.11 2 0.0456053
108.21 1 0.105886
108.21 2 0.0456053
108.31 1 0.105886
108.31 2 0.0456053
108.41 1 0.105886
108.41 2 0.0456053
108.51 1 0.105886
108.51 2 0.0456053
108.61 1 0.105886
108.61 2 0.0456053
108.71 1 0.105886
108.71 2 0.0456053
108.81 1 0.105886
108.81 2 0.0456053
108.91 1 0.105886
108.91 2 0.0456053
109.01 1 0.105886
109.01 2 0.0456053
109.11 1 0.105886
109.11 2 0.0456053
109.21 1 0.105886
109.21 2 0.0456053
109.31 1 0.105886
109.31 2 0.0456053
109.41 1 0.105886
109.41 2 0.0456053
109.51 1 0.105886
109.51 2 0.0456053
109.61 1 0.105886
109.61 2 0.0456053
109.71 1 0.105886
109.71 2 0.0456053
109.81 1 0.105886
109.81 2 0.0456053
109.91 1 0.105886
109.91 2 0.0456053
110.01 1 0.105886
110.01 2 0.0456053
110.11 1 0.105886
110.11 2 0.0456053
110.21 1 0.105886
110.21 2 0.0456053
110.31 1 0.105886
110.31 2 0.0456053
110.41 1 0.105886
110.41 2 0.0456053
110.51 1 0.105886
110.51 2 0.0456053
110.61 1 0.105886
110.61 2 0.0456053
110.71 1 0.105886
110.71 2 0.0456053
110.81 1 0.105886
110.81 2 0.0456053
110.91 1 0.105886
110.91 2 0.0456053
111.01 1 0.105886
111.01 2 0.0456053
111.11 1 0.105886
111.11 2 0.0456053
111.21 1 0.105886
111.21 2 0.0456053
111.31 1 0.105886
111.31 2 0.0456053
111.41 1 0.105886
111.41 2 0.0456053
111.51 1 0.105886
111.51 2 0.0456053
111.61 1 0.105886
111.61 2 0.0456053
111.71 1 0.105886
111.71 2 0.0456053
111.81 1 0.105886
111.81 2 0.0456053
111.91 1 0.105886
111.91 2 0.0456053
112.01 1 0.105886
112.01 2 0.0456053
112.11 1 0.105886
112.11 2 0.0456053
112.21 1 0.105886
112.21 2 0.0456053
112.31 1 0.105886
112.31 2 0.0456053
112.41 1 0.105886
112.41 2 0.0456053
112.51 1 0.105886
112.51 2 0.0456053
112.61 1 0.105886
112.61 2 0.0456053
112.71 1 0.105886
112.71 2 0.0456053
112.81 1 0.105886
112.81 2 0.0456053
112.91 1 0.105886
112.91 2 0.0456053
113.01 1 0.105886
113.01 2 0.0456053
113.11 1 0.105886
113.11 2 0.0456053
113.21 1 0.105886
113.21 2 0.0456053
113.31 1 0.105886
113.31 2 0.0456053
113.41 1 0.105886
113.41 2 0.0456053
113.51 1 0.105886
113.51 2 0.0456053
113.61 1 0.105886
113.61 2 0.0456053
113.71 1 0.105886
113.71 2 0.0456053
113.81 1 0.105886
113.81 2 0.0456053
113.91 1 0.105886
113.91 2 0.0456053
114.01 1 0.105886
114.01 2 0.0456053
114.11 1 0.105886
114.11 2 0.0456053
114.21 1 0.105886
114.21 2 0.0456053
114.31 1 0.105886
114.31 2 0.0456053
114.41 1 0.105886
114.41 2 0.0456053
114.51 1 0.105886
114.51 2 0.0456053
114.61 1 0.105886
114.61 2 0.0456053
114.71 1 0.105886
114.71 2 0.0456053
114.81 1 0.105886
114.81 2 0.0456053
114.91 1 0.105886
114.91 2 0.0456053
115.01 1 0.105886
115.01 2 0.0456053
115.11 1 0.105886
115.11 2 0.0456053
115.21 1 0.105886
115.21 2 0.0456053
115.31 1 0.105886
115.31 2 0.0456053
115.41 1 0.105886
115.41 2 0.0456053
115.51 1 0.105886
115.51 2 0.0456053
115.61 1 0.105886
115.61 2 0.0456053
115.71 1 0.105886
115.71 2 0.0456053
115.81 1 0.105886
115.81 2 0.0456053
115.91 1 0.105886
115.91 2 0.0456053
116.01 1 0.105886
116.01 2 0.0456053
116.11 1 0.105886
116.11 2 0.0456053
116.21 1 0.105886
116.21 2 0.0456053
116.31 1 0.105886
116.31 2 0.0456053
116.41 1 0.105886
116.41 2 0.0456053
116.51 1 0.105886
116.51 2 0.0456053
116.61 1 0.105886
116.61 2 0.0456053
116.71 1 0.105886
116.71 2 0.0456053
116.81 1 0.105886
116.81 2 0.0456053
116.91 1 0.105886
116.91 2 0.0456053
117.01 1 0.105886
117.01 2 0.0456053
117.11 1 0.105886
117.11 2 0.0456053
117.21 1 0.105886
117.21 2 0.0456053
117.31 1 0.105886
117.31 2 0.0456053
117.41 1 0.105886
117.41 2 0.0456053
117.51 1 0.105886
117.51 2 0.0456053
117.61 1 0.105886
117.61 2 0.0456053
117.71 1 0.105886
117.71 2 0.0456053
117.81 1 0.105886
117.81 2 0.0456053
117.91 1 0.105886
117.91 2 0.0456053
118.01 1 0.105886
118.01 2 0.0456053
118.11 1 0.105886
118.11 2 0.0456053
118.21 1 0.105886
118.21 2 0.0456053
118.31 1 0.105886
118.31 2 0.0456053
118.41 1 0.105886
118.41 2 0.0456053
118.51 1 0.105886
118.51 2 0.0456053
118.61 1 0.105886
118.61 2 0.0456053
118.71 1 0.105886
118.71 2 0.0456053
118.81 1 0.105886
118.81 2 0.0456053
118.91 1 0.105886
118.91 2 0.0456053
119.01 1 0.105886
119.01 2 0.0456053
119.11 1 0.105886
119.11 2 0.0456053
119.21 1 0.105886
119.21 2 0.0456053
119.31 1 0.105886
119.31 2 0.0456053
119.41 1 0.105886
119.41 2 0.0456053
119.51 1 0.105886
119.51 2 0.0456053
119.61 1 0.105886
119.61 2 0.0456053
119.71 1 0.105886
119.71 2 0.0456053
119.81 1 0.105886
119.81 2 0.0456053
119.91 1 0.105886
119.91 2 0.0456053
120.01 1 0.105886
120.01 2 0.0456053
120.11 1 0.105886
120.11 2 0.0456053
120.21 1 0.105886
120.21 2 0.0456053
120.31 1 0.105886
120.31 2 0.0456053
120.41 1 0.105886
120.41 2 0.0456053
120.51 1 0.105886
120.51 2 0.0456053
120.61 1 0.105886
120.61 2 0.0456053
120.71 1 0.105886
120.71 2 0.0456053
120.81 1 0.105886
120.81 2 0.0456053
120.91 1 0.105886
120.91 2 0.0456053
121.01 1 0.105886
121.01 2 0.0456053
121.11 1 0.105886
121.11 2 0.0456053
121.21 1 0.105886
121.21 2 0.0456053
121.31 1 0.105886
121.31 2 0.0456053
121.41 1 0.105886
121.41 2 0.0456053
121.51 1 0.105886
121.51 2 0.0456053
121.61 1 0.105886
121.61 2 0.0456053
121.71 1 0.105886
121.71 2 0.0456053
121.81 1 0.105886
121.81 2 0.0456053
121.91 1 0.105886
121.91 2 0.0456053
122.01 1 0.105886
122.01 2 0.0456053
122.11 1 0.105886
122.11 2 0.0456053
122.21 1 0.105886
122.21 2 0.0456053
122.31 1 0.105886
122.31 2 0.0456053
122.41 1 0.105886
122.41 2 0.0456053
122.51 1 0.105886
122.51 2 0.0456053
122.61 1 0.105886
122.61 2 0.0456053
122.71 1 0.105886
122.71 2 0.0456053
122.81 1 0.105886
122.81 2 0.0456053
122.91 1 0.105886
122.91 2 0.0456053
123.01 1 0.105886
123.01 2 0.0456053
123.11 1 0.105886
123.11 2 0.0456053
123.21 1 0.105886
123.21 2 0.0456053
123.31 1 0.105886
123.31 2 0.0456053
123.41 1 0.105886
123.41 2 0.0456053
123.51 1 0.105886
123.51 2 0.0456053
123.61 1 0.105886
123.61 2 0.0456053
123.71 1 0.105886
123.71 2 0.0456053
123.81 1 0.105886
123.81 2 0.0456053
123.91 1 0.105886
123.91 2 0.0456053
124.01 1 0.105886
124.01 2 0.0456053
124.11 1 0.105886
124.11 2 0.0456053
124.21 1 0.105886
124.21 2 0.0456053
124.31 1 0.105886
124.31 2 0.0456053
124.41 1 0.105886
124.41 2 0.0456053
124.51 1 0.105886
124.51 2 0.0456053
124.61 1 0.105886
124.61 2 0.0456053
124.71 1 0.105886
124.71 2 0.0456053
124.81 1 0.105886
124.81 2 0.0456053
124.91 1 0.105886
124.91 2 0.0456053
125.01 1 0.105886
125.01 2 0.0456053
125.11 1 0.105886
125.11 2 0.0456053
125.21 1 0.105886
125.21 2 0.0456053
125.31 1 0.105886
125.31 2 0.0456053
125.41 1 0.105886
125.41 2 0.0456053
125.51 1 0.105886
125.51 2 0.0456053
125.61 1 0.105886
125.61 2 0.0456053
125.71 1 0.105886
125.71 2 0.0456053
125.81 1 0.105886
125.81 2 0.0456053
125.91 1 0.105886
125.91 2 0.0456053
126.01 1 0.105886
126.01 2 0.0456053
126.11 1 0.105886
126.11 2 0.0456053
126.21 1 0.105886
126.21 2 0.0456053
126.31 1 0.105886
126.31 2 0.0456053
126.41 1 0.105886
126.41 2 0.0456053
126.51 1 0.105886
126.51 2 0.0456053
126.61 1 0.105886
126.61 2 0.0456053
126.71 1 0.105886
126.71 2 0.0456053
126.81 1 0.105886
126.81 2 0.0456053
126.91 1 0.105886
126.91 2 0.0456053
127.01 1 0.105886
127.01 2 0.0456053
127.11 1 0.105886
127.11 2 0.0456053
127.21 1 0.105886
127.21 2 0.0456053
127.31 1 0.105886
127.31 2 0.0456053
127.41 1 0.105886
127.41 2 0.0456053
127.51 1 0.105886
127.51 2 0.0456053
127.61 1 0.105886
127.61 2 0.0456053
127.71 1 0.105886
127.71 2 0.0456053
127.81 1 0.105886
127.81 2 0.0456053
127.91 1 0.105886
127.91 2 0.0456053
128.01 1 0.105886
128.01 2 0.0456053
128.11 1 0.105886
128.11 2 0.0456053
128.21 1 0.105886
128.21 2 0.0456053
128.31 1 0.105886
128.31 2 0.0456053
128.41 1 0.105886
128.41 2 0.0456053
128.51 1 0.105886
128.51 2 0.0456053
128.61 1 0.105886
128.61 2 0.0456053
128.71 1 0.105886
128.71 2 0.0456053
128.81 1 0.105886
128.81 2 0.0456053
128.91 1 0.105886
128.91 2 0.0456053
129.01 1 0.105886
129.01 2 0.0456053
129.11 1 0.105886
129.11 2 0.0456053
129.21 1 0.105886
129.21 2 0.0456053
129.31 1 0.105886
129.31 2 0.0456053
129.41 1 0.105886
129.41 2 0.0456053
129.51 1 0.105886
129.51 2 0.0456053
129.61 1 0.105886
129.61 2 0.0456053
129.71 1 0.105886
129.71 2 0.0456053
129.81 1 0.105886
129.81 2 0.0456053
129.91 1 0.105886
129.91 2 0.0456053
130.01 1 0.105886
130.01 2 0.0456053
130.11 1 0.105886
130.11 2 0.0456053
130.21 1 0.105886
130.21 2 0.0456053
130.31 1 0.105886
130.31 2 0.0456053
130.41 1 0.105886
130.41 2 0.0456053
130.51 1 0.105886
130.51 2 0.0456053
130.61 1 0.105886
130.61 2 0.0456053
130.71 1 0.105886
130.71 2 0.0456053
130.81 1 0.105886
130.81 2 0.0456053
130.91 1 0.105886
130.91 2 0.0456053
131.01 1 0.105886
131.01 2 0.0456053
131.11 1 0.105886
131.11 2 0.0456053
131.21 1 0.105886
131.21 2 0.0456053
131.31 1 0.105886
131.31 2 0.0456053
131.41 1 0.105886
131.41 2 0.0456053
131.51 1 0.105886
131.51 2 0.0456053
131.61 1 0.105886
131.61 2 0.0456053
131.71 1 0.105886
131.71 2 0.0456053
131.81 1 0.105886
131.81 2 0.0456053
131.91 1 0.105886
131.91 2 0.0456053
132.01 1 0.105886
132.01 2 0.0456053
132.11 1 0.105886
132.11 2 0.0456053
132.21 1 0.105886
132.21 2 0.0456053
132.31 1 0.105886
132.31 2 0.0456053
132.41 1 0.105886
132.41 2 0.0456053
132.51 1 0.105886
132.51 2 0.0456053
132.61 1 0.105886
132.61 2 0.0456053
132.71 1 0.105886
132.71 2 0.0456053
132.81 1 0.105886
132.81 2 0.0456053
132.91 1 0.105886
132.91 2 0.0456053
133.01 1 0.105886
133.01 2 0.0456053
133.11 1 0.105886
133.11 2 0.0456053
133.21 1 0.105886
133.21 2 0.0456053
133.31 1 0.105886
133.31 2 0.0456053
133.41 1 0.105886
133.41 2 0.0456053
133.51 1 0.105886
133.51 2 0.0456053
133.61 1 0.105886
133.61 2 0.0456053
133.71 1 0.105886
133.71 2 0.0456053
133.81 1 0.105886
133.81 2 0.0456053
133.91 1 0.105886
133.91 2 0.0456053
134.01 1 0.105886
134.01 2 0.0456053
134.11 1 0.105886
134.11 2 0.0456053
134.21 1 0.105886
134.21 2 0.0456053
134.31 1 0.105886
134.31 2 0.0456053
134.41 1 0.105886
134.41 2 0.0456053
134.51 1 0.105886
134.51 2 0.0456053
134.61 1 0.105886
134.61 2 0.0456053
134.71 1 0.105886
134.71 2 0.0456053
134.81 1 0.105886
134.81 2 0.0456053
134.91 1 0.105886
134.91 2 0.0456053
135.01 1 0.105886
135.01 2 0.0456053
135.11 1 0.105886
135.11 2 0.0456053
135.21 1 0.105886
135.21 2 0.0456053
135.31 1 0.105886
135.31 2 0.0456053
135.41 1 0.105886
135.41 2 0.0456053
135.51 1 0.105886
135.51 2 0.0456053
135.61 1 0.105886
135.61 2 0.0456053
135.71 1 0.105886
135.71 2 0.0456053
135.81 1 0.105886
135.81 2 0.0456053
135.91 1 0.105886
135.91 2 0.0456053
136.01 1 0.105886
136.01 2 0.0456053
136.11 1 0.105886
136.11 2 0.0456053
136.21 1 0.105886
136.21 2 0.0456053
136.31 1 0.105886
136.31 2 0.0456053
136.41 1 0.105886
136.41 2 0.0456053
136.51 1 0.105886
136.51 2 0.0456053
136.61 1 0.105886
136.61 2 0.0456053
136.71 1 0.105886
136.71 2 0.0456053
136.81 1 0.105886
136.81 2 0.0456053
136.91 1 0.105886
136.91 2 0.0456053
137.01 1 0.105886
137.01 2 0.0456053
137.11 1 0.105886
137.11 2 0.0456053
137.21 1 0.105886
137.21 2 0.0456053
137.31 1 0.105886
137.31 2 0.0456053
137.41 1 0.105886
137.41 2 0.0456053
137.51 1 0.105886
137.51 2 0.0456053
137.61 1 0.105886
137.61 2 0.0456053
137.71 1 0.105886
137.71 2 0.0456053
137.81 1 0.105886
137.81 2 0.0456053
137.91 1 0.105886
137.91 2 0.0456053
138.01 1 0.105886
138.01 2 0.0456053
138.11 1 0.105886
138.11 2 0.0456053
138.21 1 0.105886
138.21 2 0.0456053
138.31 1 0.105886
138.31 2 0.0456053
138.41 1 0.105886
138.41 2 0.0456053
138.51 1 0.105886
138.51 2 0.0456053
138.61 1 0.105886
138.61 2 0.0456053
138.71 1 0.105886
138.71 2 0.0456053
138.81 1 0.105886
138.81 2 0.0456053
138.91 1 0.105886
138.91 2 0.0456053
139.01 1 0.105886
139.01 2 0.0456053
139.11 1 0.105886
139.11 2 0.0456053
139.21 1 0.105886
139.21 2 0.0456053
139.31 1 0.105886
139.31 2 0.0456053
139.41 1 0.105886
139.41 2 0.0456053
139.51 1 0.105886
139.51 2 0.0456053
139.61 1 0.105886
139.61 2 0.0456053
139.71 1 0.105886
139.71 2 0.0456053
139.81 1 0.105886
139.81 2 0.0456053
139.91 1 0.105886
139.91 2 0.0456053
140.01 1 0.105886
140.01 2 0.0456053
140.11 1 0.105886
140.11 2 0.0456053
140.21 1 0.105886
140.21 2 0.0456053
140.31 1 0.105886
140.31 2 0.0456053
140.41 1 0.105886
140.41 2 0.0456053
140.51 1 0.105886
140.51 2 0.0456053
140.61 1 0.105886
140.61 2 0.0456053
140.71 1 0.105886
140.71 2 0.0456053
140.81 1 0.105886
140.81 2 0.0456053
140.91 1 0.105886
140.91 2 0.0456053
141.01 1 0.105886
141.01 2 0.0456053
141.11 1 0.105886
141.11 2 0.0456053
141.21 1 0.105886
141.21 2 0.0456053
141.31 1 0.105886
141.31 2 0.0456053
141.41 1 0.105886
141.41 2 0.0456053
141.51 1 0.105886
141.51 2 0.0456053
141.61 1 0.105886
141.61 2 0.0456053
141.71 1 0.105886
141.71 2 0.0456053
141.81 1 0.105886
141.81 2 0.0456053
141.91 1 0.105886
141.91 2 0.0456053
142.01 1 0.105886
142.01 2 0.0456053
142.11 1 0.105886
142.11 2 0.0456053
142.21 1 0.105886
142.21 2 0.0456053
142.31 1 0.105886
142.31 2 0.0456053
142.41 1 0.105886
142.41 2 0.0456053
142.51 1 0.105886
142.51 2 0.0456053
142.61 1 0.105886
142.61 2 0.0456053
142.71 1 0.105886
142.71 2 0.0456053
142.81 1 0.105886
142.81 2 0.0456053
142.91 1 0.105886
142.91 2 0.0456053
143.01 1 0.105886
143.01 2 0.0456053
143.11 1 0.105886
143.11 2 0.0456053
143.21 1 0.105886
143.21 2 0.0456053
143.31 1 0.105886
143.31 2 0.0456053
143.41 1 0.105886
143.41 2 0.0456053
143.51 1 0.105886
143.51 2 0.0456053
143.61 1 0.105886
143.61 2 0.0456053
143.71 1 0.105886
143.71 2 0.0456053
143.81 1 0.105886
143.81 2 0.0456053
143.91 1 0.105886
143.91 2 0.0456053
144.01 1 0.105886
144.01 2 0.0456053
144.11 1 0.105886
144.11 2 0.0456053
144.21 1 0.105886
144.21 2 0.0456053
144.31 1 0.105886
144.31 2 0.0456053
144.41 1 0.105886
144.41 2 0.0456053
144.51 1 0.105886
144.51 2 0.0456053
144.61 1 0.105886
144.61 2 0.0456053
144.71 1 0.105886
144.71 2 0.0456053
144.81 1 0.105886
144.81 2 0.0456053
144.91 1 0.105886
144.91 2 0.0456053
145.01 1 0.105886
145.01 2 0.0456053
145.11 1 0.105886
145.11 2 0.0456053
145.21 1 0.105886
145.21 2 0.0456053
145.31 1 0.105886
145.31 2 0.0456053
145.41 1 0.105886
145.41 2 0.0456053
145.51 1 0.105886
145.51 2 0.0456053
145.61 1 0.105886
145.61 2 0.0456053
145.71 1 0.105886
145.71 2 0.0456053
145.81 1 0.105886
145.81 2 0.0456053
145.91 1 0.105886
145.91 2 0.0456053
146.01 1 0.105886
146.01 2 0.0456053
146.11 1 0.105886
146.11 2 0.0456053
146.21 1 0.105886
146.21 2 0.0456053
146.31 1 0.105886
146.31 2 0.0456053
146.41 1 0.105886
146.41 2 0.0456053
146.51 1 0.105886
146.51 2 0.0456053
146.61 1 0.105886
146.61 2 0.0456053
146.71 1 0.105886
146.71 2 0.0456053
146.81 1 0.105886
146.81 2 0.0456053
146.91 1 0.105886
146.91 2 0.0456053
147.01 1 0.105886
147.01 2 0.0456053
147.11 1 0.105886
147.11 2 0.0456053
147.21 1 0.105886
147.21 2 0.0456053
147.31 1 0.105886
147.31 2 0.0456053
147.41 1 0.105886
147.41 2 0.0456053
147.51 1 0.105886
147.51 2 0.0456053
147.61 1 0.105886
147.61 2 0.0456053
147.71 1 0.105886
147.71 2 0.0456053
147.81 1 0.105886
147.81 2 0.0456053
147.91 1 0.105886
147.91 2 0.0456053
148.01 1 0.105886
148.01 2 0.0456053
148.11 1 0.105886
148.11 2 0.0456053
148.21 1 0.105886
148.21 2 0.0456053
148.31 1 0.105886
148.31 2 0.0456053
148.41 1 0.105886
148.41 2 0.0456053
148.51 1 0.105886
148.51 2 0.0456053
148.61 1 0.105886
148.61 2 0.0456053
148.71 1 0.105886
148.71 2 0.0456053
148.81 1 0.105886
148.81 2 0.0456053
148.91 1 0.105886
148.91 2 0.0456053
149.01 1 0.105886
149.01 2 0.0456053
149.11 1 0.105886
149.11 2 0.0456053
149.21 1 0.105886
149.21 2 0.0456053
149.31 1 0.105886
149.31 2 0.0456053
149.41 1 0.105886
149.41 2 0.0456053
149.51 1 0.105886
149.51 2 0.0456053
149.61 1 0.105886
149.61 2 0.0456053
149.71 1 0.105886
149.71 2 0.0456053
149.81 1 0.105886
149.81 2 0.0456053
149.91 1 0.105886
149.91 2 0.0456053
150.01 1 0.105886
150.01 2 0.0456053
150.11 1 0.105886
150.11 2 0.0456053
150.21 1 0.105886
150.21 2 0.0456053
150.31 1 0.105886
150.31 2 0.0456053
150.41 1 0.105886
150.41 2 0.0456053
150.51 1 0.105886
150.51 2 0.0456053
150.61 1 0.105886
150.61 2 0.0456053
150.71 1 0.105886
150.71 2 0.0456053
150.81 1 0.105886
150.81 2 0.0456053
150.91 1 0.105886
150.91 2 0.0456053
151.01 1 0.105886
151.01 2 0.0456053
151.11 1 0.105886
151.11 2 0.0456053
151.21 1 0.105886
151.21 2 0.0456053
151.31 1 0.105886
151.31 2 0.0456053
151.41 1 0.105886
151.41 2 0.0456053
151.51 1 0.105886
151.51 2 0.0456053
151.61 1 0.105886
151.61 2 0.0456053
151.71 1 0.105886
151.71 2 0.0456053
151.81 1 0.105886
151.81 2 0.0456053
151.91 1 0.105886
151.91 2 0.0456053
152.01 1 0.105886
152.01 2 0.0456053
152.11 1 0.105886
152.11 2 0.0456053
152.21 1 0.105886
152.21 2 0.0456053
152.31 1 0.105886
152.31 2 0.0456053
152.41 1 0.105886
152.41 2 0.0456053
152.51 1 0.105886
152.51 2 0.0456053
152.61 1 0.105886
152.61 2 0.0456053
152.71 1 0.105886
152.71 2 0.0456053
152.81 1 0.105886
152.81 2 0.0456053
152.91 1 0.105886
152.91 2 0.0456053
153.01 1 0.105886
153.01 2 0.0456053
153.11 1 0.105886
153.11 2 0.0456053
153.21 1 0.105886
153.21 2 0.0456053
153.31 1 0.105886
153.31 2 0.0456053
153.41 1 0.105886
153.41 2 0.0456053
153.51 1 0.105886
153.51 2 0.0456053
153.61 1 0.105886
153.61 2 0.0456053
153.71 1 0.105886
153.71 2 0.0456053
153.81 1 0.105886
153.81 2 0.0456053
153.91 1 0.105886
153.91 2 0.0456053
154.01 1 0.105886
154.01 2 0.0456053
154.11 1 0.105886
154.11 2 0.0456053
154.21 1 0.105886
154.21 2 0.0456053
154.31 1 0.105886
154.31 2 0.0456053
154.41 1 0.105886
154.41 2 0.0456053
154.51 1 0.105886
154.51 2 0.0456053
154.61 1 0.105886
154.61 2 0.0456053
154.71 1 0.105886
154.71 2 0.0456053
154.81 1 0.105886
154.81 2 0.0456053
154.91 1 0.105886
154.91 2 0.0456053
155.01 1 0.105886
155.01 2 0.0456053
155.11 1 0.105886
155.11 2 0.0456053
155.21 1 0.105886
155.21 2 0.0456053
155.31 1 0.105886
155.31 2 0.0456053
155.41 1 0.105886
155.41 2 0.0456053
155.51 1 0.105886
155.51 2 0.0456053
155.61 1 0.105886
155.61 2 0.0456053
155.71 1 0.105886
155.71 2 0.0456053
155.81 1 0.105886
155.81 2 0.0456053
155.91 1 0.105886
155.91 2 0.0456053
156.01 1 0.105886
156.01 2 0.0456053
156.11 1 0.105886
156.11 2 0.0456053
156.21 1 0.105886
156.21 2 0.0456053
156.31 1 0.105886
156.31 2 0.0456053
156.41 1 0.105886
156.41 2 0.0456053
156.51 1 0.105886
156.51 2 0.0456053
156.61 1 0.105886
156.61 2 0.0456053
156.71 1 0.105886
156.71 2 0.0456053
156.81 1 0.105886
156.81 2 0.0456053
156.91 1 0.105886
156.91 2 0.0456053
157.01 1 0.105886
157.01 2 0.0456053
157.11 1 0.105886
157.11 2 0.0456053
157.21 1 0.105886
157.21 2 0.0456053
157.31 1 0.105886
157.31 2 0.0456053
157.41 1 0.105886
157.41 2 0.0456053
157.51 1 0.105886
157.51 2 0.0456053
157.61 1 0.105886
157.61 2 0.0456053
157.71 1 0.105886
157.71 2 0.0456053
157.81 1 0.105886
157.81 2 0.0456053
157.91 1 0.105886
157.91 2 0.0456053
158.01 1 0.105886
158.01 2 0.0456053
158.11 1 0.105886
158.11 2 0.0456053
158.21 1 0.105886
158.21 2 0.0456053
158.31 1 0.105886
158.31 2 0.0456053
158.41 1 0.105886
158.41 2 0.0456053
158.51 1 0.105886
158.51 2 0.0456053
158.61 1 0.105886
158.61 2 0.0456053
158.71 1 0.105886
158.71 2 0.0456053
158.81 1 0.105886
158.81 2 0.0456053
158.91 1 0.105886
158.91 2 0.0456053
159.01 1 0.105886
159.01 2 0.0456053
159.11 1 0.105886
159.11 2 0.0456053
159.21 1 0.105886
159.21 2 0.0456053
159.31 1 0.105886
159.31 2 0.0456053
159.41 1 0.105886
159.41 2 0.0456053
159.51 1 0.105886
159.51 2 0.0456053
159.61 1 0.105886
159.61 2 0.0456053
159.71 1 0.105886
159.71 2 0.0456053
159.81 1 0.105886
159.81 2 0.0456053
159.91 1 0.105886
159.91 2 0.0456053
160.01 1 0.105886
160.01 2 0.0456053
160.11 1 0.105886
160.11 2 0.0456053
160.21 1 0.105886
160.21 2 0.0456053
160.31 1 0.105886
160.31 2 0.0456053
160.41 1 0.105886
160.41 2 0.0456053
160.51 1 0.105886
160.51 2 0.0456053
160.61 1 0.105886
160.61 2 0.0456053
160.71 1 0.105886
160.71 2 0.0456053
160.81 1 0.105886
160.81 2 0.0456053
160.91 1 0.105886
160.91 2 0.0456053
161.01 1 0.105886
161.01 2 0.0456053
161.11 1 0.105886
161.11 2 0.0456053
161.21 1 0.105886
161.21 2 0.0456053
161.31 1 0.105886
161.31 2 0.0456053
161.41 1 0.105886
161.41 2 0.0456053
161.51 1 0.105886
161.51 2 0.0456053
161.61 1 0.105886
161.61 2 0.0456053
161.71 1 0.105886
161.71 2 0.0456053
161.81 1 0.105886
161.81 2 0.0456053
161.91 1 0.105886
161.91 2 0.0456053
162.01 1 0.105886
162.01 2 0.0456053
162.11 1 0.105886
162.11 2 0.0456053
162.21 1 0.105886
162.21 2 0.0456053
162.31 1 0.105886
162.31 2 0.0456053
162.41 1 0.105886
162.41 2 0.0456053
162.51 1 0.105886
162.51 2 0.0456053
162.61 1 0.105886
162.61 2 0.0456053
162.71 1 0.105886
162.71 2 0.0456053
162.81 1 0.105886
162.81 2 0.0456053
162.91 1 0.105886
162.91 2 0.0456053
163.01 1 0.105886
163.01 2 0.0456053
163.11 1 0.105886
163.11 2 0.0456053
163.21 1 0.105886
163.21 2 0.0456053
163.31 1 0.105886
163.31 2 0.0456053
163.41 1 0.105886
163.41 2 0.0456053
163.51 1 0.105886
163.51 2 0.0456053
163.61 1 0.105886
163.61 2 0.0456053
163.71 1 0.105886
163.71 2 0.0456053
163.81 1 0.105886
163.81 2 0.0456053
163.91 1 0.105886
163.91 2 0.0456053
164.01 1 0.105886
164.01 2 0.0456053
164.11 1 0.105886
164.11 2 0.0456053
164.21 1 0.105886
164.21 2 0.0456053
164.31 1 0.105886
164.31 2 0.0456053
164.41 1 0.105886
164.41 2 0.0456053
164.51 1 0.105886
164.51 2 0.0456053
164.61 1 0.105886
164.61 2 0.0456053
164.71 1 0.105886
164.71 2 0.0456053
164.81 1 0.105886
164.81 2 0.0456053
164.91 1 0.105886
164.91 2 0.0456053
165.01 1 0.105886
165.01 2 0.0456053
165.11 1 0.105886
165.11 2 0.0456053
165.21 1 0.105886
165.21 2 0.0456053
165.31 1 0.105886
165.31 2 0.0456053
165.41 1 0.105886
165.41 2 0.0456053
165.51 1 0.105886
165.51 2 0.0456053
165.61 1 0.105886
165.61 2 0.0456053
165.71 1 0.105886
165.71 2 0.0456053
165.81 1 0.105886
165.81 2 0.0456053
165.91 1 0.105886
165.91 2 0.0456053
166.01 1 0.105886
166.01 2 0.0456053
166.11 1 0.105886
166.11 2 0.0456053
166.21 1 0.105886
166.21 2 0.0456053
166.31 1 0.105886
166.31 2 0.0456053
166.41 1 0.105886
166.41 2 0.0456053
166.51 1 0.105886
166.51 2 0.0456053
166.61 1 0.105886
166.61 2 0.0456053
166.71 1 0.105886
166.71 2 0.0456053
166.81 1 0.105886
166.81 2 0.0456053
166.91 1 0.105886
166.91 2 0.0456053
167.01 1 0.105886
167.01 2 0.0456053
167.11 1 0.105886
167.11 2 0.0456053
167.21 1 0.105886
167.21 2 0.0456053
167.31 1 0.105886
167.31 2 0.0456053
167.41 1 0.105886
167.41 2 0.0456053
167.51 1 0.105886
167.51 2 0.0456053
167.61 1 0.105886
167.61 2 0.0456053
167.71 1 0.105886
167.71 2 0.0456053
167.81 1 0.105886
167.81 2 0.0456053
167.91 1 0.105886
167.91 2 0.0456053
168.01 1 0.105886
168.01 2 0.0456053
168.11 1 0.105886
168.11 2 0.0456053
168.21 1 0.105886
168.21 2 0.0456053
168.31 1 0.105886
168.31 2 0.0456053
168.41 1 0.105886
168.41 2 0.0456053
168.51 1 0.105886
168.51 2 0.0456053
168.61 1 0.105886
168.61 2 0.0456053
168.71 1 0.105886
168.71 2 0.0456053
168.81 1 0.105886
168.81 2 0.0456053
168.91 1 0.105886
168.91 2 0.0456053
169.01 1 0.105886
169.01 2 0.0456053
169.11 1 0.105886
169.11 2 0.0456053
169.21 1 0.105886
169.21 2 0.0456053
169.31 1 0.105886
169.31 2 0.0456053
169.41 1 0.105886
169.41 2 0.0456053
169.51 1 0.105886
169.51 2 0.0456053
169.61 1 0.105886
169.61 2 0.0456053
169.71 1 0.105886
169.71 2 0.0456053
169.81 1 0.105886
169.81 2 0.0456053
169.91 1 0.105886
169.91 2 0.0456053
170.01 1 0.105886
170.01 2 0.0456053
170.11 1 0.105886
170.11 2 0.0456053
170.21 1 0.105886
170.21 2 0.0456053
170.31 1 0.105886
170.31 2 0.0456053
170.41 1 0.105886
170.41 2 0.0456053
170.51 1 0.105886
170.51 2 0.0456053
170.61 1 0.105886
170.61 2 0.0456053
170.71 1 0.105886
170.71 2 0.0456053
170.81 1 0.105886
170.81 2 0.0456053
170.91 1 0.105886
170.91 2 0.0456053
171.01 1 0.105886
171.01 2 0.0456053
171.11 1 0.105886
171.11 2 0.0456053
171.21 1 0.105886
171.21 2 0.0456053
171.31 1 0.105886
171.31 2 0.0456053
171.41 1 0.105886
171.41 2 0.0456053
171.51 1 0.105886
171.51 2 0.0456053
171.61 1 0.105886
171.61 2 0.0456053
171.71 1 0.105886
171.71 2 0.0456053
171.81 1 0.105886
171.81 2 0.0456053
171.91 1 0.105886
171.91 2 0.0456053
172.01 1 0.105886
172.01 2 0.0456053
172.11 1 0.105886
172.11 2 0.0456053
172.21 1 0.105886
172.21 2 0.0456053
172.31 1 0.105886
172.31 2 0.0456053
172.41 1 0.105886
172.41 2 0.0456053
172.51 1 0.105886
172.51 2 0.0456053
172.61 1 0.105886
172.61 2 0.0456053
172.71 1 0.105886
172.71 2 0.0456053
172.81 1 0.105886
172.81 2 0.0456053
172.91 1 0.105886
172.91 2 0.0456053
173.01 1 0.105886
173.01 2 0.0456053
173.11 1 0.105886
173.11 2 0.0456053
173.21 1 0.105886
173.21 2 0.0456053
173.31 1 0.105886
173.31 2 0.0456053
173.41 1 0.105886
173.41 2 0.0456053
173.51 1 0.105886
173.51 2 0.0456053
173.61 1 0.105886
173.61 2 0.0456053
173.71 1 0.105886
173.71 2 0.0456053
173.81 1 0.105886
173.81 2 0.0456053
173.91 1 0.105886
173.91 2 0.0456053
174.01 1 0.105886
174.01 2 0.0456053
174.11 1 0.105886
174.11 2 0.0456053
174.21 1 0.105886
174.21 2 0.0456053
174.31 1 0.105886
174.31 2 0.0456053
174.41 1 0.105886
174.41 2 0.0456053
174.51 1 0.105886
174.51 2 0.0456053
174.61 1 0.105886
174.61 2 0.0456053
174.71 1 0.105886
174.71 2 0.0456053
174.81 1 0.105886
174.81 2 0.0456053
174.91 1 0.105886
174.91 2 0.0456053
175.01 1 0.105886
175.01 2 0.0456053
175.11 1 0.105886
175.11 2 0.0456053
175.21 1 0.105886
175.21 2 0.0456053
175.31 1 0.105886
175.31 2 0.0456053
175.41 1 0.105886
175.41 2 0.0456053
175.51 1 0.105886
175.51 2 0.0456053
175.61 1 0.105886
175.61 2 0.0456053
175.71 1 0.105886
175.71 2 0.0456053
175.81 1 0.105886
175.81 2 0.0456053
175.91 1 0.105886
175.91 2 0.0456053
176.01 1 0.105886
176.01 2 0.0456053
176.11 1 0.105886
176.11 2 0.0456053
176.21 1 0.105886
176.21 2 0.0456053
176.31 1 0.105886
176.31 2 0.0456053
176.41 1 0.105886
176.41 2 0.0456053
176.51 1 0.105886
176.51 2 0.0456053
176.61 1 0.105886
176.61 2 0.0456053
176.71 1 0.105886
176.71 2 0.0456053
176.81 1 0.105886
176.81 2 0.0456053
176.91 1 0.105886
176.91 2 0.0456053
177.01 1 0.105886
177.01 2 0.0456053
177.11 1 0.105886
177.11 2 0.0456053
177.21 1 0.105886
177.21 2 0.0456053
177.31 1 0.105886
177.31 2 0.0456053
177.41 1 0.105886
177.41 2 0.0456053
177.51 1 0.105886
177.51 2 0.0456053
177.61 1 0.105886
177.61 2 0.0456053
177.71 1 0.105886
177.71 2 0.0456053
177.81 1 0.105886
177.81 2 0.0456053
177.91 1 0.105886
177.91 2 0.0456053
178.01 1 0.105886
178.01 2 0.0456053
178.11 1 0.105886
178.11 2 0.0456053
178.21 1 0.105886
178.21 2 0.0456053
178.31 1 0.105886
178.31 2 0.0456053
178.41 1 0.105886
178.41 2 0.0456053
178.51 1 0.105886
178.51 2 0.0456053
178.61 1 0.105886
178.61 2 0.0456053
178.71 1 0.105886
178.71 2 0.0456053
178.81 1 0.105886
178.81 2 0.0456053
178.91 1 0.105886
178.91 2 0.0456053
179.01 1 0.105886
179.01 2 0.0456053
179.11 1 0.105886
179.11 2 0.0456053
179.21 1 0.105886
179.21 2 0.0456053
179.31 1 0.105886
179.31 2 0.0456053
179.41 1 0.105886
179.41 2 0.0456053
179.51 1 0.105886
179.51 2 0.0456053
179.61 1 0.105886
179.61 2 0.0456053
179.71 1 0.105886
179.71 2 0.0456053
179.81 1 0.105886
179.81 2 0.0456053
179.91 1 0.105886
179.91 2 0.0456053
180.01 1 0.105886
180.01 2 0.0456053
180.11 1 0.105886
180.11 2 0.0456053
180.21 1 0.105886
180.21 2 0.0456053
180.31 1 0.105886
180.31 2 0.0456053
180.41 1 0.105886
180.41 2 0.0456053
180.51 1 0.105886
180.51 2 0.0456053
180.61 1 0.105886
180.61 2 0.0456053
180.71 1 0.105886
180.71 2 0.0456053
180.81 1 0.105886
180.81 2 0.0456053
180.91 1 0.105886
180.91 2 0.0456053
181.01 1 0.105886
181.01 2 0.0456053
181.11 1 0.105886
181.11 2 0.0456053
181.21 1 0.105886
181.21 2 0.0456053
181.31 1 0.105886
181.31 2 0.0456053
181.41 1 0.105886
181.41 2 0.0456053
181.51 1 0.105886
181.51 2 0.0456053
181.61 1 0.105886
181.61 2 0.0456053
181.71 1 0.105886
181.71 2 0.0456053
181.81 1 0.105886
181.81 2 0.0456053
181.91 1 0.105886
181.91 2 0.0456053
182.01 1 0.105886
182.01 2 0.0456053
182.11 1 0.105886
182.11 2 0.0456053
182.21 1 0.105886
182.21 2 0.0456053
182.31 1 0.105886
182.31 2 0.0456053
182.41 1 0.105886
182.41 2 0.0456053
182.51 1 0.105886
182.51 2 0.0456053
182.61 1 0.105886
182.61 2 0.0456053
182.71 1 0.105886
182.71 2 0.0456053
182.81 1 0.105886
182.81 2 0.0456053
182.91 1 0.105886
182.91 2 0.0456053
183.01 1 0.105886
183.01 2 0.0456053
183.11 1 0.105886
183.11 2 0.0456053
183.21 1 0.105886
183.21 2 0.0456053
183.31 1 0.105886
183.31 2 0.0456053
183.41 1 0.105886
183.41 2 0.0456053
183.51 1 0.105886
183.51 2 0.0456053
183.61 1 0.105886
183.61 2 0.0456053
183.71 1 0.105886
183.71 2 0.0456053
183.81 1 0.105886
183.81 2 0.0456053
183.91 1 0.105886
183.91 2 0.0456053
184.01 1 0.105886
184.01 2 0.0456053
184.11 1 0.105886
184.11 2 0.0456053
184.21 1 0.105886
184.21 2 0.0456053
184.31 1 0.105886
184.31 2 0.0456053
184.41 1 0.105886
184.41 2 0.0456053
184.51 1 0.105886
184.51 2 0.0456053
184.61 1 0.105886
184.61 2 0.0456053
184.71 1 0.105886
184.71 2 0.0456053
184.81 1 0.105886
184.81 2 0.0456053
184.91 1 0.105886
184.91 2 0.0456053
185.01 1 0.105886
185.01 2 0.0456053
185.11 1 0.105886
185.11 2 0.0456053
185.21 1 0.105886
185.21 2 0.0456053
185.31 1 0.105886
185.31 2 0.0456053
185.41 1 0.105886
185.41 2 0.0456053
185.51 1 0.105886
185.51 2 0.0456053
185.61 1 0.105886
185.61 2 0.0456053
185.71 1 0.105886
185.71 2 0.0456053
185.81 1 0.105886
185.81 2 0.0456053
185.91 1 0.105886
185.91 2 0.0456053
186.01 1 0.105886
186.01 2 0.0456053
186.11 1 0.105886
186.11 2 0.0456053
186.21 1 0.105886
186.21 2 0.0456053
186.31 1 0.105886
186.31 2 0.0456053
186.41 1 0.105886
186.41 2 0.0456053
186.51 1 0.105886
186.51 2 0.0456053
186.61 1 0.105886
186.61 2 0.0456053
186.71 1 0.105886
186.71 2 0.0456053
186.81 1 0.105886
186.81 2 0.0456053
186.91 1 0.105886
186.91 2 0.0456053
187.01 1 0.105886
187.01 2 0.0456053
187.11 1 0.105886
187.11 2 0.0456053
187.21 1 0.105886
187.21 2 0.0456053
187.31 1 0.105886
187.31 2 0.0456053
187.41 1 0.105886
187.41 2 0.0456053
187.51 1 0.105886
187.51 2 0.0456053
187.61 1 0.105886
187.61 2 0.0456053
187.71 1 0.105886
187.71 2 0.0456053
187.81 1 0.105886
187.81 2 0.0456053
187.91 1 0.105886
187.91 2 0.0456053
188.01 1 0.105886
188.01 2 0.0456053
188.11 1 0.105886
188.11 2 0.0456053
188.21 1 0.105886
188.21 2 0.0456053
188.31 1 0.105886
188.31 2 0.0456053
188.41 1 0.105886
188.41 2 0.0456053
188.51 1 0.105886
188.51 2 0.0456053
188.61 1 0.105886
188.61 2 0.0456053
188.71 1 0.105886
188.71 2 0.0456053
188.81 1 0.105886
188.81 2 0.0456053
188.91 1 0.105886
188.91 2 0.0456053
189.01 1 0.105886
189.01 2 0.0456053
189.11 1 0.105886
189.11 2 0.0456053
189.21 1 0.105886
189.21 2 0.0456053
189.31 1 0.105886
189.31 2 0.0456053
189.41 1 0.105886
189.41 2 0.0456053
189.51 1 0.105886
189.51 2 0.0456053
189.61 1 0.105886
189.61 2 0.0456053
189.71 1 0.105886
189.71 2 0.0456053
189.81 1 0.105886
189.81 2 0.0456053
189.91 1 0.105886
189.91 2 0.0456053
190.01 1 0.105886
190.01 2 0.0456053
190.11 1 0.105886
190.11 2 0.0456053
190.21 1 0.105886
190.21 2 0.0456053
190.31 1 0.105886
190.31 2 0.0456053
190.41 1 0.105886
190.41 2 0.0456053
190.51 1 0.105886
190.51 2 0.0456053
190.61 1 0.105886
190.61 2 0.0456053
190.71 1 0.105886
190.71 2 0.0456053
190.81 1 0.105886
190.81 2 0.0456053
190.91 1 0.105886
190.91 2 0.0456053
191.01 1 0.105886
191.01 2 0.0456053
191.11 1 0.105886
191.11 2 0.0456053
191.21 1 0.105886
191.21 2 0.0456053
191.31 1 0.105886
191.31 2 0.0456053
191.41 1 0.105886
191.41 2 0.0456053
191.51 1 0.105886
191.51 2 0.0456053
191.61 1 0.105886
191.61 2 0.0456053
191.71 1 0.105886
191.71 2 0.0456053
191.81 1 0.105886
191.81 2 0.0456053
191.91 1 0.105886
191.91 2 0.0456053
192.01 1 0.105886
192.01 2 0.0456053
192.11 1 0.105886
192.11 2 0.0456053
192.21 1 0.105886
192.21 2 0.0456053
192.31 1 0.105886
192.31 2 0.0456053
192.41 1 0.105886
192.41 2 0.0456053
192.51 1 0.105886
192.51 2 0.0456053
192.61 1 0.105886
192.61 2 0.0456053
192.71 1 0.105886
192.71 2 0.0456053
192.81 1 0.105886
192.81 2 0.0456053
192.91 1 0.105886
192.91 2 0.0456053
193.01 1 0.105886
193.01 2 0.0456053
193.11 1 0.105886
193.11 2 0.0456053
193.21 1 0.105886
193.21 2 0.0456053
193.31 1 0.105886
193.31 2 0.0456053
193.41 1 0.105886
193.41 2 0.0456053
193.51 1 0.105886
193.51 2 0.0456053
193.61 1 0.105886
193.61 2 0.0456053
193.71 1 0.105886
193.71 2 0.0456053
193.81 1 0.105886
193.81 2 0.0456053
193.91 1 0.105886
193.91 2 0.0456053
194.01 1 0.105886
194.01 2 0.0456053
194.11 1 0.105886
194.11 2 0.0456053
194.21 1 0.105886
194.21 2 0.0456053
194.31 1 0.105886
194.31 2 0.0456053
194.41 1 0.105886
194.41 2 0.0456053
194.51 1 0.105886
194.51 2 0.0456053
194.61 1 0.105886
194.61 2 0.0456053
194.71 1 0.105886
194.71 2 0.0456053
194.81 1 0.105886
194.81 2 0.0456053
194.91 1 0.105886
194.91 2 0.0456053
195.01 1 0.105886
195.01 2 0.0456053
195.11 1 0.105886
195.11 2 0.0456053
195.21 1 0.105886
195.21 2 0.0456053
195.31 1 0.105886
195.31 2 0.0456053
195.41 1 0.105886
195.41 2 0.0456053
195.51 1 0.105886
195.51 2 0.0456053
195.61 1 0.105886
195.61 2 0.0456053
195.71 1 0.105886
195.71 2 0.0456053
195.81 1 0.105886
195.81 2 0.0456053
195.91 1 0.105886
195.91 2 0.0456053
196.01 1 0.105886
196.01 2 0.0456053
196.11 1 0.105886
196.11 2 0.0456053
196.21 1 0.105886
196.21 2 0.0456053
196.31 1 0.105886
196.31 2 0.0456053
196.41 1 0.105886
196.41 2 0.0456053
196.51 1 0.105886
196.51 2 0.0456053
196.61 1 0.105886
196.61 2 0.0456053
196.71 1 0.105886
196.71 2 0.0456053
196.81 1 0.105886
196.81 2 0.0456053
196.91 1 0.105886
196.91 2 0.0456053
197.01 1 0.105886
197.01 2 0.0456053
197.11 1 0.105886
197.11 2 0.0456053
197.21 1 0.105886
197.21 2 0.0456053
197.31 1 0.105886
197.31 2 0.0456053
197.41 1 0.105886
197.41 2 0.0456053
197.51 1 0.105886
197.51 2 0.0456053
197.61 1 0.105886
197.61 2 0.0456053
197.71 1 0.105886
197.71 2 0.0456053
197.81 1 0.105886
197.81 2 0.0456053
197.91 1 0.105886
197.91 2 0.0456053
198.01 1 0.105886
198.01 2 0.0456053
198.11 1 0.105886
198.11 2 0.0456053
198.21 1 0.105886
198.21 2 0.0456053
198.31 1 0.105886
198.31 2 0.0456053
198.41 1 0.105886
198.41 2 0.0456053
198.51 1 0.105886
198.51 2 0.0456053
198.61 1 0.105886
198.61 2 0.0456053
198.71 1 0.105886
198.71 2 0.0456053
198.81 1 0.105886
198.81 2 0.0456053
198.91 1 0.105886
198.91 2 0.0456053
199.01 1 0.105886
199.01 2 0.0456053
199.11 1 0.105886
199.11 2 0.0456053
199.21 1 0.105886
199.21 2 0.0456053
199.31 1 0.105886
199.31 2 0.0456053
199.41 1 0.105886
199.41 2 0.0456053
199.51 1 0.105886
199.51 2 0.0456053
199.61 1 0.105886
199.61 2 0.0456053
199.71 1 0.105886
199.71 2 0.0456053
199.81 1 0.105886
199.81 2 0.0456053
199.91 1 0.105886
199.91 2 0.0456053
200.01 1 0.105886
200.01 2 0.0456053
200.11 1 0.105886
200.11 2 0.0456053
200.21 1 0.105886
200.21 2 0.0456053
200.31 1 0.105886
200.31 2 0.0456053
200.41 1 0.105886
200.41 2 0.0456053
200.51 1 0.105886
200.51 2 0.0456053
200.61 1 0.105886
200.61 2 0.0456053
200.71 1 0.105886
200.71 2 0.0456053
200.81 1 0.105886
200.81 2 0.0456053
200.91 1 0.105886
200.91 2 0.0456053
