0.010001 1 -0
0.110001 1 -0
0.210001 1 0.00418502
0.210001 2 -0
0.310001 1 0.00418502
0.310001 2 0.00418502
0.410001 1 0.110943
0.410001 2 0.00418502
0.510001 1 0.110943
0.510001 2 0.00663314
0.610001 1 0.156983
0.610001 2 0.00663314
0.710001 1 0.173714
0.710001 2 0.0110997
0.810001 1 0.204316
0.810001 2 0.0136669
0.910001 1 0.204316
0.910001 2 0.0189756
1.01 1 0.182575
1.01 2 0.0189756
1.11 1 0.193239
1.11 2 0.015992
1.21 1 0.175957
1.21 2 0.0166007
1.31 1 0.203088
1.31 2 0.0146668
1.41 1 0.200223
1.41 2 0.0177066
1.51 1 0.219244
1.51 2 0.0179374
1.61 1 0.219244
1.61 2 0.0204618
1.71 1 0.210458
1.71 2 0.0204618
1.81 1 0.210458
1.81 2 0.0188144
1.91 1 0.200465
1.91 2 0.0188144
2.01 1 0.216384
2.01 2 0.0177792
2.11 1 0.21431
2.11 2 0.0201918
2.21 1 0.219781
2.21 2 0.0202083
2.31 1 0.203969
2.31 2 0.0209582
2.41 1 0.221108
2.41 2 0.0209582
2.51 1 0.221108
2.51 2 0.0201899
2.61 1 0.2258
2.61 2 0.0201899
2.71 1 0.231336
2.71 2 0.0196843
2.81 1 0.237271
2.81 2 0.019669
2.91 1 0.241864
2.91 2 0.0198462
3.01 1 0.249328
3.01 2 0.0205264
3.11 1 0.250082
3.11 2 0.0214
3.21 1 0.237677
3.21 2 0.0214821
3.31 1 0.24894
3.31 2 0.0203666
3.41 1 0.249986
3.41 2 0.0206573
3.51 1 0.25911
3.51 2 0.0204794
3.61 1 0.260428
3.61 2 0.0207193
3.71 1 0.268767
3.71 2 0.020837
3.81 1 0.273356
3.81 2 0.0207746
3.91 1 0.27481
3.91 2 0.0210342
4.01 1 0.280121
4.01 2 0.0215085
4.11 1 0.27681
4.11 2 0.0223874
4.21 1 0.271914
4.21 2 0.0222742
4.31 1 0.275344
4.31 2 0.0218976
4.41 1 0.279645
4.41 2 0.0223201
4.51 1 0.279645
4.51 2 0.0224136
4.61 1 0.276414
4.61 2 0.0224136
4.71 1 0.276414
4.71 2 0.0217953
4.81 1 0.27219
4.81 2 0.0217953
4.91 1 0.272665
4.91 2 0.0211151
5.01 1 0.266708
5.01 2 0.0211694
5.11 1 0.268416
5.11 2 0.0205483
5.21 1 0.262756
5.21 2 0.0206119
5.31 1 0.266049
5.31 2 0.0200918
5.41 1 0.259874
5.41 2 0.0202207
5.51 1 0.263094
5.51 2 0.0197113
5.61 1 0.256838
5.61 2 0.0197983
5.71 1 0.260392
5.71 2 0.0197983
5.81 1 0.260392
5.81 2 0.0197631
5.91 1 0.256342
5.91 2 0.0197631
6.01 1 0.256342
6.01 2 0.0195342
6.11 1 0.25317
6.11 2 0.0195342
6.21 1 0.255391
6.21 2 0.0191109
6.31 1 0.252098
6.31 2 0.0192002
6.41 1 0.25194
6.41 2 0.0190217
6.51 1 0.25194
6.51 2 0.0191313
6.61 1 0.247483
6.61 2 0.0191313
6.71 1 0.247483
6.71 2 0.0186959
6.81 1 0.244947
6.81 2 0.0186959
6.91 1 0.246295
6.91 2 0.0183763
7.01 1 0.245285
7.01 2 0.0184166
7.11 1 0.246917
7.11 2 0.0183261
7.21 1 0.245258
7.21 2 0.0186078
7.31 1 0.245577
7.31 2 0.0186243
7.41 1 0.24033
7.41 2 0.0186243
7.51 1 0.244634
7.51 2 0.018197
7.61 1 0.241825
7.61 2 0.0183542
7.71 1 0.245474
7.71 2 0.0181159
7.81 1 0.242429
7.81 2 0.0184884
7.91 1 0.245082
7.91 2 0.0182621
8.01 1 0.245082
8.01 2 0.0185801
8.11 1 0.242524
8.11 2 0.0185801
8.21 1 0.244232
8.21 2 0.0182836
8.31 1 0.243332
8.31 2 0.0183347
8.41 1 0.245499
8.41 2 0.0181667
8.51 1 0.244325
8.51 2 0.0182575
8.61 1 0.246704
8.61 2 0.018095
8.71 1 0.245273
8.71 2 0.0181826
8.81 1 0.247373
8.81 2 0.0180102
8.91 1 0.246436
8.91 2 0.0180754
9.01 1 0.24848
9.01 2 0.0179453
9.11 1 0.246833
9.11 2 0.0180094
9.21 1 0.249539
9.21 2 0.0178463
9.31 1 0.247666
9.31 2 0.0179463
9.41 1 0.250309
9.41 2 0.0177722
9.51 1 0.24804
9.51 2 0.017886
9.61 1 0.250658
9.61 2 0.0177776
9.71 1 0.249049
9.71 2 0.0181595
9.81 1 0.249283
9.81 2 0.0180911
9.91 1 0.246707
9.91 2 0.0180911
10.01 1 0.248508
10.01 2 0.0178827
10.11 1 0.250381
10.11 2 0.017924
10.21 1 0.250643
10.21 2 0.017989
10.31 1 0.252464
10.31 2 0.0180607
10.41 1 0.250105
10.41 2 0.0183576
10.51 1 0.249063
10.51 2 0.0181962
10.61 1 0.247003
10.61 2 0.0180865
10.71 1 0.250388
10.71 2 0.017919
10.81 1 0.248837
10.81 2 0.0180445
10.91 1 0.251224
10.91 2 0.0179463
11.01 1 0.250061
11.01 2 0.018299
11.11 1 0.250677
11.11 2 0.0184061
11.21 1 0.247353
11.21 2 0.0183647
11.31 1 0.248503
11.31 2 0.0181356
11.41 1 0.245933
11.41 2 0.0183048
11.51 1 0.247421
11.51 2 0.0181331
11.61 1 0.247421
11.61 2 0.0182432
11.71 1 0.244669
11.71 2 0.0182432
11.81 1 0.244669
11.81 2 0.0180086
11.91 1 0.24166
11.91 2 0.0180086
12.01 1 0.24166
12.01 2 0.0177207
12.11 1 0.238091
12.11 2 0.0177207
12.21 1 0.238478
12.21 2 0.0174429
12.31 1 0.235106
12.31 2 0.0174553
12.41 1 0.235356
12.41 2 0.0174553
12.51 1 0.235356
12.51 2 0.0172243
12.61 1 0.23247
12.61 2 0.0172243
12.71 1 0.23247
12.71 2 0.0170522
12.81 1 0.23034
12.81 2 0.0170522
12.91 1 0.23034
12.91 2 0.0169114
13.01 1 0.228668
13.01 2 0.0169114
13.11 1 0.228668
13.11 2 0.0167357
13.21 1 0.225252
13.21 2 0.0167357
13.31 1 0.225252
13.31 2 0.0167357
13.41 1 0.225252
13.41 2 0.0167357
13.51 1 0.225252
13.51 2 0.0167357
13.61 1 0.225252
13.61 2 0.0167357
13.71 1 0.217767
13.71 2 0.0167357
13.81 1 0.217767
13.81 2 0.0167357
13.91 1 0.217767
13.91 2 0.0167357
14.01 1 0.217767
14.01 2 0.0167357
14.11 1 0.217767
14.11 2 0.0167357
14.21 1 0.217767
14.21 2 0.0167357
14.31 1 0.217767
14.31 2 0.0167357
14.41 1 0.217767
14.41 2 0.0167357
14.51 1 0.217767
14.51 2 0.0167357
14.61 1 0.203972
14.61 2 0.0167357
14.71 1 0.203972
14.71 2 0.0167357
14.81 1 0.203972
14.81 2 0.0167357
14.91 1 0.203972
14.91 2 0.0167357
15.01 1 0.203972
15.01 2 0.0167357
15.11 1 0.203972
15.11 2 0.0167357
15.21 1 0.203972
15.21 2 0.0167357
15.31 1 0.203972
15.31 2 0.0167357
15.41 1 0.203972
15.41 2 0.0167357
15.51 1 0.203972
15.51 2 0.0167357
15.61 1 0.203972
15.61 2 0.0167357
15.71 1 0.203972
15.71 2 0.0167357
15.81 1 0.203972
15.81 2 0.0167357
15.91 1 0.203972
15.91 2 0.0167357
16.01 1 0.203972
16.01 2 0.0167357
16.11 1 0.203972
16.11 2 0.0167357
16.21 1 0.203972
16.21 2 0.0167357
16.31 1 0.203972
16.31 2 0.0167357
16.41 1 0.203972
16.41 2 0.0167357
16.51 1 0.180874
16.51 2 0.0167357
16.61 1 0.180874
16.61 2 0.0167357
16.71 1 0.180874
16.71 2 0.0167357
16.81 1 0.180874
16.81 2 0.0167357
16.91 1 0.180874
16.91 2 0.0167357
17.01 1 0.180874
17.01 2 0.0167357
17.11 1 0.180874
17.11 2 0.0167357
17.21 1 0.180874
17.21 2 0.0167357
17.31 1 0.180874
17.31 2 0.0167357
17.41 1 0.180874
17.41 2 0.0167357
17.51 1 0.180874
17.51 2 0.0167357
17.61 1 0.180874
17.61 2 0.0167357
17.71 1 0.180874
17.71 2 0.0167357
17.81 1 0.180874
17.81 2 0.0167357
17.91 1 0.180874
17.91 2 0.0167357
18.01 1 0.180874
18.01 2 0.0167357
18.11 1 0.180874
18.11 2 0.0167357
18.21 1 0.180874
18.21 2 0.0167357
18.31 1 0.180874
18.31 2 0.0167357
18.41 1 0.180874
18.41 2 0.0167357
18.51 1 0.180874
18.51 2 0.0167357
18.61 1 0.180874
18.61 2 0.0167357
18.71 1 0.180874
18.71 2 0.0167357
18.81 1 0.180874
18.81 2 0.0167357
18.91 1 0.180874
18.91 2 0.0167357
19.01 1 0.180874
19.01 2 0.0167357
19.11 1 0.180874
19.11 2 0.0167357
19.21 1 0.180874
19.21 2 0.0167357
19.31 1 0.180874
19.31 2 0.0167357
19.41 1 0.180874
19.41 2 0.0167357
19.51 1 0.180874
19.51 2 0.0167357
19.61 1 0.180874
19.61 2 0.0167357
19.71 1 0.180874
19.71 2 0.0167357
19.81 1 0.180874
19.81 2 0.0167357
19.91 1 0.180874
19.91 2 0.0167357
20.01 1 0.180874
20.01 2 0.0167357
20.11 1 0.180874
20.11 2 0.0167357
20.21 1 0.180874
20.21 2 0.0167357
20.31 1 0.147386
20.31 2 0.0167357
20.41 1 0.147386
20.41 2 0.0167357
20.51 1 0.147386
20.51 2 0.0167357
20.61 1 0.147386
20.61 2 0.0167357
20.71 1 0.147386
20.71 2 0.0167357
20.81 1 0.147386
20.81 2 0.0167357
20.91 1 0.147386
20.91 2 0.0167357
21.01 1 0.147386
21.01 2 0.0167357
21.11 1 0.147386
21.11 2 0.0167357
21.21 1 0.147386
21.21 2 0.0167357
21.31 1 0.147386
21.31 2 0.0167357
21.41 1 0.147386
21.41 2 0.0167357
21.51 1 0.147386
21.51 2 0.0167357
21.61 1 0.147386
21.61 2 0.0167357
21.71 1 0.147386
21.71 2 0.0167357
21.81 1 0.147386
21.81 2 0.0167357
21.91 1 0.147386
21.91 2 0.0167357
22.01 1 0.147386
22.01 2 0.0167357
22.11 1 0.147386
22.11 2 0.0167357
22.21 1 0.147386
22.21 2 0.0167357
22.31 1 0.147386
22.31 2 0.0167357
22.41 1 0.147386
22.41 2 0.0167357
22.51 1 0.147386
22.51 2 0.0167357
22.61 1 0.147386
22.61 2 0.0167357
22.71 1 0.147386
22.71 2 0.0167357
22.81 1 0.147386
22.81 2 0.0167357
22.91 1 0.147386
22.91 2 0.0167357
23.01 1 0.147386
23.01 2 0.0167357
23.11 1 0.147386
23.11 2 0.0167357
23.21 1 0.147386
23.21 2 0.0167357
23.31 1 0.147386
23.31 2 0.0167357
23.41 1 0.147386
23.41 2 0.0167357
23.51 1 0.147386
23.51 2 0.0167357
23.61 1 0.147386
23.61 2 0.0167357
23.71 1 0.147386
23.71 2 0.0167357
23.81 1 0.147386
23.81 2 0.0167357
23.91 1 0.147386
23.91 2 0.0167357
24.01 1 0.147386
24.01 2 0.0167357
24.11 1 0.147386
24.11 2 0.0167357
24.21 1 0.147386
24.21 2 0.0167357
24.31 1 0.147386
24.31 2 0.0167357
24.41 1 0.147386
24.41 2 0.0167357
24.51 1 0.147386
24.51 2 0.0167357
24.61 1 0.147386
24.61 2 0.0167357
24.71 1 0.147386
24.71 2 0.0167357
24.81 1 0.147386
24.81 2 0.0167357
24.91 1 0.147386
24.91 2 0.0167357
25.01 1 0.147386
25.01 2 0.0167357
25.11 1 0.147386
25.11 2 0.0167357
25.21 1 0.147386
25.21 2 0.0167357
25.31 1 0.147386
25.31 2 0.0167357
25.41 1 0.147386
25.41 2 0.0167357
25.51 1 0.147386
25.51 2 0.0167357
25.61 1 0.147386
25.61 2 0.0167357
25.71 1 0.147386
25.71 2 0.0167357
25.81 1 0.147386
25.81 2 0.0167357
25.91 1 0.147386
25.91 2 0.0167357
26.01 1 0.147386
26.01 2 0.0167357
26.11 1 0.147386
26.11 2 0.0167357
26.21 1 0.147386
26.21 2 0.0167357
26.31 1 0.147386
26.31 2 0.0167357
26.41 1 0.147386
26.41 2 0.0167357
26.51 1 0.147386
26.51 2 0.0167357
26.61 1 0.147386
26.61 2 0.0167357
26.71 1 0.147386
26.71 2 0.0167357
26.81 1 0.147386
26.81 2 0.0167357
26.91 1 0.147386
26.91 2 0.0167357
27.01 1 0.147386
27.01 2 0.0167357
27.11 1 0.147386
27.11 2 0.0167357
27.21 1 0.147386
27.21 2 0.0167357
27.31 1 0.147386
27.31 2 0.0167357
27.41 1 0.147386
27.41 2 0.0167357
27.51 1 0.147386
27.51 2 0.0167357
27.61 1 0.147386
27.61 2 0.0167357
27.71 1 0.147386
27.71 2 0.0167357
27.81 1 0.10753
27.81 2 0.0167357
27.91 1 0.10753
27.91 2 0.0167357
28.01 1 0.10753
28.01 2 0.0167357
28.11 1 0.10753
28.11 2 0.0167357
28.21 1 0.10753
28.21 2 0.0167357
28.31 1 0.10753
28.31 2 0.0167357
28.41 1 0.10753
28.41 2 0.0167357
28.51 1 0.10753
28.51 2 0.0167357
28.61 1 0.10753
28.61 2 0.0167357
28.71 1 0.10753
28.71 2 0.0167357
28.81 1 0.10753
28.81 2 0.0167357
28.91 1 0.10753
28.91 2 0.0167357
29.01 1 0.10753
29.01 2 0.0167357
29.11 1 0.10753
29.11 2 0.0167357
29.21 1 0.10753
29.21 2 0.0167357
29.31 1 0.10753
29.31 2 0.0167357
29.41 1 0.10753
29.41 2 0.0167357
29.51 1 0.10753
29.51 2 0.0167357
29.61 1 0.10753
29.61 2 0.0167357
29.71 1 0.10753
29.71 2 0.0167357
29.81 1 0.10753
29.81 2 0.0167357
29.91 1 0.10753
29.91 2 0.0167357
30.01 1 0.10753
30.01 2 0.0167357
30.11 1 0.10753
30.11 2 0.0167357
30.21 1 0.10753
30.21 2 0.0167357
30.31 1 0.10753
30.31 2 0.0167357
30.41 1 0.10753
30.41 2 0.0167357
30.51 1 0.10753
30.51 2 0.0167357
30.61 1 0.10753
30.61 2 0.0167357
30.71 1 0.10753
30.71 2 0.0167357
30.81 1 0.10753
30.81 2 0.0167357
30.91 1 0.10753
30.91 2 0.0167357
31.01 1 0.10753
31.01 2 0.0167357
31.11 1 0.10753
31.11 2 0.0167357
31.21 1 0.10753
31.21 2 0.0167357
31.31 1 0.10753
31.31 2 0.0167357
31.41 1 0.10753
31.41 2 0.0167357
31.51 1 0.10753
31.51 2 0.0167357
31.61 1 0.10753
31.61 2 0.0167357
31.71 1 0.10753
31.71 2 0.0167357
31.81 1 0.10753
31.81 2 0.0167357
31.91 1 0.10753
31.91 2 0.0167357
32.01 1 0.10753
32.01 2 0.0167357
32.11 1 0.10753
32.11 2 0.0167357
32.21 1 0.10753
32.21 2 0.0167357
32.31 1 0.10753
32.31 2 0.0167357
32.41 1 0.10753
32.41 2 0.0167357
32.51 1 0.10753
32.51 2 0.0167357
32.61 1 0.10753
32.61 2 0.0167357
32.71 1 0.10753
32.71 2 0.0167357
32.81 1 0.10753
32.81 2 0.0167357
32.91 1 0.10753
32.91 2 0.0167357
33.01 1 0.10753
33.01 2 0.0167357
33.11 1 0.10753
33.11 2 0.0167357
33.21 1 0.10753
33.21 2 0.0167357
33.31 1 0.10753
33.31 2 0.0167357
33.41 1 0.10753
33.41 2 0.0167357
33.51 1 0.10753
33.51 2 0.0167357
33.61 1 0.10753
33.61 2 0.0167357
33.71 1 0.10753
33.71 2 0.0167357
33.81 1 0.10753
33.81 2 0.0167357
33.91 1 0.10753
33.91 2 0.0167357
34.01 1 0.10753
34.01 2 0.0167357
34.11 1 0.10753
34.11 2 0.0167357
34.21 1 0.10753
34.21 2 0.0167357
34.31 1 0.10753
34.31 2 0.0167357
34.41 1 0.10753
34.41 2 0.0167357
34.51 1 0.10753
34.51 2 0.0167357
34.61 1 0.10753
34.61 2 0.0167357
34.71 1 0.10753
34.71 2 0.0167357
34.81 1 0.10753
34.81 2 0.0167357
34.91 1 0.10753
34.91 2 0.0167357
35.01 1 0.10753
35.01 2 0.0167357
35.11 1 0.10753
35.11 2 0.0167357
35.21 1 0.10753
35.21 2 0.0167357
35.31 1 0.10753
35.31 2 0.0167357
35.41 1 0.10753
35.41 2 0.0167357
35.51 1 0.10753
35.51 2 0.0167357
35.61 1 0.10753
35.61 2 0.0167357
35.71 1 0.10753
35.71 2 0.0167357
35.81 1 0.10753
35.81 2 0.0167357
35.91 1 0.10753
35.91 2 0.0167357
36.01 1 0.10753
36.01 2 0.0167357
36.11 1 0.10753
36.11 2 0.0167357
36.21 1 0.10753
36.21 2 0.0167357
36.31 1 0.10753
36.31 2 0.0167357
36.41 1 0.10753
36.41 2 0.0167357
36.51 1 0.10753
36.51 2 0.0167357
36.61 1 0.10753
36.61 2 0.0167357
36.71 1 0.10753
36.71 2 0.0167357
36.81 1 0.10753
36.81 2 0.0167357
36.91 1 0.10753
36.91 2 0.0167357
37.01 1 0.10753
37.01 2 0.0167357
37.11 1 0.10753
37.11 2 0.0167357
37.21 1 0.10753
37.21 2 0.0167357
37.31 1 0.10753
37.31 2 0.0167357
37.41 1 0.10753
37.41 2 0.0167357
37.51 1 0.10753
37.51 2 0.0167357
37.61 1 0.10753
37.61 2 0.0167357
37.71 1 0.10753
37.71 2 0.0167357
37.81 1 0.10753
37.81 2 0.0167357
37.91 1 0.10753
37.91 2 0.0167357
38.01 1 0.10753
38.01 2 0.0167357
38.11 1 0.10753
38.11 2 0.0167357
38.21 1 0.10753
38.21 2 0.0167357
38.31 1 0.10753
38.31 2 0.0167357
38.41 1 0.10753
38.41 2 0.0167357
38.51 1 0.10753
38.51 2 0.0167357
38.61 1 0.10753
38.61 2 0.0167357
38.71 1 0.10753
38.71 2 0.0167357
38.81 1 0.10753
38.81 2 0.0167357
38.91 1 0.10753
38.91 2 0.0167357
39.01 1 0.10753
39.01 2 0.0167357
39.11 1 0.10753
39.11 2 0.0167357
39.21 1 0.10753
39.21 2 0.0167357
39.31 1 0.10753
39.31 2 0.0167357
39.41 1 0.10753
39.41 2 0.0167357
39.51 1 0.10753
39.51 2 0.0167357
39.61 1 0.10753
39.61 2 0.0167357
39.71 1 0.10753
39.71 2 0.0167357
39.81 1 0.10753
39.81 2 0.0167357
39.91 1 0.10753
39.91 2 0.0167357
40.01 1 0.10753
40.01 2 0.0167357
40.11 1 0.10753
40.11 2 0.0167357
40.21 1 0.10753
40.21 2 0.0167357
40.31 1 0.10753
40.31 2 0.0167357
40.41 1 0.10753
40.41 2 0.0167357
40.51 1 0.10753
40.51 2 0.0167357
40.61 1 0.10753
40.61 2 0.0167357
40.71 1 0.10753
40.71 2 0.0167357
40.81 1 0.10753
40.81 2 0.0167357
40.91 1 0.10753
40.91 2 0.0167357
41.01 1 0.10753
41.01 2 0.0167357
41.11 1 0.10753
41.11 2 0.0167357
41.21 1 0.10753
41.21 2 0.0167357
41.31 1 0.10753
41.31 2 0.0167357
41.41 1 0.10753
41.41 2 0.0167357
41.51 1 0.10753
41.51 2 0.0167357
41.61 1 0.10753
41.61 2 0.0167357
41.71 1 0.10753
41.71 2 0.0167357
41.81 1 0.10753
41.81 2 0.0167357
41.91 1 0.10753
41.91 2 0.0167357
42.01 1 0.10753
42.01 2 0.0167357
42.11 1 0.10753
42.11 2 0.0167357
42.21 1 0.10753
42.21 2 0.0167357
42.31 1 0.10753
42.31 2 0.0167357
42.41 1 0.10753
42.41 2 0.0167357
42.51 1 0.10753
42.51 2 0.0167357
42.61 1 0.10753
42.61 2 0.0167357
42.71 1 0.10753
42.71 2 0.0167357
42.81 1 0.10753
42.81 2 0.0167357
42.91 1 0.10753
42.91 2 0.0167357
43.01 1 0.10753
43.01 2 0.0167357
43.11 1 0.10753
43.11 2 0.0167357
43.21 1 0.10753
43.21 2 0.0167357
43.31 1 0.10753
43.31 2 0.0167357
43.41 1 0.10753
43.41 2 0.0167357
43.51 1 0.10753
43.51 2 0.0167357
43.61 1 0.10753
43.61 2 0.0167357
43.71 1 0.10753
43.71 2 0.0167357
43.81 1 0.10753
43.81 2 0.0167357
43.91 1 0.10753
43.91 2 0.0167357
44.01 1 0.10753
44.01 2 0.0167357
44.11 1 0.10753
44.11 2 0.0167357
44.21 1 0.10753
44.21 2 0.0167357
44.31 1 0.10753
44.31 2 0.0167357
44.41 1 0.10753
44.41 2 0.0167357
44.51 1 0.10753
44.51 2 0.0167357
44.61 1 0.10753
44.61 2 0.0167357
44.71 1 0.10753
44.71 2 0.0167357
44.81 1 0.10753
44.81 2 0.0167357
44.91 1 0.10753
44.91 2 0.0167357
45.01 1 0.10753
45.01 2 0.0167357
45.11 1 0.10753
45.11 2 0.0167357
45.21 1 0.10753
45.21 2 0.0167357
45.31 1 0.10753
45.31 2 0.0167357
45.41 1 0.10753
45.41 2 0.0167357
45.51 1 0.10753
45.51 2 0.0167357
45.61 1 0.10753
45.61 2 0.0167357
45.71 1 0.10753
45.71 2 0.0167357
45.81 1 0.10753
45.81 2 0.0167357
45.91 1 0.10753
45.91 2 0.0167357
46.01 1 0.10753
46.01 2 0.0167357
46.11 1 0.10753
46.11 2 0.0167357
46.21 1 0.10753
46.21 2 0.0167357
46.31 1 0.10753
46.31 2 0.0167357
46.41 1 0.10753
46.41 2 0.0167357
46.51 1 0.10753
46.51 2 0.0167357
46.61 1 0.10753
46.61 2 0.0167357
46.71 1 0.10753
46.71 2 0.0167357
46.81 1 0.10753
46.81 2 0.0167357
46.91 1 0.10753
46.91 2 0.0167357
47.01 1 0.10753
47.01 2 0.0167357
47.11 1 0.10753
47.11 2 0.0167357
47.21 1 0.10753
47.21 2 0.0167357
47.31 1 0.10753
47.31 2 0.0167357
47.41 1 0.10753
47.41 2 0.0167357
47.51 1 0.10753
47.51 2 0.0167357
47.61 1 0.10753
47.61 2 0.0167357
47.71 1 0.10753
47.71 2 0.0167357
47.81 1 0.10753
47.81 2 0.0167357
47.91 1 0.10753
47.91 2 0.0167357
48.01 1 0.10753
48.01 2 0.0167357
48.11 1 0.10753
48.11 2 0.0167357
48.21 1 0.10753
48.21 2 0.0167357
48.31 1 0.10753
48.31 2 0.0167357
48.41 1 0.10753
48.41 2 0.0167357
48.51 1 0.10753
48.51 2 0.0167357
48.61 1 0.10753
48.61 2 0.0167357
48.71 1 0.10753
48.71 2 0.0167357
48.81 1 0.10753
48.81 2 0.0167357
48.91 1 0.10753
48.91 2 0.0167357
49.01 1 0.10753
49.01 2 0.0167357
49.11 1 0.10753
49.11 2 0.0167357
49.21 1 0.10753
49.21 2 0.0167357
49.31 1 0.10753
49.31 2 0.0167357
49.41 1 0.10753
49.41 2 0.0167357
49.51 1 0.10753
49.51 2 0.0167357
49.61 1 0.10753
49.61 2 0.0167357
49.71 1 0.10753
49.71 2 0.0167357
49.81 1 0.10753
49.81 2 0.0167357
49.91 1 0.10753
49.91 2 0.0167357
50.01 1 0.10753
50.01 2 0.0167357
50.11 1 0.10753
50.11 2 0.0167357
50.21 1 0.10753
50.21 2 0.0167357
50.31 1 0.10753
50.31 2 0.0167357
50.41 1 0.10753
50.41 2 0.0167357
50.51 1 0.10753
50.51 2 0.0167357
50.61 1 0.10753
50.61 2 0.0167357
50.71 1 0.10753
50.71 2 0.0167357
50.81 1 0.10753
50.81 2 0.0167357
50.91 1 0.10753
50.91 2 0.0167357
51.01 1 0.10753
51.01 2 0.0167357
51.11 1 0.10753
51.11 2 0.0167357
51.21 1 0.10753
51.21 2 0.0167357
51.31 1 0.10753
51.31 2 0.0167357
51.41 1 0.10753
51.41 2 0.0167357
51.51 1 0.10753
51.51 2 0.0167357
51.61 1 0.10753
51.61 2 0.0167357
51.71 1 0.10753
51.71 2 0.0167357
51.81 1 0.10753
51.81 2 0.0167357
51.91 1 0.10753
51.91 2 0.0167357
52.01 1 0.10753
52.01 2 0.0167357
52.11 1 0.10753
52.11 2 0.0167357
52.21 1 0.10753
52.21 2 0.0167357
52.31 1 0.10753
52.31 2 0.0167357
52.41 1 0.10753
52.41 2 0.0167357
52.51 1 0.10753
52.51 2 0.0167357
52.61 1 0.10753
52.61 2 0.0167357
52.71 1 0.10753
52.71 2 0.0167357
52.81 1 0.10753
52.81 2 0.0167357
52.91 1 0.10753
52.91 2 0.0167357
53.01 1 0.10753
53.01 2 0.0167357
53.11 1 0.10753
53.11 2 0.0167357
53.21 1 0.10753
53.21 2 0.0167357
53.31 1 0.10753
53.31 2 0.0167357
53.41 1 0.10753
53.41 2 0.0167357
53.51 1 0.10753
53.51 2 0.0167357
53.61 1 0.10753
53.61 2 0.0167357
53.71 1 0.10753
53.71 2 0.0167357
53.81 1 0.10753
53.81 2 0.0167357
53.91 1 0.10753
53.91 2 0.0167357
54.01 1 0.10753
54.01 2 0.0167357
54.11 1 0.10753
54.11 2 0.0167357
54.21 1 0.10753
54.21 2 0.0167357
54.31 1 0.10753
54.31 2 0.0167357
54.41 1 0.10753
54.41 2 0.0167357
54.51 1 0.10753
54.51 2 0.0167357
54.61 1 0.10753
54.61 2 0.0167357
54.71 1 0.10753
54.71 2 0.0167357
54.81 1 0.10753
54.81 2 0.0167357
54.91 1 0.10753
54.91 2 0.0167357
55.01 1 0.10753
55.01 2 0.0167357
55.11 1 0.10753
55.11 2 0.0167357
55.21 1 0.10753
55.21 2 0.0167357
55.31 1 0.10753
55.31 2 0.0167357
55.41 1 0.10753
55.41 2 0.0167357
55.51 1 0.10753
55.51 2 0.0167357
55.61 1 0.10753
55.61 2 0.0167357
55.71 1 0.10753
55.71 2 0.0167357
55.81 1 0.10753
55.81 2 0.0167357
55.91 1 0.10753
55.91 2 0.0167357
56.01 1 0.10753
56.01 2 0.0167357
56.11 1 0.10753
56.11 2 0.0167357
56.21 1 0.10753
56.21 2 0.0167357
56.31 1 0.10753
56.31 2 0.0167357
56.41 1 0.10753
56.41 2 0.0167357
56.51 1 0.10753
56.51 2 0.0167357
56.61 1 0.10753
56.61 2 0.0167357
56.71 1 0.10753
56.71 2 0.0167357
56.81 1 0.10753
56.81 2 0.0167357
56.91 1 0.10753
56.91 2 0.0167357
57.01 1 0.10753
57.01 2 0.0167357
57.11 1 0.10753
57.11 2 0.0167357
57.21 1 0.10753
57.21 2 0.0167357
57.31 1 0.10753
57.31 2 0.0167357
57.41 1 0.10753
57.41 2 0.0167357
57.51 1 0.10753
57.51 2 0.0167357
57.61 1 0.10753
57.61 2 0.0167357
57.71 1 0.10753
57.71 2 0.0167357
57.81 1 0.10753
57.81 2 0.0167357
57.91 1 0.10753
57.91 2 0.0167357
58.01 1 0.10753
58.01 2 0.0167357
58.11 1 0.10753
58.11 2 0.0167357
58.21 1 0.10753
58.21 2 0.0167357
58.31 1 0.10753
58.31 2 0.0167357
58.41 1 0.10753
58.41 2 0.0167357
58.51 1 0.10753
58.51 2 0.0167357
58.61 1 0.10753
58.61 2 0.0167357
58.71 1 0.10753
58.71 2 0.0167357
58.81 1 0.10753
58.81 2 0.0167357
58.91 1 0.10753
58.91 2 0.0167357
59.01 1 0.10753
59.01 2 0.0167357
59.11 1 0.10753
59.11 2 0.0167357
59.21 1 0.10753
59.21 2 0.0167357
59.31 1 0.10753
59.31 2 0.0167357
59.41 1 0.10753
59.41 2 0.0167357
59.51 1 0.10753
59.51 2 0.0167357
59.61 1 0.10753
59.61 2 0.0167357
59.71 1 0.10753
59.71 2 0.0167357
59.81 1 0.10753
59.81 2 0.0167357
59.91 1 0.10753
59.91 2 0.0167357
60.01 1 0.10753
60.01 2 0.0167357
60.11 1 0.10753
60.11 2 0.0167357
60.21 1 0.10753
60.21 2 0.0167357
60.31 1 0.10753
60.31 2 0.0167357
60.41 1 0.10753
60.41 2 0.0167357
60.51 1 0.10753
60.51 2 0.0167357
60.61 1 0.10753
60.61 2 0.0167357
60.71 1 0.10753
60.71 2 0.0167357
60.81 1 0.10753
60.81 2 0.0167357
60.91 1 0.10753
60.91 2 0.0167357
61.01 1 0.10753
61.01 2 0.0167357
61.11 1 0.10753
61.11 2 0.0167357
61.21 1 0.10753
61.21 2 0.0167357
61.31 1 0.10753
61.31 2 0.0167357
61.41 1 0.10753
61.41 2 0.0167357
61.51 1 0.10753
61.51 2 0.0167357
61.61 1 0.10753
61.61 2 0.0167357
61.71 1 0.10753
61.71 2 0.0167357
61.81 1 0.10753
61.81 2 0.0167357
61.91 1 0.10753
61.91 2 0.0167357
62.01 1 0.10753
62.01 2 0.0167357
62.11 1 0.10753
62.11 2 0.0167357
62.21 1 0.10753
62.21 2 0.0167357
62.31 1 0.10753
62.31 2 0.0167357
62.41 1 0.10753
62.41 2 0.0167357
62.51 1 0.10753
62.51 2 0.0167357
62.61 1 0.10753
62.61 2 0.0167357
62.71 1 0.10753
62.71 2 0.0167357
62.81 1 0.10753
62.81 2 0.0167357
62.91 1 0.10753
62.91 2 0.0167357
63.01 1 0.10753
63.01 2 0.0167357
63.11 1 0.10753
63.11 2 0.0167357
63.21 1 0.10753
63.21 2 0.0167357
63.31 1 0.10753
63.31 2 0.0167357
63.41 1 0.10753
63.41 2 0.0167357
63.51 1 0.10753
63.51 2 0.0167357
63.61 1 0.10753
63.61 2 0.0167357
63.71 1 0.10753
63.71 2 0.0167357
63.81 1 0.10753
63.81 2 0.0167357
63.91 1 0.10753
63.91 2 0.0167357
64.01 1 0.10753
64.01 2 0.0167357
64.11 1 0.10753
64.11 2 0.0167357
64.21 1 0.10753
64.21 2 0.0167357
64.31 1 0.10753
64.31 2 0.0167357
64.41 1 0.10753
64.41 2 0.0167357
64.51 1 0.10753
64.51 2 0.0167357
64.61 1 0.10753
64.61 2 0.0167357
64.71 1 0.10753
64.71 2 0.0167357
64.81 1 0.10753
64.81 2 0.0167357
64.91 1 0.10753
64.91 2 0.0167357
65.01 1 0.10753
65.01 2 0.0167357
65.11 1 0.10753
65.11 2 0.0167357
65.21 1 0.10753
65.21 2 0.0167357
65.31 1 0.10753
65.31 2 0.0167357
65.41 1 0.10753
65.41 2 0.0167357
65.51 1 0.10753
65.51 2 0.0167357
65.61 1 0.10753
65.61 2 0.0167357
65.71 1 0.10753
65.71 2 0.0167357
65.81 1 0.10753
65.81 2 0.0167357
65.91 1 0.10753
65.91 2 0.0167357
66.01 1 0.10753
66.01 2 0.0167357
66.11 1 0.10753
66.11 2 0.0167357
66.21 1 0.10753
66.21 2 0.0167357
66.31 1 0.10753
66.31 2 0.0167357
66.41 1 0.10753
66.41 2 0.0167357
66.51 1 0.10753
66.51 2 0.0167357
66.61 1 0.10753
66.61 2 0.0167357
66.71 1 0.10753
66.71 2 0.0167357
66.81 1 0.10753
66.81 2 0.0167357
66.91 1 0.10753
66.91 2 0.0167357
67.01 1 0.10753
67.01 2 0.0167357
67.11 1 0.10753
67.11 2 0.0167357
67.21 1 0.10753
67.21 2 0.0167357
67.31 1 0.10753
67.31 2 0.0167357
67.41 1 0.10753
67.41 2 0.0167357
67.51 1 0.10753
67.51 2 0.0167357
67.61 1 0.10753
67.61 2 0.0167357
67.71 1 0.10753
67.71 2 0.0167357
67.81 1 0.10753
67.81 2 0.0167357
67.91 1 0.10753
67.91 2 0.0167357
68.01 1 0.10753
68.01 2 0.0167357
68.11 1 0.10753
68.11 2 0.0167357
68.21 1 0.10753
68.21 2 0.0167357
68.31 1 0.10753
68.31 2 0.0167357
68.41 1 0.10753
68.41 2 0.0167357
68.51 1 0.10753
68.51 2 0.0167357
68.61 1 0.10753
68.61 2 0.0167357
68.71 1 0.10753
68.71 2 0.0167357
68.81 1 0.10753
68.81 2 0.0167357
68.91 1 0.10753
68.91 2 0.0167357
69.01 1 0.10753
69.01 2 0.0167357
69.11 1 0.10753
69.11 2 0.0167357
69.21 1 0.10753
69.21 2 0.0167357
69.31 1 0.10753
69.31 2 0.0167357
69.41 1 0.10753
69.41 2 0.0167357
69.51 1 0.10753
69.51 2 0.0167357
69.61 1 0.10753
69.61 2 0.0167357
69.71 1 0.10753
69.71 2 0.0167357
69.81 1 0.10753
69.81 2 0.0167357
69.91 1 0.10753
69.91 2 0.0167357
70.01 1 0.10753
70.01 2 0.0167357
70.11 1 0.10753
70.11 2 0.0167357
70.21 1 0.10753
70.21 2 0.0167357
70.31 1 0.10753
70.31 2 0.0167357
70.41 1 0.10753
70.41 2 0.0167357
70.51 1 0.10753
70.51 2 0.0167357
70.61 1 0.10753
70.61 2 0.0167357
70.71 1 0.10753
70.71 2 0.0167357
70.81 1 0.10753
70.81 2 0.0167357
70.91 1 0.10753
70.91 2 0.0167357
71.01 1 0.10753
71.01 2 0.0167357
71.11 1 0.10753
71.11 2 0.0167357
71.21 1 0.10753
71.21 2 0.0167357
71.31 1 0.10753
71.31 2 0.0167357
71.41 1 0.10753
71.41 2 0.0167357
71.51 1 0.10753
71.51 2 0.0167357
71.61 1 0.10753
71.61 2 0.0167357
71.71 1 0.10753
71.71 2 0.0167357
71.81 1 0.10753
71.81 2 0.0167357
71.91 1 0.10753
71.91 2 0.0167357
72.01 1 0.10753
72.01 2 0.0167357
72.11 1 0.10753
72.11 2 0.0167357
72.21 1 0.10753
72.21 2 0.0167357
72.31 1 0.10753
72.31 2 0.0167357
72.41 1 0.10753
72.41 2 0.0167357
72.51 1 0.10753
72.51 2 0.0167357
72.61 1 0.10753
72.61 2 0.0167357
72.71 1 0.10753
72.71 2 0.0167357
72.81 1 0.10753
72.81 2 0.0167357
72.91 1 0.10753
72.91 2 0.0167357
73.01 1 0.10753
73.01 2 0.0167357
73.11 1 0.10753
73.11 2 0.0167357
73.21 1 0.10753
73.21 2 0.0167357
73.31 1 0.10753
73.31 2 0.0167357
73.41 1 0.10753
73.41 2 0.0167357
73.51 1 0.10753
73.51 2 0.0167357
73.61 1 0.10753
73.61 2 0.0167357
73.71 1 0.10753
73.71 2 0.0167357
73.81 1 0.10753
73.81 2 0.0167357
73.91 1 0.10753
73.91 2 0.0167357
74.01 1 0.10753
74.01 2 0.0167357
74.11 1 0.10753
74.11 2 0.0167357
74.21 1 0.10753
74.21 2 0.0167357
74.31 1 0.10753
74.31 2 0.0167357
74.41 1 0.10753
74.41 2 0.0167357
74.51 1 0.10753
74.51 2 0.0167357
74.61 1 0.10753
74.61 2 0.0167357
74.71 1 0.10753
74.71 2 0.0167357
74.81 1 0.10753
74.81 2 0.0167357
74.91 1 0.10753
74.91 2 0.0167357
75.01 1 0.10753
75.01 2 0.0167357
75.11 1 0.10753
75.11 2 0.0167357
75.21 1 0.10753
75.21 2 0.0167357
75.31 1 0.10753
75.31 2 0.0167357
75.41 1 0.10753
75.41 2 0.0167357
75.51 1 0.10753
75.51 2 0.0167357
75.61 1 0.10753
75.61 2 0.0167357
75.71 1 0.10753
75.71 2 0.0167357
75.81 1 0.10753
75.81 2 0.0167357
75.91 1 0.10753
75.91 2 0.0167357
76.01 1 0.10753
76.01 2 0.0167357
76.11 1 0.10753
76.11 2 0.0167357
76.21 1 0.10753
76.21 2 0.0167357
76.31 1 0.10753
76.31 2 0.0167357
76.41 1 0.10753
76.41 2 0.0167357
76.51 1 0.10753
76.51 2 0.0167357
76.61 1 0.10753
76.61 2 0.0167357
76.71 1 0.10753
76.71 2 0.0167357
76.81 1 0.10753
76.81 2 0.0167357
76.91 1 0.10753
76.91 2 0.0167357
77.01 1 0.10753
77.01 2 0.0167357
77.11 1 0.10753
77.11 2 0.0167357
77.21 1 0.10753
77.21 2 0.0167357
77.31 1 0.10753
77.31 2 0.0167357
77.41 1 0.10753
77.41 2 0.0167357
77.51 1 0.10753
77.51 2 0.0167357
77.61 1 0.10753
77.61 2 0.0167357
77.71 1 0.10753
77.71 2 0.0167357
77.81 1 0.10753
77.81 2 0.0167357
77.91 1 0.10753
77.91 2 0.0167357
78.01 1 0.10753
78.01 2 0.0167357
78.11 1 0.10753
78.11 2 0.0167357
78.21 1 0.10753
78.21 2 0.0167357
78.31 1 0.10753
78.31 2 0.0167357
78.41 1 0.10753
78.41 2 0.0167357
78.51 1 0.10753
78.51 2 0.0167357
78.61 1 0.10753
78.61 2 0.0167357
78.71 1 0.10753
78.71 2 0.0167357
78.81 1 0.10753
78.81 2 0.0167357
78.91 1 0.10753
78.91 2 0.0167357
79.01 1 0.10753
79.01 2 0.0167357
79.11 1 0.10753
79.11 2 0.0167357
79.21 1 0.10753
79.21 2 0.0167357
79.31 1 0.10753
79.31 2 0.0167357
79.41 1 0.10753
79.41 2 0.0167357
79.51 1 0.10753
79.51 2 0.0167357
79.61 1 0.10753
79.61 2 0.0167357
79.71 1 0.10753
79.71 2 0.0167357
79.81 1 0.10753
79.81 2 0.0167357
79.91 1 0.10753
79.91 2 0.0167357
80.01 1 0.10753
80.01 2 0.0167357
80.11 1 0.10753
80.11 2 0.0167357
80.21 1 0.10753
80.21 2 0.0167357
80.31 1 0.10753
80.31 2 0.0167357
80.41 1 0.10753
80.41 2 0.0167357
80.51 1 0.10753
80.51 2 0.0167357
80.61 1 0.10753
80.61 2 0.0167357
80.71 1 0.10753
80.71 2 0.0167357
80.81 1 0.10753
80.81 2 0.0167357
80.91 1 0.10753
80.91 2 0.0167357
81.01 1 0.10753
81.01 2 0.0167357
81.11 1 0.10753
81.11 2 0.0167357
81.21 1 0.10753
81.21 2 0.0167357
81.31 1 0.10753
81.31 2 0.0167357
81.41 1 0.10753
81.41 2 0.0167357
81.51 1 0.10753
81.51 2 0.0167357
81.61 1 0.10753
81.61 2 0.0167357
81.71 1 0.10753
81.71 2 0.0167357
81.81 1 0.10753
81.81 2 0.0167357
81.91 1 0.10753
81.91 2 0.0167357
82.01 1 0.10753
82.01 2 0.0167357
82.11 1 0.10753
82.11 2 0.0167357
82.21 1 0.10753
82.21 2 0.0167357
82.31 1 0.10753
82.31 2 0.0167357
82.41 1 0.10753
82.41 2 0.0167357
82.51 1 0.10753
82.51 2 0.0167357
82.61 1 0.10753
82.61 2 0.0167357
82.71 1 0.10753
82.71 2 0.0167357
82.81 1 0.10753
82.81 2 0.0167357
82.91 1 0.10753
82.91 2 0.0167357
83.01 1 0.10753
83.01 2 0.0167357
83.11 1 0.10753
83.11 2 0.0167357
83.21 1 0.10753
83.21 2 0.0167357
83.31 1 0.10753
83.31 2 0.0167357
83.41 1 0.10753
83.41 2 0.0167357
83.51 1 0.10753
83.51 2 0.0167357
83.61 1 0.10753
83.61 2 0.0167357
83.71 1 0.10753
83.71 2 0.0167357
83.81 1 0.10753
83.81 2 0.0167357
83.91 1 0.10753
83.91 2 0.0167357
84.01 1 0.10753
84.01 2 0.0167357
84.11 1 0.10753
84.11 2 0.0167357
84.21 1 0.10753
84.21 2 0.0167357
84.31 1 0.10753
84.31 2 0.0167357
84.41 1 0.10753
84.41 2 0.0167357
84.51 1 0.10753
84.51 2 0.0167357
84.61 1 0.10753
84.61 2 0.0167357
84.71 1 0.10753
84.71 2 0.0167357
84.81 1 0.10753
84.81 2 0.0167357
84.91 1 0.10753
84.91 2 0.0167357
85.01 1 0.10753
85.01 2 0.0167357
85.11 1 0.10753
85.11 2 0.0167357
85.21 1 0.10753
85.21 2 0.0167357
85.31 1 0.10753
85.31 2 0.0167357
85.41 1 0.10753
85.41 2 0.0167357
85.51 1 0.10753
85.51 2 0.0167357
85.61 1 0.10753
85.61 2 0.0167357
85.71 1 0.10753
85.71 2 0.0167357
85.81 1 0.10753
85.81 2 0.0167357
85.91 1 0.10753
85.91 2 0.0167357
86.01 1 0.10753
86.01 2 0.0167357
86.11 1 0.10753
86.11 2 0.0167357
86.21 1 0.10753
86.21 2 0.0167357
86.31 1 0.10753
86.31 2 0.0167357
86.41 1 0.10753
86.41 2 0.0167357
86.51 1 0.10753
86.51 2 0.0167357
86.61 1 0.10753
86.61 2 0.0167357
86.71 1 0.10753
86.71 2 0.0167357
86.81 1 0.10753
86.81 2 0.0167357
86.91 1 0.10753
86.91 2 0.0167357
87.01 1 0.10753
87.01 2 0.0167357
87.11 1 0.10753
87.11 2 0.0167357
87.21 1 0.10753
87.21 2 0.0167357
87.31 1 0.10753
87.31 2 0.0167357
87.41 1 0.10753
87.41 2 0.0167357
87.51 1 0.10753
87.51 2 0.0167357
87.61 1 0.10753
87.61 2 0.0167357
87.71 1 0.10753
87.71 2 0.0167357
87.81 1 0.10753
87.81 2 0.0167357
87.91 1 0.10753
87.91 2 0.0167357
88.01 1 0.10753
88.01 2 0.0167357
88.11 1 0.10753
88.11 2 0.0167357
88.21 1 0.10753
88.21 2 0.0167357
88.31 1 0.10753
88.31 2 0.0167357
88.41 1 0.10753
88.41 2 0.0167357
88.51 1 0.10753
88.51 2 0.0167357
88.61 1 0.10753
88.61 2 0.0167357
88.71 1 0.10753
88.71 2 0.0167357
88.81 1 0.10753
88.81 2 0.0167357
88.91 1 0.10753
88.91 2 0.0167357
89.01 1 0.10753
89.01 2 0.0167357
89.11 1 0.10753
89.11 2 0.0167357
89.21 1 0.10753
89.21 2 0.0167357
89.31 1 0.10753
89.31 2 0.0167357
89.41 1 0.10753
89.41 2 0.0167357
89.51 1 0.10753
89.51 2 0.0167357
89.61 1 0.10753
89.61 2 0.0167357
89.71 1 0.10753
89.71 2 0.0167357
89.81 1 0.10753
89.81 2 0.0167357
89.91 1 0.10753
89.91 2 0.0167357
90.01 1 0.10753
90.01 2 0.0167357
90.11 1 0.10753
90.11 2 0.0167357
90.21 1 0.10753
90.21 2 0.0167357
90.31 1 0.10753
90.31 2 0.0167357
90.41 1 0.10753
90.41 2 0.0167357
90.51 1 0.10753
90.51 2 0.0167357
90.61 1 0.10753
90.61 2 0.0167357
90.71 1 0.10753
90.71 2 0.0167357
90.81 1 0.10753
90.81 2 0.0167357
90.91 1 0.10753
90.91 2 0.0167357
91.01 1 0.10753
91.01 2 0.0167357
91.11 1 0.10753
91.11 2 0.0167357
91.21 1 0.10753
91.21 2 0.0167357
91.31 1 0.10753
91.31 2 0.0167357
91.41 1 0.10753
91.41 2 0.0167357
91.51 1 0.10753
91.51 2 0.0167357
91.61 1 0.10753
91.61 2 0.0167357
91.71 1 0.10753
91.71 2 0.0167357
91.81 1 0.10753
91.81 2 0.0167357
91.91 1 0.10753
91.91 2 0.0167357
92.01 1 0.10753
92.01 2 0.0167357
92.11 1 0.10753
92.11 2 0.0167357
92.21 1 0.10753
92.21 2 0.0167357
92.31 1 0.10753
92.31 2 0.0167357
92.41 1 0.10753
92.41 2 0.0167357
92.51 1 0.10753
92.51 2 0.0167357
92.61 1 0.10753
92.61 2 0.0167357
92.71 1 0.10753
92.71 2 0.0167357
92.81 1 0.10753
92.81 2 0.0167357
92.91 1 0.10753
92.91 2 0.0167357
93.01 1 0.10753
93.01 2 0.0167357
93.11 1 0.10753
93.11 2 0.0167357
93.21 1 0.10753
93.21 2 0.0167357
93.31 1 0.10753
93.31 2 0.0167357
93.41 1 0.10753
93.41 2 0.0167357
93.51 1 0.10753
93.51 2 0.0167357
93.61 1 0.10753
93.61 2 0.0167357
93.71 1 0.10753
93.71 2 0.0167357
93.81 1 0.10753
93.81 2 0.0167357
93.91 1 0.10753
93.91 2 0.0167357
94.01 1 0.10753
94.01 2 0.0167357
94.11 1 0.10753
94.11 2 0.0167357
94.21 1 0.10753
94.21 2 0.0167357
94.31 1 0.10753
94.31 2 0.0167357
94.41 1 0.10753
94.41 2 0.0167357
94.51 1 0.10753
94.51 2 0.0167357
94.61 1 0.10753
94.61 2 0.0167357
94.71 1 0.10753
94.71 2 0.0167357
94.81 1 0.10753
94.81 2 0.0167357
94.91 1 0.10753
94.91 2 0.0167357
95.01 1 0.10753
95.01 2 0.0167357
95.11 1 0.10753
95.11 2 0.0167357
95.21 1 0.10753
95.21 2 0.0167357
95.31 1 0.10753
95.31 2 0.0167357
95.41 1 0.10753
95.41 2 0.0167357
95.51 1 0.10753
95.51 2 0.0167357
95.61 1 0.10753
95.61 2 0.0167357
95.71 1 0.10753
95.71 2 0.0167357
95.81 1 0.10753
95.81 2 0.0167357
95.91 1 0.10753
95.91 2 0.0167357
96.01 1 0.10753
96.01 2 0.0167357
96.11 1 0.10753
96.11 2 0.0167357
96.21 1 0.10753
96.21 2 0.0167357
96.31 1 0.10753
96.31 2 0.0167357
96.41 1 0.10753
96.41 2 0.0167357
96.51 1 0.10753
96.51 2 0.0167357
96.61 1 0.10753
96.61 2 0.0167357
96.71 1 0.10753
96.71 2 0.0167357
96.81 1 0.10753
96.81 2 0.0167357
96.91 1 0.10753
96.91 2 0.0167357
97.01 1 0.10753
97.01 2 0.0167357
97.11 1 0.10753
97.11 2 0.0167357
97.21 1 0.10753
97.21 2 0.0167357
97.31 1 0.10753
97.31 2 0.0167357
97.41 1 0.10753
97.41 2 0.0167357
97.51 1 0.10753
97.51 2 0.0167357
97.61 1 0.10753
97.61 2 0.0167357
97.71 1 0.10753
97.71 2 0.0167357
97.81 1 0.10753
97.81 2 0.0167357
97.91 1 0.10753
97.91 2 0.0167357
98.01 1 0.10753
98.01 2 0.0167357
98.11 1 0.10753
98.11 2 0.0167357
98.21 1 0.10753
98.21 2 0.0167357
98.31 1 0.10753
98.31 2 0.0167357
98.41 1 0.10753
98.41 2 0.0167357
98.51 1 0.10753
98.51 2 0.0167357
98.61 1 0.10753
98.61 2 0.0167357
98.71 1 0.10753
98.71 2 0.0167357
98.81 1 0.10753
98.81 2 0.0167357
98.91 1 0.10753
98.91 2 0.0167357
99.01 1 0.10753
99.01 2 0.0167357
99.11 1 0.10753
99.11 2 0.0167357
99.21 1 0.10753
99.21 2 0.0167357
99.31 1 0.10753
99.31 2 0.0167357
99.41 1 0.10753
99.41 2 0.0167357
99.51 1 0.10753
99.51 2 0.0167357
99.61 1 0.10753
99.61 2 0.0167357
99.71 1 0.10753
99.71 2 0.0167357
99.81 1 0.10753
99.81 2 0.0167357
99.91 1 0.10753
99.91 2 0.0167357
100.01 1 0.10753
100.01 2 0.0167357
100.11 1 0.10753
100.11 2 0.0167357
100.21 1 0.10753
100.21 2 0.0167357
100.31 1 0.10753
100.31 2 0.0167357
100.41 1 0.10753
100.41 2 0.0167357
100.51 1 0.10753
100.51 2 0.0167357
100.61 1 0.10753
100.61 2 0.0167357
100.71 1 0.10753
100.71 2 0.0167357
100.81 1 0.10753
100.81 2 0.0167357
100.91 1 0.10753
100.91 2 0.0167357
101.01 1 0.10753
101.01 2 0.0167357
101.11 1 0.10753
101.11 2 0.0167357
101.21 1 0.10753
101.21 2 0.0167357
101.31 1 0.10753
101.31 2 0.0167357
101.41 1 0.10753
101.41 2 0.0167357
101.51 1 0.10753
101.51 2 0.0167357
101.61 1 0.10753
101.61 2 0.0167357
101.71 1 0.10753
101.71 2 0.0167357
101.81 1 0.10753
101.81 2 0.0167357
101.91 1 0.10753
101.91 2 0.0167357
102.01 1 0.10753
102.01 2 0.0167357
102.11 1 0.10753
102.11 2 0.0167357
102.21 1 0.10753
102.21 2 0.0167357
102.31 1 0.10753
102.31 2 0.0167357
102.41 1 0.10753
102.41 2 0.0167357
102.51 1 0.10753
102.51 2 0.0167357
102.61 1 0.10753
102.61 2 0.0167357
102.71 1 0.10753
102.71 2 0.0167357
102.81 1 0.10753
102.81 2 0.0167357
102.91 1 0.10753
102.91 2 0.0167357
103.01 1 0.10753
103.01 2 0.0167357
103.11 1 0.10753
103.11 2 0.0167357
103.21 1 0.10753
103.21 2 0.0167357
103.31 1 0.10753
103.31 2 0.0167357
103.41 1 0.10753
103.41 2 0.0167357
103.51 1 0.10753
103.51 2 0.0167357
103.61 1 0.10753
103.61 2 0.0167357
103.71 1 0.10753
103.71 2 0.0167357
103.81 1 0.10753
103.81 2 0.0167357
103.91 1 0.10753
103.91 2 0.0167357
104.01 1 0.10753
104.01 2 0.0167357
104.11 1 0.10753
104.11 2 0.0167357
104.21 1 0.10753
104.21 2 0.0167357
104.31 1 0.10753
104.31 2 0.0167357
104.41 1 0.10753
104.41 2 0.0167357
104.51 1 0.10753
104.51 2 0.0167357
104.61 1 0.10753
104.61 2 0.0167357
104.71 1 0.10753
104.71 2 0.0167357
104.81 1 0.10753
104.81 2 0.0167357
104.91 1 0.10753
104.91 2 0.0167357
105.01 1 0.10753
105.01 2 0.0167357
105.11 1 0.10753
105.11 2 0.0167357
105.21 1 0.10753
105.21 2 0.0167357
105.31 1 0.10753
105.31 2 0.0167357
105.41 1 0.10753
105.41 2 0.0167357
105.51 1 0.10753
105.51 2 0.0167357
105.61 1 0.10753
105.61 2 0.0167357
105.71 1 0.10753
105.71 2 0.0167357
105.81 1 0.10753
105.81 2 0.0167357
105.91 1 0.10753
105.91 2 0.0167357
106.01 1 0.10753
106.01 2 0.0167357
106.11 1 0.10753
106.11 2 0.0167357
106.21 1 0.10753
106.21 2 0.0167357
106.31 1 0.10753
106.31 2 0.0167357
106.41 1 0.10753
106.41 2 0.0167357
106.51 1 0.10753
106.51 2 0.0167357
106.61 1 0.10753
106.61 2 0.0167357
106.71 1 0.10753
106.71 2 0.0167357
106.81 1 0.10753
106.81 2 0.0167357
106.91 1 0.10753
106.91 2 0.0167357
107.01 1 0.10753
107.01 2 0.0167357
107.11 1 0.10753
107.11 2 0.0167357
107.21 1 0.10753
107.21 2 0.0167357
107.31 1 0.10753
107.31 2 0.0167357
107.41 1 0.10753
107.41 2 0.0167357
107.51 1 0.10753
107.51 2 0.0167357
107.61 1 0.10753
107.61 2 0.0167357
107.71 1 0.10753
107.71 2 0.0167357
107.81 1 0.10753
107.81 2 0.0167357
107.91 1 0.10753
107.91 2 0.0167357
108.01 1 0.10753
108.01 2 0.0167357
108.11 1 0.10753
108.11 2 0.0167357
108.21 1 0.10753
108.21 2 0.0167357
108.31 1 0.10753
108.31 2 0.0167357
108.41 1 0.10753
108.41 2 0.0167357
108.51 1 0.10753
108.51 2 0.0167357
108.61 1 0.10753
108.61 2 0.0167357
108.71 1 0.10753
108.71 2 0.0167357
108.81 1 0.10753
108.81 2 0.0167357
108.91 1 0.10753
108.91 2 0.0167357
109.01 1 0.10753
109.01 2 0.0167357
109.11 1 0.10753
109.11 2 0.0167357
109.21 1 0.10753
109.21 2 0.0167357
109.31 1 0.10753
109.31 2 0.0167357
109.41 1 0.10753
109.41 2 0.0167357
109.51 1 0.10753
109.51 2 0.0167357
109.61 1 0.10753
109.61 2 0.0167357
109.71 1 0.10753
109.71 2 0.0167357
109.81 1 0.10753
109.81 2 0.0167357
109.91 1 0.10753
109.91 2 0.0167357
110.01 1 0.10753
110.01 2 0.0167357
110.11 1 0.10753
110.11 2 0.0167357
110.21 1 0.10753
110.21 2 0.0167357
110.31 1 0.10753
110.31 2 0.0167357
110.41 1 0.10753
110.41 2 0.0167357
110.51 1 0.10753
110.51 2 0.0167357
110.61 1 0.10753
110.61 2 0.0167357
110.71 1 0.10753
110.71 2 0.0167357
110.81 1 0.10753
110.81 2 0.0167357
110.91 1 0.10753
110.91 2 0.0167357
111.01 1 0.10753
111.01 2 0.0167357
111.11 1 0.10753
111.11 2 0.0167357
111.21 1 0.10753
111.21 2 0.0167357
111.31 1 0.10753
111.31 2 0.0167357
111.41 1 0.10753
111.41 2 0.0167357
111.51 1 0.10753
111.51 2 0.0167357
111.61 1 0.10753
111.61 2 0.0167357
111.71 1 0.10753
111.71 2 0.0167357
111.81 1 0.10753
111.81 2 0.0167357
111.91 1 0.10753
111.91 2 0.0167357
112.01 1 0.10753
112.01 2 0.0167357
112.11 1 0.10753
112.11 2 0.0167357
112.21 1 0.10753
112.21 2 0.0167357
112.31 1 0.10753
112.31 2 0.0167357
112.41 1 0.10753
112.41 2 0.0167357
112.51 1 0.10753
112.51 2 0.0167357
112.61 1 0.10753
112.61 2 0.0167357
112.71 1 0.10753
112.71 2 0.0167357
112.81 1 0.10753
112.81 2 0.0167357
112.91 1 0.10753
112.91 2 0.0167357
113.01 1 0.10753
113.01 2 0.0167357
113.11 1 0.10753
113.11 2 0.0167357
113.21 1 0.10753
113.21 2 0.0167357
113.31 1 0.10753
113.31 2 0.0167357
113.41 1 0.10753
113.41 2 0.0167357
113.51 1 0.10753
113.51 2 0.0167357
113.61 1 0.10753
113.61 2 0.0167357
113.71 1 0.10753
113.71 2 0.0167357
113.81 1 0.10753
113.81 2 0.0167357
113.91 1 0.10753
113.91 2 0.0167357
114.01 1 0.10753
114.01 2 0.0167357
114.11 1 0.10753
114.11 2 0.0167357
114.21 1 0.10753
114.21 2 0.0167357
114.31 1 0.10753
114.31 2 0.0167357
114.41 1 0.10753
114.41 2 0.0167357
114.51 1 0.10753
114.51 2 0.0167357
114.61 1 0.10753
114.61 2 0.0167357
114.71 1 0.10753
114.71 2 0.0167357
114.81 1 0.10753
114.81 2 0.0167357
114.91 1 0.10753
114.91 2 0.0167357
115.01 1 0.10753
115.01 2 0.0167357
115.11 1 0.10753
115.11 2 0.0167357
115.21 1 0.10753
115.21 2 0.0167357
115.31 1 0.10753
115.31 2 0.0167357
115.41 1 0.10753
115.41 2 0.0167357
115.51 1 0.10753
115.51 2 0.0167357
115.61 1 0.10753
115.61 2 0.0167357
115.71 1 0.10753
115.71 2 0.0167357
115.81 1 0.10753
115.81 2 0.0167357
115.91 1 0.10753
115.91 2 0.0167357
116.01 1 0.10753
116.01 2 0.0167357
116.11 1 0.10753
116.11 2 0.0167357
116.21 1 0.10753
116.21 2 0.0167357
116.31 1 0.10753
116.31 2 0.0167357
116.41 1 0.10753
116.41 2 0.0167357
116.51 1 0.10753
116.51 2 0.0167357
116.61 1 0.10753
116.61 2 0.0167357
116.71 1 0.10753
116.71 2 0.0167357
116.81 1 0.10753
116.81 2 0.0167357
116.91 1 0.10753
116.91 2 0.0167357
117.01 1 0.10753
117.01 2 0.0167357
117.11 1 0.10753
117.11 2 0.0167357
117.21 1 0.10753
117.21 2 0.0167357
117.31 1 0.10753
117.31 2 0.0167357
117.41 1 0.10753
117.41 2 0.0167357
117.51 1 0.10753
117.51 2 0.0167357
117.61 1 0.10753
117.61 2 0.0167357
117.71 1 0.10753
117.71 2 0.0167357
117.81 1 0.10753
117.81 2 0.0167357
117.91 1 0.10753
117.91 2 0.0167357
118.01 1 0.10753
118.01 2 0.0167357
118.11 1 0.10753
118.11 2 0.0167357
118.21 1 0.10753
118.21 2 0.0167357
118.31 1 0.10753
118.31 2 0.0167357
118.41 1 0.10753
118.41 2 0.0167357
118.51 1 0.10753
118.51 2 0.0167357
118.61 1 0.10753
118.61 2 0.0167357
118.71 1 0.10753
118.71 2 0.0167357
118.81 1 0.10753
118.81 2 0.0167357
118.91 1 0.10753
118.91 2 0.0167357
119.01 1 0.10753
119.01 2 0.0167357
119.11 1 0.10753
119.11 2 0.0167357
119.21 1 0.10753
119.21 2 0.0167357
119.31 1 0.10753
119.31 2 0.0167357
119.41 1 0.10753
119.41 2 0.0167357
119.51 1 0.10753
119.51 2 0.0167357
119.61 1 0.10753
119.61 2 0.0167357
119.71 1 0.10753
119.71 2 0.0167357
119.81 1 0.10753
119.81 2 0.0167357
119.91 1 0.10753
119.91 2 0.0167357
120.01 1 0.10753
120.01 2 0.0167357
120.11 1 0.10753
120.11 2 0.0167357
120.21 1 0.10753
120.21 2 0.0167357
120.31 1 0.10753
120.31 2 0.0167357
120.41 1 0.10753
120.41 2 0.0167357
120.51 1 0.10753
120.51 2 0.0167357
120.61 1 0.10753
120.61 2 0.0167357
120.71 1 0.10753
120.71 2 0.0167357
120.81 1 0.10753
120.81 2 0.0167357
120.91 1 0.10753
120.91 2 0.0167357
121.01 1 0.10753
121.01 2 0.0167357
121.11 1 0.10753
121.11 2 0.0167357
121.21 1 0.10753
121.21 2 0.0167357
121.31 1 0.10753
121.31 2 0.0167357
121.41 1 0.10753
121.41 2 0.0167357
121.51 1 0.10753
121.51 2 0.0167357
121.61 1 0.10753
121.61 2 0.0167357
121.71 1 0.10753
121.71 2 0.0167357
121.81 1 0.10753
121.81 2 0.0167357
121.91 1 0.10753
121.91 2 0.0167357
122.01 1 0.10753
122.01 2 0.0167357
122.11 1 0.10753
122.11 2 0.0167357
122.21 1 0.10753
122.21 2 0.0167357
122.31 1 0.10753
122.31 2 0.0167357
122.41 1 0.10753
122.41 2 0.0167357
122.51 1 0.10753
122.51 2 0.0167357
122.61 1 0.10753
122.61 2 0.0167357
122.71 1 0.10753
122.71 2 0.0167357
122.81 1 0.10753
122.81 2 0.0167357
122.91 1 0.10753
122.91 2 0.0167357
123.01 1 0.10753
123.01 2 0.0167357
123.11 1 0.10753
123.11 2 0.0167357
123.21 1 0.10753
123.21 2 0.0167357
123.31 1 0.10753
123.31 2 0.0167357
123.41 1 0.10753
123.41 2 0.0167357
123.51 1 0.10753
123.51 2 0.0167357
123.61 1 0.10753
123.61 2 0.0167357
123.71 1 0.10753
123.71 2 0.0167357
123.81 1 0.10753
123.81 2 0.0167357
123.91 1 0.10753
123.91 2 0.0167357
124.01 1 0.10753
124.01 2 0.0167357
124.11 1 0.10753
124.11 2 0.0167357
124.21 1 0.10753
124.21 2 0.0167357
124.31 1 0.10753
124.31 2 0.0167357
124.41 1 0.10753
124.41 2 0.0167357
124.51 1 0.10753
124.51 2 0.0167357
124.61 1 0.10753
124.61 2 0.0167357
124.71 1 0.10753
124.71 2 0.0167357
124.81 1 0.10753
124.81 2 0.0167357
124.91 1 0.10753
124.91 2 0.0167357
125.01 1 0.10753
125.01 2 0.0167357
125.11 1 0.10753
125.11 2 0.0167357
125.21 1 0.10753
125.21 2 0.0167357
125.31 1 0.10753
125.31 2 0.0167357
125.41 1 0.10753
125.41 2 0.0167357
125.51 1 0.10753
125.51 2 0.0167357
125.61 1 0.10753
125.61 2 0.0167357
125.71 1 0.10753
125.71 2 0.0167357
125.81 1 0.10753
125.81 2 0.0167357
125.91 1 0.10753
125.91 2 0.0167357
126.01 1 0.10753
126.01 2 0.0167357
126.11 1 0.10753
126.11 2 0.0167357
126.21 1 0.10753
126.21 2 0.0167357
126.31 1 0.10753
126.31 2 0.0167357
126.41 1 0.10753
126.41 2 0.0167357
126.51 1 0.10753
126.51 2 0.0167357
126.61 1 0.10753
126.61 2 0.0167357
126.71 1 0.10753
126.71 2 0.0167357
126.81 1 0.10753
126.81 2 0.0167357
126.91 1 0.10753
126.91 2 0.0167357
127.01 1 0.10753
127.01 2 0.0167357
127.11 1 0.10753
127.11 2 0.0167357
127.21 1 0.10753
127.21 2 0.0167357
127.31 1 0.10753
127.31 2 0.0167357
127.41 1 0.10753
127.41 2 0.0167357
127.51 1 0.10753
127.51 2 0.0167357
127.61 1 0.10753
127.61 2 0.0167357
127.71 1 0.10753
127.71 2 0.0167357
127.81 1 0.10753
127.81 2 0.0167357
127.91 1 0.10753
127.91 2 0.0167357
128.01 1 0.10753
128.01 2 0.0167357
128.11 1 0.10753
128.11 2 0.0167357
128.21 1 0.10753
128.21 2 0.0167357
128.31 1 0.10753
128.31 2 0.0167357
128.41 1 0.10753
128.41 2 0.0167357
128.51 1 0.10753
128.51 2 0.0167357
128.61 1 0.10753
128.61 2 0.0167357
128.71 1 0.10753
128.71 2 0.0167357
128.81 1 0.10753
128.81 2 0.0167357
128.91 1 0.10753
128.91 2 0.0167357
129.01 1 0.10753
129.01 2 0.0167357
129.11 1 0.10753
129.11 2 0.0167357
129.21 1 0.10753
129.21 2 0.0167357
129.31 1 0.10753
129.31 2 0.0167357
129.41 1 0.10753
129.41 2 0.0167357
129.51 1 0.10753
129.51 2 0.0167357
129.61 1 0.10753
129.61 2 0.0167357
129.71 1 0.10753
129.71 2 0.0167357
129.81 1 0.10753
129.81 2 0.0167357
129.91 1 0.10753
129.91 2 0.0167357
130.01 1 0.10753
130.01 2 0.0167357
130.11 1 0.10753
130.11 2 0.0167357
130.21 1 0.10753
130.21 2 0.0167357
130.31 1 0.10753
130.31 2 0.0167357
130.41 1 0.10753
130.41 2 0.0167357
130.51 1 0.10753
130.51 2 0.0167357
130.61 1 0.10753
130.61 2 0.0167357
130.71 1 0.10753
130.71 2 0.0167357
130.81 1 0.10753
130.81 2 0.0167357
130.91 1 0.10753
130.91 2 0.0167357
131.01 1 0.10753
131.01 2 0.0167357
131.11 1 0.10753
131.11 2 0.0167357
131.21 1 0.10753
131.21 2 0.0167357
131.31 1 0.10753
131.31 2 0.0167357
131.41 1 0.10753
131.41 2 0.0167357
131.51 1 0.10753
131.51 2 0.0167357
131.61 1 0.10753
131.61 2 0.0167357
131.71 1 0.10753
131.71 2 0.0167357
131.81 1 0.10753
131.81 2 0.0167357
131.91 1 0.10753
131.91 2 0.0167357
132.01 1 0.10753
132.01 2 0.0167357
132.11 1 0.10753
132.11 2 0.0167357
132.21 1 0.10753
132.21 2 0.0167357
132.31 1 0.10753
132.31 2 0.0167357
132.41 1 0.10753
132.41 2 0.0167357
132.51 1 0.10753
132.51 2 0.0167357
132.61 1 0.10753
132.61 2 0.0167357
132.71 1 0.10753
132.71 2 0.0167357
132.81 1 0.10753
132.81 2 0.0167357
132.91 1 0.10753
132.91 2 0.0167357
133.01 1 0.10753
133.01 2 0.0167357
133.11 1 0.10753
133.11 2 0.0167357
133.21 1 0.10753
133.21 2 0.0167357
133.31 1 0.10753
133.31 2 0.0167357
133.41 1 0.10753
133.41 2 0.0167357
133.51 1 0.10753
133.51 2 0.0167357
133.61 1 0.10753
133.61 2 0.0167357
133.71 1 0.10753
133.71 2 0.0167357
133.81 1 0.10753
133.81 2 0.0167357
133.91 1 0.10753
133.91 2 0.0167357
134.01 1 0.10753
134.01 2 0.0167357
134.11 1 0.10753
134.11 2 0.0167357
134.21 1 0.10753
134.21 2 0.0167357
134.31 1 0.10753
134.31 2 0.0167357
134.41 1 0.10753
134.41 2 0.0167357
134.51 1 0.10753
134.51 2 0.0167357
134.61 1 0.10753
134.61 2 0.0167357
134.71 1 0.10753
134.71 2 0.0167357
134.81 1 0.10753
134.81 2 0.0167357
134.91 1 0.10753
134.91 2 0.0167357
135.01 1 0.10753
135.01 2 0.0167357
135.11 1 0.10753
135.11 2 0.0167357
135.21 1 0.10753
135.21 2 0.0167357
135.31 1 0.10753
135.31 2 0.0167357
135.41 1 0.10753
135.41 2 0.0167357
135.51 1 0.10753
135.51 2 0.0167357
135.61 1 0.10753
135.61 2 0.0167357
135.71 1 0.10753
135.71 2 0.0167357
135.81 1 0.10753
135.81 2 0.0167357
135.91 1 0.10753
135.91 2 0.0167357
136.01 1 0.10753
136.01 2 0.0167357
136.11 1 0.10753
136.11 2 0.0167357
136.21 1 0.10753
136.21 2 0.0167357
136.31 1 0.10753
136.31 2 0.0167357
136.41 1 0.10753
136.41 2 0.0167357
136.51 1 0.10753
136.51 2 0.0167357
136.61 1 0.10753
136.61 2 0.0167357
136.71 1 0.10753
136.71 2 0.0167357
136.81 1 0.10753
136.81 2 0.0167357
136.91 1 0.10753
136.91 2 0.0167357
137.01 1 0.10753
137.01 2 0.0167357
137.11 1 0.10753
137.11 2 0.0167357
137.21 1 0.10753
137.21 2 0.0167357
137.31 1 0.10753
137.31 2 0.0167357
137.41 1 0.10753
137.41 2 0.0167357
137.51 1 0.10753
137.51 2 0.0167357
137.61 1 0.10753
137.61 2 0.0167357
137.71 1 0.10753
137.71 2 0.0167357
137.81 1 0.10753
137.81 2 0.0167357
137.91 1 0.10753
137.91 2 0.0167357
138.01 1 0.10753
138.01 2 0.0167357
138.11 1 0.10753
138.11 2 0.0167357
138.21 1 0.10753
138.21 2 0.0167357
138.31 1 0.10753
138.31 2 0.0167357
138.41 1 0.10753
138.41 2 0.0167357
138.51 1 0.10753
138.51 2 0.0167357
138.61 1 0.10753
138.61 2 0.0167357
138.71 1 0.10753
138.71 2 0.0167357
138.81 1 0.10753
138.81 2 0.0167357
138.91 1 0.10753
138.91 2 0.0167357
139.01 1 0.10753
139.01 2 0.0167357
139.11 1 0.10753
139.11 2 0.0167357
139.21 1 0.10753
139.21 2 0.0167357
139.31 1 0.10753
139.31 2 0.0167357
139.41 1 0.10753
139.41 2 0.0167357
139.51 1 0.10753
139.51 2 0.0167357
139.61 1 0.10753
139.61 2 0.0167357
139.71 1 0.10753
139.71 2 0.0167357
139.81 1 0.10753
139.81 2 0.0167357
139.91 1 0.10753
139.91 2 0.0167357
140.01 1 0.10753
140.01 2 0.0167357
140.11 1 0.10753
140.11 2 0.0167357
140.21 1 0.10753
140.21 2 0.0167357
140.31 1 0.10753
140.31 2 0.0167357
140.41 1 0.10753
140.41 2 0.0167357
140.51 1 0.10753
140.51 2 0.0167357
140.61 1 0.10753
140.61 2 0.0167357
140.71 1 0.10753
140.71 2 0.0167357
140.81 1 0.10753
140.81 2 0.0167357
140.91 1 0.10753
140.91 2 0.0167357
141.01 1 0.10753
141.01 2 0.0167357
141.11 1 0.10753
141.11 2 0.0167357
141.21 1 0.10753
141.21 2 0.0167357
141.31 1 0.10753
141.31 2 0.0167357
141.41 1 0.10753
141.41 2 0.0167357
141.51 1 0.10753
141.51 2 0.0167357
141.61 1 0.10753
141.61 2 0.0167357
141.71 1 0.10753
141.71 2 0.0167357
141.81 1 0.10753
141.81 2 0.0167357
141.91 1 0.10753
141.91 2 0.0167357
142.01 1 0.10753
142.01 2 0.0167357
142.11 1 0.10753
142.11 2 0.0167357
142.21 1 0.10753
142.21 2 0.0167357
142.31 1 0.10753
142.31 2 0.0167357
142.41 1 0.10753
142.41 2 0.0167357
142.51 1 0.10753
142.51 2 0.0167357
142.61 1 0.10753
142.61 2 0.0167357
142.71 1 0.10753
142.71 2 0.0167357
142.81 1 0.10753
142.81 2 0.0167357
142.91 1 0.10753
142.91 2 0.0167357
143.01 1 0.10753
143.01 2 0.0167357
143.11 1 0.10753
143.11 2 0.0167357
143.21 1 0.10753
143.21 2 0.0167357
143.31 1 0.10753
143.31 2 0.0167357
143.41 1 0.10753
143.41 2 0.0167357
143.51 1 0.10753
143.51 2 0.0167357
143.61 1 0.10753
143.61 2 0.0167357
143.71 1 0.10753
143.71 2 0.0167357
143.81 1 0.10753
143.81 2 0.0167357
143.91 1 0.10753
143.91 2 0.0167357
144.01 1 0.10753
144.01 2 0.0167357
144.11 1 0.10753
144.11 2 0.0167357
144.21 1 0.10753
144.21 2 0.0167357
144.31 1 0.10753
144.31 2 0.0167357
144.41 1 0.10753
144.41 2 0.0167357
144.51 1 0.10753
144.51 2 0.0167357
144.61 1 0.10753
144.61 2 0.0167357
144.71 1 0.10753
144.71 2 0.0167357
144.81 1 0.10753
144.81 2 0.0167357
144.91 1 0.10753
144.91 2 0.0167357
145.01 1 0.10753
145.01 2 0.0167357
145.11 1 0.10753
145.11 2 0.0167357
145.21 1 0.10753
145.21 2 0.0167357
145.31 1 0.10753
145.31 2 0.0167357
145.41 1 0.10753
145.41 2 0.0167357
145.51 1 0.10753
145.51 2 0.0167357
145.61 1 0.10753
145.61 2 0.0167357
145.71 1 0.10753
145.71 2 0.0167357
145.81 1 0.10753
145.81 2 0.0167357
145.91 1 0.10753
145.91 2 0.0167357
146.01 1 0.10753
146.01 2 0.0167357
146.11 1 0.10753
146.11 2 0.0167357
146.21 1 0.10753
146.21 2 0.0167357
146.31 1 0.10753
146.31 2 0.0167357
146.41 1 0.10753
146.41 2 0.0167357
146.51 1 0.10753
146.51 2 0.0167357
146.61 1 0.10753
146.61 2 0.0167357
146.71 1 0.10753
146.71 2 0.0167357
146.81 1 0.10753
146.81 2 0.0167357
146.91 1 0.10753
146.91 2 0.0167357
147.01 1 0.10753
147.01 2 0.0167357
147.11 1 0.10753
147.11 2 0.0167357
147.21 1 0.10753
147.21 2 0.0167357
147.31 1 0.10753
147.31 2 0.0167357
147.41 1 0.10753
147.41 2 0.0167357
147.51 1 0.10753
147.51 2 0.0167357
147.61 1 0.10753
147.61 2 0.0167357
147.71 1 0.10753
147.71 2 0.0167357
147.81 1 0.10753
147.81 2 0.0167357
147.91 1 0.10753
147.91 2 0.0167357
148.01 1 0.10753
148.01 2 0.0167357
148.11 1 0.10753
148.11 2 0.0167357
148.21 1 0.10753
148.21 2 0.0167357
148.31 1 0.10753
148.31 2 0.0167357
148.41 1 0.10753
148.41 2 0.0167357
148.51 1 0.10753
148.51 2 0.0167357
148.61 1 0.10753
148.61 2 0.0167357
148.71 1 0.10753
148.71 2 0.0167357
148.81 1 0.10753
148.81 2 0.0167357
148.91 1 0.10753
148.91 2 0.0167357
149.01 1 0.10753
149.01 2 0.0167357
149.11 1 0.10753
149.11 2 0.0167357
149.21 1 0.10753
149.21 2 0.0167357
149.31 1 0.10753
149.31 2 0.0167357
149.41 1 0.10753
149.41 2 0.0167357
149.51 1 0.10753
149.51 2 0.0167357
149.61 1 0.10753
149.61 2 0.0167357
149.71 1 0.10753
149.71 2 0.0167357
149.81 1 0.10753
149.81 2 0.0167357
149.91 1 0.10753
149.91 2 0.0167357
150.01 1 0.10753
150.01 2 0.0167357
150.11 1 0.10753
150.11 2 0.0167357
150.21 1 0.10753
150.21 2 0.0167357
150.31 1 0.10753
150.31 2 0.0167357
150.41 1 0.10753
150.41 2 0.0167357
150.51 1 0.10753
150.51 2 0.0167357
150.61 1 0.10753
150.61 2 0.0167357
150.71 1 0.10753
150.71 2 0.0167357
150.81 1 0.10753
150.81 2 0.0167357
150.91 1 0.10753
150.91 2 0.0167357
151.01 1 0.10753
151.01 2 0.0167357
151.11 1 0.10753
151.11 2 0.0167357
151.21 1 0.10753
151.21 2 0.0167357
151.31 1 0.10753
151.31 2 0.0167357
151.41 1 0.10753
151.41 2 0.0167357
151.51 1 0.10753
151.51 2 0.0167357
151.61 1 0.10753
151.61 2 0.0167357
151.71 1 0.10753
151.71 2 0.0167357
151.81 1 0.10753
151.81 2 0.0167357
151.91 1 0.10753
151.91 2 0.0167357
152.01 1 0.10753
152.01 2 0.0167357
152.11 1 0.10753
152.11 2 0.0167357
152.21 1 0.10753
152.21 2 0.0167357
152.31 1 0.10753
152.31 2 0.0167357
152.41 1 0.10753
152.41 2 0.0167357
152.51 1 0.10753
152.51 2 0.0167357
152.61 1 0.10753
152.61 2 0.0167357
152.71 1 0.10753
152.71 2 0.0167357
152.81 1 0.10753
152.81 2 0.0167357
152.91 1 0.10753
152.91 2 0.0167357
153.01 1 0.10753
153.01 2 0.0167357
153.11 1 0.10753
153.11 2 0.0167357
153.21 1 0.10753
153.21 2 0.0167357
153.31 1 0.10753
153.31 2 0.0167357
153.41 1 0.10753
153.41 2 0.0167357
153.51 1 0.10753
153.51 2 0.0167357
153.61 1 0.10753
153.61 2 0.0167357
153.71 1 0.10753
153.71 2 0.0167357
153.81 1 0.10753
153.81 2 0.0167357
153.91 1 0.10753
153.91 2 0.0167357
154.01 1 0.10753
154.01 2 0.0167357
154.11 1 0.10753
154.11 2 0.0167357
154.21 1 0.10753
154.21 2 0.0167357
154.31 1 0.10753
154.31 2 0.0167357
154.41 1 0.10753
154.41 2 0.0167357
154.51 1 0.10753
154.51 2 0.0167357
154.61 1 0.10753
154.61 2 0.0167357
154.71 1 0.10753
154.71 2 0.0167357
154.81 1 0.10753
154.81 2 0.0167357
154.91 1 0.10753
154.91 2 0.0167357
155.01 1 0.10753
155.01 2 0.0167357
155.11 1 0.10753
155.11 2 0.0167357
155.21 1 0.10753
155.21 2 0.0167357
155.31 1 0.10753
155.31 2 0.0167357
155.41 1 0.10753
155.41 2 0.0167357
155.51 1 0.10753
155.51 2 0.0167357
155.61 1 0.10753
155.61 2 0.0167357
155.71 1 0.10753
155.71 2 0.0167357
155.81 1 0.10753
155.81 2 0.0167357
155.91 1 0.10753
155.91 2 0.0167357
156.01 1 0.10753
156.01 2 0.0167357
156.11 1 0.10753
156.11 2 0.0167357
156.21 1 0.10753
156.21 2 0.0167357
156.31 1 0.10753
156.31 2 0.0167357
156.41 1 0.10753
156.41 2 0.0167357
156.51 1 0.10753
156.51 2 0.0167357
156.61 1 0.10753
156.61 2 0.0167357
156.71 1 0.10753
156.71 2 0.0167357
156.81 1 0.10753
156.81 2 0.0167357
156.91 1 0.10753
156.91 2 0.0167357
157.01 1 0.10753
157.01 2 0.0167357
157.11 1 0.10753
157.11 2 0.0167357
157.21 1 0.10753
157.21 2 0.0167357
157.31 1 0.10753
157.31 2 0.0167357
157.41 1 0.10753
157.41 2 0.0167357
157.51 1 0.10753
157.51 2 0.0167357
157.61 1 0.10753
157.61 2 0.0167357
157.71 1 0.10753
157.71 2 0.0167357
157.81 1 0.10753
157.81 2 0.0167357
157.91 1 0.10753
157.91 2 0.0167357
158.01 1 0.10753
158.01 2 0.0167357
158.11 1 0.10753
158.11 2 0.0167357
158.21 1 0.10753
158.21 2 0.0167357
158.31 1 0.10753
158.31 2 0.0167357
158.41 1 0.10753
158.41 2 0.0167357
158.51 1 0.10753
158.51 2 0.0167357
158.61 1 0.10753
158.61 2 0.0167357
158.71 1 0.10753
158.71 2 0.0167357
158.81 1 0.10753
158.81 2 0.0167357
158.91 1 0.10753
158.91 2 0.0167357
159.01 1 0.10753
159.01 2 0.0167357
159.11 1 0.10753
159.11 2 0.0167357
159.21 1 0.10753
159.21 2 0.0167357
159.31 1 0.10753
159.31 2 0.0167357
159.41 1 0.10753
159.41 2 0.0167357
159.51 1 0.10753
159.51 2 0.0167357
159.61 1 0.10753
159.61 2 0.0167357
159.71 1 0.10753
159.71 2 0.0167357
159.81 1 0.10753
159.81 2 0.0167357
159.91 1 0.10753
159.91 2 0.0167357
160.01 1 0.10753
160.01 2 0.0167357
160.11 1 0.10753
160.11 2 0.0167357
160.21 1 0.10753
160.21 2 0.0167357
160.31 1 0.10753
160.31 2 0.0167357
160.41 1 0.10753
160.41 2 0.0167357
160.51 1 0.10753
160.51 2 0.0167357
160.61 1 0.10753
160.61 2 0.0167357
160.71 1 0.10753
160.71 2 0.0167357
160.81 1 0.10753
160.81 2 0.0167357
160.91 1 0.10753
160.91 2 0.0167357
161.01 1 0.10753
161.01 2 0.0167357
161.11 1 0.10753
161.11 2 0.0167357
161.21 1 0.10753
161.21 2 0.0167357
161.31 1 0.10753
161.31 2 0.0167357
161.41 1 0.10753
161.41 2 0.0167357
161.51 1 0.10753
161.51 2 0.0167357
161.61 1 0.10753
161.61 2 0.0167357
161.71 1 0.10753
161.71 2 0.0167357
161.81 1 0.10753
161.81 2 0.0167357
161.91 1 0.10753
161.91 2 0.0167357
162.01 1 0.10753
162.01 2 0.0167357
162.11 1 0.10753
162.11 2 0.0167357
162.21 1 0.10753
162.21 2 0.0167357
162.31 1 0.10753
162.31 2 0.0167357
162.41 1 0.10753
162.41 2 0.0167357
162.51 1 0.10753
162.51 2 0.0167357
162.61 1 0.10753
162.61 2 0.0167357
162.71 1 0.10753
162.71 2 0.0167357
162.81 1 0.10753
162.81 2 0.0167357
162.91 1 0.10753
162.91 2 0.0167357
163.01 1 0.10753
163.01 2 0.0167357
163.11 1 0.10753
163.11 2 0.0167357
163.21 1 0.10753
163.21 2 0.0167357
163.31 1 0.10753
163.31 2 0.0167357
163.41 1 0.10753
163.41 2 0.0167357
163.51 1 0.10753
163.51 2 0.0167357
163.61 1 0.10753
163.61 2 0.0167357
163.71 1 0.10753
163.71 2 0.0167357
163.81 1 0.10753
163.81 2 0.0167357
163.91 1 0.10753
163.91 2 0.0167357
164.01 1 0.10753
164.01 2 0.0167357
164.11 1 0.10753
164.11 2 0.0167357
164.21 1 0.10753
164.21 2 0.0167357
164.31 1 0.10753
164.31 2 0.0167357
164.41 1 0.10753
164.41 2 0.0167357
164.51 1 0.10753
164.51 2 0.0167357
164.61 1 0.10753
164.61 2 0.0167357
164.71 1 0.10753
164.71 2 0.0167357
164.81 1 0.10753
164.81 2 0.0167357
164.91 1 0.10753
164.91 2 0.0167357
165.01 1 0.10753
165.01 2 0.0167357
165.11 1 0.10753
165.11 2 0.0167357
165.21 1 0.10753
165.21 2 0.0167357
165.31 1 0.10753
165.31 2 0.0167357
165.41 1 0.10753
165.41 2 0.0167357
165.51 1 0.10753
165.51 2 0.0167357
165.61 1 0.10753
165.61 2 0.0167357
165.71 1 0.10753
165.71 2 0.0167357
165.81 1 0.10753
165.81 2 0.0167357
165.91 1 0.10753
165.91 2 0.0167357
166.01 1 0.10753
166.01 2 0.0167357
166.11 1 0.10753
166.11 2 0.0167357
166.21 1 0.10753
166.21 2 0.0167357
166.31 1 0.10753
166.31 2 0.0167357
166.41 1 0.10753
166.41 2 0.0167357
166.51 1 0.10753
166.51 2 0.0167357
166.61 1 0.10753
166.61 2 0.0167357
166.71 1 0.10753
166.71 2 0.0167357
166.81 1 0.10753
166.81 2 0.0167357
166.91 1 0.10753
166.91 2 0.0167357
167.01 1 0.10753
167.01 2 0.0167357
167.11 1 0.10753
167.11 2 0.0167357
167.21 1 0.10753
167.21 2 0.0167357
167.31 1 0.10753
167.31 2 0.0167357
167.41 1 0.10753
167.41 2 0.0167357
167.51 1 0.10753
167.51 2 0.0167357
167.61 1 0.10753
167.61 2 0.0167357
167.71 1 0.10753
167.71 2 0.0167357
167.81 1 0.10753
167.81 2 0.0167357
167.91 1 0.10753
167.91 2 0.0167357
168.01 1 0.10753
168.01 2 0.0167357
168.11 1 0.10753
168.11 2 0.0167357
168.21 1 0.10753
168.21 2 0.0167357
168.31 1 0.10753
168.31 2 0.0167357
168.41 1 0.10753
168.41 2 0.0167357
168.51 1 0.10753
168.51 2 0.0167357
168.61 1 0.10753
168.61 2 0.0167357
168.71 1 0.10753
168.71 2 0.0167357
168.81 1 0.10753
168.81 2 0.0167357
168.91 1 0.10753
168.91 2 0.0167357
169.01 1 0.10753
169.01 2 0.0167357
169.11 1 0.10753
169.11 2 0.0167357
169.21 1 0.10753
169.21 2 0.0167357
169.31 1 0.10753
169.31 2 0.0167357
169.41 1 0.10753
169.41 2 0.0167357
169.51 1 0.10753
169.51 2 0.0167357
169.61 1 0.10753
169.61 2 0.0167357
169.71 1 0.10753
169.71 2 0.0167357
169.81 1 0.10753
169.81 2 0.0167357
169.91 1 0.10753
169.91 2 0.0167357
170.01 1 0.10753
170.01 2 0.0167357
170.11 1 0.10753
170.11 2 0.0167357
170.21 1 0.10753
170.21 2 0.0167357
170.31 1 0.10753
170.31 2 0.0167357
170.41 1 0.10753
170.41 2 0.0167357
170.51 1 0.10753
170.51 2 0.0167357
170.61 1 0.10753
170.61 2 0.0167357
170.71 1 0.10753
170.71 2 0.0167357
170.81 1 0.10753
170.81 2 0.0167357
170.91 1 0.10753
170.91 2 0.0167357
171.01 1 0.10753
171.01 2 0.0167357
171.11 1 0.10753
171.11 2 0.0167357
171.21 1 0.10753
171.21 2 0.0167357
171.31 1 0.10753
171.31 2 0.0167357
171.41 1 0.10753
171.41 2 0.0167357
171.51 1 0.10753
171.51 2 0.0167357
171.61 1 0.10753
171.61 2 0.0167357
171.71 1 0.10753
171.71 2 0.0167357
171.81 1 0.10753
171.81 2 0.0167357
171.91 1 0.10753
171.91 2 0.0167357
172.01 1 0.10753
172.01 2 0.0167357
172.11 1 0.10753
172.11 2 0.0167357
172.21 1 0.10753
172.21 2 0.0167357
172.31 1 0.10753
172.31 2 0.0167357
172.41 1 0.10753
172.41 2 0.0167357
172.51 1 0.10753
172.51 2 0.0167357
172.61 1 0.10753
172.61 2 0.0167357
172.71 1 0.10753
172.71 2 0.0167357
172.81 1 0.10753
172.81 2 0.0167357
172.91 1 0.10753
172.91 2 0.0167357
173.01 1 0.10753
173.01 2 0.0167357
173.11 1 0.10753
173.11 2 0.0167357
173.21 1 0.10753
173.21 2 0.0167357
173.31 1 0.10753
173.31 2 0.0167357
173.41 1 0.10753
173.41 2 0.0167357
173.51 1 0.10753
173.51 2 0.0167357
173.61 1 0.10753
173.61 2 0.0167357
173.71 1 0.10753
173.71 2 0.0167357
173.81 1 0.10753
173.81 2 0.0167357
173.91 1 0.10753
173.91 2 0.0167357
174.01 1 0.10753
174.01 2 0.0167357
174.11 1 0.10753
174.11 2 0.0167357
174.21 1 0.10753
174.21 2 0.0167357
174.31 1 0.10753
174.31 2 0.0167357
174.41 1 0.10753
174.41 2 0.0167357
174.51 1 0.10753
174.51 2 0.0167357
174.61 1 0.10753
174.61 2 0.0167357
174.71 1 0.10753
174.71 2 0.0167357
174.81 1 0.10753
174.81 2 0.0167357
174.91 1 0.10753
174.91 2 0.0167357
175.01 1 0.10753
175.01 2 0.0167357
175.11 1 0.10753
175.11 2 0.0167357
175.21 1 0.10753
175.21 2 0.0167357
175.31 1 0.10753
175.31 2 0.0167357
175.41 1 0.10753
175.41 2 0.0167357
175.51 1 0.10753
175.51 2 0.0167357
175.61 1 0.10753
175.61 2 0.0167357
175.71 1 0.10753
175.71 2 0.0167357
175.81 1 0.10753
175.81 2 0.0167357
175.91 1 0.10753
175.91 2 0.0167357
176.01 1 0.10753
176.01 2 0.0167357
176.11 1 0.10753
176.11 2 0.0167357
176.21 1 0.10753
176.21 2 0.0167357
176.31 1 0.10753
176.31 2 0.0167357
176.41 1 0.10753
176.41 2 0.0167357
176.51 1 0.10753
176.51 2 0.0167357
176.61 1 0.10753
176.61 2 0.0167357
176.71 1 0.10753
176.71 2 0.0167357
176.81 1 0.10753
176.81 2 0.0167357
176.91 1 0.10753
176.91 2 0.0167357
177.01 1 0.10753
177.01 2 0.0167357
177.11 1 0.10753
177.11 2 0.0167357
177.21 1 0.10753
177.21 2 0.0167357
177.31 1 0.10753
177.31 2 0.0167357
177.41 1 0.10753
177.41 2 0.0167357
177.51 1 0.10753
177.51 2 0.0167357
177.61 1 0.10753
177.61 2 0.0167357
177.71 1 0.10753
177.71 2 0.0167357
177.81 1 0.10753
177.81 2 0.0167357
177.91 1 0.10753
177.91 2 0.0167357
178.01 1 0.10753
178.01 2 0.0167357
178.11 1 0.10753
178.11 2 0.0167357
178.21 1 0.10753
178.21 2 0.0167357
178.31 1 0.10753
178.31 2 0.0167357
178.41 1 0.10753
178.41 2 0.0167357
178.51 1 0.10753
178.51 2 0.0167357
178.61 1 0.10753
178.61 2 0.0167357
178.71 1 0.10753
178.71 2 0.0167357
178.81 1 0.10753
178.81 2 0.0167357
178.91 1 0.10753
178.91 2 0.0167357
179.01 1 0.10753
179.01 2 0.0167357
179.11 1 0.10753
179.11 2 0.0167357
179.21 1 0.10753
179.21 2 0.0167357
179.31 1 0.10753
179.31 2 0.0167357
179.41 1 0.10753
179.41 2 0.0167357
179.51 1 0.10753
179.51 2 0.0167357
179.61 1 0.10753
179.61 2 0.0167357
179.71 1 0.10753
179.71 2 0.0167357
179.81 1 0.10753
179.81 2 0.0167357
179.91 1 0.10753
179.91 2 0.0167357
180.01 1 0.10753
180.01 2 0.0167357
180.11 1 0.10753
180.11 2 0.0167357
180.21 1 0.10753
180.21 2 0.0167357
180.31 1 0.10753
180.31 2 0.0167357
180.41 1 0.10753
180.41 2 0.0167357
180.51 1 0.10753
180.51 2 0.0167357
180.61 1 0.10753
180.61 2 0.0167357
180.71 1 0.10753
180.71 2 0.0167357
180.81 1 0.10753
180.81 2 0.0167357
180.91 1 0.10753
180.91 2 0.0167357
181.01 1 0.10753
181.01 2 0.0167357
181.11 1 0.10753
181.11 2 0.0167357
181.21 1 0.10753
181.21 2 0.0167357
181.31 1 0.10753
181.31 2 0.0167357
181.41 1 0.10753
181.41 2 0.0167357
181.51 1 0.10753
181.51 2 0.0167357
181.61 1 0.10753
181.61 2 0.0167357
181.71 1 0.10753
181.71 2 0.0167357
181.81 1 0.10753
181.81 2 0.0167357
181.91 1 0.10753
181.91 2 0.0167357
182.01 1 0.10753
182.01 2 0.0167357
182.11 1 0.10753
182.11 2 0.0167357
182.21 1 0.10753
182.21 2 0.0167357
182.31 1 0.10753
182.31 2 0.0167357
182.41 1 0.10753
182.41 2 0.0167357
182.51 1 0.10753
182.51 2 0.0167357
182.61 1 0.10753
182.61 2 0.0167357
182.71 1 0.10753
182.71 2 0.0167357
182.81 1 0.10753
182.81 2 0.0167357
182.91 1 0.10753
182.91 2 0.0167357
183.01 1 0.10753
183.01 2 0.0167357
183.11 1 0.10753
183.11 2 0.0167357
183.21 1 0.10753
183.21 2 0.0167357
183.31 1 0.10753
183.31 2 0.0167357
183.41 1 0.10753
183.41 2 0.0167357
183.51 1 0.10753
183.51 2 0.0167357
183.61 1 0.10753
183.61 2 0.0167357
183.71 1 0.10753
183.71 2 0.0167357
183.81 1 0.10753
183.81 2 0.0167357
183.91 1 0.10753
183.91 2 0.0167357
184.01 1 0.10753
184.01 2 0.0167357
184.11 1 0.10753
184.11 2 0.0167357
184.21 1 0.10753
184.21 2 0.0167357
184.31 1 0.10753
184.31 2 0.0167357
184.41 1 0.10753
184.41 2 0.0167357
184.51 1 0.10753
184.51 2 0.0167357
184.61 1 0.10753
184.61 2 0.0167357
184.71 1 0.10753
184.71 2 0.0167357
184.81 1 0.10753
184.81 2 0.0167357
184.91 1 0.10753
184.91 2 0.0167357
185.01 1 0.10753
185.01 2 0.0167357
185.11 1 0.10753
185.11 2 0.0167357
185.21 1 0.10753
185.21 2 0.0167357
185.31 1 0.10753
185.31 2 0.0167357
185.41 1 0.10753
185.41 2 0.0167357
185.51 1 0.10753
185.51 2 0.0167357
185.61 1 0.10753
185.61 2 0.0167357
185.71 1 0.10753
185.71 2 0.0167357
185.81 1 0.10753
185.81 2 0.0167357
185.91 1 0.10753
185.91 2 0.0167357
186.01 1 0.10753
186.01 2 0.0167357
186.11 1 0.10753
186.11 2 0.0167357
186.21 1 0.10753
186.21 2 0.0167357
186.31 1 0.10753
186.31 2 0.0167357
186.41 1 0.10753
186.41 2 0.0167357
186.51 1 0.10753
186.51 2 0.0167357
186.61 1 0.10753
186.61 2 0.0167357
186.71 1 0.10753
186.71 2 0.0167357
186.81 1 0.10753
186.81 2 0.0167357
186.91 1 0.10753
186.91 2 0.0167357
187.01 1 0.10753
187.01 2 0.0167357
187.11 1 0.10753
187.11 2 0.0167357
187.21 1 0.10753
187.21 2 0.0167357
187.31 1 0.10753
187.31 2 0.0167357
187.41 1 0.10753
187.41 2 0.0167357
187.51 1 0.10753
187.51 2 0.0167357
187.61 1 0.10753
187.61 2 0.0167357
187.71 1 0.10753
187.71 2 0.0167357
187.81 1 0.10753
187.81 2 0.0167357
187.91 1 0.10753
187.91 2 0.0167357
188.01 1 0.10753
188.01 2 0.0167357
188.11 1 0.10753
188.11 2 0.0167357
188.21 1 0.10753
188.21 2 0.0167357
188.31 1 0.10753
188.31 2 0.0167357
188.41 1 0.10753
188.41 2 0.0167357
188.51 1 0.10753
188.51 2 0.0167357
188.61 1 0.10753
188.61 2 0.0167357
188.71 1 0.10753
188.71 2 0.0167357
188.81 1 0.10753
188.81 2 0.0167357
188.91 1 0.10753
188.91 2 0.0167357
189.01 1 0.10753
189.01 2 0.0167357
189.11 1 0.10753
189.11 2 0.0167357
189.21 1 0.10753
189.21 2 0.0167357
189.31 1 0.10753
189.31 2 0.0167357
189.41 1 0.10753
189.41 2 0.0167357
189.51 1 0.10753
189.51 2 0.0167357
189.61 1 0.10753
189.61 2 0.0167357
189.71 1 0.10753
189.71 2 0.0167357
189.81 1 0.10753
189.81 2 0.0167357
189.91 1 0.10753
189.91 2 0.0167357
190.01 1 0.10753
190.01 2 0.0167357
190.11 1 0.10753
190.11 2 0.0167357
190.21 1 0.10753
190.21 2 0.0167357
190.31 1 0.10753
190.31 2 0.0167357
190.41 1 0.10753
190.41 2 0.0167357
190.51 1 0.10753
190.51 2 0.0167357
190.61 1 0.10753
190.61 2 0.0167357
190.71 1 0.10753
190.71 2 0.0167357
190.81 1 0.10753
190.81 2 0.0167357
190.91 1 0.10753
190.91 2 0.0167357
191.01 1 0.10753
191.01 2 0.0167357
191.11 1 0.10753
191.11 2 0.0167357
191.21 1 0.10753
191.21 2 0.0167357
191.31 1 0.10753
191.31 2 0.0167357
191.41 1 0.10753
191.41 2 0.0167357
191.51 1 0.10753
191.51 2 0.0167357
191.61 1 0.10753
191.61 2 0.0167357
191.71 1 0.10753
191.71 2 0.0167357
191.81 1 0.10753
191.81 2 0.0167357
191.91 1 0.10753
191.91 2 0.0167357
192.01 1 0.10753
192.01 2 0.0167357
192.11 1 0.10753
192.11 2 0.0167357
192.21 1 0.10753
192.21 2 0.0167357
192.31 1 0.10753
192.31 2 0.0167357
192.41 1 0.10753
192.41 2 0.0167357
192.51 1 0.10753
192.51 2 0.0167357
192.61 1 0.10753
192.61 2 0.0167357
192.71 1 0.10753
192.71 2 0.0167357
192.81 1 0.10753
192.81 2 0.0167357
192.91 1 0.10753
192.91 2 0.0167357
193.01 1 0.10753
193.01 2 0.0167357
193.11 1 0.10753
193.11 2 0.0167357
193.21 1 0.10753
193.21 2 0.0167357
193.31 1 0.10753
193.31 2 0.0167357
193.41 1 0.10753
193.41 2 0.0167357
193.51 1 0.10753
193.51 2 0.0167357
193.61 1 0.10753
193.61 2 0.0167357
193.71 1 0.10753
193.71 2 0.0167357
193.81 1 0.10753
193.81 2 0.0167357
193.91 1 0.10753
193.91 2 0.0167357
194.01 1 0.10753
194.01 2 0.0167357
194.11 1 0.10753
194.11 2 0.0167357
194.21 1 0.10753
194.21 2 0.0167357
194.31 1 0.10753
194.31 2 0.0167357
194.41 1 0.10753
194.41 2 0.0167357
194.51 1 0.10753
194.51 2 0.0167357
194.61 1 0.10753
194.61 2 0.0167357
194.71 1 0.10753
194.71 2 0.0167357
194.81 1 0.10753
194.81 2 0.0167357
194.91 1 0.10753
194.91 2 0.0167357
195.01 1 0.10753
195.01 2 0.0167357
195.11 1 0.10753
195.11 2 0.0167357
195.21 1 0.10753
195.21 2 0.0167357
195.31 1 0.10753
195.31 2 0.0167357
195.41 1 0.10753
195.41 2 0.0167357
195.51 1 0.10753
195.51 2 0.0167357
195.61 1 0.10753
195.61 2 0.0167357
195.71 1 0.10753
195.71 2 0.0167357
195.81 1 0.10753
195.81 2 0.0167357
195.91 1 0.10753
195.91 2 0.0167357
196.01 1 0.10753
196.01 2 0.0167357
196.11 1 0.10753
196.11 2 0.0167357
196.21 1 0.10753
196.21 2 0.0167357
196.31 1 0.10753
196.31 2 0.0167357
196.41 1 0.10753
196.41 2 0.0167357
196.51 1 0.10753
196.51 2 0.0167357
196.61 1 0.10753
196.61 2 0.0167357
196.71 1 0.10753
196.71 2 0.0167357
196.81 1 0.10753
196.81 2 0.0167357
196.91 1 0.10753
196.91 2 0.0167357
197.01 1 0.10753
197.01 2 0.0167357
197.11 1 0.10753
197.11 2 0.0167357
197.21 1 0.10753
197.21 2 0.0167357
197.31 1 0.10753
197.31 2 0.0167357
197.41 1 0.10753
197.41 2 0.0167357
197.51 1 0.10753
197.51 2 0.0167357
197.61 1 0.10753
197.61 2 0.0167357
197.71 1 0.10753
197.71 2 0.0167357
197.81 1 0.10753
197.81 2 0.0167357
197.91 1 0.10753
197.91 2 0.0167357
198.01 1 0.10753
198.01 2 0.0167357
198.11 1 0.10753
198.11 2 0.0167357
198.21 1 0.10753
198.21 2 0.0167357
198.31 1 0.10753
198.31 2 0.0167357
198.41 1 0.10753
198.41 2 0.0167357
198.51 1 0.10753
198.51 2 0.0167357
198.61 1 0.10753
198.61 2 0.0167357
198.71 1 0.10753
198.71 2 0.0167357
198.81 1 0.10753
198.81 2 0.0167357
198.91 1 0.10753
198.91 2 0.0167357
199.01 1 0.10753
199.01 2 0.0167357
199.11 1 0.10753
199.11 2 0.0167357
199.21 1 0.10753
199.21 2 0.0167357
199.31 1 0.10753
199.31 2 0.0167357
199.41 1 0.10753
199.41 2 0.0167357
199.51 1 0.10753
199.51 2 0.0167357
199.61 1 0.10753
199.61 2 0.0167357
199.71 1 0.10753
199.71 2 0.0167357
199.81 1 0.10753
199.81 2 0.0167357
199.91 1 0.10753
199.91 2 0.0167357
200.01 1 0.10753
200.01 2 0.0167357
200.11 1 0.10753
200.11 2 0.0167357
200.21 1 0.10753
200.21 2 0.0167357
200.31 1 0.10753
200.31 2 0.0167357
200.41 1 0.10753
200.41 2 0.0167357
200.51 1 0.10753
200.51 2 0.0167357
200.61 1 0.10753
200.61 2 0.0167357
200.71 1 0.10753
200.71 2 0.0167357
200.81 1 0.10753
200.81 2 0.0167357
200.91 1 0.10753
200.91 2 0.0167357
