0.0 0
0.114139 4294967295
0.219108 4294967295
0.226294 4294967295
0.233491 4294967295
0.240689 4294967295
0.247886 4294967295
0.674934 4294967295
0.678532 4294967295
0.689328 4294967295
0.692927 4294967295
0.696525 4294967295
0.700124 4294967295
0.703723 4294967295
0.707321 4294967295
0.743905 4294967295
0.747504 4294967295
0.751102 4294967295
0.754701 4294967295
0.7583 4294967295
0.761898 4294967295
0.769105 4294967295
0.772704 4294967295
0.772704 4294967295
0.776302 4294967295
0.776302 4294967295
0.779891 4294967295
0.779891 4294967295
0.779891 4294967295
1.93444 4294967295
1.93444 4294967295
1.93804 4294967295
1.94164 4294967295
1.94524 4294967295
1.94884 4294967295
1.95244 4294967295
1.95604 4294967295
1.95963 4294967295
1.96323 4294967295
1.96683 4294967295
1.97043 4294967295
1.97403 4294967295
1.97763 4294967295
1.98123 4294967295
1.98482 4294967295
1.98842 4294967295
2.03221 4294967295
2.03221 4294967295
2.03581 4294967295
2.03581 4294967295
2.0394 4294967295
2.0394 4294967295
2.0394 4294967295
2.8317 4294967295
2.8317 4294967295
2.8353 4294967295
2.8389 4294967295
2.8425 4294967295
2.8461 4294967295
2.8497 4294967295
2.85329 4294967295
2.89348 4294967295
2.89707 4294967295
2.90067 4294967295
2.90427 4294967295
2.90787 4294967295
2.91147 4294967295
2.91507 4294967295
2.91867 4294967295
2.92227 4294967295
2.92586 4294967295
2.92947 4294967295
2.92947 4294967295
2.93307 4294967295
2.93307 4294967295
2.93666 4294967295
2.93666 4294967295
2.93666 4294967295
4.09121 4294967295
4.09121 4294967295
4.09481 4294967295
4.09841 4294967295
4.10201 4294967295
4.10561 4294967295
4.10921 4294967295
4.1128 4294967295
4.1164 4294967295
4.12 4294967295
4.1236 4294967295
4.1272 4294967295
4.1308 4294967295
4.1344 4294967295
4.13799 4294967295
4.14159 4294967295
4.14519 4294967295
4.14879 4294967295
4.15239 4294967295
4.18898 4294967295
4.18898 4294967295
4.19258 4294967295
4.19258 4294967295
4.19617 4294967295
4.19617 4294967295
4.19617 4294967295
4.43129 4294967295
4.43489 4294967295
4.43849 4294967295
4.44209 4294967295
4.44569 4294967295
4.44929 4294967295
4.45289 4294967295
4.45649 4294967295
4.46008 4294967295
4.46368 4294967295
4.46728 4294967295
4.47088 4294967295
4.47448 4294967295
4.50746 4294967295
4.51106 4294967295
4.51466 4294967295
4.51826 4294967295
4.52547 4294967295
4.52906 4294967295
4.52906 4294967295
4.53266 4294967295
4.53266 4294967295
4.53625 4294967295
4.53625 4294967295
4.53625 4294967295
4.85114 4294967295
4.85114 4294967295
4.85474 4294967295
4.85834 4294967295
4.86194 4294967295
4.86554 4294967295
4.86914 4294967295
4.87274 4294967295
4.87633 4294967295
4.87993 4294967295
4.88353 4294967295
4.88713 4294967295
4.89073 4294967295
4.89433 4294967295
4.89793 4294967295
4.90152 4294967295
4.90512 4294967295
4.90872 4294967295
4.91593 4294967295
4.91953 4294967295
4.92313 4294967295
4.92313 4294967295
4.9525 4294967295
4.9525 4294967295
4.9567 4294967295
4.9567 4294967295
4.9567 4294967295
5.18402 4294967295
5.18402 4294967295
5.18762 4294967295
5.19841 4294967295
5.20201 4294967295
5.20561 4294967295
5.20921 4294967295
5.21281 4294967295
5.21641 4294967295
5.22001 4294967295
5.2236 4294967295
5.2272 4294967295
5.2308 4294967295
5.2344 4294967295
5.238 4294967295
5.2416 4294967295
5.2452 4294967295
5.24879 4294967295
5.27458 4294967295
5.27818 4294967295
5.28179 4294967295
5.28539 4294967295
5.28539 4294967295
5.28898 4294967295
5.28898 4294967295
5.28898 4294967295
5.45873 4294967295
5.46233 4294967295
5.46593 4294967295
5.48451 4294967295
5.49891 4294967295
5.50251 4294967295
5.50611 4294967295
5.50971 4294967295
5.51331 4294967295
5.5169 4294967295
5.5205 4294967295
5.5241 4294967295
5.5277 4294967295
5.5313 4294967295
5.5349 4294967295
5.5385 4294967295
5.5421 4294967295
5.54569 4294967295
5.5565 4294967295
5.5601 4294967295
5.56369 4294967295
5.56369 4294967295
5.56369 4294967295
6.07349 4294967295
6.09928 4294967295
6.10288 4294967295
6.10648 4294967295
6.11008 4294967295
6.11367 4294967295
6.11727 4294967295
6.12087 4294967295
6.12447 4294967295
6.12807 4294967295
6.13167 4294967295
6.13527 4294967295
6.13887 4294967295
6.14246 4294967295
6.14606 4294967295
6.14966 4294967295
6.15326 4294967295
6.16046 4294967295
6.16766 4294967295
6.17126 4294967295
6.17486 4294967295
6.17486 4294967295
6.17845 4294967295
6.17845 4294967295
6.17845 4294967295
6.3554 4294967295
6.37038 4294967295
6.37398 4294967295
6.39198 4294967295
6.39558 4294967295
6.39918 4294967295
6.40278 4294967295
6.40638 4294967295
6.40998 4294967295
6.41357 4294967295
6.41717 4294967295
6.42077 4294967295
6.42437 4294967295
6.42797 4294967295
6.43157 4294967295
6.43517 4294967295
6.43876 4294967295
6.44236 4294967295
6.44957 4294967295
6.45317 4294967295
6.45677 4294967295
6.45677 4294967295
6.46036 4294967295
6.46036 4294967295
6.46036 4294967295
6.83283 4294967295
6.83643 4294967295
6.84002 4294967295
6.84362 4294967295
6.84722 4294967295
6.85082 4294967295
6.85442 4294967295
6.85802 4294967295
6.86162 4294967295
6.8874 4294967295
6.891 4294967295
6.8946 4294967295
6.8982 4294967295
6.9018 4294967295
6.9054 4294967295
6.909 4294967295
6.91259 4294967295
6.91619 4294967295
6.91979 4294967295
6.927 4294967295
6.9306 4294967295
6.9306 4294967295
6.9342 4294967295
6.9342 4294967295
6.93778 4294967295
6.93778 4294967295
6.93778 4294967295
7.94 4294967295
7.94 4294967295
7.9436 4294967295
7.95081 4294967295
7.9544 4294967295
7.958 4294967295
7.9616 4294967295
7.9652 4294967295
7.9688 4294967295
7.9724 4294967295
7.976 4294967295
7.97959 4294967295
7.98319 4294967295
8.00898 4294967295
8.00898 4294967295
8.01258 4294967295
8.01258 4294967295
8.01258 4294967295
8.01618 4294967295
8.01618 4294967295
8.01618 4294967295
8.01978 4294967295
8.01978 4294967295
8.01978 4294967295
8.02338 4294967295
8.02338 4294967295
8.02338 4294967295
8.02697 4294967295
8.02697 4294967295
8.02697 4294967295
8.03057 4294967295
8.03057 4294967295
8.03057 4294967295
8.03417 4294967295
8.03417 4294967295
8.03417 4294967295
8.03778 4294967295
8.03778 4294967295
8.03778 4294967295
8.04138 4294967295
8.04138 4294967295
8.04138 4294967295
8.04497 4294967295
8.04497 4294967295
8.04857 4294967295
8.14274 4294967295
8.14274 4294967295
9.76389 4294967295
9.76749 4294967295
9.77109 4294967295
9.77469 4294967295
9.77829 4294967295
9.78189 4294967295
9.78548 4294967295
9.78908 4294967295
9.79988 4294967295
9.80348 4294967295
9.80708 4294967295
9.81067 4294967295
9.81427 4294967295
9.81787 4294967295
9.82147 4294967295
9.82507 4294967295
9.84006 4294967295
9.84366 4294967295
9.84726 4294967295
9.85086 4294967295
9.85806 4294967295
9.86166 4294967295
9.86166 4294967295
9.86526 4294967295
9.86526 4294967295
9.86885 4294967295
9.86885 4294967295
9.86885 4294967295
10.1148 4294967295
10.1364 4294967295
10.1364 4294967295
10.1364 4294967295
10.14 4294967295
10.14 4294967295
10.1472 4294967295
10.1472 4294967295
10.1508 4294967295
10.1508 4294967295
10.1544 4294967295
10.1544 4294967295
10.1544 4294967295
10.1766 4294967295
10.1766 4294967295
10.1766 4294967295
10.1802 4294967295
10.1802 4294967295
10.1802 4294967295
10.1838 4294967295
10.1838 4294967295
10.1838 4294967295
10.1874 4294967295
10.1874 4294967295
10.1874 4294967295
10.1909 4294967295
10.1909 4294967295
10.1909 4294967295
10.1945 4294967295
10.1945 4294967295
10.1945 4294967295
10.1981 4294967295
10.1981 4294967295
10.1981 4294967295
10.2017 4294967295
10.2017 4294967295
10.2017 4294967295
10.2053 4294967295
10.2053 4294967295
10.2053 4294967295
10.2089 4294967295
10.2089 4294967295
10.2089 4294967295
10.2125 4294967295
10.2125 4294967295
10.2125 4294967295
10.2161 4294967295
10.2161 4294967295
10.2161 4294967295
10.2413 4294967295
10.2413 4294967295
10.2413 4294967295
10.3139 4294967295
10.3139 4294967295
10.3139 4294967295
10.3211 4294967295
20.6412 4294967295
20.6412 4294967295
20.6448 4294967295
20.6448 4294967295
20.7326 4294967295
20.7425 4294967295
21.5306 4294967295
21.5306 4294967295
21.5342 4294967295
21.5564 4294967295
21.56 4294967295
21.5636 4294967295
21.5672 4294967295
21.5708 4294967295
21.5744 4294967295
21.578 4294967295
21.5816 4294967295
21.5852 4294967295
21.5888 4294967295
21.5924 4294967295
21.596 4294967295
21.5996 4294967295
21.6032 4294967295
21.6068 4294967295
21.6104 4294967295
21.614 4294967295
21.6176 4294967295
21.6212 4294967295
21.6248 4294967295
21.6284 4294967295
21.6284 4294967295
21.632 4294967295
21.632 4294967295
21.6356 4294967295
21.6356 4294967295
21.6356 4294967295
22.2539 4294967295
22.2725 4294967295
22.2761 4294967295
22.2869 4294967295
22.2905 4294967295
22.2941 4294967295
22.2977 4294967295
22.3013 4294967295
22.3049 4294967295
22.3085 4294967295
22.3121 4294967295
22.3157 4294967295
22.3193 4294967295
22.3229 4294967295
22.3265 4294967295
22.3301 4294967295
22.3337 4294967295
22.3373 4294967295
22.3409 4294967295
22.3445 4294967295
22.3481 4294967295
22.3517 4294967295
22.3553 4294967295
22.3553 4294967295
22.3589 4294967295
22.3589 4294967295
22.3595 4294967295
22.3595 4294967295
22.3595 4294967295
23.9003 4294967295
23.9003 4294967295
23.9039 4294967295
23.9075 4294967295
23.9111 4294967295
23.9147 4294967295
23.9183 4294967295
23.9219 4294967295
23.9327 4294967295
23.9363 4294967295
23.9399 4294967295
23.9435 4294967295
23.9471 4294967295
23.9507 4294967295
23.9543 4294967295
23.9579 4294967295
23.9615 4294967295
23.9651 4294967295
23.9765 4294967295
23.98 4294967295
23.9836 4294967295
23.9872 4294967295
23.9908 4294967295
23.9944 4294967295
23.9981 4294967295
23.9981 4294967295
24.0017 4294967295
24.0017 4294967295
24.0052 4294967295
24.0052 4294967295
24.0052 4294967295
24.3201 4294967295
24.3201 4294967295
24.3237 4294967295
24.3273 4294967295
24.3309 4294967295
24.3345 4294967295
24.3381 4294967295
24.3417 4294967295
24.3453 4294967295
24.3489 4294967295
24.3525 4294967295
24.3561 4294967295
24.3597 4294967295
24.3633 4294967295
24.3669 4294967295
24.3705 4294967295
24.3741 4294967295
24.3777 4294967295
24.3813 4294967295
24.3849 4294967295
24.3885 4294967295
24.3921 4294967295
24.3957 4294967295
24.4029 4294967295
24.4065 4294967295
24.4179 4294967295
24.4179 4294967295
24.4215 4294967295
24.4215 4294967295
24.4257 4294967295
24.4257 4294967295
24.4257 4294967295
24.5954 4294967295
24.5954 4294967295
24.599 4294967295
24.6026 4294967295
24.6062 4294967295
24.6098 4294967295
24.6134 4294967295
24.617 4294967295
24.6278 4294967295
24.6314 4294967295
24.6356 4294967295
24.6392 4294967295
24.6428 4294967295
24.6464 4294967295
24.65 4294967295
24.6536 4294967295
24.6572 4294967295
24.6608 4294967295
24.6644 4294967295
24.668 4294967295
24.6716 4294967295
24.6752 4294967295
24.6788 4294967295
24.6824 4294967295
24.686 4294967295
24.6896 4294967295
24.6932 4294967295
24.6932 4294967295
24.6968 4294967295
24.6968 4294967295
24.7004 4294967295
24.7004 4294967295
24.7004 4294967295
24.9103 4294967295
24.9103 4294967295
24.9139 4294967295
24.9175 4294967295
24.9211 4294967295
24.9247 4294967295
24.9283 4294967295
24.9319 4294967295
24.9355 4294967295
24.9391 4294967295
24.9463 4294967295
24.9499 4294967295
24.9535 4294967295
24.9571 4294967295
24.9607 4294967295
24.9643 4294967295
24.9679 4294967295
24.9715 4294967295
24.9751 4294967295
24.9787 4294967295
24.9859 4294967295
24.9895 4294967295
24.9931 4294967295
24.9967 4294967295
25.0003 4294967295
25.0081 4294967295
25.0117 4294967295
25.0153 4294967295
25.0153 4294967295
25.0153 4294967295
25.308 4294967295
25.3116 4294967295
25.3152 4294967295
25.326 4294967295
25.3296 4294967295
25.3332 4294967295
25.3368 4294967295
25.3404 4294967295
25.344 4294967295
25.3476 4294967295
25.3512 4294967295
25.3548 4294967295
25.3583 4294967295
25.3619 4294967295
25.3655 4294967295
25.3691 4294967295
25.3727 4294967295
25.3763 4294967295
25.3799 4294967295
25.3871 4294967295
25.3907 4294967295
25.3943 4294967295
25.3979 4294967295
25.4015 4294967295
25.4051 4294967295
25.4087 4294967295
25.4123 4294967295
25.4123 4294967295
25.4129 4294967295
25.4129 4294967295
25.4129 4294967295
25.6438 4294967295
25.6438 4294967295
25.6474 4294967295
25.651 4294967295
25.6546 4294967295
25.6582 4294967295
25.6618 4294967295
25.6654 4294967295
25.669 4294967295
25.6726 4294967295
25.6762 4294967295
25.6798 4294967295
25.6834 4294967295
25.687 4294967295
25.6906 4294967295
25.6942 4294967295
25.6978 4294967295
25.7014 4294967295
25.705 4294967295
25.7086 4294967295
25.7122 4294967295
25.7158 4294967295
25.7194 4294967295
25.723 4294967295
25.7266 4294967295
25.7302 4294967295
25.7344 4294967295
25.738 4294967295
25.7416 4294967295
25.7416 4294967295
25.7452 4294967295
25.7452 4294967295
25.7488 4294967295
25.7488 4294967295
25.7488 4294967295
26.1201 4294967295
26.1237 4294967295
26.1273 4294967295
26.1309 4294967295
26.1345 4294967295
26.1381 4294967295
26.1417 4294967295
26.1453 4294967295
26.1489 4294967295
26.1525 4294967295
26.1561 4294967295
26.1597 4294967295
26.1669 4294967295
26.1705 4294967295
26.1741 4294967295
26.1777 4294967295
26.1813 4294967295
26.1849 4294967295
26.1885 4294967295
26.1957 4294967295
26.1993 4294967295
26.2029 4294967295
26.2065 4294967295
26.2101 4294967295
26.2143 4294967295
26.2143 4294967295
26.2143 4294967295
26.2179 4294967295
26.2179 4294967295
26.2179 4294967295
26.2215 4294967295
26.2215 4294967295
26.2215 4294967295
26.225 4294967295
26.225 4294967295
26.2256 4294967295
26.2286 4294967295
26.2718 4294967295
26.3264 4294967295
26.3264 4294967295
27.0611 4294967295
27.0611 4294967295
27.0647 4294967295
27.0683 4294967295
27.0719 4294967295
27.0755 4294967295
27.0791 4294967295
27.0827 4294967295
27.0863 4294967295
27.0899 4294967295
27.0935 4294967295
27.0971 4294967295
27.1007 4294967295
27.1043 4294967295
27.1079 4294967295
27.1115 4294967295
27.1151 4294967295
27.1187 4294967295
27.1223 4294967295
27.1259 4294967295
27.1295 4294967295
27.1331 4294967295
27.1367 4294967295
27.1403 4294967295
27.1439 4294967295
27.1475 4294967295
27.1511 4294967295
27.1547 4294967295
27.1583 4294967295
27.1619 4294967295
27.1619 4294967295
27.1655 4294967295
27.1655 4294967295
27.1661 4294967295
27.1661 4294967295
27.1661 4294967295
27.3964 4294967295
27.4 4294967295
27.4036 4294967295
27.4072 4294967295
27.4108 4294967295
27.4144 4294967295
27.418 4294967295
27.4216 4294967295
27.4252 4294967295
27.4288 4294967295
27.4324 4294967295
27.436 4294967295
27.4396 4294967295
27.4432 4294967295
27.4468 4294967295
27.4504 4294967295
27.454 4294967295
27.4576 4294967295
27.4612 4294967295
27.4648 4294967295
27.4684 4294967295
27.472 4294967295
27.4756 4294967295
27.4792 4294967295
27.4828 4294967295
27.4864 4294967295
27.49 4294967295
27.4936 4294967295
27.4972 4294967295
27.4972 4294967295
27.5008 4294967295
27.5008 4294967295
27.5044 4294967295
27.5044 4294967295
27.582 4294967295
27.6021 4294967295
29.4203 4294967295
29.4203 4294967295
29.4239 4294967295
29.4239 4294967295
29.5217 4294967295
29.5217 4294967295
29.5258 4294967295
29.5258 4294967295
29.5258 4294967295
30.9041 4294967295
30.9041 4294967295
30.9077 4294967295
30.9983 4294967295
30.9983 4294967295
31.0019 4294967295
31.0019 4294967295
31.0091 4294967295
31.0091 4294967295
31.0091 4294967295
32.6374 4294967295
32.7316 4294967295
32.7352 4294967295
32.7352 4294967295
32.7388 4294967295
32.7388 4294967295
32.7424 4294967295
32.7424 4294967295
32.7424 4294967295
33.2744 4294967295
33.4987 4294967295
40.1422 4294967295
40.1422 4294967295
40.2256 4294967295
40.2292 4294967295
40.24 4294967295
40.24 4294967295
40.2436 4294967295
40.2436 4294967295
40.2472 4294967295
40.2472 4294967295
40.2472 4294967295
40.667 4294967295
40.667 4294967295
40.6706 4294967295
40.6778 4294967295
40.6814 4294967295
40.7648 4294967295
40.7648 4294967295
40.7684 4294967295
40.7684 4294967295
40.7726 4294967295
40.7726 4294967295
40.7726 4294967295
41.319 4294967295
41.319 4294967295
41.3226 4294967295
41.3262 4294967295
41.4089 4294967295
41.4125 4294967295
41.4167 4294967295
41.4167 4294967295
41.4203 4294967295
41.4203 4294967295
41.4239 4294967295
41.4239 4294967295
41.4239 4294967295
44.0479 4294967295
44.0479 4294967295
44.0515 4294967295
44.0551 4294967295
44.0587 4294967295
44.0623 4294967295
44.0659 4294967295
44.1457 4294967295
44.1457 4294967295
44.1492 4294967295
44.1492 4294967295
44.1528 4294967295
44.1528 4294967295
44.1528 4294967295
45.4447 4294967295
45.4447 4294967295
45.4483 4294967295
45.4519 4294967295
45.4555 4294967295
45.4591 4294967295
45.4627 4294967295
45.4663 4294967295
45.4699 4294967295
45.4699 4294967295
45.5461 4294967295
45.5461 4294967295
45.5497 4294967295
45.5497 4294967295
45.5497 4294967295
49.853 4294967295
50.0881 4294967295
52.198 4294967295
52.198 4294967295
52.2016 4294967295
52.2052 4294967295
52.2088 4294967295
52.2124 4294967295
52.216 4294967295
52.2232 4294967295
52.2268 4294967295
52.2304 4294967295
52.2304 4294967295
52.234 4294967295
52.234 4294967295
52.303 4294967295
52.303 4294967295
52.303 4294967295
53.2836 4294967295
53.2836 4294967295
53.2872 4294967295
53.2908 4294967295
53.2944 4294967295
53.298 4294967295
53.3016 4294967295
53.3052 4294967295
53.3088 4294967295
53.3124 4294967295
53.3814 4294967295
53.3814 4294967295
53.385 4294967295
53.385 4294967295
53.3886 4294967295
53.3886 4294967295
53.3886 4294967295
54.0399 4294967295
54.0435 4294967295
54.0471 4294967295
54.0507 4294967295
54.1161 4294967295
54.1197 4294967295
54.1233 4294967295
54.1269 4294967295
54.1341 4294967295
54.1377 4294967295
54.1377 4294967295
54.1413 4294967295
54.1413 4294967295
54.1449 4294967295
54.1449 4294967295
54.1449 4294967295
55.7408 4294967295
55.7408 4294967295
55.7444 4294967295
55.748 4294967295
55.7516 4294967295
55.817 4294967295
55.8206 4294967295
55.8242 4294967295
55.8278 4294967295
55.8314 4294967295
55.835 4294967295
55.8386 4294967295
55.8386 4294967295
55.8422 4294967295
55.8422 4294967295
55.8458 4294967295
55.8458 4294967295
55.8458 4294967295
56.4936 4294967295
56.4936 4294967295
56.4972 4294967295
56.5008 4294967295
56.5044 4294967295
56.508 4294967295
56.5116 4294967295
56.5152 4294967295
56.5188 4294967295
56.5224 4294967295
56.5296 4294967295
56.5949 4294967295
56.5985 4294967295
56.5985 4294967295
56.6021 4294967295
56.6021 4294967295
56.7035 4294967295
56.7035 4294967295
56.7071 4294967295
56.7071 4294967295
56.7107 4294967295
56.7107 4294967295
56.7985 4294967295
56.8085 4294967295
56.935 4294967295
56.935 4294967295
56.9386 4294967295
56.9422 4294967295
57.0085 4294967295
57.0328 4294967295
57.0328 4294967295
57.0364 4294967295
57.0364 4294967295
57.04 4294967295
57.04 4294967295
57.04 4294967295
59.1062 4294967295
59.1098 4294967295
59.1134 4294967295
59.2003 4294967295
59.2039 4294967295
59.2039 4294967295
59.2075 4294967295
59.2075 4294967295
59.2111 4294967295
59.2111 4294967295
59.2111 4294967295
60.4233 4294967295
60.5066 4294967295
60.5102 4294967295
60.5174 4294967295
60.521 4294967295
60.521 4294967295
60.5246 4294967295
60.5246 4294967295
60.5282 4294967295
60.5282 4294967295
60.5282 4294967295
60.7417 4294967295
60.7453 4294967295
60.7489 4294967295
60.8359 4294967295
60.8395 4294967295
60.8395 4294967295
60.8431 4294967295
60.8431 4294967295
60.8467 4294967295
60.8467 4294967295
60.8467 4294967295
61.8201 4294967295
61.8201 4294967295
61.8237 4294967295
61.8273 4294967295
61.8309 4294967295
61.8345 4294967295
61.9179 4294967295
61.9179 4294967295
61.9215 4294967295
61.9215 4294967295
61.9251 4294967295
61.9251 4294967295
61.9251 4294967295
64.6468 4294967295
64.6468 4294967295
64.6504 4294967295
64.654 4294967295
64.6576 4294967295
64.6612 4294967295
64.6648 4294967295
64.6684 4294967295
64.6684 4294967295
64.672 4294967295
64.672 4294967295
64.7518 4294967295
64.7518 4294967295
64.7518 4294967295
64.9941 4294967295
64.9941 4294967295
65.0702 4294967295
65.0738 4294967295
65.0774 4294967295
65.081 4294967295
65.0846 4294967295
65.0882 4294967295
65.0954 4294967295
65.0954 4294967295
65.099 4294967295
65.099 4294967295
65.099 4294967295
65.5297 4294967295
65.5333 4294967295
65.5369 4294967295
65.5405 4294967295
65.5441 4294967295
65.5477 4294967295
65.6238 4294967295
65.6274 4294967295
65.6274 4294967295
65.631 4294967295
65.631 4294967295
65.6346 4294967295
65.6346 4294967295
65.6346 4294967295
66.4671 4294967295
66.4671 4294967295
66.4707 4294967295
66.4743 4294967295
66.4779 4294967295
66.4815 4294967295
66.4851 4294967295
66.4887 4294967295
66.4923 4294967295
66.4959 4294967295
66.4959 4294967295
66.4995 4294967295
66.4995 4294967295
66.5721 4294967295
66.5721 4294967295
66.5721 4294967295
66.713 4294967295
66.782 4294967295
66.7892 4294967295
66.7928 4294967295
66.7964 4294967295
66.8 4294967295
66.8072 4294967295
66.8108 4294967295
66.8144 4294967295
66.8144 4294967295
66.818 4294967295
66.818 4294967295
66.818 4294967295
66.9374 4294967295
66.941 4294967295
66.9446 4294967295
66.9482 4294967295
66.9518 4294967295
66.9991 4294967295
67.0027 4294967295
67.0315 4294967295
67.0351 4294967295
67.0351 4294967295
67.0387 4294967295
67.0387 4294967295
67.0423 4294967295
67.0423 4294967295
67.0423 4294967295
67.1617 4294967295
67.1653 4294967295
67.1689 4294967295
67.1725 4294967295
67.1761 4294967295
67.2451 4294967295
67.2487 4294967295
67.2559 4294967295
67.2595 4294967295
67.2595 4294967295
67.2631 4294967295
67.2631 4294967295
67.2666 4294967295
67.2666 4294967295
67.2666 4294967295
67.6031 4294967295
67.6031 4294967295
67.6067 4294967295
67.6103 4294967295
67.6139 4294967295
67.6175 4294967295
67.6865 4294967295
67.6901 4294967295
67.6937 4294967295
67.6973 4294967295
67.7009 4294967295
67.7009 4294967295
67.7045 4294967295
67.7045 4294967295
67.7081 4294967295
67.7081 4294967295
67.7081 4294967295
68.7577 4294967295
68.7577 4294967295
68.7613 4294967295
68.7649 4294967295
68.7685 4294967295
68.7721 4294967295
68.7757 4294967295
68.7793 4294967295
68.7829 4294967295
68.7901 4294967295
68.7937 4294967295
68.8555 4294967295
68.8555 4294967295
68.859 4294967295
68.859 4294967295
68.8632 4294967295
68.8632 4294967295
68.8632 4294967295
68.9604 4294967295
69.0042 4294967295
69.0042 4294967295
69.102 4294967295
69.102 4294967295
69.1056 4294967295
69.1056 4294967295
69.1091 4294967295
69.1091 4294967295
69.1091 4294967295
70.097 4294967295
70.1006 4294967295
70.1042 4294967295
70.1078 4294967295
70.1114 4294967295
70.115 4294967295
70.1186 4294967295
70.1803 4294967295
70.1839 4294967295
70.1911 4294967295
70.1947 4294967295
70.1947 4294967295
70.1983 4294967295
70.1983 4294967295
70.2019 4294967295
70.2019 4294967295
70.2019 4294967295
70.4155 4294967295
70.4155 4294967295
70.4191 4294967295
70.4227 4294967295
70.4263 4294967295
70.4299 4294967295
70.4335 4294967295
70.437 4294967295
70.4406 4294967295
70.4442 4294967295
70.4478 4294967295
70.4514 4294967295
70.5132 4294967295
70.5132 4294967295
70.5168 4294967295
70.5168 4294967295
70.5204 4294967295
70.5204 4294967295
70.5204 4294967295
71.0668 4294967295
71.0704 4294967295
71.074 4294967295
71.0776 4294967295
71.0812 4294967295
71.0848 4294967295
71.143 4294967295
71.1466 4294967295
71.1538 4294967295
71.161 4294967295
71.1646 4294967295
71.1682 4294967295
71.1682 4294967295
71.1718 4294967295
71.1718 4294967295
71.1718 4294967295
74.5196 4294967295
74.5196 4294967295
74.5232 4294967295
74.5304 4294967295
74.534 4294967295
74.5376 4294967295
74.5412 4294967295
74.5448 4294967295
74.5484 4294967295
74.552 4294967295
74.5556 4294967295
74.5592 4294967295
74.5628 4294967295
74.6174 4294967295
74.6174 4294967295
74.621 4294967295
74.621 4294967295
74.6246 4294967295
74.6246 4294967295
74.6246 4294967295
74.8561 4294967295
74.8561 4294967295
74.8597 4294967295
74.8633 4294967295
74.8669 4294967295
74.8705 4294967295
74.8741 4294967295
74.8777 4294967295
74.8813 4294967295
74.8813 4294967295
74.8813 4294967295
74.9359 4294967295
74.9359 4294967295
74.9359 4294967295
74.9395 4294967295
74.9395 4294967295
74.9395 4294967295
74.9431 4294967295
74.9431 4294967295
74.9431 4294967295
74.9467 4294967295
74.9467 4294967295
74.9467 4294967295
74.9503 4294967295
74.9503 4294967295
74.9503 4294967295
74.9575 4294967295
74.9575 4294967295
74.9575 4294967295
74.9611 4294967295
74.9611 4294967295
74.9647 4294967295
74.9647 4294967295
75.0553 4294967295
75.0553 4294967295
75.0553 4294967295
75.276 4294967295
75.276 4294967295
75.2796 4294967295
75.2832 4294967295
75.2868 4294967295
75.2904 4294967295
75.294 4294967295
75.2976 4294967295
75.3012 4294967295
75.3048 4294967295
75.3084 4294967295
75.312 4294967295
75.3156 4294967295
75.3192 4294967295
75.3228 4294967295
75.3737 4294967295
75.3737 4294967295
75.3773 4294967295
75.3773 4294967295
75.3809 4294967295
75.3809 4294967295
75.3809 4294967295
75.6089 4294967295
75.6125 4294967295
75.6161 4294967295
75.6197 4294967295
75.6233 4294967295
75.6268 4294967295
75.6304 4294967295
75.634 4294967295
75.6376 4294967295
75.6412 4294967295
75.6448 4294967295
75.6922 4294967295
75.6958 4294967295
75.703 4294967295
75.7066 4294967295
75.7066 4294967295
75.7102 4294967295
75.7102 4294967295
75.7138 4294967295
75.7138 4294967295
75.7138 4294967295
75.9345 4294967295
75.9345 4294967295
75.9381 4294967295
75.9417 4294967295
75.9453 4294967295
75.9489 4294967295
75.9525 4294967295
75.9561 4294967295
75.9597 4294967295
75.9633 4294967295
75.9669 4294967295
75.9705 4294967295
75.9741 4294967295
75.9777 4294967295
76.0251 4294967295
76.0287 4294967295
76.0323 4294967295
76.0323 4294967295
76.0359 4294967295
76.0359 4294967295
76.0395 4294967295
76.0395 4294967295
76.0395 4294967295
76.1517 4294967295
76.1517 4294967295
76.1553 4294967295
76.1589 4294967295
76.1625 4294967295
76.1661 4294967295
76.1697 4294967295
76.1733 4294967295
76.1769 4294967295
76.1805 4294967295
76.1841 4294967295
76.1877 4294967295
76.1913 4294967295
76.1949 4294967295
76.1985 4294967295
76.2422 4294967295
76.2458 4294967295
76.2494 4294967295
76.2494 4294967295
76.253 4294967295
76.253 4294967295
76.2566 4294967295
76.2566 4294967295
76.2566 4294967295
76.3976 4294967295
76.4012 4294967295
76.4048 4294967295
76.4084 4294967295
76.412 4294967295
76.4156 4294967295
76.4192 4294967295
76.4594 4294967295
76.463 4294967295
76.4666 4294967295
76.4702 4294967295
76.4738 4294967295
76.4774 4294967295
76.481 4294967295
76.4846 4294967295
76.4918 4294967295
76.4954 4294967295
76.4954 4294967295
76.499 4294967295
76.499 4294967295
76.5026 4294967295
76.5026 4294967295
76.5026 4294967295
76.6075 4294967295
76.6075 4294967295
76.6111 4294967295
76.6147 4294967295
76.6183 4294967295
76.6219 4294967295
76.6255 4294967295
76.6291 4294967295
76.6327 4294967295
76.6363 4294967295
76.6399 4294967295
76.6435 4294967295
76.6471 4294967295
76.6507 4294967295
76.6543 4294967295
76.6579 4294967295
76.6615 4294967295
76.7053 4294967295
76.7089 4294967295
76.7089 4294967295
76.7125 4294967295
76.7125 4294967295
76.7125 4294967295
77.3423 4294967295
77.3423 4294967295
77.3459 4294967295
77.3494 4294967295
77.353 4294967295
77.3566 4294967295
77.3602 4294967295
77.3638 4294967295
77.3674 4294967295
77.371 4294967295
77.3746 4294967295
77.3782 4294967295
77.3818 4294967295
77.3854 4294967295
77.389 4294967295
77.3926 4294967295
77.3962 4294967295
77.3998 4294967295
77.4034 4294967295
77.44 4294967295
77.44 4294967295
77.4436 4294967295
77.4436 4294967295
77.4472 4294967295
77.4472 4294967295
77.4472 4294967295
79.4336 4294967295
79.4372 4294967295
79.4408 4294967295
79.4444 4294967295
79.448 4294967295
79.4516 4294967295
79.4552 4294967295
79.4588 4294967295
79.4624 4294967295
79.466 4294967295
79.4696 4294967295
79.5026 4294967295
79.5062 4294967295
79.5098 4294967295
79.5134 4294967295
79.517 4294967295
79.5206 4294967295
79.5278 4294967295
79.5314 4294967295
79.5314 4294967295
79.535 4294967295
79.535 4294967295
79.5386 4294967295
79.5386 4294967295
79.5386 4294967295
80.2007 4294967295
80.2043 4294967295
80.2079 4294967295
80.2115 4294967295
80.2151 4294967295
80.2187 4294967295
80.2223 4294967295
80.2259 4294967295
80.2295 4294967295
80.2331 4294967295
80.2367 4294967295
80.2403 4294967295
80.2439 4294967295
80.2475 4294967295
80.2511 4294967295
80.2841 4294967295
80.2877 4294967295
80.2949 4294967295
80.2985 4294967295
80.2985 4294967295
80.3021 4294967295
80.3021 4294967295
80.3057 4294967295
80.3057 4294967295
80.3057 4294967295
80.6638 4294967295
80.6638 4294967295
80.6674 4294967295
80.671 4294967295
80.6746 4294967295
80.6782 4294967295
80.6818 4294967295
80.6854 4294967295
80.689 4294967295
80.6926 4294967295
80.7255 4294967295
80.7291 4294967295
80.7327 4294967295
80.7363 4294967295
80.7399 4294967295
80.7435 4294967295
80.7471 4294967295
80.7507 4294967295
80.7543 4294967295
80.7579 4294967295
80.7615 4294967295
80.7615 4294967295
80.7651 4294967295
80.7651 4294967295
80.7687 4294967295
80.7687 4294967295
80.7687 4294967295
82.1476 4294967295
82.1476 4294967295
82.1512 4294967295
82.1548 4294967295
82.1584 4294967295
82.1692 4294967295
82.1728 4294967295
82.1764 4294967295
82.18 4294967295
82.1872 4294967295
82.1908 4294967295
82.1944 4294967295
82.198 4294967295
82.2016 4294967295
82.2052 4294967295
82.2088 4294967295
82.2124 4294967295
82.216 4294967295
82.2346 4294967295
82.2382 4294967295
82.2454 4294967295
82.249 4294967295
82.249 4294967295
82.2531 4294967295
82.2531 4294967295
82.2531 4294967295
82.8241 4294967295
82.8241 4294967295
82.8277 4294967295
82.8313 4294967295
82.8349 4294967295
82.8385 4294967295
82.8421 4294967295
82.8457 4294967295
82.8493 4294967295
82.8529 4294967295
82.8565 4294967295
82.8601 4294967295
82.8601 4294967295
82.8637 4294967295
82.8637 4294967295
82.8637 4294967295
82.8709 4294967295
82.8709 4294967295
82.8709 4294967295
82.8745 4294967295
82.8745 4294967295
82.8745 4294967295
82.9003 4294967295
82.9003 4294967295
82.9003 4294967295
82.9039 4294967295
82.9039 4294967295
82.9039 4294967295
82.9075 4294967295
82.9075 4294967295
82.9075 4294967295
82.9111 4294967295
82.9111 4294967295
82.9111 4294967295
82.9219 4294967295
82.9219 4294967295
82.9219 4294967295
82.9255 4294967295
82.9255 4294967295
82.9255 4294967295
82.9291 4294967295
82.9291 4294967295
82.9291 4294967295
82.9297 4294967295
82.9297 4294967295
82.9297 4294967295
82.9327 4294967295
82.9327 4294967295
83.0305 4294967295
83.0305 4294967295
83.5553 4294967295
83.5553 4294967295
83.5589 4294967295
83.5625 4294967295
83.5661 4294967295
83.5697 4294967295
83.5733 4294967295
83.5769 4294967295
83.5805 4294967295
83.5841 4294967295
83.5877 4294967295
83.5912 4294967295
83.5948 4294967295
83.5984 4294967295
83.602 4294967295
83.6056 4294967295
83.6092 4294967295
83.6128 4294967295
83.6164 4294967295
83.62 4294967295
83.6236 4294967295
83.6272 4294967295
83.6308 4294967295
83.6344 4294967295
83.6344 4294967295
83.638 4294967295
83.638 4294967295
83.6602 4294967295
83.6602 4294967295
83.6602 4294967295
84.0909 4294967295
84.0909 4294967295
84.0945 4294967295
84.0981 4294967295
84.1017 4294967295
84.1053 4294967295
84.1088 4294967295
84.1124 4294967295
84.1232 4294967295
84.1376 4294967295
84.1412 4294967295
84.1448 4294967295
84.1484 4294967295
84.152 4294967295
84.1556 4294967295
84.1592 4294967295
84.1628 4294967295
84.1664 4294967295
84.1664 4294967295
84.17 4294967295
84.17 4294967295
84.17 4294967295
84.1736 4294967295
84.1736 4294967295
84.1736 4294967295
84.1772 4294967295
84.1772 4294967295
84.1772 4294967295
84.1808 4294967295
84.1808 4294967295
84.1808 4294967295
84.1844 4294967295
84.1844 4294967295
84.1844 4294967295
84.188 4294967295
84.188 4294967295
84.188 4294967295
84.1922 4294967295
84.1922 4294967295
84.1958 4294967295
84.1964 4294967295
84.1994 4294967295
84.293 4294967295
84.293 4294967295
84.5641 4294967295
84.5677 4294967295
84.5713 4294967295
84.5749 4294967295
84.5785 4294967295
84.5821 4294967295
84.5857 4294967295
84.5893 4294967295
84.5929 4294967295
84.5965 4294967295
84.6115 4294967295
84.6223 4294967295
84.6259 4294967295
84.6295 4294967295
84.6331 4294967295
84.6367 4294967295
84.6403 4294967295
84.6439 4294967295
84.6439 4294967295
84.6475 4294967295
84.6475 4294967295
84.6475 4294967295
84.6511 4294967295
84.6511 4294967295
84.6511 4294967295
84.6583 4294967295
84.6583 4294967295
84.6583 4294967295
84.6619 4294967295
84.6619 4294967295
84.6619 4294967295
84.6655 4294967295
84.6655 4294967295
84.6655 4294967295
84.6691 4294967295
84.6691 4294967295
84.6696 4294967295
84.6727 4294967295
84.7272 4294967295
84.7704 4294967295
84.7704 4294967295
85.255 4294967295
85.2586 4294967295
85.2622 4294967295
85.2658 4294967295
85.2694 4294967295
85.273 4294967295
85.2766 4294967295
85.2802 4294967295
85.2952 4294967295
85.2988 4294967295
85.3024 4294967295
85.306 4294967295
85.3096 4294967295
85.3132 4294967295
85.3168 4294967295
85.3204 4294967295
85.324 4294967295
85.3276 4294967295
85.3384 4294967295
85.342 4294967295
85.3456 4294967295
85.3492 4294967295
85.3528 4294967295
85.3564 4294967295
85.3564 4294967295
85.36 4294967295
85.36 4294967295
85.3606 4294967295
85.3606 4294967295
85.3606 4294967295
85.5405 4294967295
85.5441 4294967295
85.5477 4294967295
85.5513 4294967295
85.5663 4294967295
85.5735 4294967295
85.5771 4294967295
85.5807 4294967295
85.5843 4294967295
85.5879 4294967295
85.5915 4294967295
85.5951 4294967295
85.5987 4294967295
85.6095 4294967295
85.6131 4294967295
85.6167 4294967295
85.6167 4294967295
85.6167 4294967295
85.6203 4294967295
85.6203 4294967295
85.6203 4294967295
85.6239 4294967295
85.6239 4294967295
85.6239 4294967295
85.6275 4294967295
85.6275 4294967295
85.6275 4294967295
85.6311 4294967295
85.6311 4294967295
85.6311 4294967295
85.6347 4294967295
85.6347 4294967295
85.6347 4294967295
85.6383 4294967295
85.6383 4294967295
85.6383 4294967295
85.6419 4294967295
85.6419 4294967295
85.6419 4294967295
85.6455 4294967295
85.6455 4294967295
85.6455 4294967295
85.6461 4294967295
85.6461 4294967295
85.6491 4294967295
85.7469 4294967295
85.7469 4294967295
86.2932 4294967295
86.2932 4294967295
86.2968 4294967295
86.3004 4294967295
86.304 4294967295
86.3076 4294967295
86.3112 4294967295
86.322 4294967295
86.3256 4294967295
86.3292 4294967295
86.3328 4294967295
86.3364 4294967295
86.34 4294967295
86.3436 4294967295
86.3472 4294967295
86.3508 4294967295
86.3544 4294967295
86.358 4294967295
86.3616 4294967295
86.3652 4294967295
86.3688 4294967295
86.3724 4294967295
86.376 4294967295
86.3838 4294967295
86.3874 4294967295
86.391 4294967295
86.391 4294967295
86.3946 4294967295
86.3946 4294967295
86.3982 4294967295
86.3982 4294967295
86.3982 4294967295
87.2625 4294967295
87.2625 4294967295
87.2661 4294967295
87.2697 4294967295
87.2733 4294967295
87.2769 4294967295
87.2811 4294967295
87.2847 4294967295
87.2883 4294967295
87.2919 4294967295
87.2955 4294967295
87.2991 4294967295
87.3027 4294967295
87.3063 4294967295
87.3099 4294967295
87.3135 4294967295
87.3171 4294967295
87.3207 4294967295
87.3243 4294967295
87.3279 4294967295
87.3315 4294967295
87.335 4294967295
87.3386 4294967295
87.3422 4294967295
87.3495 4294967295
87.3531 4294967295
87.3567 4294967295
87.3567 4294967295
87.3638 4294967295
87.3638 4294967295
87.368 4294967295
87.368 4294967295
87.368 4294967295
87.7651 4294967295
87.7687 4294967295
87.7723 4294967295
87.7759 4294967295
87.7795 4294967295
87.7831 4294967295
87.7909 4294967295
87.7945 4294967295
87.7981 4294967295
87.8017 4294967295
87.8053 4294967295
87.8089 4294967295
87.8125 4294967295
87.8161 4294967295
87.8197 4294967295
87.8233 4294967295
87.8269 4294967295
87.8305 4294967295
87.8341 4294967295
87.8377 4294967295
87.8413 4294967295
87.8449 4294967295
87.8485 4294967295
87.8521 4294967295
87.8593 4294967295
87.8629 4294967295
87.8629 4294967295
87.8665 4294967295
87.8665 4294967295
87.87 4294967295
87.87 4294967295
87.87 4294967295
88.3001 4294967295
88.3037 4294967295
88.3073 4294967295
88.3109 4294967295
88.3145 4294967295
88.3181 4294967295
88.3217 4294967295
88.3253 4294967295
88.3289 4294967295
88.3325 4294967295
88.3361 4294967295
88.3397 4294967295
88.3433 4294967295
88.3469 4294967295
88.3505 4294967295
88.3541 4294967295
88.3619 4294967295
88.3655 4294967295
88.3691 4294967295
88.3727 4294967295
88.3763 4294967295
88.3799 4294967295
88.3835 4294967295
88.3871 4294967295
88.3943 4294967295
88.4015 4294967295
88.4015 4294967295
88.4051 4294967295
88.4051 4294967295
88.5064 4294967295
88.5064 4294967295
88.51 4294967295
88.51 4294967295
88.51 4294967295
88.7631 4294967295
88.7667 4294967295
88.7703 4294967295
88.7739 4294967295
88.7775 4294967295
88.7811 4294967295
88.7847 4294967295
88.7883 4294967295
88.7919 4294967295
88.7955 4294967295
88.7991 4294967295
88.8027 4294967295
88.8063 4294967295
88.8099 4294967295
88.8135 4294967295
88.8213 4294967295
88.8249 4294967295
88.8285 4294967295
88.8321 4294967295
88.8357 4294967295
88.8393 4294967295
88.8429 4294967295
88.8465 4294967295
88.8537 4294967295
88.8573 4294967295
88.8609 4294967295
88.8609 4294967295
88.8681 4294967295
88.8681 4294967295
88.8681 4294967295
89.3527 4294967295
89.3527 4294967295
89.3563 4294967295
89.3599 4294967295
89.3635 4294967295
89.3671 4294967295
89.3707 4294967295
89.3743 4294967295
89.3779 4294967295
89.3815 4294967295
89.3851 4294967295
89.3929 4294967295
89.3965 4294967295
89.4001 4294967295
89.4037 4294967295
89.4073 4294967295
89.4109 4294967295
89.4145 4294967295
89.4181 4294967295
89.4217 4294967295
89.4253 4294967295
89.4289 4294967295
89.4325 4294967295
89.4361 4294967295
89.4397 4294967295
89.4433 4294967295
89.4469 4294967295
89.4505 4294967295
89.4505 4294967295
89.4541 4294967295
89.4541 4294967295
89.4577 4294967295
89.4577 4294967295
89.4577 4294967295
89.649 4294967295
89.649 4294967295
89.6526 4294967295
89.6562 4294967295
89.6604 4294967295
89.664 4294967295
89.6676 4294967295
89.6712 4294967295
89.6748 4294967295
89.6784 4294967295
89.682 4294967295
89.6856 4294967295
89.6892 4294967295
89.6928 4294967295
89.6964 4294967295
89.7036 4294967295
89.7108 4294967295
89.7144 4294967295
89.718 4294967295
89.7216 4294967295
89.7252 4294967295
89.7288 4294967295
89.7324 4294967295
89.736 4294967295
89.7396 4294967295
89.7432 4294967295
89.7468 4294967295
89.7504 4294967295
89.754 4294967295
89.754 4294967295
89.754 4294967295
90.1222 4294967295
90.4293 4294967295
90.617 4294967295
90.617 4294967295
90.6206 4294967295
90.6242 4294967295
90.6278 4294967295
90.6314 4294967295
90.635 4294967295
90.6386 4294967295
90.6422 4294967295
90.6458 4294967295
90.6494 4294967295
90.653 4294967295
90.6566 4294967295
90.6602 4294967295
90.6638 4294967295
90.6674 4294967295
90.671 4294967295
90.6746 4294967295
90.6782 4294967295
90.6818 4294967295
90.6854 4294967295
90.689 4294967295
90.6926 4294967295
90.6962 4294967295
90.6998 4294967295
90.7034 4294967295
90.707 4294967295
90.7106 4294967295
90.7142 4294967295
90.7178 4294967295
90.7178 4294967295
90.7214 4294967295
90.7214 4294967295
90.725 4294967295
90.725 4294967295
90.8026 4294967295
90.8228 4294967295
92.4346 4294967295
92.4346 4294967295
92.4382 4294967295
92.4382 4294967295
92.526 4294967295
92.536 4294967295
92.7467 4294967295
