0.010001 1 -0
0.110001 1 0.00819798
0.110001 2 -0
0.210001 1 0.238922
0.210001 2 0.00819798
0.310001 1 0.314098
0.310001 2 0.0147608
0.410001 1 0.409956
0.410001 2 0.0320679
0.510001 1 0.351288
0.510001 2 0.0393627
0.610001 1 0.345834
0.610001 2 0.0341836
0.710001 1 0.418006
0.710001 2 0.0363044
0.810001 1 0.428298
0.810001 2 0.0409272
0.910001 1 0.415638
0.910001 2 0.0377495
1.01 1 0.432473
1.01 2 0.0358457
1.11 1 0.42997
1.11 2 0.0398036
1.21 1 0.431337
1.21 2 0.040619
1.31 1 0.440113
1.31 2 0.0389444
1.41 1 0.461413
1.41 2 0.0384617
1.51 1 0.486955
1.51 2 0.0406375
1.61 1 0.492967
1.61 2 0.0420127
1.71 1 0.500703
1.71 2 0.0404448
1.81 1 0.523468
1.81 2 0.0406053
1.91 1 0.541558
1.91 2 0.0409865
2.01 1 0.557491
2.01 2 0.0422326
2.11 1 0.553577
2.11 2 0.0441788
2.21 1 0.531947
2.21 2 0.0423728
2.31 1 0.541019
2.31 2 0.0416266
2.41 1 0.554566
2.41 2 0.0417363
2.51 1 0.558708
2.51 2 0.0436588
2.61 1 0.551683
2.61 2 0.0441479
2.71 1 0.564702
2.71 2 0.0432221
2.81 1 0.574628
2.81 2 0.0437028
2.91 1 0.574149
2.91 2 0.0456646
3.01 1 0.568748
3.01 2 0.0444164
3.11 1 0.579549
3.11 2 0.0445162
3.21 1 0.589024
3.21 2 0.0448634
3.31 1 0.600323
3.31 2 0.0464096
3.41 1 0.59391
3.41 2 0.0464483
3.51 1 0.605609
3.51 2 0.0457318
3.61 1 0.616145
3.61 2 0.0460506
3.71 1 0.626603
3.71 2 0.0461322
3.81 1 0.636043
3.81 2 0.0462093
3.91 1 0.644413
3.91 2 0.0469533
4.01 1 0.64618
4.01 2 0.0480491
4.11 1 0.646759
4.11 2 0.0471344
4.21 1 0.654271
4.21 2 0.0471804
4.31 1 0.659624
4.31 2 0.0486877
4.41 1 0.650348
4.41 2 0.0493378
4.51 1 0.659064
4.51 2 0.0495998
4.61 1 0.660603
4.61 2 0.0505263
4.71 1 0.652763
4.71 2 0.0497217
4.81 1 0.651198
4.81 2 0.0492495
4.91 1 0.651973
4.91 2 0.0506156
5.01 1 0.642175
5.01 2 0.0497921
5.11 1 0.638043
5.11 2 0.0489035
5.21 1 0.645164
5.21 2 0.0495166
5.31 1 0.642065
5.31 2 0.0501465
5.41 1 0.647565
5.41 2 0.0495045
5.51 1 0.65591
5.51 2 0.0496805
5.61 1 0.664289
5.61 2 0.0499035
5.71 1 0.67064
5.71 2 0.0503784
5.81 1 0.673069
5.81 2 0.0516123
5.91 1 0.663677
5.91 2 0.0509734
6.01 1 0.660651
6.01 2 0.0506101
6.11 1 0.660657
6.11 2 0.0516642
6.21 1 0.651576
6.21 2 0.0510869
6.31 1 0.644258
6.31 2 0.0506042
6.41 1 0.637781
6.41 2 0.0500494
6.51 1 0.630843
6.51 2 0.0500103
6.61 1 0.630843
6.61 2 0.0500103
6.71 1 0.612781
6.71 2 0.0500103
6.81 1 0.612781
6.81 2 0.0500103
6.91 1 0.612781
6.91 2 0.0500103
7.01 1 0.612781
7.01 2 0.0500103
7.11 1 0.578518
7.11 2 0.0500103
7.21 1 0.578518
7.21 2 0.0500103
7.31 1 0.578518
7.31 2 0.0500103
7.41 1 0.578518
7.41 2 0.0500103
7.51 1 0.578518
7.51 2 0.0500103
7.61 1 0.578518
7.61 2 0.0500103
7.71 1 0.578518
7.71 2 0.0500103
7.81 1 0.578518
7.81 2 0.0500103
7.91 1 0.519973
7.91 2 0.0500103
8.01 1 0.519973
8.01 2 0.0500103
8.11 1 0.519973
8.11 2 0.0500103
8.21 1 0.519973
8.21 2 0.0500103
8.31 1 0.519973
8.31 2 0.0500103
8.41 1 0.519973
8.41 2 0.0500103
8.51 1 0.519973
8.51 2 0.0500103
8.61 1 0.519973
8.61 2 0.0500103
8.71 1 0.519973
8.71 2 0.0500103
8.81 1 0.519973
8.81 2 0.0500103
8.91 1 0.519973
8.91 2 0.0500103
9.01 1 0.519973
9.01 2 0.0500103
9.11 1 0.519973
9.11 2 0.0500103
9.21 1 0.519973
9.21 2 0.0500103
9.31 1 0.519973
9.31 2 0.0500103
9.41 1 0.519973
9.41 2 0.0500103
9.51 1 0.432236
9.51 2 0.0500103
9.61 1 0.432236
9.61 2 0.0500103
9.71 1 0.432236
9.71 2 0.0500103
9.81 1 0.432236
9.81 2 0.0500103
9.91 1 0.432236
9.91 2 0.0500103
10.01 1 0.432236
10.01 2 0.0500103
10.11 1 0.432236
10.11 2 0.0500103
10.21 1 0.432236
10.21 2 0.0500103
10.31 1 0.432236
10.31 2 0.0500103
10.41 1 0.432236
10.41 2 0.0500103
10.51 1 0.432236
10.51 2 0.0500103
10.61 1 0.432236
10.61 2 0.0500103
10.71 1 0.432236
10.71 2 0.0500103
10.81 1 0.432236
10.81 2 0.0500103
10.91 1 0.432236
10.91 2 0.0500103
11.01 1 0.432236
11.01 2 0.0500103
11.11 1 0.432236
11.11 2 0.0500103
11.21 1 0.432236
11.21 2 0.0500103
11.31 1 0.432236
11.31 2 0.0500103
11.41 1 0.432236
11.41 2 0.0500103
11.51 1 0.432236
11.51 2 0.0500103
11.61 1 0.432236
11.61 2 0.0500103
11.71 1 0.432236
11.71 2 0.0500103
11.81 1 0.432236
11.81 2 0.0500103
11.91 1 0.432236
11.91 2 0.0500103
12.01 1 0.432236
12.01 2 0.0500103
12.11 1 0.432236
12.11 2 0.0500103
12.21 1 0.432236
12.21 2 0.0500103
12.31 1 0.432236
12.31 2 0.0500103
12.41 1 0.432236
12.41 2 0.0500103
12.51 1 0.432236
12.51 2 0.0500103
12.61 1 0.432236
12.61 2 0.0500103
12.71 1 0.323097
12.71 2 0.0500103
12.81 1 0.323097
12.81 2 0.0500103
12.91 1 0.323097
12.91 2 0.0500103
13.01 1 0.323097
13.01 2 0.0500103
13.11 1 0.323097
13.11 2 0.0500103
13.21 1 0.323097
13.21 2 0.0500103
13.31 1 0.323097
13.31 2 0.0500103
13.41 1 0.323097
13.41 2 0.0500103
13.51 1 0.323097
13.51 2 0.0500103
13.61 1 0.323097
13.61 2 0.0500103
13.71 1 0.323097
13.71 2 0.0500103
13.81 1 0.323097
13.81 2 0.0500103
13.91 1 0.323097
13.91 2 0.0500103
14.01 1 0.323097
14.01 2 0.0500103
14.11 1 0.323097
14.11 2 0.0500103
14.21 1 0.323097
14.21 2 0.0500103
14.31 1 0.323097
14.31 2 0.0500103
14.41 1 0.323097
14.41 2 0.0500103
14.51 1 0.323097
14.51 2 0.0500103
14.61 1 0.323097
14.61 2 0.0500103
14.71 1 0.323097
14.71 2 0.0500103
14.81 1 0.323097
14.81 2 0.0500103
14.91 1 0.323097
14.91 2 0.0500103
15.01 1 0.323097
15.01 2 0.0500103
15.11 1 0.323097
15.11 2 0.0500103
15.21 1 0.323097
15.21 2 0.0500103
15.31 1 0.323097
15.31 2 0.0500103
15.41 1 0.323097
15.41 2 0.0500103
15.51 1 0.323097
15.51 2 0.0500103
15.61 1 0.323097
15.61 2 0.0500103
15.71 1 0.323097
15.71 2 0.0500103
15.81 1 0.323097
15.81 2 0.0500103
15.91 1 0.323097
15.91 2 0.0500103
16.01 1 0.323097
16.01 2 0.0500103
16.11 1 0.323097
16.11 2 0.0500103
16.21 1 0.323097
16.21 2 0.0500103
16.31 1 0.323097
16.31 2 0.0500103
16.41 1 0.323097
16.41 2 0.0500103
16.51 1 0.323097
16.51 2 0.0500103
16.61 1 0.323097
16.61 2 0.0500103
16.71 1 0.323097
16.71 2 0.0500103
16.81 1 0.323097
16.81 2 0.0500103
16.91 1 0.323097
16.91 2 0.0500103
17.01 1 0.323097
17.01 2 0.0500103
17.11 1 0.323097
17.11 2 0.0500103
17.21 1 0.323097
17.21 2 0.0500103
17.31 1 0.323097
17.31 2 0.0500103
17.41 1 0.323097
17.41 2 0.0500103
17.51 1 0.323097
17.51 2 0.0500103
17.61 1 0.323097
17.61 2 0.0500103
17.71 1 0.323097
17.71 2 0.0500103
17.81 1 0.323097
17.81 2 0.0500103
17.91 1 0.323097
17.91 2 0.0500103
18.01 1 0.323097
18.01 2 0.0500103
18.11 1 0.323097
18.11 2 0.0500103
18.21 1 0.323097
18.21 2 0.0500103
18.31 1 0.323097
18.31 2 0.0500103
18.41 1 0.323097
18.41 2 0.0500103
18.51 1 0.323097
18.51 2 0.0500103
18.61 1 0.323097
18.61 2 0.0500103
18.71 1 0.323097
18.71 2 0.0500103
18.81 1 0.323097
18.81 2 0.0500103
18.91 1 0.323097
18.91 2 0.0500103
19.01 1 0.323097
19.01 2 0.0500103
19.11 1 0.214684
19.11 2 0.0500103
19.21 1 0.214684
19.21 2 0.0500103
19.31 1 0.214684
19.31 2 0.0500103
19.41 1 0.214684
19.41 2 0.0500103
19.51 1 0.214684
19.51 2 0.0500103
19.61 1 0.214684
19.61 2 0.0500103
19.71 1 0.214684
19.71 2 0.0500103
19.81 1 0.214684
19.81 2 0.0500103
19.91 1 0.214684
19.91 2 0.0500103
20.01 1 0.214684
20.01 2 0.0500103
20.11 1 0.214684
20.11 2 0.0500103
20.21 1 0.214684
20.21 2 0.0500103
20.31 1 0.214684
20.31 2 0.0500103
20.41 1 0.214684
20.41 2 0.0500103
20.51 1 0.214684
20.51 2 0.0500103
20.61 1 0.214684
20.61 2 0.0500103
20.71 1 0.214684
20.71 2 0.0500103
20.81 1 0.214684
20.81 2 0.0500103
20.91 1 0.214684
20.91 2 0.0500103
21.01 1 0.214684
21.01 2 0.0500103
21.11 1 0.214684
21.11 2 0.0500103
21.21 1 0.214684
21.21 2 0.0500103
21.31 1 0.214684
21.31 2 0.0500103
21.41 1 0.214684
21.41 2 0.0500103
21.51 1 0.214684
21.51 2 0.0500103
21.61 1 0.214684
21.61 2 0.0500103
21.71 1 0.214684
21.71 2 0.0500103
21.81 1 0.214684
21.81 2 0.0500103
21.91 1 0.214684
21.91 2 0.0500103
22.01 1 0.214684
22.01 2 0.0500103
22.11 1 0.214684
22.11 2 0.0500103
22.21 1 0.214684
22.21 2 0.0500103
22.31 1 0.214684
22.31 2 0.0500103
22.41 1 0.214684
22.41 2 0.0500103
22.51 1 0.214684
22.51 2 0.0500103
22.61 1 0.214684
22.61 2 0.0500103
22.71 1 0.214684
22.71 2 0.0500103
22.81 1 0.214684
22.81 2 0.0500103
22.91 1 0.214684
22.91 2 0.0500103
23.01 1 0.214684
23.01 2 0.0500103
23.11 1 0.214684
23.11 2 0.0500103
23.21 1 0.214684
23.21 2 0.0500103
23.31 1 0.214684
23.31 2 0.0500103
23.41 1 0.214684
23.41 2 0.0500103
23.51 1 0.214684
23.51 2 0.0500103
23.61 1 0.214684
23.61 2 0.0500103
23.71 1 0.214684
23.71 2 0.0500103
23.81 1 0.214684
23.81 2 0.0500103
23.91 1 0.214684
23.91 2 0.0500103
24.01 1 0.214684
24.01 2 0.0500103
24.11 1 0.214684
24.11 2 0.0500103
24.21 1 0.214684
24.21 2 0.0500103
24.31 1 0.214684
24.31 2 0.0500103
24.41 1 0.214684
24.41 2 0.0500103
24.51 1 0.214684
24.51 2 0.0500103
24.61 1 0.214684
24.61 2 0.0500103
24.71 1 0.214684
24.71 2 0.0500103
24.81 1 0.214684
24.81 2 0.0500103
24.91 1 0.214684
24.91 2 0.0500103
25.01 1 0.214684
25.01 2 0.0500103
25.11 1 0.214684
25.11 2 0.0500103
25.21 1 0.214684
25.21 2 0.0500103
25.31 1 0.214684
25.31 2 0.0500103
25.41 1 0.214684
25.41 2 0.0500103
25.51 1 0.214684
25.51 2 0.0500103
25.61 1 0.214684
25.61 2 0.0500103
25.71 1 0.214684
25.71 2 0.0500103
25.81 1 0.214684
25.81 2 0.0500103
25.91 1 0.214684
25.91 2 0.0500103
26.01 1 0.214684
26.01 2 0.0500103
26.11 1 0.214684
26.11 2 0.0500103
26.21 1 0.214684
26.21 2 0.0500103
26.31 1 0.214684
26.31 2 0.0500103
26.41 1 0.214684
26.41 2 0.0500103
26.51 1 0.214684
26.51 2 0.0500103
26.61 1 0.214684
26.61 2 0.0500103
26.71 1 0.214684
26.71 2 0.0500103
26.81 1 0.214684
26.81 2 0.0500103
26.91 1 0.214684
26.91 2 0.0500103
27.01 1 0.214684
27.01 2 0.0500103
27.11 1 0.214684
27.11 2 0.0500103
27.21 1 0.214684
27.21 2 0.0500103
27.31 1 0.214684
27.31 2 0.0500103
27.41 1 0.214684
27.41 2 0.0500103
27.51 1 0.214684
27.51 2 0.0500103
27.61 1 0.214684
27.61 2 0.0500103
27.71 1 0.214684
27.71 2 0.0500103
27.81 1 0.214684
27.81 2 0.0500103
27.91 1 0.214684
27.91 2 0.0500103
28.01 1 0.214684
28.01 2 0.0500103
28.11 1 0.214684
28.11 2 0.0500103
28.21 1 0.214684
28.21 2 0.0500103
28.31 1 0.214684
28.31 2 0.0500103
28.41 1 0.214684
28.41 2 0.0500103
28.51 1 0.214684
28.51 2 0.0500103
28.61 1 0.214684
28.61 2 0.0500103
28.71 1 0.214684
28.71 2 0.0500103
28.81 1 0.214684
28.81 2 0.0500103
28.91 1 0.214684
28.91 2 0.0500103
29.01 1 0.214684
29.01 2 0.0500103
29.11 1 0.214684
29.11 2 0.0500103
29.21 1 0.214684
29.21 2 0.0500103
29.31 1 0.214684
29.31 2 0.0500103
29.41 1 0.214684
29.41 2 0.0500103
29.51 1 0.214684
29.51 2 0.0500103
29.61 1 0.214684
29.61 2 0.0500103
29.71 1 0.214684
29.71 2 0.0500103
29.81 1 0.214684
29.81 2 0.0500103
29.91 1 0.214684
29.91 2 0.0500103
30.01 1 0.214684
30.01 2 0.0500103
30.11 1 0.214684
30.11 2 0.0500103
30.21 1 0.214684
30.21 2 0.0500103
30.31 1 0.214684
30.31 2 0.0500103
30.41 1 0.214684
30.41 2 0.0500103
30.51 1 0.214684
30.51 2 0.0500103
30.61 1 0.214684
30.61 2 0.0500103
30.71 1 0.214684
30.71 2 0.0500103
30.81 1 0.214684
30.81 2 0.0500103
30.91 1 0.214684
30.91 2 0.0500103
31.01 1 0.214684
31.01 2 0.0500103
31.11 1 0.214684
31.11 2 0.0500103
31.21 1 0.214684
31.21 2 0.0500103
31.31 1 0.214684
31.31 2 0.0500103
31.41 1 0.214684
31.41 2 0.0500103
31.51 1 0.214684
31.51 2 0.0500103
31.61 1 0.214684
31.61 2 0.0500103
31.71 1 0.214684
31.71 2 0.0500103
31.81 1 0.214684
31.81 2 0.0500103
31.91 1 0.214684
31.91 2 0.0500103
32.01 1 0.214684
32.01 2 0.0500103
32.11 1 0.214684
32.11 2 0.0500103
32.21 1 0.214684
32.21 2 0.0500103
32.31 1 0.214684
32.31 2 0.0500103
32.41 1 0.214684
32.41 2 0.0500103
32.51 1 0.214684
32.51 2 0.0500103
32.61 1 0.214684
32.61 2 0.0500103
32.71 1 0.214684
32.71 2 0.0500103
32.81 1 0.214684
32.81 2 0.0500103
32.91 1 0.214684
32.91 2 0.0500103
33.01 1 0.214684
33.01 2 0.0500103
33.11 1 0.214684
33.11 2 0.0500103
33.21 1 0.214684
33.21 2 0.0500103
33.31 1 0.214684
33.31 2 0.0500103
33.41 1 0.214684
33.41 2 0.0500103
33.51 1 0.214684
33.51 2 0.0500103
33.61 1 0.214684
33.61 2 0.0500103
33.71 1 0.214684
33.71 2 0.0500103
33.81 1 0.214684
33.81 2 0.0500103
33.91 1 0.214684
33.91 2 0.0500103
34.01 1 0.214684
34.01 2 0.0500103
34.11 1 0.214684
34.11 2 0.0500103
34.21 1 0.214684
34.21 2 0.0500103
34.31 1 0.214684
34.31 2 0.0500103
34.41 1 0.214684
34.41 2 0.0500103
34.51 1 0.214684
34.51 2 0.0500103
34.61 1 0.214684
34.61 2 0.0500103
34.71 1 0.214684
34.71 2 0.0500103
34.81 1 0.214684
34.81 2 0.0500103
34.91 1 0.214684
34.91 2 0.0500103
35.01 1 0.214684
35.01 2 0.0500103
35.11 1 0.214684
35.11 2 0.0500103
35.21 1 0.214684
35.21 2 0.0500103
35.31 1 0.214684
35.31 2 0.0500103
35.41 1 0.214684
35.41 2 0.0500103
35.51 1 0.214684
35.51 2 0.0500103
35.61 1 0.214684
35.61 2 0.0500103
35.71 1 0.214684
35.71 2 0.0500103
35.81 1 0.214684
35.81 2 0.0500103
35.91 1 0.214684
35.91 2 0.0500103
36.01 1 0.214684
36.01 2 0.0500103
36.11 1 0.214684
36.11 2 0.0500103
36.21 1 0.214684
36.21 2 0.0500103
36.31 1 0.214684
36.31 2 0.0500103
36.41 1 0.214684
36.41 2 0.0500103
36.51 1 0.214684
36.51 2 0.0500103
36.61 1 0.214684
36.61 2 0.0500103
36.71 1 0.214684
36.71 2 0.0500103
36.81 1 0.214684
36.81 2 0.0500103
36.91 1 0.214684
36.91 2 0.0500103
37.01 1 0.214684
37.01 2 0.0500103
37.11 1 0.214684
37.11 2 0.0500103
37.21 1 0.214684
37.21 2 0.0500103
37.31 1 0.214684
37.31 2 0.0500103
37.41 1 0.214684
37.41 2 0.0500103
37.51 1 0.214684
37.51 2 0.0500103
37.61 1 0.214684
37.61 2 0.0500103
37.71 1 0.214684
37.71 2 0.0500103
37.81 1 0.214684
37.81 2 0.0500103
37.91 1 0.214684
37.91 2 0.0500103
38.01 1 0.214684
38.01 2 0.0500103
38.11 1 0.214684
38.11 2 0.0500103
38.21 1 0.214684
38.21 2 0.0500103
38.31 1 0.214684
38.31 2 0.0500103
38.41 1 0.214684
38.41 2 0.0500103
38.51 1 0.214684
38.51 2 0.0500103
38.61 1 0.214684
38.61 2 0.0500103
38.71 1 0.214684
38.71 2 0.0500103
38.81 1 0.214684
38.81 2 0.0500103
38.91 1 0.214684
38.91 2 0.0500103
39.01 1 0.214684
39.01 2 0.0500103
39.11 1 0.214684
39.11 2 0.0500103
39.21 1 0.214684
39.21 2 0.0500103
39.31 1 0.214684
39.31 2 0.0500103
39.41 1 0.214684
39.41 2 0.0500103
39.51 1 0.214684
39.51 2 0.0500103
39.61 1 0.214684
39.61 2 0.0500103
39.71 1 0.214684
39.71 2 0.0500103
39.81 1 0.214684
39.81 2 0.0500103
39.91 1 0.214684
39.91 2 0.0500103
40.01 1 0.214684
40.01 2 0.0500103
40.11 1 0.214684
40.11 2 0.0500103
40.21 1 0.214684
40.21 2 0.0500103
40.31 1 0.214684
40.31 2 0.0500103
40.41 1 0.214684
40.41 2 0.0500103
40.51 1 0.214684
40.51 2 0.0500103
40.61 1 0.214684
40.61 2 0.0500103
40.71 1 0.214684
40.71 2 0.0500103
40.81 1 0.214684
40.81 2 0.0500103
40.91 1 0.214684
40.91 2 0.0500103
41.01 1 0.214684
41.01 2 0.0500103
41.11 1 0.214684
41.11 2 0.0500103
41.21 1 0.214684
41.21 2 0.0500103
41.31 1 0.214684
41.31 2 0.0500103
41.41 1 0.214684
41.41 2 0.0500103
41.51 1 0.214684
41.51 2 0.0500103
41.61 1 0.214684
41.61 2 0.0500103
41.71 1 0.214684
41.71 2 0.0500103
41.81 1 0.214684
41.81 2 0.0500103
41.91 1 0.214684
41.91 2 0.0500103
42.01 1 0.214684
42.01 2 0.0500103
42.11 1 0.214684
42.11 2 0.0500103
42.21 1 0.214684
42.21 2 0.0500103
42.31 1 0.214684
42.31 2 0.0500103
42.41 1 0.214684
42.41 2 0.0500103
42.51 1 0.214684
42.51 2 0.0500103
42.61 1 0.214684
42.61 2 0.0500103
42.71 1 0.214684
42.71 2 0.0500103
42.81 1 0.214684
42.81 2 0.0500103
42.91 1 0.214684
42.91 2 0.0500103
43.01 1 0.214684
43.01 2 0.0500103
43.11 1 0.214684
43.11 2 0.0500103
43.21 1 0.214684
43.21 2 0.0500103
43.31 1 0.214684
43.31 2 0.0500103
43.41 1 0.214684
43.41 2 0.0500103
43.51 1 0.214684
43.51 2 0.0500103
43.61 1 0.214684
43.61 2 0.0500103
43.71 1 0.214684
43.71 2 0.0500103
43.81 1 0.214684
43.81 2 0.0500103
43.91 1 0.214684
43.91 2 0.0500103
44.01 1 0.214684
44.01 2 0.0500103
44.11 1 0.214684
44.11 2 0.0500103
44.21 1 0.214684
44.21 2 0.0500103
44.31 1 0.214684
44.31 2 0.0500103
44.41 1 0.214684
44.41 2 0.0500103
44.51 1 0.214684
44.51 2 0.0500103
44.61 1 0.214684
44.61 2 0.0500103
44.71 1 0.214684
44.71 2 0.0500103
44.81 1 0.214684
44.81 2 0.0500103
44.91 1 0.214684
44.91 2 0.0500103
45.01 1 0.214684
45.01 2 0.0500103
45.11 1 0.214684
45.11 2 0.0500103
45.21 1 0.214684
45.21 2 0.0500103
45.31 1 0.214684
45.31 2 0.0500103
45.41 1 0.214684
45.41 2 0.0500103
45.51 1 0.214684
45.51 2 0.0500103
45.61 1 0.214684
45.61 2 0.0500103
45.71 1 0.214684
45.71 2 0.0500103
45.81 1 0.214684
45.81 2 0.0500103
45.91 1 0.214684
45.91 2 0.0500103
46.01 1 0.214684
46.01 2 0.0500103
46.11 1 0.214684
46.11 2 0.0500103
46.21 1 0.214684
46.21 2 0.0500103
46.31 1 0.214684
46.31 2 0.0500103
46.41 1 0.214684
46.41 2 0.0500103
46.51 1 0.214684
46.51 2 0.0500103
46.61 1 0.214684
46.61 2 0.0500103
46.71 1 0.214684
46.71 2 0.0500103
46.81 1 0.214684
46.81 2 0.0500103
46.91 1 0.214684
46.91 2 0.0500103
47.01 1 0.214684
47.01 2 0.0500103
47.11 1 0.214684
47.11 2 0.0500103
47.21 1 0.214684
47.21 2 0.0500103
47.31 1 0.214684
47.31 2 0.0500103
47.41 1 0.214684
47.41 2 0.0500103
47.51 1 0.214684
47.51 2 0.0500103
47.61 1 0.214684
47.61 2 0.0500103
47.71 1 0.214684
47.71 2 0.0500103
47.81 1 0.214684
47.81 2 0.0500103
47.91 1 0.214684
47.91 2 0.0500103
48.01 1 0.214684
48.01 2 0.0500103
48.11 1 0.214684
48.11 2 0.0500103
48.21 1 0.214684
48.21 2 0.0500103
48.31 1 0.214684
48.31 2 0.0500103
48.41 1 0.214684
48.41 2 0.0500103
48.51 1 0.214684
48.51 2 0.0500103
48.61 1 0.214684
48.61 2 0.0500103
48.71 1 0.214684
48.71 2 0.0500103
48.81 1 0.214684
48.81 2 0.0500103
48.91 1 0.214684
48.91 2 0.0500103
49.01 1 0.214684
49.01 2 0.0500103
49.11 1 0.214684
49.11 2 0.0500103
49.21 1 0.214684
49.21 2 0.0500103
49.31 1 0.214684
49.31 2 0.0500103
49.41 1 0.214684
49.41 2 0.0500103
49.51 1 0.214684
49.51 2 0.0500103
49.61 1 0.214684
49.61 2 0.0500103
49.71 1 0.214684
49.71 2 0.0500103
49.81 1 0.214684
49.81 2 0.0500103
49.91 1 0.214684
49.91 2 0.0500103
50.01 1 0.214684
50.01 2 0.0500103
50.11 1 0.214684
50.11 2 0.0500103
50.21 1 0.214684
50.21 2 0.0500103
50.31 1 0.214684
50.31 2 0.0500103
50.41 1 0.214684
50.41 2 0.0500103
50.51 1 0.214684
50.51 2 0.0500103
50.61 1 0.214684
50.61 2 0.0500103
50.71 1 0.214684
50.71 2 0.0500103
50.81 1 0.214684
50.81 2 0.0500103
50.91 1 0.214684
50.91 2 0.0500103
51.01 1 0.214684
51.01 2 0.0500103
51.11 1 0.214684
51.11 2 0.0500103
51.21 1 0.214684
51.21 2 0.0500103
51.31 1 0.214684
51.31 2 0.0500103
51.41 1 0.214684
51.41 2 0.0500103
51.51 1 0.214684
51.51 2 0.0500103
51.61 1 0.214684
51.61 2 0.0500103
51.71 1 0.214684
51.71 2 0.0500103
51.81 1 0.214684
51.81 2 0.0500103
51.91 1 0.214684
51.91 2 0.0500103
52.01 1 0.214684
52.01 2 0.0500103
52.11 1 0.214684
52.11 2 0.0500103
52.21 1 0.214684
52.21 2 0.0500103
52.31 1 0.214684
52.31 2 0.0500103
52.41 1 0.214684
52.41 2 0.0500103
52.51 1 0.214684
52.51 2 0.0500103
52.61 1 0.214684
52.61 2 0.0500103
52.71 1 0.214684
52.71 2 0.0500103
52.81 1 0.214684
52.81 2 0.0500103
52.91 1 0.214684
52.91 2 0.0500103
53.01 1 0.214684
53.01 2 0.0500103
53.11 1 0.214684
53.11 2 0.0500103
53.21 1 0.214684
53.21 2 0.0500103
53.31 1 0.214684
53.31 2 0.0500103
53.41 1 0.214684
53.41 2 0.0500103
53.51 1 0.214684
53.51 2 0.0500103
53.61 1 0.214684
53.61 2 0.0500103
53.71 1 0.214684
53.71 2 0.0500103
53.81 1 0.214684
53.81 2 0.0500103
53.91 1 0.214684
53.91 2 0.0500103
54.01 1 0.214684
54.01 2 0.0500103
54.11 1 0.214684
54.11 2 0.0500103
54.21 1 0.214684
54.21 2 0.0500103
54.31 1 0.214684
54.31 2 0.0500103
54.41 1 0.214684
54.41 2 0.0500103
54.51 1 0.214684
54.51 2 0.0500103
54.61 1 0.214684
54.61 2 0.0500103
54.71 1 0.214684
54.71 2 0.0500103
54.81 1 0.214684
54.81 2 0.0500103
54.91 1 0.214684
54.91 2 0.0500103
55.01 1 0.214684
55.01 2 0.0500103
55.11 1 0.214684
55.11 2 0.0500103
55.21 1 0.214684
55.21 2 0.0500103
55.31 1 0.214684
55.31 2 0.0500103
55.41 1 0.214684
55.41 2 0.0500103
55.51 1 0.214684
55.51 2 0.0500103
55.61 1 0.214684
55.61 2 0.0500103
55.71 1 0.214684
55.71 2 0.0500103
55.81 1 0.214684
55.81 2 0.0500103
55.91 1 0.214684
55.91 2 0.0500103
56.01 1 0.214684
56.01 2 0.0500103
56.11 1 0.214684
56.11 2 0.0500103
56.21 1 0.214684
56.21 2 0.0500103
56.31 1 0.214684
56.31 2 0.0500103
56.41 1 0.214684
56.41 2 0.0500103
56.51 1 0.214684
56.51 2 0.0500103
56.61 1 0.214684
56.61 2 0.0500103
56.71 1 0.214684
56.71 2 0.0500103
56.81 1 0.214684
56.81 2 0.0500103
56.91 1 0.214684
56.91 2 0.0500103
57.01 1 0.214684
57.01 2 0.0500103
57.11 1 0.214684
57.11 2 0.0500103
57.21 1 0.214684
57.21 2 0.0500103
57.31 1 0.214684
57.31 2 0.0500103
57.41 1 0.214684
57.41 2 0.0500103
57.51 1 0.214684
57.51 2 0.0500103
57.61 1 0.214684
57.61 2 0.0500103
57.71 1 0.214684
57.71 2 0.0500103
57.81 1 0.214684
57.81 2 0.0500103
57.91 1 0.214684
57.91 2 0.0500103
58.01 1 0.214684
58.01 2 0.0500103
58.11 1 0.214684
58.11 2 0.0500103
58.21 1 0.214684
58.21 2 0.0500103
58.31 1 0.214684
58.31 2 0.0500103
58.41 1 0.214684
58.41 2 0.0500103
58.51 1 0.214684
58.51 2 0.0500103
58.61 1 0.214684
58.61 2 0.0500103
58.71 1 0.214684
58.71 2 0.0500103
58.81 1 0.214684
58.81 2 0.0500103
58.91 1 0.214684
58.91 2 0.0500103
59.01 1 0.214684
59.01 2 0.0500103
59.11 1 0.214684
59.11 2 0.0500103
59.21 1 0.214684
59.21 2 0.0500103
59.31 1 0.214684
59.31 2 0.0500103
59.41 1 0.214684
59.41 2 0.0500103
59.51 1 0.214684
59.51 2 0.0500103
59.61 1 0.214684
59.61 2 0.0500103
59.71 1 0.214684
59.71 2 0.0500103
59.81 1 0.214684
59.81 2 0.0500103
59.91 1 0.214684
59.91 2 0.0500103
60.01 1 0.214684
60.01 2 0.0500103
60.11 1 0.214684
60.11 2 0.0500103
60.21 1 0.214684
60.21 2 0.0500103
60.31 1 0.214684
60.31 2 0.0500103
60.41 1 0.214684
60.41 2 0.0500103
60.51 1 0.214684
60.51 2 0.0500103
60.61 1 0.214684
60.61 2 0.0500103
60.71 1 0.214684
60.71 2 0.0500103
60.81 1 0.214684
60.81 2 0.0500103
60.91 1 0.214684
60.91 2 0.0500103
61.01 1 0.214684
61.01 2 0.0500103
61.11 1 0.214684
61.11 2 0.0500103
61.21 1 0.214684
61.21 2 0.0500103
61.31 1 0.214684
61.31 2 0.0500103
61.41 1 0.214684
61.41 2 0.0500103
61.51 1 0.214684
61.51 2 0.0500103
61.61 1 0.214684
61.61 2 0.0500103
61.71 1 0.214684
61.71 2 0.0500103
61.81 1 0.214684
61.81 2 0.0500103
61.91 1 0.214684
61.91 2 0.0500103
62.01 1 0.214684
62.01 2 0.0500103
62.11 1 0.214684
62.11 2 0.0500103
62.21 1 0.214684
62.21 2 0.0500103
62.31 1 0.214684
62.31 2 0.0500103
62.41 1 0.214684
62.41 2 0.0500103
62.51 1 0.214684
62.51 2 0.0500103
62.61 1 0.214684
62.61 2 0.0500103
62.71 1 0.214684
62.71 2 0.0500103
62.81 1 0.214684
62.81 2 0.0500103
62.91 1 0.214684
62.91 2 0.0500103
63.01 1 0.214684
63.01 2 0.0500103
63.11 1 0.214684
63.11 2 0.0500103
63.21 1 0.214684
63.21 2 0.0500103
63.31 1 0.214684
63.31 2 0.0500103
63.41 1 0.214684
63.41 2 0.0500103
63.51 1 0.214684
63.51 2 0.0500103
63.61 1 0.214684
63.61 2 0.0500103
63.71 1 0.214684
63.71 2 0.0500103
63.81 1 0.214684
63.81 2 0.0500103
63.91 1 0.214684
63.91 2 0.0500103
64.01 1 0.214684
64.01 2 0.0500103
64.11 1 0.214684
64.11 2 0.0500103
64.21 1 0.214684
64.21 2 0.0500103
64.31 1 0.214684
64.31 2 0.0500103
64.41 1 0.214684
64.41 2 0.0500103
64.51 1 0.214684
64.51 2 0.0500103
64.61 1 0.214684
64.61 2 0.0500103
64.71 1 0.214684
64.71 2 0.0500103
64.81 1 0.214684
64.81 2 0.0500103
64.91 1 0.214684
64.91 2 0.0500103
65.01 1 0.214684
65.01 2 0.0500103
65.11 1 0.214684
65.11 2 0.0500103
65.21 1 0.214684
65.21 2 0.0500103
65.31 1 0.214684
65.31 2 0.0500103
65.41 1 0.214684
65.41 2 0.0500103
65.51 1 0.214684
65.51 2 0.0500103
65.61 1 0.214684
65.61 2 0.0500103
65.71 1 0.214684
65.71 2 0.0500103
65.81 1 0.214684
65.81 2 0.0500103
65.91 1 0.214684
65.91 2 0.0500103
66.01 1 0.214684
66.01 2 0.0500103
66.11 1 0.214684
66.11 2 0.0500103
66.21 1 0.214684
66.21 2 0.0500103
66.31 1 0.214684
66.31 2 0.0500103
66.41 1 0.214684
66.41 2 0.0500103
66.51 1 0.214684
66.51 2 0.0500103
66.61 1 0.214684
66.61 2 0.0500103
66.71 1 0.214684
66.71 2 0.0500103
66.81 1 0.214684
66.81 2 0.0500103
66.91 1 0.214684
66.91 2 0.0500103
67.01 1 0.214684
67.01 2 0.0500103
67.11 1 0.214684
67.11 2 0.0500103
67.21 1 0.214684
67.21 2 0.0500103
67.31 1 0.214684
67.31 2 0.0500103
67.41 1 0.214684
67.41 2 0.0500103
67.51 1 0.214684
67.51 2 0.0500103
67.61 1 0.214684
67.61 2 0.0500103
67.71 1 0.214684
67.71 2 0.0500103
67.81 1 0.214684
67.81 2 0.0500103
67.91 1 0.214684
67.91 2 0.0500103
68.01 1 0.214684
68.01 2 0.0500103
68.11 1 0.214684
68.11 2 0.0500103
68.21 1 0.214684
68.21 2 0.0500103
68.31 1 0.214684
68.31 2 0.0500103
68.41 1 0.214684
68.41 2 0.0500103
68.51 1 0.214684
68.51 2 0.0500103
68.61 1 0.214684
68.61 2 0.0500103
68.71 1 0.214684
68.71 2 0.0500103
68.81 1 0.214684
68.81 2 0.0500103
68.91 1 0.214684
68.91 2 0.0500103
69.01 1 0.214684
69.01 2 0.0500103
69.11 1 0.214684
69.11 2 0.0500103
69.21 1 0.214684
69.21 2 0.0500103
69.31 1 0.214684
69.31 2 0.0500103
69.41 1 0.214684
69.41 2 0.0500103
69.51 1 0.214684
69.51 2 0.0500103
69.61 1 0.214684
69.61 2 0.0500103
69.71 1 0.214684
69.71 2 0.0500103
69.81 1 0.214684
69.81 2 0.0500103
69.91 1 0.214684
69.91 2 0.0500103
70.01 1 0.214684
70.01 2 0.0500103
70.11 1 0.214684
70.11 2 0.0500103
70.21 1 0.214684
70.21 2 0.0500103
70.31 1 0.214684
70.31 2 0.0500103
70.41 1 0.214684
70.41 2 0.0500103
70.51 1 0.214684
70.51 2 0.0500103
70.61 1 0.214684
70.61 2 0.0500103
70.71 1 0.214684
70.71 2 0.0500103
70.81 1 0.214684
70.81 2 0.0500103
70.91 1 0.214684
70.91 2 0.0500103
71.01 1 0.214684
71.01 2 0.0500103
71.11 1 0.214684
71.11 2 0.0500103
71.21 1 0.214684
71.21 2 0.0500103
71.31 1 0.214684
71.31 2 0.0500103
71.41 1 0.214684
71.41 2 0.0500103
71.51 1 0.214684
71.51 2 0.0500103
71.61 1 0.214684
71.61 2 0.0500103
71.71 1 0.214684
71.71 2 0.0500103
71.81 1 0.214684
71.81 2 0.0500103
71.91 1 0.214684
71.91 2 0.0500103
72.01 1 0.214684
72.01 2 0.0500103
72.11 1 0.214684
72.11 2 0.0500103
72.21 1 0.214684
72.21 2 0.0500103
72.31 1 0.214684
72.31 2 0.0500103
72.41 1 0.214684
72.41 2 0.0500103
72.51 1 0.214684
72.51 2 0.0500103
72.61 1 0.214684
72.61 2 0.0500103
72.71 1 0.214684
72.71 2 0.0500103
72.81 1 0.214684
72.81 2 0.0500103
72.91 1 0.214684
72.91 2 0.0500103
73.01 1 0.214684
73.01 2 0.0500103
73.11 1 0.214684
73.11 2 0.0500103
73.21 1 0.214684
73.21 2 0.0500103
73.31 1 0.214684
73.31 2 0.0500103
73.41 1 0.214684
73.41 2 0.0500103
73.51 1 0.214684
73.51 2 0.0500103
73.61 1 0.214684
73.61 2 0.0500103
73.71 1 0.214684
73.71 2 0.0500103
73.81 1 0.214684
73.81 2 0.0500103
73.91 1 0.214684
73.91 2 0.0500103
74.01 1 0.214684
74.01 2 0.0500103
74.11 1 0.214684
74.11 2 0.0500103
74.21 1 0.214684
74.21 2 0.0500103
74.31 1 0.214684
74.31 2 0.0500103
74.41 1 0.214684
74.41 2 0.0500103
74.51 1 0.214684
74.51 2 0.0500103
74.61 1 0.214684
74.61 2 0.0500103
74.71 1 0.214684
74.71 2 0.0500103
74.81 1 0.214684
74.81 2 0.0500103
74.91 1 0.214684
74.91 2 0.0500103
75.01 1 0.214684
75.01 2 0.0500103
75.11 1 0.214684
75.11 2 0.0500103
75.21 1 0.214684
75.21 2 0.0500103
75.31 1 0.214684
75.31 2 0.0500103
75.41 1 0.214684
75.41 2 0.0500103
75.51 1 0.214684
75.51 2 0.0500103
75.61 1 0.214684
75.61 2 0.0500103
75.71 1 0.214684
75.71 2 0.0500103
75.81 1 0.214684
75.81 2 0.0500103
75.91 1 0.214684
75.91 2 0.0500103
76.01 1 0.214684
76.01 2 0.0500103
76.11 1 0.214684
76.11 2 0.0500103
76.21 1 0.214684
76.21 2 0.0500103
76.31 1 0.214684
76.31 2 0.0500103
76.41 1 0.214684
76.41 2 0.0500103
76.51 1 0.214684
76.51 2 0.0500103
76.61 1 0.214684
76.61 2 0.0500103
76.71 1 0.214684
76.71 2 0.0500103
76.81 1 0.214684
76.81 2 0.0500103
76.91 1 0.214684
76.91 2 0.0500103
77.01 1 0.214684
77.01 2 0.0500103
77.11 1 0.214684
77.11 2 0.0500103
77.21 1 0.214684
77.21 2 0.0500103
77.31 1 0.214684
77.31 2 0.0500103
77.41 1 0.214684
77.41 2 0.0500103
77.51 1 0.214684
77.51 2 0.0500103
77.61 1 0.214684
77.61 2 0.0500103
77.71 1 0.214684
77.71 2 0.0500103
77.81 1 0.214684
77.81 2 0.0500103
77.91 1 0.214684
77.91 2 0.0500103
78.01 1 0.214684
78.01 2 0.0500103
78.11 1 0.214684
78.11 2 0.0500103
78.21 1 0.214684
78.21 2 0.0500103
78.31 1 0.214684
78.31 2 0.0500103
78.41 1 0.214684
78.41 2 0.0500103
78.51 1 0.214684
78.51 2 0.0500103
78.61 1 0.214684
78.61 2 0.0500103
78.71 1 0.214684
78.71 2 0.0500103
78.81 1 0.214684
78.81 2 0.0500103
78.91 1 0.214684
78.91 2 0.0500103
79.01 1 0.214684
79.01 2 0.0500103
79.11 1 0.214684
79.11 2 0.0500103
79.21 1 0.214684
79.21 2 0.0500103
79.31 1 0.214684
79.31 2 0.0500103
79.41 1 0.214684
79.41 2 0.0500103
79.51 1 0.214684
79.51 2 0.0500103
79.61 1 0.214684
79.61 2 0.0500103
79.71 1 0.214684
79.71 2 0.0500103
79.81 1 0.214684
79.81 2 0.0500103
79.91 1 0.214684
79.91 2 0.0500103
80.01 1 0.214684
80.01 2 0.0500103
80.11 1 0.214684
80.11 2 0.0500103
80.21 1 0.214684
80.21 2 0.0500103
80.31 1 0.214684
80.31 2 0.0500103
80.41 1 0.214684
80.41 2 0.0500103
80.51 1 0.214684
80.51 2 0.0500103
80.61 1 0.214684
80.61 2 0.0500103
80.71 1 0.214684
80.71 2 0.0500103
80.81 1 0.214684
80.81 2 0.0500103
80.91 1 0.214684
80.91 2 0.0500103
81.01 1 0.214684
81.01 2 0.0500103
81.11 1 0.214684
81.11 2 0.0500103
81.21 1 0.214684
81.21 2 0.0500103
81.31 1 0.214684
81.31 2 0.0500103
81.41 1 0.214684
81.41 2 0.0500103
81.51 1 0.214684
81.51 2 0.0500103
81.61 1 0.214684
81.61 2 0.0500103
81.71 1 0.214684
81.71 2 0.0500103
81.81 1 0.214684
81.81 2 0.0500103
81.91 1 0.214684
81.91 2 0.0500103
82.01 1 0.214684
82.01 2 0.0500103
82.11 1 0.214684
82.11 2 0.0500103
82.21 1 0.214684
82.21 2 0.0500103
82.31 1 0.214684
82.31 2 0.0500103
82.41 1 0.214684
82.41 2 0.0500103
82.51 1 0.214684
82.51 2 0.0500103
82.61 1 0.214684
82.61 2 0.0500103
82.71 1 0.214684
82.71 2 0.0500103
82.81 1 0.214684
82.81 2 0.0500103
82.91 1 0.214684
82.91 2 0.0500103
83.01 1 0.214684
83.01 2 0.0500103
83.11 1 0.214684
83.11 2 0.0500103
83.21 1 0.214684
83.21 2 0.0500103
83.31 1 0.214684
83.31 2 0.0500103
83.41 1 0.214684
83.41 2 0.0500103
83.51 1 0.214684
83.51 2 0.0500103
83.61 1 0.214684
83.61 2 0.0500103
83.71 1 0.214684
83.71 2 0.0500103
83.81 1 0.214684
83.81 2 0.0500103
83.91 1 0.214684
83.91 2 0.0500103
84.01 1 0.214684
84.01 2 0.0500103
84.11 1 0.214684
84.11 2 0.0500103
84.21 1 0.214684
84.21 2 0.0500103
84.31 1 0.214684
84.31 2 0.0500103
84.41 1 0.214684
84.41 2 0.0500103
84.51 1 0.214684
84.51 2 0.0500103
84.61 1 0.214684
84.61 2 0.0500103
84.71 1 0.214684
84.71 2 0.0500103
84.81 1 0.214684
84.81 2 0.0500103
84.91 1 0.214684
84.91 2 0.0500103
85.01 1 0.214684
85.01 2 0.0500103
85.11 1 0.214684
85.11 2 0.0500103
85.21 1 0.214684
85.21 2 0.0500103
85.31 1 0.214684
85.31 2 0.0500103
85.41 1 0.214684
85.41 2 0.0500103
85.51 1 0.214684
85.51 2 0.0500103
85.61 1 0.214684
85.61 2 0.0500103
85.71 1 0.214684
85.71 2 0.0500103
85.81 1 0.214684
85.81 2 0.0500103
85.91 1 0.214684
85.91 2 0.0500103
86.01 1 0.214684
86.01 2 0.0500103
86.11 1 0.214684
86.11 2 0.0500103
86.21 1 0.214684
86.21 2 0.0500103
86.31 1 0.214684
86.31 2 0.0500103
86.41 1 0.214684
86.41 2 0.0500103
86.51 1 0.214684
86.51 2 0.0500103
86.61 1 0.214684
86.61 2 0.0500103
86.71 1 0.214684
86.71 2 0.0500103
86.81 1 0.214684
86.81 2 0.0500103
86.91 1 0.214684
86.91 2 0.0500103
87.01 1 0.214684
87.01 2 0.0500103
87.11 1 0.214684
87.11 2 0.0500103
87.21 1 0.214684
87.21 2 0.0500103
87.31 1 0.214684
87.31 2 0.0500103
87.41 1 0.214684
87.41 2 0.0500103
87.51 1 0.214684
87.51 2 0.0500103
87.61 1 0.214684
87.61 2 0.0500103
87.71 1 0.214684
87.71 2 0.0500103
87.81 1 0.214684
87.81 2 0.0500103
87.91 1 0.214684
87.91 2 0.0500103
88.01 1 0.214684
88.01 2 0.0500103
88.11 1 0.214684
88.11 2 0.0500103
88.21 1 0.214684
88.21 2 0.0500103
88.31 1 0.214684
88.31 2 0.0500103
88.41 1 0.214684
88.41 2 0.0500103
88.51 1 0.214684
88.51 2 0.0500103
88.61 1 0.214684
88.61 2 0.0500103
88.71 1 0.214684
88.71 2 0.0500103
88.81 1 0.214684
88.81 2 0.0500103
88.91 1 0.214684
88.91 2 0.0500103
89.01 1 0.214684
89.01 2 0.0500103
89.11 1 0.214684
89.11 2 0.0500103
89.21 1 0.214684
89.21 2 0.0500103
89.31 1 0.214684
89.31 2 0.0500103
89.41 1 0.214684
89.41 2 0.0500103
89.51 1 0.214684
89.51 2 0.0500103
89.61 1 0.214684
89.61 2 0.0500103
89.71 1 0.214684
89.71 2 0.0500103
89.81 1 0.214684
89.81 2 0.0500103
89.91 1 0.214684
89.91 2 0.0500103
90.01 1 0.214684
90.01 2 0.0500103
90.11 1 0.214684
90.11 2 0.0500103
90.21 1 0.214684
90.21 2 0.0500103
90.31 1 0.214684
90.31 2 0.0500103
90.41 1 0.214684
90.41 2 0.0500103
90.51 1 0.214684
90.51 2 0.0500103
90.61 1 0.214684
90.61 2 0.0500103
90.71 1 0.214684
90.71 2 0.0500103
90.81 1 0.214684
90.81 2 0.0500103
90.91 1 0.214684
90.91 2 0.0500103
91.01 1 0.214684
91.01 2 0.0500103
91.11 1 0.214684
91.11 2 0.0500103
91.21 1 0.214684
91.21 2 0.0500103
91.31 1 0.214684
91.31 2 0.0500103
91.41 1 0.214684
91.41 2 0.0500103
91.51 1 0.214684
91.51 2 0.0500103
91.61 1 0.214684
91.61 2 0.0500103
91.71 1 0.214684
91.71 2 0.0500103
91.81 1 0.214684
91.81 2 0.0500103
91.91 1 0.214684
91.91 2 0.0500103
92.01 1 0.214684
92.01 2 0.0500103
92.11 1 0.214684
92.11 2 0.0500103
92.21 1 0.214684
92.21 2 0.0500103
92.31 1 0.214684
92.31 2 0.0500103
92.41 1 0.214684
92.41 2 0.0500103
92.51 1 0.214684
92.51 2 0.0500103
92.61 1 0.214684
92.61 2 0.0500103
92.71 1 0.214684
92.71 2 0.0500103
92.81 1 0.214684
92.81 2 0.0500103
92.91 1 0.214684
92.91 2 0.0500103
93.01 1 0.214684
93.01 2 0.0500103
93.11 1 0.214684
93.11 2 0.0500103
93.21 1 0.214684
93.21 2 0.0500103
93.31 1 0.214684
93.31 2 0.0500103
93.41 1 0.214684
93.41 2 0.0500103
93.51 1 0.214684
93.51 2 0.0500103
93.61 1 0.214684
93.61 2 0.0500103
93.71 1 0.214684
93.71 2 0.0500103
93.81 1 0.214684
93.81 2 0.0500103
93.91 1 0.214684
93.91 2 0.0500103
94.01 1 0.214684
94.01 2 0.0500103
94.11 1 0.214684
94.11 2 0.0500103
94.21 1 0.214684
94.21 2 0.0500103
94.31 1 0.214684
94.31 2 0.0500103
94.41 1 0.214684
94.41 2 0.0500103
94.51 1 0.214684
94.51 2 0.0500103
94.61 1 0.214684
94.61 2 0.0500103
94.71 1 0.214684
94.71 2 0.0500103
94.81 1 0.214684
94.81 2 0.0500103
94.91 1 0.214684
94.91 2 0.0500103
95.01 1 0.214684
95.01 2 0.0500103
95.11 1 0.214684
95.11 2 0.0500103
95.21 1 0.214684
95.21 2 0.0500103
95.31 1 0.214684
95.31 2 0.0500103
95.41 1 0.214684
95.41 2 0.0500103
95.51 1 0.214684
95.51 2 0.0500103
95.61 1 0.214684
95.61 2 0.0500103
95.71 1 0.214684
95.71 2 0.0500103
95.81 1 0.214684
95.81 2 0.0500103
95.91 1 0.214684
95.91 2 0.0500103
96.01 1 0.214684
96.01 2 0.0500103
96.11 1 0.214684
96.11 2 0.0500103
96.21 1 0.214684
96.21 2 0.0500103
96.31 1 0.214684
96.31 2 0.0500103
96.41 1 0.214684
96.41 2 0.0500103
96.51 1 0.214684
96.51 2 0.0500103
96.61 1 0.214684
96.61 2 0.0500103
96.71 1 0.214684
96.71 2 0.0500103
96.81 1 0.214684
96.81 2 0.0500103
96.91 1 0.214684
96.91 2 0.0500103
97.01 1 0.214684
97.01 2 0.0500103
97.11 1 0.214684
97.11 2 0.0500103
97.21 1 0.214684
97.21 2 0.0500103
97.31 1 0.214684
97.31 2 0.0500103
97.41 1 0.214684
97.41 2 0.0500103
97.51 1 0.214684
97.51 2 0.0500103
97.61 1 0.214684
97.61 2 0.0500103
97.71 1 0.214684
97.71 2 0.0500103
97.81 1 0.214684
97.81 2 0.0500103
97.91 1 0.214684
97.91 2 0.0500103
98.01 1 0.214684
98.01 2 0.0500103
98.11 1 0.214684
98.11 2 0.0500103
98.21 1 0.214684
98.21 2 0.0500103
98.31 1 0.214684
98.31 2 0.0500103
98.41 1 0.214684
98.41 2 0.0500103
98.51 1 0.214684
98.51 2 0.0500103
98.61 1 0.214684
98.61 2 0.0500103
98.71 1 0.214684
98.71 2 0.0500103
98.81 1 0.214684
98.81 2 0.0500103
98.91 1 0.214684
98.91 2 0.0500103
99.01 1 0.214684
99.01 2 0.0500103
99.11 1 0.214684
99.11 2 0.0500103
99.21 1 0.214684
99.21 2 0.0500103
99.31 1 0.214684
99.31 2 0.0500103
99.41 1 0.214684
99.41 2 0.0500103
99.51 1 0.214684
99.51 2 0.0500103
99.61 1 0.214684
99.61 2 0.0500103
99.71 1 0.214684
99.71 2 0.0500103
99.81 1 0.214684
99.81 2 0.0500103
99.91 1 0.214684
99.91 2 0.0500103
100.01 1 0.214684
100.01 2 0.0500103
100.11 1 0.214684
100.11 2 0.0500103
100.21 1 0.214684
100.21 2 0.0500103
100.31 1 0.214684
100.31 2 0.0500103
100.41 1 0.214684
100.41 2 0.0500103
100.51 1 0.214684
100.51 2 0.0500103
100.61 1 0.214684
100.61 2 0.0500103
100.71 1 0.214684
100.71 2 0.0500103
100.81 1 0.214684
100.81 2 0.0500103
100.91 1 0.214684
100.91 2 0.0500103
101.01 1 0.214684
101.01 2 0.0500103
101.11 1 0.214684
101.11 2 0.0500103
101.21 1 0.214684
101.21 2 0.0500103
101.31 1 0.214684
101.31 2 0.0500103
101.41 1 0.214684
101.41 2 0.0500103
101.51 1 0.214684
101.51 2 0.0500103
101.61 1 0.214684
101.61 2 0.0500103
101.71 1 0.214684
101.71 2 0.0500103
101.81 1 0.214684
101.81 2 0.0500103
101.91 1 0.214684
101.91 2 0.0500103
102.01 1 0.214684
102.01 2 0.0500103
102.11 1 0.214684
102.11 2 0.0500103
102.21 1 0.214684
102.21 2 0.0500103
102.31 1 0.214684
102.31 2 0.0500103
102.41 1 0.214684
102.41 2 0.0500103
102.51 1 0.214684
102.51 2 0.0500103
102.61 1 0.214684
102.61 2 0.0500103
102.71 1 0.214684
102.71 2 0.0500103
102.81 1 0.214684
102.81 2 0.0500103
102.91 1 0.214684
102.91 2 0.0500103
103.01 1 0.214684
103.01 2 0.0500103
103.11 1 0.214684
103.11 2 0.0500103
103.21 1 0.214684
103.21 2 0.0500103
103.31 1 0.214684
103.31 2 0.0500103
103.41 1 0.214684
103.41 2 0.0500103
103.51 1 0.214684
103.51 2 0.0500103
103.61 1 0.214684
103.61 2 0.0500103
103.71 1 0.214684
103.71 2 0.0500103
103.81 1 0.214684
103.81 2 0.0500103
103.91 1 0.214684
103.91 2 0.0500103
104.01 1 0.214684
104.01 2 0.0500103
104.11 1 0.214684
104.11 2 0.0500103
104.21 1 0.214684
104.21 2 0.0500103
104.31 1 0.214684
104.31 2 0.0500103
104.41 1 0.214684
104.41 2 0.0500103
104.51 1 0.214684
104.51 2 0.0500103
104.61 1 0.214684
104.61 2 0.0500103
104.71 1 0.214684
104.71 2 0.0500103
104.81 1 0.214684
104.81 2 0.0500103
104.91 1 0.214684
104.91 2 0.0500103
105.01 1 0.214684
105.01 2 0.0500103
105.11 1 0.214684
105.11 2 0.0500103
105.21 1 0.214684
105.21 2 0.0500103
105.31 1 0.214684
105.31 2 0.0500103
105.41 1 0.214684
105.41 2 0.0500103
105.51 1 0.214684
105.51 2 0.0500103
105.61 1 0.214684
105.61 2 0.0500103
105.71 1 0.214684
105.71 2 0.0500103
105.81 1 0.214684
105.81 2 0.0500103
105.91 1 0.214684
105.91 2 0.0500103
106.01 1 0.214684
106.01 2 0.0500103
106.11 1 0.214684
106.11 2 0.0500103
106.21 1 0.214684
106.21 2 0.0500103
106.31 1 0.214684
106.31 2 0.0500103
106.41 1 0.214684
106.41 2 0.0500103
106.51 1 0.214684
106.51 2 0.0500103
106.61 1 0.214684
106.61 2 0.0500103
106.71 1 0.214684
106.71 2 0.0500103
106.81 1 0.214684
106.81 2 0.0500103
106.91 1 0.214684
106.91 2 0.0500103
107.01 1 0.214684
107.01 2 0.0500103
107.11 1 0.214684
107.11 2 0.0500103
107.21 1 0.214684
107.21 2 0.0500103
107.31 1 0.214684
107.31 2 0.0500103
107.41 1 0.214684
107.41 2 0.0500103
107.51 1 0.214684
107.51 2 0.0500103
107.61 1 0.214684
107.61 2 0.0500103
107.71 1 0.214684
107.71 2 0.0500103
107.81 1 0.214684
107.81 2 0.0500103
107.91 1 0.214684
107.91 2 0.0500103
108.01 1 0.214684
108.01 2 0.0500103
108.11 1 0.214684
108.11 2 0.0500103
108.21 1 0.214684
108.21 2 0.0500103
108.31 1 0.214684
108.31 2 0.0500103
108.41 1 0.214684
108.41 2 0.0500103
108.51 1 0.214684
108.51 2 0.0500103
108.61 1 0.214684
108.61 2 0.0500103
108.71 1 0.214684
108.71 2 0.0500103
108.81 1 0.214684
108.81 2 0.0500103
108.91 1 0.214684
108.91 2 0.0500103
109.01 1 0.214684
109.01 2 0.0500103
109.11 1 0.214684
109.11 2 0.0500103
109.21 1 0.214684
109.21 2 0.0500103
109.31 1 0.214684
109.31 2 0.0500103
109.41 1 0.214684
109.41 2 0.0500103
109.51 1 0.214684
109.51 2 0.0500103
109.61 1 0.214684
109.61 2 0.0500103
109.71 1 0.214684
109.71 2 0.0500103
109.81 1 0.214684
109.81 2 0.0500103
109.91 1 0.214684
109.91 2 0.0500103
110.01 1 0.214684
110.01 2 0.0500103
110.11 1 0.214684
110.11 2 0.0500103
110.21 1 0.214684
110.21 2 0.0500103
110.31 1 0.214684
110.31 2 0.0500103
110.41 1 0.214684
110.41 2 0.0500103
110.51 1 0.214684
110.51 2 0.0500103
110.61 1 0.214684
110.61 2 0.0500103
110.71 1 0.214684
110.71 2 0.0500103
110.81 1 0.214684
110.81 2 0.0500103
110.91 1 0.214684
110.91 2 0.0500103
111.01 1 0.214684
111.01 2 0.0500103
111.11 1 0.214684
111.11 2 0.0500103
111.21 1 0.214684
111.21 2 0.0500103
111.31 1 0.214684
111.31 2 0.0500103
111.41 1 0.214684
111.41 2 0.0500103
111.51 1 0.214684
111.51 2 0.0500103
111.61 1 0.214684
111.61 2 0.0500103
111.71 1 0.214684
111.71 2 0.0500103
111.81 1 0.214684
111.81 2 0.0500103
111.91 1 0.214684
111.91 2 0.0500103
112.01 1 0.214684
112.01 2 0.0500103
112.11 1 0.214684
112.11 2 0.0500103
112.21 1 0.214684
112.21 2 0.0500103
112.31 1 0.214684
112.31 2 0.0500103
112.41 1 0.214684
112.41 2 0.0500103
112.51 1 0.214684
112.51 2 0.0500103
112.61 1 0.214684
112.61 2 0.0500103
112.71 1 0.214684
112.71 2 0.0500103
112.81 1 0.214684
112.81 2 0.0500103
112.91 1 0.214684
112.91 2 0.0500103
113.01 1 0.214684
113.01 2 0.0500103
113.11 1 0.214684
113.11 2 0.0500103
113.21 1 0.214684
113.21 2 0.0500103
113.31 1 0.214684
113.31 2 0.0500103
113.41 1 0.214684
113.41 2 0.0500103
113.51 1 0.214684
113.51 2 0.0500103
113.61 1 0.214684
113.61 2 0.0500103
113.71 1 0.214684
113.71 2 0.0500103
113.81 1 0.214684
113.81 2 0.0500103
113.91 1 0.214684
113.91 2 0.0500103
114.01 1 0.214684
114.01 2 0.0500103
114.11 1 0.214684
114.11 2 0.0500103
114.21 1 0.214684
114.21 2 0.0500103
114.31 1 0.214684
114.31 2 0.0500103
114.41 1 0.214684
114.41 2 0.0500103
114.51 1 0.214684
114.51 2 0.0500103
114.61 1 0.214684
114.61 2 0.0500103
114.71 1 0.214684
114.71 2 0.0500103
114.81 1 0.214684
114.81 2 0.0500103
114.91 1 0.214684
114.91 2 0.0500103
115.01 1 0.214684
115.01 2 0.0500103
115.11 1 0.214684
115.11 2 0.0500103
115.21 1 0.214684
115.21 2 0.0500103
115.31 1 0.214684
115.31 2 0.0500103
115.41 1 0.214684
115.41 2 0.0500103
115.51 1 0.214684
115.51 2 0.0500103
115.61 1 0.214684
115.61 2 0.0500103
115.71 1 0.214684
115.71 2 0.0500103
115.81 1 0.214684
115.81 2 0.0500103
115.91 1 0.214684
115.91 2 0.0500103
116.01 1 0.214684
116.01 2 0.0500103
116.11 1 0.214684
116.11 2 0.0500103
116.21 1 0.214684
116.21 2 0.0500103
116.31 1 0.214684
116.31 2 0.0500103
116.41 1 0.214684
116.41 2 0.0500103
116.51 1 0.214684
116.51 2 0.0500103
116.61 1 0.214684
116.61 2 0.0500103
116.71 1 0.214684
116.71 2 0.0500103
116.81 1 0.214684
116.81 2 0.0500103
116.91 1 0.214684
116.91 2 0.0500103
117.01 1 0.214684
117.01 2 0.0500103
117.11 1 0.214684
117.11 2 0.0500103
117.21 1 0.214684
117.21 2 0.0500103
117.31 1 0.214684
117.31 2 0.0500103
117.41 1 0.214684
117.41 2 0.0500103
117.51 1 0.214684
117.51 2 0.0500103
117.61 1 0.214684
117.61 2 0.0500103
117.71 1 0.214684
117.71 2 0.0500103
117.81 1 0.214684
117.81 2 0.0500103
117.91 1 0.214684
117.91 2 0.0500103
118.01 1 0.214684
118.01 2 0.0500103
118.11 1 0.214684
118.11 2 0.0500103
118.21 1 0.214684
118.21 2 0.0500103
118.31 1 0.214684
118.31 2 0.0500103
118.41 1 0.214684
118.41 2 0.0500103
118.51 1 0.214684
118.51 2 0.0500103
118.61 1 0.214684
118.61 2 0.0500103
118.71 1 0.214684
118.71 2 0.0500103
118.81 1 0.214684
118.81 2 0.0500103
118.91 1 0.214684
118.91 2 0.0500103
119.01 1 0.214684
119.01 2 0.0500103
119.11 1 0.214684
119.11 2 0.0500103
119.21 1 0.214684
119.21 2 0.0500103
119.31 1 0.214684
119.31 2 0.0500103
119.41 1 0.214684
119.41 2 0.0500103
119.51 1 0.214684
119.51 2 0.0500103
119.61 1 0.214684
119.61 2 0.0500103
119.71 1 0.214684
119.71 2 0.0500103
119.81 1 0.214684
119.81 2 0.0500103
119.91 1 0.214684
119.91 2 0.0500103
120.01 1 0.214684
120.01 2 0.0500103
120.11 1 0.214684
120.11 2 0.0500103
120.21 1 0.214684
120.21 2 0.0500103
120.31 1 0.214684
120.31 2 0.0500103
120.41 1 0.214684
120.41 2 0.0500103
120.51 1 0.214684
120.51 2 0.0500103
120.61 1 0.214684
120.61 2 0.0500103
120.71 1 0.214684
120.71 2 0.0500103
120.81 1 0.214684
120.81 2 0.0500103
120.91 1 0.214684
120.91 2 0.0500103
121.01 1 0.214684
121.01 2 0.0500103
121.11 1 0.214684
121.11 2 0.0500103
121.21 1 0.214684
121.21 2 0.0500103
121.31 1 0.214684
121.31 2 0.0500103
121.41 1 0.214684
121.41 2 0.0500103
121.51 1 0.214684
121.51 2 0.0500103
121.61 1 0.214684
121.61 2 0.0500103
121.71 1 0.214684
121.71 2 0.0500103
121.81 1 0.214684
121.81 2 0.0500103
121.91 1 0.214684
121.91 2 0.0500103
122.01 1 0.214684
122.01 2 0.0500103
122.11 1 0.214684
122.11 2 0.0500103
122.21 1 0.214684
122.21 2 0.0500103
122.31 1 0.214684
122.31 2 0.0500103
122.41 1 0.214684
122.41 2 0.0500103
122.51 1 0.214684
122.51 2 0.0500103
122.61 1 0.214684
122.61 2 0.0500103
122.71 1 0.214684
122.71 2 0.0500103
122.81 1 0.214684
122.81 2 0.0500103
122.91 1 0.214684
122.91 2 0.0500103
123.01 1 0.214684
123.01 2 0.0500103
123.11 1 0.214684
123.11 2 0.0500103
123.21 1 0.214684
123.21 2 0.0500103
123.31 1 0.214684
123.31 2 0.0500103
123.41 1 0.214684
123.41 2 0.0500103
123.51 1 0.214684
123.51 2 0.0500103
123.61 1 0.214684
123.61 2 0.0500103
123.71 1 0.214684
123.71 2 0.0500103
123.81 1 0.214684
123.81 2 0.0500103
123.91 1 0.214684
123.91 2 0.0500103
124.01 1 0.214684
124.01 2 0.0500103
124.11 1 0.214684
124.11 2 0.0500103
124.21 1 0.214684
124.21 2 0.0500103
124.31 1 0.214684
124.31 2 0.0500103
124.41 1 0.214684
124.41 2 0.0500103
124.51 1 0.214684
124.51 2 0.0500103
124.61 1 0.214684
124.61 2 0.0500103
124.71 1 0.214684
124.71 2 0.0500103
124.81 1 0.214684
124.81 2 0.0500103
124.91 1 0.214684
124.91 2 0.0500103
125.01 1 0.214684
125.01 2 0.0500103
125.11 1 0.214684
125.11 2 0.0500103
125.21 1 0.214684
125.21 2 0.0500103
125.31 1 0.214684
125.31 2 0.0500103
125.41 1 0.214684
125.41 2 0.0500103
125.51 1 0.214684
125.51 2 0.0500103
125.61 1 0.214684
125.61 2 0.0500103
125.71 1 0.214684
125.71 2 0.0500103
125.81 1 0.214684
125.81 2 0.0500103
125.91 1 0.214684
125.91 2 0.0500103
126.01 1 0.214684
126.01 2 0.0500103
126.11 1 0.214684
126.11 2 0.0500103
126.21 1 0.214684
126.21 2 0.0500103
126.31 1 0.214684
126.31 2 0.0500103
126.41 1 0.214684
126.41 2 0.0500103
126.51 1 0.214684
126.51 2 0.0500103
126.61 1 0.214684
126.61 2 0.0500103
126.71 1 0.214684
126.71 2 0.0500103
126.81 1 0.214684
126.81 2 0.0500103
126.91 1 0.214684
126.91 2 0.0500103
127.01 1 0.214684
127.01 2 0.0500103
127.11 1 0.214684
127.11 2 0.0500103
127.21 1 0.214684
127.21 2 0.0500103
127.31 1 0.214684
127.31 2 0.0500103
127.41 1 0.214684
127.41 2 0.0500103
127.51 1 0.214684
127.51 2 0.0500103
127.61 1 0.214684
127.61 2 0.0500103
127.71 1 0.214684
127.71 2 0.0500103
127.81 1 0.214684
127.81 2 0.0500103
127.91 1 0.214684
127.91 2 0.0500103
128.01 1 0.214684
128.01 2 0.0500103
128.11 1 0.214684
128.11 2 0.0500103
128.21 1 0.214684
128.21 2 0.0500103
128.31 1 0.214684
128.31 2 0.0500103
128.41 1 0.214684
128.41 2 0.0500103
128.51 1 0.214684
128.51 2 0.0500103
128.61 1 0.214684
128.61 2 0.0500103
128.71 1 0.214684
128.71 2 0.0500103
128.81 1 0.214684
128.81 2 0.0500103
128.91 1 0.214684
128.91 2 0.0500103
129.01 1 0.214684
129.01 2 0.0500103
129.11 1 0.214684
129.11 2 0.0500103
129.21 1 0.214684
129.21 2 0.0500103
129.31 1 0.214684
129.31 2 0.0500103
129.41 1 0.214684
129.41 2 0.0500103
129.51 1 0.214684
129.51 2 0.0500103
129.61 1 0.214684
129.61 2 0.0500103
129.71 1 0.214684
129.71 2 0.0500103
129.81 1 0.214684
129.81 2 0.0500103
129.91 1 0.214684
129.91 2 0.0500103
130.01 1 0.214684
130.01 2 0.0500103
130.11 1 0.214684
130.11 2 0.0500103
130.21 1 0.214684
130.21 2 0.0500103
130.31 1 0.214684
130.31 2 0.0500103
130.41 1 0.214684
130.41 2 0.0500103
130.51 1 0.214684
130.51 2 0.0500103
130.61 1 0.214684
130.61 2 0.0500103
130.71 1 0.214684
130.71 2 0.0500103
130.81 1 0.214684
130.81 2 0.0500103
130.91 1 0.214684
130.91 2 0.0500103
131.01 1 0.214684
131.01 2 0.0500103
131.11 1 0.214684
131.11 2 0.0500103
131.21 1 0.214684
131.21 2 0.0500103
131.31 1 0.214684
131.31 2 0.0500103
131.41 1 0.214684
131.41 2 0.0500103
131.51 1 0.214684
131.51 2 0.0500103
131.61 1 0.214684
131.61 2 0.0500103
131.71 1 0.214684
131.71 2 0.0500103
131.81 1 0.214684
131.81 2 0.0500103
131.91 1 0.214684
131.91 2 0.0500103
132.01 1 0.214684
132.01 2 0.0500103
132.11 1 0.214684
132.11 2 0.0500103
132.21 1 0.214684
132.21 2 0.0500103
132.31 1 0.214684
132.31 2 0.0500103
132.41 1 0.214684
132.41 2 0.0500103
132.51 1 0.214684
132.51 2 0.0500103
132.61 1 0.214684
132.61 2 0.0500103
132.71 1 0.214684
132.71 2 0.0500103
132.81 1 0.214684
132.81 2 0.0500103
132.91 1 0.214684
132.91 2 0.0500103
133.01 1 0.214684
133.01 2 0.0500103
133.11 1 0.214684
133.11 2 0.0500103
133.21 1 0.214684
133.21 2 0.0500103
133.31 1 0.214684
133.31 2 0.0500103
133.41 1 0.214684
133.41 2 0.0500103
133.51 1 0.214684
133.51 2 0.0500103
133.61 1 0.214684
133.61 2 0.0500103
133.71 1 0.214684
133.71 2 0.0500103
133.81 1 0.214684
133.81 2 0.0500103
133.91 1 0.214684
133.91 2 0.0500103
134.01 1 0.214684
134.01 2 0.0500103
134.11 1 0.214684
134.11 2 0.0500103
134.21 1 0.214684
134.21 2 0.0500103
134.31 1 0.214684
134.31 2 0.0500103
134.41 1 0.214684
134.41 2 0.0500103
134.51 1 0.214684
134.51 2 0.0500103
134.61 1 0.214684
134.61 2 0.0500103
134.71 1 0.214684
134.71 2 0.0500103
134.81 1 0.214684
134.81 2 0.0500103
134.91 1 0.214684
134.91 2 0.0500103
135.01 1 0.214684
135.01 2 0.0500103
135.11 1 0.214684
135.11 2 0.0500103
135.21 1 0.214684
135.21 2 0.0500103
135.31 1 0.214684
135.31 2 0.0500103
135.41 1 0.214684
135.41 2 0.0500103
135.51 1 0.214684
135.51 2 0.0500103
135.61 1 0.214684
135.61 2 0.0500103
135.71 1 0.214684
135.71 2 0.0500103
135.81 1 0.214684
135.81 2 0.0500103
135.91 1 0.214684
135.91 2 0.0500103
136.01 1 0.214684
136.01 2 0.0500103
136.11 1 0.214684
136.11 2 0.0500103
136.21 1 0.214684
136.21 2 0.0500103
136.31 1 0.214684
136.31 2 0.0500103
136.41 1 0.214684
136.41 2 0.0500103
136.51 1 0.214684
136.51 2 0.0500103
136.61 1 0.214684
136.61 2 0.0500103
136.71 1 0.214684
136.71 2 0.0500103
136.81 1 0.214684
136.81 2 0.0500103
136.91 1 0.214684
136.91 2 0.0500103
137.01 1 0.214684
137.01 2 0.0500103
137.11 1 0.214684
137.11 2 0.0500103
137.21 1 0.214684
137.21 2 0.0500103
137.31 1 0.214684
137.31 2 0.0500103
137.41 1 0.214684
137.41 2 0.0500103
137.51 1 0.214684
137.51 2 0.0500103
137.61 1 0.214684
137.61 2 0.0500103
137.71 1 0.214684
137.71 2 0.0500103
137.81 1 0.214684
137.81 2 0.0500103
137.91 1 0.214684
137.91 2 0.0500103
138.01 1 0.214684
138.01 2 0.0500103
138.11 1 0.214684
138.11 2 0.0500103
138.21 1 0.214684
138.21 2 0.0500103
138.31 1 0.214684
138.31 2 0.0500103
138.41 1 0.214684
138.41 2 0.0500103
138.51 1 0.214684
138.51 2 0.0500103
138.61 1 0.214684
138.61 2 0.0500103
138.71 1 0.214684
138.71 2 0.0500103
138.81 1 0.214684
138.81 2 0.0500103
138.91 1 0.214684
138.91 2 0.0500103
139.01 1 0.214684
139.01 2 0.0500103
139.11 1 0.214684
139.11 2 0.0500103
139.21 1 0.214684
139.21 2 0.0500103
139.31 1 0.214684
139.31 2 0.0500103
139.41 1 0.214684
139.41 2 0.0500103
139.51 1 0.214684
139.51 2 0.0500103
139.61 1 0.214684
139.61 2 0.0500103
139.71 1 0.214684
139.71 2 0.0500103
139.81 1 0.214684
139.81 2 0.0500103
139.91 1 0.214684
139.91 2 0.0500103
140.01 1 0.214684
140.01 2 0.0500103
140.11 1 0.214684
140.11 2 0.0500103
140.21 1 0.214684
140.21 2 0.0500103
140.31 1 0.214684
140.31 2 0.0500103
140.41 1 0.214684
140.41 2 0.0500103
140.51 1 0.214684
140.51 2 0.0500103
140.61 1 0.214684
140.61 2 0.0500103
140.71 1 0.214684
140.71 2 0.0500103
140.81 1 0.214684
140.81 2 0.0500103
140.91 1 0.214684
140.91 2 0.0500103
141.01 1 0.214684
141.01 2 0.0500103
141.11 1 0.214684
141.11 2 0.0500103
141.21 1 0.214684
141.21 2 0.0500103
141.31 1 0.214684
141.31 2 0.0500103
141.41 1 0.214684
141.41 2 0.0500103
141.51 1 0.214684
141.51 2 0.0500103
141.61 1 0.214684
141.61 2 0.0500103
141.71 1 0.214684
141.71 2 0.0500103
141.81 1 0.214684
141.81 2 0.0500103
141.91 1 0.214684
141.91 2 0.0500103
142.01 1 0.214684
142.01 2 0.0500103
142.11 1 0.214684
142.11 2 0.0500103
142.21 1 0.214684
142.21 2 0.0500103
142.31 1 0.214684
142.31 2 0.0500103
142.41 1 0.214684
142.41 2 0.0500103
142.51 1 0.214684
142.51 2 0.0500103
142.61 1 0.214684
142.61 2 0.0500103
142.71 1 0.214684
142.71 2 0.0500103
142.81 1 0.214684
142.81 2 0.0500103
142.91 1 0.214684
142.91 2 0.0500103
143.01 1 0.214684
143.01 2 0.0500103
143.11 1 0.214684
143.11 2 0.0500103
143.21 1 0.214684
143.21 2 0.0500103
143.31 1 0.214684
143.31 2 0.0500103
143.41 1 0.214684
143.41 2 0.0500103
143.51 1 0.214684
143.51 2 0.0500103
143.61 1 0.214684
143.61 2 0.0500103
143.71 1 0.214684
143.71 2 0.0500103
143.81 1 0.214684
143.81 2 0.0500103
143.91 1 0.214684
143.91 2 0.0500103
144.01 1 0.214684
144.01 2 0.0500103
144.11 1 0.214684
144.11 2 0.0500103
144.21 1 0.214684
144.21 2 0.0500103
144.31 1 0.214684
144.31 2 0.0500103
144.41 1 0.214684
144.41 2 0.0500103
144.51 1 0.214684
144.51 2 0.0500103
144.61 1 0.214684
144.61 2 0.0500103
144.71 1 0.214684
144.71 2 0.0500103
144.81 1 0.214684
144.81 2 0.0500103
144.91 1 0.214684
144.91 2 0.0500103
145.01 1 0.214684
145.01 2 0.0500103
145.11 1 0.214684
145.11 2 0.0500103
145.21 1 0.214684
145.21 2 0.0500103
145.31 1 0.214684
145.31 2 0.0500103
145.41 1 0.214684
145.41 2 0.0500103
145.51 1 0.214684
145.51 2 0.0500103
145.61 1 0.214684
145.61 2 0.0500103
145.71 1 0.214684
145.71 2 0.0500103
145.81 1 0.214684
145.81 2 0.0500103
145.91 1 0.214684
145.91 2 0.0500103
146.01 1 0.214684
146.01 2 0.0500103
146.11 1 0.214684
146.11 2 0.0500103
146.21 1 0.214684
146.21 2 0.0500103
146.31 1 0.214684
146.31 2 0.0500103
146.41 1 0.214684
146.41 2 0.0500103
146.51 1 0.214684
146.51 2 0.0500103
146.61 1 0.214684
146.61 2 0.0500103
146.71 1 0.214684
146.71 2 0.0500103
146.81 1 0.214684
146.81 2 0.0500103
146.91 1 0.214684
146.91 2 0.0500103
147.01 1 0.214684
147.01 2 0.0500103
147.11 1 0.214684
147.11 2 0.0500103
147.21 1 0.214684
147.21 2 0.0500103
147.31 1 0.214684
147.31 2 0.0500103
147.41 1 0.214684
147.41 2 0.0500103
147.51 1 0.214684
147.51 2 0.0500103
147.61 1 0.214684
147.61 2 0.0500103
147.71 1 0.214684
147.71 2 0.0500103
147.81 1 0.214684
147.81 2 0.0500103
147.91 1 0.214684
147.91 2 0.0500103
148.01 1 0.214684
148.01 2 0.0500103
148.11 1 0.214684
148.11 2 0.0500103
148.21 1 0.214684
148.21 2 0.0500103
148.31 1 0.214684
148.31 2 0.0500103
148.41 1 0.214684
148.41 2 0.0500103
148.51 1 0.214684
148.51 2 0.0500103
148.61 1 0.214684
148.61 2 0.0500103
148.71 1 0.214684
148.71 2 0.0500103
148.81 1 0.214684
148.81 2 0.0500103
148.91 1 0.214684
148.91 2 0.0500103
149.01 1 0.214684
149.01 2 0.0500103
149.11 1 0.214684
149.11 2 0.0500103
149.21 1 0.214684
149.21 2 0.0500103
149.31 1 0.214684
149.31 2 0.0500103
149.41 1 0.214684
149.41 2 0.0500103
149.51 1 0.214684
149.51 2 0.0500103
149.61 1 0.214684
149.61 2 0.0500103
149.71 1 0.214684
149.71 2 0.0500103
149.81 1 0.214684
149.81 2 0.0500103
149.91 1 0.214684
149.91 2 0.0500103
150.01 1 0.214684
150.01 2 0.0500103
150.11 1 0.214684
150.11 2 0.0500103
150.21 1 0.214684
150.21 2 0.0500103
150.31 1 0.214684
150.31 2 0.0500103
150.41 1 0.214684
150.41 2 0.0500103
150.51 1 0.214684
150.51 2 0.0500103
150.61 1 0.214684
150.61 2 0.0500103
150.71 1 0.214684
150.71 2 0.0500103
150.81 1 0.214684
150.81 2 0.0500103
150.91 1 0.214684
150.91 2 0.0500103
151.01 1 0.214684
151.01 2 0.0500103
151.11 1 0.214684
151.11 2 0.0500103
151.21 1 0.214684
151.21 2 0.0500103
151.31 1 0.214684
151.31 2 0.0500103
151.41 1 0.214684
151.41 2 0.0500103
151.51 1 0.214684
151.51 2 0.0500103
151.61 1 0.214684
151.61 2 0.0500103
151.71 1 0.214684
151.71 2 0.0500103
151.81 1 0.214684
151.81 2 0.0500103
151.91 1 0.214684
151.91 2 0.0500103
152.01 1 0.214684
152.01 2 0.0500103
152.11 1 0.214684
152.11 2 0.0500103
152.21 1 0.214684
152.21 2 0.0500103
152.31 1 0.214684
152.31 2 0.0500103
152.41 1 0.214684
152.41 2 0.0500103
152.51 1 0.214684
152.51 2 0.0500103
152.61 1 0.214684
152.61 2 0.0500103
152.71 1 0.214684
152.71 2 0.0500103
152.81 1 0.214684
152.81 2 0.0500103
152.91 1 0.214684
152.91 2 0.0500103
153.01 1 0.214684
153.01 2 0.0500103
153.11 1 0.214684
153.11 2 0.0500103
153.21 1 0.214684
153.21 2 0.0500103
153.31 1 0.214684
153.31 2 0.0500103
153.41 1 0.214684
153.41 2 0.0500103
153.51 1 0.214684
153.51 2 0.0500103
153.61 1 0.214684
153.61 2 0.0500103
153.71 1 0.214684
153.71 2 0.0500103
153.81 1 0.214684
153.81 2 0.0500103
153.91 1 0.214684
153.91 2 0.0500103
154.01 1 0.214684
154.01 2 0.0500103
154.11 1 0.214684
154.11 2 0.0500103
154.21 1 0.214684
154.21 2 0.0500103
154.31 1 0.214684
154.31 2 0.0500103
154.41 1 0.214684
154.41 2 0.0500103
154.51 1 0.214684
154.51 2 0.0500103
154.61 1 0.214684
154.61 2 0.0500103
154.71 1 0.214684
154.71 2 0.0500103
154.81 1 0.214684
154.81 2 0.0500103
154.91 1 0.214684
154.91 2 0.0500103
155.01 1 0.214684
155.01 2 0.0500103
155.11 1 0.214684
155.11 2 0.0500103
155.21 1 0.214684
155.21 2 0.0500103
155.31 1 0.214684
155.31 2 0.0500103
155.41 1 0.214684
155.41 2 0.0500103
155.51 1 0.214684
155.51 2 0.0500103
155.61 1 0.214684
155.61 2 0.0500103
155.71 1 0.214684
155.71 2 0.0500103
155.81 1 0.214684
155.81 2 0.0500103
155.91 1 0.214684
155.91 2 0.0500103
156.01 1 0.214684
156.01 2 0.0500103
156.11 1 0.214684
156.11 2 0.0500103
156.21 1 0.214684
156.21 2 0.0500103
156.31 1 0.214684
156.31 2 0.0500103
156.41 1 0.214684
156.41 2 0.0500103
156.51 1 0.214684
156.51 2 0.0500103
156.61 1 0.214684
156.61 2 0.0500103
156.71 1 0.214684
156.71 2 0.0500103
156.81 1 0.214684
156.81 2 0.0500103
156.91 1 0.214684
156.91 2 0.0500103
157.01 1 0.214684
157.01 2 0.0500103
157.11 1 0.214684
157.11 2 0.0500103
157.21 1 0.214684
157.21 2 0.0500103
157.31 1 0.214684
157.31 2 0.0500103
157.41 1 0.214684
157.41 2 0.0500103
157.51 1 0.214684
157.51 2 0.0500103
157.61 1 0.214684
157.61 2 0.0500103
157.71 1 0.214684
157.71 2 0.0500103
157.81 1 0.214684
157.81 2 0.0500103
157.91 1 0.214684
157.91 2 0.0500103
158.01 1 0.214684
158.01 2 0.0500103
158.11 1 0.214684
158.11 2 0.0500103
158.21 1 0.214684
158.21 2 0.0500103
158.31 1 0.214684
158.31 2 0.0500103
158.41 1 0.214684
158.41 2 0.0500103
158.51 1 0.214684
158.51 2 0.0500103
158.61 1 0.214684
158.61 2 0.0500103
158.71 1 0.214684
158.71 2 0.0500103
158.81 1 0.214684
158.81 2 0.0500103
158.91 1 0.214684
158.91 2 0.0500103
159.01 1 0.214684
159.01 2 0.0500103
159.11 1 0.214684
159.11 2 0.0500103
159.21 1 0.214684
159.21 2 0.0500103
159.31 1 0.214684
159.31 2 0.0500103
159.41 1 0.214684
159.41 2 0.0500103
159.51 1 0.214684
159.51 2 0.0500103
159.61 1 0.214684
159.61 2 0.0500103
159.71 1 0.214684
159.71 2 0.0500103
159.81 1 0.214684
159.81 2 0.0500103
159.91 1 0.214684
159.91 2 0.0500103
160.01 1 0.214684
160.01 2 0.0500103
160.11 1 0.214684
160.11 2 0.0500103
160.21 1 0.214684
160.21 2 0.0500103
160.31 1 0.214684
160.31 2 0.0500103
160.41 1 0.214684
160.41 2 0.0500103
160.51 1 0.214684
160.51 2 0.0500103
160.61 1 0.214684
160.61 2 0.0500103
160.71 1 0.214684
160.71 2 0.0500103
160.81 1 0.214684
160.81 2 0.0500103
160.91 1 0.214684
160.91 2 0.0500103
161.01 1 0.214684
161.01 2 0.0500103
161.11 1 0.214684
161.11 2 0.0500103
161.21 1 0.214684
161.21 2 0.0500103
161.31 1 0.214684
161.31 2 0.0500103
161.41 1 0.214684
161.41 2 0.0500103
161.51 1 0.214684
161.51 2 0.0500103
161.61 1 0.214684
161.61 2 0.0500103
161.71 1 0.214684
161.71 2 0.0500103
161.81 1 0.214684
161.81 2 0.0500103
161.91 1 0.214684
161.91 2 0.0500103
162.01 1 0.214684
162.01 2 0.0500103
162.11 1 0.214684
162.11 2 0.0500103
162.21 1 0.214684
162.21 2 0.0500103
162.31 1 0.214684
162.31 2 0.0500103
162.41 1 0.214684
162.41 2 0.0500103
162.51 1 0.214684
162.51 2 0.0500103
162.61 1 0.214684
162.61 2 0.0500103
162.71 1 0.214684
162.71 2 0.0500103
162.81 1 0.214684
162.81 2 0.0500103
162.91 1 0.214684
162.91 2 0.0500103
163.01 1 0.214684
163.01 2 0.0500103
163.11 1 0.214684
163.11 2 0.0500103
163.21 1 0.214684
163.21 2 0.0500103
163.31 1 0.214684
163.31 2 0.0500103
163.41 1 0.214684
163.41 2 0.0500103
163.51 1 0.214684
163.51 2 0.0500103
163.61 1 0.214684
163.61 2 0.0500103
163.71 1 0.214684
163.71 2 0.0500103
163.81 1 0.214684
163.81 2 0.0500103
163.91 1 0.214684
163.91 2 0.0500103
164.01 1 0.214684
164.01 2 0.0500103
164.11 1 0.214684
164.11 2 0.0500103
164.21 1 0.214684
164.21 2 0.0500103
164.31 1 0.214684
164.31 2 0.0500103
164.41 1 0.214684
164.41 2 0.0500103
164.51 1 0.214684
164.51 2 0.0500103
164.61 1 0.214684
164.61 2 0.0500103
164.71 1 0.214684
164.71 2 0.0500103
164.81 1 0.214684
164.81 2 0.0500103
164.91 1 0.214684
164.91 2 0.0500103
165.01 1 0.214684
165.01 2 0.0500103
165.11 1 0.214684
165.11 2 0.0500103
165.21 1 0.214684
165.21 2 0.0500103
165.31 1 0.214684
165.31 2 0.0500103
165.41 1 0.214684
165.41 2 0.0500103
165.51 1 0.214684
165.51 2 0.0500103
165.61 1 0.214684
165.61 2 0.0500103
165.71 1 0.214684
165.71 2 0.0500103
165.81 1 0.214684
165.81 2 0.0500103
165.91 1 0.214684
165.91 2 0.0500103
166.01 1 0.214684
166.01 2 0.0500103
166.11 1 0.214684
166.11 2 0.0500103
166.21 1 0.214684
166.21 2 0.0500103
166.31 1 0.214684
166.31 2 0.0500103
166.41 1 0.214684
166.41 2 0.0500103
166.51 1 0.214684
166.51 2 0.0500103
166.61 1 0.214684
166.61 2 0.0500103
166.71 1 0.214684
166.71 2 0.0500103
166.81 1 0.214684
166.81 2 0.0500103
166.91 1 0.214684
166.91 2 0.0500103
167.01 1 0.214684
167.01 2 0.0500103
167.11 1 0.214684
167.11 2 0.0500103
167.21 1 0.214684
167.21 2 0.0500103
167.31 1 0.214684
167.31 2 0.0500103
167.41 1 0.214684
167.41 2 0.0500103
167.51 1 0.214684
167.51 2 0.0500103
167.61 1 0.214684
167.61 2 0.0500103
167.71 1 0.214684
167.71 2 0.0500103
167.81 1 0.214684
167.81 2 0.0500103
167.91 1 0.214684
167.91 2 0.0500103
168.01 1 0.214684
168.01 2 0.0500103
168.11 1 0.214684
168.11 2 0.0500103
168.21 1 0.214684
168.21 2 0.0500103
168.31 1 0.214684
168.31 2 0.0500103
168.41 1 0.214684
168.41 2 0.0500103
168.51 1 0.214684
168.51 2 0.0500103
168.61 1 0.214684
168.61 2 0.0500103
168.71 1 0.214684
168.71 2 0.0500103
168.81 1 0.214684
168.81 2 0.0500103
168.91 1 0.214684
168.91 2 0.0500103
169.01 1 0.214684
169.01 2 0.0500103
169.11 1 0.214684
169.11 2 0.0500103
169.21 1 0.214684
169.21 2 0.0500103
169.31 1 0.214684
169.31 2 0.0500103
169.41 1 0.214684
169.41 2 0.0500103
169.51 1 0.214684
169.51 2 0.0500103
169.61 1 0.214684
169.61 2 0.0500103
169.71 1 0.214684
169.71 2 0.0500103
169.81 1 0.214684
169.81 2 0.0500103
169.91 1 0.214684
169.91 2 0.0500103
170.01 1 0.214684
170.01 2 0.0500103
170.11 1 0.214684
170.11 2 0.0500103
170.21 1 0.214684
170.21 2 0.0500103
170.31 1 0.214684
170.31 2 0.0500103
170.41 1 0.214684
170.41 2 0.0500103
170.51 1 0.214684
170.51 2 0.0500103
170.61 1 0.214684
170.61 2 0.0500103
170.71 1 0.214684
170.71 2 0.0500103
170.81 1 0.214684
170.81 2 0.0500103
170.91 1 0.214684
170.91 2 0.0500103
171.01 1 0.214684
171.01 2 0.0500103
171.11 1 0.214684
171.11 2 0.0500103
171.21 1 0.214684
171.21 2 0.0500103
171.31 1 0.214684
171.31 2 0.0500103
171.41 1 0.214684
171.41 2 0.0500103
171.51 1 0.214684
171.51 2 0.0500103
171.61 1 0.214684
171.61 2 0.0500103
171.71 1 0.214684
171.71 2 0.0500103
171.81 1 0.214684
171.81 2 0.0500103
171.91 1 0.214684
171.91 2 0.0500103
172.01 1 0.214684
172.01 2 0.0500103
172.11 1 0.214684
172.11 2 0.0500103
172.21 1 0.214684
172.21 2 0.0500103
172.31 1 0.214684
172.31 2 0.0500103
172.41 1 0.214684
172.41 2 0.0500103
172.51 1 0.214684
172.51 2 0.0500103
172.61 1 0.214684
172.61 2 0.0500103
172.71 1 0.214684
172.71 2 0.0500103
172.81 1 0.214684
172.81 2 0.0500103
172.91 1 0.214684
172.91 2 0.0500103
173.01 1 0.214684
173.01 2 0.0500103
173.11 1 0.214684
173.11 2 0.0500103
173.21 1 0.214684
173.21 2 0.0500103
173.31 1 0.214684
173.31 2 0.0500103
173.41 1 0.214684
173.41 2 0.0500103
173.51 1 0.214684
173.51 2 0.0500103
173.61 1 0.214684
173.61 2 0.0500103
173.71 1 0.214684
173.71 2 0.0500103
173.81 1 0.214684
173.81 2 0.0500103
173.91 1 0.214684
173.91 2 0.0500103
174.01 1 0.214684
174.01 2 0.0500103
174.11 1 0.214684
174.11 2 0.0500103
174.21 1 0.214684
174.21 2 0.0500103
174.31 1 0.214684
174.31 2 0.0500103
174.41 1 0.214684
174.41 2 0.0500103
174.51 1 0.214684
174.51 2 0.0500103
174.61 1 0.214684
174.61 2 0.0500103
174.71 1 0.214684
174.71 2 0.0500103
174.81 1 0.214684
174.81 2 0.0500103
174.91 1 0.214684
174.91 2 0.0500103
175.01 1 0.214684
175.01 2 0.0500103
175.11 1 0.214684
175.11 2 0.0500103
175.21 1 0.214684
175.21 2 0.0500103
175.31 1 0.214684
175.31 2 0.0500103
175.41 1 0.214684
175.41 2 0.0500103
175.51 1 0.214684
175.51 2 0.0500103
175.61 1 0.214684
175.61 2 0.0500103
175.71 1 0.214684
175.71 2 0.0500103
175.81 1 0.214684
175.81 2 0.0500103
175.91 1 0.214684
175.91 2 0.0500103
176.01 1 0.214684
176.01 2 0.0500103
176.11 1 0.214684
176.11 2 0.0500103
176.21 1 0.214684
176.21 2 0.0500103
176.31 1 0.214684
176.31 2 0.0500103
176.41 1 0.214684
176.41 2 0.0500103
176.51 1 0.214684
176.51 2 0.0500103
176.61 1 0.214684
176.61 2 0.0500103
176.71 1 0.214684
176.71 2 0.0500103
176.81 1 0.214684
176.81 2 0.0500103
176.91 1 0.214684
176.91 2 0.0500103
177.01 1 0.214684
177.01 2 0.0500103
177.11 1 0.214684
177.11 2 0.0500103
177.21 1 0.214684
177.21 2 0.0500103
177.31 1 0.214684
177.31 2 0.0500103
177.41 1 0.214684
177.41 2 0.0500103
177.51 1 0.214684
177.51 2 0.0500103
177.61 1 0.214684
177.61 2 0.0500103
177.71 1 0.214684
177.71 2 0.0500103
177.81 1 0.214684
177.81 2 0.0500103
177.91 1 0.214684
177.91 2 0.0500103
178.01 1 0.214684
178.01 2 0.0500103
178.11 1 0.214684
178.11 2 0.0500103
178.21 1 0.214684
178.21 2 0.0500103
178.31 1 0.214684
178.31 2 0.0500103
178.41 1 0.214684
178.41 2 0.0500103
178.51 1 0.214684
178.51 2 0.0500103
178.61 1 0.214684
178.61 2 0.0500103
178.71 1 0.214684
178.71 2 0.0500103
178.81 1 0.214684
178.81 2 0.0500103
178.91 1 0.214684
178.91 2 0.0500103
179.01 1 0.214684
179.01 2 0.0500103
179.11 1 0.214684
179.11 2 0.0500103
179.21 1 0.214684
179.21 2 0.0500103
179.31 1 0.214684
179.31 2 0.0500103
179.41 1 0.214684
179.41 2 0.0500103
179.51 1 0.214684
179.51 2 0.0500103
179.61 1 0.214684
179.61 2 0.0500103
179.71 1 0.214684
179.71 2 0.0500103
179.81 1 0.214684
179.81 2 0.0500103
179.91 1 0.214684
179.91 2 0.0500103
180.01 1 0.214684
180.01 2 0.0500103
180.11 1 0.214684
180.11 2 0.0500103
180.21 1 0.214684
180.21 2 0.0500103
180.31 1 0.214684
180.31 2 0.0500103
180.41 1 0.214684
180.41 2 0.0500103
180.51 1 0.214684
180.51 2 0.0500103
180.61 1 0.214684
180.61 2 0.0500103
180.71 1 0.214684
180.71 2 0.0500103
180.81 1 0.214684
180.81 2 0.0500103
180.91 1 0.214684
180.91 2 0.0500103
181.01 1 0.214684
181.01 2 0.0500103
181.11 1 0.214684
181.11 2 0.0500103
181.21 1 0.214684
181.21 2 0.0500103
181.31 1 0.214684
181.31 2 0.0500103
181.41 1 0.214684
181.41 2 0.0500103
181.51 1 0.214684
181.51 2 0.0500103
181.61 1 0.214684
181.61 2 0.0500103
181.71 1 0.214684
181.71 2 0.0500103
181.81 1 0.214684
181.81 2 0.0500103
181.91 1 0.214684
181.91 2 0.0500103
182.01 1 0.214684
182.01 2 0.0500103
182.11 1 0.214684
182.11 2 0.0500103
182.21 1 0.214684
182.21 2 0.0500103
182.31 1 0.214684
182.31 2 0.0500103
182.41 1 0.214684
182.41 2 0.0500103
182.51 1 0.214684
182.51 2 0.0500103
182.61 1 0.214684
182.61 2 0.0500103
182.71 1 0.214684
182.71 2 0.0500103
182.81 1 0.214684
182.81 2 0.0500103
182.91 1 0.214684
182.91 2 0.0500103
183.01 1 0.214684
183.01 2 0.0500103
183.11 1 0.214684
183.11 2 0.0500103
183.21 1 0.214684
183.21 2 0.0500103
183.31 1 0.214684
183.31 2 0.0500103
183.41 1 0.214684
183.41 2 0.0500103
183.51 1 0.214684
183.51 2 0.0500103
183.61 1 0.214684
183.61 2 0.0500103
183.71 1 0.214684
183.71 2 0.0500103
183.81 1 0.214684
183.81 2 0.0500103
183.91 1 0.214684
183.91 2 0.0500103
184.01 1 0.214684
184.01 2 0.0500103
184.11 1 0.214684
184.11 2 0.0500103
184.21 1 0.214684
184.21 2 0.0500103
184.31 1 0.214684
184.31 2 0.0500103
184.41 1 0.214684
184.41 2 0.0500103
184.51 1 0.214684
184.51 2 0.0500103
184.61 1 0.214684
184.61 2 0.0500103
184.71 1 0.214684
184.71 2 0.0500103
184.81 1 0.214684
184.81 2 0.0500103
184.91 1 0.214684
184.91 2 0.0500103
185.01 1 0.214684
185.01 2 0.0500103
185.11 1 0.214684
185.11 2 0.0500103
185.21 1 0.214684
185.21 2 0.0500103
185.31 1 0.214684
185.31 2 0.0500103
185.41 1 0.214684
185.41 2 0.0500103
185.51 1 0.214684
185.51 2 0.0500103
185.61 1 0.214684
185.61 2 0.0500103
185.71 1 0.214684
185.71 2 0.0500103
185.81 1 0.214684
185.81 2 0.0500103
185.91 1 0.214684
185.91 2 0.0500103
186.01 1 0.214684
186.01 2 0.0500103
186.11 1 0.214684
186.11 2 0.0500103
186.21 1 0.214684
186.21 2 0.0500103
186.31 1 0.214684
186.31 2 0.0500103
186.41 1 0.214684
186.41 2 0.0500103
186.51 1 0.214684
186.51 2 0.0500103
186.61 1 0.214684
186.61 2 0.0500103
186.71 1 0.214684
186.71 2 0.0500103
186.81 1 0.214684
186.81 2 0.0500103
186.91 1 0.214684
186.91 2 0.0500103
187.01 1 0.214684
187.01 2 0.0500103
187.11 1 0.214684
187.11 2 0.0500103
187.21 1 0.214684
187.21 2 0.0500103
187.31 1 0.214684
187.31 2 0.0500103
187.41 1 0.214684
187.41 2 0.0500103
187.51 1 0.214684
187.51 2 0.0500103
187.61 1 0.214684
187.61 2 0.0500103
187.71 1 0.214684
187.71 2 0.0500103
187.81 1 0.214684
187.81 2 0.0500103
187.91 1 0.214684
187.91 2 0.0500103
188.01 1 0.214684
188.01 2 0.0500103
188.11 1 0.214684
188.11 2 0.0500103
188.21 1 0.214684
188.21 2 0.0500103
188.31 1 0.214684
188.31 2 0.0500103
188.41 1 0.214684
188.41 2 0.0500103
188.51 1 0.214684
188.51 2 0.0500103
188.61 1 0.214684
188.61 2 0.0500103
188.71 1 0.214684
188.71 2 0.0500103
188.81 1 0.214684
188.81 2 0.0500103
188.91 1 0.214684
188.91 2 0.0500103
189.01 1 0.214684
189.01 2 0.0500103
189.11 1 0.214684
189.11 2 0.0500103
189.21 1 0.214684
189.21 2 0.0500103
189.31 1 0.214684
189.31 2 0.0500103
189.41 1 0.214684
189.41 2 0.0500103
189.51 1 0.214684
189.51 2 0.0500103
189.61 1 0.214684
189.61 2 0.0500103
189.71 1 0.214684
189.71 2 0.0500103
189.81 1 0.214684
189.81 2 0.0500103
189.91 1 0.214684
189.91 2 0.0500103
190.01 1 0.214684
190.01 2 0.0500103
190.11 1 0.214684
190.11 2 0.0500103
190.21 1 0.214684
190.21 2 0.0500103
190.31 1 0.214684
190.31 2 0.0500103
190.41 1 0.214684
190.41 2 0.0500103
190.51 1 0.214684
190.51 2 0.0500103
190.61 1 0.214684
190.61 2 0.0500103
190.71 1 0.214684
190.71 2 0.0500103
190.81 1 0.214684
190.81 2 0.0500103
190.91 1 0.214684
190.91 2 0.0500103
191.01 1 0.214684
191.01 2 0.0500103
191.11 1 0.214684
191.11 2 0.0500103
191.21 1 0.214684
191.21 2 0.0500103
191.31 1 0.214684
191.31 2 0.0500103
191.41 1 0.214684
191.41 2 0.0500103
191.51 1 0.214684
191.51 2 0.0500103
191.61 1 0.214684
191.61 2 0.0500103
191.71 1 0.214684
191.71 2 0.0500103
191.81 1 0.214684
191.81 2 0.0500103
191.91 1 0.214684
191.91 2 0.0500103
192.01 1 0.214684
192.01 2 0.0500103
192.11 1 0.214684
192.11 2 0.0500103
192.21 1 0.214684
192.21 2 0.0500103
192.31 1 0.214684
192.31 2 0.0500103
192.41 1 0.214684
192.41 2 0.0500103
192.51 1 0.214684
192.51 2 0.0500103
192.61 1 0.214684
192.61 2 0.0500103
192.71 1 0.214684
192.71 2 0.0500103
192.81 1 0.214684
192.81 2 0.0500103
192.91 1 0.214684
192.91 2 0.0500103
193.01 1 0.214684
193.01 2 0.0500103
193.11 1 0.214684
193.11 2 0.0500103
193.21 1 0.214684
193.21 2 0.0500103
193.31 1 0.214684
193.31 2 0.0500103
193.41 1 0.214684
193.41 2 0.0500103
193.51 1 0.214684
193.51 2 0.0500103
193.61 1 0.214684
193.61 2 0.0500103
193.71 1 0.214684
193.71 2 0.0500103
193.81 1 0.214684
193.81 2 0.0500103
193.91 1 0.214684
193.91 2 0.0500103
194.01 1 0.214684
194.01 2 0.0500103
194.11 1 0.214684
194.11 2 0.0500103
194.21 1 0.214684
194.21 2 0.0500103
194.31 1 0.214684
194.31 2 0.0500103
194.41 1 0.214684
194.41 2 0.0500103
194.51 1 0.214684
194.51 2 0.0500103
194.61 1 0.214684
194.61 2 0.0500103
194.71 1 0.214684
194.71 2 0.0500103
194.81 1 0.214684
194.81 2 0.0500103
194.91 1 0.214684
194.91 2 0.0500103
195.01 1 0.214684
195.01 2 0.0500103
195.11 1 0.214684
195.11 2 0.0500103
195.21 1 0.214684
195.21 2 0.0500103
195.31 1 0.214684
195.31 2 0.0500103
195.41 1 0.214684
195.41 2 0.0500103
195.51 1 0.214684
195.51 2 0.0500103
195.61 1 0.214684
195.61 2 0.0500103
195.71 1 0.214684
195.71 2 0.0500103
195.81 1 0.214684
195.81 2 0.0500103
195.91 1 0.214684
195.91 2 0.0500103
196.01 1 0.214684
196.01 2 0.0500103
196.11 1 0.214684
196.11 2 0.0500103
196.21 1 0.214684
196.21 2 0.0500103
196.31 1 0.214684
196.31 2 0.0500103
196.41 1 0.214684
196.41 2 0.0500103
196.51 1 0.214684
196.51 2 0.0500103
196.61 1 0.214684
196.61 2 0.0500103
196.71 1 0.214684
196.71 2 0.0500103
196.81 1 0.214684
196.81 2 0.0500103
196.91 1 0.214684
196.91 2 0.0500103
197.01 1 0.214684
197.01 2 0.0500103
197.11 1 0.214684
197.11 2 0.0500103
197.21 1 0.214684
197.21 2 0.0500103
197.31 1 0.214684
197.31 2 0.0500103
197.41 1 0.214684
197.41 2 0.0500103
197.51 1 0.214684
197.51 2 0.0500103
197.61 1 0.214684
197.61 2 0.0500103
197.71 1 0.214684
197.71 2 0.0500103
197.81 1 0.214684
197.81 2 0.0500103
197.91 1 0.214684
197.91 2 0.0500103
198.01 1 0.214684
198.01 2 0.0500103
198.11 1 0.214684
198.11 2 0.0500103
198.21 1 0.214684
198.21 2 0.0500103
198.31 1 0.214684
198.31 2 0.0500103
198.41 1 0.214684
198.41 2 0.0500103
198.51 1 0.214684
198.51 2 0.0500103
198.61 1 0.214684
198.61 2 0.0500103
198.71 1 0.214684
198.71 2 0.0500103
198.81 1 0.214684
198.81 2 0.0500103
198.91 1 0.214684
198.91 2 0.0500103
199.01 1 0.214684
199.01 2 0.0500103
199.11 1 0.214684
199.11 2 0.0500103
199.21 1 0.214684
199.21 2 0.0500103
199.31 1 0.214684
199.31 2 0.0500103
199.41 1 0.214684
199.41 2 0.0500103
199.51 1 0.214684
199.51 2 0.0500103
199.61 1 0.214684
199.61 2 0.0500103
199.71 1 0.214684
199.71 2 0.0500103
199.81 1 0.214684
199.81 2 0.0500103
199.91 1 0.214684
199.91 2 0.0500103
200.01 1 0.214684
200.01 2 0.0500103
200.11 1 0.214684
200.11 2 0.0500103
200.21 1 0.214684
200.21 2 0.0500103
200.31 1 0.214684
200.31 2 0.0500103
200.41 1 0.214684
200.41 2 0.0500103
200.51 1 0.214684
200.51 2 0.0500103
200.61 1 0.214684
200.61 2 0.0500103
200.71 1 0.214684
200.71 2 0.0500103
200.81 1 0.214684
200.81 2 0.0500103
200.91 1 0.214684
200.91 2 0.0500103
