0.0 0
0.114201 0.104
0.219224 0.104125
0.226411 0.104734
0.233608 0.105268
0.240805 0.105609
0.248002 0.106033
0.324236 0.115029
0.331434 0.114275
0.338631 0.113491
0.345828 0.112804
0.353025 0.112329
0.360223 0.111913
0.36742 0.111549
0.374617 0.111105
0.381814 0.110717
0.429249 0.115502
0.436446 0.11469
0.443643 0.113853
0.45084 0.113122
0.458038 0.112606
0.465235 0.112156
0.472432 0.111761
0.479629 0.111291
0.486827 0.11088
0.534261 0.115645
0.541458 0.114814
0.548655 0.113962
0.555853 0.113217
0.56305 0.11269
0.570247 0.112229
0.577444 0.111825
0.584642 0.111347
0.591839 0.110929
0.639273 0.115688
0.64647 0.114852
0.653668 0.113995
0.660865 0.113246
0.668062 0.112715
0.675259 0.112251
0.682457 0.111844
0.689654 0.111364
0.696851 0.110943
0.744285 0.1157
0.751483 0.114863
0.75868 0.114005
0.765877 0.113254
0.773074 0.112723
0.780272 0.112257
0.787469 0.11185
0.794666 0.111369
0.801863 0.110948
0.849298 0.115704
0.856495 0.114866
0.863692 0.114008
0.870889 0.113257
0.878087 0.112725
0.885284 0.112259
0.892481 0.111852
0.899678 0.11137
0.906876 0.110949
0.95431 0.115705
0.961507 0.114867
0.968704 0.114009
0.975902 0.113258
0.983099 0.112726
0.990296 0.11226
0.997493 0.111852
1.00469 0.111371
1.01189 0.110949
1.05932 0.115706
1.06652 0.114868
1.07372 0.114009
1.08091 0.113258
1.08811 0.112726
1.09531 0.11226
1.10251 0.111853
1.1097 0.111371
1.1169 0.11095
1.16433 0.115706
1.17153 0.114868
1.17873 0.114009
1.18593 0.113258
1.19312 0.112726
1.20032 0.11226
1.20752 0.111853
1.21472 0.111371
1.22191 0.11095
1.26935 0.115706
1.27654 0.114868
1.28374 0.114009
1.29094 0.113258
1.29814 0.112726
1.30533 0.11226
1.31253 0.111853
1.31973 0.111371
1.32692 0.11095
1.37436 0.115706
1.38156 0.114868
1.38875 0.114009
1.39595 0.113258
1.40315 0.112726
1.41035 0.11226
1.41754 0.111853
1.42474 0.111371
1.43194 0.11095
1.47937 0.115706
1.48657 0.114868
1.49377 0.114009
1.50096 0.113258
1.50816 0.112726
1.51536 0.11226
1.52255 0.111853
1.52975 0.111371
1.53695 0.11095
1.58438 0.115706
1.59158 0.114868
1.59878 0.114009
1.60598 0.113258
1.61317 0.112726
1.62037 0.11226
1.62757 0.111853
1.63476 0.111371
1.64196 0.11095
1.6894 0.115706
1.69659 0.114868
1.70379 0.114009
1.71099 0.113258
1.71818 0.112726
1.72538 0.11226
1.73258 0.111853
1.73978 0.111371
1.74697 0.11095
1.79441 0.115706
1.80161 0.114868
1.8088 0.114009
1.816 0.113258
1.8232 0.112726
1.83039 0.11226
1.83759 0.111853
1.84479 0.111371
1.85199 0.11095
1.89942 0.115706
1.90662 0.114743
1.91381 0.1139
1.92101 0.113287
1.92821 0.112751
1.93541 0.112283
1.9426 0.111872
1.9498 0.111388
1.957 0.110965
2.00443 0.115719
2.01163 0.114754
2.01883 0.11391
2.02602 0.113296
2.03322 0.112759
2.04042 0.112289
2.04762 0.111753
2.05481 0.111284
2.06201 0.110998
2.10944 0.115749
2.11664 0.11478
2.12384 0.113933
2.13104 0.113316
2.13823 0.112776
2.14543 0.112304
2.15263 0.111766
2.15983 0.111296
2.16702 0.111009
2.21446 0.115758
2.22165 0.114788
2.22885 0.113939
2.23605 0.113322
2.24325 0.112782
2.25044 0.112309
2.25764 0.11177
2.26484 0.111299
2.27204 0.111012
2.31947 0.11576
2.32667 0.11479
2.33386 0.113941
2.34106 0.113324
2.34826 0.112783
2.35546 0.11231
2.36265 0.111772
2.36985 0.1113
2.37705 0.111013
2.42448 0.115761
2.43168 0.114791
2.43888 0.113942
2.44607 0.113324
2.45327 0.112784
2.46047 0.112311
2.46767 0.111772
2.47486 0.1113
2.48206 0.111013
2.52949 0.115761
2.53669 0.114791
2.54389 0.113942
2.55109 0.113324
2.55828 0.112784
2.56548 0.112311
2.57268 0.111772
2.57987 0.111301
2.58707 0.111013
2.63451 0.115761
2.6417 0.114791
2.6489 0.113942
2.6561 0.113324
2.6633 0.112784
2.67049 0.112311
2.67769 0.111772
2.68489 0.111301
2.69208 0.111013
2.73952 0.115761
2.74672 0.114791
2.75391 0.113942
2.76111 0.113325
2.76831 0.112784
2.7755 0.112311
2.7827 0.111772
2.7899 0.111301
2.7971 0.111013
2.84453 0.115761
2.85173 0.114791
2.85893 0.113942
2.86612 0.113325
2.87332 0.112784
2.88052 0.112311
2.88771 0.111772
2.89491 0.111301
2.90211 0.111013
2.94954 0.115761
2.95674 0.114791
2.96394 0.113942
2.97113 0.113325
2.97833 0.112784
2.98553 0.112311
2.99273 0.111772
2.99992 0.111301
3.00712 0.111013
3.05456 0.115761
3.06175 0.114791
3.06895 0.113942
3.07615 0.113325
3.08334 0.112784
3.09054 0.112311
3.09774 0.111772
3.10494 0.111301
3.11213 0.111013
3.15957 0.115761
3.16676 0.114791
3.17396 0.113942
3.18116 0.113325
3.18836 0.112784
3.19555 0.112311
3.20275 0.111772
3.20995 0.111301
3.21715 0.111013
3.26458 0.115761
3.27178 0.114791
3.27897 0.113942
3.28617 0.113325
3.29337 0.112784
3.30057 0.112311
3.30776 0.111772
3.31496 0.111301
3.32216 0.111013
3.36959 0.115761
3.37679 0.114791
3.38399 0.113942
3.39118 0.113325
3.39838 0.112784
3.40558 0.112311
3.41278 0.111772
3.41997 0.111301
3.42717 0.111013
3.4746 0.115761
3.4818 0.114791
3.489 0.113942
3.4962 0.113325
3.50339 0.112784
3.51059 0.112311
3.51779 0.111772
3.52499 0.111301
3.53218 0.111013
3.57962 0.115761
3.58681 0.114791
3.59401 0.114067
3.60121 0.113434
3.60841 0.11288
3.6156 0.112395
3.6228 0.111845
3.63 0.111365
3.63719 0.111069
3.68463 0.11581
3.69183 0.114834
3.69902 0.114105
3.70622 0.113467
3.71342 0.112908
3.72062 0.112295
3.72781 0.111758
3.73501 0.111413
3.74221 0.111112
3.78964 0.115848
3.79684 0.114867
3.80404 0.114133
3.81123 0.113492
3.81843 0.11293
3.82563 0.112314
3.83282 0.111775
3.84002 0.111428
3.84722 0.111124
3.89465 0.115859
3.90185 0.114876
3.90905 0.114142
3.91625 0.113499
3.92344 0.112937
3.93064 0.11232
3.93784 0.11178
3.94503 0.111432
3.95223 0.111128
3.99967 0.115862
4.00686 0.114879
4.01406 0.114144
4.02126 0.113501
4.02845 0.112939
4.03565 0.112321
4.04285 0.111781
4.05005 0.111434
4.05724 0.111129
4.10468 0.115863
4.11188 0.11488
4.11907 0.114145
4.12627 0.113502
4.13347 0.112939
4.14066 0.112322
4.14786 0.111782
4.15506 0.111434
4.16226 0.11113
4.20969 0.115864
4.21689 0.114881
4.22408 0.114145
4.23128 0.113502
4.23848 0.11294
4.24568 0.112322
4.25287 0.111782
4.26007 0.111434
4.26727 0.11113
4.3147 0.115864
4.3219 0.114881
4.3291 0.114146
4.33629 0.113502
4.34349 0.11294
4.35069 0.112322
4.35789 0.111782
4.36508 0.111434
4.37228 0.11113
4.41971 0.115864
4.42691 0.114881
4.43411 0.114146
4.44131 0.113502
4.4485 0.11294
4.4557 0.112322
4.4629 0.111782
4.4701 0.111434
4.47729 0.11113
4.52473 0.115864
4.53192 0.114881
4.53912 0.114146
4.54632 0.113502
4.55352 0.11294
4.56071 0.112322
4.56791 0.111782
4.57511 0.111434
4.5823 0.11113
4.62974 0.115864
4.63694 0.114881
4.64413 0.114146
4.65133 0.113502
4.65853 0.11294
4.66573 0.112322
4.67292 0.111782
4.68012 0.111434
4.68732 0.11113
4.73475 0.115864
4.74195 0.114881
4.74915 0.114146
4.75634 0.113502
4.76354 0.11294
4.77074 0.112322
4.77793 0.111782
4.78513 0.111434
4.79233 0.11113
4.83976 0.115864
4.84696 0.114881
4.85416 0.114146
4.86136 0.113502
4.86855 0.11294
4.87575 0.112322
4.88295 0.111782
4.89014 0.111434
4.89734 0.11113
4.94478 0.115864
4.95197 0.114881
4.95917 0.114146
4.96637 0.113502
4.97357 0.11294
4.98076 0.112322
4.98796 0.111782
4.99516 0.111434
5.00235 0.11113
5.04979 0.115864
5.05699 0.114881
5.06418 0.114146
5.07138 0.113502
5.07858 0.11294
5.08577 0.112322
5.09297 0.111782
5.10017 0.111434
5.10737 0.11113
5.1548 0.115864
5.162 0.114881
5.1692 0.114146
5.17639 0.113502
5.18359 0.11294
5.19079 0.112322
5.19798 0.111782
5.20518 0.111434
5.21238 0.11113
5.25981 0.115864
5.26701 0.115006
5.27421 0.114255
5.2814 0.113598
5.2886 0.113023
5.2958 0.112395
5.303 0.111846
5.31019 0.11149
5.31739 0.111179
5.36483 0.115907
5.37202 0.115043
5.37922 0.114288
5.38642 0.113627
5.39361 0.112924
5.40081 0.112308
5.40801 0.111895
5.41521 0.111533
5.4224 0.111216
5.46984 0.115939
5.47703 0.115072
5.48423 0.114313
5.49143 0.113649
5.49863 0.112943
5.50582 0.112325
5.51302 0.111909
5.52022 0.111546
5.52742 0.111227
5.57485 0.115824
5.58205 0.114971
5.58924 0.114225
5.59644 0.113571
5.60364 0.112875
5.61084 0.112266
5.61803 0.111857
5.62523 0.1115
5.63243 0.111188
5.67986 0.115789
5.68706 0.114941
5.69426 0.114198
5.70145 0.113548
5.70865 0.112855
5.71585 0.112248
5.72305 0.111842
5.73024 0.111487
5.73744 0.111176
5.78487 0.115779
5.79207 0.114932
5.79927 0.11419
5.80647 0.113541
5.81366 0.112849
5.82086 0.112243
5.82806 0.111837
5.83525 0.111483
5.84245 0.111172
5.88989 0.115776
5.89708 0.114929
5.90428 0.114188
5.91148 0.113539
5.91868 0.112847
5.92587 0.112241
5.93307 0.111836
5.94027 0.111481
5.94746 0.111171
5.9949 0.115775
6.0021 0.114928
6.00929 0.114187
6.01649 0.113539
6.02369 0.112846
6.03088 0.11224
6.03808 0.111835
6.04528 0.111481
6.05248 0.111171
6.09991 0.115775
6.10711 0.114928
6.11431 0.114187
6.1215 0.113538
6.1287 0.112846
6.1359 0.11224
6.14309 0.111835
6.15029 0.111481
6.15749 0.111171
6.20492 0.115774
6.21212 0.114928
6.21932 0.114187
6.22651 0.113538
6.23371 0.112846
6.24091 0.11224
6.24811 0.111835
6.2553 0.111481
6.2625 0.111171
6.30994 0.115774
6.31713 0.114928
6.32433 0.114187
6.33153 0.113538
6.33872 0.112846
6.34592 0.11224
6.35312 0.111835
6.36032 0.111481
6.36751 0.111171
6.41495 0.115774
6.42214 0.114928
6.42934 0.114187
6.43654 0.113538
6.44374 0.112846
6.45093 0.11224
6.45813 0.111835
6.46533 0.111481
6.47253 0.111171
6.51996 0.115774
6.52716 0.114928
6.53435 0.114187
6.54155 0.113538
6.54875 0.112846
6.55595 0.11224
6.56314 0.111835
6.57034 0.111481
6.57754 0.111171
6.62497 0.115774
6.63217 0.114928
6.63937 0.114187
6.64656 0.113538
6.65376 0.112846
6.66096 0.11224
6.66816 0.111835
6.67535 0.111481
6.68255 0.111171
6.72998 0.115774
6.73718 0.114928
6.74438 0.114187
6.75158 0.113538
6.75877 0.112846
6.76597 0.11224
6.77317 0.111835
6.78037 0.111481
6.78756 0.111171
6.835 0.115774
6.84219 0.114928
6.84939 0.114187
6.85659 0.113538
6.86379 0.112846
6.87098 0.11224
6.87818 0.111835
6.88538 0.111481
6.89257 0.111171
6.94001 0.115899
6.94721 0.115037
6.9544 0.114282
6.9616 0.113622
6.9688 0.112919
6.976 0.112304
6.98319 0.111891
6.99039 0.11153
6.99759 0.111214
7.04502 0.115937
7.05222 0.11507
7.05942 0.114311
7.06661 0.113522
7.07381 0.112832
7.08101 0.112353
7.0882 0.111934
7.0954 0.111567
7.1026 0.111246
7.15003 0.115965
7.15723 0.115095
7.16443 0.114333
7.17163 0.113541
7.17882 0.112849
7.18602 0.112368
7.19322 0.111947
7.20041 0.111578
7.20761 0.111131
7.25505 0.115865
7.26224 0.115007
7.26944 0.114256
7.27664 0.113474
7.28383 0.11279
7.29103 0.112316
7.29823 0.111901
7.30543 0.111539
7.31262 0.111096
7.36006 0.115834
7.36726 0.11498
7.37445 0.114233
7.38165 0.113453
7.38885 0.112772
7.39604 0.1123
7.40324 0.111888
7.41044 0.111527
7.41764 0.111086
7.46507 0.115825
7.47227 0.114972
7.47946 0.114226
7.48666 0.113447
7.49386 0.112766
7.50106 0.112296
7.50825 0.111884
7.51545 0.111523
7.52265 0.111083
7.57008 0.115822
7.57728 0.11497
7.58448 0.114223
7.59167 0.113446
7.59887 0.112765
7.60607 0.112294
7.61327 0.111882
7.62046 0.111522
7.62766 0.111082
7.67509 0.115822
7.68229 0.114969
7.68949 0.114223
7.69669 0.113445
7.70388 0.112764
7.71108 0.112294
7.71828 0.111882
7.72548 0.111522
7.73267 0.111082
7.78011 0.115821
7.7873 0.114969
7.7945 0.114223
7.8017 0.113445
7.8089 0.112764
7.81609 0.112294
7.82329 0.111882
7.83049 0.111522
7.83769 0.111081
7.88512 0.115821
7.89232 0.114969
7.89951 0.114223
7.90671 0.113445
7.91391 0.112764
7.92111 0.112294
7.9283 0.111882
7.9355 0.111522
7.9427 0.111081
7.99013 0.115821
7.99733 0.114969
8.00453 0.114223
8.01172 0.113445
8.01892 0.112764
8.02612 0.112294
8.03332 0.111882
8.04051 0.111522
8.04771 0.111081
8.09514 0.115821
8.10234 0.114969
8.10954 0.114223
8.11674 0.113445
8.12393 0.112764
8.13113 0.112294
8.13833 0.111882
8.14552 0.111522
8.15272 0.111081
8.20016 0.115821
8.20735 0.114969
8.21455 0.114223
8.22175 0.113445
8.22895 0.112764
8.23614 0.112294
8.24334 0.111882
8.25054 0.111522
8.25773 0.111081
8.30517 0.115821
8.31237 0.114969
8.31956 0.114223
8.32676 0.113445
8.33396 0.112764
8.34115 0.112294
8.34835 0.111882
8.35555 0.111522
8.36275 0.111081
8.41018 0.115821
8.41738 0.114969
8.42458 0.114223
8.43177 0.113445
8.43897 0.112764
8.44617 0.112294
8.45336 0.111882
8.46056 0.111522
8.46776 0.111081
8.51519 0.115821
8.52239 0.114969
8.52959 0.114223
8.53678 0.113445
8.54398 0.112764
8.55118 0.112294
8.55838 0.111882
8.56557 0.111522
8.57277 0.111081
8.62021 0.115821
8.6274 0.114969
8.6346 0.114223
8.6418 0.113445
8.64899 0.112764
8.65619 0.112294
8.66339 0.111882
8.67059 0.111522
8.67778 0.111081
8.72522 0.115821
8.73241 0.114969
8.73961 0.114098
8.74681 0.113335
8.75401 0.112793
8.7612 0.112319
8.7684 0.111904
8.7756 0.111541
8.7828 0.111099
8.83023 0.115836
8.83743 0.114982
8.84462 0.114109
8.85182 0.113345
8.85902 0.112802
8.86622 0.112327
8.87341 0.111911
8.88061 0.111547
8.88781 0.111104
8.93524 0.115841
8.94244 0.114986
8.94964 0.114113
8.95683 0.113348
8.96403 0.112805
8.97123 0.112329
8.97843 0.111913
8.98562 0.111424
8.99282 0.110996
9.04025 0.115746
9.04745 0.114903
9.05465 0.11404
9.06185 0.113285
9.06904 0.11275
9.07624 0.112281
9.08344 0.111871
9.09064 0.111387
9.09783 0.110964
9.14527 0.115718
9.15246 0.114878
9.15966 0.114019
9.16686 0.113266
9.17406 0.112733
9.18125 0.112266
9.18845 0.111858
9.19565 0.111376
9.20284 0.110954
9.25028 0.11571
9.25748 0.114871
9.26467 0.114012
9.27187 0.113261
9.27907 0.112728
9.28627 0.112262
9.29346 0.111854
9.30066 0.111372
9.30786 0.110951
9.35529 0.115707
9.36249 0.114869
9.36969 0.11401
9.37688 0.113259
9.38408 0.112726
9.39128 0.112261
9.39847 0.111853
9.40567 0.111371
9.41287 0.11095
9.4603 0.115706
9.4675 0.114868
9.4747 0.114009
9.4819 0.113258
9.48909 0.112726
9.49629 0.11226
9.50349 0.111853
9.51068 0.111371
9.51788 0.11095
9.56532 0.115706
9.57251 0.114868
9.57971 0.114009
9.58691 0.113258
9.5941 0.112726
9.6013 0.11226
9.6085 0.111853
9.6157 0.111371
9.62289 0.11095
9.67033 0.115706
9.67753 0.114868
9.68472 0.114009
9.69192 0.113258
9.69912 0.112726
9.70631 0.11226
9.71351 0.111853
9.72071 0.111371
9.72791 0.11095
9.77534 0.115706
9.78254 0.114868
9.78973 0.114009
9.79693 0.113258
9.80413 0.112726
9.81133 0.11226
9.81852 0.111853
9.82572 0.111371
9.83292 0.11095
9.88035 0.115706
9.88755 0.114868
9.89475 0.114009
9.90194 0.113258
9.90914 0.112726
9.91634 0.11226
9.92354 0.111853
9.93073 0.111371
9.93793 0.11095
9.98536 0.115706
9.99256 0.114868
9.99976 0.114009
10.007 0.113258
10.0142 0.112726
10.0214 0.11226
10.0285 0.111853
10.0357 0.111371
10.0429 0.11095
10.0904 0.115706
10.0976 0.114868
10.1048 0.114009
10.112 0.113258
10.1192 0.112726
10.1264 0.11226
10.1336 0.111853
10.1408 0.111371
10.148 0.11095
10.1954 0.115706
10.2026 0.114868
10.2098 0.114009
10.217 0.113258
10.3148 0.123976
10.3256 0.122104
10.4234 0.120466
10.4342 0.119033
10.532 0.117779
10.5428 0.116556
10.6406 0.115487
10.6514 0.114676
10.7492 0.113966
10.76 0.113346
10.8579 0.112677
10.8686 0.112093
10.9665 0.111706
10.9773 0.111368
11.0751 0.111072
11.0859 0.110688
11.1837 0.110352
11.1945 0.110183
11.2923 0.110035
11.3031 0.109906
11.4009 0.109667
11.4117 0.109459
11.5095 0.109402
11.5203 0.109351
11.6181 0.109308
11.6289 0.109144
11.7267 0.109001
11.7375 0.109001
11.8353 0.109001
11.8461 0.109001
11.944 0.108876
11.9548 0.108766
12.0526 0.108795
12.0634 0.108821
12.1612 0.108843
12.172 0.108738
12.2698 0.108646
12.2806 0.10869
12.3784 0.108729
12.3892 0.108763
12.487 0.108792
12.4978 0.108693
12.5956 0.108607
12.6064 0.108656
12.7042 0.108699
12.715 0.108736
12.8128 0.108644
12.8236 0.108564
12.9215 0.108618
12.9323 0.108666
13.0301 0.108708
13.0409 0.108619
13.1387 0.108542
13.1495 0.108599
13.2473 0.108649
13.2581 0.108693
13.3559 0.108606
13.3667 0.108531
13.4645 0.108589
13.4753 0.108641
13.5731 0.108686
13.5839 0.1086
13.6817 0.108525
13.6925 0.108584
13.7903 0.108636
13.8011 0.108682
13.899 0.108597
13.9098 0.108522
14.0076 0.108582
14.0184 0.108634
14.1162 0.10868
14.127 0.108595
14.2248 0.10852
14.2356 0.10858
14.3334 0.108633
14.3442 0.108679
14.442 0.108719
14.4528 0.108629
14.5506 0.10855
14.5614 0.108607
14.6592 0.108656
14.67 0.108699
14.7678 0.108611
14.7786 0.108535
14.8765 0.108593
14.8872 0.108644
14.9851 0.108688
14.9959 0.108602
15.0937 0.108527
15.1045 0.108586
15.2023 0.108638
15.2131 0.108683
15.3109 0.108598
15.3217 0.108523
15.4195 0.108583
15.4303 0.108635
15.5281 0.108681
15.5389 0.108595
15.6367 0.108521
15.6475 0.108581
15.7453 0.108633
15.7561 0.108679
15.854 0.108594
15.8647 0.10852
15.9626 0.10858
15.9734 0.108632
16.0712 0.108678
16.082 0.108594
16.1798 0.108519
16.1906 0.108579
16.2884 0.108632
16.2992 0.108678
16.397 0.108718
16.4078 0.108628
16.5056 0.10855
16.5164 0.108606
16.6142 0.108655
16.625 0.108698
16.7228 0.108611
16.7336 0.108535
16.8314 0.108593
16.8422 0.108644
16.9401 0.108688
16.9509 0.108602
17.0487 0.108527
17.0595 0.108586
17.1573 0.108638
17.1681 0.108683
17.2659 0.108598
17.2767 0.108523
17.3745 0.108583
17.3853 0.108635
17.4831 0.10868
17.4939 0.108595
17.5917 0.108521
17.6025 0.108581
17.7003 0.108633
17.7111 0.108679
17.8089 0.108594
17.8197 0.10852
17.9176 0.10858
17.9284 0.108632
18.0262 0.108678
18.037 0.108594
18.1348 0.108519
18.1456 0.108579
18.2434 0.108632
18.2542 0.108678
18.352 0.108718
18.3628 0.108628
18.4606 0.10855
18.4714 0.108606
18.5692 0.108655
18.58 0.108698
18.6778 0.108611
18.6886 0.108535
18.7864 0.108593
18.7972 0.108644
18.8951 0.108688
18.9059 0.108602
19.0037 0.108527
19.0145 0.108586
19.1123 0.108638
19.1231 0.108683
19.2209 0.108598
19.2317 0.108523
19.3295 0.108583
19.3403 0.108635
19.4381 0.10868
19.4489 0.108595
19.5467 0.108521
19.5575 0.108581
19.6553 0.108633
19.6661 0.108679
19.7639 0.108594
19.7747 0.10852
19.8726 0.10858
19.8833 0.108632
19.9812 0.108678
19.992 0.108594
20.0898 0.108519
20.1006 0.108579
20.1984 0.108632
20.2092 0.108678
20.307 0.108593
20.3178 0.108519
20.4156 0.108579
20.4264 0.108632
20.5242 0.108678
20.535 0.108718
20.6328 0.108628
20.6436 0.10855
20.7414 0.108606
20.7522 0.108655
20.8501 0.108698
20.8608 0.108611
20.9587 0.108535
20.9695 0.108593
21.0673 0.108644
21.0781 0.108688
21.1759 0.108602
21.1867 0.108527
21.2845 0.108586
21.2953 0.108638
21.3931 0.108683
21.4039 0.108598
21.5017 0.108523
21.5125 0.108583
21.6103 0.108635
21.6211 0.10868
21.7189 0.108595
21.7297 0.108521
21.8276 0.108581
21.8383 0.108633
21.9362 0.108679
21.947 0.108594
22.0448 0.10852
22.0556 0.10858
22.1534 0.108632
22.1642 0.108678
22.262 0.108594
22.2728 0.108519
22.3706 0.108579
22.3814 0.108632
22.4792 0.108678
22.49 0.108718
22.5878 0.108628
22.5986 0.10855
22.6964 0.108606
22.7072 0.108655
22.805 0.108698
22.8158 0.108611
22.9137 0.108535
22.9245 0.108593
23.0223 0.108644
23.0331 0.108688
23.1309 0.108602
23.1417 0.108527
23.2395 0.108586
23.2503 0.108638
23.3481 0.108683
23.3589 0.108598
23.4567 0.108523
23.4675 0.108583
23.5653 0.108635
23.5761 0.10868
23.6739 0.108595
23.6847 0.108521
23.7825 0.108581
23.7933 0.108633
23.8912 0.108679
23.902 0.108594
23.9998 0.10852
24.0106 0.10858
24.1084 0.108632
24.1192 0.108678
24.217 0.108594
24.2278 0.108519
24.3256 0.108579
24.3364 0.108632
24.4342 0.108678
24.445 0.108718
24.5428 0.108628
24.5536 0.10855
24.6514 0.108606
24.6622 0.108655
24.76 0.108698
24.7708 0.108611
24.8687 0.108535
24.8795 0.108593
24.9773 0.108644
24.9881 0.108688
25.0859 0.108602
25.0967 0.108527
25.1945 0.108586
25.2053 0.108638
25.3031 0.108683
25.3139 0.108598
25.4117 0.108523
25.4225 0.108583
25.5203 0.108635
25.5311 0.10868
25.6289 0.108595
25.6397 0.108521
25.7375 0.108581
25.7483 0.108633
25.8462 0.108679
25.8569 0.108594
25.9548 0.10852
25.9656 0.10858
26.0634 0.108632
26.0742 0.108678
26.172 0.108594
26.1828 0.108519
26.2806 0.108579
26.2914 0.108632
26.3892 0.108678
26.4 0.108718
26.4978 0.108628
26.5086 0.10855
26.6064 0.108606
26.6172 0.108655
26.715 0.108698
26.7258 0.108611
26.8237 0.108535
26.8344 0.108593
26.9323 0.108644
26.9431 0.108688
27.0409 0.108602
27.0517 0.108527
27.1495 0.108586
27.1603 0.108638
27.2581 0.108683
27.2689 0.108598
27.3667 0.108523
27.3775 0.108583
27.4753 0.108635
27.4861 0.10868
27.5839 0.108595
27.5947 0.108521
27.6925 0.108581
27.7033 0.108633
27.8011 0.108679
27.8119 0.108594
27.9098 0.10852
27.9206 0.10858
28.0184 0.108632
28.0292 0.108678
28.127 0.108594
28.1378 0.108519
28.2356 0.108579
28.2464 0.108632
28.3442 0.108678
28.355 0.108593
28.4528 0.108519
28.4636 0.108579
28.5614 0.108632
28.5722 0.108678
28.67 0.108718
28.6808 0.108628
28.7786 0.10855
28.7894 0.108606
28.8873 0.108655
28.8981 0.108698
28.9959 0.108611
29.0067 0.108535
29.1045 0.108593
29.1153 0.108644
29.2131 0.108688
29.2239 0.108602
29.3217 0.108527
29.3325 0.108586
29.4303 0.108638
29.4411 0.108683
29.5389 0.108598
29.5497 0.108523
29.6475 0.108583
29.6583 0.108635
29.7561 0.10868
29.7669 0.108595
29.8648 0.108521
29.8756 0.108581
29.9734 0.108633
29.9842 0.108679
30.082 0.108594
30.0928 0.10852
30.1906 0.10858
30.2014 0.108632
30.2992 0.108678
30.31 0.108594
30.4078 0.108519
30.4186 0.108579
30.5164 0.108632
30.5272 0.108678
30.625 0.108718
30.6358 0.108628
30.7336 0.10855
30.7444 0.108606
30.8423 0.108655
30.853 0.108698
30.9509 0.108611
30.9617 0.108535
31.0595 0.108593
31.0703 0.108644
31.1681 0.108688
31.1789 0.108602
31.2767 0.108527
31.2875 0.108586
31.3853 0.108638
31.3961 0.108683
31.4939 0.108598
31.5047 0.108523
31.6025 0.108583
31.6133 0.108635
31.7111 0.10868
31.7219 0.108595
31.8198 0.108521
31.8305 0.108581
31.9284 0.108633
31.9392 0.108679
32.037 0.108594
32.0478 0.10852
32.1456 0.10858
32.1564 0.108632
32.2542 0.108678
32.265 0.108594
32.3628 0.108519
32.3736 0.108579
32.4714 0.108632
32.4822 0.108678
32.58 0.108718
32.5908 0.108628
32.6886 0.10855
32.6994 0.108606
32.7972 0.108655
32.808 0.108698
32.9059 0.108611
32.9167 0.108535
33.0145 0.108593
33.0253 0.108644
33.1231 0.108688
33.1339 0.108602
33.2317 0.108527
33.2425 0.108586
33.3403 0.108638
33.3511 0.108683
33.4489 0.108598
33.4597 0.108523
33.5575 0.108583
33.5683 0.108635
33.6661 0.10868
33.6769 0.108595
33.7747 0.108521
33.7855 0.108581
33.8834 0.108633
33.8942 0.108679
33.992 0.108594
34.0028 0.10852
34.1006 0.10858
34.1114 0.108632
34.2092 0.108678
34.22 0.108594
34.3178 0.108519
34.3286 0.108579
34.4264 0.108632
34.4372 0.108678
34.535 0.108718
34.5458 0.108628
34.6436 0.10855
34.6544 0.108606
34.7522 0.108655
34.763 0.108698
34.8609 0.108611
34.8717 0.108535
34.9695 0.108593
34.9803 0.108644
35.0781 0.108688
35.0889 0.108602
35.1867 0.108527
35.1975 0.108586
35.2953 0.108638
35.3061 0.108683
35.4039 0.108598
35.4147 0.108523
35.5125 0.108583
35.5233 0.108635
35.6211 0.10868
35.6319 0.108595
35.7297 0.108521
35.7405 0.108581
35.8384 0.108633
35.8492 0.108679
35.947 0.108594
35.9578 0.10852
36.0556 0.10858
36.0664 0.108632
36.1642 0.108678
36.175 0.108594
36.2728 0.108519
36.2836 0.108579
36.3814 0.108632
36.3922 0.108678
36.49 0.108718
36.5008 0.108628
36.5986 0.10855
36.6094 0.108606
36.7072 0.108655
36.718 0.108698
36.8159 0.108611
36.8266 0.108535
36.9245 0.108593
36.9353 0.108644
37.0331 0.108688
37.0439 0.108602
37.1417 0.108527
37.1525 0.108586
37.2503 0.108638
37.2611 0.108683
37.3589 0.108598
37.3697 0.108523
37.4675 0.108583
37.4783 0.108635
37.5761 0.10868
37.5869 0.108595
37.6847 0.108521
37.6955 0.108581
37.7934 0.108633
37.8041 0.108679
37.902 0.108594
37.9128 0.10852
38.0106 0.10858
38.0214 0.108632
38.1192 0.108678
38.13 0.108594
38.2278 0.108519
38.2386 0.108579
38.3364 0.108632
38.3472 0.108678
38.445 0.108718
38.4558 0.108628
38.5536 0.10855
38.5644 0.108606
38.6622 0.108655
38.673 0.108698
38.7708 0.108611
38.7816 0.108535
38.8795 0.108593
38.8903 0.108644
38.9881 0.108688
38.9989 0.108602
39.0967 0.108527
39.1075 0.108586
39.2053 0.108638
39.2161 0.108683
39.3139 0.108598
39.3247 0.108523
39.4225 0.108583
39.4333 0.108635
39.5311 0.10868
39.5419 0.108595
39.6397 0.108521
39.6505 0.108581
39.7483 0.108633
39.7591 0.108679
39.857 0.108594
39.8678 0.10852
39.9656 0.10858
39.9764 0.108632
40.0742 0.108678
40.085 0.108594
40.1828 0.108519
40.1936 0.108579
40.2914 0.108632
40.3022 0.108678
40.4 0.108718
40.4108 0.108628
40.5086 0.10855
40.5194 0.108606
40.6172 0.108655
40.628 0.108698
40.7258 0.108611
40.7366 0.108535
40.8345 0.108593
40.8453 0.108644
40.9431 0.108688
40.9539 0.108602
41.0517 0.108527
41.0625 0.108586
41.1603 0.108638
41.1711 0.108683
41.2689 0.108598
41.2797 0.108523
41.3775 0.108583
41.3883 0.108635
41.4861 0.10868
41.4969 0.108595
41.5947 0.108521
41.6055 0.108581
41.7033 0.108633
41.7141 0.108679
41.812 0.108594
41.8227 0.10852
41.9206 0.10858
41.9314 0.108632
42.0292 0.108678
42.04 0.108594
42.1378 0.108519
42.1486 0.108579
42.2464 0.108632
42.2572 0.108678
42.355 0.108718
42.3658 0.108628
42.4636 0.10855
42.4744 0.108606
42.5722 0.108655
42.583 0.108698
42.6808 0.108611
42.6916 0.108535
42.7895 0.108593
42.8002 0.108644
42.8981 0.108688
42.9089 0.108602
43.0067 0.108527
43.0175 0.108586
43.1153 0.108638
43.1261 0.108683
43.2239 0.108598
43.2347 0.108523
43.3325 0.108583
43.3433 0.108635
43.4411 0.10868
43.4519 0.108595
43.5497 0.108521
43.5605 0.108581
43.6583 0.108633
43.6691 0.108679
43.7669 0.108594
43.7777 0.10852
43.8756 0.10858
43.8864 0.108632
43.9842 0.108678
43.995 0.108594
44.0928 0.108519
44.1036 0.108579
44.2014 0.108632
44.2122 0.108678
44.31 0.108718
44.3208 0.108628
44.4186 0.10855
44.4294 0.108606
44.5272 0.108655
44.538 0.108698
44.6358 0.108611
44.6466 0.108535
44.7444 0.108593
44.7552 0.108644
44.8531 0.108688
44.8639 0.108602
44.9617 0.108527
44.9725 0.108586
45.0703 0.108638
45.0811 0.108683
45.1789 0.108598
45.1897 0.108523
45.2875 0.108583
45.2983 0.108635
45.3961 0.10868
45.4069 0.108595
45.5047 0.108521
45.5155 0.108581
45.6133 0.108633
45.6241 0.108679
45.7219 0.108594
45.7327 0.10852
45.8306 0.10858
45.8414 0.108632
45.9392 0.108678
45.95 0.108594
46.0478 0.108519
46.0586 0.108579
46.1564 0.108632
46.1672 0.108678
46.265 0.108593
46.2758 0.108519
46.3736 0.108579
46.3844 0.108632
46.4822 0.108678
46.493 0.108718
46.5908 0.108628
46.6016 0.10855
46.6994 0.108606
46.7102 0.108655
46.8081 0.108698
46.8189 0.108611
46.9167 0.108535
46.9275 0.108593
47.0253 0.108644
47.0361 0.108688
47.1339 0.108602
47.1447 0.108527
47.2425 0.108586
47.2533 0.108638
47.3511 0.108683
47.3619 0.108598
47.4597 0.108523
47.4705 0.108583
47.5683 0.108635
47.5791 0.10868
47.6769 0.108595
47.6877 0.108521
47.7856 0.108581
47.7963 0.108633
47.8942 0.108679
47.905 0.108594
48.0028 0.10852
48.0136 0.10858
48.1114 0.108632
48.1222 0.108678
48.22 0.108594
48.2308 0.108519
48.3286 0.108579
48.3394 0.108632
48.4372 0.108678
48.448 0.108718
48.5458 0.108628
48.5566 0.10855
48.6544 0.108606
48.6652 0.108655
48.7631 0.108698
48.7738 0.108611
48.8717 0.108535
48.8825 0.108593
48.9803 0.108644
48.9911 0.108688
49.0889 0.108602
49.0997 0.108527
49.1975 0.108586
49.2083 0.108638
49.3061 0.108683
49.3169 0.108598
49.4147 0.108523
49.4255 0.108583
49.5233 0.108635
49.5341 0.10868
49.6319 0.108595
49.6427 0.108521
49.7405 0.108581
49.7513 0.108633
49.8492 0.108679
49.86 0.108594
49.9578 0.10852
49.9686 0.10858
50.0664 0.108632
50.0772 0.108678
50.175 0.108594
50.1858 0.108519
50.2836 0.108579
50.2944 0.108632
50.3922 0.108678
50.403 0.108718
50.5008 0.108628
50.5116 0.10855
50.6094 0.108606
50.6202 0.108655
50.718 0.108698
50.7288 0.108611
50.8267 0.108535
50.8375 0.108593
50.9353 0.108644
50.9461 0.108688
51.0439 0.108602
51.0547 0.108527
51.1525 0.108586
51.1633 0.108638
51.2611 0.108683
51.2719 0.108598
51.3697 0.108523
51.3805 0.108583
51.4783 0.108635
51.4891 0.10868
51.5869 0.108595
51.5977 0.108521
51.6955 0.108581
51.7063 0.108633
51.8042 0.108679
51.815 0.108594
51.9128 0.10852
51.9236 0.10858
52.0214 0.108632
52.0322 0.108678
52.13 0.108594
52.1408 0.108519
52.2386 0.108579
52.2494 0.108632
52.3472 0.108678
52.358 0.108718
52.4558 0.108628
52.4666 0.10855
52.5644 0.108606
52.5752 0.108655
52.673 0.108698
52.6838 0.108611
52.7817 0.108535
52.7924 0.108593
52.8903 0.108644
52.9011 0.108688
52.9989 0.108602
53.0097 0.108527
53.1075 0.108586
53.1183 0.108638
53.2161 0.108683
53.2269 0.108598
53.3247 0.108523
53.3355 0.108583
53.4333 0.108635
53.4441 0.10868
53.5419 0.108595
53.5527 0.108521
53.6505 0.108581
53.6613 0.108633
53.7592 0.108679
53.7699 0.108594
53.8678 0.10852
53.8786 0.10858
53.9764 0.108632
53.9872 0.108678
54.085 0.108594
54.0958 0.108519
54.1936 0.108579
54.2044 0.108632
54.3022 0.108678
54.313 0.108718
54.4108 0.108628
54.4216 0.10855
54.5194 0.108606
54.5302 0.108655
54.628 0.108698
54.6388 0.108611
54.7366 0.108535
54.7474 0.108593
54.8453 0.108644
54.8561 0.108688
54.9539 0.108602
54.9647 0.108527
55.0625 0.108586
55.0733 0.108638
55.1711 0.108683
55.1819 0.108598
55.2797 0.108523
55.2905 0.108583
55.3883 0.108635
55.3991 0.10868
55.4969 0.108595
55.5077 0.108521
55.6055 0.108581
55.6163 0.108633
55.7141 0.108679
55.7249 0.108594
55.8228 0.10852
55.8336 0.10858
55.9314 0.108632
55.9422 0.108678
56.04 0.108594
56.0508 0.108519
56.1486 0.108579
56.1594 0.108632
56.2572 0.108678
56.268 0.108593
56.3658 0.108519
56.3766 0.108579
56.4744 0.108632
56.4852 0.108678
56.583 0.108718
56.5938 0.108628
56.6916 0.10855
56.7024 0.108606
56.8003 0.108655
56.8111 0.108698
56.9089 0.108611
56.9197 0.108535
57.0175 0.108593
57.0283 0.108644
57.1261 0.108688
57.1369 0.108602
57.2347 0.108527
57.2455 0.108586
57.3433 0.108638
57.3541 0.108683
57.4519 0.108598
57.4627 0.108523
57.5605 0.108583
57.5713 0.108635
57.6691 0.10868
57.6799 0.108595
57.7778 0.108521
57.7885 0.108581
57.8864 0.108633
57.8972 0.108679
57.995 0.108594
58.0058 0.10852
58.1036 0.10858
58.1144 0.108632
58.2122 0.108678
58.223 0.108594
58.3208 0.108519
58.3316 0.108579
58.4294 0.108632
58.4402 0.108678
58.538 0.108718
58.5488 0.108628
58.6466 0.10855
58.6574 0.108606
58.7553 0.108655
58.766 0.108698
58.8639 0.108611
58.8747 0.108535
58.9725 0.108593
58.9833 0.108644
59.0811 0.108688
59.0919 0.108602
59.1897 0.108527
59.2005 0.108586
59.2983 0.108638
59.3091 0.108683
59.4069 0.108598
59.4177 0.108523
59.5155 0.108583
59.5263 0.108635
59.6241 0.10868
59.6349 0.108595
59.7328 0.108521
59.7435 0.108581
59.8414 0.108633
59.8522 0.108679
59.95 0.108594
59.9608 0.10852
60.0586 0.10858
60.0694 0.108632
60.1672 0.108678
60.178 0.108594
60.2758 0.108519
60.2866 0.108579
60.3844 0.108632
60.3952 0.108678
60.493 0.108718
60.5038 0.108628
60.6016 0.10855
60.6124 0.108606
60.7102 0.108655
60.721 0.108698
60.8189 0.108611
60.8297 0.108535
60.9275 0.108593
60.9383 0.108644
61.0361 0.108688
61.0469 0.108602
61.1447 0.108527
61.1555 0.108586
61.2533 0.108638
61.2641 0.108683
61.3619 0.108598
61.3727 0.108523
61.4705 0.108583
61.4813 0.108635
61.5791 0.10868
61.5899 0.108595
61.6877 0.108521
61.6985 0.108581
61.7964 0.108633
61.8072 0.108679
61.905 0.108594
61.9158 0.10852
62.0136 0.10858
62.0244 0.108632
62.1222 0.108678
62.133 0.108594
62.2308 0.108519
62.2416 0.108579
62.3394 0.108632
62.3502 0.108678
62.448 0.108718
62.4588 0.108628
62.5566 0.10855
62.5674 0.108606
62.6652 0.108655
62.676 0.108698
62.7739 0.108611
62.7847 0.108535
62.8825 0.108593
62.8933 0.108644
62.9911 0.108688
63.0019 0.108602
63.0997 0.108527
63.1105 0.108586
63.2083 0.108638
63.2191 0.108683
63.3169 0.108598
63.3277 0.108523
63.4255 0.108583
63.4363 0.108635
63.5341 0.10868
63.5449 0.108595
63.6427 0.108521
63.6535 0.108581
63.7514 0.108633
63.7621 0.108679
63.86 0.108594
63.8708 0.10852
63.9686 0.10858
63.9794 0.108632
64.0772 0.108678
64.088 0.108594
64.1858 0.108519
64.1966 0.108579
64.2944 0.108632
64.3052 0.108678
64.403 0.108718
64.4138 0.108628
64.5116 0.10855
64.5224 0.108606
64.6202 0.108655
64.631 0.108698
64.7289 0.108611
64.7396 0.108535
64.8375 0.108593
64.8483 0.108644
64.9461 0.108688
64.9569 0.108602
65.0547 0.108527
65.0655 0.108586
65.1633 0.108638
65.1741 0.108683
65.2719 0.108598
65.2827 0.108523
65.3805 0.108583
65.3913 0.108635
65.4891 0.10868
65.4999 0.108595
65.5977 0.108521
65.6085 0.108581
65.7063 0.108633
65.7171 0.108679
65.815 0.108594
65.8258 0.10852
65.9236 0.10858
65.9344 0.108632
66.0322 0.108678
66.043 0.108594
66.1408 0.108519
66.1516 0.108579
66.2494 0.108632
66.2602 0.108678
66.358 0.108718
66.3688 0.108628
66.4666 0.10855
66.4774 0.108606
66.5752 0.108655
66.586 0.108698
66.6838 0.108611
66.6946 0.108535
66.7925 0.108593
66.8033 0.108644
66.9011 0.108688
66.9119 0.108602
67.0097 0.108527
67.0205 0.108586
67.1183 0.108638
67.1291 0.108683
67.2269 0.108598
67.2377 0.108523
67.3355 0.108583
67.3463 0.108635
67.4441 0.10868
67.4549 0.108595
67.5527 0.108521
67.5635 0.108581
67.6613 0.108633
67.6721 0.108679
67.77 0.108594
67.7808 0.10852
67.8786 0.10858
67.8894 0.108632
67.9872 0.108678
67.998 0.108594
68.0958 0.108519
68.1066 0.108579
68.2044 0.108632
68.2152 0.108678
68.313 0.108718
68.3238 0.108628
68.4216 0.10855
68.4324 0.108606
68.5302 0.108655
68.541 0.108698
68.6388 0.108611
68.6496 0.108535
68.7475 0.108593
68.7582 0.108644
68.8561 0.108688
68.8669 0.108602
68.9647 0.108527
68.9755 0.108586
69.0733 0.108638
69.0841 0.108683
69.1819 0.108598
69.1927 0.108523
69.2905 0.108583
69.3013 0.108635
69.3991 0.10868
69.4099 0.108595
69.5077 0.108521
69.5185 0.108581
69.6163 0.108633
69.6271 0.108679
69.725 0.108594
69.7357 0.10852
69.8336 0.10858
69.8444 0.108632
69.9422 0.108678
69.953 0.108594
70.0508 0.108519
70.0616 0.108579
70.1594 0.108632
70.1702 0.108678
70.268 0.108718
70.2788 0.108628
70.3766 0.10855
70.3874 0.108606
70.4852 0.108655
70.496 0.108698
70.5938 0.108611
70.6046 0.108535
70.7024 0.108593
70.7132 0.108644
70.8111 0.108688
70.8219 0.108602
70.9197 0.108527
70.9305 0.108586
71.0283 0.108638
71.0391 0.108683
71.1369 0.108598
71.1477 0.108523
71.2455 0.108583
71.2563 0.108635
71.3541 0.10868
71.3649 0.108595
71.4627 0.108521
71.4735 0.108581
71.5713 0.108633
71.5821 0.108679
71.6799 0.108594
71.6907 0.10852
71.7886 0.10858
71.7994 0.108632
71.8972 0.108678
71.908 0.108594
72.0058 0.108519
72.0166 0.108579
72.1144 0.108632
72.1252 0.108678
72.223 0.108718
72.2338 0.108628
72.3316 0.10855
72.3424 0.108606
72.4402 0.108655
72.451 0.108698
72.5488 0.108611
72.5596 0.108535
72.6574 0.108593
72.6682 0.108644
72.7661 0.108688
72.7769 0.108602
72.8747 0.108527
72.8855 0.108586
72.9833 0.108638
72.9941 0.108683
73.0919 0.108598
73.1027 0.108523
73.2005 0.108583
73.2113 0.108635
73.3091 0.10868
73.3199 0.108595
73.4177 0.108521
73.4285 0.108581
73.5263 0.108633
73.5371 0.108679
73.6349 0.108594
73.6457 0.10852
73.7436 0.10858
73.7544 0.108632
73.8522 0.108678
73.863 0.108594
73.9608 0.108519
73.9716 0.108579
74.0694 0.108632
74.0802 0.108678
74.178 0.108593
74.1888 0.108519
74.2866 0.108579
74.2974 0.108632
74.3952 0.108678
74.406 0.108718
74.5038 0.108628
74.5146 0.10855
74.6124 0.108606
74.6232 0.108655
74.7211 0.108698
74.7318 0.108611
74.8297 0.108535
74.8405 0.108593
74.9383 0.108644
74.9491 0.108688
75.0469 0.108602
75.0577 0.108527
75.1555 0.108586
75.1663 0.108638
75.2641 0.108683
75.2749 0.108598
75.3727 0.108523
75.3835 0.108583
75.4813 0.108635
75.4921 0.10868
75.5899 0.108595
75.6007 0.108521
75.6986 0.108581
75.7093 0.108633
75.8072 0.108679
75.818 0.108594
75.9158 0.10852
75.9266 0.10858
76.0244 0.108632
76.0352 0.108678
76.133 0.108594
76.1438 0.108519
76.2416 0.108579
76.2524 0.108632
76.3502 0.108678
76.361 0.108718
76.4588 0.108628
76.4696 0.10855
76.5674 0.108606
76.5782 0.108655
76.676 0.108698
76.6868 0.108611
76.7847 0.108535
76.7955 0.108593
76.8933 0.108644
76.9041 0.108688
77.0019 0.108602
77.0127 0.108527
77.1105 0.108586
77.1213 0.108638
77.2191 0.108683
77.2299 0.108598
77.3277 0.108523
77.3385 0.108583
77.4363 0.108635
77.4471 0.10868
77.5449 0.108595
77.5557 0.108521
77.6535 0.108581
77.6643 0.108633
77.7622 0.108679
77.773 0.108594
77.8708 0.10852
77.8816 0.10858
77.9794 0.108632
77.9902 0.108678
78.088 0.108594
78.0988 0.108519
78.1966 0.108579
78.2074 0.108632
78.3052 0.108678
78.316 0.108718
78.4138 0.108628
78.4246 0.10855
78.5224 0.108606
78.5332 0.108655
78.631 0.108698
78.6418 0.108611
78.7397 0.108535
78.7505 0.108593
78.8483 0.108644
78.8591 0.108688
78.9569 0.108602
78.9677 0.108527
79.0655 0.108586
79.0763 0.108638
79.1741 0.108683
79.1849 0.108598
79.2827 0.108523
79.2935 0.108583
79.3913 0.108635
79.4021 0.10868
79.4999 0.108595
79.5107 0.108521
79.6085 0.108581
79.6193 0.108633
79.7172 0.108679
79.7279 0.108594
79.8258 0.10852
79.8366 0.10858
79.9344 0.108632
79.9452 0.108678
80.043 0.108594
80.0538 0.108519
80.1516 0.108579
80.1624 0.108632
80.2602 0.108678
80.271 0.108718
80.3688 0.108628
80.3796 0.10855
80.4774 0.108606
80.4882 0.108655
80.586 0.108698
80.5968 0.108611
80.6947 0.108535
80.7054 0.108593
80.8033 0.108644
80.8141 0.108688
80.9119 0.108602
80.9227 0.108527
81.0205 0.108586
81.0313 0.108638
81.1291 0.108683
81.1399 0.108598
81.2377 0.108523
81.2485 0.108583
81.3463 0.108635
81.3571 0.10868
81.4549 0.108595
81.4657 0.108521
81.5635 0.108581
81.5743 0.108633
81.6721 0.108679
81.6829 0.108594
81.7808 0.10852
81.7916 0.10858
81.8894 0.108632
81.9002 0.108678
81.998 0.108594
82.0088 0.108519
82.1066 0.108579
82.1174 0.108632
82.2152 0.108678
82.226 0.108593
82.3238 0.108519
82.3346 0.108579
82.4324 0.108632
82.4432 0.108678
82.541 0.108718
82.5518 0.108628
82.6496 0.10855
82.6604 0.108606
82.7583 0.108655
82.7691 0.108698
82.8669 0.108611
82.8777 0.108535
82.9755 0.108593
82.9863 0.108644
83.0841 0.108688
83.0949 0.108602
83.1927 0.108527
83.2035 0.108586
83.3013 0.108638
83.3121 0.108683
83.4099 0.108598
83.4207 0.108523
83.5185 0.108583
83.5293 0.108635
83.6271 0.10868
83.6379 0.108595
83.7358 0.108521
83.7466 0.108581
83.8444 0.108633
83.8552 0.108679
83.953 0.108594
83.9638 0.10852
84.0616 0.10858
84.0724 0.108632
84.1702 0.108678
84.181 0.108594
84.2788 0.108519
84.2896 0.108579
84.3874 0.108632
84.3982 0.108678
84.496 0.108718
84.5068 0.108628
84.6046 0.10855
84.6154 0.108606
84.7133 0.108655
84.7241 0.108698
84.8219 0.108611
84.8327 0.108535
84.9305 0.108593
84.9413 0.108644
85.0391 0.108688
85.0499 0.108602
85.1477 0.108527
85.1585 0.108586
85.2563 0.108638
85.2671 0.108683
85.3649 0.108598
85.3757 0.108523
85.4735 0.108583
85.4843 0.108635
85.5821 0.10868
85.5929 0.108595
85.6908 0.108521
85.7015 0.108581
85.7994 0.108633
85.8102 0.108679
85.908 0.108594
85.9188 0.10852
86.0166 0.10858
86.0274 0.108632
86.1252 0.108678
86.136 0.108594
86.2338 0.108519
86.2446 0.108579
86.3424 0.108632
86.3532 0.108678
86.451 0.108718
86.4618 0.108628
86.5596 0.10855
86.5704 0.108606
86.6683 0.108655
86.679 0.108698
86.7769 0.108611
86.7877 0.108535
86.8855 0.108593
86.8963 0.108644
86.9941 0.108688
87.0049 0.108602
87.1027 0.108527
87.1135 0.108586
87.2113 0.108638
87.2221 0.108683
87.3199 0.108598
87.3307 0.108523
87.4285 0.108583
87.4393 0.108635
87.5371 0.10868
87.5479 0.108595
87.6457 0.108521
87.6565 0.108581
87.7544 0.108633
87.7652 0.108679
87.863 0.108594
87.8738 0.10852
87.9716 0.10858
87.9824 0.108632
88.0802 0.108678
88.091 0.108594
88.1888 0.108519
88.1996 0.108579
88.2974 0.108632
88.3082 0.108678
88.406 0.108718
88.4168 0.108628
88.5146 0.10855
88.5254 0.108606
88.6232 0.108655
88.634 0.108698
88.7319 0.108611
88.7427 0.108535
88.8405 0.108593
88.8513 0.108644
88.9491 0.108688
88.9599 0.108602
89.0577 0.108527
89.0685 0.108586
89.1663 0.108638
89.1771 0.108683
89.2749 0.108598
89.2857 0.108523
89.3835 0.108583
89.3943 0.108635
89.4921 0.10868
89.5029 0.108595
89.6007 0.108521
89.6115 0.108581
89.7094 0.108633
89.7202 0.108679
89.818 0.108594
89.8288 0.10852
89.9266 0.10858
89.9374 0.108632
90.0352 0.108678
90.046 0.108594
90.1438 0.108519
90.1546 0.108579
90.2524 0.108632
90.2632 0.108678
90.361 0.108718
90.3718 0.108628
90.4696 0.10855
90.4804 0.108606
90.5782 0.108655
90.589 0.108698
90.6869 0.108611
90.6976 0.108535
90.7955 0.108593
90.8063 0.108644
90.9041 0.108688
90.9149 0.108602
91.0127 0.108527
91.0235 0.108586
91.1213 0.108638
91.1321 0.108683
91.2299 0.108598
91.2407 0.108523
91.3385 0.108583
91.3493 0.108635
91.4471 0.10868
91.4579 0.108595
91.5557 0.108521
91.5665 0.108581
91.6644 0.108633
91.6751 0.108679
91.773 0.108594
91.7838 0.10852
91.8816 0.10858
91.8924 0.108632
91.9902 0.108678
92.001 0.108594
92.0988 0.108519
92.1096 0.108579
92.2074 0.108632
92.2182 0.108678
92.316 0.108718
92.3268 0.108628
92.4246 0.10855
92.4354 0.108606
92.5332 0.108655
92.544 0.108698
92.6418 0.108611
92.6526 0.108535
92.7505 0.108593
92.7613 0.108644
92.8591 0.108688
92.8699 0.108602
92.9677 0.108527
92.9785 0.108586
93.0763 0.108638
93.0871 0.108683
93.1849 0.108598
93.1957 0.108523
93.2935 0.108583
93.3043 0.108635
93.4021 0.10868
93.4129 0.108595
93.5107 0.108521
93.5215 0.108581
93.6193 0.108633
93.6301 0.108679
93.728 0.108594
93.7388 0.10852
93.8366 0.10858
93.8474 0.108632
93.9452 0.108678
93.956 0.108594
94.0538 0.108519
94.0646 0.108579
94.1624 0.108632
94.1732 0.108678
94.271 0.108718
94.2818 0.108628
94.3796 0.10855
94.3904 0.108606
94.4882 0.108655
94.499 0.108698
94.5968 0.108611
94.6076 0.108535
94.7055 0.108593
94.7163 0.108644
94.8141 0.108688
94.8249 0.108602
94.9227 0.108527
94.9335 0.108586
95.0313 0.108638
95.0421 0.108683
95.1399 0.108598
95.1507 0.108523
95.2485 0.108583
95.2593 0.108635
95.3571 0.10868
95.3679 0.108595
95.4657 0.108521
95.4765 0.108581
95.5743 0.108633
95.5851 0.108679
95.683 0.108594
95.6937 0.10852
95.7916 0.10858
95.8024 0.108632
95.9002 0.108678
95.911 0.108594
96.0088 0.108519
96.0196 0.108579
96.1174 0.108632
96.1282 0.108678
96.226 0.108718
96.2368 0.108628
96.3346 0.10855
96.3454 0.108606
96.4432 0.108655
96.454 0.108698
96.5518 0.108611
96.5626 0.108535
96.6605 0.108593
96.6712 0.108644
96.7691 0.108688
96.7799 0.108602
96.8777 0.108527
96.8885 0.108586
96.9863 0.108638
96.9971 0.108683
97.0949 0.108598
97.1057 0.108523
97.2035 0.108583
97.2143 0.108635
97.3121 0.10868
97.3229 0.108595
97.4207 0.108521
97.4315 0.108581
97.5293 0.108633
97.5401 0.108679
97.6379 0.108594
97.6487 0.10852
97.7466 0.10858
97.7574 0.108632
97.8552 0.108678
97.866 0.108594
97.9638 0.108519
97.9746 0.108579
98.0724 0.108632
98.0832 0.108678
98.181 0.108718
98.1918 0.108628
98.2896 0.10855
98.3004 0.108606
98.3982 0.108655
98.409 0.108698
98.5068 0.108611
98.5176 0.108535
98.6154 0.108593
98.6262 0.108644
98.7241 0.108688
98.7349 0.108602
98.8327 0.108527
98.8435 0.108586
98.9413 0.108638
98.9521 0.108683
99.0499 0.108598
99.0607 0.108523
99.1585 0.108583
99.1693 0.108635
99.2671 0.10868
99.2779 0.108595
99.3757 0.108521
99.3865 0.108581
99.4843 0.108633
99.4951 0.108679
99.5929 0.108594
99.6037 0.10852
99.7016 0.10858
99.7124 0.108632
99.8102 0.108678
99.821 0.108594
99.9188 0.108519
99.9296 0.108579
100.027 0.108632
100.038 0.108678
100.136 0.108718
100.147 0.108628
100.245 0.10855
100.255 0.108606
100.353 0.108655
100.364 0.108698
100.462 0.108611
100.473 0.108535
100.57 0.108593
100.581 0.108644
100.679 0.108688
100.69 0.108602
100.788 0.108527
100.798 0.108586
100.896 0.108638
100.907 0.108683
101.005 0.108598
101.016 0.108523
101.113 0.108583
101.124 0.108635
101.222 0.10868
101.233 0.108595
101.331 0.108521
101.342 0.108581
101.439 0.108633
101.45 0.108679
101.548 0.108594
101.559 0.10852
101.657 0.10858
101.667 0.108632
101.765 0.108678
101.776 0.108594
101.874 0.108519
101.885 0.108579
101.982 0.108632
101.993 0.108678
102.091 0.108593
102.102 0.108519
102.2 0.108579
102.21 0.108632
102.308 0.108678
102.319 0.108718
102.417 0.108628
102.428 0.10855
102.525 0.108606
102.536 0.108655
102.634 0.108698
102.645 0.108611
102.743 0.108535
102.753 0.108593
102.851 0.108644
102.862 0.108688
102.96 0.108602
102.971 0.108527
103.068 0.108586
103.079 0.108638
103.177 0.108683
103.188 0.108598
103.286 0.108523
103.297 0.108583
103.394 0.108635
103.405 0.10868
103.503 0.108595
103.514 0.108521
103.612 0.108581
103.622 0.108633
103.72 0.108679
103.731 0.108594
103.829 0.10852
103.84 0.10858
103.937 0.108632
103.948 0.108678
104.046 0.108594
104.057 0.108519
104.155 0.108579
104.165 0.108632
104.263 0.108678
104.274 0.108718
104.372 0.108628
104.383 0.10855
104.48 0.108606
104.491 0.108655
104.589 0.108698
104.6 0.108611
104.698 0.108535
104.708 0.108593
104.806 0.108644
104.817 0.108688
104.915 0.108602
104.926 0.108527
105.023 0.108586
105.034 0.108638
105.132 0.108683
105.143 0.108598
105.241 0.108523
105.252 0.108583
105.349 0.108635
105.36 0.10868
105.458 0.108595
105.469 0.108521
105.567 0.108581
105.577 0.108633
105.675 0.108679
105.686 0.108594
105.784 0.10852
105.795 0.10858
105.892 0.108632
105.903 0.108678
106.001 0.108594
106.012 0.108519
106.11 0.108579
106.12 0.108632
106.218 0.108678
106.229 0.108718
106.327 0.108628
106.338 0.10855
106.435 0.108606
106.446 0.108655
106.544 0.108698
106.555 0.108611
106.653 0.108535
106.663 0.108593
106.761 0.108644
106.772 0.108688
106.87 0.108602
106.881 0.108527
106.978 0.108586
106.989 0.108638
107.087 0.108683
107.098 0.108598
107.196 0.108523
107.207 0.108583
107.304 0.108635
107.315 0.10868
107.413 0.108595
107.424 0.108521
107.522 0.108581
107.532 0.108633
107.63 0.108679
107.641 0.108594
107.739 0.10852
107.75 0.10858
107.847 0.108632
107.858 0.108678
107.956 0.108594
107.967 0.108519
108.065 0.108579
108.075 0.108632
108.173 0.108678
108.184 0.108718
108.282 0.108628
108.293 0.10855
108.39 0.108606
108.401 0.108655
108.499 0.108698
108.51 0.108611
108.608 0.108535
108.618 0.108593
108.716 0.108644
108.727 0.108688
108.825 0.108602
108.836 0.108527
108.933 0.108586
108.944 0.108638
109.042 0.108683
109.053 0.108598
109.151 0.108523
109.161 0.108583
109.259 0.108635
109.27 0.10868
109.368 0.108595
109.379 0.108521
109.477 0.108581
109.487 0.108633
109.585 0.108679
109.596 0.108594
109.694 0.10852
109.705 0.10858
109.802 0.108632
109.813 0.108678
109.911 0.108594
109.922 0.108519
110.02 0.108579
110.03 0.108632
110.128 0.108678
110.139 0.108593
110.237 0.108519
110.248 0.108579
110.345 0.108632
110.356 0.108678
110.454 0.108718
110.465 0.108628
110.563 0.10855
110.573 0.108606
110.671 0.108655
110.682 0.108698
110.78 0.108611
110.791 0.108535
110.888 0.108593
110.899 0.108644
110.997 0.108688
111.008 0.108602
111.106 0.108527
111.116 0.108586
111.214 0.108638
111.225 0.108683
111.323 0.108598
111.334 0.108523
111.432 0.108583
111.442 0.108635
111.54 0.10868
111.551 0.108595
111.649 0.108521
111.66 0.108581
111.757 0.108633
111.768 0.108679
111.866 0.108594
111.877 0.10852
111.975 0.10858
111.985 0.108632
112.083 0.108678
112.094 0.108594
112.192 0.108519
112.203 0.108579
112.3 0.108632
112.311 0.108678
112.409 0.108718
112.42 0.108628
112.518 0.10855
112.528 0.108606
112.626 0.108655
112.637 0.108698
112.735 0.108611
112.746 0.108535
112.843 0.108593
112.854 0.108644
112.952 0.108688
112.963 0.108602
113.061 0.108527
113.071 0.108586
113.169 0.108638
113.18 0.108683
113.278 0.108598
113.289 0.108523
113.387 0.108583
113.397 0.108635
113.495 0.10868
113.506 0.108595
113.604 0.108521
113.615 0.108581
113.712 0.108633
113.723 0.108679
113.821 0.108594
113.832 0.10852
113.93 0.10858
113.94 0.108632
114.038 0.108678
114.049 0.108594
114.147 0.108519
114.158 0.108579
114.255 0.108632
114.266 0.108678
114.364 0.108718
114.375 0.108628
114.473 0.10855
114.483 0.108606
114.581 0.108655
114.592 0.108698
114.69 0.108611
114.701 0.108535
114.798 0.108593
114.809 0.108644
114.907 0.108688
114.918 0.108602
115.016 0.108527
115.026 0.108586
115.124 0.108638
115.135 0.108683
115.233 0.108598
115.244 0.108523
115.342 0.108583
115.352 0.108635
115.45 0.10868
115.461 0.108595
115.559 0.108521
115.57 0.108581
115.667 0.108633
115.678 0.108679
115.776 0.108594
115.787 0.10852
115.885 0.10858
115.895 0.108632
115.993 0.108678
116.004 0.108594
116.102 0.108519
116.113 0.108579
116.21 0.108632
116.221 0.108678
116.319 0.108718
116.33 0.108628
116.428 0.10855
116.438 0.108606
116.536 0.108655
116.547 0.108698
116.645 0.108611
116.656 0.108535
116.753 0.108593
116.764 0.108644
116.862 0.108688
116.873 0.108602
116.971 0.108527
116.981 0.108586
117.079 0.108638
117.09 0.108683
117.188 0.108598
117.199 0.108523
117.297 0.108583
117.307 0.108635
117.405 0.10868
117.416 0.108595
117.514 0.108521
117.525 0.108581
117.622 0.108633
117.633 0.108679
117.731 0.108594
117.742 0.10852
117.84 0.10858
117.85 0.108632
117.948 0.108678
117.959 0.108594
118.057 0.108519
118.068 0.108579
118.165 0.108632
118.176 0.108678
118.274 0.108718
118.285 0.108628
118.383 0.10855
118.393 0.108606
118.491 0.108655
118.502 0.108698
118.6 0.108611
118.611 0.108535
118.708 0.108593
118.719 0.108644
118.817 0.108688
118.828 0.108602
118.926 0.108527
118.936 0.108586
119.034 0.108638
119.045 0.108683
119.143 0.108598
119.154 0.108523
119.252 0.108583
119.262 0.108635
119.36 0.10868
119.371 0.108595
119.469 0.108521
119.48 0.108581
119.577 0.108633
119.588 0.108679
119.686 0.108594
119.697 0.10852
119.795 0.10858
119.805 0.108632
119.903 0.108678
119.914 0.108594
120.012 0.108519
120.023 0.108579
120.12 0.108632
120.131 0.108678
120.229 0.108718
120.24 0.108628
120.338 0.10855
120.348 0.108606
120.446 0.108655
120.457 0.108698
120.555 0.108611
120.566 0.108535
120.663 0.108593
120.674 0.108644
120.772 0.108688
120.783 0.108602
120.881 0.108527
120.891 0.108586
120.989 0.108638
121 0.108683
121.098 0.108598
121.109 0.108523
121.207 0.108583
121.217 0.108635
121.315 0.10868
121.326 0.108595
121.424 0.108521
121.435 0.108581
121.532 0.108633
121.543 0.108679
121.641 0.108594
121.652 0.10852
121.75 0.10858
121.76 0.108632
121.858 0.108678
121.869 0.108594
121.967 0.108519
121.978 0.108579
122.075 0.108632
122.086 0.108678
122.184 0.108718
122.195 0.108628
122.293 0.10855
122.303 0.108606
122.401 0.108655
122.412 0.108698
122.51 0.108611
122.521 0.108535
122.618 0.108593
122.629 0.108644
122.727 0.108688
122.738 0.108602
122.836 0.108527
122.846 0.108586
122.944 0.108638
122.955 0.108683
123.053 0.108598
123.064 0.108523
123.162 0.108583
123.172 0.108635
123.27 0.10868
123.281 0.108595
123.379 0.108521
123.39 0.108581
123.487 0.108633
123.498 0.108679
123.596 0.108594
123.607 0.10852
123.705 0.10858
123.715 0.108632
123.813 0.108678
123.824 0.108594
123.922 0.108519
123.933 0.108579
124.03 0.108632
124.041 0.108678
124.139 0.108718
124.15 0.108628
124.248 0.10855
124.258 0.108606
124.356 0.108655
124.367 0.108698
124.465 0.108611
124.476 0.108535
124.573 0.108593
124.584 0.108644
124.682 0.108688
124.693 0.108602
124.791 0.108527
124.801 0.108586
124.899 0.108638
124.91 0.108683
125.008 0.108598
125.019 0.108523
125.117 0.108583
125.127 0.108635
125.225 0.10868
125.236 0.108595
125.334 0.108521
125.345 0.108581
125.442 0.108633
125.453 0.108679
125.551 0.108594
125.562 0.10852
125.66 0.10858
125.67 0.108632
125.768 0.108678
125.779 0.108594
125.877 0.108519
125.888 0.108579
125.985 0.108632
125.996 0.108678
126.094 0.108718
126.105 0.108628
126.203 0.10855
126.213 0.108606
126.311 0.108655
126.322 0.108698
126.42 0.108611
126.431 0.108535
126.528 0.108593
126.539 0.108644
126.637 0.108688
126.648 0.108602
126.746 0.108527
126.756 0.108586
126.854 0.108638
126.865 0.108683
126.963 0.108598
126.974 0.108523
127.072 0.108583
127.082 0.108635
127.18 0.10868
127.191 0.108595
127.289 0.108521
127.3 0.108581
127.397 0.108633
127.408 0.108679
127.506 0.108594
127.517 0.10852
127.615 0.10858
127.625 0.108632
127.723 0.108678
127.734 0.108594
127.832 0.108519
127.843 0.108579
127.94 0.108632
127.951 0.108678
128.049 0.108593
128.06 0.108519
128.158 0.108579
128.168 0.108632
128.266 0.108678
128.277 0.108718
128.375 0.108628
128.386 0.10855
128.483 0.108606
128.494 0.108655
128.592 0.108698
128.603 0.108611
128.701 0.108535
128.711 0.108593
128.809 0.108644
128.82 0.108688
128.918 0.108602
128.929 0.108527
129.026 0.108586
129.037 0.108638
129.135 0.108683
129.146 0.108598
129.244 0.108523
129.255 0.108583
129.352 0.108635
129.363 0.10868
129.461 0.108595
129.472 0.108521
129.57 0.108581
129.58 0.108633
129.678 0.108679
129.689 0.108594
129.787 0.10852
129.798 0.10858
129.895 0.108632
129.906 0.108678
130.004 0.108594
130.015 0.108519
130.113 0.108579
130.123 0.108632
130.221 0.108678
130.232 0.108718
130.33 0.108628
130.341 0.10855
130.438 0.108606
130.449 0.108655
130.547 0.108698
130.558 0.108611
130.656 0.108535
130.666 0.108593
130.764 0.108644
130.775 0.108688
130.873 0.108602
130.884 0.108527
130.981 0.108586
130.992 0.108638
131.09 0.108683
131.101 0.108598
131.199 0.108523
131.21 0.108583
131.307 0.108635
131.318 0.10868
131.416 0.108595
131.427 0.108521
131.525 0.108581
131.535 0.108633
131.633 0.108679
131.644 0.108594
131.742 0.10852
131.753 0.10858
131.85 0.108632
131.861 0.108678
131.959 0.108594
131.97 0.108519
132.068 0.108579
132.078 0.108632
132.176 0.108678
132.187 0.108718
132.285 0.108628
132.296 0.10855
132.393 0.108606
132.404 0.108655
132.502 0.108698
132.513 0.108611
132.611 0.108535
132.621 0.108593
132.719 0.108644
132.73 0.108688
132.828 0.108602
132.839 0.108527
132.936 0.108586
132.947 0.108638
133.045 0.108683
133.056 0.108598
133.154 0.108523
133.165 0.108583
133.262 0.108635
133.273 0.10868
133.371 0.108595
133.382 0.108521
133.48 0.108581
133.49 0.108633
133.588 0.108679
133.599 0.108594
133.697 0.10852
133.708 0.10858
133.805 0.108632
133.816 0.108678
133.914 0.108594
133.925 0.108519
134.023 0.108579
134.033 0.108632
134.131 0.108678
134.142 0.108718
134.24 0.108628
134.251 0.10855
134.348 0.108606
134.359 0.108655
134.457 0.108698
134.468 0.108611
134.566 0.108535
134.576 0.108593
134.674 0.108644
134.685 0.108688
134.783 0.108602
134.794 0.108527
134.891 0.108586
134.902 0.108638
135 0.108683
135.011 0.108598
135.109 0.108523
135.12 0.108583
135.217 0.108635
135.228 0.10868
135.326 0.108595
135.337 0.108521
135.435 0.108581
135.445 0.108633
135.543 0.108679
135.554 0.108594
135.652 0.10852
135.663 0.10858
135.76 0.108632
135.771 0.108678
135.869 0.108594
135.88 0.108519
135.978 0.108579
135.988 0.108632
136.086 0.108678
136.097 0.108718
136.195 0.108628
136.206 0.10855
136.303 0.108606
136.314 0.108655
136.412 0.108698
136.423 0.108611
136.521 0.108535
136.531 0.108593
136.629 0.108644
136.64 0.108688
136.738 0.108602
136.749 0.108527
136.846 0.108586
136.857 0.108638
136.955 0.108683
136.966 0.108598
137.064 0.108523
137.074 0.108583
137.172 0.108635
137.183 0.10868
137.281 0.108595
137.292 0.108521
137.39 0.108581
137.4 0.108633
137.498 0.108679
137.509 0.108594
137.607 0.10852
137.618 0.10858
137.715 0.108632
137.726 0.108678
137.824 0.108594
137.835 0.108519
137.933 0.108579
137.943 0.108632
138.041 0.108678
138.052 0.108593
138.15 0.108519
138.161 0.108579
138.258 0.108632
138.269 0.108678
138.367 0.108718
138.378 0.108628
138.476 0.10855
138.486 0.108606
138.584 0.108655
138.595 0.108698
138.693 0.108611
138.704 0.108535
138.801 0.108593
138.812 0.108644
138.91 0.108688
138.921 0.108602
139.019 0.108527
139.029 0.108586
139.127 0.108638
139.138 0.108683
139.236 0.108598
139.247 0.108523
139.345 0.108583
139.355 0.108635
139.453 0.10868
139.464 0.108595
139.562 0.108521
139.573 0.108581
139.67 0.108633
139.681 0.108679
139.779 0.108594
139.79 0.10852
139.888 0.10858
139.898 0.108632
139.996 0.108678
140.007 0.108594
140.105 0.108519
140.116 0.108579
140.213 0.108632
140.224 0.108678
140.322 0.108718
140.333 0.108628
140.431 0.10855
140.441 0.108606
140.539 0.108655
140.55 0.108698
140.648 0.108611
140.659 0.108535
140.756 0.108593
140.767 0.108644
140.865 0.108688
140.876 0.108602
140.974 0.108527
140.984 0.108586
141.082 0.108638
141.093 0.108683
141.191 0.108598
141.202 0.108523
141.3 0.108583
141.31 0.108635
141.408 0.10868
141.419 0.108595
141.517 0.108521
141.528 0.108581
141.625 0.108633
141.636 0.108679
141.734 0.108594
141.745 0.10852
141.843 0.10858
141.853 0.108632
141.951 0.108678
141.962 0.108594
142.06 0.108519
142.071 0.108579
142.168 0.108632
142.179 0.108678
142.277 0.108718
142.288 0.108628
142.386 0.10855
142.396 0.108606
142.494 0.108655
142.505 0.108698
142.603 0.108611
142.614 0.108535
142.711 0.108593
142.722 0.108644
142.82 0.108688
142.831 0.108602
142.929 0.108527
142.939 0.108586
143.037 0.108638
143.048 0.108683
143.146 0.108598
143.157 0.108523
143.255 0.108583
143.265 0.108635
143.363 0.10868
143.374 0.108595
143.472 0.108521
143.483 0.108581
143.58 0.108633
143.591 0.108679
143.689 0.108594
143.7 0.10852
143.798 0.10858
143.808 0.108632
143.906 0.108678
143.917 0.108594
144.015 0.108519
144.026 0.108579
144.123 0.108632
144.134 0.108678
144.232 0.108718
144.243 0.108628
144.341 0.10855
144.351 0.108606
144.449 0.108655
144.46 0.108698
144.558 0.108611
144.569 0.108535
144.666 0.108593
144.677 0.108644
144.775 0.108688
144.786 0.108602
144.884 0.108527
144.894 0.108586
144.992 0.108638
145.003 0.108683
145.101 0.108598
145.112 0.108523
145.21 0.108583
145.22 0.108635
145.318 0.10868
145.329 0.108595
145.427 0.108521
145.438 0.108581
145.535 0.108633
145.546 0.108679
145.644 0.108594
145.655 0.10852
145.753 0.10858
145.763 0.108632
145.861 0.108678
145.872 0.108594
145.97 0.108519
145.981 0.108579
146.078 0.108632
146.089 0.108678
146.187 0.108718
146.198 0.108628
146.296 0.10855
146.306 0.108606
146.404 0.108655
146.415 0.108698
146.513 0.108611
146.524 0.108535
146.621 0.108593
146.632 0.108644
146.73 0.108688
146.741 0.108602
146.839 0.108527
146.849 0.108586
146.947 0.108638
146.958 0.108683
147.056 0.108598
147.067 0.108523
147.165 0.108583
147.175 0.108635
147.273 0.10868
147.284 0.108595
147.382 0.108521
147.393 0.108581
147.49 0.108633
147.501 0.108679
147.599 0.108594
147.61 0.10852
147.708 0.10858
147.718 0.108632
147.816 0.108678
147.827 0.108594
147.925 0.108519
147.936 0.108579
148.033 0.108632
148.044 0.108678
148.142 0.108718
148.153 0.108628
148.251 0.10855
148.261 0.108606
148.359 0.108655
148.37 0.108698
148.468 0.108611
148.479 0.108535
148.576 0.108593
148.587 0.108644
148.685 0.108688
148.696 0.108602
148.794 0.108527
148.804 0.108586
148.902 0.108638
148.913 0.108683
149.011 0.108598
149.022 0.108523
149.12 0.108583
149.13 0.108635
149.228 0.10868
149.239 0.108595
149.337 0.108521
149.348 0.108581
149.445 0.108633
149.456 0.108679
149.554 0.108594
149.565 0.10852
149.663 0.10858
149.673 0.108632
149.771 0.108678
149.782 0.108594
149.88 0.108519
149.891 0.108579
149.988 0.108632
149.999 0.108678
150.097 0.108718
150.108 0.108628
150.206 0.10855
150.216 0.108606
150.314 0.108655
150.325 0.108698
150.423 0.108611
150.434 0.108535
150.531 0.108593
150.542 0.108644
150.64 0.108688
150.651 0.108602
150.749 0.108527
150.759 0.108586
150.857 0.108638
150.868 0.108683
150.966 0.108598
150.977 0.108523
151.075 0.108583
151.085 0.108635
151.183 0.10868
151.194 0.108595
151.292 0.108521
151.303 0.108581
151.4 0.108633
151.411 0.108679
151.509 0.108594
151.52 0.10852
151.618 0.10858
151.628 0.108632
151.726 0.108678
151.737 0.108594
151.835 0.108519
151.846 0.108579
151.943 0.108632
151.954 0.108678
152.052 0.108718
152.063 0.108628
152.161 0.10855
152.171 0.108606
152.269 0.108655
152.28 0.108698
152.378 0.108611
152.389 0.108535
152.486 0.108593
152.497 0.108644
152.595 0.108688
152.606 0.108602
152.704 0.108527
152.714 0.108586
152.812 0.108638
152.823 0.108683
152.921 0.108598
152.932 0.108523
153.03 0.108583
153.04 0.108635
153.138 0.10868
153.149 0.108595
153.247 0.108521
153.258 0.108581
153.355 0.108633
153.366 0.108679
153.464 0.108594
153.475 0.10852
153.573 0.10858
153.583 0.108632
153.681 0.108678
153.692 0.108594
153.79 0.108519
153.801 0.108579
153.898 0.108632
153.909 0.108678
154.007 0.108718
154.018 0.108628
154.116 0.10855
154.126 0.108606
154.224 0.108655
154.235 0.108698
154.333 0.108611
154.344 0.108535
154.441 0.108593
154.452 0.108644
154.55 0.108688
154.561 0.108602
154.659 0.108527
154.669 0.108586
154.767 0.108638
154.778 0.108683
154.876 0.108598
154.887 0.108523
154.984 0.108583
154.995 0.108635
155.093 0.10868
155.104 0.108595
155.202 0.108521
155.213 0.108581
155.31 0.108633
155.321 0.108679
155.419 0.108594
155.43 0.10852
155.528 0.10858
155.538 0.108632
155.636 0.108678
155.647 0.108594
155.745 0.108519
155.756 0.108579
155.853 0.108632
155.864 0.108678
155.962 0.108593
155.973 0.108519
156.071 0.108579
156.081 0.108632
156.179 0.108678
156.19 0.108718
156.288 0.108628
156.299 0.10855
156.396 0.108606
156.407 0.108655
156.505 0.108698
156.516 0.108611
156.614 0.108535
156.624 0.108593
156.722 0.108644
156.733 0.108688
156.831 0.108602
156.842 0.108527
156.939 0.108586
156.95 0.108638
157.048 0.108683
157.059 0.108598
157.157 0.108523
157.168 0.108583
157.265 0.108635
157.276 0.10868
157.374 0.108595
157.385 0.108521
157.483 0.108581
157.493 0.108633
157.591 0.108679
157.602 0.108594
157.7 0.10852
157.711 0.10858
157.808 0.108632
157.819 0.108678
157.917 0.108594
157.928 0.108519
158.026 0.108579
158.036 0.108632
158.134 0.108678
158.145 0.108718
158.243 0.108628
158.254 0.10855
158.351 0.108606
158.362 0.108655
158.46 0.108698
158.471 0.108611
158.569 0.108535
158.579 0.108593
158.677 0.108644
158.688 0.108688
158.786 0.108602
158.797 0.108527
158.894 0.108586
158.905 0.108638
159.003 0.108683
159.014 0.108598
159.112 0.108523
159.123 0.108583
159.22 0.108635
159.231 0.10868
159.329 0.108595
159.34 0.108521
159.438 0.108581
159.448 0.108633
159.546 0.108679
159.557 0.108594
159.655 0.10852
159.666 0.10858
159.763 0.108632
159.774 0.108678
159.872 0.108594
159.883 0.108519
159.981 0.108579
159.991 0.108632
160.089 0.108678
160.1 0.108718
160.198 0.108628
160.209 0.10855
160.306 0.108606
160.317 0.108655
160.415 0.108698
160.426 0.108611
160.524 0.108535
160.534 0.108593
160.632 0.108644
160.643 0.108688
160.741 0.108602
160.752 0.108527
160.849 0.108586
160.86 0.108638
160.958 0.108683
160.969 0.108598
161.067 0.108523
161.078 0.108583
161.175 0.108635
161.186 0.10868
161.284 0.108595
161.295 0.108521
161.393 0.108581
161.403 0.108633
161.501 0.108679
161.512 0.108594
161.61 0.10852
161.621 0.10858
161.718 0.108632
161.729 0.108678
161.827 0.108594
161.838 0.108519
161.936 0.108579
161.946 0.108632
162.044 0.108678
162.055 0.108718
162.153 0.108628
162.164 0.10855
162.261 0.108606
162.272 0.108655
162.37 0.108698
162.381 0.108611
162.479 0.108535
162.489 0.108593
162.587 0.108644
162.598 0.108688
162.696 0.108602
162.707 0.108527
162.804 0.108586
162.815 0.108638
162.913 0.108683
162.924 0.108598
163.022 0.108523
163.033 0.108583
163.13 0.108635
163.141 0.10868
163.239 0.108595
163.25 0.108521
163.348 0.108581
163.358 0.108633
163.456 0.108679
163.467 0.108594
163.565 0.10852
163.576 0.10858
163.673 0.108632
163.684 0.108678
163.782 0.108594
163.793 0.108519
163.891 0.108579
163.901 0.108632
163.999 0.108678
164.01 0.108593
164.108 0.108519
164.119 0.108579
164.216 0.108632
164.227 0.108678
164.325 0.108718
164.336 0.108628
164.434 0.10855
164.444 0.108606
164.542 0.108655
164.553 0.108698
164.651 0.108611
164.662 0.108535
164.759 0.108593
164.77 0.108644
164.868 0.108688
164.879 0.108602
164.977 0.108527
164.987 0.108586
165.085 0.108638
165.096 0.108683
165.194 0.108598
165.205 0.108523
165.303 0.108583
165.313 0.108635
165.411 0.10868
165.422 0.108595
165.52 0.108521
165.531 0.108581
165.628 0.108633
165.639 0.108679
165.737 0.108594
165.748 0.10852
165.846 0.10858
165.856 0.108632
165.954 0.108678
165.965 0.108594
166.063 0.108519
166.074 0.108579
166.171 0.108632
166.182 0.108678
166.28 0.108718
166.291 0.108628
166.389 0.10855
166.399 0.108606
166.497 0.108655
166.508 0.108698
166.606 0.108611
166.617 0.108535
166.714 0.108593
166.725 0.108644
166.823 0.108688
166.834 0.108602
166.932 0.108527
166.942 0.108586
167.04 0.108638
167.051 0.108683
167.149 0.108598
167.16 0.108523
167.258 0.108583
167.268 0.108635
167.366 0.10868
167.377 0.108595
167.475 0.108521
167.486 0.108581
167.583 0.108633
167.594 0.108679
167.692 0.108594
167.703 0.10852
167.801 0.10858
167.811 0.108632
167.909 0.108678
167.92 0.108594
168.018 0.108519
168.029 0.108579
168.126 0.108632
168.137 0.108678
168.235 0.108718
168.246 0.108628
168.344 0.10855
168.354 0.108606
168.452 0.108655
168.463 0.108698
168.561 0.108611
168.572 0.108535
168.669 0.108593
168.68 0.108644
168.778 0.108688
168.789 0.108602
168.887 0.108527
168.897 0.108586
168.995 0.108638
169.006 0.108683
169.104 0.108598
169.115 0.108523
169.213 0.108583
169.223 0.108635
169.321 0.10868
169.332 0.108595
169.43 0.108521
169.441 0.108581
169.538 0.108633
169.549 0.108679
169.647 0.108594
169.658 0.10852
169.756 0.10858
169.766 0.108632
169.864 0.108678
169.875 0.108594
169.973 0.108519
169.984 0.108579
170.081 0.108632
170.092 0.108678
170.19 0.108718
170.201 0.108628
170.299 0.10855
170.309 0.108606
170.407 0.108655
170.418 0.108698
170.516 0.108611
170.527 0.108535
170.624 0.108593
170.635 0.108644
170.733 0.108688
170.744 0.108602
170.842 0.108527
170.852 0.108586
170.95 0.108638
170.961 0.108683
171.059 0.108598
171.07 0.108523
171.168 0.108583
171.178 0.108635
171.276 0.10868
171.287 0.108595
171.385 0.108521
171.396 0.108581
171.493 0.108633
171.504 0.108679
171.602 0.108594
171.613 0.10852
171.711 0.10858
171.721 0.108632
171.819 0.108678
171.83 0.108594
171.928 0.108519
171.939 0.108579
172.036 0.108632
172.047 0.108678
172.145 0.108718
172.156 0.108628
172.254 0.10855
172.264 0.108606
172.362 0.108655
172.373 0.108698
172.471 0.108611
172.482 0.108535
172.579 0.108593
172.59 0.108644
172.688 0.108688
172.699 0.108602
172.797 0.108527
172.807 0.108586
172.905 0.108638
172.916 0.108683
173.014 0.108598
173.025 0.108523
173.123 0.108583
173.133 0.108635
173.231 0.10868
173.242 0.108595
173.34 0.108521
173.351 0.108581
173.448 0.108633
173.459 0.108679
173.557 0.108594
173.568 0.10852
173.666 0.10858
173.676 0.108632
173.774 0.108678
173.785 0.108594
173.883 0.108519
173.894 0.108579
173.991 0.108632
174.002 0.108678
174.1 0.108718
174.111 0.108628
174.209 0.10855
174.219 0.108606
174.317 0.108655
174.328 0.108698
174.426 0.108611
174.437 0.108535
174.534 0.108593
174.545 0.108644
174.643 0.108688
174.654 0.108602
174.752 0.108527
174.762 0.108586
174.86 0.108638
174.871 0.108683
174.969 0.108598
174.98 0.108523
175.078 0.108583
175.088 0.108635
175.186 0.10868
175.197 0.108595
175.295 0.108521
175.306 0.108581
175.403 0.108633
175.414 0.108679
175.512 0.108594
175.523 0.10852
175.621 0.10858
175.631 0.108632
175.729 0.108678
175.74 0.108594
175.838 0.108519
175.849 0.108579
175.946 0.108632
175.957 0.108678
176.055 0.108718
176.066 0.108628
176.164 0.10855
176.174 0.108606
176.272 0.108655
176.283 0.108698
176.381 0.108611
176.392 0.108535
176.489 0.108593
176.5 0.108644
176.598 0.108688
176.609 0.108602
176.707 0.108527
176.717 0.108586
176.815 0.108638
176.826 0.108683
176.924 0.108598
176.935 0.108523
177.033 0.108583
177.043 0.108635
177.141 0.10868
177.152 0.108595
177.25 0.108521
177.261 0.108581
177.358 0.108633
177.369 0.108679
177.467 0.108594
177.478 0.10852
177.576 0.10858
177.586 0.108632
177.684 0.108678
177.695 0.108594
177.793 0.108519
177.804 0.108579
177.901 0.108632
177.912 0.108678
178.01 0.108718
178.021 0.108628
178.119 0.10855
178.129 0.108606
178.227 0.108655
178.238 0.108698
178.336 0.108611
178.347 0.108535
178.444 0.108593
178.455 0.108644
178.553 0.108688
178.564 0.108602
178.662 0.108527
178.672 0.108586
178.77 0.108638
178.781 0.108683
178.879 0.108598
178.89 0.108523
178.988 0.108583
178.998 0.108635
179.096 0.10868
179.107 0.108595
179.205 0.108521
179.216 0.108581
179.313 0.108633
179.324 0.108679
179.422 0.108594
179.433 0.10852
179.531 0.10858
179.541 0.108632
179.639 0.108678
179.65 0.108594
179.748 0.108519
179.759 0.108579
179.856 0.108632
179.867 0.108678
179.965 0.108718
179.976 0.108628
180.074 0.10855
180.084 0.108606
180.182 0.108655
180.193 0.108698
180.291 0.108611
180.302 0.108535
180.399 0.108593
180.41 0.108644
180.508 0.108688
180.519 0.108602
180.617 0.108527
180.627 0.108586
180.725 0.108638
180.736 0.108683
180.834 0.108598
180.845 0.108523
180.943 0.108583
180.953 0.108635
181.051 0.10868
181.062 0.108595
181.16 0.108521
181.171 0.108581
181.268 0.108633
181.279 0.108679
181.377 0.108594
181.388 0.10852
181.486 0.10858
181.496 0.108632
181.594 0.108678
181.605 0.108594
181.703 0.108519
181.714 0.108579
181.811 0.108632
181.822 0.108678
181.92 0.108593
181.931 0.108519
182.029 0.108579
182.039 0.108632
182.137 0.108678
182.148 0.108718
182.246 0.108628
182.257 0.10855
182.354 0.108606
182.365 0.108655
182.463 0.108698
182.474 0.108611
182.572 0.108535
182.582 0.108593
182.68 0.108644
182.691 0.108688
182.789 0.108602
182.8 0.108527
182.897 0.108586
182.908 0.108638
183.006 0.108683
183.017 0.108598
183.115 0.108523
183.126 0.108583
183.223 0.108635
183.234 0.10868
183.332 0.108595
183.343 0.108521
183.441 0.108581
183.451 0.108633
183.549 0.108679
183.56 0.108594
183.658 0.10852
183.669 0.10858
183.766 0.108632
183.777 0.108678
183.875 0.108594
183.886 0.108519
183.984 0.108579
183.994 0.108632
184.092 0.108678
184.103 0.108718
184.201 0.108628
184.212 0.10855
184.309 0.108606
184.32 0.108655
184.418 0.108698
184.429 0.108611
184.527 0.108535
184.537 0.108593
184.635 0.108644
184.646 0.108688
184.744 0.108602
184.755 0.108527
184.852 0.108586
184.863 0.108638
184.961 0.108683
184.972 0.108598
185.07 0.108523
185.081 0.108583
185.178 0.108635
185.189 0.10868
185.287 0.108595
185.298 0.108521
185.396 0.108581
185.406 0.108633
185.504 0.108679
185.515 0.108594
185.613 0.10852
185.624 0.10858
185.721 0.108632
185.732 0.108678
185.83 0.108594
185.841 0.108519
185.939 0.108579
185.949 0.108632
186.047 0.108678
186.058 0.108718
186.156 0.108628
186.167 0.10855
186.264 0.108606
186.275 0.108655
186.373 0.108698
186.384 0.108611
186.482 0.108535
186.492 0.108593
186.59 0.108644
186.601 0.108688
186.699 0.108602
186.71 0.108527
186.807 0.108586
186.818 0.108638
186.916 0.108683
186.927 0.108598
187.025 0.108523
187.036 0.108583
187.133 0.108635
187.144 0.10868
187.242 0.108595
187.253 0.108521
187.351 0.108581
187.361 0.108633
187.459 0.108679
187.47 0.108594
187.568 0.10852
187.579 0.10858
187.676 0.108632
187.687 0.108678
187.785 0.108594
187.796 0.108519
187.894 0.108579
187.904 0.108632
188.002 0.108678
188.013 0.108718
188.111 0.108628
188.122 0.10855
188.219 0.108606
188.23 0.108655
188.328 0.108698
188.339 0.108611
188.437 0.108535
188.447 0.108593
188.545 0.108644
188.556 0.108688
188.654 0.108602
188.665 0.108527
188.762 0.108586
188.773 0.108638
188.871 0.108683
188.882 0.108598
188.98 0.108523
188.991 0.108583
189.088 0.108635
189.099 0.10868
189.197 0.108595
189.208 0.108521
189.306 0.108581
189.316 0.108633
189.414 0.108679
189.425 0.108594
189.523 0.10852
189.534 0.10858
189.631 0.108632
189.642 0.108678
189.74 0.108594
189.751 0.108519
189.849 0.108579
189.859 0.108632
189.957 0.108678
189.968 0.108718
190.066 0.108628
190.077 0.10855
190.174 0.108606
190.185 0.108655
190.283 0.108698
190.294 0.108611
190.392 0.108535
190.402 0.108593
190.5 0.108644
190.511 0.108688
190.609 0.108602
190.62 0.108527
190.717 0.108586
190.728 0.108638
190.826 0.108683
190.837 0.108598
190.935 0.108523
190.945 0.108583
191.043 0.108635
191.054 0.10868
191.152 0.108595
191.163 0.108521
191.261 0.108581
191.271 0.108633
191.369 0.108679
191.38 0.108594
191.478 0.10852
191.489 0.10858
191.586 0.108632
191.597 0.108678
191.695 0.108594
191.706 0.108519
191.804 0.108579
191.814 0.108632
191.912 0.108678
191.923 0.108593
192.021 0.108519
192.032 0.108579
192.129 0.108632
192.14 0.108678
192.238 0.108718
192.249 0.108628
192.347 0.10855
192.357 0.108606
192.455 0.108655
192.466 0.108698
192.564 0.108611
192.575 0.108535
192.672 0.108593
192.683 0.108644
192.781 0.108688
192.792 0.108602
192.89 0.108527
192.9 0.108586
192.998 0.108638
193.009 0.108683
193.107 0.108598
193.118 0.108523
193.216 0.108583
193.226 0.108635
193.324 0.10868
193.335 0.108595
193.433 0.108521
193.444 0.108581
193.541 0.108633
193.552 0.108679
193.65 0.108594
193.661 0.10852
193.759 0.10858
193.769 0.108632
193.867 0.108678
193.878 0.108594
193.976 0.108519
193.987 0.108579
194.084 0.108632
194.095 0.108678
194.193 0.108718
194.204 0.108628
194.302 0.10855
194.312 0.108606
194.41 0.108655
194.421 0.108698
194.519 0.108611
194.53 0.108535
194.627 0.108593
194.638 0.108644
194.736 0.108688
194.747 0.108602
194.845 0.108527
194.855 0.108586
194.953 0.108638
194.964 0.108683
195.062 0.108598
195.073 0.108523
195.171 0.108583
195.181 0.108635
195.279 0.10868
195.29 0.108595
195.388 0.108521
195.399 0.108581
195.496 0.108633
195.507 0.108679
195.605 0.108594
195.616 0.10852
195.714 0.10858
195.724 0.108632
195.822 0.108678
195.833 0.108594
195.931 0.108519
195.942 0.108579
196.039 0.108632
196.05 0.108678
196.148 0.108718
196.159 0.108628
196.257 0.10855
196.267 0.108606
196.365 0.108655
196.376 0.108698
196.474 0.108611
196.485 0.108535
196.582 0.108593
196.593 0.108644
196.691 0.108688
196.702 0.108602
196.8 0.108527
196.81 0.108586
196.908 0.108638
196.919 0.108683
197.017 0.108598
197.028 0.108523
197.126 0.108583
197.136 0.108635
197.234 0.10868
197.245 0.108595
197.343 0.108521
197.354 0.108581
197.451 0.108633
197.462 0.108679
197.56 0.108594
197.571 0.10852
197.669 0.10858
197.679 0.108632
197.777 0.108678
197.788 0.108594
197.886 0.108519
197.897 0.108579
197.994 0.108632
198.005 0.108678
198.103 0.108718
198.114 0.108628
198.212 0.10855
198.222 0.108606
198.32 0.108655
198.331 0.108698
198.429 0.108611
198.44 0.108535
198.537 0.108593
198.548 0.108644
198.646 0.108688
198.657 0.108602
198.755 0.108527
198.765 0.108586
198.863 0.108638
198.874 0.108683
198.972 0.108598
198.983 0.108523
199.081 0.108583
199.091 0.108635
199.189 0.10868
199.2 0.108595
199.298 0.108521
199.309 0.108581
199.406 0.108633
199.417 0.108679
199.515 0.108594
199.526 0.10852
199.624 0.10858
199.634 0.108632
199.732 0.108678
199.743 0.108594
199.841 0.108519
199.852 0.108579
199.949 0.108632
199.96 0.108678
200.058 0.108718
200.069 0.108628
200.167 0.10855
200.177 0.108606
200.275 0.108655
200.286 0.108698
200.384 0.108611
200.395 0.108535
200.492 0.108593
200.503 0.108644
200.601 0.108688
200.612 0.108602
200.71 0.108527
200.72 0.108586
200.818 0.108638
200.829 0.108683
200.927 0.108598
200.938 0.108523
