0.010001 1 0
0.110001 1 0
0.110001 2 0
0.210001 1 0
0.210001 2 0
0.310001 1 0
0.310001 2 0
0.410001 1 0
0.410001 2 0
0.510001 1 0
0.510001 2 0
0.610001 1 0
0.610001 2 0
0.710001 1 0
0.710001 2 0
0.810001 1 0
0.810001 2 0
0.910001 1 0
0.910001 2 0
1.01 1 0
1.01 2 0
1.11 1 0
1.11 2 0
1.21 1 0
1.21 2 0
1.31 1 0
1.31 2 0
1.41 1 0
1.41 2 0
1.51 1 0
1.51 2 0
1.61 1 0
1.61 2 0
1.71 1 0
1.71 2 0
1.81 1 0
1.81 2 0
1.91 1 0
1.91 2 0
2.01 1 0
2.01 2 0
2.11 1 0
2.11 2 0
2.21 1 0
2.21 2 0
2.31 1 0
2.31 2 0
2.41 1 0
2.41 2 0
2.51 1 0
2.51 2 0
2.61 1 0
2.61 2 0
2.71 1 0
2.71 2 0
2.81 1 0
2.81 2 0
2.91 1 0
2.91 2 0
3.01 1 0
3.01 2 0
3.11 1 0
3.11 2 0
3.21 1 0
3.21 2 0
3.31 1 0
3.31 2 0
3.41 1 0
3.41 2 0
3.51 1 0
3.51 2 0
3.61 1 0
3.61 2 0
3.71 1 0
3.71 2 0
3.81 1 0
3.81 2 0
3.91 1 0
3.91 2 0
4.01 1 0
4.01 2 0
4.11 1 0
4.11 2 0
4.21 1 0
4.21 2 0
4.31 1 0
4.31 2 0
4.41 1 0
4.41 2 0
4.51 1 0
4.51 2 0
4.61 1 0
4.61 2 0
4.71 1 0
4.71 2 0
4.81 1 0
4.81 2 0
4.91 1 0
4.91 2 0
5.01 1 0
5.01 2 0
5.11 1 0
5.11 2 0
5.21 1 0
5.21 2 0
5.31 1 0
5.31 2 0
5.41 1 0
5.41 2 0
5.51 1 0
5.51 2 0
5.61 1 0
5.61 2 0
5.71 1 0
5.71 2 0
5.81 1 0
5.81 2 0
5.91 1 0
5.91 2 0
6.01 1 0
6.01 2 0
6.11 1 0
6.11 2 0
6.21 1 0
6.21 2 0
6.31 1 0
6.31 2 0
6.41 1 0
6.41 2 0
6.51 1 0
6.51 2 0
6.61 1 0
6.61 2 0
6.71 1 0
6.71 2 0
6.81 1 0
6.81 2 0
6.91 1 0
6.91 2 0
7.01 1 0
7.01 2 0
7.11 1 0
7.11 2 0
7.21 1 0
7.21 2 0
7.31 1 0
7.31 2 0
7.41 1 0
7.41 2 0
7.51 1 0
7.51 2 0
7.61 1 0
7.61 2 0
7.71 1 0
7.71 2 0
7.81 1 0
7.81 2 0
7.91 1 0
7.91 2 0
8.01 1 0
8.01 2 0
8.11 1 0
8.11 2 0
8.21 1 0
8.21 2 0
8.31 1 0
8.31 2 0
8.41 1 0
8.41 2 0
8.51 1 0
8.51 2 0
8.61 1 0
8.61 2 0
8.71 1 0
8.71 2 0
8.81 1 0
8.81 2 0
8.91 1 0
8.91 2 0
9.01 1 0
9.01 2 0
9.11 1 0
9.11 2 0
9.21 1 0
9.21 2 0
9.31 1 0
9.31 2 0
9.41 1 0
9.41 2 0
9.51 1 0
9.51 2 0
9.61 1 0
9.61 2 0
9.71 1 0
9.71 2 0
9.81 1 0
9.81 2 0
9.91 1 0
9.91 2 0
10.01 1 0
10.01 2 0
10.11 1 0
10.11 2 0
10.21 1 0
10.21 2 0
10.31 1 0
10.31 2 0
10.41 1 0
10.41 2 0
10.51 1 0
10.51 2 0
10.61 1 0
10.61 2 0
10.71 1 0
10.71 2 0
10.81 1 0
10.81 2 0
10.91 1 0
10.91 2 0
11.01 1 5
11.01 2 4
11.11 1 5
11.11 2 4
11.21 1 5
11.21 2 4
11.31 1 5
11.31 2 4
11.41 1 5
11.41 2 4
11.51 1 5
11.51 2 4
11.61 1 5
11.61 2 4
11.71 1 5
11.71 2 4
11.81 1 5
11.81 2 4
11.91 1 5
11.91 2 4
12.01 1 7
12.01 2 9
12.11 1 7
12.11 2 9
12.21 1 7
12.21 2 9
12.31 1 7
12.31 2 9
12.41 1 7
12.41 2 9
12.51 1 7
12.51 2 9
12.61 1 7
12.61 2 9
12.71 1 7
12.71 2 9
12.81 1 7
12.81 2 9
12.91 1 7
12.91 2 9
13.01 1 14
13.01 2 16
13.11 1 14
13.11 2 16
13.21 1 14
13.21 2 16
13.31 1 14
13.31 2 16
13.41 1 14
13.41 2 16
13.51 1 14
13.51 2 16
13.61 1 14
13.61 2 16
13.71 1 14
13.71 2 16
13.81 1 14
13.81 2 16
13.91 1 14
13.91 2 16
14.01 1 18
14.01 2 19
14.11 1 18
14.11 2 19
14.21 1 18
14.21 2 19
14.31 1 18
14.31 2 19
14.41 1 18
14.41 2 19
14.51 1 18
14.51 2 19
14.61 1 18
14.61 2 19
14.71 1 18
14.71 2 19
14.81 1 18
14.81 2 19
14.91 1 18
14.91 2 19
15.01 1 36
15.01 2 26
15.11 1 36
15.11 2 26
15.21 1 36
15.21 2 26
15.31 1 36
15.31 2 26
15.41 1 36
15.41 2 26
15.51 1 36
15.51 2 26
15.61 1 36
15.61 2 26
15.71 1 36
15.71 2 26
15.81 1 36
15.81 2 26
15.91 1 36
15.91 2 26
16.01 1 47
16.01 2 31
16.11 1 47
16.11 2 31
16.21 1 47
16.21 2 31
16.31 1 47
16.31 2 31
16.41 1 47
16.41 2 31
16.51 1 47
16.51 2 31
16.61 1 47
16.61 2 31
16.71 1 47
16.71 2 31
16.81 1 47
16.81 2 31
16.91 1 47
16.91 2 31
17.01 1 60
17.01 2 36
17.11 1 60
17.11 2 36
17.21 1 60
17.21 2 36
17.31 1 60
17.31 2 36
17.41 1 60
17.41 2 36
17.51 1 60
17.51 2 36
17.61 1 60
17.61 2 36
17.71 1 60
17.71 2 36
17.81 1 60
17.81 2 36
17.91 1 60
17.91 2 36
18.01 1 67
18.01 2 43
18.11 1 67
18.11 2 43
18.21 1 67
18.21 2 43
18.31 1 67
18.31 2 43
18.41 1 67
18.41 2 43
18.51 1 67
18.51 2 43
18.61 1 67
18.61 2 43
18.71 1 67
18.71 2 43
18.81 1 67
18.81 2 43
18.91 1 67
18.91 2 43
19.01 1 74
19.01 2 51
19.11 1 74
19.11 2 51
19.21 1 74
19.21 2 51
19.31 1 74
19.31 2 51
19.41 1 74
19.41 2 51
19.51 1 74
19.51 2 51
19.61 1 74
19.61 2 51
19.71 1 74
19.71 2 51
19.81 1 74
19.81 2 51
19.91 1 74
19.91 2 51
20.01 1 76
20.01 2 52
20.11 1 76
20.11 2 52
20.21 1 76
20.21 2 52
20.31 1 76
20.31 2 52
20.41 1 76
20.41 2 52
20.51 1 76
20.51 2 52
20.61 1 76
20.61 2 52
20.71 1 76
20.71 2 52
20.81 1 76
20.81 2 52
20.91 1 76
20.91 2 52
21.01 1 79
21.01 2 54
21.11 1 79
21.11 2 54
21.21 1 79
21.21 2 54
21.31 1 79
21.31 2 54
21.41 1 79
21.41 2 54
21.51 1 79
21.51 2 54
21.61 1 79
21.61 2 54
21.71 1 79
21.71 2 54
21.81 1 79
21.81 2 54
21.91 1 79
21.91 2 54
22.01 1 79
22.01 2 54
22.11 1 79
22.11 2 54
22.21 1 79
22.21 2 54
22.31 1 79
22.31 2 54
22.41 1 79
22.41 2 54
22.51 1 79
22.51 2 54
22.61 1 79
22.61 2 54
22.71 1 79
22.71 2 54
22.81 1 79
22.81 2 54
22.91 1 79
22.91 2 54
23.01 1 79
23.01 2 54
23.11 1 79
23.11 2 54
23.21 1 79
23.21 2 54
23.31 1 79
23.31 2 54
23.41 1 79
23.41 2 54
23.51 1 79
23.51 2 54
23.61 1 79
23.61 2 54
23.71 1 79
23.71 2 54
23.81 1 79
23.81 2 54
23.91 1 79
23.91 2 54
24.01 1 79
24.01 2 54
24.11 1 79
24.11 2 54
24.21 1 79
24.21 2 54
24.31 1 79
24.31 2 54
24.41 1 79
24.41 2 54
24.51 1 79
24.51 2 54
24.61 1 79
24.61 2 54
24.71 1 79
24.71 2 54
24.81 1 79
24.81 2 54
24.91 1 79
24.91 2 54
25.01 1 79
25.01 2 54
25.11 1 79
25.11 2 54
25.21 1 79
25.21 2 54
25.31 1 79
25.31 2 54
25.41 1 79
25.41 2 54
25.51 1 79
25.51 2 54
25.61 1 79
25.61 2 54
25.71 1 79
25.71 2 54
25.81 1 79
25.81 2 54
25.91 1 79
25.91 2 54
26.01 1 79
26.01 2 54
26.11 1 79
26.11 2 54
26.21 1 79
26.21 2 54
26.31 1 79
26.31 2 54
26.41 1 79
26.41 2 54
26.51 1 79
26.51 2 54
26.61 1 79
26.61 2 54
26.71 1 79
26.71 2 54
26.81 1 79
26.81 2 54
26.91 1 79
26.91 2 54
27.01 1 79
27.01 2 54
27.11 1 79
27.11 2 54
27.21 1 79
27.21 2 54
27.31 1 79
27.31 2 54
27.41 1 79
27.41 2 54
27.51 1 79
27.51 2 54
27.61 1 79
27.61 2 54
27.71 1 79
27.71 2 54
27.81 1 79
27.81 2 54
27.91 1 79
27.91 2 54
28.01 1 79
28.01 2 54
28.11 1 79
28.11 2 54
28.21 1 79
28.21 2 54
28.31 1 79
28.31 2 54
28.41 1 79
28.41 2 54
28.51 1 79
28.51 2 54
28.61 1 79
28.61 2 54
28.71 1 79
28.71 2 54
28.81 1 79
28.81 2 54
28.91 1 79
28.91 2 54
29.01 1 79
29.01 2 54
29.11 1 79
29.11 2 54
29.21 1 79
29.21 2 54
29.31 1 79
29.31 2 54
29.41 1 79
29.41 2 54
29.51 1 79
29.51 2 54
29.61 1 79
29.61 2 54
29.71 1 79
29.71 2 54
29.81 1 79
29.81 2 54
29.91 1 79
29.91 2 54
30.01 1 79
30.01 2 54
30.11 1 79
30.11 2 54
30.21 1 79
30.21 2 54
30.31 1 79
30.31 2 54
30.41 1 79
30.41 2 54
30.51 1 79
30.51 2 54
30.61 1 79
30.61 2 54
30.71 1 79
30.71 2 54
30.81 1 79
30.81 2 54
30.91 1 79
30.91 2 54
31.01 1 79
31.01 2 54
31.11 1 79
31.11 2 54
31.21 1 79
31.21 2 54
31.31 1 79
31.31 2 54
31.41 1 79
31.41 2 54
31.51 1 79
31.51 2 54
31.61 1 79
31.61 2 54
31.71 1 79
31.71 2 54
31.81 1 79
31.81 2 54
31.91 1 79
31.91 2 54
32.01 1 79
32.01 2 54
32.11 1 79
32.11 2 54
32.21 1 79
32.21 2 54
32.31 1 79
32.31 2 54
32.41 1 79
32.41 2 54
32.51 1 79
32.51 2 54
32.61 1 79
32.61 2 54
32.71 1 79
32.71 2 54
32.81 1 79
32.81 2 54
32.91 1 79
32.91 2 54
33.01 1 79
33.01 2 54
33.11 1 79
33.11 2 54
33.21 1 79
33.21 2 54
33.31 1 79
33.31 2 54
33.41 1 79
33.41 2 54
33.51 1 79
33.51 2 54
33.61 1 79
33.61 2 54
33.71 1 79
33.71 2 54
33.81 1 79
33.81 2 54
33.91 1 79
33.91 2 54
34.01 1 79
34.01 2 54
34.11 1 79
34.11 2 54
34.21 1 79
34.21 2 54
34.31 1 79
34.31 2 54
34.41 1 79
34.41 2 54
34.51 1 79
34.51 2 54
34.61 1 79
34.61 2 54
34.71 1 79
34.71 2 54
34.81 1 79
34.81 2 54
34.91 1 79
34.91 2 54
35.01 1 79
35.01 2 54
35.11 1 79
35.11 2 54
35.21 1 79
35.21 2 54
35.31 1 79
35.31 2 54
35.41 1 79
35.41 2 54
35.51 1 79
35.51 2 54
35.61 1 79
35.61 2 54
35.71 1 79
35.71 2 54
35.81 1 79
35.81 2 54
35.91 1 79
35.91 2 54
36.01 1 79
36.01 2 54
36.11 1 79
36.11 2 54
36.21 1 79
36.21 2 54
36.31 1 79
36.31 2 54
36.41 1 79
36.41 2 54
36.51 1 79
36.51 2 54
36.61 1 79
36.61 2 54
36.71 1 79
36.71 2 54
36.81 1 79
36.81 2 54
36.91 1 79
36.91 2 54
37.01 1 79
37.01 2 54
37.11 1 79
37.11 2 54
37.21 1 79
37.21 2 54
37.31 1 79
37.31 2 54
37.41 1 79
37.41 2 54
37.51 1 79
37.51 2 54
37.61 1 79
37.61 2 54
37.71 1 79
37.71 2 54
37.81 1 79
37.81 2 54
37.91 1 79
37.91 2 54
38.01 1 79
38.01 2 54
38.11 1 79
38.11 2 54
38.21 1 79
38.21 2 54
38.31 1 79
38.31 2 54
38.41 1 79
38.41 2 54
38.51 1 79
38.51 2 54
38.61 1 79
38.61 2 54
38.71 1 79
38.71 2 54
38.81 1 79
38.81 2 54
38.91 1 79
38.91 2 54
39.01 1 79
39.01 2 54
39.11 1 79
39.11 2 54
39.21 1 79
39.21 2 54
39.31 1 79
39.31 2 54
39.41 1 79
39.41 2 54
39.51 1 79
39.51 2 54
39.61 1 79
39.61 2 54
39.71 1 79
39.71 2 54
39.81 1 79
39.81 2 54
39.91 1 79
39.91 2 54
40.01 1 79
40.01 2 54
40.11 1 79
40.11 2 54
40.21 1 79
40.21 2 54
40.31 1 79
40.31 2 54
40.41 1 79
40.41 2 54
40.51 1 79
40.51 2 54
40.61 1 79
40.61 2 54
40.71 1 79
40.71 2 54
40.81 1 79
40.81 2 54
40.91 1 79
40.91 2 54
41.01 1 79
41.01 2 54
41.11 1 79
41.11 2 54
41.21 1 79
41.21 2 54
41.31 1 79
41.31 2 54
41.41 1 79
41.41 2 54
41.51 1 79
41.51 2 54
41.61 1 79
41.61 2 54
41.71 1 79
41.71 2 54
41.81 1 79
41.81 2 54
41.91 1 79
41.91 2 54
42.01 1 79
42.01 2 54
42.11 1 79
42.11 2 54
42.21 1 79
42.21 2 54
42.31 1 79
42.31 2 54
42.41 1 79
42.41 2 54
42.51 1 79
42.51 2 54
42.61 1 79
42.61 2 54
42.71 1 79
42.71 2 54
42.81 1 79
42.81 2 54
42.91 1 79
42.91 2 54
43.01 1 79
43.01 2 54
43.11 1 79
43.11 2 54
43.21 1 79
43.21 2 54
43.31 1 79
43.31 2 54
43.41 1 79
43.41 2 54
43.51 1 79
43.51 2 54
43.61 1 79
43.61 2 54
43.71 1 79
43.71 2 54
43.81 1 79
43.81 2 54
43.91 1 79
43.91 2 54
44.01 1 79
44.01 2 54
44.11 1 79
44.11 2 54
44.21 1 79
44.21 2 54
44.31 1 79
44.31 2 54
44.41 1 79
44.41 2 54
44.51 1 79
44.51 2 54
44.61 1 79
44.61 2 54
44.71 1 79
44.71 2 54
44.81 1 79
44.81 2 54
44.91 1 79
44.91 2 54
45.01 1 79
45.01 2 54
45.11 1 79
45.11 2 54
45.21 1 79
45.21 2 54
45.31 1 79
45.31 2 54
45.41 1 79
45.41 2 54
45.51 1 79
45.51 2 54
45.61 1 79
45.61 2 54
45.71 1 79
45.71 2 54
45.81 1 79
45.81 2 54
45.91 1 79
45.91 2 54
46.01 1 79
46.01 2 54
46.11 1 79
46.11 2 54
46.21 1 79
46.21 2 54
46.31 1 79
46.31 2 54
46.41 1 79
46.41 2 54
46.51 1 79
46.51 2 54
46.61 1 79
46.61 2 54
46.71 1 79
46.71 2 54
46.81 1 79
46.81 2 54
46.91 1 79
46.91 2 54
47.01 1 79
47.01 2 54
47.11 1 79
47.11 2 54
47.21 1 79
47.21 2 54
47.31 1 79
47.31 2 54
47.41 1 79
47.41 2 54
47.51 1 79
47.51 2 54
47.61 1 79
47.61 2 54
47.71 1 79
47.71 2 54
47.81 1 79
47.81 2 54
47.91 1 79
47.91 2 54
48.01 1 79
48.01 2 54
48.11 1 79
48.11 2 54
48.21 1 79
48.21 2 54
48.31 1 79
48.31 2 54
48.41 1 79
48.41 2 54
48.51 1 79
48.51 2 54
48.61 1 79
48.61 2 54
48.71 1 79
48.71 2 54
48.81 1 79
48.81 2 54
48.91 1 79
48.91 2 54
49.01 1 79
49.01 2 54
49.11 1 79
49.11 2 54
49.21 1 79
49.21 2 54
49.31 1 79
49.31 2 54
49.41 1 79
49.41 2 54
49.51 1 79
49.51 2 54
49.61 1 79
49.61 2 54
49.71 1 79
49.71 2 54
49.81 1 79
49.81 2 54
49.91 1 79
49.91 2 54
50.01 1 79
50.01 2 54
50.11 1 79
50.11 2 54
50.21 1 79
50.21 2 54
50.31 1 79
50.31 2 54
50.41 1 79
50.41 2 54
50.51 1 79
50.51 2 54
50.61 1 79
50.61 2 54
50.71 1 79
50.71 2 54
50.81 1 79
50.81 2 54
50.91 1 79
50.91 2 54
51.01 1 79
51.01 2 54
51.11 1 79
51.11 2 54
51.21 1 79
51.21 2 54
51.31 1 79
51.31 2 54
51.41 1 79
51.41 2 54
51.51 1 79
51.51 2 54
51.61 1 79
51.61 2 54
51.71 1 79
51.71 2 54
51.81 1 79
51.81 2 54
51.91 1 79
51.91 2 54
52.01 1 79
52.01 2 54
52.11 1 79
52.11 2 54
52.21 1 79
52.21 2 54
52.31 1 79
52.31 2 54
52.41 1 79
52.41 2 54
52.51 1 79
52.51 2 54
52.61 1 79
52.61 2 54
52.71 1 79
52.71 2 54
52.81 1 79
52.81 2 54
52.91 1 79
52.91 2 54
53.01 1 79
53.01 2 54
53.11 1 79
53.11 2 54
53.21 1 79
53.21 2 54
53.31 1 79
53.31 2 54
53.41 1 79
53.41 2 54
53.51 1 79
53.51 2 54
53.61 1 79
53.61 2 54
53.71 1 79
53.71 2 54
53.81 1 79
53.81 2 54
53.91 1 79
53.91 2 54
54.01 1 79
54.01 2 54
54.11 1 79
54.11 2 54
54.21 1 79
54.21 2 54
54.31 1 79
54.31 2 54
54.41 1 79
54.41 2 54
54.51 1 79
54.51 2 54
54.61 1 79
54.61 2 54
54.71 1 79
54.71 2 54
54.81 1 79
54.81 2 54
54.91 1 79
54.91 2 54
55.01 1 79
55.01 2 54
55.11 1 79
55.11 2 54
55.21 1 79
55.21 2 54
55.31 1 79
55.31 2 54
55.41 1 79
55.41 2 54
55.51 1 79
55.51 2 54
55.61 1 79
55.61 2 54
55.71 1 79
55.71 2 54
55.81 1 79
55.81 2 54
55.91 1 79
55.91 2 54
56.01 1 79
56.01 2 54
56.11 1 79
56.11 2 54
56.21 1 79
56.21 2 54
56.31 1 79
56.31 2 54
56.41 1 79
56.41 2 54
56.51 1 79
56.51 2 54
56.61 1 79
56.61 2 54
56.71 1 79
56.71 2 54
56.81 1 79
56.81 2 54
56.91 1 79
56.91 2 54
57.01 1 79
57.01 2 54
57.11 1 79
57.11 2 54
57.21 1 79
57.21 2 54
57.31 1 79
57.31 2 54
57.41 1 79
57.41 2 54
57.51 1 79
57.51 2 54
57.61 1 79
57.61 2 54
57.71 1 79
57.71 2 54
57.81 1 79
57.81 2 54
57.91 1 79
57.91 2 54
58.01 1 79
58.01 2 54
58.11 1 79
58.11 2 54
58.21 1 79
58.21 2 54
58.31 1 79
58.31 2 54
58.41 1 79
58.41 2 54
58.51 1 79
58.51 2 54
58.61 1 79
58.61 2 54
58.71 1 79
58.71 2 54
58.81 1 79
58.81 2 54
58.91 1 79
58.91 2 54
59.01 1 79
59.01 2 54
59.11 1 79
59.11 2 54
59.21 1 79
59.21 2 54
59.31 1 79
59.31 2 54
59.41 1 79
59.41 2 54
59.51 1 79
59.51 2 54
59.61 1 79
59.61 2 54
59.71 1 79
59.71 2 54
59.81 1 79
59.81 2 54
59.91 1 79
59.91 2 54
60.01 1 79
60.01 2 54
60.11 1 79
60.11 2 54
60.21 1 79
60.21 2 54
60.31 1 79
60.31 2 54
60.41 1 79
60.41 2 54
60.51 1 79
60.51 2 54
60.61 1 79
60.61 2 54
60.71 1 79
60.71 2 54
60.81 1 79
60.81 2 54
60.91 1 79
60.91 2 54
61.01 1 79
61.01 2 54
61.11 1 79
61.11 2 54
61.21 1 79
61.21 2 54
61.31 1 79
61.31 2 54
61.41 1 79
61.41 2 54
61.51 1 79
61.51 2 54
61.61 1 79
61.61 2 54
61.71 1 79
61.71 2 54
61.81 1 79
61.81 2 54
61.91 1 79
61.91 2 54
62.01 1 79
62.01 2 54
62.11 1 79
62.11 2 54
62.21 1 79
62.21 2 54
62.31 1 79
62.31 2 54
62.41 1 79
62.41 2 54
62.51 1 79
62.51 2 54
62.61 1 79
62.61 2 54
62.71 1 79
62.71 2 54
62.81 1 79
62.81 2 54
62.91 1 79
62.91 2 54
63.01 1 79
63.01 2 54
63.11 1 79
63.11 2 54
63.21 1 79
63.21 2 54
63.31 1 79
63.31 2 54
63.41 1 79
63.41 2 54
63.51 1 79
63.51 2 54
63.61 1 79
63.61 2 54
63.71 1 79
63.71 2 54
63.81 1 79
63.81 2 54
63.91 1 79
63.91 2 54
64.01 1 79
64.01 2 54
64.11 1 79
64.11 2 54
64.21 1 79
64.21 2 54
64.31 1 79
64.31 2 54
64.41 1 79
64.41 2 54
64.51 1 79
64.51 2 54
64.61 1 79
64.61 2 54
64.71 1 79
64.71 2 54
64.81 1 79
64.81 2 54
64.91 1 79
64.91 2 54
65.01 1 79
65.01 2 54
65.11 1 79
65.11 2 54
65.21 1 79
65.21 2 54
65.31 1 79
65.31 2 54
65.41 1 79
65.41 2 54
65.51 1 79
65.51 2 54
65.61 1 79
65.61 2 54
65.71 1 79
65.71 2 54
65.81 1 79
65.81 2 54
65.91 1 79
65.91 2 54
66.01 1 79
66.01 2 54
66.11 1 79
66.11 2 54
66.21 1 79
66.21 2 54
66.31 1 79
66.31 2 54
66.41 1 79
66.41 2 54
66.51 1 79
66.51 2 54
66.61 1 79
66.61 2 54
66.71 1 79
66.71 2 54
66.81 1 79
66.81 2 54
66.91 1 79
66.91 2 54
67.01 1 79
67.01 2 54
67.11 1 79
67.11 2 54
67.21 1 79
67.21 2 54
67.31 1 79
67.31 2 54
67.41 1 79
67.41 2 54
67.51 1 79
67.51 2 54
67.61 1 79
67.61 2 54
67.71 1 79
67.71 2 54
67.81 1 79
67.81 2 54
67.91 1 79
67.91 2 54
68.01 1 79
68.01 2 54
68.11 1 79
68.11 2 54
68.21 1 79
68.21 2 54
68.31 1 79
68.31 2 54
68.41 1 79
68.41 2 54
68.51 1 79
68.51 2 54
68.61 1 79
68.61 2 54
68.71 1 79
68.71 2 54
68.81 1 79
68.81 2 54
68.91 1 79
68.91 2 54
69.01 1 79
69.01 2 54
69.11 1 79
69.11 2 54
69.21 1 79
69.21 2 54
69.31 1 79
69.31 2 54
69.41 1 79
69.41 2 54
69.51 1 79
69.51 2 54
69.61 1 79
69.61 2 54
69.71 1 79
69.71 2 54
69.81 1 79
69.81 2 54
69.91 1 79
69.91 2 54
70.01 1 79
70.01 2 54
70.11 1 79
70.11 2 54
70.21 1 79
70.21 2 54
70.31 1 79
70.31 2 54
70.41 1 79
70.41 2 54
70.51 1 79
70.51 2 54
70.61 1 79
70.61 2 54
70.71 1 79
70.71 2 54
70.81 1 79
70.81 2 54
70.91 1 79
70.91 2 54
71.01 1 79
71.01 2 54
71.11 1 79
71.11 2 54
71.21 1 79
71.21 2 54
71.31 1 79
71.31 2 54
71.41 1 79
71.41 2 54
71.51 1 79
71.51 2 54
71.61 1 79
71.61 2 54
71.71 1 79
71.71 2 54
71.81 1 79
71.81 2 54
71.91 1 79
71.91 2 54
72.01 1 79
72.01 2 54
72.11 1 79
72.11 2 54
72.21 1 79
72.21 2 54
72.31 1 79
72.31 2 54
72.41 1 79
72.41 2 54
72.51 1 79
72.51 2 54
72.61 1 79
72.61 2 54
72.71 1 79
72.71 2 54
72.81 1 79
72.81 2 54
72.91 1 79
72.91 2 54
73.01 1 79
73.01 2 54
73.11 1 79
73.11 2 54
73.21 1 79
73.21 2 54
73.31 1 79
73.31 2 54
73.41 1 79
73.41 2 54
73.51 1 79
73.51 2 54
73.61 1 79
73.61 2 54
73.71 1 79
73.71 2 54
73.81 1 79
73.81 2 54
73.91 1 79
73.91 2 54
74.01 1 79
74.01 2 54
74.11 1 79
74.11 2 54
74.21 1 79
74.21 2 54
74.31 1 79
74.31 2 54
74.41 1 79
74.41 2 54
74.51 1 79
74.51 2 54
74.61 1 79
74.61 2 54
74.71 1 79
74.71 2 54
74.81 1 79
74.81 2 54
74.91 1 79
74.91 2 54
75.01 1 79
75.01 2 54
75.11 1 79
75.11 2 54
75.21 1 79
75.21 2 54
75.31 1 79
75.31 2 54
75.41 1 79
75.41 2 54
75.51 1 79
75.51 2 54
75.61 1 79
75.61 2 54
75.71 1 79
75.71 2 54
75.81 1 79
75.81 2 54
75.91 1 79
75.91 2 54
76.01 1 79
76.01 2 54
76.11 1 79
76.11 2 54
76.21 1 79
76.21 2 54
76.31 1 79
76.31 2 54
76.41 1 79
76.41 2 54
76.51 1 79
76.51 2 54
76.61 1 79
76.61 2 54
76.71 1 79
76.71 2 54
76.81 1 79
76.81 2 54
76.91 1 79
76.91 2 54
77.01 1 79
77.01 2 54
77.11 1 79
77.11 2 54
77.21 1 79
77.21 2 54
77.31 1 79
77.31 2 54
77.41 1 79
77.41 2 54
77.51 1 79
77.51 2 54
77.61 1 79
77.61 2 54
77.71 1 79
77.71 2 54
77.81 1 79
77.81 2 54
77.91 1 79
77.91 2 54
78.01 1 79
78.01 2 54
78.11 1 79
78.11 2 54
78.21 1 79
78.21 2 54
78.31 1 79
78.31 2 54
78.41 1 79
78.41 2 54
78.51 1 79
78.51 2 54
78.61 1 79
78.61 2 54
78.71 1 79
78.71 2 54
78.81 1 79
78.81 2 54
78.91 1 79
78.91 2 54
79.01 1 79
79.01 2 54
79.11 1 79
79.11 2 54
79.21 1 79
79.21 2 54
79.31 1 79
79.31 2 54
79.41 1 79
79.41 2 54
79.51 1 79
79.51 2 54
79.61 1 79
79.61 2 54
79.71 1 79
79.71 2 54
79.81 1 79
79.81 2 54
79.91 1 79
79.91 2 54
80.01 1 79
80.01 2 54
80.11 1 79
80.11 2 54
80.21 1 79
80.21 2 54
80.31 1 79
80.31 2 54
80.41 1 79
80.41 2 54
80.51 1 79
80.51 2 54
80.61 1 79
80.61 2 54
80.71 1 79
80.71 2 54
80.81 1 79
80.81 2 54
80.91 1 79
80.91 2 54
81.01 1 79
81.01 2 54
81.11 1 79
81.11 2 54
81.21 1 79
81.21 2 54
81.31 1 79
81.31 2 54
81.41 1 79
81.41 2 54
81.51 1 79
81.51 2 54
81.61 1 79
81.61 2 54
81.71 1 79
81.71 2 54
81.81 1 79
81.81 2 54
81.91 1 79
81.91 2 54
82.01 1 79
82.01 2 54
82.11 1 79
82.11 2 54
82.21 1 79
82.21 2 54
82.31 1 79
82.31 2 54
82.41 1 79
82.41 2 54
82.51 1 79
82.51 2 54
82.61 1 79
82.61 2 54
82.71 1 79
82.71 2 54
82.81 1 79
82.81 2 54
82.91 1 79
82.91 2 54
83.01 1 79
83.01 2 54
83.11 1 79
83.11 2 54
83.21 1 79
83.21 2 54
83.31 1 79
83.31 2 54
83.41 1 79
83.41 2 54
83.51 1 79
83.51 2 54
83.61 1 79
83.61 2 54
83.71 1 79
83.71 2 54
83.81 1 79
83.81 2 54
83.91 1 79
83.91 2 54
84.01 1 79
84.01 2 54
84.11 1 79
84.11 2 54
84.21 1 79
84.21 2 54
84.31 1 79
84.31 2 54
84.41 1 79
84.41 2 54
84.51 1 79
84.51 2 54
84.61 1 79
84.61 2 54
84.71 1 79
84.71 2 54
84.81 1 79
84.81 2 54
84.91 1 79
84.91 2 54
85.01 1 79
85.01 2 54
85.11 1 79
85.11 2 54
85.21 1 79
85.21 2 54
85.31 1 79
85.31 2 54
85.41 1 79
85.41 2 54
85.51 1 79
85.51 2 54
85.61 1 79
85.61 2 54
85.71 1 79
85.71 2 54
85.81 1 79
85.81 2 54
85.91 1 79
85.91 2 54
86.01 1 79
86.01 2 54
86.11 1 79
86.11 2 54
86.21 1 79
86.21 2 54
86.31 1 79
86.31 2 54
86.41 1 79
86.41 2 54
86.51 1 79
86.51 2 54
86.61 1 79
86.61 2 54
86.71 1 79
86.71 2 54
86.81 1 79
86.81 2 54
86.91 1 79
86.91 2 54
87.01 1 79
87.01 2 54
87.11 1 79
87.11 2 54
87.21 1 79
87.21 2 54
87.31 1 79
87.31 2 54
87.41 1 79
87.41 2 54
87.51 1 79
87.51 2 54
87.61 1 79
87.61 2 54
87.71 1 79
87.71 2 54
87.81 1 79
87.81 2 54
87.91 1 79
87.91 2 54
88.01 1 79
88.01 2 54
88.11 1 79
88.11 2 54
88.21 1 79
88.21 2 54
88.31 1 79
88.31 2 54
88.41 1 79
88.41 2 54
88.51 1 79
88.51 2 54
88.61 1 79
88.61 2 54
88.71 1 79
88.71 2 54
88.81 1 79
88.81 2 54
88.91 1 79
88.91 2 54
89.01 1 79
89.01 2 54
89.11 1 79
89.11 2 54
89.21 1 79
89.21 2 54
89.31 1 79
89.31 2 54
89.41 1 79
89.41 2 54
89.51 1 79
89.51 2 54
89.61 1 79
89.61 2 54
89.71 1 79
89.71 2 54
89.81 1 79
89.81 2 54
89.91 1 79
89.91 2 54
90.01 1 79
90.01 2 54
90.11 1 79
90.11 2 54
90.21 1 79
90.21 2 54
90.31 1 79
90.31 2 54
90.41 1 79
90.41 2 54
90.51 1 79
90.51 2 54
90.61 1 79
90.61 2 54
90.71 1 79
90.71 2 54
90.81 1 79
90.81 2 54
90.91 1 79
90.91 2 54
91.01 1 79
91.01 2 54
91.11 1 79
91.11 2 54
91.21 1 79
91.21 2 54
91.31 1 79
91.31 2 54
91.41 1 79
91.41 2 54
91.51 1 79
91.51 2 54
91.61 1 79
91.61 2 54
91.71 1 79
91.71 2 54
91.81 1 79
91.81 2 54
91.91 1 79
91.91 2 54
92.01 1 79
92.01 2 54
92.11 1 79
92.11 2 54
92.21 1 79
92.21 2 54
92.31 1 79
92.31 2 54
92.41 1 79
92.41 2 54
92.51 1 79
92.51 2 54
92.61 1 79
92.61 2 54
92.71 1 79
92.71 2 54
92.81 1 79
92.81 2 54
92.91 1 79
92.91 2 54
93.01 1 79
93.01 2 54
93.11 1 79
93.11 2 54
93.21 1 79
93.21 2 54
93.31 1 79
93.31 2 54
93.41 1 79
93.41 2 54
93.51 1 79
93.51 2 54
93.61 1 79
93.61 2 54
93.71 1 79
93.71 2 54
93.81 1 79
93.81 2 54
93.91 1 79
93.91 2 54
94.01 1 79
94.01 2 54
94.11 1 79
94.11 2 54
94.21 1 79
94.21 2 54
94.31 1 79
94.31 2 54
94.41 1 79
94.41 2 54
94.51 1 79
94.51 2 54
94.61 1 79
94.61 2 54
94.71 1 79
94.71 2 54
94.81 1 79
94.81 2 54
94.91 1 79
94.91 2 54
95.01 1 79
95.01 2 54
95.11 1 79
95.11 2 54
95.21 1 79
95.21 2 54
95.31 1 79
95.31 2 54
95.41 1 79
95.41 2 54
95.51 1 79
95.51 2 54
95.61 1 79
95.61 2 54
95.71 1 79
95.71 2 54
95.81 1 79
95.81 2 54
95.91 1 79
95.91 2 54
96.01 1 79
96.01 2 54
96.11 1 79
96.11 2 54
96.21 1 79
96.21 2 54
96.31 1 79
96.31 2 54
96.41 1 79
96.41 2 54
96.51 1 79
96.51 2 54
96.61 1 79
96.61 2 54
96.71 1 79
96.71 2 54
96.81 1 79
96.81 2 54
96.91 1 79
96.91 2 54
97.01 1 79
97.01 2 54
97.11 1 79
97.11 2 54
97.21 1 79
97.21 2 54
97.31 1 79
97.31 2 54
97.41 1 79
97.41 2 54
97.51 1 79
97.51 2 54
97.61 1 79
97.61 2 54
97.71 1 79
97.71 2 54
97.81 1 79
97.81 2 54
97.91 1 79
97.91 2 54
98.01 1 79
98.01 2 54
98.11 1 79
98.11 2 54
98.21 1 79
98.21 2 54
98.31 1 79
98.31 2 54
98.41 1 79
98.41 2 54
98.51 1 79
98.51 2 54
98.61 1 79
98.61 2 54
98.71 1 79
98.71 2 54
98.81 1 79
98.81 2 54
98.91 1 79
98.91 2 54
99.01 1 79
99.01 2 54
99.11 1 79
99.11 2 54
99.21 1 79
99.21 2 54
99.31 1 79
99.31 2 54
99.41 1 79
99.41 2 54
99.51 1 79
99.51 2 54
99.61 1 79
99.61 2 54
99.71 1 79
99.71 2 54
99.81 1 79
99.81 2 54
99.91 1 79
99.91 2 54
100.01 1 79
100.01 2 54
100.11 1 79
100.11 2 54
100.21 1 79
100.21 2 54
100.31 1 79
100.31 2 54
100.41 1 79
100.41 2 54
100.51 1 79
100.51 2 54
100.61 1 79
100.61 2 54
100.71 1 79
100.71 2 54
100.81 1 79
100.81 2 54
100.91 1 79
100.91 2 54
101.01 1 79
101.01 2 54
101.11 1 79
101.11 2 54
101.21 1 79
101.21 2 54
101.31 1 79
101.31 2 54
101.41 1 79
101.41 2 54
101.51 1 79
101.51 2 54
101.61 1 79
101.61 2 54
101.71 1 79
101.71 2 54
101.81 1 79
101.81 2 54
101.91 1 79
101.91 2 54
102.01 1 79
102.01 2 54
102.11 1 79
102.11 2 54
102.21 1 79
102.21 2 54
102.31 1 79
102.31 2 54
102.41 1 79
102.41 2 54
102.51 1 79
102.51 2 54
102.61 1 79
102.61 2 54
102.71 1 79
102.71 2 54
102.81 1 79
102.81 2 54
102.91 1 79
102.91 2 54
103.01 1 79
103.01 2 54
103.11 1 79
103.11 2 54
103.21 1 79
103.21 2 54
103.31 1 79
103.31 2 54
103.41 1 79
103.41 2 54
103.51 1 79
103.51 2 54
103.61 1 79
103.61 2 54
103.71 1 79
103.71 2 54
103.81 1 79
103.81 2 54
103.91 1 79
103.91 2 54
104.01 1 79
104.01 2 54
104.11 1 79
104.11 2 54
104.21 1 79
104.21 2 54
104.31 1 79
104.31 2 54
104.41 1 79
104.41 2 54
104.51 1 79
104.51 2 54
104.61 1 79
104.61 2 54
104.71 1 79
104.71 2 54
104.81 1 79
104.81 2 54
104.91 1 79
104.91 2 54
105.01 1 79
105.01 2 54
105.11 1 79
105.11 2 54
105.21 1 79
105.21 2 54
105.31 1 79
105.31 2 54
105.41 1 79
105.41 2 54
105.51 1 79
105.51 2 54
105.61 1 79
105.61 2 54
105.71 1 79
105.71 2 54
105.81 1 79
105.81 2 54
105.91 1 79
105.91 2 54
106.01 1 79
106.01 2 54
106.11 1 79
106.11 2 54
106.21 1 79
106.21 2 54
106.31 1 79
106.31 2 54
106.41 1 79
106.41 2 54
106.51 1 79
106.51 2 54
106.61 1 79
106.61 2 54
106.71 1 79
106.71 2 54
106.81 1 79
106.81 2 54
106.91 1 79
106.91 2 54
107.01 1 79
107.01 2 54
107.11 1 79
107.11 2 54
107.21 1 79
107.21 2 54
107.31 1 79
107.31 2 54
107.41 1 79
107.41 2 54
107.51 1 79
107.51 2 54
107.61 1 79
107.61 2 54
107.71 1 79
107.71 2 54
107.81 1 79
107.81 2 54
107.91 1 79
107.91 2 54
108.01 1 79
108.01 2 54
108.11 1 79
108.11 2 54
108.21 1 79
108.21 2 54
108.31 1 79
108.31 2 54
108.41 1 79
108.41 2 54
108.51 1 79
108.51 2 54
108.61 1 79
108.61 2 54
108.71 1 79
108.71 2 54
108.81 1 79
108.81 2 54
108.91 1 79
108.91 2 54
109.01 1 79
109.01 2 54
109.11 1 79
109.11 2 54
109.21 1 79
109.21 2 54
109.31 1 79
109.31 2 54
109.41 1 79
109.41 2 54
109.51 1 79
109.51 2 54
109.61 1 79
109.61 2 54
109.71 1 79
109.71 2 54
109.81 1 79
109.81 2 54
109.91 1 79
109.91 2 54
110.01 1 79
110.01 2 54
110.11 1 79
110.11 2 54
110.21 1 79
110.21 2 54
110.31 1 79
110.31 2 54
110.41 1 79
110.41 2 54
110.51 1 79
110.51 2 54
110.61 1 79
110.61 2 54
110.71 1 79
110.71 2 54
110.81 1 79
110.81 2 54
110.91 1 79
110.91 2 54
111.01 1 79
111.01 2 54
111.11 1 79
111.11 2 54
111.21 1 79
111.21 2 54
111.31 1 79
111.31 2 54
111.41 1 79
111.41 2 54
111.51 1 79
111.51 2 54
111.61 1 79
111.61 2 54
111.71 1 79
111.71 2 54
111.81 1 79
111.81 2 54
111.91 1 79
111.91 2 54
112.01 1 79
112.01 2 54
112.11 1 79
112.11 2 54
112.21 1 79
112.21 2 54
112.31 1 79
112.31 2 54
112.41 1 79
112.41 2 54
112.51 1 79
112.51 2 54
112.61 1 79
112.61 2 54
112.71 1 79
112.71 2 54
112.81 1 79
112.81 2 54
112.91 1 79
112.91 2 54
113.01 1 79
113.01 2 54
113.11 1 79
113.11 2 54
113.21 1 79
113.21 2 54
113.31 1 79
113.31 2 54
113.41 1 79
113.41 2 54
113.51 1 79
113.51 2 54
113.61 1 79
113.61 2 54
113.71 1 79
113.71 2 54
113.81 1 79
113.81 2 54
113.91 1 79
113.91 2 54
114.01 1 79
114.01 2 54
114.11 1 79
114.11 2 54
114.21 1 79
114.21 2 54
114.31 1 79
114.31 2 54
114.41 1 79
114.41 2 54
114.51 1 79
114.51 2 54
114.61 1 79
114.61 2 54
114.71 1 79
114.71 2 54
114.81 1 79
114.81 2 54
114.91 1 79
114.91 2 54
115.01 1 79
115.01 2 54
115.11 1 79
115.11 2 54
115.21 1 79
115.21 2 54
115.31 1 79
115.31 2 54
115.41 1 79
115.41 2 54
115.51 1 79
115.51 2 54
115.61 1 79
115.61 2 54
115.71 1 79
115.71 2 54
115.81 1 79
115.81 2 54
115.91 1 79
115.91 2 54
116.01 1 79
116.01 2 54
116.11 1 79
116.11 2 54
116.21 1 79
116.21 2 54
116.31 1 79
116.31 2 54
116.41 1 79
116.41 2 54
116.51 1 79
116.51 2 54
116.61 1 79
116.61 2 54
116.71 1 79
116.71 2 54
116.81 1 79
116.81 2 54
116.91 1 79
116.91 2 54
117.01 1 79
117.01 2 54
117.11 1 79
117.11 2 54
117.21 1 79
117.21 2 54
117.31 1 79
117.31 2 54
117.41 1 79
117.41 2 54
117.51 1 79
117.51 2 54
117.61 1 79
117.61 2 54
117.71 1 79
117.71 2 54
117.81 1 79
117.81 2 54
117.91 1 79
117.91 2 54
118.01 1 79
118.01 2 54
118.11 1 79
118.11 2 54
118.21 1 79
118.21 2 54
118.31 1 79
118.31 2 54
118.41 1 79
118.41 2 54
118.51 1 79
118.51 2 54
118.61 1 79
118.61 2 54
118.71 1 79
118.71 2 54
118.81 1 79
118.81 2 54
118.91 1 79
118.91 2 54
119.01 1 79
119.01 2 54
119.11 1 79
119.11 2 54
119.21 1 79
119.21 2 54
119.31 1 79
119.31 2 54
119.41 1 79
119.41 2 54
119.51 1 79
119.51 2 54
119.61 1 79
119.61 2 54
119.71 1 79
119.71 2 54
119.81 1 79
119.81 2 54
119.91 1 79
119.91 2 54
120.01 1 79
120.01 2 54
120.11 1 79
120.11 2 54
120.21 1 79
120.21 2 54
120.31 1 79
120.31 2 54
120.41 1 79
120.41 2 54
120.51 1 79
120.51 2 54
120.61 1 79
120.61 2 54
120.71 1 79
120.71 2 54
120.81 1 79
120.81 2 54
120.91 1 79
120.91 2 54
121.01 1 79
121.01 2 54
121.11 1 79
121.11 2 54
121.21 1 79
121.21 2 54
121.31 1 79
121.31 2 54
121.41 1 79
121.41 2 54
121.51 1 79
121.51 2 54
121.61 1 79
121.61 2 54
121.71 1 79
121.71 2 54
121.81 1 79
121.81 2 54
121.91 1 79
121.91 2 54
122.01 1 79
122.01 2 54
122.11 1 79
122.11 2 54
122.21 1 79
122.21 2 54
122.31 1 79
122.31 2 54
122.41 1 79
122.41 2 54
122.51 1 79
122.51 2 54
122.61 1 79
122.61 2 54
122.71 1 79
122.71 2 54
122.81 1 79
122.81 2 54
122.91 1 79
122.91 2 54
123.01 1 79
123.01 2 54
123.11 1 79
123.11 2 54
123.21 1 79
123.21 2 54
123.31 1 79
123.31 2 54
123.41 1 79
123.41 2 54
123.51 1 79
123.51 2 54
123.61 1 79
123.61 2 54
123.71 1 79
123.71 2 54
123.81 1 79
123.81 2 54
123.91 1 79
123.91 2 54
124.01 1 79
124.01 2 54
124.11 1 79
124.11 2 54
124.21 1 79
124.21 2 54
124.31 1 79
124.31 2 54
124.41 1 79
124.41 2 54
124.51 1 79
124.51 2 54
124.61 1 79
124.61 2 54
124.71 1 79
124.71 2 54
124.81 1 79
124.81 2 54
124.91 1 79
124.91 2 54
125.01 1 79
125.01 2 54
125.11 1 79
125.11 2 54
125.21 1 79
125.21 2 54
125.31 1 79
125.31 2 54
125.41 1 79
125.41 2 54
125.51 1 79
125.51 2 54
125.61 1 79
125.61 2 54
125.71 1 79
125.71 2 54
125.81 1 79
125.81 2 54
125.91 1 79
125.91 2 54
126.01 1 79
126.01 2 54
126.11 1 79
126.11 2 54
126.21 1 79
126.21 2 54
126.31 1 79
126.31 2 54
126.41 1 79
126.41 2 54
126.51 1 79
126.51 2 54
126.61 1 79
126.61 2 54
126.71 1 79
126.71 2 54
126.81 1 79
126.81 2 54
126.91 1 79
126.91 2 54
127.01 1 79
127.01 2 54
127.11 1 79
127.11 2 54
127.21 1 79
127.21 2 54
127.31 1 79
127.31 2 54
127.41 1 79
127.41 2 54
127.51 1 79
127.51 2 54
127.61 1 79
127.61 2 54
127.71 1 79
127.71 2 54
127.81 1 79
127.81 2 54
127.91 1 79
127.91 2 54
128.01 1 79
128.01 2 54
128.11 1 79
128.11 2 54
128.21 1 79
128.21 2 54
128.31 1 79
128.31 2 54
128.41 1 79
128.41 2 54
128.51 1 79
128.51 2 54
128.61 1 79
128.61 2 54
128.71 1 79
128.71 2 54
128.81 1 79
128.81 2 54
128.91 1 79
128.91 2 54
129.01 1 79
129.01 2 54
129.11 1 79
129.11 2 54
129.21 1 79
129.21 2 54
129.31 1 79
129.31 2 54
129.41 1 79
129.41 2 54
129.51 1 79
129.51 2 54
129.61 1 79
129.61 2 54
129.71 1 79
129.71 2 54
129.81 1 79
129.81 2 54
129.91 1 79
129.91 2 54
130.01 1 79
130.01 2 54
130.11 1 79
130.11 2 54
130.21 1 79
130.21 2 54
130.31 1 79
130.31 2 54
130.41 1 79
130.41 2 54
130.51 1 79
130.51 2 54
130.61 1 79
130.61 2 54
130.71 1 79
130.71 2 54
130.81 1 79
130.81 2 54
130.91 1 79
130.91 2 54
131.01 1 79
131.01 2 54
131.11 1 79
131.11 2 54
131.21 1 79
131.21 2 54
131.31 1 79
131.31 2 54
131.41 1 79
131.41 2 54
131.51 1 79
131.51 2 54
131.61 1 79
131.61 2 54
131.71 1 79
131.71 2 54
131.81 1 79
131.81 2 54
131.91 1 79
131.91 2 54
132.01 1 79
132.01 2 54
132.11 1 79
132.11 2 54
132.21 1 79
132.21 2 54
132.31 1 79
132.31 2 54
132.41 1 79
132.41 2 54
132.51 1 79
132.51 2 54
132.61 1 79
132.61 2 54
132.71 1 79
132.71 2 54
132.81 1 79
132.81 2 54
132.91 1 79
132.91 2 54
133.01 1 79
133.01 2 54
133.11 1 79
133.11 2 54
133.21 1 79
133.21 2 54
133.31 1 79
133.31 2 54
133.41 1 79
133.41 2 54
133.51 1 79
133.51 2 54
133.61 1 79
133.61 2 54
133.71 1 79
133.71 2 54
133.81 1 79
133.81 2 54
133.91 1 79
133.91 2 54
134.01 1 79
134.01 2 54
134.11 1 79
134.11 2 54
134.21 1 79
134.21 2 54
134.31 1 79
134.31 2 54
134.41 1 79
134.41 2 54
134.51 1 79
134.51 2 54
134.61 1 79
134.61 2 54
134.71 1 79
134.71 2 54
134.81 1 79
134.81 2 54
134.91 1 79
134.91 2 54
135.01 1 79
135.01 2 54
135.11 1 79
135.11 2 54
135.21 1 79
135.21 2 54
135.31 1 79
135.31 2 54
135.41 1 79
135.41 2 54
135.51 1 79
135.51 2 54
135.61 1 79
135.61 2 54
135.71 1 79
135.71 2 54
135.81 1 79
135.81 2 54
135.91 1 79
135.91 2 54
136.01 1 79
136.01 2 54
136.11 1 79
136.11 2 54
136.21 1 79
136.21 2 54
136.31 1 79
136.31 2 54
136.41 1 79
136.41 2 54
136.51 1 79
136.51 2 54
136.61 1 79
136.61 2 54
136.71 1 79
136.71 2 54
136.81 1 79
136.81 2 54
136.91 1 79
136.91 2 54
137.01 1 79
137.01 2 54
137.11 1 79
137.11 2 54
137.21 1 79
137.21 2 54
137.31 1 79
137.31 2 54
137.41 1 79
137.41 2 54
137.51 1 79
137.51 2 54
137.61 1 79
137.61 2 54
137.71 1 79
137.71 2 54
137.81 1 79
137.81 2 54
137.91 1 79
137.91 2 54
138.01 1 79
138.01 2 54
138.11 1 79
138.11 2 54
138.21 1 79
138.21 2 54
138.31 1 79
138.31 2 54
138.41 1 79
138.41 2 54
138.51 1 79
138.51 2 54
138.61 1 79
138.61 2 54
138.71 1 79
138.71 2 54
138.81 1 79
138.81 2 54
138.91 1 79
138.91 2 54
139.01 1 79
139.01 2 54
139.11 1 79
139.11 2 54
139.21 1 79
139.21 2 54
139.31 1 79
139.31 2 54
139.41 1 79
139.41 2 54
139.51 1 79
139.51 2 54
139.61 1 79
139.61 2 54
139.71 1 79
139.71 2 54
139.81 1 79
139.81 2 54
139.91 1 79
139.91 2 54
140.01 1 79
140.01 2 54
140.11 1 79
140.11 2 54
140.21 1 79
140.21 2 54
140.31 1 79
140.31 2 54
140.41 1 79
140.41 2 54
140.51 1 79
140.51 2 54
140.61 1 79
140.61 2 54
140.71 1 79
140.71 2 54
140.81 1 79
140.81 2 54
140.91 1 79
140.91 2 54
141.01 1 79
141.01 2 54
141.11 1 79
141.11 2 54
141.21 1 79
141.21 2 54
141.31 1 79
141.31 2 54
141.41 1 79
141.41 2 54
141.51 1 79
141.51 2 54
141.61 1 79
141.61 2 54
141.71 1 79
141.71 2 54
141.81 1 79
141.81 2 54
141.91 1 79
141.91 2 54
142.01 1 79
142.01 2 54
142.11 1 79
142.11 2 54
142.21 1 79
142.21 2 54
142.31 1 79
142.31 2 54
142.41 1 79
142.41 2 54
142.51 1 79
142.51 2 54
142.61 1 79
142.61 2 54
142.71 1 79
142.71 2 54
142.81 1 79
142.81 2 54
142.91 1 79
142.91 2 54
143.01 1 79
143.01 2 54
143.11 1 79
143.11 2 54
143.21 1 79
143.21 2 54
143.31 1 79
143.31 2 54
143.41 1 79
143.41 2 54
143.51 1 79
143.51 2 54
143.61 1 79
143.61 2 54
143.71 1 79
143.71 2 54
143.81 1 79
143.81 2 54
143.91 1 79
143.91 2 54
144.01 1 79
144.01 2 54
144.11 1 79
144.11 2 54
144.21 1 79
144.21 2 54
144.31 1 79
144.31 2 54
144.41 1 79
144.41 2 54
144.51 1 79
144.51 2 54
144.61 1 79
144.61 2 54
144.71 1 79
144.71 2 54
144.81 1 79
144.81 2 54
144.91 1 79
144.91 2 54
145.01 1 79
145.01 2 54
145.11 1 79
145.11 2 54
145.21 1 79
145.21 2 54
145.31 1 79
145.31 2 54
145.41 1 79
145.41 2 54
145.51 1 79
145.51 2 54
145.61 1 79
145.61 2 54
145.71 1 79
145.71 2 54
145.81 1 79
145.81 2 54
145.91 1 79
145.91 2 54
146.01 1 79
146.01 2 54
146.11 1 79
146.11 2 54
146.21 1 79
146.21 2 54
146.31 1 79
146.31 2 54
146.41 1 79
146.41 2 54
146.51 1 79
146.51 2 54
146.61 1 79
146.61 2 54
146.71 1 79
146.71 2 54
146.81 1 79
146.81 2 54
146.91 1 79
146.91 2 54
147.01 1 79
147.01 2 54
147.11 1 79
147.11 2 54
147.21 1 79
147.21 2 54
147.31 1 79
147.31 2 54
147.41 1 79
147.41 2 54
147.51 1 79
147.51 2 54
147.61 1 79
147.61 2 54
147.71 1 79
147.71 2 54
147.81 1 79
147.81 2 54
147.91 1 79
147.91 2 54
148.01 1 79
148.01 2 54
148.11 1 79
148.11 2 54
148.21 1 79
148.21 2 54
148.31 1 79
148.31 2 54
148.41 1 79
148.41 2 54
148.51 1 79
148.51 2 54
148.61 1 79
148.61 2 54
148.71 1 79
148.71 2 54
148.81 1 79
148.81 2 54
148.91 1 79
148.91 2 54
149.01 1 79
149.01 2 54
149.11 1 79
149.11 2 54
149.21 1 79
149.21 2 54
149.31 1 79
149.31 2 54
149.41 1 79
149.41 2 54
149.51 1 79
149.51 2 54
149.61 1 79
149.61 2 54
149.71 1 79
149.71 2 54
149.81 1 79
149.81 2 54
149.91 1 79
149.91 2 54
150.01 1 79
150.01 2 54
150.11 1 79
150.11 2 54
150.21 1 79
150.21 2 54
150.31 1 79
150.31 2 54
150.41 1 79
150.41 2 54
150.51 1 79
150.51 2 54
150.61 1 79
150.61 2 54
150.71 1 79
150.71 2 54
150.81 1 79
150.81 2 54
150.91 1 79
150.91 2 54
151.01 1 79
151.01 2 54
151.11 1 79
151.11 2 54
151.21 1 79
151.21 2 54
151.31 1 79
151.31 2 54
151.41 1 79
151.41 2 54
151.51 1 79
151.51 2 54
151.61 1 79
151.61 2 54
151.71 1 79
151.71 2 54
151.81 1 79
151.81 2 54
151.91 1 79
151.91 2 54
152.01 1 79
152.01 2 54
152.11 1 79
152.11 2 54
152.21 1 79
152.21 2 54
152.31 1 79
152.31 2 54
152.41 1 79
152.41 2 54
152.51 1 79
152.51 2 54
152.61 1 79
152.61 2 54
152.71 1 79
152.71 2 54
152.81 1 79
152.81 2 54
152.91 1 79
152.91 2 54
153.01 1 79
153.01 2 54
153.11 1 79
153.11 2 54
153.21 1 79
153.21 2 54
153.31 1 79
153.31 2 54
153.41 1 79
153.41 2 54
153.51 1 79
153.51 2 54
153.61 1 79
153.61 2 54
153.71 1 79
153.71 2 54
153.81 1 79
153.81 2 54
153.91 1 79
153.91 2 54
154.01 1 79
154.01 2 54
154.11 1 79
154.11 2 54
154.21 1 79
154.21 2 54
154.31 1 79
154.31 2 54
154.41 1 79
154.41 2 54
154.51 1 79
154.51 2 54
154.61 1 79
154.61 2 54
154.71 1 79
154.71 2 54
154.81 1 79
154.81 2 54
154.91 1 79
154.91 2 54
155.01 1 79
155.01 2 54
155.11 1 79
155.11 2 54
155.21 1 79
155.21 2 54
155.31 1 79
155.31 2 54
155.41 1 79
155.41 2 54
155.51 1 79
155.51 2 54
155.61 1 79
155.61 2 54
155.71 1 79
155.71 2 54
155.81 1 79
155.81 2 54
155.91 1 79
155.91 2 54
156.01 1 79
156.01 2 54
156.11 1 79
156.11 2 54
156.21 1 79
156.21 2 54
156.31 1 79
156.31 2 54
156.41 1 79
156.41 2 54
156.51 1 79
156.51 2 54
156.61 1 79
156.61 2 54
156.71 1 79
156.71 2 54
156.81 1 79
156.81 2 54
156.91 1 79
156.91 2 54
157.01 1 79
157.01 2 54
157.11 1 79
157.11 2 54
157.21 1 79
157.21 2 54
157.31 1 79
157.31 2 54
157.41 1 79
157.41 2 54
157.51 1 79
157.51 2 54
157.61 1 79
157.61 2 54
157.71 1 79
157.71 2 54
157.81 1 79
157.81 2 54
157.91 1 79
157.91 2 54
158.01 1 79
158.01 2 54
158.11 1 79
158.11 2 54
158.21 1 79
158.21 2 54
158.31 1 79
158.31 2 54
158.41 1 79
158.41 2 54
158.51 1 79
158.51 2 54
158.61 1 79
158.61 2 54
158.71 1 79
158.71 2 54
158.81 1 79
158.81 2 54
158.91 1 79
158.91 2 54
159.01 1 79
159.01 2 54
159.11 1 79
159.11 2 54
159.21 1 79
159.21 2 54
159.31 1 79
159.31 2 54
159.41 1 79
159.41 2 54
159.51 1 79
159.51 2 54
159.61 1 79
159.61 2 54
159.71 1 79
159.71 2 54
159.81 1 79
159.81 2 54
159.91 1 79
159.91 2 54
160.01 1 79
160.01 2 54
160.11 1 79
160.11 2 54
160.21 1 79
160.21 2 54
160.31 1 79
160.31 2 54
160.41 1 79
160.41 2 54
160.51 1 79
160.51 2 54
160.61 1 79
160.61 2 54
160.71 1 79
160.71 2 54
160.81 1 79
160.81 2 54
160.91 1 79
160.91 2 54
161.01 1 79
161.01 2 54
161.11 1 79
161.11 2 54
161.21 1 79
161.21 2 54
161.31 1 79
161.31 2 54
161.41 1 79
161.41 2 54
161.51 1 79
161.51 2 54
161.61 1 79
161.61 2 54
161.71 1 79
161.71 2 54
161.81 1 79
161.81 2 54
161.91 1 79
161.91 2 54
162.01 1 79
162.01 2 54
162.11 1 79
162.11 2 54
162.21 1 79
162.21 2 54
162.31 1 79
162.31 2 54
162.41 1 79
162.41 2 54
162.51 1 79
162.51 2 54
162.61 1 79
162.61 2 54
162.71 1 79
162.71 2 54
162.81 1 79
162.81 2 54
162.91 1 79
162.91 2 54
163.01 1 79
163.01 2 54
163.11 1 79
163.11 2 54
163.21 1 79
163.21 2 54
163.31 1 79
163.31 2 54
163.41 1 79
163.41 2 54
163.51 1 79
163.51 2 54
163.61 1 79
163.61 2 54
163.71 1 79
163.71 2 54
163.81 1 79
163.81 2 54
163.91 1 79
163.91 2 54
164.01 1 79
164.01 2 54
164.11 1 79
164.11 2 54
164.21 1 79
164.21 2 54
164.31 1 79
164.31 2 54
164.41 1 79
164.41 2 54
164.51 1 79
164.51 2 54
164.61 1 79
164.61 2 54
164.71 1 79
164.71 2 54
164.81 1 79
164.81 2 54
164.91 1 79
164.91 2 54
165.01 1 79
165.01 2 54
165.11 1 79
165.11 2 54
165.21 1 79
165.21 2 54
165.31 1 79
165.31 2 54
165.41 1 79
165.41 2 54
165.51 1 79
165.51 2 54
165.61 1 79
165.61 2 54
165.71 1 79
165.71 2 54
165.81 1 79
165.81 2 54
165.91 1 79
165.91 2 54
166.01 1 79
166.01 2 54
166.11 1 79
166.11 2 54
166.21 1 79
166.21 2 54
166.31 1 79
166.31 2 54
166.41 1 79
166.41 2 54
166.51 1 79
166.51 2 54
166.61 1 79
166.61 2 54
166.71 1 79
166.71 2 54
166.81 1 79
166.81 2 54
166.91 1 79
166.91 2 54
167.01 1 79
167.01 2 54
167.11 1 79
167.11 2 54
167.21 1 79
167.21 2 54
167.31 1 79
167.31 2 54
167.41 1 79
167.41 2 54
167.51 1 79
167.51 2 54
167.61 1 79
167.61 2 54
167.71 1 79
167.71 2 54
167.81 1 79
167.81 2 54
167.91 1 79
167.91 2 54
168.01 1 79
168.01 2 54
168.11 1 79
168.11 2 54
168.21 1 79
168.21 2 54
168.31 1 79
168.31 2 54
168.41 1 79
168.41 2 54
168.51 1 79
168.51 2 54
168.61 1 79
168.61 2 54
168.71 1 79
168.71 2 54
168.81 1 79
168.81 2 54
168.91 1 79
168.91 2 54
169.01 1 79
169.01 2 54
169.11 1 79
169.11 2 54
169.21 1 79
169.21 2 54
169.31 1 79
169.31 2 54
169.41 1 79
169.41 2 54
169.51 1 79
169.51 2 54
169.61 1 79
169.61 2 54
169.71 1 79
169.71 2 54
169.81 1 79
169.81 2 54
169.91 1 79
169.91 2 54
170.01 1 79
170.01 2 54
170.11 1 79
170.11 2 54
170.21 1 79
170.21 2 54
170.31 1 79
170.31 2 54
170.41 1 79
170.41 2 54
170.51 1 79
170.51 2 54
170.61 1 79
170.61 2 54
170.71 1 79
170.71 2 54
170.81 1 79
170.81 2 54
170.91 1 79
170.91 2 54
171.01 1 79
171.01 2 54
171.11 1 79
171.11 2 54
171.21 1 79
171.21 2 54
171.31 1 79
171.31 2 54
171.41 1 79
171.41 2 54
171.51 1 79
171.51 2 54
171.61 1 79
171.61 2 54
171.71 1 79
171.71 2 54
171.81 1 79
171.81 2 54
171.91 1 79
171.91 2 54
172.01 1 79
172.01 2 54
172.11 1 79
172.11 2 54
172.21 1 79
172.21 2 54
172.31 1 79
172.31 2 54
172.41 1 79
172.41 2 54
172.51 1 79
172.51 2 54
172.61 1 79
172.61 2 54
172.71 1 79
172.71 2 54
172.81 1 79
172.81 2 54
172.91 1 79
172.91 2 54
173.01 1 79
173.01 2 54
173.11 1 79
173.11 2 54
173.21 1 79
173.21 2 54
173.31 1 79
173.31 2 54
173.41 1 79
173.41 2 54
173.51 1 79
173.51 2 54
173.61 1 79
173.61 2 54
173.71 1 79
173.71 2 54
173.81 1 79
173.81 2 54
173.91 1 79
173.91 2 54
174.01 1 79
174.01 2 54
174.11 1 79
174.11 2 54
174.21 1 79
174.21 2 54
174.31 1 79
174.31 2 54
174.41 1 79
174.41 2 54
174.51 1 79
174.51 2 54
174.61 1 79
174.61 2 54
174.71 1 79
174.71 2 54
174.81 1 79
174.81 2 54
174.91 1 79
174.91 2 54
175.01 1 79
175.01 2 54
175.11 1 79
175.11 2 54
175.21 1 79
175.21 2 54
175.31 1 79
175.31 2 54
175.41 1 79
175.41 2 54
175.51 1 79
175.51 2 54
175.61 1 79
175.61 2 54
175.71 1 79
175.71 2 54
175.81 1 79
175.81 2 54
175.91 1 79
175.91 2 54
176.01 1 79
176.01 2 54
176.11 1 79
176.11 2 54
176.21 1 79
176.21 2 54
176.31 1 79
176.31 2 54
176.41 1 79
176.41 2 54
176.51 1 79
176.51 2 54
176.61 1 79
176.61 2 54
176.71 1 79
176.71 2 54
176.81 1 79
176.81 2 54
176.91 1 79
176.91 2 54
177.01 1 79
177.01 2 54
177.11 1 79
177.11 2 54
177.21 1 79
177.21 2 54
177.31 1 79
177.31 2 54
177.41 1 79
177.41 2 54
177.51 1 79
177.51 2 54
177.61 1 79
177.61 2 54
177.71 1 79
177.71 2 54
177.81 1 79
177.81 2 54
177.91 1 79
177.91 2 54
178.01 1 79
178.01 2 54
178.11 1 79
178.11 2 54
178.21 1 79
178.21 2 54
178.31 1 79
178.31 2 54
178.41 1 79
178.41 2 54
178.51 1 79
178.51 2 54
178.61 1 79
178.61 2 54
178.71 1 79
178.71 2 54
178.81 1 79
178.81 2 54
178.91 1 79
178.91 2 54
179.01 1 79
179.01 2 54
179.11 1 79
179.11 2 54
179.21 1 79
179.21 2 54
179.31 1 79
179.31 2 54
179.41 1 79
179.41 2 54
179.51 1 79
179.51 2 54
179.61 1 79
179.61 2 54
179.71 1 79
179.71 2 54
179.81 1 79
179.81 2 54
179.91 1 79
179.91 2 54
180.01 1 79
180.01 2 54
180.11 1 79
180.11 2 54
180.21 1 79
180.21 2 54
180.31 1 79
180.31 2 54
180.41 1 79
180.41 2 54
180.51 1 79
180.51 2 54
180.61 1 79
180.61 2 54
180.71 1 79
180.71 2 54
180.81 1 79
180.81 2 54
180.91 1 79
180.91 2 54
181.01 1 79
181.01 2 54
181.11 1 79
181.11 2 54
181.21 1 79
181.21 2 54
181.31 1 79
181.31 2 54
181.41 1 79
181.41 2 54
181.51 1 79
181.51 2 54
181.61 1 79
181.61 2 54
181.71 1 79
181.71 2 54
181.81 1 79
181.81 2 54
181.91 1 79
181.91 2 54
182.01 1 79
182.01 2 54
182.11 1 79
182.11 2 54
182.21 1 79
182.21 2 54
182.31 1 79
182.31 2 54
182.41 1 79
182.41 2 54
182.51 1 79
182.51 2 54
182.61 1 79
182.61 2 54
182.71 1 79
182.71 2 54
182.81 1 79
182.81 2 54
182.91 1 79
182.91 2 54
183.01 1 79
183.01 2 54
183.11 1 79
183.11 2 54
183.21 1 79
183.21 2 54
183.31 1 79
183.31 2 54
183.41 1 79
183.41 2 54
183.51 1 79
183.51 2 54
183.61 1 79
183.61 2 54
183.71 1 79
183.71 2 54
183.81 1 79
183.81 2 54
183.91 1 79
183.91 2 54
184.01 1 79
184.01 2 54
184.11 1 79
184.11 2 54
184.21 1 79
184.21 2 54
184.31 1 79
184.31 2 54
184.41 1 79
184.41 2 54
184.51 1 79
184.51 2 54
184.61 1 79
184.61 2 54
184.71 1 79
184.71 2 54
184.81 1 79
184.81 2 54
184.91 1 79
184.91 2 54
185.01 1 79
185.01 2 54
185.11 1 79
185.11 2 54
185.21 1 79
185.21 2 54
185.31 1 79
185.31 2 54
185.41 1 79
185.41 2 54
185.51 1 79
185.51 2 54
185.61 1 79
185.61 2 54
185.71 1 79
185.71 2 54
185.81 1 79
185.81 2 54
185.91 1 79
185.91 2 54
186.01 1 79
186.01 2 54
186.11 1 79
186.11 2 54
186.21 1 79
186.21 2 54
186.31 1 79
186.31 2 54
186.41 1 79
186.41 2 54
186.51 1 79
186.51 2 54
186.61 1 79
186.61 2 54
186.71 1 79
186.71 2 54
186.81 1 79
186.81 2 54
186.91 1 79
186.91 2 54
187.01 1 79
187.01 2 54
187.11 1 79
187.11 2 54
187.21 1 79
187.21 2 54
187.31 1 79
187.31 2 54
187.41 1 79
187.41 2 54
187.51 1 79
187.51 2 54
187.61 1 79
187.61 2 54
187.71 1 79
187.71 2 54
187.81 1 79
187.81 2 54
187.91 1 79
187.91 2 54
188.01 1 79
188.01 2 54
188.11 1 79
188.11 2 54
188.21 1 79
188.21 2 54
188.31 1 79
188.31 2 54
188.41 1 79
188.41 2 54
188.51 1 79
188.51 2 54
188.61 1 79
188.61 2 54
188.71 1 79
188.71 2 54
188.81 1 79
188.81 2 54
188.91 1 79
188.91 2 54
189.01 1 79
189.01 2 54
189.11 1 79
189.11 2 54
189.21 1 79
189.21 2 54
189.31 1 79
189.31 2 54
189.41 1 79
189.41 2 54
189.51 1 79
189.51 2 54
189.61 1 79
189.61 2 54
189.71 1 79
189.71 2 54
189.81 1 79
189.81 2 54
189.91 1 79
189.91 2 54
190.01 1 79
190.01 2 54
190.11 1 79
190.11 2 54
190.21 1 79
190.21 2 54
190.31 1 79
190.31 2 54
190.41 1 79
190.41 2 54
190.51 1 79
190.51 2 54
190.61 1 79
190.61 2 54
190.71 1 79
190.71 2 54
190.81 1 79
190.81 2 54
190.91 1 79
190.91 2 54
191.01 1 79
191.01 2 54
191.11 1 79
191.11 2 54
191.21 1 79
191.21 2 54
191.31 1 79
191.31 2 54
191.41 1 79
191.41 2 54
191.51 1 79
191.51 2 54
191.61 1 79
191.61 2 54
191.71 1 79
191.71 2 54
191.81 1 79
191.81 2 54
191.91 1 79
191.91 2 54
192.01 1 79
192.01 2 54
192.11 1 79
192.11 2 54
192.21 1 79
192.21 2 54
192.31 1 79
192.31 2 54
192.41 1 79
192.41 2 54
192.51 1 79
192.51 2 54
192.61 1 79
192.61 2 54
192.71 1 79
192.71 2 54
192.81 1 79
192.81 2 54
192.91 1 79
192.91 2 54
193.01 1 79
193.01 2 54
193.11 1 79
193.11 2 54
193.21 1 79
193.21 2 54
193.31 1 79
193.31 2 54
193.41 1 79
193.41 2 54
193.51 1 79
193.51 2 54
193.61 1 79
193.61 2 54
193.71 1 79
193.71 2 54
193.81 1 79
193.81 2 54
193.91 1 79
193.91 2 54
194.01 1 79
194.01 2 54
194.11 1 79
194.11 2 54
194.21 1 79
194.21 2 54
194.31 1 79
194.31 2 54
194.41 1 79
194.41 2 54
194.51 1 79
194.51 2 54
194.61 1 79
194.61 2 54
194.71 1 79
194.71 2 54
194.81 1 79
194.81 2 54
194.91 1 79
194.91 2 54
195.01 1 79
195.01 2 54
195.11 1 79
195.11 2 54
195.21 1 79
195.21 2 54
195.31 1 79
195.31 2 54
195.41 1 79
195.41 2 54
195.51 1 79
195.51 2 54
195.61 1 79
195.61 2 54
195.71 1 79
195.71 2 54
195.81 1 79
195.81 2 54
195.91 1 79
195.91 2 54
196.01 1 79
196.01 2 54
196.11 1 79
196.11 2 54
196.21 1 79
196.21 2 54
196.31 1 79
196.31 2 54
196.41 1 79
196.41 2 54
196.51 1 79
196.51 2 54
196.61 1 79
196.61 2 54
196.71 1 79
196.71 2 54
196.81 1 79
196.81 2 54
196.91 1 79
196.91 2 54
197.01 1 79
197.01 2 54
197.11 1 79
197.11 2 54
197.21 1 79
197.21 2 54
197.31 1 79
197.31 2 54
197.41 1 79
197.41 2 54
197.51 1 79
197.51 2 54
197.61 1 79
197.61 2 54
197.71 1 79
197.71 2 54
197.81 1 79
197.81 2 54
197.91 1 79
197.91 2 54
198.01 1 79
198.01 2 54
198.11 1 79
198.11 2 54
198.21 1 79
198.21 2 54
198.31 1 79
198.31 2 54
198.41 1 79
198.41 2 54
198.51 1 79
198.51 2 54
198.61 1 79
198.61 2 54
198.71 1 79
198.71 2 54
198.81 1 79
198.81 2 54
198.91 1 79
198.91 2 54
199.01 1 79
199.01 2 54
199.11 1 79
199.11 2 54
199.21 1 79
199.21 2 54
199.31 1 79
199.31 2 54
199.41 1 79
199.41 2 54
199.51 1 79
199.51 2 54
199.61 1 79
199.61 2 54
199.71 1 79
199.71 2 54
199.81 1 79
199.81 2 54
199.91 1 79
199.91 2 54
200.01 1 79
200.01 2 54
200.11 1 79
200.11 2 54
200.21 1 79
200.21 2 54
200.31 1 79
200.31 2 54
200.41 1 79
200.41 2 54
200.51 1 79
200.51 2 54
200.61 1 79
200.61 2 54
200.71 1 79
200.71 2 54
200.81 1 79
200.81 2 54
200.91 1 79
200.91 2 54
