0.0 0
0.114201 0.104
0.219224 0.104125
0.226411 0.104734
0.233608 0.105268
0.240805 0.105609
0.248002 0.106033
0.324236 0.115029
0.331434 0.114275
0.338631 0.113491
0.345828 0.112804
0.353025 0.112329
0.360223 0.111913
0.36742 0.111549
0.374617 0.111105
0.381814 0.110717
0.429249 0.115502
0.436446 0.11469
0.443643 0.113853
0.45084 0.113122
0.458038 0.112606
0.465235 0.112156
0.472432 0.111761
0.479629 0.111291
0.486827 0.11088
0.534261 0.115645
0.541458 0.114814
0.548655 0.113962
0.555853 0.113217
0.566662 0.113065
0.787497 0.112557
0.791109 0.112112
0.798306 0.111723
0.885326 0.121383
0.892523 0.119835
0.89972 0.118356
0.906917 0.117061
0.914115 0.116053
0.921312 0.115172
0.928509 0.1144
0.935706 0.1136
0.942904 0.1129
0.990338 0.117413
0.997535 0.116361
1.00473 0.115316
1.01193 0.114401
1.01913 0.113726
1.02632 0.113136
1.03352 0.112619
1.04072 0.112041
1.04792 0.111536
1.09535 0.116219
1.10255 0.115317
1.10974 0.114402
1.11694 0.113602
1.12414 0.113027
1.13134 0.112523
1.13853 0.112083
1.14573 0.111573
1.15293 0.111126
1.20036 0.11586
1.20756 0.115003
1.21476 0.114127
1.22195 0.113361
1.4392 0.124191
1.4464 0.122292
1.4536 0.120631
1.4608 0.119052
1.46799 0.11767
1.47519 0.116587
1.48239 0.115638
1.48958 0.114809
1.49678 0.113957
1.50398 0.113213
1.54781 0.112561
1.55501 0.112116
1.56221 0.111727
1.56941 0.111386
1.5766 0.111087
1.5838 0.110702
1.591 0.110364
1.5982 0.110193
1.60539 0.110044
1.61259 0.109914
1.65643 0.109799
1.66362 0.109575
1.67082 0.109378
1.67802 0.109331
1.69241 0.109289
1.69961 0.109253
1.70681 0.109096
1.714 0.109084
1.7212 0.109074
1.76504 0.109065
1.77223 0.109057
1.77943 0.109049
1.78663 0.108918
1.80102 0.108928
1.80822 0.108937
1.81542 0.108945
1.82261 0.108827
1.82981 0.108724
1.83701 0.108758
1.87365 0.108663
1.88084 0.108581
1.88804 0.108633
1.89524 0.108679
1.90963 0.108594
1.91683 0.10852
1.92403 0.10858
1.93123 0.108632
1.93842 0.108678
1.94562 0.108593
1.98226 0.108644
1.98946 0.108689
1.99665 0.108603
2.00385 0.108527
2.01824 0.108586
2.02544 0.108638
2.03264 0.108558
2.03984 0.108489
2.04703 0.108552
2.05423 0.108608
2.09087 0.108532
2.10168 0.108966
2.31532 0.12022
2.32251 0.118818
2.32971 0.117465
2.33691 0.116282
2.3441 0.115372
2.3513 0.114575
2.3585 0.113879
2.3657 0.113144
2.37289 0.112501
2.38009 0.112063
2.42393 0.111555
2.43112 0.111236
2.43832 0.110956
2.44552 0.110712
2.45272 0.110373
2.45991 0.110076
2.46711 0.109942
2.47431 0.109824
2.4815 0.109721
2.4887 0.109506
2.53254 0.109443
2.53973 0.109262
2.54693 0.109105
2.55413 0.109091
2.56133 0.10908
2.56852 0.10907
2.57572 0.108936
2.58292 0.108819
2.59012 0.108842
2.59731 0.108862
2.64115 0.108879
2.64835 0.108894
2.65554 0.108907
2.66274 0.108794
2.66994 0.108695
2.67713 0.108733
2.68433 0.108766
2.69153 0.108795
2.69873 0.108696
2.70592 0.108609
2.74976 0.108533
2.75696 0.108466
2.76415 0.108533
2.77135 0.108591
2.77855 0.108642
2.78575 0.108562
2.79294 0.108492
2.80014 0.108555
2.80734 0.108611
2.81453 0.10866
2.85837 0.108702
2.86557 0.108739
2.87276 0.108647
2.87996 0.108566
2.88716 0.10862
2.89436 0.108668
2.90155 0.108709
2.90875 0.108621
2.91595 0.108543
2.92315 0.1086
2.96698 0.108525
2.97418 0.108585
2.98138 0.108636
2.98857 0.108682
2.99577 0.108597
3.00297 0.108522
3.01016 0.108582
3.01736 0.108634
3.02456 0.10868
3.03176 0.108595
3.07559 0.108645
3.08279 0.108565
3.08999 0.108494
3.09718 0.108557
3.10438 0.108613
3.11158 0.108661
3.11878 0.108579
3.12597 0.108506
3.13317 0.108568
3.14037 0.108622
3.1842 0.108669
3.1914 0.108711
3.1986 0.108747
3.20579 0.108653
3.21299 0.108572
3.22019 0.108625
3.22739 0.108672
3.23458 0.108713
3.24178 0.108624
3.24898 0.108546
3.29281 0.108478
3.30001 0.108543
3.30721 0.1086
3.31441 0.10865
3.3216 0.108694
3.3288 0.108607
3.336 0.108531
3.34319 0.10859
3.35039 0.108641
3.35759 0.108686
3.40142 0.108725
3.40862 0.108635
3.41582 0.108555
3.42302 0.108611
3.43021 0.108659
3.43741 0.108702
3.44461 0.108739
3.45181 0.108647
3.459 0.108691
3.4662 0.10873
3.51004 0.108763
3.51723 0.108793
3.52443 0.108819
3.53163 0.108717
3.53882 0.108627
3.54602 0.108674
3.55322 0.108714
3.56042 0.10875
3.56761 0.108656
3.61506 0.113699
3.8287 0.124362
3.8359 0.122317
3.84309 0.120652
3.85029 0.119196
3.85749 0.117921
3.86468 0.116681
3.87188 0.115596
3.87908 0.114771
3.88628 0.11405
3.89347 0.113419
4.14736 0.124116
4.15456 0.122227
4.16176 0.120448
4.16895 0.118892
4.17615 0.117656
4.18335 0.116574
4.19055 0.115627
4.19774 0.114674
4.20494 0.11384
4.21214 0.113235
4.25237 0.11683
4.25957 0.115851
4.26677 0.11487
4.27397 0.114011
4.28116 0.113385
4.28836 0.112837
4.29556 0.112357
4.51281 0.123188
4.52 0.121414
4.5272 0.119862
4.5344 0.118505
4.5416 0.117316
4.54879 0.116152
4.55599 0.115133
4.56319 0.114366
4.57038 0.113696
4.57758 0.113109
4.58478 0.11247
4.62503 0.112536
4.79122 0.117469
4.84586 0.116286
4.85306 0.115375
4.86026 0.114578
4.86746 0.113881
5.0955 0.113646
5.1027 0.11294
5.1099 0.112322
5.11709 0.111907
5.12429 0.111544
5.13149 0.111226
5.18973 0.117198
5.19693 0.116048
5.20413 0.115167
5.21132 0.114396
5.21852 0.113722
5.22572 0.113006
5.23292 0.112381
5.24011 0.111958
5.24731 0.111588
5.25451 0.111265
5.2617 0.110857
5.29474 0.11375
5.30194 0.113031
5.30914 0.112527
5.31634 0.112086
5.32353 0.1117
5.33073 0.111238
5.33793 0.110833
5.34513 0.110604
5.35232 0.110403
5.35952 0.110228
5.36672 0.10995
5.39976 0.112956
5.40695 0.112336
5.41415 0.111919
5.42135 0.111554
5.42855 0.111235
5.43574 0.110831
5.45014 0.110602
5.45733 0.110402
5.46453 0.110226
5.47173 0.109948
5.50477 0.112955
5.51197 0.112335
5.51916 0.111918
5.52636 0.111554
5.53356 0.111234
5.54076 0.11083
5.55515 0.111476
5.56235 0.111167
5.56954 0.110896
5.57674 0.110534
5.58394 0.110217
5.60978 0.112315
5.61698 0.111776
5.62418 0.111429
5.63137 0.111125
5.64218 0.111359
5.86663 0.11094
5.87383 0.110572
5.88102 0.110376
5.88822 0.110204
5.89542 0.110053
5.90262 0.109797
5.96444 0.116447
5.97164 0.115391
5.97884 0.114467
5.98604 0.113784
5.99323 0.113186
6.00043 0.112663
6.00763 0.11208
6.01483 0.11157
6.02202 0.111249
6.02922 0.110968
6.03642 0.110722
6.04361 0.110381
6.07306 0.110209
6.08025 0.110058
6.08745 0.109925
6.09465 0.109685
6.10184 0.109474
6.10904 0.109415
6.11624 0.109363
6.12344 0.109318
6.13063 0.109153
6.13783 0.109009
6.14503 0.109008
6.15222 0.109007
6.18167 0.108881
6.18886 0.108771
6.19606 0.108799
6.20326 0.108825
6.21046 0.108846
6.21765 0.108741
6.22485 0.108648
6.23205 0.108692
6.23924 0.108731
6.24644 0.108764
6.25364 0.108669
6.26084 0.108585
6.29028 0.108637
6.29747 0.108682
6.30467 0.108597
6.31187 0.108522
6.31907 0.108582
6.32626 0.108634
6.33346 0.10868
6.34066 0.108595
6.34785 0.108521
6.35505 0.108581
6.36225 0.108633
6.36945 0.108679
6.39889 0.108594
6.40609 0.108645
6.41328 0.108689
6.42048 0.108728
6.42768 0.108637
6.43487 0.108557
6.44207 0.108613
6.44927 0.108661
6.45647 0.108703
6.46366 0.108616
6.47086 0.108539
6.47806 0.108596
6.5075 0.108647
6.5147 0.108566
6.52189 0.108495
6.52909 0.108558
6.53629 0.108613
6.54349 0.108662
6.55068 0.108579
6.55788 0.108507
6.56508 0.108568
6.57227 0.108622
6.57947 0.10867
6.58667 0.108586
6.61611 0.108638
6.62331 0.108683
6.6305 0.108723
6.6377 0.108632
6.6449 0.108553
6.6521 0.108609
6.65929 0.108658
6.66649 0.108701
6.67369 0.108613
6.68088 0.108536
6.68808 0.108594
6.69528 0.108645
6.72472 0.108564
6.73192 0.108494
6.73912 0.108557
6.74631 0.108613
6.75351 0.108661
6.76071 0.108578
6.7679 0.108506
6.7751 0.108568
6.7823 0.108622
6.7895 0.108669
6.79669 0.108585
6.80389 0.108512
6.83333 0.108573
6.84053 0.108627
6.84773 0.108548
6.85492 0.10848
6.86212 0.108545
6.86932 0.108602
6.87651 0.108651
6.88371 0.10857
6.89091 0.108499
6.89811 0.108561
6.9053 0.108616
6.9125 0.108664
6.94194 0.108581
6.94914 0.108634
6.95634 0.108679
6.96353 0.108719
6.97073 0.108629
6.97793 0.108551
6.98513 0.108607
6.99232 0.108656
6.99952 0.108699
7.00672 0.108612
7.01391 0.108535
7.02111 0.108593
7.05055 0.108644
7.05775 0.108564
7.06495 0.108493
7.07214 0.108557
7.07934 0.108612
7.08654 0.10866
7.09374 0.108578
7.10093 0.108506
7.10813 0.108567
7.11894 0.108997
7.33258 0.120247
7.33978 0.118716
7.34697 0.117377
7.35417 0.11633
7.36137 0.115413
7.36856 0.114612
7.37576 0.113785
7.38296 0.113062
7.39016 0.112554
7.39735 0.11211
7.40455 0.111721
7.41175 0.111256
7.44119 0.110974
7.44839 0.110727
7.45558 0.110511
7.46278 0.110197
7.46998 0.109923
7.47718 0.109807
7.48437 0.109707
7.49157 0.109618
7.49877 0.109416
7.50596 0.109239
7.51316 0.109209
7.52036 0.109183
7.5498 0.109035
7.557 0.108906
7.56419 0.108917
7.57139 0.108928
7.57859 0.108937
7.58579 0.10882
7.59298 0.108717
7.60018 0.108753
7.60738 0.108784
7.61457 0.108811
7.62177 0.108709
7.62897 0.108621
7.65841 0.108668
7.66561 0.10871
7.67281 0.108621
7.68 0.108668
7.6944 0.10871
7.70159 0.108746
7.70879 0.108653
7.71599 0.108571
7.72319 0.108625
7.73038 0.108672
7.73758 0.108713
7.76702 0.108749
7.77422 0.10878
7.78142 0.108808
7.78861 0.108707
7.80301 0.108743
7.81021 0.108775
7.8174 0.108803
7.8246 0.108828
7.8318 0.108725
7.83899 0.108634
7.84619 0.10868
7.85339 0.10872
7.87563 0.10863
7.88283 0.108551
7.89003 0.108607
7.89722 0.108656
7.91162 0.108574
7.91882 0.108502
7.92601 0.108565
7.93321 0.108619
7.94041 0.108667
7.9476 0.108708
7.9548 0.10862
7.962 0.108542
7.98424 0.1086
7.99144 0.10865
7.99864 0.108568
8.00584 0.108497
8.02023 0.10856
8.02743 0.108615
8.03462 0.108538
8.04182 0.108471
8.04902 0.108537
8.05622 0.108595
8.06341 0.108646
8.07061 0.10869
8.09285 0.108604
8.10005 0.108653
8.10725 0.108697
8.11445 0.108734
8.12884 0.108643
8.13604 0.108687
8.14323 0.108726
8.15043 0.108761
8.15763 0.108666
8.16483 0.108582
8.17202 0.108635
8.17922 0.10868
8.20508 0.10922
8.42591 0.109068
8.42952 0.109059
8.43672 0.108927
8.44392 0.108811
8.45112 0.108835
8.45831 0.108855
8.46551 0.108873
8.47271 0.108764
8.47991 0.108669
8.4871 0.10871
8.52734 0.108746
8.53454 0.108778
8.54173 0.108681
8.54893 0.108596
8.55613 0.108646
8.56333 0.10869
8.57052 0.108729
8.57772 0.108638
8.58492 0.108558
8.59211 0.108613
8.59931 0.108662
8.60651 0.108704
8.63595 0.108616
8.65034 0.108664
8.65754 0.108706
8.66474 0.108618
8.67194 0.108541
8.67913 0.108598
8.89997 0.120273
8.90717 0.118864
8.91436 0.117631
8.92156 0.116552
8.92876 0.115483
8.93595 0.114548
8.94315 0.113854
8.95035 0.113248
8.95755 0.112717
8.96474 0.112127
8.97194 0.111611
8.97914 0.111285
9.00858 0.110999
9.01578 0.110624
9.02297 0.110296
9.03017 0.110134
9.04098 0.110367
9.26181 0.110071
9.26543 0.109938
9.27262 0.109695
9.36685 0.109983
9.58049 0.121111
9.58769 0.119472
9.59489 0.118038
9.60208 0.116908
9.60928 0.11592
9.61648 0.115055
9.62368 0.114173
9.63087 0.113401
9.63807 0.112851
9.64527 0.11237
9.65246 0.111948
9.65966 0.111455
9.6891 0.111148
9.6963 0.11088
9.7035 0.110645
9.71069 0.110314
9.71789 0.110025
9.72509 0.109897
9.73229 0.109785
9.73948 0.109687
9.74668 0.109476
9.75388 0.109291
9.76107 0.109255
9.76827 0.109223
9.79771 0.10907
9.80491 0.108936
9.81211 0.108944
9.81931 0.108951
9.8265 0.108957
9.8337 0.108838
9.8409 0.108733
9.84809 0.108766
9.85529 0.108796
9.86249 0.108821
9.86969 0.108718
9.87688 0.108629
9.90632 0.108675
9.91352 0.108716
9.92072 0.108626
9.92792 0.108548
9.93511 0.108604
9.94231 0.108654
9.94951 0.108697
9.95671 0.10861
9.9639 0.108534
9.9711 0.108592
9.9783 0.108643
9.98549 0.108688
10.0149 0.108602
10.0221 0.108651
10.0293 0.108695
10.0365 0.108733
10.0437 0.108642
10.0509 0.108561
10.0581 0.108616
10.0653 0.108664
10.0725 0.108706
10.0797 0.108618
10.0869 0.108541
10.0941 0.108598
10.1235 0.108648
10.1307 0.108567
10.1379 0.108496
10.1451 0.108559
10.1523 0.108614
10.1595 0.108663
10.1667 0.10858
10.1739 0.108507
10.1811 0.108569
10.1883 0.108623
10.1955 0.10867
10.2027 0.108586
10.3041 0.108638
10.3113 0.108683
10.4127 0.108598
10.4199 0.108523
10.5214 0.108583
10.5285 0.108635
10.63 0.108555
10.6372 0.108611
10.7386 0.10866
10.7458 0.108577
10.8472 0.10863
10.8544 0.108676
10.9558 0.108592
10.963 0.108518
11.0644 0.108578
11.0716 0.108631
11.173 0.108677
11.1802 0.108717
11.2816 0.108628
11.2888 0.108549
11.3939 0.108981
11.7233 0.108983
11.7305 0.108985
11.7377 0.108862
11.7449 0.108754
11.7521 0.108785
11.7593 0.108812
11.7665 0.108835
11.7737 0.108731
11.7809 0.10864
11.7881 0.108685
11.7953 0.108724
11.8025 0.108759
11.8319 0.108664
11.8391 0.108706
11.8463 0.108743
11.8535 0.108775
11.8607 0.108678
11.8679 0.108593
11.8751 0.108644
11.8823 0.108688
11.8895 0.108727
11.8967 0.108637
11.9039 0.108557
11.9111 0.108612
11.9405 0.108661
11.9477 0.108578
11.9549 0.108506
11.9621 0.108568
11.9693 0.108622
11.9765 0.108669
11.9837 0.108585
11.9909 0.108512
12.0053 0.108573
12.0125 0.108627
12.0197 0.108548
12.0491 0.108605
12.0563 0.108654
12.0635 0.108697
12.0707 0.10861
12.0779 0.108534
12.0851 0.108592
12.0923 0.108643
12.0995 0.108688
12.1139 0.108602
12.1211 0.108652
12.1283 0.108695
12.1355 0.108733
12.1577 0.108642
12.1649 0.108561
12.1721 0.108616
12.1793 0.108664
12.1865 0.108706
12.1937 0.108618
12.2009 0.108541
12.2081 0.108598
12.2225 0.108648
12.2297 0.108567
12.2369 0.108496
12.2441 0.108559
12.2664 0.108614
12.2735 0.108663
12.2807 0.10858
12.2879 0.108507
12.2951 0.108569
12.3023 0.108623
12.3095 0.10867
12.3167 0.108586
12.3311 0.108638
12.3383 0.108683
12.3455 0.108723
12.3527 0.108632
12.375 0.108553
12.3822 0.108609
12.3894 0.108658
12.3966 0.108701
12.4038 0.108613
12.4109 0.108537
12.4181 0.108594
12.4253 0.108645
12.4397 0.108565
12.4469 0.108494
12.4541 0.108557
12.4613 0.108613
12.4836 0.108661
12.4908 0.108578
12.498 0.108506
12.5052 0.108568
12.5124 0.108622
12.5196 0.108669
12.5268 0.108585
12.534 0.108512
12.5483 0.108573
12.5555 0.108627
12.5627 0.108548
12.5699 0.10848
12.5922 0.108545
12.5994 0.108602
12.6066 0.108651
12.6138 0.10857
12.6246 0.108999
12.8382 0.120374
12.8454 0.118952
12.8526 0.117583
12.8598 0.116385
12.867 0.115462
12.8742 0.114654
12.8814 0.113948
12.8886 0.113329
12.8958 0.112663
12.903 0.11208
12.9102 0.111695
12.9174 0.111358
12.9468 0.110938
12.954 0.110696
12.9612 0.110484
12.9684 0.110299
12.9756 0.110011
12.9828 0.10976
12.99 0.109665
12.9972 0.109582
13.0044 0.109509
13.0116 0.109445
13.0188 0.109265
13.026 0.109232
13.0554 0.109203
13.0626 0.109052
13.0698 0.108921
13.077 0.108931
13.0842 0.108939
13.0914 0.108947
13.0986 0.108829
13.1058 0.108725
13.113 0.108759
13.1202 0.108789
13.1274 0.108816
13.1346 0.108714
13.1641 0.10875
13.1713 0.108781
13.1784 0.108808
13.1856 0.108707
13.1928 0.108619
13.2 0.108666
13.2072 0.108708
13.2144 0.108745
13.2288 0.108652
13.236 0.108695
13.2432 0.108733
13.2727 0.108642
13.2799 0.108561
13.2871 0.108616
13.2979 0.109039
13.5115 0.120284
13.5187 0.118749
13.5259 0.117405
13.5331 0.116355
13.5403 0.115435
13.5475 0.114631
13.5547 0.113802
13.5619 0.113077
13.5691 0.112567
13.5763 0.112121
13.5835 0.111731
13.5907 0.111265
13.6201 0.110982
13.6273 0.110734
13.6345 0.110517
13.6417 0.110203
13.6489 0.109927
13.6561 0.109811
13.6633 0.10971
13.6705 0.109621
13.6777 0.109419
13.6849 0.109241
13.6921 0.109211
13.6993 0.109185
13.7287 0.109037
13.7359 0.108907
13.7431 0.108919
13.7503 0.108929
13.7575 0.108938
13.7647 0.10882
13.7719 0.108718
13.7791 0.108753
13.7863 0.108784
13.7935 0.108811
13.8007 0.10871
13.8079 0.108621
13.8373 0.108668
13.8517 0.108585
13.8589 0.108512
13.8661 0.108573
13.8733 0.108626
13.8805 0.108673
13.8877 0.108589
13.8949 0.108515
13.9021 0.108576
13.9093 0.108629
13.9165 0.108675
13.9459 0.108591
13.9603 0.108642
13.9675 0.108687
13.9747 0.108601
13.9819 0.108526
13.9891 0.108585
13.9963 0.108637
14.0035 0.108682
14.0107 0.108597
14.0179 0.108522
14.0251 0.108582
14.0323 0.108634
14.0546 0.10868
14.069 0.108595
14.0762 0.108646
14.0833 0.10869
14.0905 0.108729
14.0977 0.108638
14.1049 0.108558
14.1121 0.108613
14.1193 0.108662
14.1265 0.108704
14.1337 0.108616
14.1409 0.108539
14.1632 0.108597
14.1776 0.108647
14.1848 0.108566
14.192 0.108495
14.1992 0.108558
14.2064 0.108614
14.2136 0.108662
14.2207 0.108579
14.2279 0.108507
14.2351 0.108568
14.2423 0.108622
14.2495 0.10867
14.2718 0.108586
14.2862 0.108638
14.2934 0.108683
14.3006 0.108723
14.3078 0.108632
14.315 0.108553
14.3222 0.108609
14.3294 0.108658
14.3366 0.108701
14.3438 0.108613
14.351 0.108536
14.3581 0.108594
14.3804 0.108645
14.3948 0.108564
14.402 0.108494
14.4092 0.108557
14.4164 0.108613
14.4236 0.108661
14.4308 0.108578
14.438 0.108506
14.4452 0.108568
14.4524 0.108622
14.4596 0.108669
14.4668 0.108585
14.489 0.108637
14.5034 0.108683
14.5106 0.108722
14.5178 0.108632
14.525 0.108553
14.5322 0.108609
14.5394 0.108658
14.5466 0.108701
14.5538 0.108613
14.561 0.108536
14.5682 0.108594
14.5754 0.108645
14.5976 0.108564
14.612 0.108619
14.6192 0.108666
14.6264 0.108708
14.6336 0.108745
14.6408 0.108652
14.648 0.10857
14.6552 0.108624
14.6624 0.108671
14.6696 0.108712
14.6768 0.108623
14.684 0.108545
14.7062 0.108602
14.7206 0.108527
14.7278 0.108461
14.735 0.108528
14.7422 0.108587
14.7494 0.108639
14.7566 0.108684
14.7638 0.108598
14.771 0.108649
14.7782 0.108693
14.7854 0.108731
14.7926 0.108765
14.8148 0.108669
14.8292 0.10871
15.0465 0.119997
15.0537 0.118497
15.0609 0.117185
15.0681 0.116162
15.0753 0.115267
15.0825 0.114483
15.0897 0.113673
15.0969 0.112964
15.1041 0.112468
15.1113 0.112035
15.2673 0.11528
15.3357 0.11437
15.3429 0.113574
15.3501 0.113002
15.3573 0.112502
15.3645 0.112064
15.3717 0.111556
15.3789 0.111112
15.3861 0.110848
15.3933 0.110617
15.4005 0.110415
15.4077 0.110113
15.4149 0.109849
15.4221 0.109743
15.4443 0.10965
15.4515 0.109569
15.4587 0.109373
15.4659 0.109201
15.4767 0.109551
15.6904 0.120732
15.6975 0.119265
15.7047 0.117857
15.7119 0.116625
15.7263 0.115672
15.7335 0.114838
15.7407 0.113983
15.7479 0.113235
15.7551 0.112706
15.7623 0.112243
15.7695 0.111837
15.7767 0.111358
15.799 0.110938
15.8062 0.110696
15.8134 0.110484
15.8206 0.110298
15.8349 0.110011
15.8421 0.109885
15.8493 0.109774
15.8565 0.109677
15.8637 0.109468
15.8709 0.109284
15.8781 0.109249
16.1026 0.109218
16.1062 0.10919
16.1134 0.109167
16.1206 0.109146
16.2004 0.118128
16.4285 0.116987
16.4357 0.115863
16.4428 0.11488
16.5227 0.11402
16.5299 0.113268
16.5371 0.112734
16.5443 0.112268
16.5515 0.111859
16.5587 0.111377
16.5659 0.110955
16.5803 0.11071
16.5875 0.110496
16.5947 0.110184
16.6019 0.109911
16.6091 0.109797
16.6277 0.111073
16.6349 0.110689
16.6421 0.110478
16.6493 0.110293
16.6565 0.110131
16.6637 0.109865
16.6709 0.109632
16.6853 0.110428
16.6925 0.110249
16.6997 0.109968
16.7069 0.109722
16.7141 0.109632
16.7213 0.109553
16.7327 0.109984
16.7399 0.109736
16.7471 0.109644
16.7543 0.109563
16.7615 0.109493
16.7687 0.109306
16.7759 0.109143
16.7903 0.11
16.7975 0.109875
16.8047 0.109641
16.8119 0.109436
16.8191 0.109381
16.8263 0.109334
16.8377 0.109792
16.8449 0.109568
16.8521 0.109497
16.8593 0.109435
16.8665 0.10938
16.8737 0.109208
16.8809 0.109057
16.8953 0.109925
16.9025 0.109809
16.9097 0.109583
16.9169 0.109385
16.9241 0.109337
16.9313 0.109295
16.9427 0.109758
16.9499 0.109538
16.9571 0.109471
16.9643 0.109412
16.9715 0.109361
16.9787 0.109191
16.9859 0.109042
17.0003 0.109911
17.0075 0.109798
17.0147 0.109573
17.2463 0.109501
17.3442 0.118939
17.3514 0.117696
17.3586 0.116609
17.3658 0.115533
17.373 0.114591
17.3802 0.113893
17.3873 0.113281
17.3945 0.112746
17.4017 0.112153
17.4089 0.111634
17.4161 0.111304
17.4233 0.111016
17.4305 0.110764
17.4377 0.110419
17.4528 0.110116
17.46 0.109852
17.4672 0.109745
17.4744 0.109652
17.4816 0.109571
17.4888 0.109374
17.496 0.109203
17.5032 0.109177
17.5104 0.109155
17.5176 0.109136
17.5247 0.108994
17.5319 0.10887
17.5391 0.108886
17.5463 0.1089
17.5614 0.108913
17.5686 0.108924
17.5758 0.108808
17.583 0.108707
17.5902 0.108744
17.5974 0.108776
17.6046 0.108804
17.6118 0.108703
17.619 0.108615
17.6262 0.108663
17.6334 0.108706
17.6406 0.108742
17.6478 0.10865
17.655 0.108568
17.67 0.108497
17.6772 0.10856
17.6844 0.108615
17.6916 0.108663
17.6988 0.10858
17.706 0.108508
17.7132 0.108569
17.7204 0.108623
17.7276 0.10867
17.7348 0.108586
17.742 0.108513
17.7492 0.108574
17.7564 0.108627
17.7636 0.108674
17.7786 0.108715
17.7858 0.108625
17.793 0.108672
17.8002 0.108713
17.8074 0.108749
17.8146 0.10878
17.8218 0.108683
17.829 0.108597
17.8362 0.108648
17.8434 0.108692
17.8506 0.10873
17.8578 0.108639
17.865 0.108559
17.8722 0.108614
17.8872 0.108662
17.8944 0.108705
17.9016 0.108617
17.9088 0.10854
17.916 0.108597
17.9232 0.108647
17.9304 0.108692
17.9376 0.10873
17.9448 0.108639
17.952 0.108559
17.9592 0.108614
17.9664 0.108662
17.9736 0.108705
17.9808 0.108616
18.2059 0.119914
18.2131 0.11855
18.2203 0.117356
18.2275 0.116312
18.2347 0.115273
18.2419 0.114364
18.2491 0.113693
18.2563 0.113107
18.2635 0.112593
18.2707 0.112019
18.2779 0.111517
18.2851 0.111202
18.2922 0.110927
18.2994 0.110686
18.4699 0.11535
18.5281 0.114556
18.5353 0.113862
18.5425 0.113254
18.5497 0.112597
18.5569 0.112023
18.5641 0.111645
18.5713 0.111314
18.5785 0.111025
18.5857 0.110647
18.5929 0.110316
18.6001 0.110152
18.6073 0.110008
18.6145 0.109882
18.6217 0.109646
18.6289 0.109441
18.6368 0.109261
18.644 0.109103
18.6583 0.10909
18.6655 0.109079
18.6727 0.108944
18.6799 0.108826
18.6943 0.108848
18.7015 0.108867
18.7087 0.108758
18.7159 0.108664
18.7231 0.108706
18.7303 0.108742
18.7375 0.108775
18.7454 0.108803
18.7526 0.108827
18.767 0.108724
18.7742 0.108759
18.7814 0.108789
18.7885 0.108815
18.7957 0.108713
18.8029 0.108624
18.8101 0.108671
18.8173 0.108712
18.8245 0.108748
18.8317 0.108655
18.8389 0.108573
18.8461 0.108626
18.8533 0.108673
18.8605 0.108714
18.8677 0.108625
18.8756 0.108672
18.8828 0.108588
18.89 0.108514
18.8972 0.108575
18.9044 0.108628
18.9116 0.108675
18.9188 0.10859
18.9259 0.108516
18.9331 0.108577
18.9403 0.10863
18.9475 0.108676
18.9547 0.108592
18.9619 0.108518
18.9691 0.108578
18.9763 0.108631
18.9842 0.108677
18.9914 0.108717
18.9986 0.108753
19.0058 0.108658
19.013 0.108576
19.0202 0.108629
19.0274 0.108676
19.0382 0.109216
19.2518 0.120439
19.259 0.119009
19.2662 0.117758
19.2734 0.116663
19.2842 0.116205
19.4978 0.126555
19.505 0.12436
19.5122 0.12244
19.5194 0.12076
19.5266 0.119165
19.5338 0.11777
19.541 0.116673
19.5482 0.115714
19.5554 0.114875
19.5626 0.114016
19.5698 0.113264
19.577 0.112731
19.5842 0.112264
19.5914 0.111856
19.5986 0.111499
19.6065 0.111187
19.6137 0.110788
19.6209 0.11044
19.6281 0.11026
19.6352 0.110102
19.6424 0.109965
19.6496 0.109719
19.6568 0.109504
19.664 0.109441
19.6712 0.109386
19.6784 0.109338
19.6856 0.109171
19.6928 0.109024
19.7 0.109021
19.7072 0.109019
19.7151 0.109016
19.7223 0.109014
19.7295 0.109012
19.7367 0.108886
19.7439 0.108775
19.7511 0.108803
19.7583 0.108828
19.7655 0.108849
19.7726 0.108743
19.7798 0.10865
19.787 0.108694
19.7942 0.108732
19.8014 0.108766
19.8086 0.10867
19.8158 0.108586
19.8237 0.108513
19.8309 0.108449
19.8381 0.108518
19.8453 0.108578
19.8525 0.108631
19.8597 0.108552
19.8669 0.108483
19.8741 0.108548
19.8813 0.108604
19.8885 0.108654
19.8957 0.108572
19.9029 0.1085
19.91 0.108563
19.9172 0.108618
19.9244 0.108665
19.9323 0.108707
19.9395 0.108744
19.9467 0.108651
19.9539 0.108569
19.9611 0.108623
19.9683 0.10867
19.9755 0.108712
19.9827 0.108623
19.9899 0.108545
19.9971 0.108602
20.0043 0.108651
20.0115 0.108695
20.0187 0.108608
20.0259 0.108532
20.0331 0.108591
20.0409 0.108517
20.0481 0.108577
20.0553 0.10863
20.0625 0.108676
20.0697 0.108592
20.0769 0.108518
20.0841 0.108578
20.0913 0.108631
20.0985 0.108677
20.1057 0.108592
20.1129 0.108518
20.1201 0.108579
20.1273 0.108631
20.1345 0.108677
20.1417 0.108593
20.1495 0.108644
20.1567 0.108563
20.1639 0.108493
20.1711 0.108556
20.1783 0.108612
20.1855 0.10866
20.1927 0.108578
20.1999 0.108505
20.2071 0.108567
20.2143 0.108621
20.2215 0.108669
20.2287 0.108585
20.2359 0.108512
20.2431 0.108573
20.2503 0.108626
20.2581 0.108673
20.2653 0.108714
20.2725 0.10875
20.2797 0.108656
20.2869 0.108574
20.2941 0.108627
20.3013 0.108674
20.3085 0.108715
20.3157 0.108625
20.3229 0.108547
20.3301 0.108604
20.3373 0.108653
20.3445 0.108697
20.3517 0.10861
20.3589 0.108533
20.3667 0.108467
20.3739 0.108408
20.3811 0.108482
20.3883 0.108547
20.3955 0.108604
20.4027 0.108528
20.4099 0.108462
20.4171 0.108529
20.4243 0.108588
20.4315 0.10864
20.4387 0.10856
20.4459 0.10849
20.4531 0.108554
20.4603 0.108609
20.4675 0.108658
20.4753 0.108701
20.4825 0.108738
20.4897 0.108646
20.4969 0.108565
20.5041 0.10862
20.5113 0.108667
20.5185 0.108709
20.5257 0.10862
20.5329 0.108543
20.5401 0.1086
20.5473 0.10865
20.5545 0.108694
20.5617 0.108607
20.5689 0.108531
20.584 0.108465
20.5912 0.108532
20.5984 0.10859
20.6055 0.108641
20.6127 0.108561
20.6199 0.108491
20.6271 0.108555
20.6343 0.10861
20.6415 0.108659
20.6487 0.108577
20.6559 0.108505
20.6631 0.108567
20.6703 0.108621
20.6775 0.108668
20.6926 0.10871
20.6998 0.108621
20.707 0.108543
20.7142 0.1086
20.7214 0.10865
20.7286 0.108694
20.7358 0.108607
20.7429 0.108531
20.7501 0.10859
20.7573 0.108641
20.7645 0.108686
20.7717 0.1086
20.7789 0.108525
20.7861 0.108585
20.7933 0.108637
20.8012 0.108682
20.8084 0.108722
20.8156 0.108756
20.8228 0.108662
20.83 0.108579
20.8372 0.108632
20.8444 0.108678
20.8516 0.108718
20.8588 0.108628
20.866 0.10855
20.8732 0.108606
20.884 0.10903
21.0976 0.120277
21.1048 0.118742
21.112 0.117399
21.1192 0.116349
21.1264 0.115431
21.1336 0.114627
21.1408 0.113798
21.148 0.113074
21.1552 0.112564
21.1624 0.112119
21.1696 0.111729
21.1768 0.111263
21.184 0.110855
21.1912 0.110623
21.1984 0.11042
21.2062 0.110243
21.2134 0.110087
21.2206 0.109951
21.2278 0.109708
21.235 0.109494
21.2422 0.109432
21.2494 0.109378
21.2566 0.109331
21.2638 0.109165
21.271 0.109019
21.2782 0.109017
21.2854 0.109015
21.2926 0.109013
21.2998 0.108886
21.307 0.108775
21.3148 0.108678
21.322 0.108719
21.3292 0.108754
21.3364 0.108785
21.3436 0.108812
21.3508 0.10871
21.358 0.108746
21.3652 0.108778
21.3724 0.108806
21.3796 0.10883
21.3868 0.108726
21.394 0.108636
21.4012 0.108681
21.4084 0.108721
21.4156 0.108756
21.4234 0.108786
21.4306 0.108688
21.4378 0.108602
21.445 0.108652
21.4522 0.108695
21.4594 0.108733
21.4666 0.108642
21.4738 0.108562
21.481 0.108616
21.4882 0.108664
21.4954 0.108706
21.5026 0.108743
21.5098 0.10865
21.5242 0.108694
21.532 0.108732
21.5392 0.108766
21.5464 0.108795
21.5536 0.108696
21.5608 0.108609
21.568 0.108658
21.5752 0.1087
21.5824 0.108738
21.5896 0.108646
21.5968 0.108565
21.604 0.108619
21.6112 0.108667
21.6184 0.108708
21.6328 0.10862
21.64 0.108667
21.6472 0.108709
21.6544 0.108745
21.6616 0.108777
21.6688 0.10868
21.676 0.108595
21.6832 0.108646
21.6904 0.10869
21.6976 0.108729
21.7048 0.108638
21.712 0.108558
21.7192 0.108613
21.7264 0.108662
21.7336 0.108704
21.7414 0.108741
21.7486 0.108648
21.7558 0.108567
21.763 0.108621
21.7702 0.108669
21.7774 0.10871
21.7846 0.108746
21.7918 0.108653
21.799 0.108571
21.8062 0.108625
21.8134 0.108672
21.8206 0.108713
21.8278 0.108624
21.835 0.108546
21.8422 0.108603
21.85 0.108652
21.8572 0.108696
21.8644 0.108734
21.8716 0.108642
21.8788 0.108562
21.886 0.108617
21.8932 0.108664
21.9004 0.108706
21.9076 0.108743
21.9148 0.10865
21.922 0.108569
21.9292 0.108623
21.9364 0.10867
21.9436 0.108711
21.9508 0.108622
21.9586 0.108545
21.9694 0.108976
22.1831 0.120354
22.1903 0.118935
22.1975 0.117693
22.2047 0.116482
22.2119 0.115421
22.2191 0.114619
22.2263 0.113916
22.2335 0.113302
22.2407 0.112639
22.4579 0.123434
22.4651 0.12163
22.4723 0.120051
22.4795 0.11867
22.4867 0.117336
22.4939 0.116169
22.5011 0.115273
22.5083 0.114489
22.5155 0.113803
22.5227 0.113077
22.5299 0.112443
22.5371 0.112012
22.5443 0.111636
22.5515 0.111306
22.5587 0.110893
22.5659 0.110531
22.5731 0.11034
22.5803 0.110172
22.5875 0.110026
22.5947 0.109773
22.6019 0.109551
22.6091 0.109482
22.6162 0.109422
22.6234 0.109369
22.6306 0.109198
22.6378 0.109048
22.645 0.109042
22.6522 0.109037
22.6594 0.109032
22.6666 0.108903
22.6738 0.10879
22.681 0.108817
22.6882 0.10884
22.6954 0.10886
22.7026 0.108752
22.7098 0.108658
22.717 0.108701
22.7242 0.108738
22.7314 0.108771
22.7386 0.1088
22.7458 0.1087
22.753 0.108612
22.7602 0.108661
22.7674 0.108703
22.7746 0.10874
22.7818 0.108648
22.789 0.108567
22.7962 0.108621
22.8034 0.108668
22.8106 0.10871
22.8178 0.108621
22.825 0.108543
22.8322 0.1086
22.8394 0.10865
22.8466 0.108694
22.8538 0.108607
22.861 0.108531
22.8682 0.10859
22.8754 0.108641
22.8825 0.108686
22.8897 0.1086
22.8969 0.108525
22.9041 0.108585
22.9113 0.108637
22.9185 0.108682
22.9257 0.108597
22.9329 0.108522
22.9401 0.108582
22.9473 0.108634
22.9545 0.10868
22.9617 0.108595
22.9689 0.108521
22.9761 0.10858
22.9833 0.108633
22.9905 0.108679
22.9977 0.108594
23.0049 0.10852
23.2251 0.12033
23.2323 0.118914
23.2395 0.117674
23.2467 0.116465
23.2539 0.115407
23.2611 0.114606
23.2683 0.113905
23.2755 0.113292
23.2827 0.112631
23.2899 0.112052
23.2971 0.11167
23.3043 0.111337
23.3115 0.111044
23.3186 0.110664
23.3258 0.110331
23.333 0.110165
23.3402 0.110019
23.3474 0.109892
23.3546 0.109655
23.3618 0.109448
23.369 0.109392
23.3762 0.109343
23.3834 0.1093
23.3906 0.109138
23.3978 0.108996
23.405 0.108996
23.4122 0.108997
23.4194 0.108997
23.4266 0.108997
23.4338 0.108873
23.441 0.108889
23.4482 0.108903
23.4554 0.108915
23.4626 0.108925
23.4698 0.10881
23.477 0.108708
23.4842 0.108745
23.4914 0.108777
23.4986 0.108805
23.5058 0.108704
23.513 0.108616
23.5202 0.108664
23.5274 0.108706
23.5346 0.108743
23.5418 0.10865
23.549 0.108569
23.5562 0.108623
23.5634 0.10867
23.5706 0.108711
23.5777 0.108622
23.5849 0.108544
23.5921 0.108601
23.5993 0.108651
23.6065 0.108695
23.6137 0.108608
23.6209 0.108532
23.6281 0.10859
23.6353 0.108642
23.6425 0.108686
23.6497 0.108601
23.6569 0.108526
23.6641 0.108585
23.6713 0.108637
23.6785 0.108682
23.6857 0.108597
23.6929 0.108522
23.7001 0.108582
23.7073 0.108634
23.7145 0.10868
23.7217 0.108595
23.7289 0.108521
23.7361 0.108581
23.7433 0.108633
23.7505 0.108679
23.7577 0.108594
23.7649 0.10852
23.7721 0.10858
23.7793 0.108632
23.7865 0.108678
23.7937 0.108593
23.8009 0.108519
23.8081 0.108579
23.8153 0.108632
23.8225 0.108678
23.8297 0.108593
23.8368 0.108519
23.844 0.108579
23.8549 0.109007
24.0678 0.120256
24.075 0.118849
24.0822 0.117618
24.0894 0.116541
24.0966 0.115473
24.1038 0.114539
24.111 0.113847
24.1218 0.113616
24.3348 0.124289
24.342 0.122253
24.3492 0.120596
24.3564 0.119147
24.3636 0.117878
24.3708 0.116643
24.378 0.115563
24.3852 0.114743
24.3924 0.114025
24.3996 0.113397
24.4068 0.112722
24.414 0.112132
24.4212 0.11174
24.4284 0.111398
24.4356 0.111098
24.4428 0.110711
24.4499 0.110372
24.4571 0.1102
24.4643 0.11005
24.4715 0.109919
24.4787 0.109679
24.4859 0.109469
24.4931 0.109411
24.5003 0.109359
24.5075 0.109314
24.5147 0.10915
24.5219 0.109006
24.5291 0.109006
24.5363 0.109005
24.5471 0.109504
24.7601 0.120816
24.7673 0.119339
24.7745 0.118047
24.7817 0.116791
24.7889 0.115692
24.7961 0.114856
24.8105 0.114124
24.8177 0.113358
24.8249 0.112688
24.8321 0.112227
24.8393 0.111824
24.8465 0.111471
24.8537 0.111037
24.8609 0.110657
24.8681 0.11045
24.8753 0.110269
24.8824 0.11011
24.8896 0.109847
24.8968 0.109616
24.904 0.109539
24.9112 0.109471
24.9191 0.109412
24.9263 0.109361
24.9335 0.109316
24.9407 0.109151
24.9479 0.109007
24.9551 0.109006
24.9623 0.109006
24.9695 0.109005
24.9767 0.108879
24.9839 0.108769
24.9911 0.108798
24.9983 0.108823
25.0055 0.108846
25.0127 0.10874
25.0198 0.108647
25.027 0.108691
25.0342 0.10873
25.0414 0.108764
25.0486 0.108668
25.0558 0.108585
25.063 0.108637
25.0702 0.108682
25.0774 0.108722
25.0846 0.108632
25.0918 0.108553
25.099 0.108609
25.1062 0.108657
25.1134 0.1087
25.1206 0.108738
25.1278 0.108646
25.135 0.10869
25.1422 0.108729
25.1494 0.108763
25.1566 0.108792
25.1638 0.108693
25.171 0.108607
25.1782 0.108656
25.1854 0.108699
25.1926 0.108736
25.1998 0.108644
25.207 0.108564
25.2142 0.108618
25.2214 0.108666
25.2286 0.108708
25.2358 0.108619
25.243 0.108542
25.2502 0.108599
25.2574 0.108649
25.2646 0.108693
25.2718 0.108606
25.2789 0.108531
25.2861 0.108589
25.2933 0.108641
25.3005 0.108686
25.3077 0.1086
25.3149 0.108525
25.3221 0.108584
25.3293 0.108636
25.3365 0.108682
25.3437 0.108597
25.3509 0.108522
25.3581 0.108582
25.3653 0.108634
25.3725 0.10868
25.3797 0.108595
25.3869 0.10852
25.3941 0.10858
25.4013 0.108633
25.4085 0.108679
25.4157 0.108594
25.4229 0.10852
25.4301 0.10858
25.4373 0.108632
25.4445 0.108678
25.4517 0.108593
25.6719 0.120269
25.6791 0.118861
25.6863 0.117628
25.6935 0.11655
25.7007 0.115481
25.7079 0.114546
25.715 0.113853
25.7222 0.113246
25.7294 0.112715
25.7366 0.112126
25.7438 0.11161
25.751 0.111284
25.7582 0.110998
25.7654 0.110749
25.7726 0.110405
25.7798 0.110104
25.787 0.109966
25.7942 0.109846
26.0302 0.10974
26.0374 0.109647
26.0446 0.109441
26.1281 0.118886
26.1353 0.11765
26.1424 0.116569
26.1496 0.115498
26.1568 0.114561
26.164 0.113866
26.1712 0.113257
26.1784 0.112725
26.1856 0.112135
26.1928 0.111618
26.2 0.111291
26.2072 0.111004
26.2144 0.110754
26.2216 0.110409
26.2288 0.110108
26.236 0.10997
26.2432 0.109849
26.2504 0.109742
26.2576 0.10965
26.2648 0.109443
26.272 0.109388
26.2792 0.10934
26.2864 0.109297
26.2936 0.10926
26.3008 0.109102
26.308 0.108965
26.3152 0.108969
26.3224 0.108973
26.3296 0.108976
26.3368 0.108854
26.344 0.108747
26.3512 0.108779
26.3584 0.108807
26.3656 0.108831
26.3728 0.108727
26.38 0.108636
26.3872 0.108682
26.3944 0.108721
26.4016 0.108756
26.4087 0.108662
26.4159 0.108579
26.4231 0.108632
26.4303 0.108678
26.4375 0.108718
26.4447 0.108628
26.4519 0.10855
26.4591 0.108606
26.4663 0.108655
26.4735 0.108698
26.4807 0.108611
26.4879 0.108535
26.4951 0.108593
26.5023 0.108644
26.5095 0.108688
26.5167 0.108602
26.5239 0.108527
26.5347 0.108961
26.7549 0.108841
26.7585 0.108861
26.7657 0.108753
26.7729 0.108659
26.7801 0.108702
26.7873 0.108739
26.7945 0.108772
26.8017 0.108675
26.8089 0.108591
26.8161 0.108642
26.8233 0.108687
26.8563 0.108726
26.8635 0.10876
26.8707 0.108665
26.8779 0.108582
26.8851 0.108634
26.8923 0.10868
26.8995 0.10872
26.9067 0.10863
27.1269 0.119926
27.1341 0.11856
27.1413 0.117365
27.1485 0.11632
27.1557 0.11528
27.1629 0.11437
27.1701 0.113699
27.1773 0.113111
27.1845 0.112597
27.1916 0.112023
27.1988 0.11152
27.206 0.111205
27.2132 0.110929
27.2204 0.110688
27.2276 0.110352
27.2348 0.110058
27.242 0.109926
27.2492 0.10981
27.2564 0.109709
27.2636 0.109495
27.2708 0.109308
27.278 0.10927
27.2852 0.109236
27.2924 0.109207
27.2996 0.109181
27.3068 0.109033
27.314 0.109029
27.3212 0.109025
27.3284 0.109022
27.3356 0.109019
27.3428 0.108892
27.35 0.10878
27.3572 0.108808
27.3644 0.108832
27.3716 0.108853
27.3788 0.108746
27.386 0.108653
27.3932 0.108696
27.4004 0.108734
27.4076 0.108768
27.4148 0.108672
27.422 0.108588
27.4292 0.108639
27.4364 0.108684
27.4436 0.108724
27.4507 0.108633
27.4579 0.108554
27.4651 0.10861
27.4723 0.108659
27.4795 0.108701
27.4867 0.108614
27.4939 0.108537
27.5011 0.108595
27.5083 0.108645
27.5155 0.10869
27.5227 0.108604
27.5299 0.108528
27.5371 0.108587
27.5443 0.108639
27.5515 0.108684
27.5587 0.108598
27.5659 0.108524
27.5731 0.108583
27.5803 0.108635
27.5875 0.108681
27.5947 0.108596
27.6019 0.108521
27.6091 0.108581
27.6163 0.108633
27.6235 0.108679
27.6307 0.108594
27.6379 0.10852
27.6451 0.10858
27.6523 0.108633
27.6595 0.108678
27.6667 0.108594
27.6739 0.108519
27.6811 0.10858
27.6883 0.108632
27.6955 0.108678
27.7027 0.108593
27.7098 0.108519
27.717 0.108579
27.7242 0.108632
27.7314 0.108678
27.7386 0.108593
27.7458 0.108519
27.753 0.108579
27.7602 0.108632
27.7674 0.108678
27.7746 0.108593
27.7818 0.108519
27.789 0.108579
27.7962 0.108632
27.8034 0.108678
27.8106 0.108718
27.8178 0.108628
27.825 0.108675
27.8322 0.108715
27.8394 0.108751
27.8466 0.108782
27.8538 0.108684
27.861 0.108599
27.8682 0.108649
27.8754 0.108693
27.8826 0.108731
27.8898 0.10864
27.897 0.10856
27.9042 0.108615
27.9114 0.108663
27.9186 0.108705
28.1496 0.108742
28.1568 0.108649
28.164 0.108568
28.1712 0.108622
28.1784 0.108669
28.1927 0.108586
28.1999 0.108512
28.2071 0.108573
28.2143 0.108627
28.2215 0.108673
28.2287 0.108589
28.251 0.108516
28.2582 0.108576
28.2654 0.108629
28.2726 0.108675
28.2798 0.108591
28.287 0.108517
28.2942 0.108578
28.3014 0.10863
28.3086 0.108677
28.3158 0.108592
28.3229 0.108518
28.3301 0.108578
28.3373 0.108631
28.3445 0.108677
28.3517 0.108592
28.3589 0.108518
28.3661 0.108579
28.3733 0.108631
28.3805 0.108677
28.3877 0.108593
28.3949 0.108519
28.4021 0.108579
28.4093 0.108631
28.4165 0.108677
28.4237 0.108593
28.4309 0.108519
28.4381 0.108579
28.4453 0.108632
28.4525 0.108678
28.4597 0.108593
28.4669 0.108519
28.4741 0.108579
28.4813 0.108632
28.4885 0.108678
28.4957 0.108593
28.5029 0.108519
28.5137 0.108954
28.7375 0.10896
28.7447 0.10884
28.7519 0.108735
28.7591 0.108768
28.7663 0.108797
28.7735 0.108822
28.7807 0.10872
28.7878 0.10863
28.7987 0.109051
29.0447 0.120295
29.0519 0.118758
29.0591 0.117538
29.0663 0.116471
29.0735 0.115537
29.0807 0.114595
29.0879 0.11377
29.0951 0.113174
29.1022 0.112652
29.1094 0.112196
29.1166 0.111671
29.1238 0.111212
29.131 0.110936
29.1382 0.110694
29.1454 0.110482
29.1526 0.110172
29.1598 0.1099
29.167 0.109788
29.1742 0.109689
29.1814 0.109603
29.1886 0.109403
29.1958 0.109227
29.203 0.109199
29.2102 0.109174
29.2174 0.109152
29.2246 0.109133
29.2318 0.108992
29.239 0.108868
29.2462 0.108884
29.2534 0.108899
29.2606 0.108911
29.2678 0.108797
29.275 0.108698
29.2822 0.108736
29.2894 0.108769
29.2966 0.108798
29.3038 0.108698
29.311 0.108611
29.3182 0.108659
29.3254 0.108702
29.3326 0.108739
29.3398 0.108647
29.347 0.108566
29.3542 0.10862
29.3613 0.108668
29.3685 0.108709
29.3757 0.108621
29.3829 0.108543
29.3901 0.1086
29.3973 0.10865
29.4045 0.108694
29.4153 0.109107
29.6355 0.109094
29.6391 0.109082
29.6463 0.109072
29.6535 0.109063
29.6607 0.10893
29.6679 0.108814
29.6751 0.108837
29.6823 0.108857
29.6895 0.108875
29.6967 0.108766
29.7039 0.10867
29.7111 0.108711
29.7183 0.108747
29.7369 0.108654
29.7441 0.108697
29.7513 0.108735
29.7585 0.108768
29.7657 0.108672
29.7729 0.108588
29.7801 0.10864
29.7873 0.108685
29.7945 0.108724
29.8017 0.108634
29.8089 0.108554
29.8161 0.10861
29.8233 0.108659
29.8305 0.108701
29.8377 0.108614
29.8449 0.108537
29.8521 0.108595
29.8593 0.108646
29.8665 0.10869
29.8737 0.108604
29.8809 0.108528
29.8881 0.108587
29.8953 0.108639
29.9025 0.108684
29.9097 0.108598
29.9169 0.108524
29.9241 0.108583
29.9313 0.108635
29.9385 0.108681
29.9457 0.108596
29.9529 0.108521
29.9601 0.108581
29.9709 0.109008
30.1335 0.114007
30.191 0.113381
30.1982 0.112834
30.2054 0.112355
30.2126 0.11181
30.2198 0.111334
30.227 0.111042
30.2342 0.110787
30.2414 0.110564
30.2486 0.110368
30.2558 0.110072
30.263 0.109938
30.2702 0.109821
30.2774 0.109718
30.2846 0.109628
30.2918 0.109425
30.299 0.109247
30.3062 0.109216
30.3134 0.109189
30.3206 0.109165
30.3278 0.10902
30.335 0.108892
30.3422 0.108906
30.3494 0.108917
30.3566 0.108928
30.3638 0.108812
30.371 0.10871
30.3782 0.108747
30.3854 0.108778
30.3962 0.109306
30.5876 0.109268
30.6854 0.116859
30.6926 0.115877
30.794 0.114892
30.8012 0.114156
30.8084 0.113511
30.8156 0.112947
30.8228 0.112329
30.83 0.111788
30.8372 0.111439
30.8444 0.111134
30.8516 0.110868
30.8588 0.110509
30.866 0.110196
30.8732 0.110046
30.8804 0.109915
30.8875 0.109801
30.8947 0.109576
30.9019 0.109379
30.9091 0.109331
30.9163 0.10929
30.9235 0.109254
30.9307 0.109097
30.9379 0.10896
30.9451 0.108965
30.9523 0.108969
30.9595 0.108973
30.9667 0.108852
30.9739 0.108745
30.9811 0.108777
30.9883 0.108805
30.9955 0.108829
31.0027 0.108726
31.0099 0.108635
31.0171 0.108681
31.0243 0.10872
31.0315 0.108755
31.0387 0.108661
31.0459 0.108578
31.0531 0.108631
31.0603 0.108677
31.0675 0.108718
31.0747 0.108628
31.0819 0.108549
31.0891 0.108606
31.0963 0.108655
31.1035 0.108698
31.1107 0.108611
31.1179 0.108534
31.1323 0.108593
31.1395 0.108644
31.1467 0.108563
31.1538 0.108493
31.161 0.108556
31.1682 0.108612
31.1754 0.10866
31.1826 0.108578
31.1898 0.108505
31.197 0.108567
31.4172 0.120371
31.4244 0.11895
31.4316 0.117706
31.4388 0.116493
31.446 0.115556
31.4532 0.114737
31.4604 0.11402
31.4676 0.113392
31.4748 0.112718
31.482 0.112128
31.4892 0.111737
31.4964 0.111395
31.5036 0.111096
31.5108 0.110709
31.518 0.11037
31.5252 0.110199
31.5324 0.110049
31.5396 0.109918
31.5468 0.109678
31.554 0.109468
31.5612 0.10941
31.5684 0.109359
31.5756 0.109314
31.5827 0.10915
31.5899 0.109006
31.5971 0.109005
31.6043 0.109005
31.6115 0.109004
31.6187 0.108878
31.6259 0.108769
31.6331 0.108798
31.6403 0.108823
31.6475 0.108845
31.6547 0.108739
31.6619 0.108647
31.6691 0.108691
31.6763 0.10873
31.6835 0.108763
31.6907 0.108668
31.6979 0.108585
31.7051 0.108636
31.7123 0.108682
31.7195 0.108722
31.7267 0.108631
31.7339 0.108553
31.7411 0.108608
31.7483 0.108657
31.7555 0.1087
31.7627 0.108613
31.7699 0.108536
31.7771 0.108594
31.7843 0.108645
31.7915 0.108689
31.7987 0.108603
31.8059 0.108528
31.8131 0.108587
31.8203 0.108638
31.8275 0.108684
31.8347 0.108598
31.8419 0.108523
31.849 0.108583
31.8562 0.108635
31.8634 0.108681
31.8706 0.108596
31.8778 0.108521
31.885 0.108581
31.8922 0.108633
31.8994 0.108679
31.9066 0.108594
31.9138 0.10852
31.921 0.10858
31.9282 0.108633
31.9354 0.108678
31.9426 0.108594
31.9498 0.108519
31.957 0.10858
31.9642 0.108632
31.9714 0.108678
31.9786 0.108718
31.9858 0.108629
31.993 0.10855
32.0002 0.108606
32.0074 0.108655
32.0146 0.108698
32.0218 0.108611
32.029 0.108535
32.0362 0.108593
32.0434 0.108644
32.0506 0.108688
32.0578 0.108602
32.065 0.108527
32.0722 0.108586
32.0794 0.108638
32.0866 0.108683
32.0938 0.108598
32.1046 0.109023
32.3175 0.12027
32.3247 0.118736
32.3319 0.117394
32.3391 0.116345
32.3463 0.115427
32.3535 0.114624
32.3607 0.113796
32.3679 0.113071
32.3751 0.112562
32.3895 0.112117
32.3967 0.111602
32.4039 0.111152
32.4111 0.110883
32.4183 0.110648
32.4255 0.110442
32.4327 0.110136
32.4399 0.109869
32.4471 0.109761
32.4543 0.109666
32.4615 0.109582
32.4687 0.109385
32.4759 0.109212
32.4831 0.109185
32.4903 0.109162
32.4975 0.109142
32.5047 0.108999
32.5119 0.108874
32.5191 0.10889
32.5263 0.108904
32.5406 0.108791
32.5478 0.108692
32.555 0.10873
32.5622 0.108764
32.5694 0.108794
32.5766 0.108694
32.5838 0.108608
32.591 0.108657
32.5982 0.1087
32.6054 0.108737
32.6126 0.108645
32.6198 0.108564
32.627 0.108619
32.6342 0.108666
32.6414 0.108708
32.6486 0.108745
32.6558 0.108652
32.663 0.108695
32.6702 0.108733
32.6774 0.108767
32.6846 0.108796
32.6918 0.108696
32.699 0.108609
32.7062 0.108658
32.7134 0.108701
32.7206 0.108738
32.7278 0.108646
32.735 0.108565
32.7422 0.10862
32.7494 0.108667
32.7566 0.108709
32.7638 0.10862
32.771 0.108543
32.7782 0.1086
32.7854 0.10865
32.7926 0.108694
32.7998 0.108607
32.8069 0.108531
32.8141 0.10859
32.8213 0.108641
32.8322 0.109186
33.2257 0.115788
33.2732 0.114939
33.2804 0.114197
33.2876 0.113547
33.2948 0.112854
33.302 0.112247
33.3092 0.111841
33.3164 0.111486
33.3235 0.111175
33.3307 0.110778
33.3379 0.110431
33.3451 0.110252
33.3523 0.110096
33.3595 0.109959
33.3667 0.109714
33.3739 0.1095
33.3811 0.109437
33.3883 0.109383
33.3955 0.109335
33.4027 0.109168
33.4099 0.109022
33.4171 0.109019
33.4243 0.109017
33.4387 0.10889
33.4459 0.108778
33.4531 0.108806
33.4603 0.10883
33.4675 0.108852
33.4747 0.108745
33.4819 0.108652
33.4891 0.108695
33.4963 0.108734
33.5035 0.108767
33.5107 0.108671
33.5179 0.108587
33.5251 0.108639
33.5323 0.108684
33.5395 0.108723
33.5467 0.108633
33.5575 0.109054
33.7704 0.120297
33.7776 0.11876
33.7848 0.117415
33.792 0.116363
33.7992 0.115443
33.8064 0.114637
33.8136 0.113808
33.8208 0.113082
33.828 0.112572
33.8352 0.112125
33.8424 0.111734
33.8496 0.111268
33.8568 0.110859
33.864 0.110627
33.8712 0.110423
33.8784 0.110246
33.8856 0.11009
33.8928 0.109829
33.9 0.1096
33.9072 0.109525
33.9144 0.109459
33.9216 0.109402
33.9288 0.109227
33.936 0.109073
33.9432 0.109064
33.9504 0.109056
33.9576 0.109049
33.9648 0.108918
33.972 0.108803
33.9792 0.108828
33.9864 0.108849
33.9936 0.108868
34.0008 0.10876
34.008 0.108665
34.0152 0.108707
34.0223 0.108743
34.0295 0.108775
34.0367 0.108678
34.0439 0.108594
34.0511 0.108644
34.0583 0.108689
34.0655 0.108728
34.0727 0.108637
34.0799 0.108557
34.0871 0.108613
34.0943 0.108661
34.1015 0.108703
34.1087 0.108615
34.1159 0.108539
34.1231 0.108596
34.1303 0.108647
34.1375 0.108691
34.1447 0.108604
34.1519 0.108529
34.1591 0.108588
34.1663 0.108639
34.1735 0.108684
34.1807 0.108599
34.1879 0.108524
34.1951 0.108584
34.2023 0.108636
34.2095 0.108681
34.2167 0.108596
34.2239 0.108521
34.2311 0.108581
34.2383 0.108634
34.2455 0.108679
34.2527 0.108594
34.2599 0.10852
34.2671 0.10858
34.2743 0.108633
34.2814 0.108679
34.2886 0.108594
34.2958 0.10852
34.303 0.10858
34.3102 0.108632
34.3174 0.108678
34.3246 0.108593
34.3318 0.108519
34.339 0.108579
34.3462 0.108632
34.3534 0.108678
34.3606 0.108593
34.3678 0.108519
34.375 0.108579
34.3822 0.108632
34.3894 0.108678
34.3966 0.108718
34.4038 0.108628
34.411 0.10855
34.4182 0.108606
34.4254 0.108655
34.4326 0.108698
34.4398 0.108611
34.447 0.108535
34.4542 0.108593
34.4614 0.108644
34.4686 0.108688
34.4758 0.108602
34.483 0.108527
34.4902 0.108586
34.4974 0.108638
34.5046 0.108683
34.5118 0.108598
34.519 0.108523
34.5262 0.108583
34.5334 0.108635
34.5406 0.10868
34.5477 0.108595
34.5549 0.108521
34.5621 0.108581
34.5693 0.108633
34.5765 0.108679
34.5837 0.108594
34.5909 0.10852
34.5981 0.10858
34.6053 0.108632
34.6125 0.108678
34.6197 0.108594
34.6269 0.108519
34.6341 0.108579
34.6413 0.108632
34.6485 0.108678
34.6557 0.108593
34.6629 0.108519
34.6701 0.108579
34.6773 0.108632
34.6845 0.108678
34.6917 0.108593
34.6989 0.108519
34.7061 0.108579
34.7133 0.108632
34.7205 0.108678
34.7277 0.108593
34.7349 0.108519
34.9594 0.108204
34.9659 0.108179
34.9731 0.108281
35.0601 0.118371
35.0673 0.1172
35.0745 0.116175
35.0817 0.115153
35.0889 0.114259
35.0961 0.113601
35.1033 0.113026
35.1105 0.112523
35.1177 0.111958
35.1249 0.111463
35.1321 0.111155
35.1393 0.110886
35.1465 0.11065
35.1536 0.110319
35.1608 0.110029
35.168 0.1099
35.1752 0.109788
35.1824 0.109689
35.1896 0.109478
35.1968 0.109293
35.204 0.109257
35.2112 0.109225
35.2184 0.109197
35.2256 0.109047
35.2328 0.108916
35.24 0.108927
35.2472 0.108936
35.2544 0.108944
35.2616 0.108951
35.2688 0.108832
35.276 0.108853
35.2832 0.108871
35.2904 0.108887
35.2976 0.108901
35.3048 0.108789
35.312 0.10869
35.3192 0.108729
35.3264 0.108763
35.3336 0.108792
35.3408 0.108693
35.348 0.108607
35.3552 0.108656
35.3624 0.108699
35.3696 0.108737
35.3768 0.108644
35.384 0.108564
35.3912 0.108618
35.3984 0.108666
35.4056 0.108708
35.4127 0.108619
35.4199 0.108542
35.4271 0.108599
35.4343 0.108649
35.4415 0.108693
35.4487 0.108606
35.4559 0.108531
35.6761 0.120339
35.6833 0.118922
35.6905 0.117682
35.6977 0.116471
35.7049 0.115413
35.7121 0.114611
35.7193 0.11391
35.7265 0.113296
35.7409 0.112634
35.7481 0.11218
35.7553 0.111782
35.7625 0.111434
35.7697 0.111005
35.7769 0.110629
35.7841 0.110426
35.7913 0.110248
35.7985 0.110092
35.8057 0.10983
35.8129 0.109601
35.8201 0.109526
35.8273 0.10946
35.8345 0.109403
35.8417 0.109228
35.8488 0.109074
35.856 0.109065
35.8632 0.109057
35.8704 0.10905
35.8776 0.108918
35.8848 0.108804
35.892 0.108828
35.8992 0.10885
35.9064 0.108868
35.9136 0.10876
35.9208 0.108665
35.928 0.108707
35.9388 0.109118
36.1266 0.117229
36.159 0.116075
36.1662 0.115191
36.1734 0.114417
36.1806 0.11374
36.1878 0.113022
36.195 0.112394
36.2022 0.11197
36.2094 0.111599
36.2166 0.111274
36.2238 0.110865
36.231 0.110507
36.2382 0.110318
36.2454 0.110154
36.2526 0.110009
36.2598 0.109758
36.267 0.109538
36.2742 0.109471
36.2813 0.109412
36.2885 0.109361
36.2957 0.109191
36.3029 0.109042
36.3101 0.109037
36.3173 0.109032
36.3245 0.109028
36.3317 0.108899
36.3389 0.108787
36.3461 0.108814
36.3533 0.108837
36.3605 0.108857
36.3677 0.10875
36.3749 0.108656
36.3821 0.108699
36.3893 0.108737
36.3965 0.10877
36.4037 0.108674
36.4109 0.108589
36.4181 0.108641
36.4253 0.108686
36.4325 0.108725
36.4397 0.108634
36.4469 0.108555
36.4541 0.108611
36.4613 0.108659
36.4685 0.108702
36.4757 0.108614
36.4829 0.108537
36.4901 0.108595
36.4973 0.108646
36.5045 0.10869
36.5117 0.108604
36.7318 0.120278
36.739 0.118869
36.7462 0.117635
36.7534 0.116556
36.7606 0.115486
36.775 0.114675
36.7822 0.113966
36.7894 0.113345
36.7966 0.112677
36.8038 0.112092
36.811 0.111706
36.8182 0.111368
36.8254 0.111072
36.8326 0.110813
36.8398 0.110461
36.847 0.110153
36.8542 0.110009
36.8614 0.109883
36.8686 0.109773
36.8758 0.109551
36.883 0.109357
36.8902 0.109313
36.8974 0.109274
37.1176 0.120989
37.1248 0.119366
37.132 0.117945
37.1392 0.116827
37.1464 0.115848
37.1535 0.114992
37.1607 0.114118
37.1679 0.113354
37.1751 0.112809
37.1823 0.112333
37.1895 0.111917
37.1967 0.111427
37.2039 0.110999
37.2111 0.110749
37.2183 0.11053
37.2255 0.110339
37.2327 0.110047
37.2399 0.109791
37.2471 0.109692
37.2543 0.109605
37.2615 0.10953
37.2687 0.109339
37.2759 0.109171
37.2831 0.10915
37.2903 0.109131
37.3047 0.10899
37.3155 0.109366
37.5285 0.12057
37.5357 0.118999
37.5429 0.117624
37.5501 0.116546
37.5573 0.115603
37.5645 0.114777
37.5717 0.11393
37.5789 0.113189
37.586 0.112665
37.5932 0.112207
37.6004 0.111806
37.6076 0.111331
37.6148 0.110914
37.622 0.110675
37.6292 0.110466
37.8494 0.122032
38.0746 0.120028
38.0804 0.11865
38.0876 0.117444
38.1782 0.116388
38.3984 0.127215
38.4128 0.125813
38.6258 0.134961
38.6344 0.131841
38.6416 0.128986
38.6488 0.126363
38.656 0.124192
38.6632 0.122293
38.6704 0.120632
38.6776 0.119178
38.6848 0.11778
38.692 0.116558
38.6992 0.115613
38.7064 0.114787
38.7208 0.113938
38.728 0.113196
38.7352 0.112671
38.7424 0.112213
38.7496 0.111811
38.7568 0.111335
38.764 0.110918
38.7712 0.110678
38.7784 0.110468
38.7856 0.110285
38.7928 0.109999
38.7999 0.109749
38.8071 0.109656
38.818 0.109949
39.0309 0.12108
39.0381 0.11957
39.0453 0.118249
39.0525 0.117093
39.0597 0.115956
39.0669 0.114962
39.0741 0.114216
39.0813 0.113564
39.0885 0.112994
39.0957 0.11237
39.1029 0.111823
39.1101 0.11147
39.1173 0.111162
39.1245 0.110891
39.1317 0.11053
39.1389 0.110214
39.1461 0.110062
39.1533 0.109929
39.1605 0.109813
39.1677 0.109586
39.1749 0.109388
39.1821 0.10934
39.1893 0.109297
39.1965 0.10926
39.2037 0.109103
39.2109 0.108965
39.2181 0.108969
39.2325 0.108973
39.2396 0.108851
39.2468 0.108745
39.254 0.108777
39.2612 0.108805
39.2684 0.108829
39.2756 0.108725
39.2828 0.108635
39.29 0.10868
39.2972 0.10872
39.3044 0.108755
39.3152 0.109161
39.4994 0.116891
39.5361 0.116904
39.5433 0.115916
39.5505 0.115052
39.5577 0.11417
39.5649 0.113399
39.5721 0.112849
39.5793 0.112368
39.5865 0.111947
39.5937 0.111454
39.6009 0.111022
39.6081 0.110769
39.6153 0.110548
39.6225 0.110355
39.6297 0.11006
39.6369 0.109803
39.6441 0.109702
39.6512 0.109615
39.6656 0.109413
39.6728 0.109236
39.68 0.109207
39.6872 0.109181
39.6944 0.109158
39.7016 0.109013
39.7088 0.108887
39.716 0.108901
39.7232 0.108913
39.7304 0.108924
39.7376 0.108809
39.7448 0.108708
39.752 0.108744
39.7592 0.108776
39.7664 0.108804
39.7736 0.108829
39.7808 0.108725
39.788 0.108634
39.7952 0.10868
39.8024 0.10872
39.8096 0.108755
39.8168 0.108661
39.824 0.108578
39.8312 0.108631
39.8384 0.108677
39.8456 0.108717
39.8528 0.108628
39.86 0.108549
39.8672 0.108606
39.8744 0.108655
39.8816 0.108698
39.8888 0.108611
39.896 0.108534
39.9032 0.108593
39.9104 0.108644
39.9175 0.108688
39.9247 0.108602
39.9319 0.108527
39.9391 0.108586
39.9463 0.108638
39.9535 0.108683
39.9607 0.108598
39.9679 0.108523
39.9751 0.108583
39.9859 0.10901
40.1989 0.120259
40.2061 0.118851
40.2133 0.11762
40.2205 0.116542
40.2277 0.115475
40.2349 0.11454
40.2421 0.113848
40.2493 0.113242
40.2565 0.112712
40.2637 0.112123
40.2709 0.111607
40.2781 0.111281
40.2853 0.110996
40.2925 0.110747
40.3069 0.110403
40.3141 0.110228
40.3213 0.110074
40.3321 0.11044
40.5522 0.11026
40.5558 0.109978
40.563 0.109855
40.5702 0.109748
40.5774 0.109655
40.5846 0.109448
40.5918 0.109267
40.599 0.109234
40.6062 0.109204
40.6501 0.113804
40.6573 0.113203
40.6645 0.112678
40.6717 0.112093
40.6789 0.111582
40.6861 0.111259
40.6932 0.110977
40.7004 0.110729
40.7076 0.110388
40.7148 0.11009
40.722 0.109954
40.7292 0.109834
40.7364 0.10973
40.7436 0.109514
40.7508 0.109325
40.758 0.109284
40.7652 0.109248
40.7724 0.109217
40.7796 0.109065
40.7868 0.108932
40.8012 0.108941
40.8084 0.108948
40.8192 0.109455
41.0322 0.120773
41.0394 0.119301
41.0466 0.118013
41.0538 0.116762
41.061 0.115667
41.0682 0.114833
41.0754 0.114104
41.0826 0.113466
41.0898 0.112783
41.097 0.112185
41.1042 0.111787
41.1114 0.111438
41.1186 0.111134
41.1258 0.110742
41.1329 0.110399
41.1401 0.110224
41.1473 0.110071
41.1545 0.109937
41.1617 0.109695
41.1689 0.109483
41.1761 0.109423
41.1833 0.10937
41.1905 0.109324
41.1977 0.109158
41.2049 0.109014
41.2121 0.109012
41.2193 0.10901
41.2265 0.109009
41.2337 0.108883
41.2409 0.108773
41.2481 0.108801
41.2553 0.108826
41.2625 0.108848
41.2697 0.108742
41.2769 0.108649
41.2841 0.108693
41.2913 0.108731
41.2985 0.108765
41.3057 0.108669
41.3129 0.108586
41.3201 0.108637
41.3273 0.108683
41.3345 0.108722
41.3417 0.108632
41.3489 0.108553
41.3561 0.108609
41.3633 0.108658
41.3705 0.108701
41.3777 0.108613
41.3849 0.108536
41.392 0.108594
41.3992 0.108645
41.4064 0.108689
41.4136 0.108603
41.4208 0.108528
41.428 0.108587
41.4352 0.108638
41.4424 0.108684
41.4496 0.108598
41.4568 0.108523
41.464 0.108583
41.4712 0.108635
41.4784 0.108681
41.4856 0.108596
41.4928 0.108521
41.5 0.108581
41.5072 0.108633
41.518 0.109179
41.7238 0.119532
41.7382 0.118215
41.7454 0.117063
41.7526 0.116056
41.7598 0.115049
41.767 0.114167
41.7742 0.113522
41.7814 0.112956
41.7886 0.112462
41.7958 0.111904
41.803 0.111416
41.8102 0.111114
41.8174 0.11085
41.8245 0.110619
41.8354 0.110791
42.0555 0.110567
42.0627 0.110246
42.0699 0.109966
42.0771 0.109845
42.0843 0.109739
42.0915 0.109647
42.0987 0.109441
42.1059 0.109261
42.1131 0.109228
42.1203 0.1092
42.1275 0.109175
42.1347 0.109028
42.1419 0.108899
42.1491 0.108912
42.1563 0.108923
42.1635 0.108933
42.1707 0.108816
42.1779 0.108714
42.1851 0.10875
42.1923 0.108781
42.1995 0.108808
42.2067 0.108707
42.2139 0.108619
42.2211 0.108667
42.2283 0.108708
42.2355 0.108745
42.2427 0.108652
42.2499 0.10857
42.2571 0.108624
42.2642 0.108671
42.2714 0.108712
42.2786 0.108623
42.2858 0.108545
42.293 0.108602
42.3002 0.108652
42.3074 0.108695
42.3146 0.108608
42.3218 0.108532
42.329 0.108591
42.3362 0.108642
42.3434 0.108687
42.3506 0.108601
42.3578 0.108526
42.365 0.108585
42.3722 0.108637
42.3794 0.108682
42.3866 0.108722
42.3938 0.108632
42.401 0.108553
42.4082 0.108609
42.4154 0.108658
42.4226 0.1087
42.4298 0.108613
42.437 0.108536
42.4442 0.108594
42.4514 0.108645
42.4586 0.108689
42.4658 0.108603
42.473 0.108528
42.4802 0.108587
42.7003 0.120388
42.7075 0.118965
42.7147 0.117594
42.7219 0.116395
42.7291 0.115471
42.7363 0.114662
42.7435 0.113954
42.7543 0.11371
42.9781 0.113121
42.9853 0.112606
42.9925 0.112155
43.0033 0.112136
43.2169 0.122994
43.2241 0.121245
43.2313 0.119714
43.2385 0.118375
43.2457 0.117078
43.2529 0.115943
43.2601 0.115075
43.2673 0.114316
43.2745 0.113651
43.2817 0.112945
43.2889 0.112327
43.2961 0.111911
43.3033 0.111547
43.3105 0.111229
43.3177 0.110825
43.3249 0.110472
43.3321 0.110288
43.3393 0.110127
43.3465 0.109986
43.3537 0.109738
43.3609 0.109521
43.3681 0.109456
43.3753 0.109399
43.3825 0.109349
43.3897 0.10918
43.3969 0.109033
43.4041 0.109029
43.6243 0.120775
43.6315 0.119303
43.6387 0.11789
43.6459 0.116654
43.653 0.115697
43.6602 0.11486
43.6674 0.114128
43.6746 0.113362
43.6818 0.112691
43.689 0.11223
43.6962 0.111826
43.7034 0.111473
43.7106 0.111039
43.7178 0.110659
43.725 0.110452
43.7322 0.11027
43.7394 0.110111
43.7466 0.109847
43.7538 0.109617
43.7682 0.110414
43.992 0.110113
44.0898 0.121224
44.097 0.119571
44.1042 0.118249
44.1114 0.117093
44.1186 0.116081
44.1258 0.115071
44.133 0.114187
44.1402 0.113539
44.1474 0.112972
44.1546 0.112475
44.1618 0.111916
44.169 0.111426
44.1762 0.111123
44.1834 0.110858
44.1906 0.110625
44.1978 0.110297
44.205 0.11001
44.2122 0.109884
44.2194 0.109773
44.2265 0.109677
44.2337 0.109467
44.2409 0.109284
44.2481 0.109248
44.2553 0.109217
44.2625 0.10919
44.2697 0.109041
44.2769 0.108911
44.2841 0.108922
44.2913 0.108932
44.2985 0.10894
44.3057 0.108823
44.3129 0.10872
44.3201 0.108755
44.3273 0.108786
44.3345 0.108812
44.3417 0.108711
44.3489 0.108622
44.3561 0.108669
44.3633 0.108711
44.3705 0.108747
44.3777 0.108653
44.3849 0.108572
44.3921 0.108625
44.3993 0.108672
44.4065 0.108713
44.4137 0.108624
44.4209 0.108546
44.4281 0.108603
44.4353 0.108652
44.4425 0.108696
44.4497 0.108609
44.4569 0.108533
44.4641 0.108591
44.4713 0.108642
44.4785 0.108687
44.4856 0.108601
44.4928 0.108526
44.5 0.108585
44.5072 0.108637
44.5144 0.108682
44.5216 0.108597
44.5288 0.108522
44.536 0.108582
44.5432 0.108634
44.5504 0.10868
44.5576 0.108595
44.5648 0.108521
44.572 0.108581
44.5792 0.108633
44.5864 0.108679
44.5936 0.108719
44.6008 0.108629
44.608 0.108676
44.6152 0.108716
44.6224 0.108752
44.6296 0.108783
44.6368 0.108685
44.644 0.108599
44.6512 0.108649
44.6584 0.108693
44.6656 0.108731
44.6728 0.10864
44.68 0.10856
44.6872 0.108615
44.6944 0.108663
44.7016 0.108705
44.7088 0.108617
44.716 0.10854
44.7232 0.108597
44.7304 0.108648
44.7376 0.108692
44.7447 0.108605
44.7519 0.10853
44.7591 0.108588
44.7663 0.10864
44.7735 0.108685
44.7807 0.108599
44.7879 0.108524
44.7951 0.108584
44.8023 0.108636
44.8095 0.108681
44.8167 0.108596
45.0369 0.120272
45.0441 0.118863
45.0513 0.11763
45.0585 0.116551
45.0657 0.115482
45.0729 0.114547
45.0801 0.113854
45.0873 0.113247
45.0945 0.112716
45.1017 0.112127
45.1089 0.111611
45.1161 0.111284
45.1233 0.110999
45.1305 0.110749
45.1377 0.110405
45.2355 0.12148
45.2463 0.11992
45.3441 0.118555
45.3549 0.117235
45.4527 0.116081
45.4599 0.115071
45.4671 0.114312
45.4743 0.113648
45.4815 0.113067
45.4887 0.112434
45.4959 0.111879
45.5031 0.111519
45.5103 0.111205
45.5175 0.110929
45.5247 0.110563
45.5319 0.110243
45.5391 0.110087
45.5463 0.109951
45.5535 0.109832
45.5607 0.109603
45.5679 0.109403
45.5751 0.109353
45.5823 0.109308
45.5895 0.10927
45.5966 0.109111
45.6038 0.108972
45.611 0.108976
45.6182 0.108979
45.6254 0.108981
45.6326 0.108859
45.6398 0.108751
45.647 0.108782
45.6542 0.10881
45.6614 0.108833
45.6686 0.108729
45.6758 0.108638
45.683 0.108683
45.6902 0.108723
45.6974 0.108758
45.7046 0.108788
45.7118 0.108689
45.719 0.108728
45.7262 0.108762
45.7334 0.108792
45.7406 0.108818
45.7478 0.108716
45.755 0.108626
45.7622 0.108673
45.7694 0.108714
45.7766 0.10875
45.7838 0.108656
45.791 0.108574
45.7982 0.108627
45.8054 0.108674
45.8126 0.108715
45.8198 0.108625
45.827 0.108547
45.8342 0.108604
45.8414 0.108653
45.8486 0.108697
45.8557 0.10861
45.8629 0.108533
45.8701 0.108592
45.8773 0.108643
45.8845 0.108687
45.8917 0.108601
45.8989 0.108526
45.9061 0.108585
45.9133 0.108637
45.9205 0.108683
45.9277 0.108597
45.9349 0.108523
45.9421 0.108582
45.9493 0.108635
45.9565 0.10868
45.9637 0.108595
45.9709 0.108521
45.9781 0.108581
45.9853 0.108633
45.9925 0.108679
45.9997 0.108594
46.0069 0.10852
46.0141 0.10858
46.0213 0.108632
46.0285 0.108678
46.0357 0.108594
46.0429 0.108519
46.0501 0.108579
46.0573 0.108632
46.0645 0.108678
46.0717 0.108593
46.0789 0.108519
46.0861 0.108579
46.0933 0.108632
46.1005 0.108678
46.1077 0.108593
46.1148 0.108519
46.122 0.108579
46.1292 0.108632
46.1364 0.108678
46.1436 0.108593
46.1508 0.108519
46.158 0.108579
46.1652 0.108632
46.1724 0.108678
46.1796 0.108593
46.1868 0.108519
46.194 0.108579
46.2012 0.108632
46.2084 0.108678
46.2156 0.108718
46.2228 0.108628
46.23 0.108675
46.2372 0.108715
46.2444 0.108751
46.2516 0.108782
46.2588 0.108684
46.266 0.108599
46.2732 0.108649
46.2804 0.108693
46.2876 0.108731
46.2948 0.10864
46.302 0.10856
46.3092 0.108615
46.3164 0.108663
46.3236 0.108705
46.3308 0.108617
46.338 0.10854
46.3452 0.108597
46.3524 0.108648
46.3596 0.108692
46.3668 0.108605
46.374 0.10853
46.3811 0.108588
46.3883 0.10864
46.3955 0.108685
46.4027 0.108599
46.4099 0.108524
46.4171 0.108584
46.4243 0.108636
46.4315 0.108681
46.4387 0.108596
46.4459 0.108522
46.4531 0.108581
46.4603 0.108634
46.4675 0.10868
46.4747 0.108595
46.4819 0.10852
46.4891 0.10858
46.4963 0.108633
46.5035 0.108679
46.5107 0.108594
46.5179 0.10852
46.5251 0.10858
46.5323 0.108632
46.5395 0.108678
46.5467 0.108593
46.5539 0.108519
46.5611 0.108579
46.5683 0.108632
46.5755 0.108678
46.5827 0.108593
46.5899 0.108519
46.5971 0.108579
46.6043 0.108632
46.6187 0.108553
46.6259 0.108484
46.6331 0.108548
46.6402 0.108605
46.6511 0.109154
46.8712 0.109135
46.8784 0.109118
46.8856 0.108978
46.8928 0.108856
46.9 0.108874
46.9072 0.10889
46.9144 0.108904
46.9216 0.108916
46.9288 0.108801
46.936 0.108826
46.9432 0.108848
46.9504 0.108867
46.9576 0.108883
46.9648 0.108773
46.972 0.108676
46.9792 0.108717
46.9864 0.108752
46.9936 0.108783
47.0008 0.108685
47.008 0.1086
47.0152 0.10865
47.0224 0.108693
47.0296 0.108732
47.0368 0.10864
47.044 0.10856
47.0512 0.108615
47.0584 0.108663
47.0656 0.108705
47.0727 0.108617
47.0799 0.10854
47.0871 0.108598
47.0943 0.108648
47.1015 0.108692
47.1087 0.108605
47.1159 0.10853
47.1231 0.108589
47.1303 0.10864
47.1375 0.108685
47.1447 0.108599
47.1519 0.108524
47.1591 0.108584
47.1663 0.108636
47.1735 0.108681
47.1807 0.108596
47.1879 0.108522
47.1951 0.108581
47.2023 0.108634
47.2095 0.10868
47.2167 0.108595
47.2239 0.10852
47.2311 0.10858
47.2383 0.108633
47.2455 0.108679
47.2527 0.108594
47.2599 0.10852
47.2671 0.10858
47.2743 0.108632
47.2815 0.108678
47.2887 0.108593
47.2959 0.108519
47.3031 0.108579
47.3103 0.108632
47.3247 0.108553
47.3319 0.108484
47.339 0.108548
47.3462 0.108605
47.3534 0.108654
47.3606 0.108572
47.3678 0.108501
47.375 0.108563
47.3822 0.108618
47.3894 0.108666
47.3966 0.108582
47.4038 0.10851
47.411 0.108571
47.4182 0.108625
47.4254 0.108671
47.4326 0.108588
47.4398 0.108514
47.447 0.108575
47.4542 0.108628
47.4614 0.108674
47.4686 0.108715
47.4758 0.108626
47.483 0.108548
47.4902 0.108604
47.4974 0.108654
47.5046 0.108697
47.5118 0.10861
47.519 0.108534
47.5262 0.108592
47.5334 0.108643
47.5406 0.108688
47.5478 0.108602
47.555 0.108526
47.5622 0.108586
47.5694 0.108637
47.5766 0.108683
47.5838 0.108597
47.591 0.108523
47.5981 0.108582
47.6053 0.108635
47.6125 0.10868
47.6197 0.108595
47.6269 0.108521
47.6341 0.108581
47.6413 0.108633
47.6485 0.108679
47.6557 0.108594
47.6629 0.10852
47.6701 0.10858
47.6773 0.108632
47.6845 0.108678
47.6917 0.108594
47.6989 0.108519
47.7061 0.108579
47.7133 0.108632
47.7205 0.108678
47.7277 0.108593
47.7349 0.108519
47.7421 0.108579
47.7493 0.108632
47.7565 0.108678
47.7637 0.108593
47.7709 0.108519
47.7781 0.108579
47.7853 0.108632
47.7925 0.108678
47.7997 0.108593
47.8069 0.108519
47.8141 0.108579
47.8213 0.108632
47.8285 0.108678
47.8357 0.108593
47.8429 0.108519
47.8501 0.108579
47.8572 0.108632
47.8644 0.108678
47.8716 0.108593
47.8788 0.108519
47.886 0.108579
47.8932 0.108632
47.9004 0.108678
47.9076 0.108593
47.9148 0.108519
47.922 0.108579
47.9292 0.108632
47.9364 0.108678
47.9436 0.108593
47.9508 0.108519
47.958 0.108579
47.9652 0.108632
47.9724 0.108678
47.9796 0.108718
47.9868 0.108628
47.994 0.10855
48.0012 0.108606
48.0084 0.108655
48.0156 0.108698
48.0228 0.108611
48.03 0.108535
48.0372 0.108593
48.0444 0.108644
48.0516 0.108688
48.0588 0.108602
48.066 0.108527
48.0732 0.108586
48.0804 0.108638
48.0876 0.108683
48.0948 0.108598
48.102 0.108523
48.1092 0.108583
48.1164 0.108635
48.1235 0.10868
48.1307 0.108595
48.1379 0.108521
48.1451 0.108581
48.1523 0.108633
48.1595 0.108679
48.1667 0.108594
48.1739 0.10852
48.1811 0.10858
48.1883 0.108632
48.1955 0.108678
48.4157 0.120469
48.4229 0.11891
48.4301 0.117671
48.4373 0.116587
48.4445 0.115639
48.4517 0.114684
48.4589 0.113849
48.4661 0.113242
48.4733 0.112712
48.4805 0.112248
48.4877 0.111717
48.4949 0.111252
48.5021 0.110971
48.5093 0.110725
48.5165 0.110509
48.5237 0.110195
48.5309 0.109921
48.5381 0.109806
48.5453 0.109705
48.5524 0.109617
48.5596 0.109415
48.5668 0.109238
48.574 0.109208
48.5812 0.109182
48.5884 0.109159
48.5956 0.109015
48.6028 0.108888
48.61 0.108902
48.6172 0.108914
48.6244 0.108925
48.6316 0.108809
48.6388 0.108708
48.646 0.108745
48.8713 0.108526
48.877 0.108586
48.8842 0.108637
48.8914 0.108683
48.8986 0.108722
48.9058 0.108632
48.913 0.108553
48.9202 0.108609
48.9274 0.108658
48.9346 0.108701
48.9418 0.108613
48.949 0.108536
48.9562 0.108594
48.9748 0.10852
48.982 0.10858
48.9892 0.108633
48.9964 0.108678
49.0036 0.108719
49.0108 0.108629
49.0216 0.10905
49.2454 0.109044
49.249 0.108913
49.3468 0.108799
49.354 0.108824
49.3612 0.108846
49.3684 0.108866
49.3756 0.108882
49.3828 0.108772
49.39 0.108676
49.3972 0.108716
49.4044 0.108752
49.4116 0.108783
49.4188 0.108685
49.426 0.108599
49.4332 0.108649
49.4404 0.108693
49.4476 0.108731
49.4548 0.10864
49.462 0.10856
49.4692 0.108615
49.4764 0.108663
49.4836 0.108705
49.4908 0.108617
49.498 0.10854
49.5052 0.108597
49.5123 0.108648
49.5195 0.108692
49.5267 0.108605
49.5339 0.10853
49.5411 0.108588
49.5483 0.10864
49.5555 0.108685
49.5627 0.108599
49.5699 0.108524
49.5771 0.108584
49.5843 0.108636
49.5915 0.108681
49.5987 0.108596
49.6059 0.108522
49.6131 0.108581
49.6203 0.108634
49.6275 0.10868
49.6347 0.108595
49.6419 0.10852
49.6491 0.10858
49.6563 0.108633
49.6635 0.108679
49.6707 0.108594
49.6779 0.10852
49.6851 0.10858
49.6923 0.108632
49.6995 0.108678
49.7067 0.108593
49.7139 0.108519
49.7211 0.108579
49.7283 0.108632
49.7355 0.108678
49.7427 0.108593
49.7499 0.108519
49.7571 0.108579
49.7643 0.108632
49.7714 0.108678
49.7786 0.108593
49.7858 0.108519
49.793 0.108579
49.8002 0.108632
49.8074 0.108678
49.8146 0.108593
49.8218 0.108519
49.829 0.108579
49.8362 0.108632
49.8434 0.108678
49.8506 0.108593
49.8578 0.108519
49.865 0.108579
49.8722 0.108632
49.8794 0.108678
49.8866 0.108718
49.8938 0.108628
49.901 0.10855
49.9082 0.108606
49.9154 0.108655
49.9226 0.108698
49.9298 0.108611
49.937 0.108535
49.9442 0.108593
49.9514 0.108644
49.9586 0.108688
49.9658 0.108602
49.973 0.108527
49.9802 0.108586
49.9874 0.108638
49.9946 0.108683
50.0018 0.108598
50.009 0.108523
50.0162 0.108583
50.0234 0.108635
50.0305 0.10868
50.0377 0.108595
50.0449 0.108521
50.0521 0.108581
50.0593 0.108633
50.0665 0.108679
50.0737 0.108594
50.0809 0.10852
50.0881 0.10858
50.0953 0.108632
50.1025 0.108678
50.1097 0.108594
50.1169 0.108519
50.1241 0.108579
50.1313 0.108632
50.1385 0.108678
50.1457 0.108593
50.1529 0.108519
50.1601 0.108579
50.1673 0.108632
50.3731 0.118678
50.3947 0.117343
50.4019 0.116175
50.4091 0.115278
50.4163 0.114494
50.6365 0.125557
50.6436 0.123362
50.6508 0.121442
50.658 0.119887
50.6652 0.118526
50.6724 0.117335
50.6796 0.116168
50.6868 0.115147
50.694 0.114379
50.7012 0.113706
50.7084 0.113118
50.7156 0.112478
50.7228 0.111919
50.73 0.111554
50.7372 0.111235
50.7444 0.110955
50.7516 0.110711
50.7588 0.110372
50.766 0.1102
50.7732 0.11005
50.7804 0.109919
50.7876 0.109804
50.7948 0.109579
50.802 0.109381
50.8092 0.109334
50.8164 0.109292
50.8236 0.109255
50.8308 0.109099
50.838 0.108961
50.8452 0.108966
50.8524 0.10897
50.8596 0.108974
50.8668 0.108852
50.874 0.108746
50.8812 0.108778
50.8884 0.108805
50.8956 0.10883
50.9027 0.108726
50.9099 0.108635
50.9171 0.108681
50.9243 0.108721
50.9315 0.108756
50.9387 0.108661
50.9459 0.108579
50.9531 0.108631
50.9603 0.108677
50.9675 0.108718
50.9747 0.108628
50.9819 0.108549
50.9891 0.108606
50.9963 0.108655
51.0035 0.108698
51.0107 0.108611
51.0179 0.108535
51.0251 0.108593
51.0323 0.108644
51.0395 0.108688
51.0467 0.108602
51.0539 0.108527
51.0611 0.108586
51.0683 0.108638
51.0755 0.108683
51.0827 0.108598
51.0899 0.108523
51.0971 0.108583
51.1043 0.108635
51.1115 0.10868
51.1187 0.108595
51.1259 0.108521
51.1331 0.108581
51.1403 0.108633
51.1475 0.108679
51.1547 0.108594
51.1618 0.10852
51.169 0.10858
51.1762 0.108632
51.1834 0.108678
51.1906 0.108594
51.1978 0.108519
51.205 0.108579
51.2122 0.108632
51.2194 0.108678
51.2266 0.108593
51.2338 0.108519
51.241 0.108579
51.2482 0.108632
51.2554 0.108678
51.2626 0.108593
51.2698 0.108519
51.277 0.108579
51.2842 0.108632
51.2914 0.108678
51.2986 0.108718
51.3058 0.108628
51.3166 0.10905
51.5296 0.120294
51.5368 0.118757
51.544 0.117412
51.5512 0.116361
51.5584 0.115441
51.5656 0.114636
51.5728 0.113806
51.58 0.11308
51.5872 0.11257
51.5944 0.112124
51.6015 0.111733
51.6087 0.111267
51.6159 0.110858
51.6231 0.110626
51.6303 0.110423
51.6375 0.110245
51.6447 0.109964
51.6519 0.109719
51.6591 0.109629
51.6663 0.10955
51.6735 0.109482
51.6807 0.109296
51.6879 0.109134
51.6951 0.109118
51.7023 0.109103
51.7095 0.10909
51.7167 0.108954
51.7239 0.108835
51.7311 0.108855
51.7383 0.108873
51.7455 0.108889
51.7527 0.108778
51.7599 0.108681
51.7671 0.108721
51.7743 0.108756
51.7815 0.108786
51.7887 0.108688
51.7959 0.108602
51.8031 0.108652
51.8103 0.108695
51.8175 0.108733
51.8247 0.108642
51.8319 0.108561
51.8391 0.108616
51.8463 0.108664
51.8535 0.108706
51.8606 0.108618
51.8678 0.108541
51.875 0.108598
51.8822 0.108648
52.0448 0.113192
52.1096 0.112543
52.1168 0.111975
52.124 0.111603
52.1312 0.111278
52.1384 0.110993
52.1456 0.110744
52.1528 0.110401
52.16 0.110226
52.3478 0.117698
52.3874 0.11661
52.3946 0.115659
52.6184 0.127077
52.6256 0.124817
52.6328 0.122715
52.6399 0.120876
52.6471 0.119391
52.6543 0.118092
52.6615 0.116956
52.6687 0.115836
52.6759 0.114857
52.6831 0.114125
52.6903 0.113484
52.6975 0.112924
52.7047 0.112308
52.7119 0.11177
52.7191 0.111423
52.7263 0.11112
52.7335 0.110855
52.7407 0.110498
52.7479 0.110186
52.7551 0.110038
52.7623 0.109908
52.7695 0.109795
52.7767 0.10957
52.7839 0.109374
52.7911 0.109327
52.7983 0.109286
52.8055 0.109251
52.8127 0.109094
52.8199 0.108957
52.8271 0.108963
52.8343 0.108967
52.8415 0.108972
52.8487 0.10885
52.8559 0.108744
52.8631 0.108776
52.8703 0.108804
52.8775 0.108828
52.8847 0.108725
52.8919 0.108634
52.8991 0.10868
52.9062 0.10872
52.9134 0.108755
52.9206 0.108661
52.9278 0.108578
52.935 0.108631
52.9422 0.108677
52.9494 0.108717
52.9566 0.108628
52.9638 0.108549
52.971 0.108606
52.9782 0.108655
52.9854 0.108698
52.9926 0.108611
52.9998 0.108534
53.007 0.108593
53.0142 0.108644
53.0214 0.108688
53.0286 0.108727
53.0358 0.108636
53.0466 0.109057
53.2596 0.1203
53.2668 0.118762
53.2776 0.117917
53.4906 0.128052
53.4978 0.125546
53.505 0.123353
53.5121 0.121558
53.5193 0.119989
53.5265 0.118615
53.5337 0.117288
53.5409 0.116127
53.5481 0.115236
53.5553 0.114457
53.5625 0.113775
53.5697 0.113053
53.5769 0.112421
53.5841 0.111994
53.5913 0.111619
53.5985 0.111292
53.6057 0.11088
53.6129 0.11052
53.6201 0.11033
53.6273 0.110164
53.6345 0.110019
53.6417 0.109766
53.6489 0.109545
53.6561 0.109477
53.6633 0.109418
53.6705 0.109365
53.6777 0.109195
53.6849 0.109045
53.6921 0.10904
53.6993 0.109035
53.7065 0.10903
53.7137 0.108902
53.7209 0.108789
53.7281 0.108815
53.7353 0.108838
53.7425 0.108859
53.7497 0.108751
53.7569 0.108657
53.7641 0.1087
53.7712 0.108738
53.7784 0.10877
53.7856 0.108674
53.7928 0.10859
53.8 0.108641
53.8072 0.108686
53.8144 0.108725
53.8216 0.108635
53.8288 0.108555
53.836 0.108611
53.8504 0.108659
53.8576 0.108577
53.8648 0.108505
53.872 0.108567
53.8792 0.108621
53.8864 0.108668
53.8936 0.10871
53.9008 0.108621
53.908 0.108543
53.9152 0.108601
53.9224 0.10865
53.9296 0.108694
53.9368 0.108607
53.944 0.108531
53.9512 0.10859
53.9584 0.108641
53.9656 0.108686
53.9728 0.1086
53.98 0.108525
53.9872 0.108585
53.9944 0.108637
54.0016 0.108682
54.0088 0.108597
54.016 0.108522
54.0232 0.108582
54.0304 0.108634
54.0375 0.10868
54.0447 0.108595
54.0519 0.108521
54.0591 0.10858
54.0663 0.108633
54.0735 0.108679
54.0807 0.108594
54.0879 0.10852
54.0951 0.10858
54.1023 0.108632
54.1095 0.108678
54.1167 0.108593
54.1239 0.108519
54.1311 0.108579
54.1383 0.108632
54.1455 0.108678
54.1527 0.108593
54.1599 0.108519
54.1671 0.108579
54.1743 0.108632
54.1815 0.108678
54.1887 0.108593
54.1959 0.108519
54.2031 0.108579
54.2103 0.108632
54.2175 0.108678
54.2247 0.108593
54.2319 0.108519
54.2391 0.108579
54.2463 0.108632
54.2535 0.108678
54.2607 0.108593
54.2679 0.108519
54.2751 0.108579
54.2823 0.108632
54.2895 0.108678
54.2966 0.108593
54.3038 0.108519
54.311 0.108579
54.3182 0.108632
54.3254 0.108678
54.3326 0.108593
54.3398 0.108519
54.347 0.108579
54.3542 0.108632
54.3614 0.108678
54.3686 0.108593
54.3758 0.108519
54.383 0.108579
54.6032 0.120382
54.6104 0.118959
54.6176 0.117714
54.6248 0.1165
54.632 0.115437
54.6392 0.114633
54.6464 0.113929
54.6536 0.113312
54.6608 0.112648
54.668 0.112067
54.6752 0.111684
54.6824 0.111348
54.6896 0.111055
54.6968 0.110673
54.704 0.110339
54.7112 0.110172
54.7184 0.110025
54.7256 0.109897
54.7327 0.10966
54.7399 0.109452
54.7471 0.109396
54.7543 0.109346
54.7615 0.109303
54.7687 0.10914
54.7759 0.108998
54.7831 0.108998
54.7903 0.108998
54.7975 0.108998
54.8047 0.108874
54.8119 0.108764
54.8191 0.108794
54.8263 0.10882
54.8335 0.108842
54.8407 0.108737
54.8479 0.108645
54.8551 0.108689
54.8623 0.108728
54.8695 0.108762
54.8767 0.108667
54.8839 0.108583
54.8911 0.108636
54.8983 0.108681
54.9055 0.108721
54.9127 0.108631
54.9199 0.108552
54.9271 0.108608
54.9343 0.108657
54.9415 0.1087
54.9487 0.108612
54.9559 0.108536
54.9631 0.108594
54.9703 0.108645
54.9775 0.108689
54.9847 0.108603
54.9918 0.108528
54.999 0.108587
55.0062 0.108638
55.0134 0.108683
55.0206 0.108598
55.0278 0.108523
55.035 0.108583
55.0422 0.108635
55.0494 0.108681
55.0566 0.108596
55.0674 0.109021
55.2876 0.108893
55.2912 0.108907
55.2984 0.108918
55.3056 0.108929
55.3128 0.108813
55.32 0.108836
55.3272 0.108856
55.3344 0.108874
55.3416 0.10889
55.3488 0.108779
55.389 0.108806
55.3962 0.108831
55.4034 0.108852
55.4106 0.108745
55.4178 0.108652
55.425 0.108696
55.4322 0.108734
55.4394 0.108767
55.4466 0.108796
55.4538 0.108697
55.461 0.108735
55.4682 0.108768
55.4754 0.108797
55.4826 0.108822
55.4898 0.108719
55.497 0.108629
55.5042 0.108676
55.5114 0.108716
55.5186 0.108752
55.5258 0.108658
55.533 0.108576
55.5402 0.108629
55.5474 0.108675
55.5546 0.108716
55.5618 0.108626
55.569 0.108548
55.5762 0.108604
55.5834 0.108654
55.5906 0.108697
55.5978 0.10861
55.6049 0.108534
55.6121 0.108592
55.6193 0.108643
55.6265 0.108688
55.6337 0.108602
55.6409 0.108526
55.6481 0.108586
55.6553 0.108637
55.6625 0.108683
55.6697 0.108597
55.6769 0.108523
55.6841 0.108582
55.6913 0.108635
55.6985 0.10868
55.7057 0.108595
55.7129 0.108521
55.7201 0.108581
55.7273 0.108633
55.7345 0.108679
55.7417 0.108594
55.7489 0.10852
55.7561 0.10858
55.7633 0.108632
55.7705 0.108678
55.7777 0.108594
55.7849 0.108519
55.7921 0.108579
55.7993 0.108632
55.8065 0.108678
55.8137 0.108593
55.8209 0.108519
55.8281 0.108579
55.8353 0.108632
55.8425 0.108678
55.8497 0.108593
55.8569 0.108519
55.864 0.108579
55.8712 0.108632
55.8784 0.108678
55.8856 0.108593
55.8928 0.108519
55.9 0.108579
55.9072 0.108632
55.918 0.109178
56.1382 0.109155
56.1418 0.109011
56.149 0.10901
56.1562 0.109008
56.1634 0.109007
56.1706 0.108881
56.1778 0.108771
56.236 0.115175
56.2432 0.114403
56.2504 0.113728
56.2576 0.113012
56.2648 0.112385
56.272 0.111962
56.2792 0.111592
56.2864 0.111268
56.2936 0.110859
56.3008 0.110502
56.308 0.110314
56.3224 0.11015
56.3368 0.109881
56.344 0.109646
56.3512 0.109565
56.3584 0.109495
56.3656 0.109433
56.3728 0.109254
56.38 0.109097
56.3872 0.109085
56.3944 0.109074
56.4016 0.109065
56.4088 0.108932
56.416 0.108815
56.4232 0.108838
56.4304 0.108859
56.4376 0.108876
56.4448 0.108767
56.452 0.108671
56.4592 0.108712
56.4664 0.108748
56.4735 0.10878
56.4807 0.108682
56.4879 0.108597
56.4951 0.108647
56.5023 0.108691
56.5095 0.10873
56.5167 0.108639
56.5239 0.108559
56.5311 0.108614
56.7513 0.120412
56.7585 0.118986
56.7657 0.117612
56.7729 0.116411
56.7801 0.115485
56.7873 0.114674
56.7945 0.113965
56.8017 0.113219
56.8089 0.112567
56.8161 0.112121
56.8233 0.111731
56.8305 0.111389
56.8377 0.110966
56.8449 0.110595
56.8521 0.110396
56.9499 0.121471
56.9571 0.119912
56.9643 0.118548
56.9715 0.117355
56.9787 0.116185
56.9859 0.115162
56.9931 0.114392
57.0003 0.113718
57.0075 0.113128
57.0183 0.112987
57.2312 0.123739
57.2384 0.121896
57.2456 0.120159
57.2528 0.118639
57.26 0.117435
57.2672 0.11638
57.2744 0.115458
57.2816 0.114525
57.2888 0.11371
57.296 0.113121
57.3032 0.112606
57.3104 0.112155
57.5306 0.123511
57.5378 0.121572
57.545 0.119875
57.5522 0.118516
57.5594 0.117327
57.5666 0.116286
57.5738 0.11525
57.581 0.114344
57.5882 0.113676
57.5954 0.113091
57.6026 0.11258
57.6098 0.112007
57.617 0.111506
57.6242 0.111193
57.6314 0.110919
57.6386 0.110679
57.6458 0.110344
57.6529 0.110051
57.6601 0.10992
57.6673 0.109805
57.6745 0.109704
57.6817 0.109491
57.6889 0.109305
57.6961 0.109267
57.7033 0.109233
57.7105 0.109204
57.7177 0.109054
57.7249 0.108922
57.7321 0.108932
57.7393 0.10894
57.7465 0.108948
57.7537 0.108829
57.7609 0.108726
57.7681 0.10876
57.7753 0.10879
57.7825 0.108816
57.7897 0.108714
57.7969 0.108625
57.8041 0.108672
57.8113 0.108713
57.8185 0.108749
57.8257 0.108655
57.8329 0.108573
57.8401 0.108627
57.8473 0.108673
57.8545 0.108714
57.8617 0.108625
57.8689 0.108547
57.8761 0.108603
57.8833 0.108653
57.8905 0.108696
57.8977 0.108609
57.9049 0.108533
57.912 0.108591
57.9192 0.108643
57.9301 0.109187
58.2517 0.121289
58.2589 0.119628
58.2661 0.118299
58.2733 0.117137
58.2805 0.11612
58.2877 0.115105
58.2948 0.114217
58.302 0.113565
58.3092 0.112994
58.3164 0.112495
58.3236 0.111933
58.3308 0.111441
58.338 0.111136
58.3452 0.110869
58.3524 0.110635
58.3596 0.110306
58.3668 0.110018
58.374 0.109891
58.3812 0.109779
58.3884 0.109682
58.3956 0.109597
58.4028 0.109397
58.41 0.109347
58.4172 0.109304
58.4244 0.109266
58.4316 0.109233
58.4388 0.109079
58.446 0.108944
58.4532 0.108951
58.4604 0.108957
58.4676 0.108962
58.4748 0.108842
58.482 0.108737
58.4892 0.10877
58.4964 0.108798
58.5036 0.108824
58.5144 0.109221
58.7274 0.120443
58.7345 0.119013
58.7417 0.117636
58.7489 0.116432
58.7561 0.115503
58.7633 0.11469
58.7705 0.113979
58.7777 0.113231
58.7849 0.112577
58.7921 0.11213
58.7993 0.111739
58.8065 0.111397
58.8137 0.110972
58.8209 0.1106
58.8281 0.1104
58.8353 0.110225
58.8425 0.110072
58.8497 0.109813
58.8569 0.109587
58.8641 0.109513
58.8713 0.109449
58.8785 0.109393
58.8857 0.109219
58.8929 0.109066
58.9001 0.109058
58.9073 0.109051
58.9145 0.109045
58.9217 0.108914
58.9289 0.1088
58.9361 0.108825
58.9433 0.108847
58.9505 0.108866
58.9577 0.108758
58.9649 0.108663
58.9721 0.108705
58.9793 0.108742
58.9865 0.108774
58.9936 0.108677
59.2246 0.108593
59.2318 0.108519
59.239 0.108579
59.2462 0.108631
59.2534 0.108678
59.2606 0.108593
59.2678 0.108519
59.275 0.108579
59.2822 0.108632
59.3225 0.112803
59.3297 0.112202
59.3368 0.111677
59.344 0.111342
59.3512 0.11105
59.3584 0.110793
59.3656 0.110444
59.3728 0.110139
59.38 0.109996
59.3872 0.109872
59.3944 0.109763
59.4016 0.109542
59.4088 0.10935
59.416 0.109306
59.4232 0.109268
59.4304 0.109234
59.4376 0.10908
59.4448 0.108945
59.452 0.108952
59.4592 0.108958
59.4664 0.108963
59.4736 0.108968
59.4808 0.108847
59.488 0.108741
59.4952 0.108773
59.5024 0.108802
59.5096 0.108826
59.5168 0.108723
59.524 0.108633
59.5312 0.108679
59.5384 0.108719
59.5456 0.108754
59.5528 0.10866
59.56 0.108577
59.5672 0.10863
59.5744 0.108676
59.5816 0.108717
59.5888 0.108627
59.596 0.108549
59.6031 0.108605
59.6103 0.108655
59.6175 0.108698
59.6247 0.108611
59.6319 0.108534
59.6391 0.108592
59.6463 0.108643
59.6535 0.108688
59.6607 0.108602
59.6751 0.108652
59.6823 0.108695
59.6895 0.108733
59.6967 0.108642
59.7039 0.108561
59.7111 0.108616
59.7183 0.108664
59.7255 0.108706
59.7327 0.108618
59.7399 0.108541
59.7471 0.108598
59.7543 0.108648
59.7615 0.108692
59.7687 0.108606
59.7759 0.10853
59.7831 0.108589
59.7903 0.10864
59.7975 0.108685
59.8047 0.1086
59.8119 0.108525
59.8191 0.108584
59.8263 0.108636
59.8335 0.108682
59.8407 0.108596
59.8479 0.108522
59.8587 0.108957
60.0716 0.120212
60.0788 0.118685
60.086 0.117475
60.0932 0.116415
60.1004 0.115489
60.1076 0.114552
60.1148 0.113733
60.1256 0.113517
60.3458 0.112827
60.3494 0.112349
60.3566 0.11193
60.3638 0.111439
60.371 0.111134
60.3782 0.110867
60.3854 0.110634
60.3926 0.11043
60.3998 0.110126
60.407 0.10986
60.4436 0.113378
60.4508 0.112705
60.458 0.112242
60.4652 0.111837
60.4724 0.111482
60.4796 0.111047
60.4868 0.110666
60.494 0.110458
60.5012 0.110276
60.5084 0.110116
60.5156 0.109977
60.5228 0.10973
60.53 0.109513
60.5372 0.109449
60.548 0.109768
60.761 0.120922
60.7682 0.119432
60.7754 0.118128
60.7826 0.116987
60.7898 0.115863
60.797 0.114881
60.8042 0.114145
60.8114 0.113502
60.8185 0.11294
60.8257 0.112322
60.8329 0.111782
60.8401 0.111434
60.8473 0.11113
60.8545 0.110864
60.8617 0.110506
60.8689 0.110192
60.8761 0.110043
60.8833 0.109913
60.8905 0.109799
60.8977 0.109574
60.9049 0.109377
60.9121 0.10933
60.9193 0.109289
60.9265 0.109253
60.9337 0.109096
60.9409 0.108959
60.9481 0.108964
60.9625 0.108969
60.9697 0.108848
60.9769 0.108742
60.9841 0.108774
60.9913 0.108802
60.9985 0.108827
61.0057 0.108724
61.0129 0.108633
61.0201 0.108679
61.0273 0.108719
61.0345 0.108754
61.0417 0.10866
61.0489 0.108577
61.0561 0.10863
61.0669 0.109051
61.287 0.109045
61.2906 0.108914
61.2978 0.1088
61.305 0.108825
61.3122 0.108847
61.3194 0.108866
61.3266 0.108758
61.3338 0.108663
61.341 0.108705
61.3482 0.108742
61.3554 0.108774
61.3626 0.108678
61.3849 0.110468
61.3921 0.110284
61.3993 0.110124
61.4065 0.109983
61.4137 0.109735
61.4209 0.109518
61.428 0.109454
61.4352 0.109397
61.4424 0.109347
61.4496 0.109179
61.4568 0.109032
61.464 0.109028
61.4712 0.109024
61.4784 0.109021
61.4856 0.108893
61.4928 0.108782
61.5 0.108809
61.5072 0.108833
61.5144 0.108854
61.5216 0.108747
61.5288 0.108654
61.536 0.108697
61.5432 0.108735
61.5504 0.108768
61.5576 0.108797
61.5648 0.108697
61.572 0.10861
61.5792 0.108659
61.5864 0.108702
61.5936 0.108739
61.6008 0.108647
61.608 0.108566
61.6152 0.10862
61.6224 0.108667
61.6296 0.108709
61.6368 0.10862
61.644 0.108543
61.6512 0.1086
61.6584 0.10865
61.6656 0.108694
61.6728 0.108607
61.68 0.108531
61.6871 0.10859
61.6943 0.108641
61.7015 0.108686
61.7087 0.1086
61.7159 0.108525
61.7267 0.10896
61.9433 0.120715
61.9505 0.11925
61.9577 0.117844
61.9649 0.116613
61.9721 0.115662
61.9793 0.114829
61.9865 0.1141
61.9937 0.113338
62.0009 0.112671
62.0081 0.112212
62.0153 0.11181
62.0225 0.111459
62.0297 0.111027
62.0369 0.110648
62.0441 0.110442
62.0513 0.110262
62.0585 0.110104
62.0657 0.109841
62.0729 0.109611
62.0801 0.109535
62.0873 0.109468
62.0945 0.109409
62.1017 0.109233
62.1089 0.109079
62.1161 0.109069
62.1232 0.109061
62.1304 0.109053
62.1376 0.108921
62.1448 0.108806
62.152 0.10883
62.1592 0.108852
62.1664 0.10887
62.1736 0.108761
62.1808 0.108666
62.188 0.108708
62.1952 0.108744
62.2024 0.108776
62.2096 0.108679
62.2168 0.108594
62.224 0.108645
62.2312 0.108689
62.2384 0.108728
62.2456 0.108762
62.2528 0.108667
62.26 0.108584
62.2672 0.108636
62.2744 0.108681
62.2816 0.108721
62.2888 0.108631
62.296 0.108552
62.3032 0.108608
62.3104 0.108657
62.3176 0.1087
62.3248 0.108612
62.332 0.108536
62.3392 0.108594
62.3464 0.108645
62.3536 0.108689
62.3608 0.108603
62.368 0.108528
62.3752 0.108587
62.3823 0.108638
62.3895 0.108684
62.3967 0.108598
62.4039 0.108523
62.4111 0.108583
62.4183 0.108635
62.4255 0.108681
62.4327 0.108596
62.4399 0.108521
62.4471 0.108581
62.4543 0.108633
62.4615 0.108679
62.4687 0.108594
62.4759 0.10852
62.4831 0.10858
62.4903 0.108633
62.4975 0.108678
62.5047 0.108594
62.5119 0.108519
62.5191 0.108579
62.5263 0.108632
62.5335 0.108678
62.5407 0.108593
62.5479 0.108519
62.5551 0.108579
62.5623 0.108632
62.5695 0.108678
62.5767 0.108593
62.5839 0.108519
62.5911 0.108579
62.5983 0.108632
62.6055 0.108678
62.6127 0.108593
62.6199 0.108519
62.6271 0.108579
62.6343 0.108632
62.8588 0.108178
62.8652 0.10828
62.8724 0.10837
62.8796 0.108324
62.8868 0.108284
62.894 0.108373
62.9631 0.108452
62.9703 0.10852
62.9775 0.10858
62.9847 0.108508
62.9918 0.108444
62.999 0.108514
63.0062 0.108574
63.0134 0.108628
63.0206 0.108549
63.0278 0.108481
63.0386 0.10892
63.5638 0.11968
63.6724 0.118345
63.6796 0.117052
63.781 0.116046
63.7882 0.115165
63.8896 0.114269
63.8968 0.113486
64.0055 0.112925
64.1141 0.112434
64.1213 0.112005
64.2227 0.111504
64.2299 0.111066
64.3313 0.110808
64.3385 0.110582
