0.010001 1 0
0.110001 1 0
0.110001 2 0
0.210001 1 0
0.210001 2 0
0.310001 1 0
0.310001 2 0
0.410001 1 0
0.410001 2 0
0.510001 1 0
0.510001 2 0
0.610001 1 0
0.610001 2 0
0.710001 1 0
0.710001 2 0
0.810001 1 0
0.810001 2 0
0.910001 1 0
0.910001 2 0
1.01 1 0
1.01 2 0
1.11 1 0
1.11 2 0
1.21 1 0
1.21 2 0
1.31 1 0
1.31 2 0
1.41 1 0
1.41 2 0
1.51 1 0
1.51 2 0
1.61 1 0
1.61 2 0
1.71 1 0
1.71 2 0
1.81 1 0
1.81 2 0
1.91 1 0
1.91 2 0
2.01 1 0
2.01 2 0
2.11 1 0
2.11 2 0
2.21 1 0
2.21 2 0
2.31 1 0
2.31 2 0
2.41 1 0
2.41 2 0
2.51 1 0
2.51 2 0
2.61 1 0
2.61 2 0
2.71 1 0
2.71 2 0
2.81 1 0
2.81 2 0
2.91 1 0
2.91 2 0
3.01 1 0
3.01 2 0
3.11 1 0
3.11 2 0
3.21 1 0
3.21 2 0
3.31 1 0
3.31 2 0
3.41 1 0
3.41 2 0
3.51 1 0
3.51 2 0
3.61 1 0
3.61 2 0
3.71 1 0
3.71 2 0
3.81 1 0
3.81 2 0
3.91 1 0
3.91 2 0
4.01 1 0
4.01 2 0
4.11 1 0
4.11 2 0
4.21 1 0
4.21 2 0
4.31 1 0
4.31 2 0
4.41 1 0
4.41 2 0
4.51 1 0
4.51 2 0
4.61 1 0
4.61 2 0
4.71 1 0
4.71 2 0
4.81 1 0
4.81 2 0
4.91 1 0
4.91 2 0
5.01 1 0
5.01 2 0
5.11 1 0
5.11 2 0
5.21 1 0
5.21 2 0
5.31 1 0
5.31 2 0
5.41 1 0
5.41 2 0
5.51 1 0
5.51 2 0
5.61 1 0
5.61 2 0
5.71 1 0
5.71 2 0
5.81 1 0
5.81 2 0
5.91 1 0
5.91 2 0
6.01 1 0
6.01 2 0
6.11 1 0
6.11 2 0
6.21 1 0
6.21 2 0
6.31 1 0
6.31 2 0
6.41 1 0
6.41 2 0
6.51 1 0
6.51 2 0
6.61 1 0
6.61 2 0
6.71 1 0
6.71 2 0
6.81 1 0
6.81 2 0
6.91 1 0
6.91 2 0
7.01 1 0
7.01 2 0
7.11 1 0
7.11 2 0
7.21 1 0
7.21 2 0
7.31 1 0
7.31 2 0
7.41 1 0
7.41 2 0
7.51 1 0
7.51 2 0
7.61 1 0
7.61 2 0
7.71 1 0
7.71 2 0
7.81 1 0
7.81 2 0
7.91 1 0
7.91 2 0
8.01 1 0
8.01 2 0
8.11 1 0
8.11 2 0
8.21 1 0
8.21 2 0
8.31 1 0
8.31 2 0
8.41 1 0
8.41 2 0
8.51 1 0
8.51 2 0
8.61 1 0
8.61 2 0
8.71 1 0
8.71 2 0
8.81 1 0
8.81 2 0
8.91 1 0
8.91 2 0
9.01 1 0
9.01 2 0
9.11 1 0
9.11 2 0
9.21 1 0
9.21 2 0
9.31 1 0
9.31 2 0
9.41 1 0
9.41 2 0
9.51 1 0
9.51 2 0
9.61 1 0
9.61 2 0
9.71 1 0
9.71 2 0
9.81 1 0
9.81 2 0
9.91 1 0
9.91 2 0
10.01 1 0
10.01 2 0
10.11 1 0
10.11 2 0
10.21 1 0
10.21 2 0
10.31 1 0
10.31 2 0
10.41 1 0
10.41 2 0
10.51 1 0
10.51 2 0
10.61 1 0
10.61 2 0
10.71 1 0
10.71 2 0
10.81 1 0
10.81 2 0
10.91 1 0
10.91 2 0
11.01 1 6
11.01 2 2
11.11 1 6
11.11 2 2
11.21 1 6
11.21 2 2
11.31 1 6
11.31 2 2
11.41 1 6
11.41 2 2
11.51 1 6
11.51 2 2
11.61 1 6
11.61 2 2
11.71 1 6
11.71 2 2
11.81 1 6
11.81 2 2
11.91 1 6
11.91 2 2
12.01 1 10
12.01 2 6
12.11 1 10
12.11 2 6
12.21 1 10
12.21 2 6
12.31 1 10
12.31 2 6
12.41 1 10
12.41 2 6
12.51 1 10
12.51 2 6
12.61 1 10
12.61 2 6
12.71 1 10
12.71 2 6
12.81 1 10
12.81 2 6
12.91 1 10
12.91 2 6
13.01 1 13
13.01 2 11
13.11 1 13
13.11 2 11
13.21 1 13
13.21 2 11
13.31 1 13
13.31 2 11
13.41 1 13
13.41 2 11
13.51 1 13
13.51 2 11
13.61 1 13
13.61 2 11
13.71 1 13
13.71 2 11
13.81 1 13
13.81 2 11
13.91 1 13
13.91 2 11
14.01 1 21
14.01 2 13
14.11 1 21
14.11 2 13
14.21 1 21
14.21 2 13
14.31 1 21
14.31 2 13
14.41 1 21
14.41 2 13
14.51 1 21
14.51 2 13
14.61 1 21
14.61 2 13
14.71 1 21
14.71 2 13
14.81 1 21
14.81 2 13
14.91 1 21
14.91 2 13
15.01 1 30
15.01 2 16
15.11 1 30
15.11 2 16
15.21 1 30
15.21 2 16
15.31 1 30
15.31 2 16
15.41 1 30
15.41 2 16
15.51 1 30
15.51 2 16
15.61 1 30
15.61 2 16
15.71 1 30
15.71 2 16
15.81 1 30
15.81 2 16
15.91 1 30
15.91 2 16
16.01 1 32
16.01 2 17
16.11 1 32
16.11 2 17
16.21 1 32
16.21 2 17
16.31 1 32
16.31 2 17
16.41 1 32
16.41 2 17
16.51 1 32
16.51 2 17
16.61 1 32
16.61 2 17
16.71 1 32
16.71 2 17
16.81 1 32
16.81 2 17
16.91 1 32
16.91 2 17
17.01 1 33
17.01 2 17
17.11 1 33
17.11 2 17
17.21 1 33
17.21 2 17
17.31 1 33
17.31 2 17
17.41 1 33
17.41 2 17
17.51 1 33
17.51 2 17
17.61 1 33
17.61 2 17
17.71 1 33
17.71 2 17
17.81 1 33
17.81 2 17
17.91 1 33
17.91 2 17
18.01 1 35
18.01 2 21
18.11 1 35
18.11 2 21
18.21 1 35
18.21 2 21
18.31 1 35
18.31 2 21
18.41 1 35
18.41 2 21
18.51 1 35
18.51 2 21
18.61 1 35
18.61 2 21
18.71 1 35
18.71 2 21
18.81 1 35
18.81 2 21
18.91 1 35
18.91 2 21
19.01 1 37
19.01 2 22
19.11 1 37
19.11 2 22
19.21 1 37
19.21 2 22
19.31 1 37
19.31 2 22
19.41 1 37
19.41 2 22
19.51 1 37
19.51 2 22
19.61 1 37
19.61 2 22
19.71 1 37
19.71 2 22
19.81 1 37
19.81 2 22
19.91 1 37
19.91 2 22
20.01 1 40
20.01 2 22
20.11 1 40
20.11 2 22
20.21 1 40
20.21 2 22
20.31 1 40
20.31 2 22
20.41 1 40
20.41 2 22
20.51 1 40
20.51 2 22
20.61 1 40
20.61 2 22
20.71 1 40
20.71 2 22
20.81 1 40
20.81 2 22
20.91 1 40
20.91 2 22
21.01 1 42
21.01 2 26
21.11 1 42
21.11 2 26
21.21 1 42
21.21 2 26
21.31 1 42
21.31 2 26
21.41 1 42
21.41 2 26
21.51 1 42
21.51 2 26
21.61 1 42
21.61 2 26
21.71 1 42
21.71 2 26
21.81 1 42
21.81 2 26
21.91 1 42
21.91 2 26
22.01 1 43
22.01 2 27
22.11 1 43
22.11 2 27
22.21 1 43
22.21 2 27
22.31 1 43
22.31 2 27
22.41 1 43
22.41 2 27
22.51 1 43
22.51 2 27
22.61 1 43
22.61 2 27
22.71 1 43
22.71 2 27
22.81 1 43
22.81 2 27
22.91 1 43
22.91 2 27
23.01 1 47
23.01 2 29
23.11 1 47
23.11 2 29
23.21 1 47
23.21 2 29
23.31 1 47
23.31 2 29
23.41 1 47
23.41 2 29
23.51 1 47
23.51 2 29
23.61 1 47
23.61 2 29
23.71 1 47
23.71 2 29
23.81 1 47
23.81 2 29
23.91 1 47
23.91 2 29
24.01 1 51
24.01 2 33
24.11 1 51
24.11 2 33
24.21 1 51
24.21 2 33
24.31 1 51
24.31 2 33
24.41 1 51
24.41 2 33
24.51 1 51
24.51 2 33
24.61 1 51
24.61 2 33
24.71 1 51
24.71 2 33
24.81 1 51
24.81 2 33
24.91 1 51
24.91 2 33
25.01 1 56
25.01 2 35
25.11 1 56
25.11 2 35
25.21 1 56
25.21 2 35
25.31 1 56
25.31 2 35
25.41 1 56
25.41 2 35
25.51 1 56
25.51 2 35
25.61 1 56
25.61 2 35
25.71 1 56
25.71 2 35
25.81 1 56
25.81 2 35
25.91 1 56
25.91 2 35
26.01 1 61
26.01 2 36
26.11 1 61
26.11 2 36
26.21 1 61
26.21 2 36
26.31 1 61
26.31 2 36
26.41 1 61
26.41 2 36
26.51 1 61
26.51 2 36
26.61 1 61
26.61 2 36
26.71 1 61
26.71 2 36
26.81 1 61
26.81 2 36
26.91 1 61
26.91 2 36
27.01 1 65
27.01 2 38
27.11 1 65
27.11 2 38
27.21 1 65
27.21 2 38
27.31 1 65
27.31 2 38
27.41 1 65
27.41 2 38
27.51 1 65
27.51 2 38
27.61 1 65
27.61 2 38
27.71 1 65
27.71 2 38
27.81 1 65
27.81 2 38
27.91 1 65
27.91 2 38
28.01 1 72
28.01 2 39
28.11 1 72
28.11 2 39
28.21 1 72
28.21 2 39
28.31 1 72
28.31 2 39
28.41 1 72
28.41 2 39
28.51 1 72
28.51 2 39
28.61 1 72
28.61 2 39
28.71 1 72
28.71 2 39
28.81 1 72
28.81 2 39
28.91 1 72
28.91 2 39
29.01 1 77
29.01 2 40
29.11 1 77
29.11 2 40
29.21 1 77
29.21 2 40
29.31 1 77
29.31 2 40
29.41 1 77
29.41 2 40
29.51 1 77
29.51 2 40
29.61 1 77
29.61 2 40
29.71 1 77
29.71 2 40
29.81 1 77
29.81 2 40
29.91 1 77
29.91 2 40
30.01 1 80
30.01 2 41
30.11 1 80
30.11 2 41
30.21 1 80
30.21 2 41
30.31 1 80
30.31 2 41
30.41 1 80
30.41 2 41
30.51 1 80
30.51 2 41
30.61 1 80
30.61 2 41
30.71 1 80
30.71 2 41
30.81 1 80
30.81 2 41
30.91 1 80
30.91 2 41
31.01 1 83
31.01 2 45
31.11 1 83
31.11 2 45
31.21 1 83
31.21 2 45
31.31 1 83
31.31 2 45
31.41 1 83
31.41 2 45
31.51 1 83
31.51 2 45
31.61 1 83
31.61 2 45
31.71 1 83
31.71 2 45
31.81 1 83
31.81 2 45
31.91 1 83
31.91 2 45
32.01 1 89
32.01 2 49
32.11 1 89
32.11 2 49
32.21 1 89
32.21 2 49
32.31 1 89
32.31 2 49
32.41 1 89
32.41 2 49
32.51 1 89
32.51 2 49
32.61 1 89
32.61 2 49
32.71 1 89
32.71 2 49
32.81 1 89
32.81 2 49
32.91 1 89
32.91 2 49
33.01 1 95
33.01 2 56
33.11 1 95
33.11 2 56
33.21 1 95
33.21 2 56
33.31 1 95
33.31 2 56
33.41 1 95
33.41 2 56
33.51 1 95
33.51 2 56
33.61 1 95
33.61 2 56
33.71 1 95
33.71 2 56
33.81 1 95
33.81 2 56
33.91 1 95
33.91 2 56
34.01 1 97
34.01 2 60
34.11 1 97
34.11 2 60
34.21 1 97
34.21 2 60
34.31 1 97
34.31 2 60
34.41 1 97
34.41 2 60
34.51 1 97
34.51 2 60
34.61 1 97
34.61 2 60
34.71 1 97
34.71 2 60
34.81 1 97
34.81 2 60
34.91 1 97
34.91 2 60
35.01 1 104
35.01 2 66
35.11 1 104
35.11 2 66
35.21 1 104
35.21 2 66
35.31 1 104
35.31 2 66
35.41 1 104
35.41 2 66
35.51 1 104
35.51 2 66
35.61 1 104
35.61 2 66
35.71 1 104
35.71 2 66
35.81 1 104
35.81 2 66
35.91 1 104
35.91 2 66
36.01 1 107
36.01 2 72
36.11 1 107
36.11 2 72
36.21 1 107
36.21 2 72
36.31 1 107
36.31 2 72
36.41 1 107
36.41 2 72
36.51 1 107
36.51 2 72
36.61 1 107
36.61 2 72
36.71 1 107
36.71 2 72
36.81 1 107
36.81 2 72
36.91 1 107
36.91 2 72
37.01 1 110
37.01 2 74
37.11 1 110
37.11 2 74
37.21 1 110
37.21 2 74
37.31 1 110
37.31 2 74
37.41 1 110
37.41 2 74
37.51 1 110
37.51 2 74
37.61 1 110
37.61 2 74
37.71 1 110
37.71 2 74
37.81 1 110
37.81 2 74
37.91 1 110
37.91 2 74
38.01 1 114
38.01 2 80
38.11 1 114
38.11 2 80
38.21 1 114
38.21 2 80
38.31 1 114
38.31 2 80
38.41 1 114
38.41 2 80
38.51 1 114
38.51 2 80
38.61 1 114
38.61 2 80
38.71 1 114
38.71 2 80
38.81 1 114
38.81 2 80
38.91 1 114
38.91 2 80
39.01 1 121
39.01 2 83
39.11 1 121
39.11 2 83
39.21 1 121
39.21 2 83
39.31 1 121
39.31 2 83
39.41 1 121
39.41 2 83
39.51 1 121
39.51 2 83
39.61 1 121
39.61 2 83
39.71 1 121
39.71 2 83
39.81 1 121
39.81 2 83
39.91 1 121
39.91 2 83
40.01 1 124
40.01 2 83
40.11 1 124
40.11 2 83
40.21 1 124
40.21 2 83
40.31 1 124
40.31 2 83
40.41 1 124
40.41 2 83
40.51 1 124
40.51 2 83
40.61 1 124
40.61 2 83
40.71 1 124
40.71 2 83
40.81 1 124
40.81 2 83
40.91 1 124
40.91 2 83
41.01 1 125
41.01 2 83
41.11 1 125
41.11 2 83
41.21 1 125
41.21 2 83
41.31 1 125
41.31 2 83
41.41 1 125
41.41 2 83
41.51 1 125
41.51 2 83
41.61 1 125
41.61 2 83
41.71 1 125
41.71 2 83
41.81 1 125
41.81 2 83
41.91 1 125
41.91 2 83
42.01 1 129
42.01 2 84
42.11 1 129
42.11 2 84
42.21 1 129
42.21 2 84
42.31 1 129
42.31 2 84
42.41 1 129
42.41 2 84
42.51 1 129
42.51 2 84
42.61 1 129
42.61 2 84
42.71 1 129
42.71 2 84
42.81 1 129
42.81 2 84
42.91 1 129
42.91 2 84
43.01 1 132
43.01 2 85
43.11 1 132
43.11 2 85
43.21 1 132
43.21 2 85
43.31 1 132
43.31 2 85
43.41 1 132
43.41 2 85
43.51 1 132
43.51 2 85
43.61 1 132
43.61 2 85
43.71 1 132
43.71 2 85
43.81 1 132
43.81 2 85
43.91 1 132
43.91 2 85
44.01 1 134
44.01 2 88
44.11 1 134
44.11 2 88
44.21 1 134
44.21 2 88
44.31 1 134
44.31 2 88
44.41 1 134
44.41 2 88
44.51 1 134
44.51 2 88
44.61 1 134
44.61 2 88
44.71 1 134
44.71 2 88
44.81 1 134
44.81 2 88
44.91 1 134
44.91 2 88
45.01 1 137
45.01 2 89
45.11 1 137
45.11 2 89
45.21 1 137
45.21 2 89
45.31 1 137
45.31 2 89
45.41 1 137
45.41 2 89
45.51 1 137
45.51 2 89
45.61 1 137
45.61 2 89
45.71 1 137
45.71 2 89
45.81 1 137
45.81 2 89
45.91 1 137
45.91 2 89
46.01 1 141
46.01 2 92
46.11 1 141
46.11 2 92
46.21 1 141
46.21 2 92
46.31 1 141
46.31 2 92
46.41 1 141
46.41 2 92
46.51 1 141
46.51 2 92
46.61 1 141
46.61 2 92
46.71 1 141
46.71 2 92
46.81 1 141
46.81 2 92
46.91 1 141
46.91 2 92
47.01 1 144
47.01 2 93
47.11 1 144
47.11 2 93
47.21 1 144
47.21 2 93
47.31 1 144
47.31 2 93
47.41 1 144
47.41 2 93
47.51 1 144
47.51 2 93
47.61 1 144
47.61 2 93
47.71 1 144
47.71 2 93
47.81 1 144
47.81 2 93
47.91 1 144
47.91 2 93
48.01 1 148
48.01 2 98
48.11 1 148
48.11 2 98
48.21 1 148
48.21 2 98
48.31 1 148
48.31 2 98
48.41 1 148
48.41 2 98
48.51 1 148
48.51 2 98
48.61 1 148
48.61 2 98
48.71 1 148
48.71 2 98
48.81 1 148
48.81 2 98
48.91 1 148
48.91 2 98
49.01 1 152
49.01 2 101
49.11 1 152
49.11 2 101
49.21 1 152
49.21 2 101
49.31 1 152
49.31 2 101
49.41 1 152
49.41 2 101
49.51 1 152
49.51 2 101
49.61 1 152
49.61 2 101
49.71 1 152
49.71 2 101
49.81 1 152
49.81 2 101
49.91 1 152
49.91 2 101
50.01 1 159
50.01 2 105
50.11 1 159
50.11 2 105
50.21 1 159
50.21 2 105
50.31 1 159
50.31 2 105
50.41 1 159
50.41 2 105
50.51 1 159
50.51 2 105
50.61 1 159
50.61 2 105
50.71 1 159
50.71 2 105
50.81 1 159
50.81 2 105
50.91 1 159
50.91 2 105
51.01 1 162
51.01 2 105
51.11 1 162
51.11 2 105
51.21 1 162
51.21 2 105
51.31 1 162
51.31 2 105
51.41 1 162
51.41 2 105
51.51 1 162
51.51 2 105
51.61 1 162
51.61 2 105
51.71 1 162
51.71 2 105
51.81 1 162
51.81 2 105
51.91 1 162
51.91 2 105
52.01 1 163
52.01 2 107
52.11 1 163
52.11 2 107
52.21 1 163
52.21 2 107
52.31 1 163
52.31 2 107
52.41 1 163
52.41 2 107
52.51 1 163
52.51 2 107
52.61 1 163
52.61 2 107
52.71 1 163
52.71 2 107
52.81 1 163
52.81 2 107
52.91 1 163
52.91 2 107
53.01 1 163
53.01 2 109
53.11 1 163
53.11 2 109
53.21 1 163
53.21 2 109
53.31 1 163
53.31 2 109
53.41 1 163
53.41 2 109
53.51 1 163
53.51 2 109
53.61 1 163
53.61 2 109
53.71 1 163
53.71 2 109
53.81 1 163
53.81 2 109
53.91 1 163
53.91 2 109
54.01 1 165
54.01 2 112
54.11 1 165
54.11 2 112
54.21 1 165
54.21 2 112
54.31 1 165
54.31 2 112
54.41 1 165
54.41 2 112
54.51 1 165
54.51 2 112
54.61 1 165
54.61 2 112
54.71 1 165
54.71 2 112
54.81 1 165
54.81 2 112
54.91 1 165
54.91 2 112
55.01 1 166
55.01 2 117
55.11 1 166
55.11 2 117
55.21 1 166
55.21 2 117
55.31 1 166
55.31 2 117
55.41 1 166
55.41 2 117
55.51 1 166
55.51 2 117
55.61 1 166
55.61 2 117
55.71 1 166
55.71 2 117
55.81 1 166
55.81 2 117
55.91 1 166
55.91 2 117
56.01 1 170
56.01 2 121
56.11 1 170
56.11 2 121
56.21 1 170
56.21 2 121
56.31 1 170
56.31 2 121
56.41 1 170
56.41 2 121
56.51 1 170
56.51 2 121
56.61 1 170
56.61 2 121
56.71 1 170
56.71 2 121
56.81 1 170
56.81 2 121
56.91 1 170
56.91 2 121
57.01 1 173
57.01 2 121
57.11 1 173
57.11 2 121
57.21 1 173
57.21 2 121
57.31 1 173
57.31 2 121
57.41 1 173
57.41 2 121
57.51 1 173
57.51 2 121
57.61 1 173
57.61 2 121
57.71 1 173
57.71 2 121
57.81 1 173
57.81 2 121
57.91 1 173
57.91 2 121
58.01 1 180
58.01 2 124
58.11 1 180
58.11 2 124
58.21 1 180
58.21 2 124
58.31 1 180
58.31 2 124
58.41 1 180
58.41 2 124
58.51 1 180
58.51 2 124
58.61 1 180
58.61 2 124
58.71 1 180
58.71 2 124
58.81 1 180
58.81 2 124
58.91 1 180
58.91 2 124
59.01 1 184
59.01 2 129
59.11 1 184
59.11 2 129
59.21 1 184
59.21 2 129
59.31 1 184
59.31 2 129
59.41 1 184
59.41 2 129
59.51 1 184
59.51 2 129
59.61 1 184
59.61 2 129
59.71 1 184
59.71 2 129
59.81 1 184
59.81 2 129
59.91 1 184
59.91 2 129
60.01 1 189
60.01 2 134
60.11 1 189
60.11 2 134
60.21 1 189
60.21 2 134
60.31 1 189
60.31 2 134
60.41 1 189
60.41 2 134
60.51 1 189
60.51 2 134
60.61 1 189
60.61 2 134
60.71 1 189
60.71 2 134
60.81 1 189
60.81 2 134
60.91 1 189
60.91 2 134
61.01 1 192
61.01 2 138
61.11 1 192
61.11 2 138
61.21 1 192
61.21 2 138
61.31 1 192
61.31 2 138
61.41 1 192
61.41 2 138
61.51 1 192
61.51 2 138
61.61 1 192
61.61 2 138
61.71 1 192
61.71 2 138
61.81 1 192
61.81 2 138
61.91 1 192
61.91 2 138
62.01 1 199
62.01 2 142
62.11 1 199
62.11 2 142
62.21 1 199
62.21 2 142
62.31 1 199
62.31 2 142
62.41 1 199
62.41 2 142
62.51 1 199
62.51 2 142
62.61 1 199
62.61 2 142
62.71 1 199
62.71 2 142
62.81 1 199
62.81 2 142
62.91 1 199
62.91 2 142
63.01 1 206
63.01 2 146
63.11 1 206
63.11 2 146
63.21 1 206
63.21 2 146
63.31 1 206
63.31 2 146
63.41 1 206
63.41 2 146
63.51 1 206
63.51 2 146
63.61 1 206
63.61 2 146
63.71 1 206
63.71 2 146
63.81 1 206
63.81 2 146
63.91 1 206
63.91 2 146
64.01 1 211
64.01 2 153
64.11 1 211
64.11 2 153
64.21 1 211
64.21 2 153
64.31 1 211
64.31 2 153
64.41 1 211
64.41 2 153
64.51 1 211
64.51 2 153
64.61 1 211
64.61 2 153
64.71 1 211
64.71 2 153
64.81 1 211
64.81 2 153
64.91 1 211
64.91 2 153
65.01 1 217
65.01 2 154
65.11 1 217
65.11 2 154
65.21 1 217
65.21 2 154
65.31 1 217
65.31 2 154
65.41 1 217
65.41 2 154
65.51 1 217
65.51 2 154
65.61 1 217
65.61 2 154
65.71 1 217
65.71 2 154
65.81 1 217
65.81 2 154
65.91 1 217
65.91 2 154
66.01 1 219
66.01 2 157
66.11 1 219
66.11 2 157
66.21 1 219
66.21 2 157
66.31 1 219
66.31 2 157
66.41 1 219
66.41 2 157
66.51 1 219
66.51 2 157
66.61 1 219
66.61 2 157
66.71 1 219
66.71 2 157
66.81 1 219
66.81 2 157
66.91 1 219
66.91 2 157
67.01 1 220
67.01 2 157
67.11 1 220
67.11 2 157
67.21 1 220
67.21 2 157
67.31 1 220
67.31 2 157
67.41 1 220
67.41 2 157
67.51 1 220
67.51 2 157
67.61 1 220
67.61 2 157
67.71 1 220
67.71 2 157
67.81 1 220
67.81 2 157
67.91 1 220
67.91 2 157
68.01 1 221
68.01 2 159
68.11 1 221
68.11 2 159
68.21 1 221
68.21 2 159
68.31 1 221
68.31 2 159
68.41 1 221
68.41 2 159
68.51 1 221
68.51 2 159
68.61 1 221
68.61 2 159
68.71 1 221
68.71 2 159
68.81 1 221
68.81 2 159
68.91 1 221
68.91 2 159
69.01 1 226
69.01 2 160
69.11 1 226
69.11 2 160
69.21 1 226
69.21 2 160
69.31 1 226
69.31 2 160
69.41 1 226
69.41 2 160
69.51 1 226
69.51 2 160
69.61 1 226
69.61 2 160
69.71 1 226
69.71 2 160
69.81 1 226
69.81 2 160
69.91 1 226
69.91 2 160
70.01 1 229
70.01 2 161
70.11 1 229
70.11 2 161
70.21 1 229
70.21 2 161
70.31 1 229
70.31 2 161
70.41 1 229
70.41 2 161
70.51 1 229
70.51 2 161
70.61 1 229
70.61 2 161
70.71 1 229
70.71 2 161
70.81 1 229
70.81 2 161
70.91 1 229
70.91 2 161
71.01 1 233
71.01 2 164
71.11 1 233
71.11 2 164
71.21 1 233
71.21 2 164
71.31 1 233
71.31 2 164
71.41 1 233
71.41 2 164
71.51 1 233
71.51 2 164
71.61 1 233
71.61 2 164
71.71 1 233
71.71 2 164
71.81 1 233
71.81 2 164
71.91 1 233
71.91 2 164
72.01 1 237
72.01 2 166
72.11 1 237
72.11 2 166
72.21 1 237
72.21 2 166
72.31 1 237
72.31 2 166
72.41 1 237
72.41 2 166
72.51 1 237
72.51 2 166
72.61 1 237
72.61 2 166
72.71 1 237
72.71 2 166
72.81 1 237
72.81 2 166
72.91 1 237
72.91 2 166
73.01 1 241
73.01 2 169
73.11 1 241
73.11 2 169
73.21 1 241
73.21 2 169
73.31 1 241
73.31 2 169
73.41 1 241
73.41 2 169
73.51 1 241
73.51 2 169
73.61 1 241
73.61 2 169
73.71 1 241
73.71 2 169
73.81 1 241
73.81 2 169
73.91 1 241
73.91 2 169
74.01 1 247
74.01 2 173
74.11 1 247
74.11 2 173
74.21 1 247
74.21 2 173
74.31 1 247
74.31 2 173
74.41 1 247
74.41 2 173
74.51 1 247
74.51 2 173
74.61 1 247
74.61 2 173
74.71 1 247
74.71 2 173
74.81 1 247
74.81 2 173
74.91 1 247
74.91 2 173
75.01 1 254
75.01 2 176
75.11 1 254
75.11 2 176
75.21 1 254
75.21 2 176
75.31 1 254
75.31 2 176
75.41 1 254
75.41 2 176
75.51 1 254
75.51 2 176
75.61 1 254
75.61 2 176
75.71 1 254
75.71 2 176
75.81 1 254
75.81 2 176
75.91 1 254
75.91 2 176
76.01 1 263
76.01 2 178
76.11 1 263
76.11 2 178
76.21 1 263
76.21 2 178
76.31 1 263
76.31 2 178
76.41 1 263
76.41 2 178
76.51 1 263
76.51 2 178
76.61 1 263
76.61 2 178
76.71 1 263
76.71 2 178
76.81 1 263
76.81 2 178
76.91 1 263
76.91 2 178
77.01 1 270
77.01 2 186
77.11 1 270
77.11 2 186
77.21 1 270
77.21 2 186
77.31 1 270
77.31 2 186
77.41 1 270
77.41 2 186
77.51 1 270
77.51 2 186
77.61 1 270
77.61 2 186
77.71 1 270
77.71 2 186
77.81 1 270
77.81 2 186
77.91 1 270
77.91 2 186
78.01 1 270
78.01 2 190
78.11 1 270
78.11 2 190
78.21 1 270
78.21 2 190
78.31 1 270
78.31 2 190
78.41 1 270
78.41 2 190
78.51 1 270
78.51 2 190
78.61 1 270
78.61 2 190
78.71 1 270
78.71 2 190
78.81 1 270
78.81 2 190
78.91 1 270
78.91 2 190
79.01 1 279
79.01 2 197
79.11 1 279
79.11 2 197
79.21 1 279
79.21 2 197
79.31 1 279
79.31 2 197
79.41 1 279
79.41 2 197
79.51 1 279
79.51 2 197
79.61 1 279
79.61 2 197
79.71 1 279
79.71 2 197
79.81 1 279
79.81 2 197
79.91 1 279
79.91 2 197
80.01 1 285
80.01 2 203
80.11 1 285
80.11 2 203
80.21 1 285
80.21 2 203
80.31 1 285
80.31 2 203
80.41 1 285
80.41 2 203
80.51 1 285
80.51 2 203
80.61 1 285
80.61 2 203
80.71 1 285
80.71 2 203
80.81 1 285
80.81 2 203
80.91 1 285
80.91 2 203
81.01 1 294
81.01 2 208
81.11 1 294
81.11 2 208
81.21 1 294
81.21 2 208
81.31 1 294
81.31 2 208
81.41 1 294
81.41 2 208
81.51 1 294
81.51 2 208
81.61 1 294
81.61 2 208
81.71 1 294
81.71 2 208
81.81 1 294
81.81 2 208
81.91 1 294
81.91 2 208
82.01 1 294
82.01 2 209
82.11 1 294
82.11 2 209
82.21 1 294
82.21 2 209
82.31 1 294
82.31 2 209
82.41 1 294
82.41 2 209
82.51 1 294
82.51 2 209
82.61 1 294
82.61 2 209
82.71 1 294
82.71 2 209
82.81 1 294
82.81 2 209
82.91 1 294
82.91 2 209
83.01 1 296
83.01 2 209
83.11 1 296
83.11 2 209
83.21 1 296
83.21 2 209
83.31 1 296
83.31 2 209
83.41 1 296
83.41 2 209
83.51 1 296
83.51 2 209
83.61 1 296
83.61 2 209
83.71 1 296
83.71 2 209
83.81 1 296
83.81 2 209
83.91 1 296
83.91 2 209
84.01 1 298
84.01 2 211
84.11 1 298
84.11 2 211
84.21 1 298
84.21 2 211
84.31 1 298
84.31 2 211
84.41 1 298
84.41 2 211
84.51 1 298
84.51 2 211
84.61 1 298
84.61 2 211
84.71 1 298
84.71 2 211
84.81 1 298
84.81 2 211
84.91 1 298
84.91 2 211
85.01 1 298
85.01 2 212
85.11 1 298
85.11 2 212
85.21 1 298
85.21 2 212
85.31 1 298
85.31 2 212
85.41 1 298
85.41 2 212
85.51 1 298
85.51 2 212
85.61 1 298
85.61 2 212
85.71 1 298
85.71 2 212
85.81 1 298
85.81 2 212
85.91 1 298
85.91 2 212
86.01 1 299
86.01 2 212
86.11 1 299
86.11 2 212
86.21 1 299
86.21 2 212
86.31 1 299
86.31 2 212
86.41 1 299
86.41 2 212
86.51 1 299
86.51 2 212
86.61 1 299
86.61 2 212
86.71 1 299
86.71 2 212
86.81 1 299
86.81 2 212
86.91 1 299
86.91 2 212
87.01 1 299
87.01 2 212
87.11 1 299
87.11 2 212
87.21 1 299
87.21 2 212
87.31 1 299
87.31 2 212
87.41 1 299
87.41 2 212
87.51 1 299
87.51 2 212
87.61 1 299
87.61 2 212
87.71 1 299
87.71 2 212
87.81 1 299
87.81 2 212
87.91 1 299
87.91 2 212
88.01 1 301
88.01 2 212
88.11 1 301
88.11 2 212
88.21 1 301
88.21 2 212
88.31 1 301
88.31 2 212
88.41 1 301
88.41 2 212
88.51 1 301
88.51 2 212
88.61 1 301
88.61 2 212
88.71 1 301
88.71 2 212
88.81 1 301
88.81 2 212
88.91 1 301
88.91 2 212
89.01 1 302
89.01 2 213
89.11 1 302
89.11 2 213
89.21 1 302
89.21 2 213
89.31 1 302
89.31 2 213
89.41 1 302
89.41 2 213
89.51 1 302
89.51 2 213
89.61 1 302
89.61 2 213
89.71 1 302
89.71 2 213
89.81 1 302
89.81 2 213
89.91 1 302
89.91 2 213
90.01 1 306
90.01 2 213
90.11 1 306
90.11 2 213
90.21 1 306
90.21 2 213
90.31 1 306
90.31 2 213
90.41 1 306
90.41 2 213
90.51 1 306
90.51 2 213
90.61 1 306
90.61 2 213
90.71 1 306
90.71 2 213
90.81 1 306
90.81 2 213
90.91 1 306
90.91 2 213
91.01 1 307
91.01 2 213
91.11 1 307
91.11 2 213
91.21 1 307
91.21 2 213
91.31 1 307
91.31 2 213
91.41 1 307
91.41 2 213
91.51 1 307
91.51 2 213
91.61 1 307
91.61 2 213
91.71 1 307
91.71 2 213
91.81 1 307
91.81 2 213
91.91 1 307
91.91 2 213
92.01 1 308
92.01 2 214
92.11 1 308
92.11 2 214
92.21 1 308
92.21 2 214
92.31 1 308
92.31 2 214
92.41 1 308
92.41 2 214
92.51 1 308
92.51 2 214
92.61 1 308
92.61 2 214
92.71 1 308
92.71 2 214
92.81 1 308
92.81 2 214
92.91 1 308
92.91 2 214
93.01 1 310
93.01 2 214
93.11 1 310
93.11 2 214
93.21 1 310
93.21 2 214
93.31 1 310
93.31 2 214
93.41 1 310
93.41 2 214
93.51 1 310
93.51 2 214
93.61 1 310
93.61 2 214
93.71 1 310
93.71 2 214
93.81 1 310
93.81 2 214
93.91 1 310
93.91 2 214
94.01 1 311
94.01 2 214
94.11 1 311
94.11 2 214
94.21 1 311
94.21 2 214
94.31 1 311
94.31 2 214
94.41 1 311
94.41 2 214
94.51 1 311
94.51 2 214
94.61 1 311
94.61 2 214
94.71 1 311
94.71 2 214
94.81 1 311
94.81 2 214
94.91 1 311
94.91 2 214
95.01 1 313
95.01 2 216
95.11 1 313
95.11 2 216
95.21 1 313
95.21 2 216
95.31 1 313
95.31 2 216
95.41 1 313
95.41 2 216
95.51 1 313
95.51 2 216
95.61 1 313
95.61 2 216
95.71 1 313
95.71 2 216
95.81 1 313
95.81 2 216
95.91 1 313
95.91 2 216
96.01 1 318
96.01 2 219
96.11 1 318
96.11 2 219
96.21 1 318
96.21 2 219
96.31 1 318
96.31 2 219
96.41 1 318
96.41 2 219
96.51 1 318
96.51 2 219
96.61 1 318
96.61 2 219
96.71 1 318
96.71 2 219
96.81 1 318
96.81 2 219
96.91 1 318
96.91 2 219
97.01 1 320
97.01 2 220
97.11 1 320
97.11 2 220
97.21 1 320
97.21 2 220
97.31 1 320
97.31 2 220
97.41 1 320
97.41 2 220
97.51 1 320
97.51 2 220
97.61 1 320
97.61 2 220
97.71 1 320
97.71 2 220
97.81 1 320
97.81 2 220
97.91 1 320
97.91 2 220
98.01 1 323
98.01 2 221
98.11 1 323
98.11 2 221
98.21 1 323
98.21 2 221
98.31 1 323
98.31 2 221
98.41 1 323
98.41 2 221
98.51 1 323
98.51 2 221
98.61 1 323
98.61 2 221
98.71 1 323
98.71 2 221
98.81 1 323
98.81 2 221
98.91 1 323
98.91 2 221
99.01 1 323
99.01 2 224
99.11 1 323
99.11 2 224
99.21 1 323
99.21 2 224
99.31 1 323
99.31 2 224
99.41 1 323
99.41 2 224
99.51 1 323
99.51 2 224
99.61 1 323
99.61 2 224
99.71 1 323
99.71 2 224
99.81 1 323
99.81 2 224
99.91 1 323
99.91 2 224
100.01 1 326
100.01 2 226
100.11 1 326
100.11 2 226
100.21 1 326
100.21 2 226
100.31 1 326
100.31 2 226
100.41 1 326
100.41 2 226
100.51 1 326
100.51 2 226
100.61 1 326
100.61 2 226
100.71 1 326
100.71 2 226
100.81 1 326
100.81 2 226
100.91 1 326
100.91 2 226
101.01 1 326
101.01 2 226
101.11 1 326
101.11 2 226
101.21 1 326
101.21 2 226
101.31 1 326
101.31 2 226
101.41 1 326
101.41 2 226
101.51 1 326
101.51 2 226
101.61 1 326
101.61 2 226
101.71 1 326
101.71 2 226
101.81 1 326
101.81 2 226
101.91 1 326
101.91 2 226
102.01 1 326
102.01 2 226
102.11 1 326
102.11 2 226
102.21 1 326
102.21 2 226
102.31 1 326
102.31 2 226
102.41 1 326
102.41 2 226
102.51 1 326
102.51 2 226
102.61 1 326
102.61 2 226
102.71 1 326
102.71 2 226
102.81 1 326
102.81 2 226
102.91 1 326
102.91 2 226
103.01 1 326
103.01 2 226
103.11 1 326
103.11 2 226
103.21 1 326
103.21 2 226
103.31 1 326
103.31 2 226
103.41 1 326
103.41 2 226
103.51 1 326
103.51 2 226
103.61 1 326
103.61 2 226
103.71 1 326
103.71 2 226
103.81 1 326
103.81 2 226
103.91 1 326
103.91 2 226
104.01 1 326
104.01 2 226
104.11 1 326
104.11 2 226
104.21 1 326
104.21 2 226
104.31 1 326
104.31 2 226
104.41 1 326
104.41 2 226
104.51 1 326
104.51 2 226
104.61 1 326
104.61 2 226
104.71 1 326
104.71 2 226
104.81 1 326
104.81 2 226
104.91 1 326
104.91 2 226
105.01 1 326
105.01 2 226
105.11 1 326
105.11 2 226
105.21 1 326
105.21 2 226
105.31 1 326
105.31 2 226
105.41 1 326
105.41 2 226
105.51 1 326
105.51 2 226
105.61 1 326
105.61 2 226
105.71 1 326
105.71 2 226
105.81 1 326
105.81 2 226
105.91 1 326
105.91 2 226
106.01 1 326
106.01 2 226
106.11 1 326
106.11 2 226
106.21 1 326
106.21 2 226
106.31 1 326
106.31 2 226
106.41 1 326
106.41 2 226
106.51 1 326
106.51 2 226
106.61 1 326
106.61 2 226
106.71 1 326
106.71 2 226
106.81 1 326
106.81 2 226
106.91 1 326
106.91 2 226
107.01 1 326
107.01 2 226
107.11 1 326
107.11 2 226
107.21 1 326
107.21 2 226
107.31 1 326
107.31 2 226
107.41 1 326
107.41 2 226
107.51 1 326
107.51 2 226
107.61 1 326
107.61 2 226
107.71 1 326
107.71 2 226
107.81 1 326
107.81 2 226
107.91 1 326
107.91 2 226
108.01 1 326
108.01 2 226
108.11 1 326
108.11 2 226
108.21 1 326
108.21 2 226
108.31 1 326
108.31 2 226
108.41 1 326
108.41 2 226
108.51 1 326
108.51 2 226
108.61 1 326
108.61 2 226
108.71 1 326
108.71 2 226
108.81 1 326
108.81 2 226
108.91 1 326
108.91 2 226
109.01 1 326
109.01 2 226
109.11 1 326
109.11 2 226
109.21 1 326
109.21 2 226
109.31 1 326
109.31 2 226
109.41 1 326
109.41 2 226
109.51 1 326
109.51 2 226
109.61 1 326
109.61 2 226
109.71 1 326
109.71 2 226
109.81 1 326
109.81 2 226
109.91 1 326
109.91 2 226
110.01 1 326
110.01 2 226
110.11 1 326
110.11 2 226
110.21 1 326
110.21 2 226
110.31 1 326
110.31 2 226
110.41 1 326
110.41 2 226
110.51 1 326
110.51 2 226
110.61 1 326
110.61 2 226
110.71 1 326
110.71 2 226
110.81 1 326
110.81 2 226
110.91 1 326
110.91 2 226
111.01 1 326
111.01 2 226
111.11 1 326
111.11 2 226
111.21 1 326
111.21 2 226
111.31 1 326
111.31 2 226
111.41 1 326
111.41 2 226
111.51 1 326
111.51 2 226
111.61 1 326
111.61 2 226
111.71 1 326
111.71 2 226
111.81 1 326
111.81 2 226
111.91 1 326
111.91 2 226
112.01 1 326
112.01 2 226
112.11 1 326
112.11 2 226
112.21 1 326
112.21 2 226
112.31 1 326
112.31 2 226
112.41 1 326
112.41 2 226
112.51 1 326
112.51 2 226
112.61 1 326
112.61 2 226
112.71 1 326
112.71 2 226
112.81 1 326
112.81 2 226
112.91 1 326
112.91 2 226
113.01 1 326
113.01 2 226
113.11 1 326
113.11 2 226
113.21 1 326
113.21 2 226
113.31 1 326
113.31 2 226
113.41 1 326
113.41 2 226
113.51 1 326
113.51 2 226
113.61 1 326
113.61 2 226
113.71 1 326
113.71 2 226
113.81 1 326
113.81 2 226
113.91 1 326
113.91 2 226
114.01 1 326
114.01 2 226
114.11 1 326
114.11 2 226
114.21 1 326
114.21 2 226
114.31 1 326
114.31 2 226
114.41 1 326
114.41 2 226
114.51 1 326
114.51 2 226
114.61 1 326
114.61 2 226
114.71 1 326
114.71 2 226
114.81 1 326
114.81 2 226
114.91 1 326
114.91 2 226
115.01 1 326
115.01 2 226
115.11 1 326
115.11 2 226
115.21 1 326
115.21 2 226
115.31 1 326
115.31 2 226
115.41 1 326
115.41 2 226
115.51 1 326
115.51 2 226
115.61 1 326
115.61 2 226
115.71 1 326
115.71 2 226
115.81 1 326
115.81 2 226
115.91 1 326
115.91 2 226
116.01 1 326
116.01 2 226
116.11 1 326
116.11 2 226
116.21 1 326
116.21 2 226
116.31 1 326
116.31 2 226
116.41 1 326
116.41 2 226
116.51 1 326
116.51 2 226
116.61 1 326
116.61 2 226
116.71 1 326
116.71 2 226
116.81 1 326
116.81 2 226
116.91 1 326
116.91 2 226
117.01 1 326
117.01 2 226
117.11 1 326
117.11 2 226
117.21 1 326
117.21 2 226
117.31 1 326
117.31 2 226
117.41 1 326
117.41 2 226
117.51 1 326
117.51 2 226
117.61 1 326
117.61 2 226
117.71 1 326
117.71 2 226
117.81 1 326
117.81 2 226
117.91 1 326
117.91 2 226
118.01 1 326
118.01 2 226
118.11 1 326
118.11 2 226
118.21 1 326
118.21 2 226
118.31 1 326
118.31 2 226
118.41 1 326
118.41 2 226
118.51 1 326
118.51 2 226
118.61 1 326
118.61 2 226
118.71 1 326
118.71 2 226
118.81 1 326
118.81 2 226
118.91 1 326
118.91 2 226
119.01 1 326
119.01 2 226
119.11 1 326
119.11 2 226
119.21 1 326
119.21 2 226
119.31 1 326
119.31 2 226
119.41 1 326
119.41 2 226
119.51 1 326
119.51 2 226
119.61 1 326
119.61 2 226
119.71 1 326
119.71 2 226
119.81 1 326
119.81 2 226
119.91 1 326
119.91 2 226
120.01 1 326
120.01 2 226
120.11 1 326
120.11 2 226
120.21 1 326
120.21 2 226
120.31 1 326
120.31 2 226
120.41 1 326
120.41 2 226
120.51 1 326
120.51 2 226
120.61 1 326
120.61 2 226
120.71 1 326
120.71 2 226
120.81 1 326
120.81 2 226
120.91 1 326
120.91 2 226
121.01 1 326
121.01 2 226
121.11 1 326
121.11 2 226
121.21 1 326
121.21 2 226
121.31 1 326
121.31 2 226
121.41 1 326
121.41 2 226
121.51 1 326
121.51 2 226
121.61 1 326
121.61 2 226
121.71 1 326
121.71 2 226
121.81 1 326
121.81 2 226
121.91 1 326
121.91 2 226
122.01 1 326
122.01 2 226
122.11 1 326
122.11 2 226
122.21 1 326
122.21 2 226
122.31 1 326
122.31 2 226
122.41 1 326
122.41 2 226
122.51 1 326
122.51 2 226
122.61 1 326
122.61 2 226
122.71 1 326
122.71 2 226
122.81 1 326
122.81 2 226
122.91 1 326
122.91 2 226
123.01 1 326
123.01 2 226
123.11 1 326
123.11 2 226
123.21 1 326
123.21 2 226
123.31 1 326
123.31 2 226
123.41 1 326
123.41 2 226
123.51 1 326
123.51 2 226
123.61 1 326
123.61 2 226
123.71 1 326
123.71 2 226
123.81 1 326
123.81 2 226
123.91 1 326
123.91 2 226
124.01 1 326
124.01 2 226
124.11 1 326
124.11 2 226
124.21 1 326
124.21 2 226
124.31 1 326
124.31 2 226
124.41 1 326
124.41 2 226
124.51 1 326
124.51 2 226
124.61 1 326
124.61 2 226
124.71 1 326
124.71 2 226
124.81 1 326
124.81 2 226
124.91 1 326
124.91 2 226
125.01 1 326
125.01 2 226
125.11 1 326
125.11 2 226
125.21 1 326
125.21 2 226
125.31 1 326
125.31 2 226
125.41 1 326
125.41 2 226
125.51 1 326
125.51 2 226
125.61 1 326
125.61 2 226
125.71 1 326
125.71 2 226
125.81 1 326
125.81 2 226
125.91 1 326
125.91 2 226
126.01 1 326
126.01 2 226
126.11 1 326
126.11 2 226
126.21 1 326
126.21 2 226
126.31 1 326
126.31 2 226
126.41 1 326
126.41 2 226
126.51 1 326
126.51 2 226
126.61 1 326
126.61 2 226
126.71 1 326
126.71 2 226
126.81 1 326
126.81 2 226
126.91 1 326
126.91 2 226
127.01 1 326
127.01 2 226
127.11 1 326
127.11 2 226
127.21 1 326
127.21 2 226
127.31 1 326
127.31 2 226
127.41 1 326
127.41 2 226
127.51 1 326
127.51 2 226
127.61 1 326
127.61 2 226
127.71 1 326
127.71 2 226
127.81 1 326
127.81 2 226
127.91 1 326
127.91 2 226
128.01 1 326
128.01 2 226
128.11 1 326
128.11 2 226
128.21 1 326
128.21 2 226
128.31 1 326
128.31 2 226
128.41 1 326
128.41 2 226
128.51 1 326
128.51 2 226
128.61 1 326
128.61 2 226
128.71 1 326
128.71 2 226
128.81 1 326
128.81 2 226
128.91 1 326
128.91 2 226
129.01 1 326
129.01 2 226
129.11 1 326
129.11 2 226
129.21 1 326
129.21 2 226
129.31 1 326
129.31 2 226
129.41 1 326
129.41 2 226
129.51 1 326
129.51 2 226
129.61 1 326
129.61 2 226
129.71 1 326
129.71 2 226
129.81 1 326
129.81 2 226
129.91 1 326
129.91 2 226
130.01 1 326
130.01 2 226
130.11 1 326
130.11 2 226
130.21 1 326
130.21 2 226
130.31 1 326
130.31 2 226
130.41 1 326
130.41 2 226
130.51 1 326
130.51 2 226
130.61 1 326
130.61 2 226
130.71 1 326
130.71 2 226
130.81 1 326
130.81 2 226
130.91 1 326
130.91 2 226
131.01 1 326
131.01 2 226
131.11 1 326
131.11 2 226
131.21 1 326
131.21 2 226
131.31 1 326
131.31 2 226
131.41 1 326
131.41 2 226
131.51 1 326
131.51 2 226
131.61 1 326
131.61 2 226
131.71 1 326
131.71 2 226
131.81 1 326
131.81 2 226
131.91 1 326
131.91 2 226
132.01 1 326
132.01 2 226
132.11 1 326
132.11 2 226
132.21 1 326
132.21 2 226
132.31 1 326
132.31 2 226
132.41 1 326
132.41 2 226
132.51 1 326
132.51 2 226
132.61 1 326
132.61 2 226
132.71 1 326
132.71 2 226
132.81 1 326
132.81 2 226
132.91 1 326
132.91 2 226
133.01 1 326
133.01 2 226
133.11 1 326
133.11 2 226
133.21 1 326
133.21 2 226
133.31 1 326
133.31 2 226
133.41 1 326
133.41 2 226
133.51 1 326
133.51 2 226
133.61 1 326
133.61 2 226
133.71 1 326
133.71 2 226
133.81 1 326
133.81 2 226
133.91 1 326
133.91 2 226
134.01 1 326
134.01 2 226
134.11 1 326
134.11 2 226
134.21 1 326
134.21 2 226
134.31 1 326
134.31 2 226
134.41 1 326
134.41 2 226
134.51 1 326
134.51 2 226
134.61 1 326
134.61 2 226
134.71 1 326
134.71 2 226
134.81 1 326
134.81 2 226
134.91 1 326
134.91 2 226
135.01 1 326
135.01 2 226
135.11 1 326
135.11 2 226
135.21 1 326
135.21 2 226
135.31 1 326
135.31 2 226
135.41 1 326
135.41 2 226
135.51 1 326
135.51 2 226
135.61 1 326
135.61 2 226
135.71 1 326
135.71 2 226
135.81 1 326
135.81 2 226
135.91 1 326
135.91 2 226
136.01 1 326
136.01 2 226
136.11 1 326
136.11 2 226
136.21 1 326
136.21 2 226
136.31 1 326
136.31 2 226
136.41 1 326
136.41 2 226
136.51 1 326
136.51 2 226
136.61 1 326
136.61 2 226
136.71 1 326
136.71 2 226
136.81 1 326
136.81 2 226
136.91 1 326
136.91 2 226
137.01 1 326
137.01 2 226
137.11 1 326
137.11 2 226
137.21 1 326
137.21 2 226
137.31 1 326
137.31 2 226
137.41 1 326
137.41 2 226
137.51 1 326
137.51 2 226
137.61 1 326
137.61 2 226
137.71 1 326
137.71 2 226
137.81 1 326
137.81 2 226
137.91 1 326
137.91 2 226
138.01 1 326
138.01 2 226
138.11 1 326
138.11 2 226
138.21 1 326
138.21 2 226
138.31 1 326
138.31 2 226
138.41 1 326
138.41 2 226
138.51 1 326
138.51 2 226
138.61 1 326
138.61 2 226
138.71 1 326
138.71 2 226
138.81 1 326
138.81 2 226
138.91 1 326
138.91 2 226
139.01 1 326
139.01 2 226
139.11 1 326
139.11 2 226
139.21 1 326
139.21 2 226
139.31 1 326
139.31 2 226
139.41 1 326
139.41 2 226
139.51 1 326
139.51 2 226
139.61 1 326
139.61 2 226
139.71 1 326
139.71 2 226
139.81 1 326
139.81 2 226
139.91 1 326
139.91 2 226
140.01 1 326
140.01 2 226
140.11 1 326
140.11 2 226
140.21 1 326
140.21 2 226
140.31 1 326
140.31 2 226
140.41 1 326
140.41 2 226
140.51 1 326
140.51 2 226
140.61 1 326
140.61 2 226
140.71 1 326
140.71 2 226
140.81 1 326
140.81 2 226
140.91 1 326
140.91 2 226
141.01 1 326
141.01 2 226
141.11 1 326
141.11 2 226
141.21 1 326
141.21 2 226
141.31 1 326
141.31 2 226
141.41 1 326
141.41 2 226
141.51 1 326
141.51 2 226
141.61 1 326
141.61 2 226
141.71 1 326
141.71 2 226
141.81 1 326
141.81 2 226
141.91 1 326
141.91 2 226
142.01 1 326
142.01 2 226
142.11 1 326
142.11 2 226
142.21 1 326
142.21 2 226
142.31 1 326
142.31 2 226
142.41 1 326
142.41 2 226
142.51 1 326
142.51 2 226
142.61 1 326
142.61 2 226
142.71 1 326
142.71 2 226
142.81 1 326
142.81 2 226
142.91 1 326
142.91 2 226
143.01 1 326
143.01 2 226
143.11 1 326
143.11 2 226
143.21 1 326
143.21 2 226
143.31 1 326
143.31 2 226
143.41 1 326
143.41 2 226
143.51 1 326
143.51 2 226
143.61 1 326
143.61 2 226
143.71 1 326
143.71 2 226
143.81 1 326
143.81 2 226
143.91 1 326
143.91 2 226
144.01 1 326
144.01 2 226
144.11 1 326
144.11 2 226
144.21 1 326
144.21 2 226
144.31 1 326
144.31 2 226
144.41 1 326
144.41 2 226
144.51 1 326
144.51 2 226
144.61 1 326
144.61 2 226
144.71 1 326
144.71 2 226
144.81 1 326
144.81 2 226
144.91 1 326
144.91 2 226
145.01 1 326
145.01 2 226
145.11 1 326
145.11 2 226
145.21 1 326
145.21 2 226
145.31 1 326
145.31 2 226
145.41 1 326
145.41 2 226
145.51 1 326
145.51 2 226
145.61 1 326
145.61 2 226
145.71 1 326
145.71 2 226
145.81 1 326
145.81 2 226
145.91 1 326
145.91 2 226
146.01 1 326
146.01 2 226
146.11 1 326
146.11 2 226
146.21 1 326
146.21 2 226
146.31 1 326
146.31 2 226
146.41 1 326
146.41 2 226
146.51 1 326
146.51 2 226
146.61 1 326
146.61 2 226
146.71 1 326
146.71 2 226
146.81 1 326
146.81 2 226
146.91 1 326
146.91 2 226
147.01 1 326
147.01 2 226
147.11 1 326
147.11 2 226
147.21 1 326
147.21 2 226
147.31 1 326
147.31 2 226
147.41 1 326
147.41 2 226
147.51 1 326
147.51 2 226
147.61 1 326
147.61 2 226
147.71 1 326
147.71 2 226
147.81 1 326
147.81 2 226
147.91 1 326
147.91 2 226
148.01 1 326
148.01 2 226
148.11 1 326
148.11 2 226
148.21 1 326
148.21 2 226
148.31 1 326
148.31 2 226
148.41 1 326
148.41 2 226
148.51 1 326
148.51 2 226
148.61 1 326
148.61 2 226
148.71 1 326
148.71 2 226
148.81 1 326
148.81 2 226
148.91 1 326
148.91 2 226
149.01 1 326
149.01 2 226
149.11 1 326
149.11 2 226
149.21 1 326
149.21 2 226
149.31 1 326
149.31 2 226
149.41 1 326
149.41 2 226
149.51 1 326
149.51 2 226
149.61 1 326
149.61 2 226
149.71 1 326
149.71 2 226
149.81 1 326
149.81 2 226
149.91 1 326
149.91 2 226
150.01 1 326
150.01 2 226
150.11 1 326
150.11 2 226
150.21 1 326
150.21 2 226
150.31 1 326
150.31 2 226
150.41 1 326
150.41 2 226
150.51 1 326
150.51 2 226
150.61 1 326
150.61 2 226
150.71 1 326
150.71 2 226
150.81 1 326
150.81 2 226
150.91 1 326
150.91 2 226
151.01 1 326
151.01 2 226
151.11 1 326
151.11 2 226
151.21 1 326
151.21 2 226
151.31 1 326
151.31 2 226
151.41 1 326
151.41 2 226
151.51 1 326
151.51 2 226
151.61 1 326
151.61 2 226
151.71 1 326
151.71 2 226
151.81 1 326
151.81 2 226
151.91 1 326
151.91 2 226
152.01 1 326
152.01 2 226
152.11 1 326
152.11 2 226
152.21 1 326
152.21 2 226
152.31 1 326
152.31 2 226
152.41 1 326
152.41 2 226
152.51 1 326
152.51 2 226
152.61 1 326
152.61 2 226
152.71 1 326
152.71 2 226
152.81 1 326
152.81 2 226
152.91 1 326
152.91 2 226
153.01 1 326
153.01 2 226
153.11 1 326
153.11 2 226
153.21 1 326
153.21 2 226
153.31 1 326
153.31 2 226
153.41 1 326
153.41 2 226
153.51 1 326
153.51 2 226
153.61 1 326
153.61 2 226
153.71 1 326
153.71 2 226
153.81 1 326
153.81 2 226
153.91 1 326
153.91 2 226
154.01 1 326
154.01 2 226
154.11 1 326
154.11 2 226
154.21 1 326
154.21 2 226
154.31 1 326
154.31 2 226
154.41 1 326
154.41 2 226
154.51 1 326
154.51 2 226
154.61 1 326
154.61 2 226
154.71 1 326
154.71 2 226
154.81 1 326
154.81 2 226
154.91 1 326
154.91 2 226
155.01 1 326
155.01 2 226
155.11 1 326
155.11 2 226
155.21 1 326
155.21 2 226
155.31 1 326
155.31 2 226
155.41 1 326
155.41 2 226
155.51 1 326
155.51 2 226
155.61 1 326
155.61 2 226
155.71 1 326
155.71 2 226
155.81 1 326
155.81 2 226
155.91 1 326
155.91 2 226
156.01 1 326
156.01 2 226
156.11 1 326
156.11 2 226
156.21 1 326
156.21 2 226
156.31 1 326
156.31 2 226
156.41 1 326
156.41 2 226
156.51 1 326
156.51 2 226
156.61 1 326
156.61 2 226
156.71 1 326
156.71 2 226
156.81 1 326
156.81 2 226
156.91 1 326
156.91 2 226
157.01 1 326
157.01 2 226
157.11 1 326
157.11 2 226
157.21 1 326
157.21 2 226
157.31 1 326
157.31 2 226
157.41 1 326
157.41 2 226
157.51 1 326
157.51 2 226
157.61 1 326
157.61 2 226
157.71 1 326
157.71 2 226
157.81 1 326
157.81 2 226
157.91 1 326
157.91 2 226
158.01 1 326
158.01 2 226
158.11 1 326
158.11 2 226
158.21 1 326
158.21 2 226
158.31 1 326
158.31 2 226
158.41 1 326
158.41 2 226
158.51 1 326
158.51 2 226
158.61 1 326
158.61 2 226
158.71 1 326
158.71 2 226
158.81 1 326
158.81 2 226
158.91 1 326
158.91 2 226
159.01 1 326
159.01 2 226
159.11 1 326
159.11 2 226
159.21 1 326
159.21 2 226
159.31 1 326
159.31 2 226
159.41 1 326
159.41 2 226
159.51 1 326
159.51 2 226
159.61 1 326
159.61 2 226
159.71 1 326
159.71 2 226
159.81 1 326
159.81 2 226
159.91 1 326
159.91 2 226
160.01 1 326
160.01 2 226
160.11 1 326
160.11 2 226
160.21 1 326
160.21 2 226
160.31 1 326
160.31 2 226
160.41 1 326
160.41 2 226
160.51 1 326
160.51 2 226
160.61 1 326
160.61 2 226
160.71 1 326
160.71 2 226
160.81 1 326
160.81 2 226
160.91 1 326
160.91 2 226
161.01 1 326
161.01 2 226
161.11 1 326
161.11 2 226
161.21 1 326
161.21 2 226
161.31 1 326
161.31 2 226
161.41 1 326
161.41 2 226
161.51 1 326
161.51 2 226
161.61 1 326
161.61 2 226
161.71 1 326
161.71 2 226
161.81 1 326
161.81 2 226
161.91 1 326
161.91 2 226
162.01 1 326
162.01 2 226
162.11 1 326
162.11 2 226
162.21 1 326
162.21 2 226
162.31 1 326
162.31 2 226
162.41 1 326
162.41 2 226
162.51 1 326
162.51 2 226
162.61 1 326
162.61 2 226
162.71 1 326
162.71 2 226
162.81 1 326
162.81 2 226
162.91 1 326
162.91 2 226
163.01 1 326
163.01 2 226
163.11 1 326
163.11 2 226
163.21 1 326
163.21 2 226
163.31 1 326
163.31 2 226
163.41 1 326
163.41 2 226
163.51 1 326
163.51 2 226
163.61 1 326
163.61 2 226
163.71 1 326
163.71 2 226
163.81 1 326
163.81 2 226
163.91 1 326
163.91 2 226
164.01 1 326
164.01 2 226
164.11 1 326
164.11 2 226
164.21 1 326
164.21 2 226
164.31 1 326
164.31 2 226
164.41 1 326
164.41 2 226
164.51 1 326
164.51 2 226
164.61 1 326
164.61 2 226
164.71 1 326
164.71 2 226
164.81 1 326
164.81 2 226
164.91 1 326
164.91 2 226
165.01 1 326
165.01 2 226
165.11 1 326
165.11 2 226
165.21 1 326
165.21 2 226
165.31 1 326
165.31 2 226
165.41 1 326
165.41 2 226
165.51 1 326
165.51 2 226
165.61 1 326
165.61 2 226
165.71 1 326
165.71 2 226
165.81 1 326
165.81 2 226
165.91 1 326
165.91 2 226
166.01 1 326
166.01 2 226
166.11 1 326
166.11 2 226
166.21 1 326
166.21 2 226
166.31 1 326
166.31 2 226
166.41 1 326
166.41 2 226
166.51 1 326
166.51 2 226
166.61 1 326
166.61 2 226
166.71 1 326
166.71 2 226
166.81 1 326
166.81 2 226
166.91 1 326
166.91 2 226
167.01 1 326
167.01 2 226
167.11 1 326
167.11 2 226
167.21 1 326
167.21 2 226
167.31 1 326
167.31 2 226
167.41 1 326
167.41 2 226
167.51 1 326
167.51 2 226
167.61 1 326
167.61 2 226
167.71 1 326
167.71 2 226
167.81 1 326
167.81 2 226
167.91 1 326
167.91 2 226
168.01 1 326
168.01 2 226
168.11 1 326
168.11 2 226
168.21 1 326
168.21 2 226
168.31 1 326
168.31 2 226
168.41 1 326
168.41 2 226
168.51 1 326
168.51 2 226
168.61 1 326
168.61 2 226
168.71 1 326
168.71 2 226
168.81 1 326
168.81 2 226
168.91 1 326
168.91 2 226
169.01 1 326
169.01 2 226
169.11 1 326
169.11 2 226
169.21 1 326
169.21 2 226
169.31 1 326
169.31 2 226
169.41 1 326
169.41 2 226
169.51 1 326
169.51 2 226
169.61 1 326
169.61 2 226
169.71 1 326
169.71 2 226
169.81 1 326
169.81 2 226
169.91 1 326
169.91 2 226
170.01 1 326
170.01 2 226
170.11 1 326
170.11 2 226
170.21 1 326
170.21 2 226
170.31 1 326
170.31 2 226
170.41 1 326
170.41 2 226
170.51 1 326
170.51 2 226
170.61 1 326
170.61 2 226
170.71 1 326
170.71 2 226
170.81 1 326
170.81 2 226
170.91 1 326
170.91 2 226
171.01 1 326
171.01 2 226
171.11 1 326
171.11 2 226
171.21 1 326
171.21 2 226
171.31 1 326
171.31 2 226
171.41 1 326
171.41 2 226
171.51 1 326
171.51 2 226
171.61 1 326
171.61 2 226
171.71 1 326
171.71 2 226
171.81 1 326
171.81 2 226
171.91 1 326
171.91 2 226
172.01 1 326
172.01 2 226
172.11 1 326
172.11 2 226
172.21 1 326
172.21 2 226
172.31 1 326
172.31 2 226
172.41 1 326
172.41 2 226
172.51 1 326
172.51 2 226
172.61 1 326
172.61 2 226
172.71 1 326
172.71 2 226
172.81 1 326
172.81 2 226
172.91 1 326
172.91 2 226
173.01 1 326
173.01 2 226
173.11 1 326
173.11 2 226
173.21 1 326
173.21 2 226
173.31 1 326
173.31 2 226
173.41 1 326
173.41 2 226
173.51 1 326
173.51 2 226
173.61 1 326
173.61 2 226
173.71 1 326
173.71 2 226
173.81 1 326
173.81 2 226
173.91 1 326
173.91 2 226
174.01 1 326
174.01 2 226
174.11 1 326
174.11 2 226
174.21 1 326
174.21 2 226
174.31 1 326
174.31 2 226
174.41 1 326
174.41 2 226
174.51 1 326
174.51 2 226
174.61 1 326
174.61 2 226
174.71 1 326
174.71 2 226
174.81 1 326
174.81 2 226
174.91 1 326
174.91 2 226
175.01 1 326
175.01 2 226
175.11 1 326
175.11 2 226
175.21 1 326
175.21 2 226
175.31 1 326
175.31 2 226
175.41 1 326
175.41 2 226
175.51 1 326
175.51 2 226
175.61 1 326
175.61 2 226
175.71 1 326
175.71 2 226
175.81 1 326
175.81 2 226
175.91 1 326
175.91 2 226
176.01 1 326
176.01 2 226
176.11 1 326
176.11 2 226
176.21 1 326
176.21 2 226
176.31 1 326
176.31 2 226
176.41 1 326
176.41 2 226
176.51 1 326
176.51 2 226
176.61 1 326
176.61 2 226
176.71 1 326
176.71 2 226
176.81 1 326
176.81 2 226
176.91 1 326
176.91 2 226
177.01 1 326
177.01 2 226
177.11 1 326
177.11 2 226
177.21 1 326
177.21 2 226
177.31 1 326
177.31 2 226
177.41 1 326
177.41 2 226
177.51 1 326
177.51 2 226
177.61 1 326
177.61 2 226
177.71 1 326
177.71 2 226
177.81 1 326
177.81 2 226
177.91 1 326
177.91 2 226
178.01 1 326
178.01 2 226
178.11 1 326
178.11 2 226
178.21 1 326
178.21 2 226
178.31 1 326
178.31 2 226
178.41 1 326
178.41 2 226
178.51 1 326
178.51 2 226
178.61 1 326
178.61 2 226
178.71 1 326
178.71 2 226
178.81 1 326
178.81 2 226
178.91 1 326
178.91 2 226
179.01 1 326
179.01 2 226
179.11 1 326
179.11 2 226
179.21 1 326
179.21 2 226
179.31 1 326
179.31 2 226
179.41 1 326
179.41 2 226
179.51 1 326
179.51 2 226
179.61 1 326
179.61 2 226
179.71 1 326
179.71 2 226
179.81 1 326
179.81 2 226
179.91 1 326
179.91 2 226
180.01 1 326
180.01 2 226
180.11 1 326
180.11 2 226
180.21 1 326
180.21 2 226
180.31 1 326
180.31 2 226
180.41 1 326
180.41 2 226
180.51 1 326
180.51 2 226
180.61 1 326
180.61 2 226
180.71 1 326
180.71 2 226
180.81 1 326
180.81 2 226
180.91 1 326
180.91 2 226
181.01 1 326
181.01 2 226
181.11 1 326
181.11 2 226
181.21 1 326
181.21 2 226
181.31 1 326
181.31 2 226
181.41 1 326
181.41 2 226
181.51 1 326
181.51 2 226
181.61 1 326
181.61 2 226
181.71 1 326
181.71 2 226
181.81 1 326
181.81 2 226
181.91 1 326
181.91 2 226
182.01 1 326
182.01 2 226
182.11 1 326
182.11 2 226
182.21 1 326
182.21 2 226
182.31 1 326
182.31 2 226
182.41 1 326
182.41 2 226
182.51 1 326
182.51 2 226
182.61 1 326
182.61 2 226
182.71 1 326
182.71 2 226
182.81 1 326
182.81 2 226
182.91 1 326
182.91 2 226
183.01 1 326
183.01 2 226
183.11 1 326
183.11 2 226
183.21 1 326
183.21 2 226
183.31 1 326
183.31 2 226
183.41 1 326
183.41 2 226
183.51 1 326
183.51 2 226
183.61 1 326
183.61 2 226
183.71 1 326
183.71 2 226
183.81 1 326
183.81 2 226
183.91 1 326
183.91 2 226
184.01 1 326
184.01 2 226
184.11 1 326
184.11 2 226
184.21 1 326
184.21 2 226
184.31 1 326
184.31 2 226
184.41 1 326
184.41 2 226
184.51 1 326
184.51 2 226
184.61 1 326
184.61 2 226
184.71 1 326
184.71 2 226
184.81 1 326
184.81 2 226
184.91 1 326
184.91 2 226
185.01 1 326
185.01 2 226
185.11 1 326
185.11 2 226
185.21 1 326
185.21 2 226
185.31 1 326
185.31 2 226
185.41 1 326
185.41 2 226
185.51 1 326
185.51 2 226
185.61 1 326
185.61 2 226
185.71 1 326
185.71 2 226
185.81 1 326
185.81 2 226
185.91 1 326
185.91 2 226
186.01 1 326
186.01 2 226
186.11 1 326
186.11 2 226
186.21 1 326
186.21 2 226
186.31 1 326
186.31 2 226
186.41 1 326
186.41 2 226
186.51 1 326
186.51 2 226
186.61 1 326
186.61 2 226
186.71 1 326
186.71 2 226
186.81 1 326
186.81 2 226
186.91 1 326
186.91 2 226
187.01 1 326
187.01 2 226
187.11 1 326
187.11 2 226
187.21 1 326
187.21 2 226
187.31 1 326
187.31 2 226
187.41 1 326
187.41 2 226
187.51 1 326
187.51 2 226
187.61 1 326
187.61 2 226
187.71 1 326
187.71 2 226
187.81 1 326
187.81 2 226
187.91 1 326
187.91 2 226
188.01 1 326
188.01 2 226
188.11 1 326
188.11 2 226
188.21 1 326
188.21 2 226
188.31 1 326
188.31 2 226
188.41 1 326
188.41 2 226
188.51 1 326
188.51 2 226
188.61 1 326
188.61 2 226
188.71 1 326
188.71 2 226
188.81 1 326
188.81 2 226
188.91 1 326
188.91 2 226
189.01 1 326
189.01 2 226
189.11 1 326
189.11 2 226
189.21 1 326
189.21 2 226
189.31 1 326
189.31 2 226
189.41 1 326
189.41 2 226
189.51 1 326
189.51 2 226
189.61 1 326
189.61 2 226
189.71 1 326
189.71 2 226
189.81 1 326
189.81 2 226
189.91 1 326
189.91 2 226
190.01 1 326
190.01 2 226
190.11 1 326
190.11 2 226
190.21 1 326
190.21 2 226
190.31 1 326
190.31 2 226
190.41 1 326
190.41 2 226
190.51 1 326
190.51 2 226
190.61 1 326
190.61 2 226
190.71 1 326
190.71 2 226
190.81 1 326
190.81 2 226
190.91 1 326
190.91 2 226
191.01 1 326
191.01 2 226
191.11 1 326
191.11 2 226
191.21 1 326
191.21 2 226
191.31 1 326
191.31 2 226
191.41 1 326
191.41 2 226
191.51 1 326
191.51 2 226
191.61 1 326
191.61 2 226
191.71 1 326
191.71 2 226
191.81 1 326
191.81 2 226
191.91 1 326
191.91 2 226
192.01 1 326
192.01 2 226
192.11 1 326
192.11 2 226
192.21 1 326
192.21 2 226
192.31 1 326
192.31 2 226
192.41 1 326
192.41 2 226
192.51 1 326
192.51 2 226
192.61 1 326
192.61 2 226
192.71 1 326
192.71 2 226
192.81 1 326
192.81 2 226
192.91 1 326
192.91 2 226
193.01 1 326
193.01 2 226
193.11 1 326
193.11 2 226
193.21 1 326
193.21 2 226
193.31 1 326
193.31 2 226
193.41 1 326
193.41 2 226
193.51 1 326
193.51 2 226
193.61 1 326
193.61 2 226
193.71 1 326
193.71 2 226
193.81 1 326
193.81 2 226
193.91 1 326
193.91 2 226
194.01 1 326
194.01 2 226
194.11 1 326
194.11 2 226
194.21 1 326
194.21 2 226
194.31 1 326
194.31 2 226
194.41 1 326
194.41 2 226
194.51 1 326
194.51 2 226
194.61 1 326
194.61 2 226
194.71 1 326
194.71 2 226
194.81 1 326
194.81 2 226
194.91 1 326
194.91 2 226
195.01 1 326
195.01 2 226
195.11 1 326
195.11 2 226
195.21 1 326
195.21 2 226
195.31 1 326
195.31 2 226
195.41 1 326
195.41 2 226
195.51 1 326
195.51 2 226
195.61 1 326
195.61 2 226
195.71 1 326
195.71 2 226
195.81 1 326
195.81 2 226
195.91 1 326
195.91 2 226
196.01 1 326
196.01 2 226
196.11 1 326
196.11 2 226
196.21 1 326
196.21 2 226
196.31 1 326
196.31 2 226
196.41 1 326
196.41 2 226
196.51 1 326
196.51 2 226
196.61 1 326
196.61 2 226
196.71 1 326
196.71 2 226
196.81 1 326
196.81 2 226
196.91 1 326
196.91 2 226
197.01 1 326
197.01 2 226
197.11 1 326
197.11 2 226
197.21 1 326
197.21 2 226
197.31 1 326
197.31 2 226
197.41 1 326
197.41 2 226
197.51 1 326
197.51 2 226
197.61 1 326
197.61 2 226
197.71 1 326
197.71 2 226
197.81 1 326
197.81 2 226
197.91 1 326
197.91 2 226
198.01 1 326
198.01 2 226
198.11 1 326
198.11 2 226
198.21 1 326
198.21 2 226
198.31 1 326
198.31 2 226
198.41 1 326
198.41 2 226
198.51 1 326
198.51 2 226
198.61 1 326
198.61 2 226
198.71 1 326
198.71 2 226
198.81 1 326
198.81 2 226
198.91 1 326
198.91 2 226
199.01 1 326
199.01 2 226
199.11 1 326
199.11 2 226
199.21 1 326
199.21 2 226
199.31 1 326
199.31 2 226
199.41 1 326
199.41 2 226
199.51 1 326
199.51 2 226
199.61 1 326
199.61 2 226
199.71 1 326
199.71 2 226
199.81 1 326
199.81 2 226
199.91 1 326
199.91 2 226
200.01 1 326
200.01 2 226
200.11 1 326
200.11 2 226
200.21 1 326
200.21 2 226
200.31 1 326
200.31 2 226
200.41 1 326
200.41 2 226
200.51 1 326
200.51 2 226
200.61 1 326
200.61 2 226
200.71 1 326
200.71 2 226
200.81 1 326
200.81 2 226
200.91 1 326
200.91 2 226
