0.010001 1 -0
0.110001 1 -0
0.210001 1 0.00418502
0.210001 2 -0
0.310001 1 0.00418502
0.310001 2 0.00418502
0.410001 1 0.122309
0.410001 2 0.00418502
0.510001 1 0.122309
0.510001 2 0.00755674
0.610001 1 0.177853
0.610001 2 0.00755674
0.710001 1 0.20625
0.710001 2 0.0103838
0.810001 1 0.230364
0.810001 2 0.0115793
0.910001 1 0.25262
0.910001 2 0.0127513
1.01 1 0.264299
1.01 2 0.0139394
1.11 1 0.280799
1.11 2 0.0140227
1.21 1 0.27813
1.21 2 0.0166691
1.31 1 0.293041
1.31 2 0.0182258
1.41 1 0.293041
1.41 2 0.0197245
1.51 1 0.277071
1.51 2 0.0197245
1.61 1 0.287907
1.61 2 0.0181856
1.71 1 0.293772
1.71 2 0.0186797
1.81 1 0.302927
1.81 2 0.0186889
1.91 1 0.303676
1.91 2 0.0191054
2.01 1 0.312619
2.01 2 0.0189064
2.11 1 0.313719
2.11 2 0.0192804
2.21 1 0.322423
2.21 2 0.0190205
2.31 1 0.320961
2.31 2 0.0194163
2.41 1 0.328735
2.41 2 0.0191708
2.51 1 0.328015
2.51 2 0.0195285
2.61 1 0.33568
2.61 2 0.0194309
2.71 1 0.332471
2.71 2 0.0197541
2.81 1 0.341518
2.81 2 0.0194823
2.91 1 0.33834
2.91 2 0.0198908
3.01 1 0.345279
3.01 2 0.0196805
3.11 1 0.341558
3.11 2 0.0199985
3.21 1 0.349813
3.21 2 0.019624
3.31 1 0.343415
3.31 2 0.0200208
3.41 1 0.351085
3.41 2 0.0196184
3.51 1 0.347654
3.51 2 0.0199823
3.61 1 0.354754
3.61 2 0.0197787
3.71 1 0.350281
3.71 2 0.0201168
3.81 1 0.356523
3.81 2 0.0198301
3.91 1 0.353713
3.91 2 0.0201484
4.01 1 0.358163
4.01 2 0.0199624
4.11 1 0.35442
4.11 2 0.0203422
4.21 1 0.358999
4.21 2 0.0204093
4.31 1 0.360664
4.31 2 0.0212893
4.41 1 0.346512
4.41 2 0.0215122
4.51 1 0.353312
4.51 2 0.0206721
4.61 1 0.355263
4.61 2 0.0209847
4.71 1 0.355701
4.71 2 0.0210814
4.81 1 0.356986
4.81 2 0.0210225
4.91 1 0.356522
4.91 2 0.0210649
5.01 1 0.358603
5.01 2 0.0214582
5.11 1 0.356286
5.11 2 0.0218371
5.21 1 0.356286
5.21 2 0.0219609
5.31 1 0.34748
5.31 2 0.0219609
5.41 1 0.351201
5.41 2 0.0213587
5.51 1 0.349249
5.51 2 0.0215102
5.61 1 0.353567
5.61 2 0.0213343
5.71 1 0.351359
5.71 2 0.0215408
5.81 1 0.355727
5.81 2 0.0213705
5.91 1 0.352612
5.91 2 0.0215405
6.01 1 0.35711
6.01 2 0.0213311
6.11 1 0.354476
6.11 2 0.0215395
6.21 1 0.359045
6.21 2 0.021365
6.31 1 0.355794
6.31 2 0.0215639
6.41 1 0.360197
6.41 2 0.0213283
6.51 1 0.357444
6.51 2 0.0215383
6.61 1 0.361917
6.61 2 0.0213603
6.71 1 0.358369
6.71 2 0.0215633
6.81 1 0.362913
6.81 2 0.0213401
6.91 1 0.360067
6.91 2 0.0215373
7.01 1 0.364244
7.01 2 0.0213541
7.11 1 0.360865
7.11 2 0.0215608
7.21 1 0.364715
7.21 2 0.0213371
7.31 1 0.361646
7.31 2 0.0215235
7.41 1 0.365579
7.41 2 0.0214448
7.51 1 0.362556
7.51 2 0.0221158
7.61 1 0.362752
7.61 2 0.0222378
7.71 1 0.357961
7.71 2 0.022039
7.81 1 0.359141
7.81 2 0.0217457
7.91 1 0.361386
7.91 2 0.0217016
8.01 1 0.359369
8.01 2 0.0217628
8.11 1 0.362809
8.11 2 0.0216071
8.21 1 0.361264
8.21 2 0.0217695
8.31 1 0.364773
8.31 2 0.0216441
8.41 1 0.362892
8.41 2 0.0218129
8.51 1 0.3663
8.51 2 0.0216902
8.61 1 0.363955
8.61 2 0.0218043
8.71 1 0.367274
8.71 2 0.0216454
8.81 1 0.365614
8.81 2 0.021796
8.91 1 0.368838
8.91 2 0.0218549
9.01 1 0.370107
9.01 2 0.0218258
9.11 1 0.37015
9.11 2 0.0218932
9.21 1 0.370813
9.21 2 0.0218359
9.31 1 0.370137
9.31 2 0.0219982
9.41 1 0.371648
9.41 2 0.0222985
9.51 1 0.371648
9.51 2 0.0225366
9.61 1 0.365663
9.61 2 0.0225366
9.71 1 0.365663
9.71 2 0.0222821
9.81 1 0.361249
9.81 2 0.0222821
9.91 1 0.361249
9.91 2 0.0220078
10.01 1 0.355215
10.01 2 0.0220078
10.11 1 0.355215
10.11 2 0.0216213
10.21 1 0.349647
10.21 2 0.0216213
10.31 1 0.349647
10.31 2 0.021257
10.41 1 0.343549
10.41 2 0.021257
10.51 1 0.343549
10.51 2 0.0209271
10.61 1 0.337665
10.61 2 0.0209271
10.71 1 0.340606
10.71 2 0.0205656
10.81 1 0.341604
10.81 2 0.0210376
10.91 1 0.339817
10.91 2 0.0211843
11.01 1 0.336673
11.01 2 0.0210957
11.11 1 0.337005
11.11 2 0.0209016
11.21 1 0.338566
11.21 2 0.0208703
11.31 1 0.338997
11.31 2 0.0209371
11.41 1 0.340664
11.41 2 0.0209322
11.51 1 0.341061
11.51 2 0.0209974
11.61 1 0.342687
11.61 2 0.020969
11.71 1 0.342556
11.71 2 0.0210555
11.81 1 0.344298
11.81 2 0.021012
11.91 1 0.344017
11.91 2 0.0211483
12.01 1 0.346118
12.01 2 0.0212966
12.11 1 0.344956
12.11 2 0.0215791
12.21 1 0.341953
12.21 2 0.0214978
12.31 1 0.341966
12.31 2 0.0213139
12.41 1 0.344015
12.41 2 0.0212863
12.51 1 0.343688
12.51 2 0.0216092
12.61 1 0.344597
12.61 2 0.021709
12.71 1 0.344597
12.71 2 0.0218886
12.81 1 0.341855
12.81 2 0.0218886
12.91 1 0.34364
12.91 2 0.0216779
13.01 1 0.343512
13.01 2 0.0217653
13.11 1 0.345748
13.11 2 0.0217188
13.21 1 0.34573
13.21 2 0.0218115
13.31 1 0.347719
13.31 2 0.0217818
13.41 1 0.347568
13.41 2 0.0218541
13.51 1 0.349942
13.51 2 0.0218246
13.61 1 0.349777
13.61 2 0.0219203
13.71 1 0.351986
13.71 2 0.0218842
13.81 1 0.351809
13.81 2 0.0219845
13.91 1 0.353972
13.91 2 0.0219486
14.01 1 0.353783
14.01 2 0.0220407
14.11 1 0.356009
14.11 2 0.022011
14.21 1 0.355809
14.21 2 0.0221014
14.31 1 0.357884
14.31 2 0.0220657
14.41 1 0.357673
14.41 2 0.0221603
14.51 1 0.359707
14.51 2 0.0221247
14.61 1 0.359487
14.61 2 0.0222118
14.71 1 0.36148
14.71 2 0.0221821
14.81 1 0.361621
14.81 2 0.0222676
14.91 1 0.363573
14.91 2 0.0222323
15.01 1 0.363333
15.01 2 0.0223164
15.11 1 0.365248
15.11 2 0.0222977
15.21 1 0.365001
15.21 2 0.0223539
15.31 1 0.366527
15.31 2 0.0223086
15.41 1 0.366735
15.41 2 0.0223636
15.51 1 0.368472
15.51 2 0.0223761
15.61 1 0.368822
15.61 2 0.0224251
15.71 1 0.370128
15.71 2 0.0224368
15.81 1 0.37045
15.81 2 0.0224847
15.91 1 0.371638
15.91 2 0.0224867
16.01 1 0.372036
16.01 2 0.0225336
16.11 1 0.373197
16.11 2 0.0225345
16.21 1 0.373582
16.21 2 0.0225747
16.31 1 0.374633
16.31 2 0.0225811
16.41 1 0.375089
16.41 2 0.0226214
16.51 1 0.376034
16.51 2 0.0226023
16.61 1 0.37599
16.61 2 0.0226419
16.71 1 0.377484
16.71 2 0.022623
16.81 1 0.377432
16.81 2 0.0226812
16.91 1 0.378818
16.91 2 0.0226622
17.01 1 0.378759
17.01 2 0.022724
17.11 1 0.380121
17.11 2 0.022705
17.21 1 0.380056
17.21 2 0.0227658
17.31 1 0.381395
17.31 2 0.0227468
17.41 1 0.3814
17.41 2 0.0228023
17.51 1 0.382485
17.51 2 0.0228018
17.61 1 0.38264
17.61 2 0.0229679
17.71 1 0.383095
17.71 2 0.0230847
17.81 1 0.383095
17.81 2 0.0232435
17.91 1 0.380365
17.91 2 0.0232435
18.01 1 0.381582
18.01 2 0.0230794
18.11 1 0.380763
18.11 2 0.0231357
18.21 1 0.382257
18.21 2 0.023071
18.31 1 0.38218
18.31 2 0.0231352
18.41 1 0.383651
18.41 2 0.0231105
18.51 1 0.383496
18.51 2 0.0231353
18.61 1 0.384581
18.61 2 0.0231154
18.71 1 0.384994
18.71 2 0.0231566
18.81 1 0.38599
18.81 2 0.0231581
18.91 1 0.386532
18.91 2 0.0231987
19.01 1 0.3873
19.01 2 0.0232205
19.11 1 0.38821
19.11 2 0.0232226
19.21 1 0.387954
19.21 2 0.0232822
19.31 1 0.38926
19.31 2 0.0233839
19.41 1 0.389379
19.41 2 0.023616
19.51 1 0.386457
19.51 2 0.0236216
19.61 1 0.386866
19.61 2 0.0234481
19.71 1 0.384154
19.71 2 0.0234746
19.81 1 0.383463
19.81 2 0.0233101
19.91 1 0.380805
19.91 2 0.0232635
20.01 1 0.380409
20.01 2 0.0232635
20.11 1 0.380409
20.11 2 0.023073
20.21 1 0.37721
20.21 2 0.023073
20.31 1 0.37721
20.31 2 0.0228699
20.41 1 0.374285
20.41 2 0.0228699
20.51 1 0.374285
20.51 2 0.0226875
20.61 1 0.371215
20.61 2 0.0226875
20.71 1 0.371215
20.71 2 0.0224925
20.81 1 0.368341
20.81 2 0.0224925
20.91 1 0.36841
20.91 2 0.0223592
21.01 1 0.366606
21.01 2 0.0223176
21.11 1 0.367961
21.11 2 0.022195
21.21 1 0.368151
21.21 2 0.0222545
21.31 1 0.369554
21.31 2 0.0222525
21.41 1 0.369931
21.41 2 0.0223112
21.51 1 0.371246
21.51 2 0.0223128
21.61 1 0.371418
21.61 2 0.0223825
21.71 1 0.372713
21.71 2 0.0223762
21.81 1 0.372877
21.81 2 0.0224332
21.91 1 0.374154
21.91 2 0.0224304
22.01 1 0.374564
22.01 2 0.0224867
22.11 1 0.375822
22.11 2 0.0224875
22.21 1 0.375969
22.21 2 0.022543
22.31 1 0.37721
22.31 2 0.0225476
22.41 1 0.377349
22.41 2 0.0226023
22.51 1 0.378573
22.51 2 0.0225988
22.61 1 0.379476
22.61 2 0.0226529
22.71 1 0.380157
22.71 2 0.022671
22.81 1 0.380637
22.81 2 0.0226887
22.91 1 0.38147
22.91 2 0.0227138
23.01 1 0.382
23.01 2 0.0227452
23.11 1 0.382761
23.11 2 0.0227623
23.21 1 0.383521
23.21 2 0.0227932
23.31 1 0.384268
23.31 2 0.0228244
23.41 1 0.384834
23.41 2 0.0228371
23.51 1 0.385513
23.51 2 0.0228567
23.61 1 0.386304
23.61 2 0.0228834
23.71 1 0.386737
23.71 2 0.0229163
23.81 1 0.387517
23.81 2 0.022929
23.91 1 0.388108
23.91 2 0.022962
24.01 1 0.388763
24.01 2 0.0229774
24.11 1 0.389354
24.11 2 0.0230033
24.21 1 0.39011
24.21 2 0.0230287
24.31 1 0.390517
24.31 2 0.0230602
24.41 1 0.391262
24.41 2 0.0230719
24.51 1 0.391823
24.51 2 0.0231035
24.61 1 0.392283
24.61 2 0.0231179
24.71 1 0.392845
24.71 2 0.0232549
24.81 1 0.39332
24.81 2 0.0233794
24.91 1 0.39332
24.91 2 0.0234615
25.01 1 0.391259
25.01 2 0.0234615
25.11 1 0.392301
25.11 2 0.0233249
25.21 1 0.392693
25.21 2 0.0233704
25.31 1 0.39377
25.31 2 0.023384
25.41 1 0.393987
25.41 2 0.0234289
25.51 1 0.395002
25.51 2 0.0234289
25.61 1 0.395377
25.61 2 0.0234734
25.71 1 0.396379
25.71 2 0.0234857
25.81 1 0.39627
25.81 2 0.0235296
25.91 1 0.397308
25.91 2 0.0235706
26.01 1 0.397412
26.01 2 0.0237871
26.11 1 0.397412
26.11 2 0.0238908
26.21 1 0.395273
26.21 2 0.0238908
26.31 1 0.395368
26.31 2 0.0237941
26.41 1 0.393669
26.41 2 0.0237941
26.51 1 0.393669
26.51 2 0.0237941
26.61 1 0.393669
26.61 2 0.0237941
26.71 1 0.393669
26.71 2 0.0237941
26.81 1 0.393669
26.81 2 0.0237941
26.91 1 0.387568
26.91 2 0.0237941
27.01 1 0.387568
27.01 2 0.0237941
27.11 1 0.387568
27.11 2 0.0237941
27.21 1 0.387568
27.21 2 0.0237941
27.31 1 0.387568
27.31 2 0.0237941
27.41 1 0.387568
27.41 2 0.0237941
27.51 1 0.387568
27.51 2 0.0237941
27.61 1 0.387568
27.61 2 0.0237941
27.71 1 0.375783
27.71 2 0.0237941
27.81 1 0.375783
27.81 2 0.0237941
27.91 1 0.375783
27.91 2 0.0237941
28.01 1 0.375783
28.01 2 0.0237941
28.11 1 0.375783
28.11 2 0.0237941
28.21 1 0.375783
28.21 2 0.0237941
28.31 1 0.375783
28.31 2 0.0237941
28.41 1 0.375783
28.41 2 0.0237941
28.51 1 0.375783
28.51 2 0.0237941
28.61 1 0.375783
28.61 2 0.0237941
28.71 1 0.375783
28.71 2 0.0237941
28.81 1 0.375783
28.81 2 0.0237941
28.91 1 0.375783
28.91 2 0.0237941
29.01 1 0.375783
29.01 2 0.0237941
29.11 1 0.375783
29.11 2 0.0237941
29.21 1 0.375783
29.21 2 0.0237941
29.31 1 0.375783
29.31 2 0.0237941
29.41 1 0.354127
29.41 2 0.0237941
29.51 1 0.354127
29.51 2 0.0237941
29.61 1 0.354127
29.61 2 0.0237941
29.71 1 0.354127
29.71 2 0.0237941
29.81 1 0.354127
29.81 2 0.0237941
29.91 1 0.354127
29.91 2 0.0237941
30.01 1 0.354127
30.01 2 0.0237941
30.11 1 0.354127
30.11 2 0.0237941
30.21 1 0.354127
30.21 2 0.0237941
30.31 1 0.354127
30.31 2 0.0237941
30.41 1 0.354127
30.41 2 0.0237941
30.51 1 0.354127
30.51 2 0.0237941
30.61 1 0.354127
30.61 2 0.0237941
30.71 1 0.354127
30.71 2 0.0237941
30.81 1 0.354127
30.81 2 0.0237941
30.91 1 0.354127
30.91 2 0.0237941
31.01 1 0.354127
31.01 2 0.0237941
31.11 1 0.354127
31.11 2 0.0237941
31.21 1 0.354127
31.21 2 0.0237941
31.31 1 0.354127
31.31 2 0.0237941
31.41 1 0.354127
31.41 2 0.0237941
31.51 1 0.354127
31.51 2 0.0237941
31.61 1 0.354127
31.61 2 0.0237941
31.71 1 0.354127
31.71 2 0.0237941
31.81 1 0.354127
31.81 2 0.0237941
31.91 1 0.354127
31.91 2 0.0237941
32.01 1 0.354127
32.01 2 0.0237941
32.11 1 0.354127
32.11 2 0.0237941
32.21 1 0.354127
32.21 2 0.0237941
32.31 1 0.354127
32.31 2 0.0237941
32.41 1 0.354127
32.41 2 0.0237941
32.51 1 0.354127
32.51 2 0.0237941
32.61 1 0.354127
32.61 2 0.0237941
32.71 1 0.354127
32.71 2 0.0237941
32.81 1 0.317445
32.81 2 0.0237941
32.91 1 0.317445
32.91 2 0.0237941
33.01 1 0.317445
33.01 2 0.0237941
33.11 1 0.317445
33.11 2 0.0237941
33.21 1 0.317445
33.21 2 0.0237941
33.31 1 0.317445
33.31 2 0.0237941
33.41 1 0.317445
33.41 2 0.0237941
33.51 1 0.317445
33.51 2 0.0237941
33.61 1 0.317445
33.61 2 0.0237941
33.71 1 0.317445
33.71 2 0.0237941
33.81 1 0.317445
33.81 2 0.0237941
33.91 1 0.317445
33.91 2 0.0237941
34.01 1 0.317445
34.01 2 0.0237941
34.11 1 0.317445
34.11 2 0.0237941
34.21 1 0.317445
34.21 2 0.0237941
34.31 1 0.317445
34.31 2 0.0237941
34.41 1 0.317445
34.41 2 0.0237941
34.51 1 0.317445
34.51 2 0.0237941
34.61 1 0.317445
34.61 2 0.0237941
34.71 1 0.317445
34.71 2 0.0237941
34.81 1 0.317445
34.81 2 0.0237941
34.91 1 0.317445
34.91 2 0.0237941
35.01 1 0.317445
35.01 2 0.0237941
35.11 1 0.317445
35.11 2 0.0237941
35.21 1 0.317445
35.21 2 0.0237941
35.31 1 0.317445
35.31 2 0.0237941
35.41 1 0.317445
35.41 2 0.0237941
35.51 1 0.317445
35.51 2 0.0237941
35.61 1 0.317445
35.61 2 0.0237941
35.71 1 0.317445
35.71 2 0.0237941
35.81 1 0.317445
35.81 2 0.0237941
35.91 1 0.317445
35.91 2 0.0237941
36.01 1 0.317445
36.01 2 0.0237941
36.11 1 0.317445
36.11 2 0.0237941
36.21 1 0.317445
36.21 2 0.0237941
36.31 1 0.317445
36.31 2 0.0237941
36.41 1 0.317445
36.41 2 0.0237941
36.51 1 0.317445
36.51 2 0.0237941
36.61 1 0.317445
36.61 2 0.0237941
36.71 1 0.317445
36.71 2 0.0237941
36.81 1 0.317445
36.81 2 0.0237941
36.91 1 0.317445
36.91 2 0.0237941
37.01 1 0.317445
37.01 2 0.0237941
37.11 1 0.317445
37.11 2 0.0237941
37.21 1 0.317445
37.21 2 0.0237941
37.31 1 0.317445
37.31 2 0.0237941
37.41 1 0.317445
37.41 2 0.0237941
37.51 1 0.317445
37.51 2 0.0237941
37.61 1 0.317445
37.61 2 0.0237941
37.71 1 0.317445
37.71 2 0.0237941
37.81 1 0.317445
37.81 2 0.0237941
37.91 1 0.317445
37.91 2 0.0237941
38.01 1 0.317445
38.01 2 0.0237941
38.11 1 0.317445
38.11 2 0.0237941
38.21 1 0.317445
38.21 2 0.0237941
38.31 1 0.317445
38.31 2 0.0237941
38.41 1 0.317445
38.41 2 0.0237941
38.51 1 0.317445
38.51 2 0.0237941
38.61 1 0.317445
38.61 2 0.0237941
38.71 1 0.317445
38.71 2 0.0237941
38.81 1 0.317445
38.81 2 0.0237941
38.91 1 0.317445
38.91 2 0.0237941
39.01 1 0.317445
39.01 2 0.0237941
39.11 1 0.317445
39.11 2 0.0237941
39.21 1 0.317445
39.21 2 0.0237941
39.31 1 0.317445
39.31 2 0.0237941
39.41 1 0.317445
39.41 2 0.0237941
39.51 1 0.317445
39.51 2 0.0237941
39.61 1 0.262917
39.61 2 0.0237941
39.71 1 0.262917
39.71 2 0.0237941
39.81 1 0.262917
39.81 2 0.0237941
39.91 1 0.262917
39.91 2 0.0237941
40.01 1 0.262917
40.01 2 0.0237941
40.11 1 0.262917
40.11 2 0.0237941
40.21 1 0.262917
40.21 2 0.0237941
40.31 1 0.262917
40.31 2 0.0237941
40.41 1 0.262917
40.41 2 0.0237941
40.51 1 0.262917
40.51 2 0.0237941
40.61 1 0.262917
40.61 2 0.0237941
40.71 1 0.262917
40.71 2 0.0237941
40.81 1 0.262917
40.81 2 0.0237941
40.91 1 0.262917
40.91 2 0.0237941
41.01 1 0.262917
41.01 2 0.0237941
41.11 1 0.262917
41.11 2 0.0237941
41.21 1 0.262917
41.21 2 0.0237941
41.31 1 0.262917
41.31 2 0.0237941
41.41 1 0.262917
41.41 2 0.0237941
41.51 1 0.262917
41.51 2 0.0237941
41.61 1 0.262917
41.61 2 0.0237941
41.71 1 0.262917
41.71 2 0.0237941
41.81 1 0.262917
41.81 2 0.0237941
41.91 1 0.262917
41.91 2 0.0237941
42.01 1 0.262917
42.01 2 0.0237941
42.11 1 0.262917
42.11 2 0.0237941
42.21 1 0.262917
42.21 2 0.0237941
42.31 1 0.262917
42.31 2 0.0237941
42.41 1 0.262917
42.41 2 0.0237941
42.51 1 0.262917
42.51 2 0.0237941
42.61 1 0.262917
42.61 2 0.0237941
42.71 1 0.262917
42.71 2 0.0237941
42.81 1 0.262917
42.81 2 0.0237941
42.91 1 0.262917
42.91 2 0.0237941
43.01 1 0.262917
43.01 2 0.0237941
43.11 1 0.262917
43.11 2 0.0237941
43.21 1 0.262917
43.21 2 0.0237941
43.31 1 0.262917
43.31 2 0.0237941
43.41 1 0.262917
43.41 2 0.0237941
43.51 1 0.262917
43.51 2 0.0237941
43.61 1 0.262917
43.61 2 0.0237941
43.71 1 0.262917
43.71 2 0.0237941
43.81 1 0.262917
43.81 2 0.0237941
43.91 1 0.262917
43.91 2 0.0237941
44.01 1 0.262917
44.01 2 0.0237941
44.11 1 0.262917
44.11 2 0.0237941
44.21 1 0.262917
44.21 2 0.0237941
44.31 1 0.262917
44.31 2 0.0237941
44.41 1 0.262917
44.41 2 0.0237941
44.51 1 0.262917
44.51 2 0.0237941
44.61 1 0.262917
44.61 2 0.0237941
44.71 1 0.262917
44.71 2 0.0237941
44.81 1 0.262917
44.81 2 0.0237941
44.91 1 0.262917
44.91 2 0.0237941
45.01 1 0.262917
45.01 2 0.0237941
45.11 1 0.262917
45.11 2 0.0237941
45.21 1 0.262917
45.21 2 0.0237941
45.31 1 0.262917
45.31 2 0.0237941
45.41 1 0.262917
45.41 2 0.0237941
45.51 1 0.262917
45.51 2 0.0237941
45.61 1 0.262917
45.61 2 0.0237941
45.71 1 0.262917
45.71 2 0.0237941
45.81 1 0.262917
45.81 2 0.0237941
45.91 1 0.262917
45.91 2 0.0237941
46.01 1 0.262917
46.01 2 0.0237941
46.11 1 0.262917
46.11 2 0.0237941
46.21 1 0.262917
46.21 2 0.0237941
46.31 1 0.262917
46.31 2 0.0237941
46.41 1 0.262917
46.41 2 0.0237941
46.51 1 0.262917
46.51 2 0.0237941
46.61 1 0.262917
46.61 2 0.0237941
46.71 1 0.262917
46.71 2 0.0237941
46.81 1 0.262917
46.81 2 0.0237941
46.91 1 0.262917
46.91 2 0.0237941
47.01 1 0.262917
47.01 2 0.0237941
47.11 1 0.262917
47.11 2 0.0237941
47.21 1 0.262917
47.21 2 0.0237941
47.31 1 0.262917
47.31 2 0.0237941
47.41 1 0.262917
47.41 2 0.0237941
47.51 1 0.262917
47.51 2 0.0237941
47.61 1 0.262917
47.61 2 0.0237941
47.71 1 0.262917
47.71 2 0.0237941
47.81 1 0.262917
47.81 2 0.0237941
47.91 1 0.262917
47.91 2 0.0237941
48.01 1 0.262917
48.01 2 0.0237941
48.11 1 0.262917
48.11 2 0.0237941
48.21 1 0.262917
48.21 2 0.0237941
48.31 1 0.262917
48.31 2 0.0237941
48.41 1 0.262917
48.41 2 0.0237941
48.51 1 0.262917
48.51 2 0.0237941
48.61 1 0.262917
48.61 2 0.0237941
48.71 1 0.262917
48.71 2 0.0237941
48.81 1 0.262917
48.81 2 0.0237941
48.91 1 0.262917
48.91 2 0.0237941
49.01 1 0.262917
49.01 2 0.0237941
49.11 1 0.262917
49.11 2 0.0237941
49.21 1 0.262917
49.21 2 0.0237941
49.31 1 0.262917
49.31 2 0.0237941
49.41 1 0.262917
49.41 2 0.0237941
49.51 1 0.262917
49.51 2 0.0237941
49.61 1 0.262917
49.61 2 0.0237941
49.71 1 0.262917
49.71 2 0.0237941
49.81 1 0.262917
49.81 2 0.0237941
49.91 1 0.262917
49.91 2 0.0237941
50.01 1 0.262917
50.01 2 0.0237941
50.11 1 0.262917
50.11 2 0.0237941
50.21 1 0.262917
50.21 2 0.0237941
50.31 1 0.262917
50.31 2 0.0237941
50.41 1 0.262917
50.41 2 0.0237941
50.51 1 0.262917
50.51 2 0.0237941
50.61 1 0.262917
50.61 2 0.0237941
50.71 1 0.262917
50.71 2 0.0237941
50.81 1 0.262917
50.81 2 0.0237941
50.91 1 0.262917
50.91 2 0.0237941
51.01 1 0.262917
51.01 2 0.0237941
51.11 1 0.262917
51.11 2 0.0237941
51.21 1 0.262917
51.21 2 0.0237941
51.31 1 0.262917
51.31 2 0.0237941
51.41 1 0.262917
51.41 2 0.0237941
51.51 1 0.262917
51.51 2 0.0237941
51.61 1 0.262917
51.61 2 0.0237941
51.71 1 0.262917
51.71 2 0.0237941
51.81 1 0.262917
51.81 2 0.0237941
51.91 1 0.262917
51.91 2 0.0237941
52.01 1 0.262917
52.01 2 0.0237941
52.11 1 0.262917
52.11 2 0.0237941
52.21 1 0.262917
52.21 2 0.0237941
52.31 1 0.262917
52.31 2 0.0237941
52.41 1 0.262917
52.41 2 0.0237941
52.51 1 0.262917
52.51 2 0.0237941
52.61 1 0.262917
52.61 2 0.0237941
52.71 1 0.262917
52.71 2 0.0237941
52.81 1 0.262917
52.81 2 0.0237941
52.91 1 0.262917
52.91 2 0.0237941
53.01 1 0.262917
53.01 2 0.0237941
53.11 1 0.262917
53.11 2 0.0237941
53.21 1 0.262917
53.21 2 0.0237941
53.31 1 0.262917
53.31 2 0.0237941
53.41 1 0.262917
53.41 2 0.0237941
53.51 1 0.262917
53.51 2 0.0237941
53.61 1 0.262917
53.61 2 0.0237941
53.71 1 0.262917
53.71 2 0.0237941
53.81 1 0.262917
53.81 2 0.0237941
53.91 1 0.262917
53.91 2 0.0237941
54.01 1 0.262917
54.01 2 0.0237941
54.11 1 0.262917
54.11 2 0.0237941
54.21 1 0.262917
54.21 2 0.0237941
54.31 1 0.262917
54.31 2 0.0237941
54.41 1 0.262917
54.41 2 0.0237941
54.51 1 0.262917
54.51 2 0.0237941
54.61 1 0.262917
54.61 2 0.0237941
54.71 1 0.262917
54.71 2 0.0237941
54.81 1 0.262917
54.81 2 0.0237941
54.91 1 0.262917
54.91 2 0.0237941
55.01 1 0.262917
55.01 2 0.0237941
55.11 1 0.262917
55.11 2 0.0237941
55.21 1 0.262917
55.21 2 0.0237941
55.31 1 0.262917
55.31 2 0.0237941
55.41 1 0.262917
55.41 2 0.0237941
55.51 1 0.262917
55.51 2 0.0237941
55.61 1 0.262917
55.61 2 0.0237941
55.71 1 0.262917
55.71 2 0.0237941
55.81 1 0.262917
55.81 2 0.0237941
55.91 1 0.262917
55.91 2 0.0237941
56.01 1 0.262917
56.01 2 0.0237941
56.11 1 0.262917
56.11 2 0.0237941
56.21 1 0.262917
56.21 2 0.0237941
56.31 1 0.262917
56.31 2 0.0237941
56.41 1 0.262917
56.41 2 0.0237941
56.51 1 0.262917
56.51 2 0.0237941
56.61 1 0.262917
56.61 2 0.0237941
56.71 1 0.262917
56.71 2 0.0237941
56.81 1 0.262917
56.81 2 0.0237941
56.91 1 0.262917
56.91 2 0.0237941
57.01 1 0.262917
57.01 2 0.0237941
57.11 1 0.262917
57.11 2 0.0237941
57.21 1 0.262917
57.21 2 0.0237941
57.31 1 0.262917
57.31 2 0.0237941
57.41 1 0.262917
57.41 2 0.0237941
57.51 1 0.262917
57.51 2 0.0237941
57.61 1 0.262917
57.61 2 0.0237941
57.71 1 0.262917
57.71 2 0.0237941
57.81 1 0.262917
57.81 2 0.0237941
57.91 1 0.262917
57.91 2 0.0237941
58.01 1 0.262917
58.01 2 0.0237941
58.11 1 0.262917
58.11 2 0.0237941
58.21 1 0.262917
58.21 2 0.0237941
58.31 1 0.262917
58.31 2 0.0237941
58.41 1 0.262917
58.41 2 0.0237941
58.51 1 0.262917
58.51 2 0.0237941
58.61 1 0.262917
58.61 2 0.0237941
58.71 1 0.262917
58.71 2 0.0237941
58.81 1 0.262917
58.81 2 0.0237941
58.91 1 0.262917
58.91 2 0.0237941
59.01 1 0.262917
59.01 2 0.0237941
59.11 1 0.262917
59.11 2 0.0237941
59.21 1 0.262917
59.21 2 0.0237941
59.31 1 0.262917
59.31 2 0.0237941
59.41 1 0.262917
59.41 2 0.0237941
59.51 1 0.262917
59.51 2 0.0237941
59.61 1 0.262917
59.61 2 0.0237941
59.71 1 0.262917
59.71 2 0.0237941
59.81 1 0.262917
59.81 2 0.0237941
59.91 1 0.262917
59.91 2 0.0237941
60.01 1 0.262917
60.01 2 0.0237941
60.11 1 0.262917
60.11 2 0.0237941
60.21 1 0.262917
60.21 2 0.0237941
60.31 1 0.262917
60.31 2 0.0237941
60.41 1 0.262917
60.41 2 0.0237941
60.51 1 0.262917
60.51 2 0.0237941
60.61 1 0.262917
60.61 2 0.0237941
60.71 1 0.262917
60.71 2 0.0237941
60.81 1 0.262917
60.81 2 0.0237941
60.91 1 0.262917
60.91 2 0.0237941
61.01 1 0.262917
61.01 2 0.0237941
61.11 1 0.262917
61.11 2 0.0237941
61.21 1 0.262917
61.21 2 0.0237941
61.31 1 0.262917
61.31 2 0.0237941
61.41 1 0.262917
61.41 2 0.0237941
61.51 1 0.262917
61.51 2 0.0237941
61.61 1 0.262917
61.61 2 0.0237941
61.71 1 0.262917
61.71 2 0.0237941
61.81 1 0.262917
61.81 2 0.0237941
61.91 1 0.262917
61.91 2 0.0237941
62.01 1 0.262917
62.01 2 0.0237941
62.11 1 0.262917
62.11 2 0.0237941
62.21 1 0.262917
62.21 2 0.0237941
62.31 1 0.262917
62.31 2 0.0237941
62.41 1 0.262917
62.41 2 0.0237941
62.51 1 0.262917
62.51 2 0.0237941
62.61 1 0.262917
62.61 2 0.0237941
62.71 1 0.262917
62.71 2 0.0237941
62.81 1 0.262917
62.81 2 0.0237941
62.91 1 0.262917
62.91 2 0.0237941
63.01 1 0.262917
63.01 2 0.0237941
63.11 1 0.262917
63.11 2 0.0237941
63.21 1 0.262917
63.21 2 0.0237941
63.31 1 0.262917
63.31 2 0.0237941
63.41 1 0.262917
63.41 2 0.0237941
63.51 1 0.262917
63.51 2 0.0237941
63.61 1 0.262917
63.61 2 0.0237941
63.71 1 0.262917
63.71 2 0.0237941
63.81 1 0.262917
63.81 2 0.0237941
63.91 1 0.262917
63.91 2 0.0237941
64.01 1 0.262917
64.01 2 0.0237941
64.11 1 0.262917
64.11 2 0.0237941
64.21 1 0.262917
64.21 2 0.0237941
64.31 1 0.262917
64.31 2 0.0237941
64.41 1 0.262917
64.41 2 0.0237941
64.51 1 0.262917
64.51 2 0.0237941
64.61 1 0.262917
64.61 2 0.0237941
64.71 1 0.262917
64.71 2 0.0237941
64.81 1 0.262917
64.81 2 0.0237941
64.91 1 0.262917
64.91 2 0.0237941
65.01 1 0.262917
65.01 2 0.0237941
65.11 1 0.262917
65.11 2 0.0237941
65.21 1 0.262917
65.21 2 0.0237941
65.31 1 0.262917
65.31 2 0.0237941
65.41 1 0.262917
65.41 2 0.0237941
65.51 1 0.262917
65.51 2 0.0237941
65.61 1 0.262917
65.61 2 0.0237941
65.71 1 0.262917
65.71 2 0.0237941
65.81 1 0.262917
65.81 2 0.0237941
65.91 1 0.262917
65.91 2 0.0237941
66.01 1 0.262917
66.01 2 0.0237941
66.11 1 0.262917
66.11 2 0.0237941
66.21 1 0.262917
66.21 2 0.0237941
66.31 1 0.262917
66.31 2 0.0237941
66.41 1 0.262917
66.41 2 0.0237941
66.51 1 0.262917
66.51 2 0.0237941
66.61 1 0.262917
66.61 2 0.0237941
66.71 1 0.262917
66.71 2 0.0237941
66.81 1 0.262917
66.81 2 0.0237941
66.91 1 0.262917
66.91 2 0.0237941
67.01 1 0.262917
67.01 2 0.0237941
67.11 1 0.262917
67.11 2 0.0237941
67.21 1 0.262917
67.21 2 0.0237941
67.31 1 0.262917
67.31 2 0.0237941
67.41 1 0.262917
67.41 2 0.0237941
67.51 1 0.262917
67.51 2 0.0237941
67.61 1 0.262917
67.61 2 0.0237941
67.71 1 0.262917
67.71 2 0.0237941
67.81 1 0.262917
67.81 2 0.0237941
67.91 1 0.262917
67.91 2 0.0237941
68.01 1 0.262917
68.01 2 0.0237941
68.11 1 0.262917
68.11 2 0.0237941
68.21 1 0.262917
68.21 2 0.0237941
68.31 1 0.262917
68.31 2 0.0237941
68.41 1 0.262917
68.41 2 0.0237941
68.51 1 0.262917
68.51 2 0.0237941
68.61 1 0.262917
68.61 2 0.0237941
68.71 1 0.262917
68.71 2 0.0237941
68.81 1 0.262917
68.81 2 0.0237941
68.91 1 0.262917
68.91 2 0.0237941
69.01 1 0.262917
69.01 2 0.0237941
69.11 1 0.262917
69.11 2 0.0237941
69.21 1 0.262917
69.21 2 0.0237941
69.31 1 0.262917
69.31 2 0.0237941
69.41 1 0.262917
69.41 2 0.0237941
69.51 1 0.262917
69.51 2 0.0237941
69.61 1 0.262917
69.61 2 0.0237941
69.71 1 0.262917
69.71 2 0.0237941
69.81 1 0.262917
69.81 2 0.0237941
69.91 1 0.262917
69.91 2 0.0237941
70.01 1 0.262917
70.01 2 0.0237941
70.11 1 0.262917
70.11 2 0.0237941
70.21 1 0.262917
70.21 2 0.0237941
70.31 1 0.262917
70.31 2 0.0237941
70.41 1 0.262917
70.41 2 0.0237941
70.51 1 0.262917
70.51 2 0.0237941
70.61 1 0.262917
70.61 2 0.0237941
70.71 1 0.262917
70.71 2 0.0237941
70.81 1 0.262917
70.81 2 0.0237941
70.91 1 0.262917
70.91 2 0.0237941
71.01 1 0.262917
71.01 2 0.0237941
71.11 1 0.262917
71.11 2 0.0237941
71.21 1 0.262917
71.21 2 0.0237941
71.31 1 0.262917
71.31 2 0.0237941
71.41 1 0.262917
71.41 2 0.0237941
71.51 1 0.262917
71.51 2 0.0237941
71.61 1 0.262917
71.61 2 0.0237941
71.71 1 0.262917
71.71 2 0.0237941
71.81 1 0.262917
71.81 2 0.0237941
71.91 1 0.262917
71.91 2 0.0237941
72.01 1 0.262917
72.01 2 0.0237941
72.11 1 0.262917
72.11 2 0.0237941
72.21 1 0.262917
72.21 2 0.0237941
72.31 1 0.262917
72.31 2 0.0237941
72.41 1 0.262917
72.41 2 0.0237941
72.51 1 0.262917
72.51 2 0.0237941
72.61 1 0.262917
72.61 2 0.0237941
72.71 1 0.262917
72.71 2 0.0237941
72.81 1 0.262917
72.81 2 0.0237941
72.91 1 0.262917
72.91 2 0.0237941
73.01 1 0.262917
73.01 2 0.0237941
73.11 1 0.262917
73.11 2 0.0237941
73.21 1 0.262917
73.21 2 0.0237941
73.31 1 0.262917
73.31 2 0.0237941
73.41 1 0.262917
73.41 2 0.0237941
73.51 1 0.262917
73.51 2 0.0237941
73.61 1 0.262917
73.61 2 0.0237941
73.71 1 0.262917
73.71 2 0.0237941
73.81 1 0.262917
73.81 2 0.0237941
73.91 1 0.262917
73.91 2 0.0237941
74.01 1 0.262917
74.01 2 0.0237941
74.11 1 0.262917
74.11 2 0.0237941
74.21 1 0.262917
74.21 2 0.0237941
74.31 1 0.262917
74.31 2 0.0237941
74.41 1 0.262917
74.41 2 0.0237941
74.51 1 0.262917
74.51 2 0.0237941
74.61 1 0.262917
74.61 2 0.0237941
74.71 1 0.262917
74.71 2 0.0237941
74.81 1 0.262917
74.81 2 0.0237941
74.91 1 0.262917
74.91 2 0.0237941
75.01 1 0.262917
75.01 2 0.0237941
75.11 1 0.262917
75.11 2 0.0237941
75.21 1 0.262917
75.21 2 0.0237941
75.31 1 0.262917
75.31 2 0.0237941
75.41 1 0.262917
75.41 2 0.0237941
75.51 1 0.262917
75.51 2 0.0237941
75.61 1 0.262917
75.61 2 0.0237941
75.71 1 0.262917
75.71 2 0.0237941
75.81 1 0.262917
75.81 2 0.0237941
75.91 1 0.262917
75.91 2 0.0237941
76.01 1 0.262917
76.01 2 0.0237941
76.11 1 0.262917
76.11 2 0.0237941
76.21 1 0.262917
76.21 2 0.0237941
76.31 1 0.262917
76.31 2 0.0237941
76.41 1 0.262917
76.41 2 0.0237941
76.51 1 0.262917
76.51 2 0.0237941
76.61 1 0.262917
76.61 2 0.0237941
76.71 1 0.262917
76.71 2 0.0237941
76.81 1 0.262917
76.81 2 0.0237941
76.91 1 0.262917
76.91 2 0.0237941
77.01 1 0.262917
77.01 2 0.0237941
77.11 1 0.262917
77.11 2 0.0237941
77.21 1 0.262917
77.21 2 0.0237941
77.31 1 0.262917
77.31 2 0.0237941
77.41 1 0.262917
77.41 2 0.0237941
77.51 1 0.262917
77.51 2 0.0237941
77.61 1 0.262917
77.61 2 0.0237941
77.71 1 0.262917
77.71 2 0.0237941
77.81 1 0.262917
77.81 2 0.0237941
77.91 1 0.262917
77.91 2 0.0237941
78.01 1 0.262917
78.01 2 0.0237941
78.11 1 0.262917
78.11 2 0.0237941
78.21 1 0.262917
78.21 2 0.0237941
78.31 1 0.262917
78.31 2 0.0237941
78.41 1 0.262917
78.41 2 0.0237941
78.51 1 0.262917
78.51 2 0.0237941
78.61 1 0.262917
78.61 2 0.0237941
78.71 1 0.262917
78.71 2 0.0237941
78.81 1 0.262917
78.81 2 0.0237941
78.91 1 0.262917
78.91 2 0.0237941
79.01 1 0.262917
79.01 2 0.0237941
79.11 1 0.262917
79.11 2 0.0237941
79.21 1 0.262917
79.21 2 0.0237941
79.31 1 0.262917
79.31 2 0.0237941
79.41 1 0.262917
79.41 2 0.0237941
79.51 1 0.262917
79.51 2 0.0237941
79.61 1 0.262917
79.61 2 0.0237941
79.71 1 0.262917
79.71 2 0.0237941
79.81 1 0.262917
79.81 2 0.0237941
79.91 1 0.262917
79.91 2 0.0237941
80.01 1 0.262917
80.01 2 0.0237941
80.11 1 0.262917
80.11 2 0.0237941
80.21 1 0.262917
80.21 2 0.0237941
80.31 1 0.262917
80.31 2 0.0237941
80.41 1 0.262917
80.41 2 0.0237941
80.51 1 0.262917
80.51 2 0.0237941
80.61 1 0.262917
80.61 2 0.0237941
80.71 1 0.262917
80.71 2 0.0237941
80.81 1 0.262917
80.81 2 0.0237941
80.91 1 0.262917
80.91 2 0.0237941
81.01 1 0.262917
81.01 2 0.0237941
81.11 1 0.262917
81.11 2 0.0237941
81.21 1 0.262917
81.21 2 0.0237941
81.31 1 0.262917
81.31 2 0.0237941
81.41 1 0.262917
81.41 2 0.0237941
81.51 1 0.262917
81.51 2 0.0237941
81.61 1 0.262917
81.61 2 0.0237941
81.71 1 0.262917
81.71 2 0.0237941
81.81 1 0.262917
81.81 2 0.0237941
81.91 1 0.262917
81.91 2 0.0237941
82.01 1 0.262917
82.01 2 0.0237941
82.11 1 0.262917
82.11 2 0.0237941
82.21 1 0.262917
82.21 2 0.0237941
82.31 1 0.262917
82.31 2 0.0237941
82.41 1 0.262917
82.41 2 0.0237941
82.51 1 0.262917
82.51 2 0.0237941
82.61 1 0.262917
82.61 2 0.0237941
82.71 1 0.262917
82.71 2 0.0237941
82.81 1 0.262917
82.81 2 0.0237941
82.91 1 0.262917
82.91 2 0.0237941
83.01 1 0.262917
83.01 2 0.0237941
83.11 1 0.262917
83.11 2 0.0237941
83.21 1 0.262917
83.21 2 0.0237941
83.31 1 0.262917
83.31 2 0.0237941
83.41 1 0.262917
83.41 2 0.0237941
83.51 1 0.262917
83.51 2 0.0237941
83.61 1 0.262917
83.61 2 0.0237941
83.71 1 0.262917
83.71 2 0.0237941
83.81 1 0.262917
83.81 2 0.0237941
83.91 1 0.262917
83.91 2 0.0237941
84.01 1 0.262917
84.01 2 0.0237941
84.11 1 0.262917
84.11 2 0.0237941
84.21 1 0.262917
84.21 2 0.0237941
84.31 1 0.262917
84.31 2 0.0237941
84.41 1 0.262917
84.41 2 0.0237941
84.51 1 0.262917
84.51 2 0.0237941
84.61 1 0.262917
84.61 2 0.0237941
84.71 1 0.262917
84.71 2 0.0237941
84.81 1 0.262917
84.81 2 0.0237941
84.91 1 0.262917
84.91 2 0.0237941
85.01 1 0.262917
85.01 2 0.0237941
85.11 1 0.262917
85.11 2 0.0237941
85.21 1 0.262917
85.21 2 0.0237941
85.31 1 0.262917
85.31 2 0.0237941
85.41 1 0.262917
85.41 2 0.0237941
85.51 1 0.262917
85.51 2 0.0237941
85.61 1 0.262917
85.61 2 0.0237941
85.71 1 0.262917
85.71 2 0.0237941
85.81 1 0.262917
85.81 2 0.0237941
85.91 1 0.262917
85.91 2 0.0237941
86.01 1 0.262917
86.01 2 0.0237941
86.11 1 0.262917
86.11 2 0.0237941
86.21 1 0.262917
86.21 2 0.0237941
86.31 1 0.262917
86.31 2 0.0237941
86.41 1 0.262917
86.41 2 0.0237941
86.51 1 0.262917
86.51 2 0.0237941
86.61 1 0.262917
86.61 2 0.0237941
86.71 1 0.262917
86.71 2 0.0237941
86.81 1 0.262917
86.81 2 0.0237941
86.91 1 0.262917
86.91 2 0.0237941
87.01 1 0.262917
87.01 2 0.0237941
87.11 1 0.262917
87.11 2 0.0237941
87.21 1 0.262917
87.21 2 0.0237941
87.31 1 0.262917
87.31 2 0.0237941
87.41 1 0.262917
87.41 2 0.0237941
87.51 1 0.262917
87.51 2 0.0237941
87.61 1 0.262917
87.61 2 0.0237941
87.71 1 0.262917
87.71 2 0.0237941
87.81 1 0.262917
87.81 2 0.0237941
87.91 1 0.262917
87.91 2 0.0237941
88.01 1 0.262917
88.01 2 0.0237941
88.11 1 0.262917
88.11 2 0.0237941
88.21 1 0.262917
88.21 2 0.0237941
88.31 1 0.262917
88.31 2 0.0237941
88.41 1 0.262917
88.41 2 0.0237941
88.51 1 0.262917
88.51 2 0.0237941
88.61 1 0.262917
88.61 2 0.0237941
88.71 1 0.262917
88.71 2 0.0237941
88.81 1 0.262917
88.81 2 0.0237941
88.91 1 0.262917
88.91 2 0.0237941
89.01 1 0.262917
89.01 2 0.0237941
89.11 1 0.262917
89.11 2 0.0237941
89.21 1 0.262917
89.21 2 0.0237941
89.31 1 0.262917
89.31 2 0.0237941
89.41 1 0.262917
89.41 2 0.0237941
89.51 1 0.262917
89.51 2 0.0237941
89.61 1 0.262917
89.61 2 0.0237941
89.71 1 0.262917
89.71 2 0.0237941
89.81 1 0.262917
89.81 2 0.0237941
89.91 1 0.262917
89.91 2 0.0237941
90.01 1 0.262917
90.01 2 0.0237941
90.11 1 0.262917
90.11 2 0.0237941
90.21 1 0.262917
90.21 2 0.0237941
90.31 1 0.262917
90.31 2 0.0237941
90.41 1 0.262917
90.41 2 0.0237941
90.51 1 0.262917
90.51 2 0.0237941
90.61 1 0.262917
90.61 2 0.0237941
90.71 1 0.262917
90.71 2 0.0237941
90.81 1 0.262917
90.81 2 0.0237941
90.91 1 0.262917
90.91 2 0.0237941
91.01 1 0.262917
91.01 2 0.0237941
91.11 1 0.262917
91.11 2 0.0237941
91.21 1 0.262917
91.21 2 0.0237941
91.31 1 0.262917
91.31 2 0.0237941
91.41 1 0.262917
91.41 2 0.0237941
91.51 1 0.262917
91.51 2 0.0237941
91.61 1 0.262917
91.61 2 0.0237941
91.71 1 0.262917
91.71 2 0.0237941
91.81 1 0.262917
91.81 2 0.0237941
91.91 1 0.262917
91.91 2 0.0237941
92.01 1 0.262917
92.01 2 0.0237941
92.11 1 0.262917
92.11 2 0.0237941
92.21 1 0.262917
92.21 2 0.0237941
92.31 1 0.262917
92.31 2 0.0237941
92.41 1 0.262917
92.41 2 0.0237941
92.51 1 0.262917
92.51 2 0.0237941
92.61 1 0.262917
92.61 2 0.0237941
92.71 1 0.262917
92.71 2 0.0237941
92.81 1 0.262917
92.81 2 0.0237941
92.91 1 0.262917
92.91 2 0.0237941
93.01 1 0.262917
93.01 2 0.0237941
93.11 1 0.262917
93.11 2 0.0237941
93.21 1 0.262917
93.21 2 0.0237941
93.31 1 0.262917
93.31 2 0.0237941
93.41 1 0.262917
93.41 2 0.0237941
93.51 1 0.262917
93.51 2 0.0237941
93.61 1 0.262917
93.61 2 0.0237941
93.71 1 0.262917
93.71 2 0.0237941
93.81 1 0.262917
93.81 2 0.0237941
93.91 1 0.262917
93.91 2 0.0237941
94.01 1 0.262917
94.01 2 0.0237941
94.11 1 0.262917
94.11 2 0.0237941
94.21 1 0.262917
94.21 2 0.0237941
94.31 1 0.262917
94.31 2 0.0237941
94.41 1 0.262917
94.41 2 0.0237941
94.51 1 0.262917
94.51 2 0.0237941
94.61 1 0.262917
94.61 2 0.0237941
94.71 1 0.262917
94.71 2 0.0237941
94.81 1 0.262917
94.81 2 0.0237941
94.91 1 0.262917
94.91 2 0.0237941
95.01 1 0.262917
95.01 2 0.0237941
95.11 1 0.262917
95.11 2 0.0237941
95.21 1 0.262917
95.21 2 0.0237941
95.31 1 0.262917
95.31 2 0.0237941
95.41 1 0.262917
95.41 2 0.0237941
95.51 1 0.262917
95.51 2 0.0237941
95.61 1 0.262917
95.61 2 0.0237941
95.71 1 0.262917
95.71 2 0.0237941
95.81 1 0.262917
95.81 2 0.0237941
95.91 1 0.262917
95.91 2 0.0237941
96.01 1 0.262917
96.01 2 0.0237941
96.11 1 0.262917
96.11 2 0.0237941
96.21 1 0.262917
96.21 2 0.0237941
96.31 1 0.262917
96.31 2 0.0237941
96.41 1 0.262917
96.41 2 0.0237941
96.51 1 0.262917
96.51 2 0.0237941
96.61 1 0.262917
96.61 2 0.0237941
96.71 1 0.262917
96.71 2 0.0237941
96.81 1 0.262917
96.81 2 0.0237941
96.91 1 0.262917
96.91 2 0.0237941
97.01 1 0.262917
97.01 2 0.0237941
97.11 1 0.262917
97.11 2 0.0237941
97.21 1 0.262917
97.21 2 0.0237941
97.31 1 0.262917
97.31 2 0.0237941
97.41 1 0.262917
97.41 2 0.0237941
97.51 1 0.262917
97.51 2 0.0237941
97.61 1 0.262917
97.61 2 0.0237941
97.71 1 0.262917
97.71 2 0.0237941
97.81 1 0.262917
97.81 2 0.0237941
97.91 1 0.262917
97.91 2 0.0237941
98.01 1 0.262917
98.01 2 0.0237941
98.11 1 0.262917
98.11 2 0.0237941
98.21 1 0.262917
98.21 2 0.0237941
98.31 1 0.262917
98.31 2 0.0237941
98.41 1 0.262917
98.41 2 0.0237941
98.51 1 0.262917
98.51 2 0.0237941
98.61 1 0.262917
98.61 2 0.0237941
98.71 1 0.262917
98.71 2 0.0237941
98.81 1 0.262917
98.81 2 0.0237941
98.91 1 0.262917
98.91 2 0.0237941
99.01 1 0.262917
99.01 2 0.0237941
99.11 1 0.262917
99.11 2 0.0237941
99.21 1 0.262917
99.21 2 0.0237941
99.31 1 0.262917
99.31 2 0.0237941
99.41 1 0.262917
99.41 2 0.0237941
99.51 1 0.262917
99.51 2 0.0237941
99.61 1 0.262917
99.61 2 0.0237941
99.71 1 0.262917
99.71 2 0.0237941
99.81 1 0.262917
99.81 2 0.0237941
99.91 1 0.262917
99.91 2 0.0237941
100.01 1 0.262917
100.01 2 0.0237941
100.11 1 0.262917
100.11 2 0.0237941
100.21 1 0.262917
100.21 2 0.0237941
100.31 1 0.262917
100.31 2 0.0237941
100.41 1 0.262917
100.41 2 0.0237941
100.51 1 0.262917
100.51 2 0.0237941
100.61 1 0.262917
100.61 2 0.0237941
100.71 1 0.262917
100.71 2 0.0237941
100.81 1 0.262917
100.81 2 0.0237941
100.91 1 0.262917
100.91 2 0.0237941
101.01 1 0.262917
101.01 2 0.0237941
101.11 1 0.262917
101.11 2 0.0237941
101.21 1 0.262917
101.21 2 0.0237941
101.31 1 0.262917
101.31 2 0.0237941
101.41 1 0.262917
101.41 2 0.0237941
101.51 1 0.262917
101.51 2 0.0237941
101.61 1 0.262917
101.61 2 0.0237941
101.71 1 0.262917
101.71 2 0.0237941
101.81 1 0.262917
101.81 2 0.0237941
101.91 1 0.262917
101.91 2 0.0237941
102.01 1 0.262917
102.01 2 0.0237941
102.11 1 0.262917
102.11 2 0.0237941
102.21 1 0.262917
102.21 2 0.0237941
102.31 1 0.262917
102.31 2 0.0237941
102.41 1 0.262917
102.41 2 0.0237941
102.51 1 0.262917
102.51 2 0.0237941
102.61 1 0.262917
102.61 2 0.0237941
102.71 1 0.262917
102.71 2 0.0237941
102.81 1 0.262917
102.81 2 0.0237941
102.91 1 0.262917
102.91 2 0.0237941
103.01 1 0.262917
103.01 2 0.0237941
103.11 1 0.262917
103.11 2 0.0237941
103.21 1 0.262917
103.21 2 0.0237941
103.31 1 0.262917
103.31 2 0.0237941
103.41 1 0.262917
103.41 2 0.0237941
103.51 1 0.262917
103.51 2 0.0237941
103.61 1 0.262917
103.61 2 0.0237941
103.71 1 0.262917
103.71 2 0.0237941
103.81 1 0.262917
103.81 2 0.0237941
103.91 1 0.262917
103.91 2 0.0237941
104.01 1 0.262917
104.01 2 0.0237941
104.11 1 0.262917
104.11 2 0.0237941
104.21 1 0.262917
104.21 2 0.0237941
104.31 1 0.262917
104.31 2 0.0237941
104.41 1 0.262917
104.41 2 0.0237941
104.51 1 0.262917
104.51 2 0.0237941
104.61 1 0.262917
104.61 2 0.0237941
104.71 1 0.262917
104.71 2 0.0237941
104.81 1 0.262917
104.81 2 0.0237941
104.91 1 0.262917
104.91 2 0.0237941
105.01 1 0.262917
105.01 2 0.0237941
105.11 1 0.262917
105.11 2 0.0237941
105.21 1 0.262917
105.21 2 0.0237941
105.31 1 0.262917
105.31 2 0.0237941
105.41 1 0.262917
105.41 2 0.0237941
105.51 1 0.262917
105.51 2 0.0237941
105.61 1 0.262917
105.61 2 0.0237941
105.71 1 0.262917
105.71 2 0.0237941
105.81 1 0.262917
105.81 2 0.0237941
105.91 1 0.262917
105.91 2 0.0237941
106.01 1 0.262917
106.01 2 0.0237941
106.11 1 0.262917
106.11 2 0.0237941
106.21 1 0.262917
106.21 2 0.0237941
106.31 1 0.262917
106.31 2 0.0237941
106.41 1 0.262917
106.41 2 0.0237941
106.51 1 0.262917
106.51 2 0.0237941
106.61 1 0.262917
106.61 2 0.0237941
106.71 1 0.262917
106.71 2 0.0237941
106.81 1 0.262917
106.81 2 0.0237941
106.91 1 0.262917
106.91 2 0.0237941
107.01 1 0.262917
107.01 2 0.0237941
107.11 1 0.262917
107.11 2 0.0237941
107.21 1 0.262917
107.21 2 0.0237941
107.31 1 0.262917
107.31 2 0.0237941
107.41 1 0.262917
107.41 2 0.0237941
107.51 1 0.262917
107.51 2 0.0237941
107.61 1 0.262917
107.61 2 0.0237941
107.71 1 0.262917
107.71 2 0.0237941
107.81 1 0.262917
107.81 2 0.0237941
107.91 1 0.262917
107.91 2 0.0237941
108.01 1 0.262917
108.01 2 0.0237941
108.11 1 0.262917
108.11 2 0.0237941
108.21 1 0.262917
108.21 2 0.0237941
108.31 1 0.262917
108.31 2 0.0237941
108.41 1 0.262917
108.41 2 0.0237941
108.51 1 0.262917
108.51 2 0.0237941
108.61 1 0.262917
108.61 2 0.0237941
108.71 1 0.262917
108.71 2 0.0237941
108.81 1 0.262917
108.81 2 0.0237941
108.91 1 0.262917
108.91 2 0.0237941
109.01 1 0.262917
109.01 2 0.0237941
109.11 1 0.262917
109.11 2 0.0237941
109.21 1 0.262917
109.21 2 0.0237941
109.31 1 0.262917
109.31 2 0.0237941
109.41 1 0.262917
109.41 2 0.0237941
109.51 1 0.262917
109.51 2 0.0237941
109.61 1 0.262917
109.61 2 0.0237941
109.71 1 0.262917
109.71 2 0.0237941
109.81 1 0.262917
109.81 2 0.0237941
109.91 1 0.262917
109.91 2 0.0237941
110.01 1 0.262917
110.01 2 0.0237941
110.11 1 0.262917
110.11 2 0.0237941
110.21 1 0.262917
110.21 2 0.0237941
110.31 1 0.262917
110.31 2 0.0237941
110.41 1 0.262917
110.41 2 0.0237941
110.51 1 0.262917
110.51 2 0.0237941
110.61 1 0.262917
110.61 2 0.0237941
110.71 1 0.262917
110.71 2 0.0237941
110.81 1 0.262917
110.81 2 0.0237941
110.91 1 0.262917
110.91 2 0.0237941
111.01 1 0.262917
111.01 2 0.0237941
111.11 1 0.262917
111.11 2 0.0237941
111.21 1 0.262917
111.21 2 0.0237941
111.31 1 0.262917
111.31 2 0.0237941
111.41 1 0.262917
111.41 2 0.0237941
111.51 1 0.262917
111.51 2 0.0237941
111.61 1 0.262917
111.61 2 0.0237941
111.71 1 0.262917
111.71 2 0.0237941
111.81 1 0.262917
111.81 2 0.0237941
111.91 1 0.262917
111.91 2 0.0237941
112.01 1 0.262917
112.01 2 0.0237941
112.11 1 0.262917
112.11 2 0.0237941
112.21 1 0.262917
112.21 2 0.0237941
112.31 1 0.262917
112.31 2 0.0237941
112.41 1 0.262917
112.41 2 0.0237941
112.51 1 0.262917
112.51 2 0.0237941
112.61 1 0.262917
112.61 2 0.0237941
112.71 1 0.262917
112.71 2 0.0237941
112.81 1 0.262917
112.81 2 0.0237941
112.91 1 0.262917
112.91 2 0.0237941
113.01 1 0.262917
113.01 2 0.0237941
113.11 1 0.262917
113.11 2 0.0237941
113.21 1 0.262917
113.21 2 0.0237941
113.31 1 0.262917
113.31 2 0.0237941
113.41 1 0.262917
113.41 2 0.0237941
113.51 1 0.262917
113.51 2 0.0237941
113.61 1 0.262917
113.61 2 0.0237941
113.71 1 0.262917
113.71 2 0.0237941
113.81 1 0.262917
113.81 2 0.0237941
113.91 1 0.262917
113.91 2 0.0237941
114.01 1 0.262917
114.01 2 0.0237941
114.11 1 0.262917
114.11 2 0.0237941
114.21 1 0.262917
114.21 2 0.0237941
114.31 1 0.262917
114.31 2 0.0237941
114.41 1 0.262917
114.41 2 0.0237941
114.51 1 0.262917
114.51 2 0.0237941
114.61 1 0.262917
114.61 2 0.0237941
114.71 1 0.262917
114.71 2 0.0237941
114.81 1 0.262917
114.81 2 0.0237941
114.91 1 0.262917
114.91 2 0.0237941
115.01 1 0.262917
115.01 2 0.0237941
115.11 1 0.262917
115.11 2 0.0237941
115.21 1 0.262917
115.21 2 0.0237941
115.31 1 0.262917
115.31 2 0.0237941
115.41 1 0.262917
115.41 2 0.0237941
115.51 1 0.262917
115.51 2 0.0237941
115.61 1 0.262917
115.61 2 0.0237941
115.71 1 0.262917
115.71 2 0.0237941
115.81 1 0.262917
115.81 2 0.0237941
115.91 1 0.262917
115.91 2 0.0237941
116.01 1 0.262917
116.01 2 0.0237941
116.11 1 0.262917
116.11 2 0.0237941
116.21 1 0.262917
116.21 2 0.0237941
116.31 1 0.262917
116.31 2 0.0237941
116.41 1 0.262917
116.41 2 0.0237941
116.51 1 0.262917
116.51 2 0.0237941
116.61 1 0.262917
116.61 2 0.0237941
116.71 1 0.262917
116.71 2 0.0237941
116.81 1 0.262917
116.81 2 0.0237941
116.91 1 0.262917
116.91 2 0.0237941
117.01 1 0.262917
117.01 2 0.0237941
117.11 1 0.262917
117.11 2 0.0237941
117.21 1 0.262917
117.21 2 0.0237941
117.31 1 0.262917
117.31 2 0.0237941
117.41 1 0.262917
117.41 2 0.0237941
117.51 1 0.262917
117.51 2 0.0237941
117.61 1 0.262917
117.61 2 0.0237941
117.71 1 0.262917
117.71 2 0.0237941
117.81 1 0.262917
117.81 2 0.0237941
117.91 1 0.262917
117.91 2 0.0237941
118.01 1 0.262917
118.01 2 0.0237941
118.11 1 0.262917
118.11 2 0.0237941
118.21 1 0.262917
118.21 2 0.0237941
118.31 1 0.262917
118.31 2 0.0237941
118.41 1 0.262917
118.41 2 0.0237941
118.51 1 0.262917
118.51 2 0.0237941
118.61 1 0.262917
118.61 2 0.0237941
118.71 1 0.262917
118.71 2 0.0237941
118.81 1 0.262917
118.81 2 0.0237941
118.91 1 0.262917
118.91 2 0.0237941
119.01 1 0.262917
119.01 2 0.0237941
119.11 1 0.262917
119.11 2 0.0237941
119.21 1 0.262917
119.21 2 0.0237941
119.31 1 0.262917
119.31 2 0.0237941
119.41 1 0.262917
119.41 2 0.0237941
119.51 1 0.262917
119.51 2 0.0237941
119.61 1 0.262917
119.61 2 0.0237941
119.71 1 0.262917
119.71 2 0.0237941
119.81 1 0.262917
119.81 2 0.0237941
119.91 1 0.262917
119.91 2 0.0237941
120.01 1 0.262917
120.01 2 0.0237941
120.11 1 0.262917
120.11 2 0.0237941
120.21 1 0.262917
120.21 2 0.0237941
120.31 1 0.262917
120.31 2 0.0237941
120.41 1 0.262917
120.41 2 0.0237941
120.51 1 0.262917
120.51 2 0.0237941
120.61 1 0.262917
120.61 2 0.0237941
120.71 1 0.262917
120.71 2 0.0237941
120.81 1 0.262917
120.81 2 0.0237941
120.91 1 0.262917
120.91 2 0.0237941
121.01 1 0.262917
121.01 2 0.0237941
121.11 1 0.262917
121.11 2 0.0237941
121.21 1 0.262917
121.21 2 0.0237941
121.31 1 0.262917
121.31 2 0.0237941
121.41 1 0.262917
121.41 2 0.0237941
121.51 1 0.262917
121.51 2 0.0237941
121.61 1 0.262917
121.61 2 0.0237941
121.71 1 0.262917
121.71 2 0.0237941
121.81 1 0.262917
121.81 2 0.0237941
121.91 1 0.262917
121.91 2 0.0237941
122.01 1 0.262917
122.01 2 0.0237941
122.11 1 0.262917
122.11 2 0.0237941
122.21 1 0.262917
122.21 2 0.0237941
122.31 1 0.262917
122.31 2 0.0237941
122.41 1 0.262917
122.41 2 0.0237941
122.51 1 0.262917
122.51 2 0.0237941
122.61 1 0.262917
122.61 2 0.0237941
122.71 1 0.262917
122.71 2 0.0237941
122.81 1 0.262917
122.81 2 0.0237941
122.91 1 0.262917
122.91 2 0.0237941
123.01 1 0.262917
123.01 2 0.0237941
123.11 1 0.262917
123.11 2 0.0237941
123.21 1 0.262917
123.21 2 0.0237941
123.31 1 0.262917
123.31 2 0.0237941
123.41 1 0.262917
123.41 2 0.0237941
123.51 1 0.262917
123.51 2 0.0237941
123.61 1 0.262917
123.61 2 0.0237941
123.71 1 0.262917
123.71 2 0.0237941
123.81 1 0.262917
123.81 2 0.0237941
123.91 1 0.262917
123.91 2 0.0237941
124.01 1 0.262917
124.01 2 0.0237941
124.11 1 0.262917
124.11 2 0.0237941
124.21 1 0.262917
124.21 2 0.0237941
124.31 1 0.262917
124.31 2 0.0237941
124.41 1 0.262917
124.41 2 0.0237941
124.51 1 0.262917
124.51 2 0.0237941
124.61 1 0.262917
124.61 2 0.0237941
124.71 1 0.262917
124.71 2 0.0237941
124.81 1 0.262917
124.81 2 0.0237941
124.91 1 0.262917
124.91 2 0.0237941
125.01 1 0.262917
125.01 2 0.0237941
125.11 1 0.262917
125.11 2 0.0237941
125.21 1 0.262917
125.21 2 0.0237941
125.31 1 0.262917
125.31 2 0.0237941
125.41 1 0.262917
125.41 2 0.0237941
125.51 1 0.262917
125.51 2 0.0237941
125.61 1 0.262917
125.61 2 0.0237941
125.71 1 0.262917
125.71 2 0.0237941
125.81 1 0.262917
125.81 2 0.0237941
125.91 1 0.262917
125.91 2 0.0237941
126.01 1 0.262917
126.01 2 0.0237941
126.11 1 0.262917
126.11 2 0.0237941
126.21 1 0.262917
126.21 2 0.0237941
126.31 1 0.262917
126.31 2 0.0237941
126.41 1 0.262917
126.41 2 0.0237941
126.51 1 0.262917
126.51 2 0.0237941
126.61 1 0.262917
126.61 2 0.0237941
126.71 1 0.262917
126.71 2 0.0237941
126.81 1 0.262917
126.81 2 0.0237941
126.91 1 0.262917
126.91 2 0.0237941
127.01 1 0.262917
127.01 2 0.0237941
127.11 1 0.262917
127.11 2 0.0237941
127.21 1 0.262917
127.21 2 0.0237941
127.31 1 0.262917
127.31 2 0.0237941
127.41 1 0.262917
127.41 2 0.0237941
127.51 1 0.262917
127.51 2 0.0237941
127.61 1 0.262917
127.61 2 0.0237941
127.71 1 0.262917
127.71 2 0.0237941
127.81 1 0.262917
127.81 2 0.0237941
127.91 1 0.262917
127.91 2 0.0237941
128.01 1 0.262917
128.01 2 0.0237941
128.11 1 0.262917
128.11 2 0.0237941
128.21 1 0.262917
128.21 2 0.0237941
128.31 1 0.262917
128.31 2 0.0237941
128.41 1 0.262917
128.41 2 0.0237941
128.51 1 0.262917
128.51 2 0.0237941
128.61 1 0.262917
128.61 2 0.0237941
128.71 1 0.262917
128.71 2 0.0237941
128.81 1 0.262917
128.81 2 0.0237941
128.91 1 0.262917
128.91 2 0.0237941
129.01 1 0.262917
129.01 2 0.0237941
129.11 1 0.262917
129.11 2 0.0237941
129.21 1 0.262917
129.21 2 0.0237941
129.31 1 0.262917
129.31 2 0.0237941
129.41 1 0.262917
129.41 2 0.0237941
129.51 1 0.262917
129.51 2 0.0237941
129.61 1 0.262917
129.61 2 0.0237941
129.71 1 0.262917
129.71 2 0.0237941
129.81 1 0.262917
129.81 2 0.0237941
129.91 1 0.262917
129.91 2 0.0237941
130.01 1 0.262917
130.01 2 0.0237941
130.11 1 0.262917
130.11 2 0.0237941
130.21 1 0.262917
130.21 2 0.0237941
130.31 1 0.262917
130.31 2 0.0237941
130.41 1 0.262917
130.41 2 0.0237941
130.51 1 0.262917
130.51 2 0.0237941
130.61 1 0.262917
130.61 2 0.0237941
130.71 1 0.262917
130.71 2 0.0237941
130.81 1 0.262917
130.81 2 0.0237941
130.91 1 0.262917
130.91 2 0.0237941
131.01 1 0.262917
131.01 2 0.0237941
131.11 1 0.262917
131.11 2 0.0237941
131.21 1 0.262917
131.21 2 0.0237941
131.31 1 0.262917
131.31 2 0.0237941
131.41 1 0.262917
131.41 2 0.0237941
131.51 1 0.262917
131.51 2 0.0237941
131.61 1 0.262917
131.61 2 0.0237941
131.71 1 0.262917
131.71 2 0.0237941
131.81 1 0.262917
131.81 2 0.0237941
131.91 1 0.262917
131.91 2 0.0237941
132.01 1 0.262917
132.01 2 0.0237941
132.11 1 0.262917
132.11 2 0.0237941
132.21 1 0.262917
132.21 2 0.0237941
132.31 1 0.262917
132.31 2 0.0237941
132.41 1 0.262917
132.41 2 0.0237941
132.51 1 0.262917
132.51 2 0.0237941
132.61 1 0.262917
132.61 2 0.0237941
132.71 1 0.262917
132.71 2 0.0237941
132.81 1 0.262917
132.81 2 0.0237941
132.91 1 0.262917
132.91 2 0.0237941
133.01 1 0.262917
133.01 2 0.0237941
133.11 1 0.262917
133.11 2 0.0237941
133.21 1 0.262917
133.21 2 0.0237941
133.31 1 0.262917
133.31 2 0.0237941
133.41 1 0.262917
133.41 2 0.0237941
133.51 1 0.262917
133.51 2 0.0237941
133.61 1 0.262917
133.61 2 0.0237941
133.71 1 0.262917
133.71 2 0.0237941
133.81 1 0.262917
133.81 2 0.0237941
133.91 1 0.262917
133.91 2 0.0237941
134.01 1 0.262917
134.01 2 0.0237941
134.11 1 0.262917
134.11 2 0.0237941
134.21 1 0.262917
134.21 2 0.0237941
134.31 1 0.262917
134.31 2 0.0237941
134.41 1 0.262917
134.41 2 0.0237941
134.51 1 0.262917
134.51 2 0.0237941
134.61 1 0.262917
134.61 2 0.0237941
134.71 1 0.262917
134.71 2 0.0237941
134.81 1 0.262917
134.81 2 0.0237941
134.91 1 0.262917
134.91 2 0.0237941
135.01 1 0.262917
135.01 2 0.0237941
135.11 1 0.262917
135.11 2 0.0237941
135.21 1 0.262917
135.21 2 0.0237941
135.31 1 0.262917
135.31 2 0.0237941
135.41 1 0.262917
135.41 2 0.0237941
135.51 1 0.262917
135.51 2 0.0237941
135.61 1 0.262917
135.61 2 0.0237941
135.71 1 0.262917
135.71 2 0.0237941
135.81 1 0.262917
135.81 2 0.0237941
135.91 1 0.262917
135.91 2 0.0237941
136.01 1 0.262917
136.01 2 0.0237941
136.11 1 0.262917
136.11 2 0.0237941
136.21 1 0.262917
136.21 2 0.0237941
136.31 1 0.262917
136.31 2 0.0237941
136.41 1 0.262917
136.41 2 0.0237941
136.51 1 0.262917
136.51 2 0.0237941
136.61 1 0.262917
136.61 2 0.0237941
136.71 1 0.262917
136.71 2 0.0237941
136.81 1 0.262917
136.81 2 0.0237941
136.91 1 0.262917
136.91 2 0.0237941
137.01 1 0.262917
137.01 2 0.0237941
137.11 1 0.262917
137.11 2 0.0237941
137.21 1 0.262917
137.21 2 0.0237941
137.31 1 0.262917
137.31 2 0.0237941
137.41 1 0.262917
137.41 2 0.0237941
137.51 1 0.262917
137.51 2 0.0237941
137.61 1 0.262917
137.61 2 0.0237941
137.71 1 0.262917
137.71 2 0.0237941
137.81 1 0.262917
137.81 2 0.0237941
137.91 1 0.262917
137.91 2 0.0237941
138.01 1 0.262917
138.01 2 0.0237941
138.11 1 0.262917
138.11 2 0.0237941
138.21 1 0.262917
138.21 2 0.0237941
138.31 1 0.262917
138.31 2 0.0237941
138.41 1 0.262917
138.41 2 0.0237941
138.51 1 0.262917
138.51 2 0.0237941
138.61 1 0.262917
138.61 2 0.0237941
138.71 1 0.262917
138.71 2 0.0237941
138.81 1 0.262917
138.81 2 0.0237941
138.91 1 0.262917
138.91 2 0.0237941
139.01 1 0.262917
139.01 2 0.0237941
139.11 1 0.262917
139.11 2 0.0237941
139.21 1 0.262917
139.21 2 0.0237941
139.31 1 0.262917
139.31 2 0.0237941
139.41 1 0.262917
139.41 2 0.0237941
139.51 1 0.262917
139.51 2 0.0237941
139.61 1 0.262917
139.61 2 0.0237941
139.71 1 0.262917
139.71 2 0.0237941
139.81 1 0.262917
139.81 2 0.0237941
139.91 1 0.262917
139.91 2 0.0237941
140.01 1 0.262917
140.01 2 0.0237941
140.11 1 0.262917
140.11 2 0.0237941
140.21 1 0.262917
140.21 2 0.0237941
140.31 1 0.262917
140.31 2 0.0237941
140.41 1 0.262917
140.41 2 0.0237941
140.51 1 0.262917
140.51 2 0.0237941
140.61 1 0.262917
140.61 2 0.0237941
140.71 1 0.262917
140.71 2 0.0237941
140.81 1 0.262917
140.81 2 0.0237941
140.91 1 0.262917
140.91 2 0.0237941
141.01 1 0.262917
141.01 2 0.0237941
141.11 1 0.262917
141.11 2 0.0237941
141.21 1 0.262917
141.21 2 0.0237941
141.31 1 0.262917
141.31 2 0.0237941
141.41 1 0.262917
141.41 2 0.0237941
141.51 1 0.262917
141.51 2 0.0237941
141.61 1 0.262917
141.61 2 0.0237941
141.71 1 0.262917
141.71 2 0.0237941
141.81 1 0.262917
141.81 2 0.0237941
141.91 1 0.262917
141.91 2 0.0237941
142.01 1 0.262917
142.01 2 0.0237941
142.11 1 0.262917
142.11 2 0.0237941
142.21 1 0.262917
142.21 2 0.0237941
142.31 1 0.262917
142.31 2 0.0237941
142.41 1 0.262917
142.41 2 0.0237941
142.51 1 0.262917
142.51 2 0.0237941
142.61 1 0.262917
142.61 2 0.0237941
142.71 1 0.262917
142.71 2 0.0237941
142.81 1 0.262917
142.81 2 0.0237941
142.91 1 0.262917
142.91 2 0.0237941
143.01 1 0.262917
143.01 2 0.0237941
143.11 1 0.262917
143.11 2 0.0237941
143.21 1 0.262917
143.21 2 0.0237941
143.31 1 0.262917
143.31 2 0.0237941
143.41 1 0.262917
143.41 2 0.0237941
143.51 1 0.262917
143.51 2 0.0237941
143.61 1 0.262917
143.61 2 0.0237941
143.71 1 0.262917
143.71 2 0.0237941
143.81 1 0.262917
143.81 2 0.0237941
143.91 1 0.262917
143.91 2 0.0237941
144.01 1 0.262917
144.01 2 0.0237941
144.11 1 0.262917
144.11 2 0.0237941
144.21 1 0.262917
144.21 2 0.0237941
144.31 1 0.262917
144.31 2 0.0237941
144.41 1 0.262917
144.41 2 0.0237941
144.51 1 0.262917
144.51 2 0.0237941
144.61 1 0.262917
144.61 2 0.0237941
144.71 1 0.262917
144.71 2 0.0237941
144.81 1 0.262917
144.81 2 0.0237941
144.91 1 0.262917
144.91 2 0.0237941
145.01 1 0.262917
145.01 2 0.0237941
145.11 1 0.262917
145.11 2 0.0237941
145.21 1 0.262917
145.21 2 0.0237941
145.31 1 0.262917
145.31 2 0.0237941
145.41 1 0.262917
145.41 2 0.0237941
145.51 1 0.262917
145.51 2 0.0237941
145.61 1 0.262917
145.61 2 0.0237941
145.71 1 0.262917
145.71 2 0.0237941
145.81 1 0.262917
145.81 2 0.0237941
145.91 1 0.262917
145.91 2 0.0237941
146.01 1 0.262917
146.01 2 0.0237941
146.11 1 0.262917
146.11 2 0.0237941
146.21 1 0.262917
146.21 2 0.0237941
146.31 1 0.262917
146.31 2 0.0237941
146.41 1 0.262917
146.41 2 0.0237941
146.51 1 0.262917
146.51 2 0.0237941
146.61 1 0.262917
146.61 2 0.0237941
146.71 1 0.262917
146.71 2 0.0237941
146.81 1 0.262917
146.81 2 0.0237941
146.91 1 0.262917
146.91 2 0.0237941
147.01 1 0.262917
147.01 2 0.0237941
147.11 1 0.262917
147.11 2 0.0237941
147.21 1 0.262917
147.21 2 0.0237941
147.31 1 0.262917
147.31 2 0.0237941
147.41 1 0.262917
147.41 2 0.0237941
147.51 1 0.262917
147.51 2 0.0237941
147.61 1 0.262917
147.61 2 0.0237941
147.71 1 0.262917
147.71 2 0.0237941
147.81 1 0.262917
147.81 2 0.0237941
147.91 1 0.262917
147.91 2 0.0237941
148.01 1 0.262917
148.01 2 0.0237941
148.11 1 0.262917
148.11 2 0.0237941
148.21 1 0.262917
148.21 2 0.0237941
148.31 1 0.262917
148.31 2 0.0237941
148.41 1 0.262917
148.41 2 0.0237941
148.51 1 0.262917
148.51 2 0.0237941
148.61 1 0.262917
148.61 2 0.0237941
148.71 1 0.262917
148.71 2 0.0237941
148.81 1 0.262917
148.81 2 0.0237941
148.91 1 0.262917
148.91 2 0.0237941
149.01 1 0.262917
149.01 2 0.0237941
149.11 1 0.262917
149.11 2 0.0237941
149.21 1 0.262917
149.21 2 0.0237941
149.31 1 0.262917
149.31 2 0.0237941
149.41 1 0.262917
149.41 2 0.0237941
149.51 1 0.262917
149.51 2 0.0237941
149.61 1 0.262917
149.61 2 0.0237941
149.71 1 0.262917
149.71 2 0.0237941
149.81 1 0.262917
149.81 2 0.0237941
149.91 1 0.262917
149.91 2 0.0237941
150.01 1 0.262917
150.01 2 0.0237941
150.11 1 0.262917
150.11 2 0.0237941
150.21 1 0.262917
150.21 2 0.0237941
150.31 1 0.262917
150.31 2 0.0237941
150.41 1 0.262917
150.41 2 0.0237941
150.51 1 0.262917
150.51 2 0.0237941
150.61 1 0.262917
150.61 2 0.0237941
150.71 1 0.262917
150.71 2 0.0237941
150.81 1 0.262917
150.81 2 0.0237941
150.91 1 0.262917
150.91 2 0.0237941
151.01 1 0.262917
151.01 2 0.0237941
151.11 1 0.262917
151.11 2 0.0237941
151.21 1 0.262917
151.21 2 0.0237941
151.31 1 0.262917
151.31 2 0.0237941
151.41 1 0.262917
151.41 2 0.0237941
151.51 1 0.262917
151.51 2 0.0237941
151.61 1 0.262917
151.61 2 0.0237941
151.71 1 0.262917
151.71 2 0.0237941
151.81 1 0.262917
151.81 2 0.0237941
151.91 1 0.262917
151.91 2 0.0237941
152.01 1 0.262917
152.01 2 0.0237941
152.11 1 0.262917
152.11 2 0.0237941
152.21 1 0.262917
152.21 2 0.0237941
152.31 1 0.262917
152.31 2 0.0237941
152.41 1 0.262917
152.41 2 0.0237941
152.51 1 0.262917
152.51 2 0.0237941
152.61 1 0.262917
152.61 2 0.0237941
152.71 1 0.262917
152.71 2 0.0237941
152.81 1 0.262917
152.81 2 0.0237941
152.91 1 0.262917
152.91 2 0.0237941
153.01 1 0.262917
153.01 2 0.0237941
153.11 1 0.262917
153.11 2 0.0237941
153.21 1 0.262917
153.21 2 0.0237941
153.31 1 0.262917
153.31 2 0.0237941
153.41 1 0.262917
153.41 2 0.0237941
153.51 1 0.262917
153.51 2 0.0237941
153.61 1 0.262917
153.61 2 0.0237941
153.71 1 0.262917
153.71 2 0.0237941
153.81 1 0.262917
153.81 2 0.0237941
153.91 1 0.262917
153.91 2 0.0237941
154.01 1 0.262917
154.01 2 0.0237941
154.11 1 0.262917
154.11 2 0.0237941
154.21 1 0.262917
154.21 2 0.0237941
154.31 1 0.262917
154.31 2 0.0237941
154.41 1 0.262917
154.41 2 0.0237941
154.51 1 0.262917
154.51 2 0.0237941
154.61 1 0.262917
154.61 2 0.0237941
154.71 1 0.262917
154.71 2 0.0237941
154.81 1 0.262917
154.81 2 0.0237941
154.91 1 0.262917
154.91 2 0.0237941
155.01 1 0.262917
155.01 2 0.0237941
155.11 1 0.262917
155.11 2 0.0237941
155.21 1 0.262917
155.21 2 0.0237941
155.31 1 0.262917
155.31 2 0.0237941
155.41 1 0.262917
155.41 2 0.0237941
155.51 1 0.262917
155.51 2 0.0237941
155.61 1 0.262917
155.61 2 0.0237941
155.71 1 0.262917
155.71 2 0.0237941
155.81 1 0.262917
155.81 2 0.0237941
155.91 1 0.262917
155.91 2 0.0237941
156.01 1 0.262917
156.01 2 0.0237941
156.11 1 0.262917
156.11 2 0.0237941
156.21 1 0.262917
156.21 2 0.0237941
156.31 1 0.262917
156.31 2 0.0237941
156.41 1 0.262917
156.41 2 0.0237941
156.51 1 0.262917
156.51 2 0.0237941
156.61 1 0.262917
156.61 2 0.0237941
156.71 1 0.262917
156.71 2 0.0237941
156.81 1 0.262917
156.81 2 0.0237941
156.91 1 0.262917
156.91 2 0.0237941
157.01 1 0.262917
157.01 2 0.0237941
157.11 1 0.262917
157.11 2 0.0237941
157.21 1 0.262917
157.21 2 0.0237941
157.31 1 0.262917
157.31 2 0.0237941
157.41 1 0.262917
157.41 2 0.0237941
157.51 1 0.262917
157.51 2 0.0237941
157.61 1 0.262917
157.61 2 0.0237941
157.71 1 0.262917
157.71 2 0.0237941
157.81 1 0.262917
157.81 2 0.0237941
157.91 1 0.262917
157.91 2 0.0237941
158.01 1 0.262917
158.01 2 0.0237941
158.11 1 0.262917
158.11 2 0.0237941
158.21 1 0.262917
158.21 2 0.0237941
158.31 1 0.262917
158.31 2 0.0237941
158.41 1 0.262917
158.41 2 0.0237941
158.51 1 0.262917
158.51 2 0.0237941
158.61 1 0.262917
158.61 2 0.0237941
158.71 1 0.262917
158.71 2 0.0237941
158.81 1 0.262917
158.81 2 0.0237941
158.91 1 0.262917
158.91 2 0.0237941
159.01 1 0.262917
159.01 2 0.0237941
159.11 1 0.262917
159.11 2 0.0237941
159.21 1 0.262917
159.21 2 0.0237941
159.31 1 0.262917
159.31 2 0.0237941
159.41 1 0.262917
159.41 2 0.0237941
159.51 1 0.262917
159.51 2 0.0237941
159.61 1 0.262917
159.61 2 0.0237941
159.71 1 0.262917
159.71 2 0.0237941
159.81 1 0.262917
159.81 2 0.0237941
159.91 1 0.262917
159.91 2 0.0237941
160.01 1 0.262917
160.01 2 0.0237941
160.11 1 0.262917
160.11 2 0.0237941
160.21 1 0.262917
160.21 2 0.0237941
160.31 1 0.262917
160.31 2 0.0237941
160.41 1 0.262917
160.41 2 0.0237941
160.51 1 0.262917
160.51 2 0.0237941
160.61 1 0.262917
160.61 2 0.0237941
160.71 1 0.262917
160.71 2 0.0237941
160.81 1 0.262917
160.81 2 0.0237941
160.91 1 0.262917
160.91 2 0.0237941
161.01 1 0.262917
161.01 2 0.0237941
161.11 1 0.262917
161.11 2 0.0237941
161.21 1 0.262917
161.21 2 0.0237941
161.31 1 0.262917
161.31 2 0.0237941
161.41 1 0.262917
161.41 2 0.0237941
161.51 1 0.262917
161.51 2 0.0237941
161.61 1 0.262917
161.61 2 0.0237941
161.71 1 0.262917
161.71 2 0.0237941
161.81 1 0.262917
161.81 2 0.0237941
161.91 1 0.262917
161.91 2 0.0237941
162.01 1 0.262917
162.01 2 0.0237941
162.11 1 0.262917
162.11 2 0.0237941
162.21 1 0.262917
162.21 2 0.0237941
162.31 1 0.262917
162.31 2 0.0237941
162.41 1 0.262917
162.41 2 0.0237941
162.51 1 0.262917
162.51 2 0.0237941
162.61 1 0.262917
162.61 2 0.0237941
162.71 1 0.262917
162.71 2 0.0237941
162.81 1 0.262917
162.81 2 0.0237941
162.91 1 0.262917
162.91 2 0.0237941
163.01 1 0.262917
163.01 2 0.0237941
163.11 1 0.262917
163.11 2 0.0237941
163.21 1 0.262917
163.21 2 0.0237941
163.31 1 0.262917
163.31 2 0.0237941
163.41 1 0.262917
163.41 2 0.0237941
163.51 1 0.262917
163.51 2 0.0237941
163.61 1 0.262917
163.61 2 0.0237941
163.71 1 0.262917
163.71 2 0.0237941
163.81 1 0.262917
163.81 2 0.0237941
163.91 1 0.262917
163.91 2 0.0237941
164.01 1 0.262917
164.01 2 0.0237941
164.11 1 0.262917
164.11 2 0.0237941
164.21 1 0.262917
164.21 2 0.0237941
164.31 1 0.262917
164.31 2 0.0237941
164.41 1 0.262917
164.41 2 0.0237941
164.51 1 0.262917
164.51 2 0.0237941
164.61 1 0.262917
164.61 2 0.0237941
164.71 1 0.262917
164.71 2 0.0237941
164.81 1 0.262917
164.81 2 0.0237941
164.91 1 0.262917
164.91 2 0.0237941
165.01 1 0.262917
165.01 2 0.0237941
165.11 1 0.262917
165.11 2 0.0237941
165.21 1 0.262917
165.21 2 0.0237941
165.31 1 0.262917
165.31 2 0.0237941
165.41 1 0.262917
165.41 2 0.0237941
165.51 1 0.262917
165.51 2 0.0237941
165.61 1 0.262917
165.61 2 0.0237941
165.71 1 0.262917
165.71 2 0.0237941
165.81 1 0.262917
165.81 2 0.0237941
165.91 1 0.262917
165.91 2 0.0237941
166.01 1 0.262917
166.01 2 0.0237941
166.11 1 0.262917
166.11 2 0.0237941
166.21 1 0.262917
166.21 2 0.0237941
166.31 1 0.262917
166.31 2 0.0237941
166.41 1 0.262917
166.41 2 0.0237941
166.51 1 0.262917
166.51 2 0.0237941
166.61 1 0.262917
166.61 2 0.0237941
166.71 1 0.262917
166.71 2 0.0237941
166.81 1 0.262917
166.81 2 0.0237941
166.91 1 0.262917
166.91 2 0.0237941
167.01 1 0.262917
167.01 2 0.0237941
167.11 1 0.262917
167.11 2 0.0237941
167.21 1 0.262917
167.21 2 0.0237941
167.31 1 0.262917
167.31 2 0.0237941
167.41 1 0.262917
167.41 2 0.0237941
167.51 1 0.262917
167.51 2 0.0237941
167.61 1 0.262917
167.61 2 0.0237941
167.71 1 0.262917
167.71 2 0.0237941
167.81 1 0.262917
167.81 2 0.0237941
167.91 1 0.262917
167.91 2 0.0237941
168.01 1 0.262917
168.01 2 0.0237941
168.11 1 0.262917
168.11 2 0.0237941
168.21 1 0.262917
168.21 2 0.0237941
168.31 1 0.262917
168.31 2 0.0237941
168.41 1 0.262917
168.41 2 0.0237941
168.51 1 0.262917
168.51 2 0.0237941
168.61 1 0.262917
168.61 2 0.0237941
168.71 1 0.262917
168.71 2 0.0237941
168.81 1 0.262917
168.81 2 0.0237941
168.91 1 0.262917
168.91 2 0.0237941
169.01 1 0.262917
169.01 2 0.0237941
169.11 1 0.262917
169.11 2 0.0237941
169.21 1 0.262917
169.21 2 0.0237941
169.31 1 0.262917
169.31 2 0.0237941
169.41 1 0.262917
169.41 2 0.0237941
169.51 1 0.262917
169.51 2 0.0237941
169.61 1 0.262917
169.61 2 0.0237941
169.71 1 0.262917
169.71 2 0.0237941
169.81 1 0.262917
169.81 2 0.0237941
169.91 1 0.262917
169.91 2 0.0237941
170.01 1 0.262917
170.01 2 0.0237941
170.11 1 0.262917
170.11 2 0.0237941
170.21 1 0.262917
170.21 2 0.0237941
170.31 1 0.262917
170.31 2 0.0237941
170.41 1 0.262917
170.41 2 0.0237941
170.51 1 0.262917
170.51 2 0.0237941
170.61 1 0.262917
170.61 2 0.0237941
170.71 1 0.262917
170.71 2 0.0237941
170.81 1 0.262917
170.81 2 0.0237941
170.91 1 0.262917
170.91 2 0.0237941
171.01 1 0.262917
171.01 2 0.0237941
171.11 1 0.262917
171.11 2 0.0237941
171.21 1 0.262917
171.21 2 0.0237941
171.31 1 0.262917
171.31 2 0.0237941
171.41 1 0.262917
171.41 2 0.0237941
171.51 1 0.262917
171.51 2 0.0237941
171.61 1 0.262917
171.61 2 0.0237941
171.71 1 0.262917
171.71 2 0.0237941
171.81 1 0.262917
171.81 2 0.0237941
171.91 1 0.262917
171.91 2 0.0237941
172.01 1 0.262917
172.01 2 0.0237941
172.11 1 0.262917
172.11 2 0.0237941
172.21 1 0.262917
172.21 2 0.0237941
172.31 1 0.262917
172.31 2 0.0237941
172.41 1 0.262917
172.41 2 0.0237941
172.51 1 0.262917
172.51 2 0.0237941
172.61 1 0.262917
172.61 2 0.0237941
172.71 1 0.262917
172.71 2 0.0237941
172.81 1 0.262917
172.81 2 0.0237941
172.91 1 0.262917
172.91 2 0.0237941
173.01 1 0.262917
173.01 2 0.0237941
173.11 1 0.262917
173.11 2 0.0237941
173.21 1 0.262917
173.21 2 0.0237941
173.31 1 0.262917
173.31 2 0.0237941
173.41 1 0.262917
173.41 2 0.0237941
173.51 1 0.262917
173.51 2 0.0237941
173.61 1 0.262917
173.61 2 0.0237941
173.71 1 0.262917
173.71 2 0.0237941
173.81 1 0.262917
173.81 2 0.0237941
173.91 1 0.262917
173.91 2 0.0237941
174.01 1 0.262917
174.01 2 0.0237941
174.11 1 0.262917
174.11 2 0.0237941
174.21 1 0.262917
174.21 2 0.0237941
174.31 1 0.262917
174.31 2 0.0237941
174.41 1 0.262917
174.41 2 0.0237941
174.51 1 0.262917
174.51 2 0.0237941
174.61 1 0.262917
174.61 2 0.0237941
174.71 1 0.262917
174.71 2 0.0237941
174.81 1 0.262917
174.81 2 0.0237941
174.91 1 0.262917
174.91 2 0.0237941
175.01 1 0.262917
175.01 2 0.0237941
175.11 1 0.262917
175.11 2 0.0237941
175.21 1 0.262917
175.21 2 0.0237941
175.31 1 0.262917
175.31 2 0.0237941
175.41 1 0.262917
175.41 2 0.0237941
175.51 1 0.262917
175.51 2 0.0237941
175.61 1 0.262917
175.61 2 0.0237941
175.71 1 0.262917
175.71 2 0.0237941
175.81 1 0.262917
175.81 2 0.0237941
175.91 1 0.262917
175.91 2 0.0237941
176.01 1 0.262917
176.01 2 0.0237941
176.11 1 0.262917
176.11 2 0.0237941
176.21 1 0.262917
176.21 2 0.0237941
176.31 1 0.262917
176.31 2 0.0237941
176.41 1 0.262917
176.41 2 0.0237941
176.51 1 0.262917
176.51 2 0.0237941
176.61 1 0.262917
176.61 2 0.0237941
176.71 1 0.262917
176.71 2 0.0237941
176.81 1 0.262917
176.81 2 0.0237941
176.91 1 0.262917
176.91 2 0.0237941
177.01 1 0.262917
177.01 2 0.0237941
177.11 1 0.262917
177.11 2 0.0237941
177.21 1 0.262917
177.21 2 0.0237941
177.31 1 0.262917
177.31 2 0.0237941
177.41 1 0.262917
177.41 2 0.0237941
177.51 1 0.262917
177.51 2 0.0237941
177.61 1 0.262917
177.61 2 0.0237941
177.71 1 0.262917
177.71 2 0.0237941
177.81 1 0.262917
177.81 2 0.0237941
177.91 1 0.262917
177.91 2 0.0237941
178.01 1 0.262917
178.01 2 0.0237941
178.11 1 0.262917
178.11 2 0.0237941
178.21 1 0.262917
178.21 2 0.0237941
178.31 1 0.262917
178.31 2 0.0237941
178.41 1 0.262917
178.41 2 0.0237941
178.51 1 0.262917
178.51 2 0.0237941
178.61 1 0.262917
178.61 2 0.0237941
178.71 1 0.262917
178.71 2 0.0237941
178.81 1 0.262917
178.81 2 0.0237941
178.91 1 0.262917
178.91 2 0.0237941
179.01 1 0.262917
179.01 2 0.0237941
179.11 1 0.262917
179.11 2 0.0237941
179.21 1 0.262917
179.21 2 0.0237941
179.31 1 0.262917
179.31 2 0.0237941
179.41 1 0.262917
179.41 2 0.0237941
179.51 1 0.262917
179.51 2 0.0237941
179.61 1 0.262917
179.61 2 0.0237941
179.71 1 0.262917
179.71 2 0.0237941
179.81 1 0.262917
179.81 2 0.0237941
179.91 1 0.262917
179.91 2 0.0237941
180.01 1 0.262917
180.01 2 0.0237941
180.11 1 0.262917
180.11 2 0.0237941
180.21 1 0.262917
180.21 2 0.0237941
180.31 1 0.262917
180.31 2 0.0237941
180.41 1 0.262917
180.41 2 0.0237941
180.51 1 0.262917
180.51 2 0.0237941
180.61 1 0.262917
180.61 2 0.0237941
180.71 1 0.262917
180.71 2 0.0237941
180.81 1 0.262917
180.81 2 0.0237941
180.91 1 0.262917
180.91 2 0.0237941
181.01 1 0.262917
181.01 2 0.0237941
181.11 1 0.262917
181.11 2 0.0237941
181.21 1 0.262917
181.21 2 0.0237941
181.31 1 0.262917
181.31 2 0.0237941
181.41 1 0.262917
181.41 2 0.0237941
181.51 1 0.262917
181.51 2 0.0237941
181.61 1 0.262917
181.61 2 0.0237941
181.71 1 0.262917
181.71 2 0.0237941
181.81 1 0.262917
181.81 2 0.0237941
181.91 1 0.262917
181.91 2 0.0237941
182.01 1 0.262917
182.01 2 0.0237941
182.11 1 0.262917
182.11 2 0.0237941
182.21 1 0.262917
182.21 2 0.0237941
182.31 1 0.262917
182.31 2 0.0237941
182.41 1 0.262917
182.41 2 0.0237941
182.51 1 0.262917
182.51 2 0.0237941
182.61 1 0.262917
182.61 2 0.0237941
182.71 1 0.262917
182.71 2 0.0237941
182.81 1 0.262917
182.81 2 0.0237941
182.91 1 0.262917
182.91 2 0.0237941
183.01 1 0.262917
183.01 2 0.0237941
183.11 1 0.262917
183.11 2 0.0237941
183.21 1 0.262917
183.21 2 0.0237941
183.31 1 0.262917
183.31 2 0.0237941
183.41 1 0.262917
183.41 2 0.0237941
183.51 1 0.262917
183.51 2 0.0237941
183.61 1 0.262917
183.61 2 0.0237941
183.71 1 0.262917
183.71 2 0.0237941
183.81 1 0.262917
183.81 2 0.0237941
183.91 1 0.262917
183.91 2 0.0237941
184.01 1 0.262917
184.01 2 0.0237941
184.11 1 0.262917
184.11 2 0.0237941
184.21 1 0.262917
184.21 2 0.0237941
184.31 1 0.262917
184.31 2 0.0237941
184.41 1 0.262917
184.41 2 0.0237941
184.51 1 0.262917
184.51 2 0.0237941
184.61 1 0.262917
184.61 2 0.0237941
184.71 1 0.262917
184.71 2 0.0237941
184.81 1 0.262917
184.81 2 0.0237941
184.91 1 0.262917
184.91 2 0.0237941
185.01 1 0.262917
185.01 2 0.0237941
185.11 1 0.262917
185.11 2 0.0237941
185.21 1 0.262917
185.21 2 0.0237941
185.31 1 0.262917
185.31 2 0.0237941
185.41 1 0.262917
185.41 2 0.0237941
185.51 1 0.262917
185.51 2 0.0237941
185.61 1 0.262917
185.61 2 0.0237941
185.71 1 0.262917
185.71 2 0.0237941
185.81 1 0.262917
185.81 2 0.0237941
185.91 1 0.262917
185.91 2 0.0237941
186.01 1 0.262917
186.01 2 0.0237941
186.11 1 0.262917
186.11 2 0.0237941
186.21 1 0.262917
186.21 2 0.0237941
186.31 1 0.262917
186.31 2 0.0237941
186.41 1 0.262917
186.41 2 0.0237941
186.51 1 0.262917
186.51 2 0.0237941
186.61 1 0.262917
186.61 2 0.0237941
186.71 1 0.262917
186.71 2 0.0237941
186.81 1 0.262917
186.81 2 0.0237941
186.91 1 0.262917
186.91 2 0.0237941
187.01 1 0.262917
187.01 2 0.0237941
187.11 1 0.262917
187.11 2 0.0237941
187.21 1 0.262917
187.21 2 0.0237941
187.31 1 0.262917
187.31 2 0.0237941
187.41 1 0.262917
187.41 2 0.0237941
187.51 1 0.262917
187.51 2 0.0237941
187.61 1 0.262917
187.61 2 0.0237941
187.71 1 0.262917
187.71 2 0.0237941
187.81 1 0.262917
187.81 2 0.0237941
187.91 1 0.262917
187.91 2 0.0237941
188.01 1 0.262917
188.01 2 0.0237941
188.11 1 0.262917
188.11 2 0.0237941
188.21 1 0.262917
188.21 2 0.0237941
188.31 1 0.262917
188.31 2 0.0237941
188.41 1 0.262917
188.41 2 0.0237941
188.51 1 0.262917
188.51 2 0.0237941
188.61 1 0.262917
188.61 2 0.0237941
188.71 1 0.262917
188.71 2 0.0237941
188.81 1 0.262917
188.81 2 0.0237941
188.91 1 0.262917
188.91 2 0.0237941
189.01 1 0.262917
189.01 2 0.0237941
189.11 1 0.262917
189.11 2 0.0237941
189.21 1 0.262917
189.21 2 0.0237941
189.31 1 0.262917
189.31 2 0.0237941
189.41 1 0.262917
189.41 2 0.0237941
189.51 1 0.262917
189.51 2 0.0237941
189.61 1 0.262917
189.61 2 0.0237941
189.71 1 0.262917
189.71 2 0.0237941
189.81 1 0.262917
189.81 2 0.0237941
189.91 1 0.262917
189.91 2 0.0237941
190.01 1 0.262917
190.01 2 0.0237941
190.11 1 0.262917
190.11 2 0.0237941
190.21 1 0.262917
190.21 2 0.0237941
190.31 1 0.262917
190.31 2 0.0237941
190.41 1 0.262917
190.41 2 0.0237941
190.51 1 0.262917
190.51 2 0.0237941
190.61 1 0.262917
190.61 2 0.0237941
190.71 1 0.262917
190.71 2 0.0237941
190.81 1 0.262917
190.81 2 0.0237941
190.91 1 0.262917
190.91 2 0.0237941
191.01 1 0.262917
191.01 2 0.0237941
191.11 1 0.262917
191.11 2 0.0237941
191.21 1 0.262917
191.21 2 0.0237941
191.31 1 0.262917
191.31 2 0.0237941
191.41 1 0.262917
191.41 2 0.0237941
191.51 1 0.262917
191.51 2 0.0237941
191.61 1 0.262917
191.61 2 0.0237941
191.71 1 0.262917
191.71 2 0.0237941
191.81 1 0.262917
191.81 2 0.0237941
191.91 1 0.262917
191.91 2 0.0237941
192.01 1 0.262917
192.01 2 0.0237941
192.11 1 0.262917
192.11 2 0.0237941
192.21 1 0.262917
192.21 2 0.0237941
192.31 1 0.262917
192.31 2 0.0237941
192.41 1 0.262917
192.41 2 0.0237941
192.51 1 0.262917
192.51 2 0.0237941
192.61 1 0.262917
192.61 2 0.0237941
192.71 1 0.262917
192.71 2 0.0237941
192.81 1 0.262917
192.81 2 0.0237941
192.91 1 0.262917
192.91 2 0.0237941
193.01 1 0.262917
193.01 2 0.0237941
193.11 1 0.262917
193.11 2 0.0237941
193.21 1 0.262917
193.21 2 0.0237941
193.31 1 0.262917
193.31 2 0.0237941
193.41 1 0.262917
193.41 2 0.0237941
193.51 1 0.262917
193.51 2 0.0237941
193.61 1 0.262917
193.61 2 0.0237941
193.71 1 0.262917
193.71 2 0.0237941
193.81 1 0.262917
193.81 2 0.0237941
193.91 1 0.262917
193.91 2 0.0237941
194.01 1 0.262917
194.01 2 0.0237941
194.11 1 0.262917
194.11 2 0.0237941
194.21 1 0.262917
194.21 2 0.0237941
194.31 1 0.262917
194.31 2 0.0237941
194.41 1 0.262917
194.41 2 0.0237941
194.51 1 0.262917
194.51 2 0.0237941
194.61 1 0.262917
194.61 2 0.0237941
194.71 1 0.262917
194.71 2 0.0237941
194.81 1 0.262917
194.81 2 0.0237941
194.91 1 0.262917
194.91 2 0.0237941
195.01 1 0.262917
195.01 2 0.0237941
195.11 1 0.262917
195.11 2 0.0237941
195.21 1 0.262917
195.21 2 0.0237941
195.31 1 0.262917
195.31 2 0.0237941
195.41 1 0.262917
195.41 2 0.0237941
195.51 1 0.262917
195.51 2 0.0237941
195.61 1 0.262917
195.61 2 0.0237941
195.71 1 0.262917
195.71 2 0.0237941
195.81 1 0.262917
195.81 2 0.0237941
195.91 1 0.262917
195.91 2 0.0237941
196.01 1 0.262917
196.01 2 0.0237941
196.11 1 0.262917
196.11 2 0.0237941
196.21 1 0.262917
196.21 2 0.0237941
196.31 1 0.262917
196.31 2 0.0237941
196.41 1 0.262917
196.41 2 0.0237941
196.51 1 0.262917
196.51 2 0.0237941
196.61 1 0.262917
196.61 2 0.0237941
196.71 1 0.262917
196.71 2 0.0237941
196.81 1 0.262917
196.81 2 0.0237941
196.91 1 0.262917
196.91 2 0.0237941
197.01 1 0.262917
197.01 2 0.0237941
197.11 1 0.262917
197.11 2 0.0237941
197.21 1 0.262917
197.21 2 0.0237941
197.31 1 0.262917
197.31 2 0.0237941
197.41 1 0.262917
197.41 2 0.0237941
197.51 1 0.262917
197.51 2 0.0237941
197.61 1 0.262917
197.61 2 0.0237941
197.71 1 0.262917
197.71 2 0.0237941
197.81 1 0.262917
197.81 2 0.0237941
197.91 1 0.262917
197.91 2 0.0237941
198.01 1 0.262917
198.01 2 0.0237941
198.11 1 0.262917
198.11 2 0.0237941
198.21 1 0.262917
198.21 2 0.0237941
198.31 1 0.262917
198.31 2 0.0237941
198.41 1 0.262917
198.41 2 0.0237941
198.51 1 0.262917
198.51 2 0.0237941
198.61 1 0.262917
198.61 2 0.0237941
198.71 1 0.262917
198.71 2 0.0237941
198.81 1 0.262917
198.81 2 0.0237941
198.91 1 0.262917
198.91 2 0.0237941
199.01 1 0.262917
199.01 2 0.0237941
199.11 1 0.262917
199.11 2 0.0237941
199.21 1 0.262917
199.21 2 0.0237941
199.31 1 0.262917
199.31 2 0.0237941
199.41 1 0.262917
199.41 2 0.0237941
199.51 1 0.262917
199.51 2 0.0237941
199.61 1 0.262917
199.61 2 0.0237941
199.71 1 0.262917
199.71 2 0.0237941
199.81 1 0.262917
199.81 2 0.0237941
199.91 1 0.262917
199.91 2 0.0237941
200.01 1 0.262917
200.01 2 0.0237941
200.11 1 0.262917
200.11 2 0.0237941
200.21 1 0.262917
200.21 2 0.0237941
200.31 1 0.262917
200.31 2 0.0237941
200.41 1 0.262917
200.41 2 0.0237941
200.51 1 0.262917
200.51 2 0.0237941
200.61 1 0.262917
200.61 2 0.0237941
200.71 1 0.262917
200.71 2 0.0237941
200.81 1 0.262917
200.81 2 0.0237941
200.91 1 0.262917
200.91 2 0.0237941
