0.0 0
0.114201 0.104
0.219224 0.104125
0.226411 0.104734
0.233608 0.105268
0.240805 0.105609
0.248002 0.106033
0.324236 0.115029
0.331434 0.114275
0.338631 0.113491
0.345828 0.112804
0.353025 0.112329
0.360223 0.111913
0.36742 0.111549
0.374617 0.111105
0.381814 0.110717
0.429249 0.115502
0.436446 0.11469
0.443643 0.113853
0.45084 0.113122
0.458038 0.112606
0.465235 0.112156
0.472432 0.111761
0.479629 0.111291
0.486827 0.11088
0.534261 0.115645
0.541458 0.114814
0.548655 0.113962
0.555853 0.113217
0.56305 0.11269
0.570247 0.112229
0.577444 0.111825
0.584642 0.111347
0.591839 0.110929
0.860135 0.110688
0.863748 0.110352
0.95795 0.110058
0.965147 0.109925
0.972345 0.10981
0.979542 0.109709
0.986739 0.109495
0.993936 0.109308
1.00113 0.10927
1.00833 0.109236
1.01553 0.109206
1.02273 0.109056
1.06656 0.109049
1.07376 0.108918
1.08096 0.108803
1.08815 0.108828
1.09535 0.108849
1.10255 0.108868
1.10974 0.108759
1.11694 0.108665
1.12414 0.108706
1.13134 0.108743
1.17517 0.108775
1.18237 0.108803
1.18957 0.108828
1.19676 0.108724
1.20396 0.108634
1.21116 0.10868
1.21836 0.10872
1.22555 0.108755
1.23275 0.10866
1.23995 0.108578
1.28378 0.108506
1.29098 0.108442
1.29818 0.108512
1.30537 0.108573
1.31257 0.108626
1.31977 0.108548
1.32697 0.10848
1.33416 0.108545
1.34497 0.108977
1.56221 0.116105
1.60603 0.115216
1.61323 0.114439
1.62043 0.113759
1.62762 0.11304
1.63482 0.11241
1.64202 0.111983
1.64921 0.11161
1.65641 0.111284
1.66361 0.110999
1.67081 0.110624
1.71104 0.114546
1.71824 0.113853
1.72544 0.113246
1.73263 0.11259
1.73983 0.112016
1.74703 0.111639
1.75423 0.111309
1.76142 0.111021
1.76862 0.110643
1.77582 0.110313
1.81606 0.114274
1.82325 0.113614
1.83045 0.113038
1.83765 0.112408
1.84484 0.111857
1.85204 0.1115
1.86644 0.111187
1.87363 0.110789
1.88083 0.11044
1.92107 0.114385
1.92826 0.113712
1.93546 0.113123
1.94266 0.112483
1.94986 0.111922
1.95705 0.111557
1.97145 0.112112
1.97865 0.111598
1.98584 0.111149
1.99304 0.11088
2.02608 0.113895
2.03328 0.113283
2.04047 0.112748
2.04767 0.112154
2.05487 0.111635
2.06207 0.111306
2.07646 0.111892
2.08366 0.111406
2.09086 0.11098
2.09805 0.110733
2.13109 0.113766
2.13829 0.11317
2.14549 0.112649
2.15268 0.112068
2.15988 0.111559
2.16708 0.111239
2.18147 0.111835
2.18867 0.111355
2.19587 0.110936
2.20306 0.110694
2.2361 0.113732
2.2433 0.113141
2.2505 0.112623
2.2577 0.112045
2.26489 0.111539
2.27209 0.111222
2.28649 0.111819
2.29729 0.111842
2.51093 0.122737
2.51813 0.12102
2.52533 0.119517
2.53252 0.118202
2.53972 0.116927
2.54692 0.115811
2.55412 0.11496
2.56131 0.114215
2.56851 0.113563
2.57571 0.112868
2.61594 0.116384
2.62314 0.115461
2.63034 0.114654
2.63754 0.113947
2.64473 0.113203
2.65193 0.112553
2.65913 0.112109
2.66632 0.11172
2.67352 0.11138
2.72096 0.115083
2.72815 0.114322
2.73535 0.113657
2.74255 0.113075
2.74975 0.112441
2.75694 0.111886
2.76414 0.111525
2.77134 0.111209
2.77853 0.110933
2.82597 0.115566
2.83317 0.114746
2.84036 0.114027
2.84756 0.113399
2.85476 0.112724
2.86195 0.112134
2.86915 0.111742
2.87635 0.111399
2.88355 0.111099
2.89074 0.110712
2.93098 0.114498
2.93818 0.113811
2.94538 0.113209
2.95257 0.112683
2.95977 0.112098
2.96697 0.111586
2.97416 0.111262
2.98136 0.11098
2.98856 0.110732
2.99576 0.110391
3.03599 0.114217
3.04319 0.113565
3.05039 0.112994
3.05758 0.112495
3.06478 0.111933
3.07198 0.111441
3.07918 0.111136
3.08637 0.110869
3.09357 0.110636
3.10077 0.110306
3.14101 0.114268
3.1482 0.113609
3.1554 0.113033
3.1626 0.112529
3.16979 0.111963
3.17699 0.111468
3.18419 0.111159
3.19139 0.110889
3.19858 0.110653
3.20578 0.110321
3.24602 0.114281
3.25321 0.113621
3.26041 0.113043
3.26761 0.112538
3.27481 0.111971
3.282 0.111599
3.2892 0.111274
3.2964 0.11099
3.3036 0.110741
3.31079 0.110399
3.35103 0.114349
3.35823 0.11368
3.36542 0.113095
3.37262 0.112458
3.37982 0.111901
3.38702 0.111538
3.39421 0.111221
3.40141 0.110943
3.40861 0.110701
3.41581 0.110363
3.45604 0.114318
3.46324 0.113653
3.47044 0.113071
3.47763 0.112437
3.48483 0.111883
3.49203 0.111522
3.49923 0.111207
3.50642 0.110931
3.51362 0.110565
3.52082 0.110244
3.56105 0.114214
3.56825 0.113562
3.57545 0.112992
3.58265 0.112368
3.58984 0.111822
3.59704 0.111469
3.60424 0.11116
3.61144 0.11089
3.61863 0.110529
3.62583 0.110213
3.66607 0.114186
3.67326 0.113538
3.68046 0.112971
3.68766 0.112349
3.69486 0.111806
3.70205 0.111455
3.70925 0.111148
3.71645 0.11088
3.72364 0.11052
3.73084 0.110205
3.77108 0.114179
3.77828 0.113532
3.78547 0.112965
3.79267 0.112345
3.79987 0.111802
3.80707 0.111451
3.81426 0.111145
3.82146 0.110877
3.82866 0.110517
3.83585 0.110203
3.87609 0.114177
3.88329 0.11353
3.89049 0.112964
3.89768 0.112343
3.90488 0.1118
3.91208 0.11145
4.12933 0.122394
4.13652 0.12072
4.14372 0.11913
4.15092 0.117739
4.15812 0.116646
4.16531 0.11569
4.17251 0.114854
4.17971 0.113997
4.18691 0.113248
4.1941 0.112717
4.23794 0.112127
4.24514 0.111736
4.25233 0.111394
4.25953 0.111095
4.26673 0.110708
4.27392 0.11037
4.28112 0.110198
4.28832 0.110049
4.29552 0.109918
4.30271 0.109678
4.34655 0.109593
4.35375 0.109394
4.36094 0.10922
4.36814 0.109192
4.37534 0.109168
4.38254 0.109147
4.38973 0.109004
4.39693 0.108878
4.40413 0.108894
4.41132 0.108907
4.41852 0.108918
4.45516 0.108929
4.46236 0.108938
4.46955 0.108945
4.47675 0.108827
4.48395 0.108724
4.49115 0.108758
4.49834 0.108789
4.50554 0.108815
4.51274 0.108713
4.51993 0.108624
4.52713 0.108671
4.56377 0.108587
4.57097 0.108514
4.57817 0.108574
4.58536 0.108628
4.59617 0.109174
4.80981 0.120402
4.81701 0.118977
4.8242 0.11773
4.8314 0.116639
4.8386 0.115684
4.8458 0.114723
4.85299 0.113883
4.86019 0.113273
4.86739 0.112739
4.87458 0.112271
4.88178 0.111737
4.91842 0.111395
4.92923 0.111471
5.15368 0.111037
5.25149 0.122032
5.25869 0.120278
5.26589 0.118743
5.27308 0.117526
5.28748 0.11646
5.29467 0.115402
5.30548 0.114977
5.46513 0.118855
5.52989 0.117498
5.53709 0.116436
5.54428 0.115506
5.55148 0.114693
5.55868 0.113856
5.56588 0.113124
5.57307 0.112609
5.58027 0.112158
5.58747 0.111763
5.59467 0.111293
5.60186 0.110881
5.6349 0.113771
5.6421 0.113175
5.6493 0.112653
5.65649 0.112196
5.66369 0.111672
5.67089 0.111213
5.67809 0.110936
5.68528 0.110694
5.69248 0.110482
5.69968 0.110172
5.70687 0.109901
5.73991 0.112913
5.74711 0.112424
5.75431 0.111996
5.76151 0.111621
5.7687 0.111169
5.7759 0.110773
5.7831 0.110551
5.7903 0.110357
5.79749 0.110188
5.80469 0.109914
5.81189 0.109675
5.84493 0.112715
5.85212 0.112251
5.85932 0.111845
5.86652 0.111489
5.87372 0.111053
5.88091 0.110671
5.89531 0.110462
5.9025 0.11028
5.9097 0.109995
5.9169 0.109745
5.94994 0.112777
5.95714 0.112305
5.96433 0.111892
5.97153 0.11153
5.97873 0.111089
5.98593 0.110703
6.00032 0.111365
6.00752 0.111069
6.01471 0.110686
6.02191 0.11035
6.02911 0.110181
6.05495 0.112284
6.06215 0.111873
6.06935 0.111514
6.07654 0.1112
6.08374 0.1108
6.09094 0.11045
6.10533 0.111144
6.23555 0.111251
6.32978 0.110844
6.34059 0.110989
6.55423 0.122115
6.56142 0.120476
6.56862 0.118916
6.57582 0.117552
6.58301 0.116483
6.59021 0.115547
6.59741 0.114729
6.60461 0.114013
6.6118 0.113261
6.619 0.112729
6.6262 0.112263
6.6334 0.111855
6.66284 0.111373
6.67003 0.111076
6.67723 0.110817
6.68443 0.11059
6.69163 0.110266
6.69882 0.109983
6.70602 0.10986
6.92327 0.121002
6.93047 0.119502
6.93766 0.118064
6.94486 0.116806
6.95206 0.11583
6.95926 0.114977
6.96645 0.11423
6.97365 0.113451
6.98085 0.11277
6.98804 0.112298
6.99524 0.111886
7.00244 0.111525
7.02828 0.11346
7.03548 0.112902
7.04268 0.112289
7.04987 0.111753
7.05707 0.111409
7.06427 0.111108
7.07147 0.110844
7.07866 0.110489
7.08586 0.110178
7.09306 0.110031
7.10025 0.109902
7.10745 0.109789
7.13329 0.11194
7.14049 0.111573
7.14769 0.111126
7.15489 0.110735
7.16208 0.110519
7.16928 0.110329
7.17648 0.110163
7.18367 0.109892
7.19087 0.109656
7.19807 0.109574
7.20527 0.109502
7.21246 0.109439
7.23831 0.111634
7.2455 0.111305
7.2527 0.110892
7.2599 0.11053
7.2671 0.110339
7.27429 0.110172
7.28149 0.110025
7.28869 0.109772
7.29588 0.109551
7.30308 0.109482
7.31028 0.109422
7.31748 0.109369
7.34332 0.111573
7.35052 0.111251
7.35771 0.110845
7.36491 0.110489
7.37211 0.110303
7.3793 0.11014
7.3865 0.109998
7.3937 0.109748
7.4009 0.109529
7.40809 0.109463
7.41529 0.109405
7.42249 0.109355
7.44833 0.11156
7.45553 0.11124
7.46273 0.110835
7.46992 0.110481
7.47712 0.110296
7.48432 0.110134
7.49151 0.109992
7.49871 0.109743
7.50591 0.109525
7.51311 0.10946
7.5203 0.109402
7.5275 0.109352
7.55334 0.111558
7.56054 0.111238
7.56774 0.110833
7.57493 0.110479
7.58213 0.110294
7.58933 0.110132
7.59653 0.109991
7.60372 0.109742
7.61092 0.109524
7.61812 0.109459
7.62532 0.109401
7.63251 0.109351
7.65836 0.111557
7.66555 0.111238
7.67275 0.110833
7.67995 0.110479
7.68714 0.110294
7.69434 0.110132
7.70154 0.109991
7.70874 0.109742
7.71593 0.109524
7.72313 0.109459
7.73752 0.109401
7.76337 0.111601
7.77418 0.111776
7.98781 0.122679
7.99501 0.120969
8.00221 0.119473
8.00941 0.118164
8.0166 0.117018
8.0238 0.115891
8.031 0.114905
8.03819 0.114167
8.04539 0.113521
8.05259 0.112956
8.05979 0.112336
8.06698 0.111794
8.09283 0.113695
8.10002 0.113108
8.10722 0.112595
8.11442 0.112145
8.12162 0.111627
8.12881 0.111174
8.13601 0.110902
8.14321 0.110664
8.1504 0.110456
8.1576 0.110274
8.1648 0.10999
8.172 0.109741
8.19784 0.111899
8.20504 0.111536
8.21223 0.111219
8.21943 0.110942
8.22663 0.110574
8.23382 0.110252
8.24102 0.110096
8.24822 0.109959
8.25542 0.109839
8.26261 0.109609
8.26981 0.109408
8.27701 0.109357
8.30285 0.111562
8.31005 0.111242
8.31725 0.110962
8.32444 0.110717
8.33164 0.110377
8.33884 0.11008
8.34603 0.109945
8.35323 0.109827
8.36043 0.109723
8.36763 0.109508
8.37482 0.109319
8.38202 0.10928
8.40786 0.111495
8.41506 0.111183
8.42226 0.11091
8.42945 0.110671
8.43665 0.110337
8.44385 0.110045
8.45105 0.109914
8.45824 0.1098
8.46544 0.1097
8.47264 0.109488
8.68989 0.120677
8.69709 0.119217
8.70428 0.11794
8.71148 0.116822
8.71868 0.11572
8.72587 0.114755
8.73307 0.114035
8.74027 0.113406
8.74747 0.112855
8.75466 0.112248
8.76186 0.111717
8.76906 0.111378
8.77625 0.11108
8.7985 0.11082
8.8057 0.110468
8.81289 0.110159
8.82009 0.110014
8.82729 0.109888
8.83449 0.109777
8.84168 0.109555
8.84888 0.10936
8.85608 0.109315
8.86327 0.109276
8.87047 0.109241
8.87767 0.109086
8.88487 0.10895
8.90711 0.108957
8.91431 0.108962
8.9215 0.108967
8.9287 0.108846
8.9359 0.10874
8.9431 0.108773
8.95029 0.108801
8.95749 0.108826
8.96469 0.108723
8.97188 0.108632
8.97908 0.108678
8.98628 0.108719
9.13874 0.110004
9.22577 0.109753
9.23297 0.109534
9.24017 0.109467
9.24736 0.109409
9.25456 0.109358
9.26176 0.109188
9.26896 0.10904
9.27615 0.109035
9.28335 0.10903
9.29055 0.109027
9.29775 0.108898
9.30494 0.108786
9.31214 0.108813
9.33079 0.110211
9.33798 0.109935
9.34518 0.109818
9.35238 0.109716
9.35957 0.109626
9.36677 0.109423
9.37397 0.109245
9.38117 0.109214
9.38836 0.109188
9.39556 0.109164
9.40276 0.109019
9.40995 0.108891
9.41715 0.108905
9.4358 0.110292
9.44299 0.110005
9.45019 0.10988
9.45739 0.10977
9.46459 0.109673
9.47178 0.109464
9.47898 0.109281
9.70343 0.109246
9.70704 0.109215
9.80126 0.120063
9.80845 0.11868
9.81565 0.117345
9.82285 0.116177
9.83005 0.11528
9.83724 0.114495
9.84444 0.113808
9.85164 0.113082
9.85883 0.112447
9.86603 0.112016
9.87323 0.111639
9.88762 0.111184
9.89482 0.110786
9.90987 0.110438
9.91706 0.110258
9.92426 0.110101
9.93146 0.109963
9.93866 0.109718
9.94585 0.109503
9.95305 0.10944
9.96025 0.109385
9.96745 0.109337
9.97464 0.10917
9.98184 0.109024
9.99623 0.109021
10.0034 0.109018
10.0106 0.108891
10.0185 0.108905
10.0257 0.108791
10.0329 0.108693
10.0401 0.108731
10.0473 0.108765
10.0545 0.108794
10.0617 0.108695
10.0761 0.108733
10.0833 0.108766
10.0905 0.108796
10.1048 0.108696
10.112 0.108734
10.1192 0.108767
10.1271 0.108796
10.1343 0.108822
10.1415 0.108844
10.1487 0.108739
10.1559 0.108646
10.1631 0.10869
10.1703 0.108729
10.1847 0.108638
10.1919 0.108558
10.1991 0.108613
10.2063 0.108662
10.2135 0.108704
10.2207 0.108616
10.3221 0.108664
10.3293 0.108706
10.4307 0.108618
10.4379 0.108541
10.5393 0.108598
10.5465 0.108648
10.6479 0.108567
10.6551 0.108621
10.7565 0.108669
10.7637 0.108585
10.8651 0.108637
10.8723 0.108682
10.9737 0.108597
10.9809 0.108522
11.0823 0.108582
11.0895 0.108634
11.191 0.108555
11.1982 0.108611
11.2996 0.108659
11.3068 0.108577
11.4082 0.10863
11.4154 0.108676
11.5168 0.108592
11.524 0.108518
11.6254 0.108578
11.6326 0.108631
11.734 0.108677
11.7412 0.108717
11.8426 0.108628
11.8498 0.108549
11.9512 0.108605
11.9584 0.108655
12.0598 0.108573
12.067 0.108626
12.1685 0.108673
12.1756 0.108589
12.2771 0.10864
12.2843 0.108685
12.3857 0.1086
12.3929 0.108525
12.4943 0.108584
12.5015 0.108636
12.6029 0.108557
12.6101 0.108612
12.7115 0.10866
12.7187 0.108578
12.8201 0.108631
12.8273 0.108677
12.9287 0.108592
12.9359 0.108518
13.0373 0.108578
13.0445 0.108631
13.146 0.108552
13.1531 0.108608
13.2546 0.108657
13.2618 0.108575
13.3632 0.108628
13.3704 0.108675
13.4718 0.10859
13.479 0.108517
13.5804 0.108577
13.5876 0.10863
13.689 0.108676
13.6962 0.108717
13.7976 0.108627
13.8048 0.108549
13.9062 0.108605
13.9134 0.108654
14.0148 0.108573
14.022 0.108626
14.1234 0.108673
14.1306 0.108589
14.2321 0.10864
14.2393 0.108685
14.3407 0.108599
14.3479 0.108525
14.4493 0.108584
14.4565 0.108636
14.5579 0.108556
14.5651 0.108612
14.6665 0.10866
14.6737 0.108578
14.7751 0.108631
14.7823 0.108677
14.8837 0.108592
14.8909 0.108518
14.9923 0.108578
14.9995 0.108631
15.1009 0.108552
15.1081 0.108608
15.2096 0.108657
15.2168 0.108575
15.3182 0.108628
15.3254 0.108675
15.4268 0.10859
15.434 0.108517
15.5354 0.108577
15.5426 0.10863
15.644 0.108676
15.6512 0.108717
15.7526 0.108627
15.7598 0.108549
15.8612 0.108605
15.8684 0.108654
15.9698 0.108573
15.977 0.108626
16.0784 0.108673
16.0856 0.108589
16.1871 0.10864
16.2921 0.120935
16.5129 0.119318
16.6143 0.118028
16.6215 0.1169
16.7229 0.115787
16.7301 0.114939
16.8316 0.114197
16.8387 0.113422
16.9402 0.112869
16.9474 0.112386
17.0488 0.111837
17.056 0.111358
17.1574 0.111063
17.1646 0.110805
17.266 0.110454
17.2732 0.110273
17.3746 0.110114
17.3818 0.109849
17.4832 0.109743
17.4904 0.10965
17.5918 0.109444
17.599 0.109389
17.7004 0.10934
17.7076 0.109172
17.809 0.109151
17.8162 0.109132
17.9177 0.108991
17.9249 0.108867
18.0263 0.108883
18.0335 0.108898
18.1349 0.108786
18.1421 0.108812
18.2435 0.108836
18.2507 0.108731
18.3521 0.108765
18.3593 0.108794
18.4607 0.108695
18.4679 0.108608
18.5693 0.108657
18.5765 0.1087
18.6779 0.108613
18.6851 0.108661
18.7865 0.108703
18.7937 0.108615
18.8952 0.108663
18.9024 0.108706
19.0038 0.108617
19.011 0.10854
19.1124 0.108598
19.1196 0.108648
19.221 0.108567
19.2282 0.108621
19.3296 0.108668
19.3368 0.108585
19.4382 0.108637
19.4454 0.108682
19.5468 0.108597
19.554 0.108647
19.6554 0.108691
19.6626 0.108605
19.764 0.108654
19.7712 0.108698
19.8727 0.10861
19.8799 0.108534
19.9813 0.108592
19.9885 0.108643
20.0899 0.108563
20.0971 0.108617
20.1985 0.108665
20.2057 0.108582
20.3071 0.108634
20.3143 0.10868
20.4157 0.108595
20.4229 0.108521
20.5243 0.108581
20.5315 0.108633
20.6329 0.108554
20.6401 0.10861
20.7415 0.108658
20.7487 0.108576
20.8502 0.108629
20.8574 0.108675
20.9588 0.108591
20.966 0.108517
21.0674 0.108578
21.0746 0.10863
21.176 0.108552
21.1832 0.108608
21.2846 0.108657
21.2918 0.108575
21.3932 0.108628
21.4004 0.108674
21.5018 0.10859
21.509 0.108641
21.6104 0.108686
21.6176 0.1086
21.719 0.10865
21.7262 0.108694
21.8277 0.108607
21.8348 0.108531
21.9363 0.10859
21.9435 0.108641
22.0449 0.108561
22.0521 0.108616
22.1535 0.108664
22.1607 0.108581
22.2621 0.108633
22.2693 0.108679
22.3707 0.108594
22.3779 0.10852
22.4793 0.10858
22.4865 0.108632
22.5879 0.108553
22.5951 0.108609
22.6965 0.108658
22.7037 0.108576
23.0728 0.114004
23.08 0.113253
23.0872 0.112722
23.0944 0.112256
23.1016 0.111849
23.1088 0.111368
23.116 0.110947
23.1232 0.110704
23.1814 0.110491
23.1886 0.110304
23.1958 0.110016
23.203 0.109764
23.2102 0.109669
23.2174 0.109585
23.2246 0.109512
23.2318 0.109323
23.239 0.109158
23.2462 0.109138
23.2534 0.109121
23.2606 0.109106
23.2678 0.108967
23.275 0.108846
23.29 0.108866
23.2972 0.108882
23.3044 0.108897
23.3116 0.10891
23.3188 0.108796
23.326 0.108697
23.3332 0.108735
23.3404 0.108768
23.3476 0.108797
23.3548 0.108697
23.362 0.10861
23.3692 0.108659
23.3764 0.108701
23.3836 0.108739
23.3986 0.108646
23.4058 0.108566
23.413 0.10862
23.4202 0.108667
23.4274 0.108709
23.4346 0.108745
23.4418 0.108652
23.449 0.108571
23.4562 0.108624
23.4634 0.108671
23.4706 0.108712
23.4778 0.108623
23.485 0.108545
23.4922 0.108602
23.5072 0.108652
23.5144 0.108695
23.5216 0.108609
23.5288 0.108532
23.536 0.108591
23.5432 0.108642
23.5504 0.108687
23.5576 0.108726
23.5648 0.108635
23.572 0.108556
23.5792 0.108611
23.5864 0.10866
23.5936 0.108702
23.6008 0.108615
23.6158 0.108538
23.623 0.108596
23.6338 0.109021
23.8547 0.108893
23.8583 0.108907
23.8655 0.108918
23.9561 0.108929
23.9633 0.108938
23.9705 0.108945
23.9777 0.108827
23.9849 0.108724
23.9921 0.108758
23.9993 0.108789
24.0065 0.108815
24.0137 0.108713
24.0209 0.108624
24.0281 0.108671
24.0353 0.108712
24.0425 0.108748
24.0497 0.108655
24.0647 0.108573
24.0719 0.108501
24.0791 0.108564
24.0863 0.108618
24.0935 0.108666
24.1007 0.108583
24.1079 0.10851
24.1151 0.108571
24.1223 0.108625
24.1295 0.108672
24.1367 0.108588
24.1439 0.108514
24.1511 0.108575
24.1583 0.108628
24.1733 0.108675
24.1805 0.108715
24.1877 0.108626
24.1949 0.108548
24.2021 0.108604
24.2093 0.108654
24.2165 0.108697
24.2237 0.10861
24.2309 0.108534
24.2381 0.108592
24.2453 0.108643
24.2525 0.108688
24.2597 0.108602
24.2819 0.108526
24.2891 0.108586
24.2963 0.108637
24.3035 0.108683
24.3107 0.108597
24.3179 0.108523
24.3251 0.108582
24.3323 0.108635
24.3395 0.10868
24.3467 0.108595
24.3539 0.108521
24.3611 0.108581
24.3683 0.108633
24.3905 0.108679
24.3977 0.108594
24.4049 0.10852
24.4121 0.10858
24.4193 0.108632
24.4265 0.108678
24.4337 0.108594
24.4409 0.108519
24.4481 0.108579
24.4553 0.108632
24.4625 0.108678
24.4697 0.108593
24.4769 0.108519
24.4841 0.108579
24.4992 0.108632
24.5064 0.108678
24.5136 0.108718
24.5207 0.108628
24.5279 0.10855
24.5351 0.108606
24.5423 0.108655
24.5495 0.108698
24.5567 0.108611
24.5639 0.108535
24.5711 0.108593
24.5783 0.108644
24.5855 0.108688
24.5927 0.108602
24.6078 0.108527
24.615 0.108461
24.6222 0.108528
24.6294 0.108587
24.6366 0.108639
24.6438 0.108559
24.651 0.108489
24.6581 0.108553
24.6653 0.108609
24.6725 0.108658
24.6797 0.108576
24.6869 0.108504
24.6941 0.108566
24.7013 0.10862
24.7164 0.108667
24.7236 0.108709
24.7308 0.10862
24.738 0.108543
24.7452 0.1086
24.7524 0.10865
24.7596 0.108694
24.7668 0.108607
24.774 0.108531
24.7812 0.10859
24.7884 0.108641
24.7955 0.108686
24.8027 0.1086
24.8099 0.108525
24.825 0.10846
24.8322 0.108527
24.8394 0.108586
24.8466 0.108638
24.8538 0.108558
24.861 0.108488
24.8682 0.108552
24.8754 0.108608
24.8826 0.108657
24.8898 0.108575
24.897 0.108503
24.9042 0.108565
24.9114 0.10862
24.9186 0.108667
24.9336 0.108709
24.9408 0.10862
24.948 0.108543
24.9552 0.1086
24.9624 0.10865
24.9696 0.108694
24.9768 0.108607
24.984 0.108531
24.9912 0.10859
24.9984 0.108641
25.0056 0.108686
25.0128 0.1086
25.02 0.108525
25.0272 0.108584
25.0422 0.108636
25.0494 0.108682
25.0566 0.108722
25.0638 0.108631
25.071 0.108677
25.0782 0.108718
25.0854 0.108753
25.0926 0.108784
25.0998 0.108686
25.107 0.1086
25.1142 0.10865
25.1214 0.108694
25.1286 0.108732
25.1358 0.108641
25.1508 0.108561
25.158 0.108615
25.1652 0.108664
25.1724 0.108706
25.1796 0.108617
25.1868 0.10854
25.194 0.108598
25.2012 0.108648
25.2084 0.108692
25.2156 0.10873
25.2228 0.108639
25.23 0.108559
25.2372 0.108614
25.2444 0.108663
25.2594 0.108705
25.2666 0.108617
25.2738 0.10854
25.281 0.108597
25.2882 0.108647
25.2954 0.108692
25.3026 0.108605
25.3098 0.108529
25.317 0.108588
25.3242 0.10864
25.3314 0.108685
25.3386 0.108724
25.3458 0.108634
25.353 0.108554
25.368 0.10861
25.3752 0.108659
25.3824 0.108702
25.3896 0.108614
25.3968 0.108537
25.404 0.108595
25.4112 0.108646
25.4184 0.10869
25.4256 0.108604
25.4328 0.108528
25.44 0.108587
25.4472 0.108639
25.6033 0.112309
25.6717 0.11177
25.6789 0.111299
25.6861 0.111012
25.6933 0.11076
25.7005 0.11054
25.7076 0.110223
25.7148 0.109945
25.722 0.109827
25.7292 0.109723
25.7364 0.109633
25.7436 0.109429
25.7508 0.10925
25.758 0.109219
25.7652 0.109192
25.7767 0.109668
25.7839 0.109459
25.7911 0.109402
25.7983 0.109352
25.8055 0.109308
25.8127 0.109144
25.8235 0.109501
26.0371 0.120813
26.0443 0.119337
26.0515 0.118045
26.0587 0.116789
26.0659 0.11569
26.0731 0.114854
26.0803 0.114122
26.0875 0.113482
26.0947 0.112797
26.1019 0.112197
26.1091 0.111798
26.1163 0.111448
26.1235 0.111142
26.1307 0.110749
26.1421 0.111031
26.1493 0.110777
26.1565 0.110555
26.1637 0.110235
26.1709 0.109956
26.1853 0.109836
26.1925 0.109732
26.1997 0.109515
26.2069 0.109326
26.2141 0.109285
26.2213 0.10925
26.2285 0.109218
26.2357 0.109066
26.2471 0.109558
26.2543 0.109488
26.2615 0.109427
26.2723 0.109749
26.4896 0.12053
26.5004 0.119464
26.5076 0.118156
26.5147 0.116886
26.6953 0.122651
26.7392 0.120944
26.7464 0.119451
26.7536 0.118145
26.7608 0.116877
26.768 0.115767
26.7752 0.114921
26.7824 0.114181
26.7896 0.113533
26.7968 0.112842
26.804 0.112237
26.8112 0.111832
26.8184 0.111478
26.8256 0.111168
26.8328 0.110772
26.84 0.110426
26.8508 0.110622
27.0644 0.12167
27.0716 0.120086
27.0788 0.118575
27.086 0.117253
27.0932 0.116222
27.1004 0.115319
27.1076 0.114529
27.1148 0.113713
27.122 0.112999
27.1292 0.112499
27.1364 0.112062
27.1436 0.111679
27.1508 0.111219
27.158 0.110817
27.1652 0.11059
27.1724 0.110391
27.1796 0.110217
27.1868 0.10994
27.194 0.109697
27.2012 0.10961
27.2083 0.109534
27.2155 0.109467
27.2227 0.109284
27.2299 0.109123
27.2371 0.109108
27.2443 0.109094
27.2515 0.109083
27.2587 0.108947
27.2659 0.108829
27.2731 0.10885
27.2803 0.108869
27.2875 0.108885
27.2947 0.108775
27.5257 0.108678
27.5329 0.108593
27.5401 0.108644
27.5473 0.108688
27.5545 0.108727
27.5617 0.108636
27.5689 0.108557
27.5761 0.108612
27.5833 0.108661
27.5905 0.108703
27.5977 0.108615
27.6271 0.108663
27.6343 0.108705
27.6415 0.108742
27.6487 0.108649
27.6559 0.108568
27.6631 0.108622
27.6703 0.108669
27.6775 0.108711
27.6847 0.108622
27.6919 0.108544
27.6991 0.108601
27.7063 0.108651
27.7135 0.108695
27.7207 0.108608
27.7279 0.108532
27.7351 0.10859
27.7423 0.108642
27.7495 0.108686
27.7567 0.108601
27.7639 0.108525
27.7711 0.108585
27.7783 0.108637
27.7855 0.108682
27.7927 0.108597
27.7999 0.108522
27.8071 0.108582
27.8142 0.108634
27.8214 0.10868
27.8286 0.108595
27.8358 0.108521
27.843 0.108581
27.8502 0.108633
27.8574 0.108679
27.8646 0.108594
27.8718 0.10852
27.879 0.10858
27.8862 0.108632
27.8934 0.108678
27.9006 0.108593
27.9078 0.108519
27.915 0.108579
27.9222 0.108632
27.9294 0.108678
27.9366 0.108718
27.9438 0.108628
27.951 0.10855
27.9582 0.108606
27.9654 0.108655
27.9726 0.108698
27.9798 0.108611
27.987 0.108535
27.9942 0.108593
28.0014 0.108644
28.0086 0.108688
28.0158 0.108602
28.023 0.108527
28.0302 0.108586
28.0374 0.108638
28.0446 0.108683
28.0518 0.108598
28.059 0.108523
28.0662 0.108583
28.0733 0.108635
28.0805 0.10868
28.0877 0.108595
28.0949 0.108521
28.1021 0.108581
28.1093 0.108633
28.1165 0.108679
28.1237 0.108594
28.1309 0.10852
28.1381 0.10858
28.1453 0.108632
28.1525 0.108678
28.1597 0.108594
28.1669 0.108519
28.1741 0.108579
28.1813 0.108632
28.1885 0.108678
28.1957 0.108593
28.2029 0.108519
28.2101 0.108579
28.2173 0.108632
28.2245 0.108678
28.4447 0.120468
28.4519 0.11891
28.4591 0.117671
28.4663 0.116587
28.4735 0.115639
28.4807 0.114684
28.4879 0.113848
28.4951 0.113242
28.5023 0.112712
28.5094 0.112248
28.5166 0.111717
28.5238 0.111252
28.531 0.110971
28.5382 0.110724
28.5454 0.110509
28.5562 0.110695
28.726 0.116483
28.7764 0.115548
28.7836 0.114729
28.7908 0.113888
28.798 0.113277
28.8052 0.112743
28.8124 0.112275
28.8196 0.111865
28.8268 0.111382
28.834 0.110959
28.8412 0.110715
28.8484 0.1105
28.8556 0.110313
28.8628 0.110024
28.87 0.109771
28.8772 0.109674
28.8844 0.10959
28.8916 0.109516
28.8988 0.109327
28.906 0.109161
28.9132 0.109141
28.9204 0.109123
28.9348 0.108983
28.9419 0.10886
28.9491 0.108877
28.9563 0.108893
28.9635 0.108906
28.9707 0.108793
28.9779 0.108694
28.9851 0.108732
28.9923 0.108766
28.9995 0.108795
29.0067 0.108696
29.0139 0.108609
29.2348 0.120407
29.242 0.118857
29.2492 0.117624
29.2563 0.116546
29.2635 0.115603
29.2707 0.114653
29.4369 0.118821
29.4981 0.117593
29.5053 0.116519
29.5125 0.115579
29.5197 0.114632
29.5269 0.113803
29.5341 0.113203
29.5413 0.112677
29.5485 0.112218
29.5557 0.11169
29.5629 0.111229
29.5701 0.11095
29.5773 0.110707
29.5845 0.110493
29.5917 0.110182
29.5989 0.109909
29.6061 0.109795
29.6133 0.109696
29.6205 0.109609
29.6277 0.109408
29.6349 0.109232
29.6421 0.109203
29.6493 0.109177
29.6565 0.109155
29.6637 0.109011
29.6745 0.109385
29.8874 0.120586
29.8946 0.119013
29.9018 0.117637
29.909 0.116557
29.9162 0.115612
29.9234 0.114786
29.9306 0.113938
29.9378 0.113195
29.945 0.112671
29.9522 0.112212
29.9594 0.111811
29.9666 0.111459
29.9738 0.111027
29.981 0.110773
29.9882 0.110552
29.9954 0.110358
30.0026 0.110188
30.0098 0.109915
30.017 0.109675
30.0242 0.109591
30.0314 0.109517
30.0386 0.109452
30.0458 0.109271
30.053 0.109112
30.0602 0.109098
30.0674 0.109086
30.0746 0.109075
30.0818 0.108941
30.089 0.108823
30.0962 0.108845
30.1034 0.108865
30.1106 0.108881
30.1178 0.108771
30.1249 0.108675
30.1321 0.108716
30.1393 0.108751
30.1465 0.108782
30.1537 0.108684
30.1609 0.108599
30.1681 0.108649
30.1753 0.108693
30.1825 0.108731
30.1897 0.10864
30.1969 0.10856
30.2041 0.108615
30.2113 0.108663
30.2185 0.108705
30.2257 0.108617
30.2329 0.10854
30.2401 0.108597
30.2473 0.108648
30.2545 0.108692
30.2617 0.108605
30.2689 0.10853
30.2761 0.108588
30.2833 0.10864
30.2905 0.108685
30.2977 0.108599
30.3049 0.108524
30.3121 0.108584
30.3193 0.108636
30.3265 0.108681
30.3337 0.108596
30.3409 0.108522
30.3481 0.108581
30.3553 0.108634
30.3625 0.10868
30.3697 0.108595
30.3769 0.10852
30.384 0.10858
30.3912 0.108633
30.3984 0.108679
30.4056 0.108594
30.4128 0.10852
30.42 0.10858
30.4272 0.108632
30.4344 0.108678
30.4416 0.108593
30.4488 0.108519
30.456 0.108579
30.4632 0.108632
30.4704 0.108678
30.4776 0.108593
30.4848 0.108519
30.492 0.108579
30.4992 0.108632
30.5064 0.108678
30.5136 0.108718
30.5208 0.108628
30.528 0.10855
30.5352 0.108606
30.5424 0.108655
30.5496 0.108698
30.5568 0.108611
30.564 0.108535
30.5712 0.108593
30.5784 0.108644
30.5856 0.108688
30.5928 0.108602
30.6 0.108527
30.6072 0.108586
30.6144 0.108638
30.6216 0.108683
30.6288 0.108598
30.636 0.108523
30.6432 0.108583
30.6503 0.108635
30.6575 0.10868
30.6647 0.108595
30.6719 0.108521
30.6791 0.108581
30.6863 0.108633
30.6935 0.108679
30.7007 0.108594
30.7079 0.10852
30.7151 0.10858
30.7223 0.108632
30.7295 0.108678
30.7367 0.108594
30.7439 0.108519
30.7511 0.108579
30.7583 0.108632
30.7655 0.108678
30.7727 0.108593
30.7799 0.108519
30.7871 0.108579
30.7943 0.108632
30.8015 0.108678
30.8087 0.108593
30.8159 0.108519
30.8231 0.108579
30.8303 0.108632
30.8375 0.108678
30.8447 0.108593
30.8519 0.108519
30.8591 0.108579
30.8663 0.108632
30.8735 0.108678
30.8807 0.108593
30.8879 0.108519
30.8951 0.108579
30.9023 0.108632
30.9094 0.108678
30.9166 0.108593
31.1368 0.120394
31.144 0.11897
31.1512 0.117723
31.1584 0.116633
31.1728 0.115554
31.18 0.114735
31.1872 0.114018
31.1944 0.113391
31.2016 0.112842
31.2088 0.112237
31.216 0.111707
31.2232 0.111369
31.2304 0.111073
31.2376 0.110813
31.2448 0.110462
31.252 0.110154
31.2592 0.11001
31.2664 0.109884
31.2736 0.109773
31.2814 0.109676
31.2886 0.109467
31.2958 0.109284
31.303 0.109248
31.3138 0.109592
31.5304 0.121268
31.7434 0.130985
31.7506 0.128237
31.7578 0.125707
31.765 0.123494
31.7722 0.121682
31.7794 0.120097
31.7866 0.11871
31.7938 0.117371
31.801 0.1162
31.8082 0.1153
31.8154 0.114512
31.8226 0.113823
31.8297 0.113095
31.8369 0.112458
31.8441 0.112026
31.8513 0.111648
31.8585 0.111317
31.8657 0.110902
31.8729 0.110539
31.8801 0.110347
31.8873 0.110179
31.8945 0.110031
31.9017 0.109777
31.9089 0.109555
31.9161 0.109486
31.9233 0.109425
31.9305 0.109372
31.9377 0.1092
31.9449 0.10905
31.9521 0.109044
31.9593 0.109039
31.9665 0.109034
31.9737 0.108905
31.9809 0.108791
31.9881 0.108818
31.9953 0.10884
32.0025 0.10886
32.0097 0.108753
32.0169 0.108659
32.0241 0.108701
32.0313 0.108739
32.0385 0.108771
32.0457 0.108675
32.0529 0.108591
32.0601 0.108642
32.0673 0.108687
32.0745 0.108726
32.0817 0.108635
32.0888 0.108556
32.096 0.108611
32.1032 0.10866
32.1104 0.108702
32.1176 0.108615
32.1248 0.108538
32.132 0.108595
32.1392 0.108646
32.1464 0.10869
32.1536 0.108604
32.1608 0.108529
32.168 0.108587
32.1752 0.108639
32.1824 0.108684
32.1896 0.108724
32.1968 0.108633
32.204 0.108679
32.2112 0.108719
32.2184 0.108754
32.2256 0.108785
32.2328 0.108687
32.24 0.108601
32.2472 0.108651
32.2544 0.108695
32.2616 0.108733
32.2688 0.108641
32.276 0.108561
32.2832 0.108616
32.2904 0.108664
32.2976 0.108706
32.3084 0.109118
32.5213 0.120353
32.5285 0.118934
32.5357 0.117567
32.5429 0.116371
32.5501 0.11545
32.5573 0.114644
32.5645 0.113938
32.5717 0.113196
32.5789 0.112546
32.5861 0.112103
32.5933 0.111715
32.6005 0.111376
32.6077 0.110954
32.6149 0.110585
32.6221 0.110387
32.6293 0.110213
32.6365 0.110062
32.6437 0.109804
32.6509 0.109578
32.6581 0.109506
32.6653 0.109443
32.6725 0.109387
32.6797 0.109214
32.6869 0.109062
32.6941 0.109054
32.7013 0.109048
32.7085 0.109042
32.7157 0.108912
32.7229 0.108798
32.7301 0.108823
32.7373 0.108845
32.7445 0.108864
32.7517 0.108756
32.7589 0.108662
32.7661 0.108704
32.7733 0.108741
32.7805 0.108773
32.7876 0.108677
32.7948 0.108592
32.802 0.108643
32.8092 0.108688
32.8164 0.108727
32.8236 0.108636
32.8308 0.108556
32.838 0.108612
32.8452 0.10866
32.8524 0.108703
32.8596 0.108615
32.8668 0.108538
32.874 0.108596
32.8812 0.108646
32.8884 0.108691
32.8956 0.108729
32.9028 0.108638
32.91 0.108683
32.9172 0.108723
32.9244 0.108758
32.9316 0.108788
32.9388 0.108689
32.946 0.108603
32.9532 0.108653
32.9604 0.108696
32.9676 0.108734
32.9748 0.108642
32.982 0.108562
32.9964 0.108617
33.0036 0.108665
33.0108 0.108582
33.018 0.108509
33.0252 0.10857
33.0324 0.108624
33.0396 0.108671
33.0467 0.108587
33.0539 0.108514
33.0611 0.108575
33.0683 0.108628
33.0755 0.108674
33.0827 0.10859
33.0899 0.108516
33.0971 0.108577
33.105 0.108505
33.1122 0.108567
33.1194 0.108621
33.1266 0.108668
33.1338 0.108585
33.141 0.108512
33.1482 0.108573
33.1554 0.108626
33.1626 0.108673
33.1698 0.108589
33.177 0.108515
33.1841 0.108576
33.1913 0.108629
33.1985 0.108675
33.2057 0.108591
33.2129 0.108517
33.2201 0.108577
33.2273 0.10863
33.2345 0.108676
33.2417 0.108592
33.2489 0.108518
33.2561 0.108578
33.2633 0.108631
33.2705 0.108677
33.2777 0.108592
33.2849 0.108518
33.2921 0.108579
33.2993 0.108631
33.3065 0.108677
33.3137 0.108593
33.3209 0.108519
33.3281 0.108579
33.3353 0.108631
33.3425 0.108677
33.3497 0.108593
33.3569 0.108519
33.3641 0.108579
33.3713 0.108631
33.3785 0.108678
33.3857 0.108593
33.3929 0.108519
33.4001 0.108579
33.4073 0.108632
33.4145 0.108678
33.4217 0.108593
33.4289 0.108519
33.4361 0.108579
33.4432 0.108632
33.4504 0.108678
33.4576 0.108593
33.4648 0.108519
33.472 0.108579
33.4792 0.108632
33.4864 0.108678
33.4936 0.108593
33.5008 0.108519
33.508 0.108579
33.5152 0.108632
33.5224 0.108678
33.5296 0.108593
33.5368 0.108519
33.544 0.108579
33.5512 0.108632
33.5584 0.108678
33.5656 0.108718
33.5728 0.108628
33.58 0.10855
33.5872 0.108606
33.5944 0.108655
33.6016 0.108698
33.6088 0.108611
33.616 0.108535
33.6232 0.108593
33.6304 0.108644
33.6376 0.108688
33.6448 0.108602
33.652 0.108527
33.6592 0.108586
33.6664 0.108638
33.6736 0.108683
33.6808 0.108598
33.688 0.108523
33.6952 0.108583
33.7024 0.108635
33.7095 0.10868
33.7167 0.108595
33.7239 0.108521
33.7311 0.108581
33.7383 0.108633
33.7455 0.108679
33.7527 0.108594
33.7599 0.10852
33.7671 0.10858
33.7743 0.108632
33.7815 0.108678
33.7887 0.108594
33.7959 0.108519
33.8031 0.108579
33.8103 0.108632
33.8175 0.108678
33.8247 0.108593
33.8319 0.108519
33.8427 0.108954
34.0557 0.12021
34.0629 0.118684
34.0701 0.117473
34.0773 0.116414
34.0845 0.115487
34.0917 0.114551
34.0989 0.113732
34.1061 0.113141
34.1133 0.112623
34.1205 0.11217
34.1277 0.111649
34.1349 0.111193
34.142 0.110919
34.1492 0.110679
34.1564 0.110469
34.1636 0.11016
34.1708 0.10989
34.178 0.109779
34.1852 0.109682
34.1924 0.109597
34.1996 0.109397
34.2068 0.109222
34.214 0.109195
34.2212 0.10917
34.2284 0.109149
34.2356 0.109005
34.2428 0.10888
34.25 0.108895
34.2572 0.108908
34.2644 0.108919
34.2716 0.108929
34.2788 0.108813
34.286 0.108712
34.2932 0.108748
34.3004 0.108779
34.3076 0.108807
34.3148 0.108706
34.322 0.108618
34.3292 0.108665
34.3364 0.108707
34.3436 0.108744
34.3508 0.108651
34.358 0.10857
34.3652 0.108623
34.3724 0.10867
34.3796 0.108712
34.3868 0.108623
34.394 0.108545
34.4011 0.108602
34.4083 0.108652
34.4155 0.108695
34.4227 0.108608
34.4299 0.108532
34.4371 0.108591
34.4443 0.108642
34.4515 0.108687
34.4587 0.108601
34.4659 0.108526
34.4731 0.108585
34.4803 0.108637
34.4875 0.108682
34.4947 0.108597
34.5019 0.108522
34.5091 0.108582
34.5163 0.108634
34.5235 0.10868
34.5307 0.108595
34.5379 0.108521
34.5451 0.108581
34.5523 0.108633
34.5595 0.108679
34.5667 0.108594
34.5739 0.10852
34.5811 0.10858
34.5883 0.108632
34.5955 0.108678
34.6027 0.108593
34.6099 0.108519
34.6171 0.108579
34.6243 0.108632
34.6315 0.108678
34.6387 0.108593
34.6459 0.108519
34.6531 0.108579
34.6603 0.108632
34.6674 0.108678
34.6746 0.108593
34.6818 0.108519
34.689 0.108579
34.6962 0.108632
34.7034 0.108678
34.7106 0.108593
34.7178 0.108519
34.7322 0.108579
34.7394 0.108632
34.7466 0.108553
34.7538 0.108484
34.761 0.108548
34.7682 0.108605
34.7754 0.108654
34.7826 0.108697
34.7898 0.10861
34.797 0.108534
34.8042 0.108592
34.8114 0.108643
34.8186 0.108688
34.8258 0.108602
34.833 0.108527
34.8408 0.108461
34.848 0.108528
34.8552 0.108587
34.8624 0.108639
34.8696 0.108559
34.8768 0.108489
34.884 0.108553
34.8912 0.108609
34.8984 0.108658
34.9056 0.1087
34.9128 0.108613
34.92 0.108661
34.9272 0.108704
35.025 0.120116
35.0358 0.118601
35.1336 0.117276
35.1444 0.116242
35.2422 0.115336
35.2494 0.114544
35.2566 0.113726
35.2638 0.11301
35.271 0.112509
35.2782 0.112071
35.2854 0.111687
35.2926 0.111226
35.5128 0.122698
35.52 0.12086
35.5272 0.119378
35.5344 0.118081
35.5416 0.116946
35.5488 0.115827
35.556 0.114849
35.5632 0.114118
35.5704 0.113478
35.5776 0.112918
35.5848 0.112304
35.592 0.111766
35.5992 0.11142
35.6064 0.111117
35.6136 0.110853
35.6208 0.110496
35.628 0.110184
35.6352 0.110036
35.6424 0.109907
35.6495 0.109793
35.6567 0.109569
35.6639 0.109373
35.6711 0.109326
35.6783 0.109286
35.6855 0.10925
35.6927 0.109094
35.6999 0.108957
35.7071 0.108962
35.7143 0.108967
35.7215 0.108971
35.7287 0.10885
35.7359 0.108744
35.7431 0.108776
35.7503 0.108804
35.7575 0.108828
35.7647 0.108725
35.9849 0.120384
35.9921 0.118961
35.9993 0.117716
36.0065 0.116626
36.0137 0.115548
36.0209 0.114605
36.0281 0.113904
36.0353 0.113291
36.0425 0.112755
36.0497 0.11216
36.0569 0.11164
36.0641 0.11131
36.0713 0.111021
36.0785 0.110769
36.0856 0.110423
36.0928 0.11012
36.1 0.10998
36.1072 0.109857
36.3274 0.1215
36.3346 0.119813
36.3418 0.118336
36.349 0.117169
36.3562 0.116148
36.3634 0.115254
36.3706 0.114473
36.3778 0.113664
36.385 0.112956
36.3922 0.112461
36.3994 0.112029
36.4066 0.11165
36.4138 0.111194
36.421 0.110794
36.4282 0.11057
36.4354 0.110374
36.4426 0.110202
36.4498 0.109927
36.457 0.109686
36.4642 0.1096
36.4714 0.109525
36.4786 0.10946
36.4858 0.109277
36.493 0.109117
36.5002 0.109103
36.5074 0.10909
36.5146 0.109079
36.5217 0.108944
36.5289 0.108826
36.5361 0.108848
36.5433 0.108867
36.5505 0.108883
36.5577 0.108773
36.5649 0.108676
36.5721 0.108717
36.5793 0.108752
36.5865 0.108783
36.5937 0.108685
36.6009 0.1086
36.6081 0.10865
36.6153 0.108693
36.6225 0.108732
36.6297 0.10864
36.6369 0.10856
36.6441 0.108615
36.6513 0.108663
36.6585 0.108705
36.6657 0.108617
36.6729 0.10854
36.6801 0.108598
36.6873 0.108648
36.6945 0.108692
36.7017 0.108605
36.7089 0.10853
36.7161 0.108589
36.7233 0.10864
36.7305 0.108685
36.7377 0.108599
36.7449 0.108524
36.7521 0.108584
36.7593 0.108636
36.7665 0.108681
36.7737 0.108596
36.7808 0.108522
36.788 0.108581
36.8024 0.108634
36.8096 0.108555
36.8168 0.108485
36.824 0.10855
36.8312 0.108606
36.8384 0.108655
36.8456 0.108573
36.8528 0.108502
36.86 0.108564
36.8672 0.108618
36.8744 0.108666
36.8816 0.108708
36.8888 0.108619
36.896 0.108667
36.9032 0.108709
36.9111 0.108745
36.9182 0.108777
36.9254 0.108805
36.9326 0.108704
36.9398 0.108616
36.947 0.108664
36.9542 0.108706
36.9614 0.108743
36.9686 0.10865
36.9758 0.108569
36.983 0.108623
36.9902 0.10867
36.9974 0.108711
37.0046 0.108622
37.0118 0.108544
37.019 0.108601
37.0262 0.108651
37.0334 0.108695
37.0406 0.108733
37.0478 0.108641
37.055 0.108561
37.0622 0.108616
37.0694 0.108664
37.0766 0.108706
37.0838 0.108618
37.091 0.108541
37.0982 0.108598
37.1054 0.108648
37.1126 0.108692
37.127 0.108606
37.1342 0.108655
37.1414 0.108698
37.1486 0.108736
37.1558 0.108644
37.163 0.108563
37.1702 0.108618
37.1773 0.108666
37.1845 0.108707
37.1917 0.108619
37.1989 0.108542
37.4342 0.108599
37.4414 0.108649
37.4486 0.108693
37.5284 0.117731
37.5356 0.116515
37.5428 0.115451
37.55 0.114644
37.5572 0.113939
37.5644 0.113321
37.5716 0.112656
37.5788 0.112074
37.586 0.11169
37.5932 0.111354
37.6004 0.111059
37.6076 0.110802
37.6148 0.110452
37.622 0.110145
37.6292 0.110002
37.6364 0.109877
37.6436 0.109767
37.6508 0.109546
37.658 0.109353
37.6652 0.109309
37.6724 0.10927
37.6796 0.109237
37.6868 0.109082
37.694 0.108947
37.7012 0.108953
37.7084 0.108959
37.7156 0.108964
37.7228 0.108844
37.73 0.108738
37.7371 0.108771
37.7443 0.1088
37.7515 0.108825
37.7587 0.108722
37.7659 0.108631
37.7731 0.108677
37.7803 0.108718
37.7875 0.108753
37.7947 0.108659
37.8019 0.108577
37.8091 0.108629
37.8163 0.108676
37.8235 0.108716
37.8307 0.108627
37.8379 0.108548
37.8451 0.108605
37.8523 0.108654
37.8595 0.108697
37.8667 0.10861
37.8739 0.108534
37.8811 0.108592
37.8883 0.108643
37.8955 0.108688
37.9027 0.108602
37.9099 0.108527
37.9171 0.108586
37.9243 0.108638
37.9315 0.108683
37.9387 0.108598
37.9459 0.108523
37.9531 0.108582
37.9603 0.108635
37.9675 0.10868
37.9783 0.109095
38.1193 0.111458
38.1984 0.111151
38.2056 0.110757
38.2128 0.110413
38.22 0.110236
38.2272 0.110081
38.2344 0.109946
38.2416 0.109703
38.2488 0.10949
38.256 0.109429
38.2632 0.109375
38.2704 0.109328
38.2776 0.109287
38.2848 0.109126
38.292 0.109111
38.2992 0.109097
38.3064 0.109085
38.3208 0.108949
38.328 0.10883
38.3352 0.108852
38.3424 0.10887
38.3496 0.108886
38.3568 0.108776
38.364 0.108679
38.3712 0.108719
38.3784 0.108754
38.3856 0.108785
38.3928 0.108687
38.4 0.108601
38.4072 0.108651
38.4144 0.108694
38.4216 0.108733
38.4294 0.108766
38.4366 0.108795
38.4438 0.108696
38.451 0.108609
38.4582 0.108658
38.4654 0.108701
38.4726 0.108738
38.4798 0.108646
38.487 0.108565
38.4942 0.108619
38.5014 0.108667
38.5086 0.108709
38.5158 0.10862
38.523 0.108543
38.5302 0.1086
38.5374 0.10865
38.5446 0.108694
38.5518 0.108607
38.559 0.108531
38.5661 0.10859
38.5733 0.108641
38.5805 0.108686
38.5877 0.1086
38.5949 0.108525
38.6021 0.108584
38.6093 0.108636
38.6165 0.108682
38.6237 0.108597
38.6309 0.108522
38.6381 0.108582
38.6453 0.108634
38.6525 0.10868
38.6597 0.108595
38.6669 0.10852
38.6741 0.10858
38.6813 0.108633
38.6885 0.108679
38.6957 0.108594
38.7029 0.10852
38.7101 0.10858
38.7173 0.108632
38.7281 0.109178
38.9411 0.120531
38.9483 0.11909
38.9555 0.117828
38.9627 0.1166
38.9699 0.115525
38.9771 0.114709
38.9843 0.113996
38.9915 0.113371
38.9987 0.1127
39.0058 0.112112
39.013 0.111723
39.0202 0.111383
39.0274 0.111085
39.0346 0.110699
39.0418 0.110362
39.049 0.110192
39.0562 0.110043
39.0634 0.109912
39.0706 0.109673
39.0778 0.109464
39.085 0.109406
39.0922 0.109355
39.0994 0.109311
39.1066 0.109272
39.1138 0.109113
39.121 0.109099
39.1282 0.109087
39.1354 0.109076
39.1426 0.109066
39.1498 0.108933
39.157 0.108816
39.1642 0.108839
39.1714 0.108859
39.1786 0.108877
39.1858 0.108767
39.193 0.108671
39.2002 0.108713
39.2074 0.108748
39.2146 0.10878
39.2218 0.108682
39.229 0.108597
39.2362 0.108647
39.2434 0.108692
39.2506 0.10873
39.2578 0.108639
39.2649 0.108559
39.2721 0.108614
39.2793 0.108662
39.2865 0.108705
39.2937 0.108616
39.3009 0.108539
39.3081 0.108597
39.3153 0.108647
39.3225 0.108691
39.3297 0.108605
39.3369 0.108529
39.3441 0.108588
39.3513 0.10864
39.3585 0.108685
39.3657 0.108599
39.3729 0.108524
39.3801 0.108584
39.3873 0.108636
39.3945 0.108681
39.4017 0.108596
39.4089 0.108522
39.4161 0.108581
39.4233 0.108634
39.4305 0.10868
39.4377 0.108595
39.4449 0.10852
39.4521 0.10858
39.4593 0.108633
39.4665 0.108679
39.4737 0.108594
39.4809 0.10852
39.4881 0.10858
39.4953 0.108632
39.5061 0.109178
39.6579 0.112781
39.95 0.112308
40.0515 0.111895
40.0587 0.111408
40.0659 0.110982
40.0731 0.110734
40.0802 0.110517
40.0874 0.110328
40.0946 0.110037
40.1018 0.109782
40.109 0.109684
40.1162 0.109599
40.1234 0.109524
40.1306 0.109333
40.1378 0.109167
40.145 0.109146
40.1522 0.109128
40.1594 0.109112
40.1666 0.108973
40.1738 0.108851
40.181 0.10887
40.1882 0.108886
40.1954 0.1089
40.2026 0.108913
40.2098 0.108799
40.217 0.108699
40.2242 0.108736
40.2314 0.108769
40.2386 0.108798
40.2458 0.108698
40.253 0.108611
40.2602 0.10866
40.2674 0.108702
40.2746 0.10874
40.2818 0.108647
40.2926 0.109066
40.43 0.110808
40.5092 0.115082
40.5163 0.114322
40.5235 0.113656
40.5307 0.112949
40.5379 0.112331
40.5451 0.111914
40.5595 0.11155
40.5667 0.111106
40.5739 0.110718
40.5811 0.110503
40.5883 0.110315
40.5955 0.110151
40.6027 0.109882
40.6099 0.109647
40.6171 0.109566
40.6243 0.109495
40.6315 0.109433
40.6387 0.109254
40.6459 0.109097
40.6531 0.109085
40.6603 0.109075
40.6681 0.109065
40.6753 0.109057
40.6825 0.10905
40.6897 0.108919
40.6969 0.108804
40.7041 0.108828
40.7185 0.10885
40.7257 0.108744
40.7329 0.108651
40.7401 0.108694
40.7473 0.108733
40.7545 0.108766
40.7617 0.10867
40.7689 0.108586
40.7761 0.108638
40.7833 0.108683
40.7905 0.108723
40.7977 0.108633
40.8049 0.108554
40.8121 0.108609
40.8193 0.108658
40.8271 0.108701
40.8343 0.108738
40.8415 0.108771
40.8487 0.108675
40.8559 0.10859
40.8631 0.108642
40.8703 0.108686
40.8775 0.108726
40.8847 0.108635
40.8919 0.108555
40.8991 0.108611
40.9063 0.10866
40.9135 0.108702
40.9207 0.108614
40.9279 0.108538
40.9351 0.108595
40.9423 0.108646
40.9495 0.10869
40.9567 0.108604
40.9639 0.108528
40.9711 0.108587
40.9783 0.108639
40.9855 0.108684
40.9927 0.108599
40.9999 0.108524
41.0071 0.108583
41.0143 0.108635
41.0215 0.108681
41.0287 0.108596
41.0359 0.108521
41.0431 0.108581
41.0502 0.108634
41.0574 0.108679
41.0646 0.108594
41.0718 0.10852
41.079 0.10858
41.0862 0.108633
41.0934 0.108679
41.1006 0.108594
41.1078 0.108519
41.115 0.10858
41.1222 0.108632
41.1294 0.108678
41.1366 0.108593
41.1438 0.108519
41.151 0.108579
41.1582 0.108632
41.1654 0.108678
41.1726 0.108718
41.1798 0.108628
41.187 0.10855
41.1942 0.108606
41.3568 0.113155
41.4216 0.112636
41.4288 0.112056
41.436 0.111549
41.4432 0.111231
41.4504 0.110952
41.4576 0.110708
41.4648 0.110369
41.472 0.110073
41.4792 0.109939
41.4863 0.109822
41.4935 0.109719
41.5007 0.109504
41.5079 0.109316
41.5151 0.109277
41.5223 0.109242
41.5295 0.109212
41.5367 0.10906
41.5439 0.108928
41.5511 0.108937
41.5583 0.108945
41.5655 0.108952
41.5727 0.108833
41.5799 0.108729
41.5871 0.108762
41.5943 0.108792
41.6015 0.108818
41.6087 0.108716
41.6159 0.108626
41.6231 0.108673
41.6303 0.108714
41.6375 0.10875
41.6447 0.108656
41.6519 0.108574
41.6591 0.108627
41.6663 0.108674
41.6735 0.108715
41.6807 0.108625
41.6879 0.108547
41.6951 0.108604
41.7023 0.108653
41.7095 0.108697
41.7167 0.10861
41.7239 0.108533
41.7311 0.108592
41.7383 0.108643
41.7455 0.108687
41.7526 0.108601
41.7598 0.108526
41.767 0.108585
41.7742 0.108637
41.7814 0.108683
41.7886 0.108597
41.7958 0.108523
41.803 0.108582
41.9836 0.115385
42.0304 0.114586
42.0376 0.113888
42.0448 0.113152
42.052 0.112508
42.0592 0.11207
42.0664 0.111686
42.0736 0.11135
42.0808 0.110931
42.088 0.110565
42.0952 0.110369
42.1024 0.110198
42.1096 0.110048
42.1168 0.109792
42.124 0.109568
42.1312 0.109497
42.1384 0.109435
42.1456 0.109381
42.1528 0.109208
42.16 0.109057
42.1672 0.10905
42.1744 0.109044
42.1815 0.109038
42.1887 0.108908
42.1959 0.108795
42.2031 0.108821
42.2103 0.108843
42.2175 0.108863
42.2247 0.108755
42.2319 0.10866
42.2391 0.108703
42.2463 0.10874
42.2535 0.108773
42.2607 0.108676
42.2679 0.108591
42.2751 0.108643
42.4996 0.108312
42.5061 0.108398
42.5133 0.108473
42.5205 0.108539
42.5277 0.108472
42.5349 0.108413
42.5421 0.108486
42.5493 0.10855
42.5565 0.108607
42.5637 0.108531
42.5709 0.108464
42.6039 0.108406
42.6111 0.108481
42.6183 0.108546
42.6255 0.108602
42.6327 0.108527
42.6399 0.108461
42.6471 0.108529
42.6543 0.108587
42.6615 0.108639
42.6687 0.108559
42.6759 0.108489
42.6831 0.108553
42.6903 0.108609
42.6975 0.108658
42.7047 0.108576
42.7119 0.108504
42.7191 0.108566
42.7263 0.10862
42.7335 0.108667
42.7407 0.108584
42.7479 0.108511
42.7551 0.108572
42.7623 0.108626
42.7695 0.108672
42.7767 0.108588
42.7839 0.108515
42.791 0.108575
42.7982 0.108629
42.8054 0.108675
42.8126 0.108591
42.8198 0.108517
42.827 0.108577
42.8342 0.10863
42.8414 0.108676
42.8486 0.108592
42.8558 0.108518
42.863 0.108578
42.8702 0.108631
42.8774 0.108677
42.8846 0.108592
42.8918 0.108518
42.899 0.108578
42.9062 0.108631
42.9134 0.108677
42.9206 0.108718
42.9278 0.108628
42.935 0.108549
42.9494 0.108606
42.9566 0.108655
42.9674 0.109073
43.181 0.120439
43.1882 0.119009
43.1954 0.117758
43.2026 0.116663
43.2098 0.11558
43.217 0.114758
43.2242 0.114038
43.2314 0.113408
43.2386 0.112857
43.2458 0.11225
43.253 0.111719
43.2602 0.111379
43.2674 0.111082
43.2746 0.110821
43.2818 0.110469
43.289 0.11016
43.2962 0.110015
43.3034 0.109888
43.3106 0.109777
43.3178 0.109555
43.325 0.109361
43.3322 0.109316
43.3394 0.109276
43.3466 0.109242
43.3538 0.109086
43.361 0.108951
43.3681 0.108957
43.3753 0.108962
43.3825 0.108967
43.3897 0.108846
43.3969 0.10874
43.4041 0.108773
43.4113 0.108801
43.4185 0.108826
43.4257 0.108723
43.4329 0.108632
43.4401 0.108678
43.4473 0.108719
43.4545 0.108754
43.4617 0.10866
43.4689 0.108577
43.4761 0.10863
43.4833 0.108676
43.4905 0.108717
43.4977 0.108627
43.5049 0.108549
43.5121 0.108605
43.5193 0.108654
43.5265 0.108698
43.5337 0.10861
43.5409 0.108534
43.5481 0.108592
43.5553 0.108643
43.5625 0.108688
43.5697 0.108602
43.5769 0.108527
43.5841 0.108586
43.5913 0.108638
43.5985 0.108683
43.6057 0.108598
43.6129 0.108523
43.6201 0.108582
43.6272 0.108635
43.6344 0.10868
43.6416 0.108595
43.6488 0.108521
43.656 0.108581
43.6632 0.108633
43.6704 0.108679
43.6776 0.108594
43.6848 0.10852
43.692 0.10858
43.6992 0.108632
43.7064 0.108678
43.7136 0.108594
43.7208 0.108519
43.728 0.108579
43.7352 0.108632
43.7424 0.108678
43.7496 0.108718
43.7568 0.108628
43.764 0.10855
43.7712 0.108606
43.7784 0.108655
43.7856 0.108698
43.7928 0.108611
43.8 0.108535
43.8072 0.108593
43.8144 0.108644
43.8216 0.108688
43.8288 0.108602
43.836 0.108527
43.8432 0.108586
43.8504 0.108638
43.8576 0.108683
43.8648 0.108598
43.872 0.108523
43.8792 0.108583
43.8863 0.108635
43.8935 0.10868
43.9007 0.108595
43.9079 0.108521
43.9151 0.108581
43.9223 0.108633
43.9295 0.108679
43.9367 0.108594
43.9511 0.108645
43.9583 0.108689
43.9655 0.108728
43.9727 0.108637
43.9799 0.108557
43.9871 0.108613
43.9943 0.108661
44.0015 0.108704
44.0087 0.108616
44.0159 0.108539
44.0231 0.108596
44.0303 0.108647
44.0375 0.108691
44.0447 0.108605
44.0519 0.108529
44.0597 0.108463
44.0669 0.108405
44.0741 0.108479
44.0813 0.108544
44.0885 0.108601
44.0957 0.108526
44.1101 0.108585
44.1173 0.108637
44.1245 0.108683
44.1317 0.108597
44.1389 0.108523
44.1461 0.108582
44.3489 0.11801
44.3741 0.116883
44.3813 0.115898
44.3885 0.115036
44.3957 0.114156
44.4029 0.113387
44.4101 0.112838
44.4173 0.112359
44.4245 0.111939
44.4317 0.111446
44.4389 0.111016
44.4461 0.110764
44.4533 0.110543
44.4605 0.11035
44.4677 0.110057
44.4749 0.109799
44.4821 0.1097
44.4893 0.109612
44.4965 0.109536
44.5037 0.109344
44.5109 0.109176
44.5181 0.109154
44.5253 0.109134
44.5325 0.109118
44.9224 0.116228
44.9368 0.115199
44.944 0.114425
44.9512 0.113746
44.9584 0.113153
44.9656 0.112509
44.9728 0.111945
45.0311 0.111577
45.0383 0.111255
45.0454 0.110973
45.0526 0.110602
45.0598 0.110276
45.067 0.110117
45.0742 0.109977
45.0814 0.109855
45.0886 0.109623
45.103 0.109545
45.1102 0.109477
45.1174 0.109417
45.1246 0.10924
45.1318 0.109085
45.139 0.109075
45.1462 0.109065
45.1534 0.109057
45.1606 0.10905
45.1678 0.108919
45.175 0.108804
45.1822 0.108828
45.1894 0.10885
45.1966 0.108869
45.2038 0.10876
45.2116 0.108665
45.2188 0.108582
45.226 0.108634
45.6397 0.108555
45.6469 0.108486
45.7483 0.10855
45.7555 0.108606
45.8569 0.10853
45.8641 0.108589
45.9655 0.10864
45.9727 0.10856
46.0741 0.108615
46.0813 0.108663
46.1827 0.10858
46.1899 0.108508
46.2913 0.108569
46.2985 0.108623
46.3999 0.108545
46.4071 0.108602
46.5085 0.108652
46.5157 0.10857
46.6172 0.108624
46.6244 0.108671
46.7258 0.108587
46.733 0.108514
46.8344 0.108575
46.8416 0.108628
46.943 0.108549
46.9502 0.108606
47.0516 0.108655
47.0588 0.108573
47.1602 0.108626
47.1674 0.108673
47.2688 0.108589
47.276 0.10864
47.3774 0.108685
47.3846 0.1086
47.4897 0.109025
