0.010001 1 -0
0.110001 1 0.00819798
0.110001 2 -0
0.210001 1 0.401388
0.210001 2 0.00819798
0.310001 1 0.539046
0.310001 2 0.0128924
0.410001 1 0.726973
0.410001 2 0.0206676
0.510001 1 0.838067
0.510001 2 0.0253792
0.610001 1 0.902376
0.610001 2 0.0285364
0.710001 1 0.964246
0.710001 2 0.0369464
0.810001 1 0.883511
0.810001 2 0.0357587
0.910001 1 0.977844
0.910001 2 0.0346267
1.01 1 1.03127
1.01 2 0.0353578
1.11 1 1.07939
1.11 2 0.0358138
1.21 1 1.10872
1.21 2 0.0363124
1.31 1 1.11632
1.31 2 0.0394834
1.41 1 1.06893
1.41 2 0.0413194
1.51 1 1.08851
1.51 2 0.0398863
1.61 1 1.10877
1.61 2 0.0400233
1.71 1 1.12452
1.71 2 0.0400421
1.81 1 1.16164
1.81 2 0.0416765
1.91 1 1.14958
1.91 2 0.0429352
2.01 1 1.13323
2.01 2 0.0411247
2.11 1 1.14984
2.11 2 0.0411378
2.21 1 1.15483
2.21 2 0.0409174
2.31 1 1.1645
2.31 2 0.0415034
2.41 1 1.1769
2.41 2 0.0415404
2.51 1 1.18891
2.51 2 0.0415741
2.61 1 1.19324
2.61 2 0.0420666
2.71 1 1.20823
2.71 2 0.0434304
2.81 1 1.18659
2.81 2 0.0424877
2.91 1 1.19317
2.91 2 0.0429978
3.01 1 1.2004
3.01 2 0.0429712
3.11 1 1.20611
3.11 2 0.0429464
3.21 1 1.21147
3.21 2 0.0429234
3.31 1 1.21747
3.31 2 0.0428748
3.41 1 1.23543
3.41 2 0.0428293
3.51 1 1.24223
3.51 2 0.0427606
3.61 1 1.24861
3.61 2 0.0427208
3.71 1 1.25461
3.71 2 0.0426833
3.81 1 1.25548
3.81 2 0.0425179
3.91 1 1.2594
3.91 2 0.0424877
4.01 1 1.26237
4.01 2 0.0427759
4.11 1 1.26519
4.11 2 0.0426641
4.21 1 1.2686
4.21 2 0.0426541
4.31 1 1.27115
4.31 2 0.0426235
4.41 1 1.27634
4.41 2 0.0425029
4.51 1 1.28557
4.51 2 0.0423879
4.61 1 1.28916
4.61 2 0.0423331
4.71 1 1.29132
4.71 2 0.0423172
4.81 1 1.29374
4.81 2 0.0426572
4.91 1 1.27786
4.91 2 0.043364
5.01 1 1.27987
5.01 2 0.042611
5.11 1 1.27883
5.11 2 0.0429186
5.21 1 1.28147
5.21 2 0.0438455
5.31 1 1.25886
5.31 2 0.0431862
5.41 1 1.23802
5.41 2 0.0425829
5.51 1 1.22172
5.51 2 0.0422232
5.61 1 1.20848
5.61 2 0.0417199
5.71 1 1.19136
5.71 2 0.0411436
5.81 1 1.17422
5.81 2 0.0405196
5.91 1 1.15739
5.91 2 0.0398771
6.01 1 1.14117
6.01 2 0.0398959
6.11 1 1.12555
6.11 2 0.0392951
6.21 1 1.11173
6.21 2 0.038716
6.31 1 1.09716
6.31 2 0.0382661
6.41 1 1.08252
6.41 2 0.0377251
6.51 1 1.08309
6.51 2 0.0372027
6.61 1 1.06949
6.61 2 0.0366979
6.71 1 1.05726
6.71 2 0.0362931
6.81 1 1.04478
6.81 2 0.0358373
6.91 1 1.03246
6.91 2 0.0353787
7.01 1 1.02052
7.01 2 0.0349136
7.11 1 1.00895
7.11 2 0.0349345
7.21 1 0.99882
7.21 2 0.0345041
7.31 1 0.986889
7.31 2 0.0341806
7.41 1 0.97531
7.41 2 0.0337912
7.51 1 0.966088
7.51 2 0.0334754
7.61 1 0.956501
7.61 2 0.0331445
7.71 1 0.962384
7.71 2 0.0330261
7.81 1 0.956568
7.81 2 0.0327631
7.91 1 0.950739
7.91 2 0.032604
8.01 1 0.944389
8.01 2 0.0325706
8.11 1 0.936855
8.11 2 0.0326059
8.21 1 0.931072
8.21 2 0.0325015
8.31 1 0.925778
8.31 2 0.0323812
8.41 1 0.920278
8.41 2 0.0321692
8.51 1 0.914906
8.51 2 0.0319042
8.61 1 0.9098
8.61 2 0.0317447
8.71 1 0.90517
8.71 2 0.0315377
8.81 1 0.901037
8.81 2 0.0314011
8.91 1 0.904469
8.91 2 0.031215
9.01 1 0.900503
9.01 2 0.0310217
9.11 1 0.897488
9.11 2 0.0309073
9.21 1 0.893695
9.21 2 0.0307221
9.31 1 0.890009
9.31 2 0.030658
9.41 1 0.886385
9.41 2 0.0306274
9.51 1 0.879643
9.51 2 0.0304805
9.61 1 0.877489
9.61 2 0.0302732
9.71 1 0.875247
9.71 2 0.0303698
9.81 1 0.873963
9.81 2 0.0302265
9.91 1 0.872115
9.91 2 0.030159
10.01 1 0.869373
10.01 2 0.0300891
10.11 1 0.866105
10.11 2 0.0299576
10.21 1 0.8694
10.21 2 0.0298952
10.31 1 0.863037
10.31 2 0.0296522
10.41 1 0.856808
10.41 2 0.0294144
10.51 1 0.854034
10.51 2 0.0291636
10.61 1 0.852229
10.61 2 0.0292991
10.71 1 0.851289
10.71 2 0.0291793
10.81 1 0.849233
10.81 2 0.0291282
10.91 1 0.847098
10.91 2 0.0290161
11.01 1 0.844709
11.01 2 0.0289677
11.11 1 0.842628
11.11 2 0.0288594
11.21 1 0.846322
11.21 2 0.0288135
11.31 1 0.845388
11.31 2 0.0287652
11.41 1 0.843886
11.41 2 0.0286484
11.51 1 0.843089
11.51 2 0.0285305
11.61 1 0.841637
11.61 2 0.0284729
11.71 1 0.840876
11.71 2 0.0285194
11.81 1 0.839472
11.81 2 0.0284789
11.91 1 0.837473
11.91 2 0.0283822
12.01 1 0.834353
12.01 2 0.0284615
12.11 1 0.829029
12.11 2 0.0284762
12.21 1 0.824544
12.21 2 0.0283165
12.31 1 0.828939
12.31 2 0.0282546
12.41 1 0.828377
12.41 2 0.0282081
12.51 1 0.827505
12.51 2 0.0281426
12.61 1 0.827158
12.61 2 0.0280623
12.71 1 0.82612
12.71 2 0.0280219
12.81 1 0.82579
12.81 2 0.027929
12.91 1 0.824863
12.91 2 0.0278897
13.01 1 0.824549
13.01 2 0.027802
13.11 1 0.823647
13.11 2 0.0279089
13.21 1 0.823347
13.21 2 0.0278341
13.31 1 0.822952
13.31 2 0.0278115
13.41 1 0.82184
13.41 2 0.0277749
13.51 1 0.819183
13.51 2 0.0276877
13.61 1 0.818587
13.61 2 0.0276494
13.71 1 0.817681
13.71 2 0.0275796
13.81 1 0.81744
13.81 2 0.0275599
13.91 1 0.816313
13.91 2 0.0274919
14.01 1 0.819211
14.01 2 0.0274731
14.11 1 0.818411
14.11 2 0.0274068
14.21 1 0.818171
14.21 2 0.0273748
14.31 1 0.817841
14.31 2 0.0272962
14.41 1 0.817162
14.41 2 0.0272794
14.51 1 0.816937
14.51 2 0.0272049
14.61 1 0.815592
14.61 2 0.0271934
14.71 1 0.81482
14.71 2 0.0272669
14.81 1 0.811695
14.81 2 0.0274081
14.91 1 0.811309
14.91 2 0.0274284
15.01 1 0.807366
15.01 2 0.0275132
15.11 1 0.810708
15.11 2 0.0274247
15.21 1 0.811537
15.21 2 0.0274341
15.31 1 0.812287
15.31 2 0.0273862
15.41 1 0.812657
15.41 2 0.0273827
15.51 1 0.813455
15.51 2 0.0273705
15.61 1 0.81369
15.61 2 0.0273318
15.71 1 0.812858
15.71 2 0.0274738
15.81 1 0.81209
15.81 2 0.0275756
15.91 1 0.811864
15.91 2 0.0275303
16.01 1 0.812351
16.01 2 0.027502
16.11 1 0.812062
16.11 2 0.0275104
16.21 1 0.811501
16.21 2 0.0274884
16.31 1 0.81179
16.31 2 0.0276025
16.41 1 0.812395
16.41 2 0.0276316
16.51 1 0.811618
16.51 2 0.0275613
16.61 1 0.813108
16.61 2 0.027551
16.71 1 0.814227
16.71 2 0.0275005
16.81 1 0.815554
16.81 2 0.0275263
16.91 1 0.816256
16.91 2 0.0275517
17.01 1 0.817195
17.01 2 0.0275945
17.11 1 0.817791
17.11 2 0.0276193
17.21 1 0.818259
17.21 2 0.0276438
17.31 1 0.819389
17.31 2 0.0276679
17.41 1 0.820566
17.41 2 0.0276531
17.51 1 0.821213
17.51 2 0.0276655
17.61 1 0.824338
17.61 2 0.0276799
17.71 1 0.825655
17.71 2 0.027654
17.81 1 0.826897
17.81 2 0.0276663
17.91 1 0.827749
17.91 2 0.0276895
18.01 1 0.829022
18.01 2 0.0276751
18.11 1 0.829579
18.11 2 0.0277522
18.21 1 0.829898
18.21 2 0.0277745
18.31 1 0.830444
18.31 2 0.0277965
18.41 1 0.831442
18.41 2 0.0277817
18.51 1 0.831992
18.51 2 0.0277852
18.61 1 0.833274
18.61 2 0.0278068
18.71 1 0.835929
18.71 2 0.0278071
18.81 1 0.837045
18.81 2 0.0277839
18.91 1 0.837794
18.91 2 0.0277948
19.01 1 0.838942
19.01 2 0.0278141
19.11 1 0.840077
19.11 2 0.0278018
19.21 1 0.840727
19.21 2 0.0278019
19.31 1 0.840788
19.31 2 0.0278635
19.41 1 0.841427
19.41 2 0.0278491
19.51 1 0.841739
19.51 2 0.0278693
19.61 1 0.842598
19.61 2 0.0278894
19.71 1 0.843042
19.71 2 0.0279092
19.81 1 0.845381
19.81 2 0.0278849
19.91 1 0.846438
19.91 2 0.0278964
20.01 1 0.847482
20.01 2 0.0279061
20.11 1 0.848515
20.11 2 0.0278903
20.21 1 0.849483
20.21 2 0.0279017
20.31 1 0.849421
20.31 2 0.0278916
20.41 1 0.849985
20.41 2 0.027928
20.51 1 0.850256
20.51 2 0.0279468
20.61 1 0.851314
20.61 2 0.0279655
20.71 1 0.852296
20.71 2 0.0279822
20.81 1 0.852619
20.81 2 0.0279664
20.91 1 0.854299
20.91 2 0.0279753
21.01 1 0.855253
21.01 2 0.0279765
21.11 1 0.856197
21.11 2 0.0279724
21.21 1 0.857079
21.21 2 0.0279904
21.31 1 0.85764
21.31 2 0.0280007
21.41 1 0.857482
21.41 2 0.0279973
21.51 1 0.856991
21.51 2 0.028184
21.61 1 0.855578
21.61 2 0.0282005
21.71 1 0.854998
21.71 2 0.0281614
21.81 1 0.855641
21.81 2 0.028152
21.91 1 0.856483
21.91 2 0.0281512
22.01 1 0.856711
22.01 2 0.0281723
22.11 1 0.857387
22.11 2 0.0281915
22.21 1 0.85821
22.21 2 0.0282089
22.31 1 0.860477
22.31 2 0.0281992
22.41 1 0.86148
22.41 2 0.0282126
22.51 1 0.862137
22.51 2 0.0282587
22.61 1 0.862775
22.61 2 0.0283784
22.71 1 0.861994
22.71 2 0.0284354
22.81 1 0.86291
22.81 2 0.0283882
22.91 1 0.863818
22.91 2 0.0284202
23.01 1 0.864658
23.01 2 0.028452
23.11 1 0.865469
23.11 2 0.0284834
23.21 1 0.866594
23.21 2 0.0285146
23.31 1 0.869559
23.31 2 0.0285372
23.41 1 0.870992
23.41 2 0.0285309
23.51 1 0.87241
23.51 2 0.028545
23.61 1 0.873756
23.61 2 0.0285672
23.71 1 0.874882
23.71 2 0.0285893
23.81 1 0.876077
23.81 2 0.0286376
23.91 1 0.877078
23.91 2 0.0286672
24.01 1 0.877571
24.01 2 0.0286965
24.11 1 0.877869
24.11 2 0.0288576
24.21 1 0.875349
24.21 2 0.0288661
24.31 1 0.876387
24.31 2 0.028847
24.41 1 0.879244
24.41 2 0.0288629
24.51 1 0.880439
24.51 2 0.028871
24.61 1 0.881881
24.61 2 0.0288796
24.71 1 0.883311
24.71 2 0.0288783
24.81 1 0.884729
24.81 2 0.0289098
24.91 1 0.886089
24.91 2 0.0289419
25.01 1 0.887218
25.01 2 0.0289595
25.11 1 0.888601
25.11 2 0.0289829
25.21 1 0.889626
25.21 2 0.0289793
25.31 1 0.890816
25.31 2 0.0290499
25.41 1 0.891228
25.41 2 0.0290644
25.51 1 0.891927
25.51 2 0.0290862
25.61 1 0.892634
25.61 2 0.0291027
25.71 1 0.894293
25.71 2 0.0292699
25.81 1 0.891788
25.81 2 0.0292808
25.91 1 0.893402
25.91 2 0.0292379
26.01 1 0.895348
26.01 2 0.0292404
26.11 1 0.896153
26.11 2 0.0294318
26.21 1 0.894413
26.21 2 0.029487
26.31 1 0.895948
26.31 2 0.0295654
26.41 1 0.896444
26.41 2 0.0296635
26.51 1 0.896461
26.51 2 0.0296957
26.61 1 0.897115
26.61 2 0.0298748
26.71 1 0.897249
26.71 2 0.0297856
26.81 1 0.899311
26.81 2 0.0298341
26.91 1 0.901518
26.91 2 0.0299202
27.01 1 0.903549
27.01 2 0.0299746
27.11 1 0.905006
27.11 2 0.0300139
27.21 1 0.906889
27.21 2 0.0300449
27.31 1 0.908878
27.31 2 0.0301899
27.41 1 0.909858
27.41 2 0.0303257
27.51 1 0.910661
27.51 2 0.0302648
27.61 1 0.913002
27.61 2 0.0303309
27.71 1 0.915213
27.71 2 0.0303963
27.81 1 0.917563
27.81 2 0.0304808
27.91 1 0.919813
27.91 2 0.0305402
28.01 1 0.922183
28.01 2 0.0306005
28.11 1 0.924331
28.11 2 0.0306604
28.21 1 0.926614
28.21 2 0.0307073
28.31 1 0.928998
28.31 2 0.0307482
28.41 1 0.932047
28.41 2 0.030823
28.51 1 0.934576
28.51 2 0.0308688
28.61 1 0.93682
28.61 2 0.0309219
28.71 1 0.938433
28.71 2 0.0311021
28.81 1 0.936283
28.81 2 0.0311911
28.91 1 0.938772
28.91 2 0.031171
29.01 1 0.941173
29.01 2 0.0312234
29.11 1 0.943587
29.11 2 0.0312848
29.21 1 0.946205
29.21 2 0.0313263
29.31 1 0.947656
29.31 2 0.0315695
29.41 1 0.946513
29.41 2 0.0316027
29.51 1 0.948518
29.51 2 0.0315812
29.61 1 0.951096
29.61 2 0.0316344
29.71 1 0.953821
29.71 2 0.0318466
29.81 1 0.951162
29.81 2 0.0319442
29.91 1 0.954613
29.91 2 0.0318943
30.01 1 0.95758
30.01 2 0.0319495
30.11 1 0.960496
30.11 2 0.0320196
30.21 1 0.963121
30.21 2 0.0321093
30.31 1 0.965944
30.31 2 0.0321708
30.41 1 0.968574
30.41 2 0.0322319
30.51 1 0.971281
30.51 2 0.0322926
30.61 1 0.973837
30.61 2 0.0323803
30.71 1 0.976576
30.71 2 0.0324401
30.81 1 0.979282
30.81 2 0.0325128
30.91 1 0.982016
30.91 2 0.032577
31.01 1 0.984764
31.01 2 0.0326626
31.11 1 0.987615
31.11 2 0.0327207
31.21 1 0.990069
31.21 2 0.0327785
31.31 1 0.992508
31.31 2 0.0328232
31.41 1 0.995059
31.41 2 0.0328942
31.51 1 0.997535
31.51 2 0.0329509
31.61 1 1.00027
31.61 2 0.0330021
31.71 1 1.00266
31.71 2 0.0330631
31.81 1 1.00477
31.81 2 0.0332851
31.91 1 1.00251
31.91 2 0.0333678
32.01 1 1.00486
32.01 2 0.0333837
32.11 1 1.00646
32.11 2 0.0336035
32.21 1 1.00592
32.21 2 0.0335124
32.31 1 1.00843
32.31 2 0.033612
32.41 1 1.0112
32.41 2 0.0336769
32.51 1 1.01368
32.51 2 0.0337415
32.61 1 1.01622
32.61 2 0.0338179
32.71 1 1.0191
32.71 2 0.0338721
32.81 1 1.0213
32.81 2 0.033932
32.91 1 1.02418
32.91 2 0.0341577
33.01 1 1.02216
33.01 2 0.034244
33.11 1 1.02483
33.11 2 0.0342164
33.21 1 1.02726
33.21 2 0.034283
33.31 1 1.03028
33.31 2 0.0343405
33.41 1 1.03292
33.41 2 0.0343934
33.51 1 1.03541
33.51 2 0.0344504
33.61 1 1.03755
33.61 2 0.0345271
33.71 1 1.04002
33.71 2 0.034714
33.81 1 1.03749
33.81 2 0.0348221
33.91 1 1.04033
33.91 2 0.0347667
34.01 1 1.03808
34.01 2 0.0348038
34.11 1 1.04097
34.11 2 0.034769
34.21 1 1.0435
34.21 2 0.0348274
34.31 1 1.04623
34.31 2 0.0349051
34.41 1 1.04906
34.41 2 0.034967
34.51 1 1.05193
34.51 2 0.0350324
34.61 1 1.05462
34.61 2 0.0351007
34.71 1 1.05664
34.71 2 0.0353033
34.81 1 1.0545
34.81 2 0.0354068
34.91 1 1.05726
34.91 2 0.0353736
35.01 1 1.06013
35.01 2 0.0354353
35.11 1 1.06305
35.11 2 0.0355118
35.21 1 1.06598
35.21 2 0.0355754
35.31 1 1.06854
35.31 2 0.0356373
35.41 1 1.07144
35.41 2 0.0357139
35.51 1 1.07404
35.51 2 0.0357751
35.61 1 1.07648
35.61 2 0.0358635
35.71 1 1.07813
35.71 2 0.0361159
35.81 1 1.07703
35.81 2 0.0361265
35.91 1 1.07962
35.91 2 0.0361195
36.01 1 1.08265
36.01 2 0.0361823
36.11 1 1.08535
36.11 2 0.0362434
36.21 1 1.08825
36.21 2 0.0363241
36.31 1 1.0909
36.31 2 0.0363749
36.41 1 1.09383
36.41 2 0.0364488
36.51 1 1.09634
36.51 2 0.0365085
36.61 1 1.09865
36.61 2 0.0365768
36.71 1 1.10163
36.71 2 0.0366352
36.81 1 1.10429
36.81 2 0.036711
36.91 1 1.10704
36.91 2 0.0367719
37.01 1 1.10957
37.01 2 0.0368313
37.11 1 1.11243
37.11 2 0.0369084
37.21 1 1.11497
37.21 2 0.0369671
37.31 1 1.11729
37.31 2 0.0370363
37.41 1 1.11995
37.41 2 0.0370877
37.51 1 1.12245
37.51 2 0.037162
37.61 1 1.12504
37.61 2 0.0372284
37.71 1 1.12636
37.71 2 0.0374527
37.81 1 1.12369
37.81 2 0.0374863
37.91 1 1.12171
37.91 2 0.0373577
38.01 1 1.12062
38.01 2 0.0373786
38.11 1 1.11819
38.11 2 0.0373367
38.21 1 1.11597
38.21 2 0.03725
38.31 1 1.11357
38.31 2 0.0371813
38.41 1 1.11117
38.41 2 0.0370955
38.51 1 1.10861
38.51 2 0.0370102
38.61 1 1.10879
38.61 2 0.0369254
38.71 1 1.10658
38.71 2 0.0368553
38.81 1 1.10428
38.81 2 0.0367745
38.91 1 1.10194
38.91 2 0.036691
39.01 1 1.09961
39.01 2 0.0366081
39.11 1 1.0973
39.11 2 0.0365221
39.21 1 1.09519
39.21 2 0.0365256
39.31 1 1.09291
39.31 2 0.0364607
39.41 1 1.09063
39.41 2 0.036379
39.51 1 1.08837
39.51 2 0.0362978
39.61 1 1.08603
39.61 2 0.0362171
39.71 1 1.08627
39.71 2 0.0361508
39.81 1 1.08408
39.81 2 0.0360739
39.91 1 1.08185
39.91 2 0.0359945
40.01 1 1.07964
40.01 2 0.0359154
40.11 1 1.07743
40.11 2 0.0358369
40.21 1 1.07544
40.21 2 0.035769
40.31 1 1.07326
40.31 2 0.0357754
40.41 1 1.07109
40.41 2 0.0356977
40.51 1 1.06894
40.51 2 0.0356203
40.61 1 1.06694
40.61 2 0.0355434
40.71 1 1.06485
40.71 2 0.0354806
40.81 1 1.06246
40.81 2 0.0354073
40.91 1 1.06273
40.91 2 0.0353316
41.01 1 1.06063
41.01 2 0.0352563
41.11 1 1.05853
41.11 2 0.0351813
41.21 1 1.0565
41.21 2 0.0351168
41.31 1 1.05419
41.31 2 0.0350484
41.41 1 1.05194
41.41 2 0.0349806
41.51 1 1.05007
41.51 2 0.0349886
41.61 1 1.0483
41.61 2 0.0349248
41.71 1 1.04651
41.71 2 0.0348612
41.81 1 1.04443
41.81 2 0.0348049
41.91 1 1.04242
41.91 2 0.0347367
42.01 1 1.04059
42.01 2 0.0346894
42.11 1 1.03883
42.11 2 0.0346346
42.21 1 1.03706
42.21 2 0.0345791
42.31 1 1.03761
42.31 2 0.0345333
42.41 1 1.03599
42.41 2 0.034472
42.51 1 1.03439
42.51 2 0.0344109
42.61 1 1.03297
42.61 2 0.0343624
42.71 1 1.03138
42.71 2 0.0342993
42.81 1 1.02979
42.81 2 0.0343055
42.91 1 1.0284
42.91 2 0.0342453
43.01 1 1.02665
43.01 2 0.0342011
43.11 1 1.025
43.11 2 0.0341427
43.21 1 1.02332
43.21 2 0.0341118
43.31 1 1.02163
43.31 2 0.0340725
43.41 1 1.02191
43.41 2 0.034025
43.51 1 1.02191
43.51 2 0.034025
43.61 1 1.01755
43.61 2 0.034025
43.71 1 1.01755
43.71 2 0.034025
43.81 1 1.01755
43.81 2 0.034025
43.91 1 1.01755
43.91 2 0.034025
44.01 1 1.00846
44.01 2 0.034025
44.11 1 1.00846
44.11 2 0.034025
44.21 1 1.00846
44.21 2 0.034025
44.31 1 1.00846
44.31 2 0.034025
44.41 1 1.00846
44.41 2 0.034025
44.51 1 1.00846
44.51 2 0.034025
44.61 1 1.00846
44.61 2 0.034025
44.71 1 1.00846
44.71 2 0.034025
44.81 1 0.99058
44.81 2 0.034025
44.91 1 0.99058
44.91 2 0.034025
45.01 1 0.99058
45.01 2 0.034025
45.11 1 0.99058
45.11 2 0.034025
45.21 1 0.99058
45.21 2 0.034025
45.31 1 0.99058
45.31 2 0.034025
45.41 1 0.99058
45.41 2 0.034025
45.51 1 0.99058
45.51 2 0.034025
45.61 1 0.99058
45.61 2 0.034025
45.71 1 0.99058
45.71 2 0.034025
45.81 1 0.99058
45.81 2 0.034025
45.91 1 0.99058
45.91 2 0.034025
46.01 1 0.99058
46.01 2 0.034025
46.11 1 0.99058
46.11 2 0.034025
46.21 1 0.99058
46.21 2 0.034025
46.31 1 0.99058
46.31 2 0.034025
46.41 1 0.956518
46.41 2 0.034025
46.51 1 0.956518
46.51 2 0.034025
46.61 1 0.956518
46.61 2 0.034025
46.71 1 0.956518
46.71 2 0.034025
46.81 1 0.956518
46.81 2 0.034025
46.91 1 0.956518
46.91 2 0.034025
47.01 1 0.956518
47.01 2 0.034025
47.11 1 0.956518
47.11 2 0.034025
47.21 1 0.956518
47.21 2 0.034025
47.31 1 0.956518
47.31 2 0.034025
47.41 1 0.956518
47.41 2 0.034025
47.51 1 0.956518
47.51 2 0.034025
47.61 1 0.956518
47.61 2 0.034025
47.71 1 0.956518
47.71 2 0.034025
47.81 1 0.956518
47.81 2 0.034025
47.91 1 0.956518
47.91 2 0.034025
48.01 1 0.956518
48.01 2 0.034025
48.11 1 0.956518
48.11 2 0.034025
48.21 1 0.956518
48.21 2 0.034025
48.31 1 0.956518
48.31 2 0.034025
48.41 1 0.956518
48.41 2 0.034025
48.51 1 0.956518
48.51 2 0.034025
48.61 1 0.956518
48.61 2 0.034025
48.71 1 0.956518
48.71 2 0.034025
48.81 1 0.956518
48.81 2 0.034025
48.91 1 0.956518
48.91 2 0.034025
49.01 1 0.956518
49.01 2 0.034025
49.11 1 0.956518
49.11 2 0.034025
49.21 1 0.956518
49.21 2 0.034025
49.31 1 0.956518
49.31 2 0.034025
49.41 1 0.956518
49.41 2 0.034025
49.51 1 0.956518
49.51 2 0.034025
49.61 1 0.894845
49.61 2 0.034025
49.71 1 0.894845
49.71 2 0.034025
49.81 1 0.894845
49.81 2 0.034025
49.91 1 0.894845
49.91 2 0.034025
50.01 1 0.894845
50.01 2 0.034025
50.11 1 0.894845
50.11 2 0.034025
50.21 1 0.894845
50.21 2 0.034025
50.31 1 0.894845
50.31 2 0.034025
50.41 1 0.894845
50.41 2 0.034025
50.51 1 0.894845
50.51 2 0.034025
50.61 1 0.894845
50.61 2 0.034025
50.71 1 0.894845
50.71 2 0.034025
50.81 1 0.894845
50.81 2 0.034025
50.91 1 0.894845
50.91 2 0.034025
51.01 1 0.894845
51.01 2 0.034025
51.11 1 0.894845
51.11 2 0.034025
51.21 1 0.894845
51.21 2 0.034025
51.31 1 0.894845
51.31 2 0.034025
51.41 1 0.894845
51.41 2 0.034025
51.51 1 0.894845
51.51 2 0.034025
51.61 1 0.894845
51.61 2 0.034025
51.71 1 0.894845
51.71 2 0.034025
51.81 1 0.894845
51.81 2 0.034025
51.91 1 0.894845
51.91 2 0.034025
52.01 1 0.894845
52.01 2 0.034025
52.11 1 0.894845
52.11 2 0.034025
52.21 1 0.894845
52.21 2 0.034025
52.31 1 0.894845
52.31 2 0.034025
52.41 1 0.894845
52.41 2 0.034025
52.51 1 0.894845
52.51 2 0.034025
52.61 1 0.894845
52.61 2 0.034025
52.71 1 0.894845
52.71 2 0.034025
52.81 1 0.894845
52.81 2 0.034025
52.91 1 0.894845
52.91 2 0.034025
53.01 1 0.894845
53.01 2 0.034025
53.11 1 0.894845
53.11 2 0.034025
53.21 1 0.894845
53.21 2 0.034025
53.31 1 0.894845
53.31 2 0.034025
53.41 1 0.894845
53.41 2 0.034025
53.51 1 0.894845
53.51 2 0.034025
53.61 1 0.894845
53.61 2 0.034025
53.71 1 0.894845
53.71 2 0.034025
53.81 1 0.894845
53.81 2 0.034025
53.91 1 0.894845
53.91 2 0.034025
54.01 1 0.894845
54.01 2 0.034025
54.11 1 0.894845
54.11 2 0.034025
54.21 1 0.894845
54.21 2 0.034025
54.31 1 0.894845
54.31 2 0.034025
54.41 1 0.894845
54.41 2 0.034025
54.51 1 0.894845
54.51 2 0.034025
54.61 1 0.894845
54.61 2 0.034025
54.71 1 0.894845
54.71 2 0.034025
54.81 1 0.894845
54.81 2 0.034025
54.91 1 0.894845
54.91 2 0.034025
55.01 1 0.894845
55.01 2 0.034025
55.11 1 0.894845
55.11 2 0.034025
55.21 1 0.894845
55.21 2 0.034025
55.31 1 0.894845
55.31 2 0.034025
55.41 1 0.894845
55.41 2 0.034025
55.51 1 0.894845
55.51 2 0.034025
55.61 1 0.894845
55.61 2 0.034025
55.71 1 0.894845
55.71 2 0.034025
55.81 1 0.894845
55.81 2 0.034025
55.91 1 0.894845
55.91 2 0.034025
56.01 1 0.792543
56.01 2 0.034025
56.11 1 0.792543
56.11 2 0.034025
56.21 1 0.792543
56.21 2 0.034025
56.31 1 0.792543
56.31 2 0.034025
56.41 1 0.792543
56.41 2 0.034025
56.51 1 0.792543
56.51 2 0.034025
56.61 1 0.792543
56.61 2 0.034025
56.71 1 0.792543
56.71 2 0.034025
56.81 1 0.792543
56.81 2 0.034025
56.91 1 0.792543
56.91 2 0.034025
57.01 1 0.792543
57.01 2 0.034025
57.11 1 0.792543
57.11 2 0.034025
57.21 1 0.792543
57.21 2 0.034025
57.31 1 0.792543
57.31 2 0.034025
57.41 1 0.792543
57.41 2 0.034025
57.51 1 0.792543
57.51 2 0.034025
57.61 1 0.792543
57.61 2 0.034025
57.71 1 0.792543
57.71 2 0.034025
57.81 1 0.792543
57.81 2 0.034025
57.91 1 0.792543
57.91 2 0.034025
58.01 1 0.792543
58.01 2 0.034025
58.11 1 0.792543
58.11 2 0.034025
58.21 1 0.792543
58.21 2 0.034025
58.31 1 0.792543
58.31 2 0.034025
58.41 1 0.792543
58.41 2 0.034025
58.51 1 0.792543
58.51 2 0.034025
58.61 1 0.792543
58.61 2 0.034025
58.71 1 0.792543
58.71 2 0.034025
58.81 1 0.792543
58.81 2 0.034025
58.91 1 0.792543
58.91 2 0.034025
59.01 1 0.792543
59.01 2 0.034025
59.11 1 0.792543
59.11 2 0.034025
59.21 1 0.792543
59.21 2 0.034025
59.31 1 0.792543
59.31 2 0.034025
59.41 1 0.792543
59.41 2 0.034025
59.51 1 0.792543
59.51 2 0.034025
59.61 1 0.792543
59.61 2 0.034025
59.71 1 0.792543
59.71 2 0.034025
59.81 1 0.792543
59.81 2 0.034025
59.91 1 0.792543
59.91 2 0.034025
60.01 1 0.792543
60.01 2 0.034025
60.11 1 0.792543
60.11 2 0.034025
60.21 1 0.792543
60.21 2 0.034025
60.31 1 0.792543
60.31 2 0.034025
60.41 1 0.792543
60.41 2 0.034025
60.51 1 0.792543
60.51 2 0.034025
60.61 1 0.792543
60.61 2 0.034025
60.71 1 0.792543
60.71 2 0.034025
60.81 1 0.792543
60.81 2 0.034025
60.91 1 0.792543
60.91 2 0.034025
61.01 1 0.792543
61.01 2 0.034025
61.11 1 0.792543
61.11 2 0.034025
61.21 1 0.792543
61.21 2 0.034025
61.31 1 0.792543
61.31 2 0.034025
61.41 1 0.792543
61.41 2 0.034025
61.51 1 0.792543
61.51 2 0.034025
61.61 1 0.792543
61.61 2 0.034025
61.71 1 0.792543
61.71 2 0.034025
61.81 1 0.792543
61.81 2 0.034025
61.91 1 0.792543
61.91 2 0.034025
62.01 1 0.792543
62.01 2 0.034025
62.11 1 0.792543
62.11 2 0.034025
62.21 1 0.792543
62.21 2 0.034025
62.31 1 0.792543
62.31 2 0.034025
62.41 1 0.792543
62.41 2 0.034025
62.51 1 0.792543
62.51 2 0.034025
62.61 1 0.792543
62.61 2 0.034025
62.71 1 0.792543
62.71 2 0.034025
62.81 1 0.792543
62.81 2 0.034025
62.91 1 0.792543
62.91 2 0.034025
63.01 1 0.792543
63.01 2 0.034025
63.11 1 0.792543
63.11 2 0.034025
63.21 1 0.792543
63.21 2 0.034025
63.31 1 0.792543
63.31 2 0.034025
63.41 1 0.792543
63.41 2 0.034025
63.51 1 0.792543
63.51 2 0.034025
63.61 1 0.792543
63.61 2 0.034025
63.71 1 0.792543
63.71 2 0.034025
63.81 1 0.792543
63.81 2 0.034025
63.91 1 0.792543
63.91 2 0.034025
64.01 1 0.792543
64.01 2 0.034025
64.11 1 0.792543
64.11 2 0.034025
64.21 1 0.792543
64.21 2 0.034025
64.31 1 0.792543
64.31 2 0.034025
64.41 1 0.792543
64.41 2 0.034025
64.51 1 0.792543
64.51 2 0.034025
64.61 1 0.792543
64.61 2 0.034025
64.71 1 0.792543
64.71 2 0.034025
64.81 1 0.792543
64.81 2 0.034025
64.91 1 0.792543
64.91 2 0.034025
65.01 1 0.792543
65.01 2 0.034025
65.11 1 0.792543
65.11 2 0.034025
65.21 1 0.792543
65.21 2 0.034025
65.31 1 0.792543
65.31 2 0.034025
65.41 1 0.792543
65.41 2 0.034025
65.51 1 0.792543
65.51 2 0.034025
65.61 1 0.792543
65.61 2 0.034025
65.71 1 0.792543
65.71 2 0.034025
65.81 1 0.792543
65.81 2 0.034025
65.91 1 0.792543
65.91 2 0.034025
66.01 1 0.792543
66.01 2 0.034025
66.11 1 0.792543
66.11 2 0.034025
66.21 1 0.792543
66.21 2 0.034025
66.31 1 0.792543
66.31 2 0.034025
66.41 1 0.792543
66.41 2 0.034025
66.51 1 0.792543
66.51 2 0.034025
66.61 1 0.792543
66.61 2 0.034025
66.71 1 0.792543
66.71 2 0.034025
66.81 1 0.792543
66.81 2 0.034025
66.91 1 0.792543
66.91 2 0.034025
67.01 1 0.792543
67.01 2 0.034025
67.11 1 0.792543
67.11 2 0.034025
67.21 1 0.792543
67.21 2 0.034025
67.31 1 0.792543
67.31 2 0.034025
67.41 1 0.792543
67.41 2 0.034025
67.51 1 0.792543
67.51 2 0.034025
67.61 1 0.792543
67.61 2 0.034025
67.71 1 0.792543
67.71 2 0.034025
67.81 1 0.792543
67.81 2 0.034025
67.91 1 0.792543
67.91 2 0.034025
68.01 1 0.792543
68.01 2 0.034025
68.11 1 0.792543
68.11 2 0.034025
68.21 1 0.792543
68.21 2 0.034025
68.31 1 0.792543
68.31 2 0.034025
68.41 1 0.792543
68.41 2 0.034025
68.51 1 0.792543
68.51 2 0.034025
68.61 1 0.792543
68.61 2 0.034025
68.71 1 0.792543
68.71 2 0.034025
68.81 1 0.792543
68.81 2 0.034025
68.91 1 0.792543
68.91 2 0.034025
69.01 1 0.792543
69.01 2 0.034025
69.11 1 0.792543
69.11 2 0.034025
69.21 1 0.792543
69.21 2 0.034025
69.31 1 0.792543
69.31 2 0.034025
69.41 1 0.792543
69.41 2 0.034025
69.51 1 0.792543
69.51 2 0.034025
69.61 1 0.792543
69.61 2 0.034025
69.71 1 0.792543
69.71 2 0.034025
69.81 1 0.792543
69.81 2 0.034025
69.91 1 0.792543
69.91 2 0.034025
70.01 1 0.792543
70.01 2 0.034025
70.11 1 0.792543
70.11 2 0.034025
70.21 1 0.792543
70.21 2 0.034025
70.31 1 0.792543
70.31 2 0.034025
70.41 1 0.792543
70.41 2 0.034025
70.51 1 0.792543
70.51 2 0.034025
70.61 1 0.792543
70.61 2 0.034025
70.71 1 0.792543
70.71 2 0.034025
70.81 1 0.792543
70.81 2 0.034025
70.91 1 0.792543
70.91 2 0.034025
71.01 1 0.792543
71.01 2 0.034025
71.11 1 0.792543
71.11 2 0.034025
71.21 1 0.792543
71.21 2 0.034025
71.31 1 0.792543
71.31 2 0.034025
71.41 1 0.792543
71.41 2 0.034025
71.51 1 0.792543
71.51 2 0.034025
71.61 1 0.792543
71.61 2 0.034025
71.71 1 0.792543
71.71 2 0.034025
71.81 1 0.792543
71.81 2 0.034025
71.91 1 0.792543
71.91 2 0.034025
72.01 1 0.792543
72.01 2 0.034025
72.11 1 0.792543
72.11 2 0.034025
72.21 1 0.792543
72.21 2 0.034025
72.31 1 0.792543
72.31 2 0.034025
72.41 1 0.792543
72.41 2 0.034025
72.51 1 0.792543
72.51 2 0.034025
72.61 1 0.792543
72.61 2 0.034025
72.71 1 0.792543
72.71 2 0.034025
72.81 1 0.792543
72.81 2 0.034025
72.91 1 0.792543
72.91 2 0.034025
73.01 1 0.792543
73.01 2 0.034025
73.11 1 0.792543
73.11 2 0.034025
73.21 1 0.792543
73.21 2 0.034025
73.31 1 0.792543
73.31 2 0.034025
73.41 1 0.792543
73.41 2 0.034025
73.51 1 0.792543
73.51 2 0.034025
73.61 1 0.792543
73.61 2 0.034025
73.71 1 0.792543
73.71 2 0.034025
73.81 1 0.792543
73.81 2 0.034025
73.91 1 0.792543
73.91 2 0.034025
74.01 1 0.792543
74.01 2 0.034025
74.11 1 0.792543
74.11 2 0.034025
74.21 1 0.792543
74.21 2 0.034025
74.31 1 0.792543
74.31 2 0.034025
74.41 1 0.792543
74.41 2 0.034025
74.51 1 0.792543
74.51 2 0.034025
74.61 1 0.792543
74.61 2 0.034025
74.71 1 0.792543
74.71 2 0.034025
74.81 1 0.792543
74.81 2 0.034025
74.91 1 0.792543
74.91 2 0.034025
75.01 1 0.792543
75.01 2 0.034025
75.11 1 0.792543
75.11 2 0.034025
75.21 1 0.792543
75.21 2 0.034025
75.31 1 0.792543
75.31 2 0.034025
75.41 1 0.792543
75.41 2 0.034025
75.51 1 0.792543
75.51 2 0.034025
75.61 1 0.792543
75.61 2 0.034025
75.71 1 0.792543
75.71 2 0.034025
75.81 1 0.792543
75.81 2 0.034025
75.91 1 0.792543
75.91 2 0.034025
76.01 1 0.792543
76.01 2 0.034025
76.11 1 0.792543
76.11 2 0.034025
76.21 1 0.792543
76.21 2 0.034025
76.31 1 0.792543
76.31 2 0.034025
76.41 1 0.792543
76.41 2 0.034025
76.51 1 0.792543
76.51 2 0.034025
76.61 1 0.792543
76.61 2 0.034025
76.71 1 0.792543
76.71 2 0.034025
76.81 1 0.792543
76.81 2 0.034025
76.91 1 0.792543
76.91 2 0.034025
77.01 1 0.792543
77.01 2 0.034025
77.11 1 0.792543
77.11 2 0.034025
77.21 1 0.792543
77.21 2 0.034025
77.31 1 0.792543
77.31 2 0.034025
77.41 1 0.792543
77.41 2 0.034025
77.51 1 0.792543
77.51 2 0.034025
77.61 1 0.792543
77.61 2 0.034025
77.71 1 0.792543
77.71 2 0.034025
77.81 1 0.792543
77.81 2 0.034025
77.91 1 0.792543
77.91 2 0.034025
78.01 1 0.792543
78.01 2 0.034025
78.11 1 0.792543
78.11 2 0.034025
78.21 1 0.792543
78.21 2 0.034025
78.31 1 0.792543
78.31 2 0.034025
78.41 1 0.792543
78.41 2 0.034025
78.51 1 0.792543
78.51 2 0.034025
78.61 1 0.792543
78.61 2 0.034025
78.71 1 0.792543
78.71 2 0.034025
78.81 1 0.792543
78.81 2 0.034025
78.91 1 0.792543
78.91 2 0.034025
79.01 1 0.792543
79.01 2 0.034025
79.11 1 0.792543
79.11 2 0.034025
79.21 1 0.792543
79.21 2 0.034025
79.31 1 0.792543
79.31 2 0.034025
79.41 1 0.792543
79.41 2 0.034025
79.51 1 0.792543
79.51 2 0.034025
79.61 1 0.792543
79.61 2 0.034025
79.71 1 0.792543
79.71 2 0.034025
79.81 1 0.792543
79.81 2 0.034025
79.91 1 0.792543
79.91 2 0.034025
80.01 1 0.792543
80.01 2 0.034025
80.11 1 0.792543
80.11 2 0.034025
80.21 1 0.792543
80.21 2 0.034025
80.31 1 0.792543
80.31 2 0.034025
80.41 1 0.792543
80.41 2 0.034025
80.51 1 0.792543
80.51 2 0.034025
80.61 1 0.792543
80.61 2 0.034025
80.71 1 0.792543
80.71 2 0.034025
80.81 1 0.792543
80.81 2 0.034025
80.91 1 0.792543
80.91 2 0.034025
81.01 1 0.792543
81.01 2 0.034025
81.11 1 0.792543
81.11 2 0.034025
81.21 1 0.792543
81.21 2 0.034025
81.31 1 0.792543
81.31 2 0.034025
81.41 1 0.792543
81.41 2 0.034025
81.51 1 0.792543
81.51 2 0.034025
81.61 1 0.792543
81.61 2 0.034025
81.71 1 0.792543
81.71 2 0.034025
81.81 1 0.792543
81.81 2 0.034025
81.91 1 0.792543
81.91 2 0.034025
82.01 1 0.792543
82.01 2 0.034025
82.11 1 0.792543
82.11 2 0.034025
82.21 1 0.792543
82.21 2 0.034025
82.31 1 0.792543
82.31 2 0.034025
82.41 1 0.792543
82.41 2 0.034025
82.51 1 0.792543
82.51 2 0.034025
82.61 1 0.792543
82.61 2 0.034025
82.71 1 0.792543
82.71 2 0.034025
82.81 1 0.792543
82.81 2 0.034025
82.91 1 0.792543
82.91 2 0.034025
83.01 1 0.792543
83.01 2 0.034025
83.11 1 0.792543
83.11 2 0.034025
83.21 1 0.792543
83.21 2 0.034025
83.31 1 0.792543
83.31 2 0.034025
83.41 1 0.792543
83.41 2 0.034025
83.51 1 0.792543
83.51 2 0.034025
83.61 1 0.792543
83.61 2 0.034025
83.71 1 0.792543
83.71 2 0.034025
83.81 1 0.792543
83.81 2 0.034025
83.91 1 0.792543
83.91 2 0.034025
84.01 1 0.792543
84.01 2 0.034025
84.11 1 0.792543
84.11 2 0.034025
84.21 1 0.792543
84.21 2 0.034025
84.31 1 0.792543
84.31 2 0.034025
84.41 1 0.792543
84.41 2 0.034025
84.51 1 0.792543
84.51 2 0.034025
84.61 1 0.792543
84.61 2 0.034025
84.71 1 0.792543
84.71 2 0.034025
84.81 1 0.792543
84.81 2 0.034025
84.91 1 0.792543
84.91 2 0.034025
85.01 1 0.792543
85.01 2 0.034025
85.11 1 0.792543
85.11 2 0.034025
85.21 1 0.792543
85.21 2 0.034025
85.31 1 0.792543
85.31 2 0.034025
85.41 1 0.792543
85.41 2 0.034025
85.51 1 0.792543
85.51 2 0.034025
85.61 1 0.792543
85.61 2 0.034025
85.71 1 0.792543
85.71 2 0.034025
85.81 1 0.792543
85.81 2 0.034025
85.91 1 0.792543
85.91 2 0.034025
86.01 1 0.792543
86.01 2 0.034025
86.11 1 0.792543
86.11 2 0.034025
86.21 1 0.792543
86.21 2 0.034025
86.31 1 0.792543
86.31 2 0.034025
86.41 1 0.792543
86.41 2 0.034025
86.51 1 0.792543
86.51 2 0.034025
86.61 1 0.792543
86.61 2 0.034025
86.71 1 0.792543
86.71 2 0.034025
86.81 1 0.792543
86.81 2 0.034025
86.91 1 0.792543
86.91 2 0.034025
87.01 1 0.792543
87.01 2 0.034025
87.11 1 0.792543
87.11 2 0.034025
87.21 1 0.792543
87.21 2 0.034025
87.31 1 0.792543
87.31 2 0.034025
87.41 1 0.792543
87.41 2 0.034025
87.51 1 0.792543
87.51 2 0.034025
87.61 1 0.792543
87.61 2 0.034025
87.71 1 0.792543
87.71 2 0.034025
87.81 1 0.792543
87.81 2 0.034025
87.91 1 0.792543
87.91 2 0.034025
88.01 1 0.792543
88.01 2 0.034025
88.11 1 0.792543
88.11 2 0.034025
88.21 1 0.792543
88.21 2 0.034025
88.31 1 0.792543
88.31 2 0.034025
88.41 1 0.792543
88.41 2 0.034025
88.51 1 0.792543
88.51 2 0.034025
88.61 1 0.792543
88.61 2 0.034025
88.71 1 0.792543
88.71 2 0.034025
88.81 1 0.792543
88.81 2 0.034025
88.91 1 0.792543
88.91 2 0.034025
89.01 1 0.792543
89.01 2 0.034025
89.11 1 0.792543
89.11 2 0.034025
89.21 1 0.792543
89.21 2 0.034025
89.31 1 0.792543
89.31 2 0.034025
89.41 1 0.792543
89.41 2 0.034025
89.51 1 0.792543
89.51 2 0.034025
89.61 1 0.792543
89.61 2 0.034025
89.71 1 0.792543
89.71 2 0.034025
89.81 1 0.792543
89.81 2 0.034025
89.91 1 0.792543
89.91 2 0.034025
90.01 1 0.792543
90.01 2 0.034025
90.11 1 0.792543
90.11 2 0.034025
90.21 1 0.792543
90.21 2 0.034025
90.31 1 0.792543
90.31 2 0.034025
90.41 1 0.792543
90.41 2 0.034025
90.51 1 0.792543
90.51 2 0.034025
90.61 1 0.792543
90.61 2 0.034025
90.71 1 0.792543
90.71 2 0.034025
90.81 1 0.792543
90.81 2 0.034025
90.91 1 0.792543
90.91 2 0.034025
91.01 1 0.792543
91.01 2 0.034025
91.11 1 0.792543
91.11 2 0.034025
91.21 1 0.792543
91.21 2 0.034025
91.31 1 0.792543
91.31 2 0.034025
91.41 1 0.792543
91.41 2 0.034025
91.51 1 0.792543
91.51 2 0.034025
91.61 1 0.792543
91.61 2 0.034025
91.71 1 0.792543
91.71 2 0.034025
91.81 1 0.792543
91.81 2 0.034025
91.91 1 0.792543
91.91 2 0.034025
92.01 1 0.792543
92.01 2 0.034025
92.11 1 0.792543
92.11 2 0.034025
92.21 1 0.792543
92.21 2 0.034025
92.31 1 0.792543
92.31 2 0.034025
92.41 1 0.792543
92.41 2 0.034025
92.51 1 0.792543
92.51 2 0.034025
92.61 1 0.792543
92.61 2 0.034025
92.71 1 0.792543
92.71 2 0.034025
92.81 1 0.792543
92.81 2 0.034025
92.91 1 0.792543
92.91 2 0.034025
93.01 1 0.792543
93.01 2 0.034025
93.11 1 0.792543
93.11 2 0.034025
93.21 1 0.792543
93.21 2 0.034025
93.31 1 0.792543
93.31 2 0.034025
93.41 1 0.792543
93.41 2 0.034025
93.51 1 0.792543
93.51 2 0.034025
93.61 1 0.792543
93.61 2 0.034025
93.71 1 0.792543
93.71 2 0.034025
93.81 1 0.792543
93.81 2 0.034025
93.91 1 0.792543
93.91 2 0.034025
94.01 1 0.792543
94.01 2 0.034025
94.11 1 0.792543
94.11 2 0.034025
94.21 1 0.792543
94.21 2 0.034025
94.31 1 0.792543
94.31 2 0.034025
94.41 1 0.792543
94.41 2 0.034025
94.51 1 0.792543
94.51 2 0.034025
94.61 1 0.792543
94.61 2 0.034025
94.71 1 0.792543
94.71 2 0.034025
94.81 1 0.792543
94.81 2 0.034025
94.91 1 0.792543
94.91 2 0.034025
95.01 1 0.792543
95.01 2 0.034025
95.11 1 0.792543
95.11 2 0.034025
95.21 1 0.792543
95.21 2 0.034025
95.31 1 0.792543
95.31 2 0.034025
95.41 1 0.792543
95.41 2 0.034025
95.51 1 0.792543
95.51 2 0.034025
95.61 1 0.792543
95.61 2 0.034025
95.71 1 0.792543
95.71 2 0.034025
95.81 1 0.792543
95.81 2 0.034025
95.91 1 0.792543
95.91 2 0.034025
96.01 1 0.792543
96.01 2 0.034025
96.11 1 0.792543
96.11 2 0.034025
96.21 1 0.792543
96.21 2 0.034025
96.31 1 0.792543
96.31 2 0.034025
96.41 1 0.792543
96.41 2 0.034025
96.51 1 0.792543
96.51 2 0.034025
96.61 1 0.792543
96.61 2 0.034025
96.71 1 0.792543
96.71 2 0.034025
96.81 1 0.792543
96.81 2 0.034025
96.91 1 0.792543
96.91 2 0.034025
97.01 1 0.792543
97.01 2 0.034025
97.11 1 0.792543
97.11 2 0.034025
97.21 1 0.792543
97.21 2 0.034025
97.31 1 0.792543
97.31 2 0.034025
97.41 1 0.792543
97.41 2 0.034025
97.51 1 0.792543
97.51 2 0.034025
97.61 1 0.792543
97.61 2 0.034025
97.71 1 0.792543
97.71 2 0.034025
97.81 1 0.792543
97.81 2 0.034025
97.91 1 0.792543
97.91 2 0.034025
98.01 1 0.792543
98.01 2 0.034025
98.11 1 0.792543
98.11 2 0.034025
98.21 1 0.792543
98.21 2 0.034025
98.31 1 0.792543
98.31 2 0.034025
98.41 1 0.792543
98.41 2 0.034025
98.51 1 0.792543
98.51 2 0.034025
98.61 1 0.792543
98.61 2 0.034025
98.71 1 0.792543
98.71 2 0.034025
98.81 1 0.792543
98.81 2 0.034025
98.91 1 0.792543
98.91 2 0.034025
99.01 1 0.792543
99.01 2 0.034025
99.11 1 0.792543
99.11 2 0.034025
99.21 1 0.792543
99.21 2 0.034025
99.31 1 0.792543
99.31 2 0.034025
99.41 1 0.792543
99.41 2 0.034025
99.51 1 0.792543
99.51 2 0.034025
99.61 1 0.792543
99.61 2 0.034025
99.71 1 0.792543
99.71 2 0.034025
99.81 1 0.792543
99.81 2 0.034025
99.91 1 0.792543
99.91 2 0.034025
100.01 1 0.792543
100.01 2 0.034025
100.11 1 0.792543
100.11 2 0.034025
100.21 1 0.792543
100.21 2 0.034025
100.31 1 0.792543
100.31 2 0.034025
100.41 1 0.792543
100.41 2 0.034025
100.51 1 0.792543
100.51 2 0.034025
100.61 1 0.792543
100.61 2 0.034025
100.71 1 0.792543
100.71 2 0.034025
100.81 1 0.792543
100.81 2 0.034025
100.91 1 0.792543
100.91 2 0.034025
101.01 1 0.792543
101.01 2 0.034025
101.11 1 0.792543
101.11 2 0.034025
101.21 1 0.792543
101.21 2 0.034025
101.31 1 0.792543
101.31 2 0.034025
101.41 1 0.792543
101.41 2 0.034025
101.51 1 0.792543
101.51 2 0.034025
101.61 1 0.792543
101.61 2 0.034025
101.71 1 0.792543
101.71 2 0.034025
101.81 1 0.792543
101.81 2 0.034025
101.91 1 0.792543
101.91 2 0.034025
102.01 1 0.792543
102.01 2 0.034025
102.11 1 0.792543
102.11 2 0.034025
102.21 1 0.792543
102.21 2 0.034025
102.31 1 0.792543
102.31 2 0.034025
102.41 1 0.792543
102.41 2 0.034025
102.51 1 0.792543
102.51 2 0.034025
102.61 1 0.792543
102.61 2 0.034025
102.71 1 0.792543
102.71 2 0.034025
102.81 1 0.792543
102.81 2 0.034025
102.91 1 0.792543
102.91 2 0.034025
103.01 1 0.792543
103.01 2 0.034025
103.11 1 0.792543
103.11 2 0.034025
103.21 1 0.792543
103.21 2 0.034025
103.31 1 0.792543
103.31 2 0.034025
103.41 1 0.792543
103.41 2 0.034025
103.51 1 0.792543
103.51 2 0.034025
103.61 1 0.792543
103.61 2 0.034025
103.71 1 0.792543
103.71 2 0.034025
103.81 1 0.792543
103.81 2 0.034025
103.91 1 0.792543
103.91 2 0.034025
104.01 1 0.792543
104.01 2 0.034025
104.11 1 0.792543
104.11 2 0.034025
104.21 1 0.792543
104.21 2 0.034025
104.31 1 0.792543
104.31 2 0.034025
104.41 1 0.792543
104.41 2 0.034025
104.51 1 0.792543
104.51 2 0.034025
104.61 1 0.792543
104.61 2 0.034025
104.71 1 0.792543
104.71 2 0.034025
104.81 1 0.792543
104.81 2 0.034025
104.91 1 0.792543
104.91 2 0.034025
105.01 1 0.792543
105.01 2 0.034025
105.11 1 0.792543
105.11 2 0.034025
105.21 1 0.792543
105.21 2 0.034025
105.31 1 0.792543
105.31 2 0.034025
105.41 1 0.792543
105.41 2 0.034025
105.51 1 0.792543
105.51 2 0.034025
105.61 1 0.792543
105.61 2 0.034025
105.71 1 0.792543
105.71 2 0.034025
105.81 1 0.792543
105.81 2 0.034025
105.91 1 0.792543
105.91 2 0.034025
106.01 1 0.792543
106.01 2 0.034025
106.11 1 0.792543
106.11 2 0.034025
106.21 1 0.792543
106.21 2 0.034025
106.31 1 0.792543
106.31 2 0.034025
106.41 1 0.792543
106.41 2 0.034025
106.51 1 0.792543
106.51 2 0.034025
106.61 1 0.792543
106.61 2 0.034025
106.71 1 0.792543
106.71 2 0.034025
106.81 1 0.792543
106.81 2 0.034025
106.91 1 0.792543
106.91 2 0.034025
107.01 1 0.792543
107.01 2 0.034025
107.11 1 0.792543
107.11 2 0.034025
107.21 1 0.792543
107.21 2 0.034025
107.31 1 0.792543
107.31 2 0.034025
107.41 1 0.792543
107.41 2 0.034025
107.51 1 0.792543
107.51 2 0.034025
107.61 1 0.792543
107.61 2 0.034025
107.71 1 0.792543
107.71 2 0.034025
107.81 1 0.792543
107.81 2 0.034025
107.91 1 0.792543
107.91 2 0.034025
108.01 1 0.792543
108.01 2 0.034025
108.11 1 0.792543
108.11 2 0.034025
108.21 1 0.792543
108.21 2 0.034025
108.31 1 0.792543
108.31 2 0.034025
108.41 1 0.792543
108.41 2 0.034025
108.51 1 0.792543
108.51 2 0.034025
108.61 1 0.792543
108.61 2 0.034025
108.71 1 0.792543
108.71 2 0.034025
108.81 1 0.792543
108.81 2 0.034025
108.91 1 0.792543
108.91 2 0.034025
109.01 1 0.792543
109.01 2 0.034025
109.11 1 0.792543
109.11 2 0.034025
109.21 1 0.792543
109.21 2 0.034025
109.31 1 0.792543
109.31 2 0.034025
109.41 1 0.792543
109.41 2 0.034025
109.51 1 0.792543
109.51 2 0.034025
109.61 1 0.792543
109.61 2 0.034025
109.71 1 0.792543
109.71 2 0.034025
109.81 1 0.792543
109.81 2 0.034025
109.91 1 0.792543
109.91 2 0.034025
110.01 1 0.792543
110.01 2 0.034025
110.11 1 0.792543
110.11 2 0.034025
110.21 1 0.792543
110.21 2 0.034025
110.31 1 0.792543
110.31 2 0.034025
110.41 1 0.792543
110.41 2 0.034025
110.51 1 0.792543
110.51 2 0.034025
110.61 1 0.792543
110.61 2 0.034025
110.71 1 0.792543
110.71 2 0.034025
110.81 1 0.792543
110.81 2 0.034025
110.91 1 0.792543
110.91 2 0.034025
111.01 1 0.792543
111.01 2 0.034025
111.11 1 0.792543
111.11 2 0.034025
111.21 1 0.792543
111.21 2 0.034025
111.31 1 0.792543
111.31 2 0.034025
111.41 1 0.792543
111.41 2 0.034025
111.51 1 0.792543
111.51 2 0.034025
111.61 1 0.792543
111.61 2 0.034025
111.71 1 0.792543
111.71 2 0.034025
111.81 1 0.792543
111.81 2 0.034025
111.91 1 0.792543
111.91 2 0.034025
112.01 1 0.792543
112.01 2 0.034025
112.11 1 0.792543
112.11 2 0.034025
112.21 1 0.792543
112.21 2 0.034025
112.31 1 0.792543
112.31 2 0.034025
112.41 1 0.792543
112.41 2 0.034025
112.51 1 0.792543
112.51 2 0.034025
112.61 1 0.792543
112.61 2 0.034025
112.71 1 0.792543
112.71 2 0.034025
112.81 1 0.792543
112.81 2 0.034025
112.91 1 0.792543
112.91 2 0.034025
113.01 1 0.792543
113.01 2 0.034025
113.11 1 0.792543
113.11 2 0.034025
113.21 1 0.792543
113.21 2 0.034025
113.31 1 0.792543
113.31 2 0.034025
113.41 1 0.792543
113.41 2 0.034025
113.51 1 0.792543
113.51 2 0.034025
113.61 1 0.792543
113.61 2 0.034025
113.71 1 0.792543
113.71 2 0.034025
113.81 1 0.792543
113.81 2 0.034025
113.91 1 0.792543
113.91 2 0.034025
114.01 1 0.792543
114.01 2 0.034025
114.11 1 0.792543
114.11 2 0.034025
114.21 1 0.792543
114.21 2 0.034025
114.31 1 0.792543
114.31 2 0.034025
114.41 1 0.792543
114.41 2 0.034025
114.51 1 0.792543
114.51 2 0.034025
114.61 1 0.792543
114.61 2 0.034025
114.71 1 0.792543
114.71 2 0.034025
114.81 1 0.792543
114.81 2 0.034025
114.91 1 0.792543
114.91 2 0.034025
115.01 1 0.792543
115.01 2 0.034025
115.11 1 0.792543
115.11 2 0.034025
115.21 1 0.792543
115.21 2 0.034025
115.31 1 0.792543
115.31 2 0.034025
115.41 1 0.792543
115.41 2 0.034025
115.51 1 0.792543
115.51 2 0.034025
115.61 1 0.792543
115.61 2 0.034025
115.71 1 0.792543
115.71 2 0.034025
115.81 1 0.792543
115.81 2 0.034025
115.91 1 0.792543
115.91 2 0.034025
116.01 1 0.792543
116.01 2 0.034025
116.11 1 0.792543
116.11 2 0.034025
116.21 1 0.792543
116.21 2 0.034025
116.31 1 0.792543
116.31 2 0.034025
116.41 1 0.792543
116.41 2 0.034025
116.51 1 0.792543
116.51 2 0.034025
116.61 1 0.792543
116.61 2 0.034025
116.71 1 0.792543
116.71 2 0.034025
116.81 1 0.792543
116.81 2 0.034025
116.91 1 0.792543
116.91 2 0.034025
117.01 1 0.792543
117.01 2 0.034025
117.11 1 0.792543
117.11 2 0.034025
117.21 1 0.792543
117.21 2 0.034025
117.31 1 0.792543
117.31 2 0.034025
117.41 1 0.792543
117.41 2 0.034025
117.51 1 0.792543
117.51 2 0.034025
117.61 1 0.792543
117.61 2 0.034025
117.71 1 0.792543
117.71 2 0.034025
117.81 1 0.792543
117.81 2 0.034025
117.91 1 0.792543
117.91 2 0.034025
118.01 1 0.792543
118.01 2 0.034025
118.11 1 0.792543
118.11 2 0.034025
118.21 1 0.792543
118.21 2 0.034025
118.31 1 0.792543
118.31 2 0.034025
118.41 1 0.792543
118.41 2 0.034025
118.51 1 0.792543
118.51 2 0.034025
118.61 1 0.792543
118.61 2 0.034025
118.71 1 0.792543
118.71 2 0.034025
118.81 1 0.792543
118.81 2 0.034025
118.91 1 0.792543
118.91 2 0.034025
119.01 1 0.792543
119.01 2 0.034025
119.11 1 0.792543
119.11 2 0.034025
119.21 1 0.792543
119.21 2 0.034025
119.31 1 0.792543
119.31 2 0.034025
119.41 1 0.792543
119.41 2 0.034025
119.51 1 0.792543
119.51 2 0.034025
119.61 1 0.792543
119.61 2 0.034025
119.71 1 0.792543
119.71 2 0.034025
119.81 1 0.792543
119.81 2 0.034025
119.91 1 0.792543
119.91 2 0.034025
120.01 1 0.792543
120.01 2 0.034025
120.11 1 0.792543
120.11 2 0.034025
120.21 1 0.792543
120.21 2 0.034025
120.31 1 0.792543
120.31 2 0.034025
120.41 1 0.792543
120.41 2 0.034025
120.51 1 0.792543
120.51 2 0.034025
120.61 1 0.792543
120.61 2 0.034025
120.71 1 0.792543
120.71 2 0.034025
120.81 1 0.792543
120.81 2 0.034025
120.91 1 0.792543
120.91 2 0.034025
121.01 1 0.792543
121.01 2 0.034025
121.11 1 0.792543
121.11 2 0.034025
121.21 1 0.792543
121.21 2 0.034025
121.31 1 0.792543
121.31 2 0.034025
121.41 1 0.792543
121.41 2 0.034025
121.51 1 0.792543
121.51 2 0.034025
121.61 1 0.792543
121.61 2 0.034025
121.71 1 0.792543
121.71 2 0.034025
121.81 1 0.792543
121.81 2 0.034025
121.91 1 0.792543
121.91 2 0.034025
122.01 1 0.792543
122.01 2 0.034025
122.11 1 0.792543
122.11 2 0.034025
122.21 1 0.792543
122.21 2 0.034025
122.31 1 0.792543
122.31 2 0.034025
122.41 1 0.792543
122.41 2 0.034025
122.51 1 0.792543
122.51 2 0.034025
122.61 1 0.792543
122.61 2 0.034025
122.71 1 0.792543
122.71 2 0.034025
122.81 1 0.792543
122.81 2 0.034025
122.91 1 0.792543
122.91 2 0.034025
123.01 1 0.792543
123.01 2 0.034025
123.11 1 0.792543
123.11 2 0.034025
123.21 1 0.792543
123.21 2 0.034025
123.31 1 0.792543
123.31 2 0.034025
123.41 1 0.792543
123.41 2 0.034025
123.51 1 0.792543
123.51 2 0.034025
123.61 1 0.792543
123.61 2 0.034025
123.71 1 0.792543
123.71 2 0.034025
123.81 1 0.792543
123.81 2 0.034025
123.91 1 0.792543
123.91 2 0.034025
124.01 1 0.792543
124.01 2 0.034025
124.11 1 0.792543
124.11 2 0.034025
124.21 1 0.792543
124.21 2 0.034025
124.31 1 0.792543
124.31 2 0.034025
124.41 1 0.792543
124.41 2 0.034025
124.51 1 0.792543
124.51 2 0.034025
124.61 1 0.792543
124.61 2 0.034025
124.71 1 0.792543
124.71 2 0.034025
124.81 1 0.792543
124.81 2 0.034025
124.91 1 0.792543
124.91 2 0.034025
125.01 1 0.792543
125.01 2 0.034025
125.11 1 0.792543
125.11 2 0.034025
125.21 1 0.792543
125.21 2 0.034025
125.31 1 0.792543
125.31 2 0.034025
125.41 1 0.792543
125.41 2 0.034025
125.51 1 0.792543
125.51 2 0.034025
125.61 1 0.792543
125.61 2 0.034025
125.71 1 0.792543
125.71 2 0.034025
125.81 1 0.792543
125.81 2 0.034025
125.91 1 0.792543
125.91 2 0.034025
126.01 1 0.792543
126.01 2 0.034025
126.11 1 0.792543
126.11 2 0.034025
126.21 1 0.792543
126.21 2 0.034025
126.31 1 0.792543
126.31 2 0.034025
126.41 1 0.792543
126.41 2 0.034025
126.51 1 0.792543
126.51 2 0.034025
126.61 1 0.792543
126.61 2 0.034025
126.71 1 0.792543
126.71 2 0.034025
126.81 1 0.792543
126.81 2 0.034025
126.91 1 0.792543
126.91 2 0.034025
127.01 1 0.792543
127.01 2 0.034025
127.11 1 0.792543
127.11 2 0.034025
127.21 1 0.792543
127.21 2 0.034025
127.31 1 0.792543
127.31 2 0.034025
127.41 1 0.792543
127.41 2 0.034025
127.51 1 0.792543
127.51 2 0.034025
127.61 1 0.792543
127.61 2 0.034025
127.71 1 0.792543
127.71 2 0.034025
127.81 1 0.792543
127.81 2 0.034025
127.91 1 0.792543
127.91 2 0.034025
128.01 1 0.792543
128.01 2 0.034025
128.11 1 0.792543
128.11 2 0.034025
128.21 1 0.792543
128.21 2 0.034025
128.31 1 0.792543
128.31 2 0.034025
128.41 1 0.792543
128.41 2 0.034025
128.51 1 0.792543
128.51 2 0.034025
128.61 1 0.792543
128.61 2 0.034025
128.71 1 0.792543
128.71 2 0.034025
128.81 1 0.792543
128.81 2 0.034025
128.91 1 0.792543
128.91 2 0.034025
129.01 1 0.792543
129.01 2 0.034025
129.11 1 0.792543
129.11 2 0.034025
129.21 1 0.792543
129.21 2 0.034025
129.31 1 0.792543
129.31 2 0.034025
129.41 1 0.792543
129.41 2 0.034025
129.51 1 0.792543
129.51 2 0.034025
129.61 1 0.792543
129.61 2 0.034025
129.71 1 0.792543
129.71 2 0.034025
129.81 1 0.792543
129.81 2 0.034025
129.91 1 0.792543
129.91 2 0.034025
130.01 1 0.792543
130.01 2 0.034025
130.11 1 0.792543
130.11 2 0.034025
130.21 1 0.792543
130.21 2 0.034025
130.31 1 0.792543
130.31 2 0.034025
130.41 1 0.792543
130.41 2 0.034025
130.51 1 0.792543
130.51 2 0.034025
130.61 1 0.792543
130.61 2 0.034025
130.71 1 0.792543
130.71 2 0.034025
130.81 1 0.792543
130.81 2 0.034025
130.91 1 0.792543
130.91 2 0.034025
131.01 1 0.792543
131.01 2 0.034025
131.11 1 0.792543
131.11 2 0.034025
131.21 1 0.792543
131.21 2 0.034025
131.31 1 0.792543
131.31 2 0.034025
131.41 1 0.792543
131.41 2 0.034025
131.51 1 0.792543
131.51 2 0.034025
131.61 1 0.792543
131.61 2 0.034025
131.71 1 0.792543
131.71 2 0.034025
131.81 1 0.792543
131.81 2 0.034025
131.91 1 0.792543
131.91 2 0.034025
132.01 1 0.792543
132.01 2 0.034025
132.11 1 0.792543
132.11 2 0.034025
132.21 1 0.792543
132.21 2 0.034025
132.31 1 0.792543
132.31 2 0.034025
132.41 1 0.792543
132.41 2 0.034025
132.51 1 0.792543
132.51 2 0.034025
132.61 1 0.792543
132.61 2 0.034025
132.71 1 0.792543
132.71 2 0.034025
132.81 1 0.792543
132.81 2 0.034025
132.91 1 0.792543
132.91 2 0.034025
133.01 1 0.792543
133.01 2 0.034025
133.11 1 0.792543
133.11 2 0.034025
133.21 1 0.792543
133.21 2 0.034025
133.31 1 0.792543
133.31 2 0.034025
133.41 1 0.792543
133.41 2 0.034025
133.51 1 0.792543
133.51 2 0.034025
133.61 1 0.792543
133.61 2 0.034025
133.71 1 0.792543
133.71 2 0.034025
133.81 1 0.792543
133.81 2 0.034025
133.91 1 0.792543
133.91 2 0.034025
134.01 1 0.792543
134.01 2 0.034025
134.11 1 0.792543
134.11 2 0.034025
134.21 1 0.792543
134.21 2 0.034025
134.31 1 0.792543
134.31 2 0.034025
134.41 1 0.792543
134.41 2 0.034025
134.51 1 0.792543
134.51 2 0.034025
134.61 1 0.792543
134.61 2 0.034025
134.71 1 0.792543
134.71 2 0.034025
134.81 1 0.792543
134.81 2 0.034025
134.91 1 0.792543
134.91 2 0.034025
135.01 1 0.792543
135.01 2 0.034025
135.11 1 0.792543
135.11 2 0.034025
135.21 1 0.792543
135.21 2 0.034025
135.31 1 0.792543
135.31 2 0.034025
135.41 1 0.792543
135.41 2 0.034025
135.51 1 0.792543
135.51 2 0.034025
135.61 1 0.792543
135.61 2 0.034025
135.71 1 0.792543
135.71 2 0.034025
135.81 1 0.792543
135.81 2 0.034025
135.91 1 0.792543
135.91 2 0.034025
136.01 1 0.792543
136.01 2 0.034025
136.11 1 0.792543
136.11 2 0.034025
136.21 1 0.792543
136.21 2 0.034025
136.31 1 0.792543
136.31 2 0.034025
136.41 1 0.792543
136.41 2 0.034025
136.51 1 0.792543
136.51 2 0.034025
136.61 1 0.792543
136.61 2 0.034025
136.71 1 0.792543
136.71 2 0.034025
136.81 1 0.792543
136.81 2 0.034025
136.91 1 0.792543
136.91 2 0.034025
137.01 1 0.792543
137.01 2 0.034025
137.11 1 0.792543
137.11 2 0.034025
137.21 1 0.792543
137.21 2 0.034025
137.31 1 0.792543
137.31 2 0.034025
137.41 1 0.792543
137.41 2 0.034025
137.51 1 0.792543
137.51 2 0.034025
137.61 1 0.792543
137.61 2 0.034025
137.71 1 0.792543
137.71 2 0.034025
137.81 1 0.792543
137.81 2 0.034025
137.91 1 0.792543
137.91 2 0.034025
138.01 1 0.792543
138.01 2 0.034025
138.11 1 0.792543
138.11 2 0.034025
138.21 1 0.792543
138.21 2 0.034025
138.31 1 0.792543
138.31 2 0.034025
138.41 1 0.792543
138.41 2 0.034025
138.51 1 0.792543
138.51 2 0.034025
138.61 1 0.792543
138.61 2 0.034025
138.71 1 0.792543
138.71 2 0.034025
138.81 1 0.792543
138.81 2 0.034025
138.91 1 0.792543
138.91 2 0.034025
139.01 1 0.792543
139.01 2 0.034025
139.11 1 0.792543
139.11 2 0.034025
139.21 1 0.792543
139.21 2 0.034025
139.31 1 0.792543
139.31 2 0.034025
139.41 1 0.792543
139.41 2 0.034025
139.51 1 0.792543
139.51 2 0.034025
139.61 1 0.792543
139.61 2 0.034025
139.71 1 0.792543
139.71 2 0.034025
139.81 1 0.792543
139.81 2 0.034025
139.91 1 0.792543
139.91 2 0.034025
140.01 1 0.792543
140.01 2 0.034025
140.11 1 0.792543
140.11 2 0.034025
140.21 1 0.792543
140.21 2 0.034025
140.31 1 0.792543
140.31 2 0.034025
140.41 1 0.792543
140.41 2 0.034025
140.51 1 0.792543
140.51 2 0.034025
140.61 1 0.792543
140.61 2 0.034025
140.71 1 0.792543
140.71 2 0.034025
140.81 1 0.792543
140.81 2 0.034025
140.91 1 0.792543
140.91 2 0.034025
141.01 1 0.792543
141.01 2 0.034025
141.11 1 0.792543
141.11 2 0.034025
141.21 1 0.792543
141.21 2 0.034025
141.31 1 0.792543
141.31 2 0.034025
141.41 1 0.792543
141.41 2 0.034025
141.51 1 0.792543
141.51 2 0.034025
141.61 1 0.792543
141.61 2 0.034025
141.71 1 0.792543
141.71 2 0.034025
141.81 1 0.792543
141.81 2 0.034025
141.91 1 0.792543
141.91 2 0.034025
142.01 1 0.792543
142.01 2 0.034025
142.11 1 0.792543
142.11 2 0.034025
142.21 1 0.792543
142.21 2 0.034025
142.31 1 0.792543
142.31 2 0.034025
142.41 1 0.792543
142.41 2 0.034025
142.51 1 0.792543
142.51 2 0.034025
142.61 1 0.792543
142.61 2 0.034025
142.71 1 0.792543
142.71 2 0.034025
142.81 1 0.792543
142.81 2 0.034025
142.91 1 0.792543
142.91 2 0.034025
143.01 1 0.792543
143.01 2 0.034025
143.11 1 0.792543
143.11 2 0.034025
143.21 1 0.792543
143.21 2 0.034025
143.31 1 0.792543
143.31 2 0.034025
143.41 1 0.792543
143.41 2 0.034025
143.51 1 0.792543
143.51 2 0.034025
143.61 1 0.792543
143.61 2 0.034025
143.71 1 0.792543
143.71 2 0.034025
143.81 1 0.792543
143.81 2 0.034025
143.91 1 0.792543
143.91 2 0.034025
144.01 1 0.792543
144.01 2 0.034025
144.11 1 0.792543
144.11 2 0.034025
144.21 1 0.792543
144.21 2 0.034025
144.31 1 0.792543
144.31 2 0.034025
144.41 1 0.792543
144.41 2 0.034025
144.51 1 0.792543
144.51 2 0.034025
144.61 1 0.792543
144.61 2 0.034025
144.71 1 0.792543
144.71 2 0.034025
144.81 1 0.792543
144.81 2 0.034025
144.91 1 0.792543
144.91 2 0.034025
145.01 1 0.792543
145.01 2 0.034025
145.11 1 0.792543
145.11 2 0.034025
145.21 1 0.792543
145.21 2 0.034025
145.31 1 0.792543
145.31 2 0.034025
145.41 1 0.792543
145.41 2 0.034025
145.51 1 0.792543
145.51 2 0.034025
145.61 1 0.792543
145.61 2 0.034025
145.71 1 0.792543
145.71 2 0.034025
145.81 1 0.792543
145.81 2 0.034025
145.91 1 0.792543
145.91 2 0.034025
146.01 1 0.792543
146.01 2 0.034025
146.11 1 0.792543
146.11 2 0.034025
146.21 1 0.792543
146.21 2 0.034025
146.31 1 0.792543
146.31 2 0.034025
146.41 1 0.792543
146.41 2 0.034025
146.51 1 0.792543
146.51 2 0.034025
146.61 1 0.792543
146.61 2 0.034025
146.71 1 0.792543
146.71 2 0.034025
146.81 1 0.792543
146.81 2 0.034025
146.91 1 0.792543
146.91 2 0.034025
147.01 1 0.792543
147.01 2 0.034025
147.11 1 0.792543
147.11 2 0.034025
147.21 1 0.792543
147.21 2 0.034025
147.31 1 0.792543
147.31 2 0.034025
147.41 1 0.792543
147.41 2 0.034025
147.51 1 0.792543
147.51 2 0.034025
147.61 1 0.792543
147.61 2 0.034025
147.71 1 0.792543
147.71 2 0.034025
147.81 1 0.792543
147.81 2 0.034025
147.91 1 0.792543
147.91 2 0.034025
148.01 1 0.792543
148.01 2 0.034025
148.11 1 0.792543
148.11 2 0.034025
148.21 1 0.792543
148.21 2 0.034025
148.31 1 0.792543
148.31 2 0.034025
148.41 1 0.792543
148.41 2 0.034025
148.51 1 0.792543
148.51 2 0.034025
148.61 1 0.792543
148.61 2 0.034025
148.71 1 0.792543
148.71 2 0.034025
148.81 1 0.792543
148.81 2 0.034025
148.91 1 0.792543
148.91 2 0.034025
149.01 1 0.792543
149.01 2 0.034025
149.11 1 0.792543
149.11 2 0.034025
149.21 1 0.792543
149.21 2 0.034025
149.31 1 0.792543
149.31 2 0.034025
149.41 1 0.792543
149.41 2 0.034025
149.51 1 0.792543
149.51 2 0.034025
149.61 1 0.792543
149.61 2 0.034025
149.71 1 0.792543
149.71 2 0.034025
149.81 1 0.792543
149.81 2 0.034025
149.91 1 0.792543
149.91 2 0.034025
150.01 1 0.792543
150.01 2 0.034025
150.11 1 0.792543
150.11 2 0.034025
150.21 1 0.792543
150.21 2 0.034025
150.31 1 0.792543
150.31 2 0.034025
150.41 1 0.792543
150.41 2 0.034025
150.51 1 0.792543
150.51 2 0.034025
150.61 1 0.792543
150.61 2 0.034025
150.71 1 0.792543
150.71 2 0.034025
150.81 1 0.792543
150.81 2 0.034025
150.91 1 0.792543
150.91 2 0.034025
151.01 1 0.792543
151.01 2 0.034025
151.11 1 0.792543
151.11 2 0.034025
151.21 1 0.792543
151.21 2 0.034025
151.31 1 0.792543
151.31 2 0.034025
151.41 1 0.792543
151.41 2 0.034025
151.51 1 0.792543
151.51 2 0.034025
151.61 1 0.792543
151.61 2 0.034025
151.71 1 0.792543
151.71 2 0.034025
151.81 1 0.792543
151.81 2 0.034025
151.91 1 0.792543
151.91 2 0.034025
152.01 1 0.792543
152.01 2 0.034025
152.11 1 0.792543
152.11 2 0.034025
152.21 1 0.792543
152.21 2 0.034025
152.31 1 0.792543
152.31 2 0.034025
152.41 1 0.792543
152.41 2 0.034025
152.51 1 0.792543
152.51 2 0.034025
152.61 1 0.792543
152.61 2 0.034025
152.71 1 0.792543
152.71 2 0.034025
152.81 1 0.792543
152.81 2 0.034025
152.91 1 0.792543
152.91 2 0.034025
153.01 1 0.792543
153.01 2 0.034025
153.11 1 0.792543
153.11 2 0.034025
153.21 1 0.792543
153.21 2 0.034025
153.31 1 0.792543
153.31 2 0.034025
153.41 1 0.792543
153.41 2 0.034025
153.51 1 0.792543
153.51 2 0.034025
153.61 1 0.792543
153.61 2 0.034025
153.71 1 0.792543
153.71 2 0.034025
153.81 1 0.792543
153.81 2 0.034025
153.91 1 0.792543
153.91 2 0.034025
154.01 1 0.792543
154.01 2 0.034025
154.11 1 0.792543
154.11 2 0.034025
154.21 1 0.792543
154.21 2 0.034025
154.31 1 0.792543
154.31 2 0.034025
154.41 1 0.792543
154.41 2 0.034025
154.51 1 0.792543
154.51 2 0.034025
154.61 1 0.792543
154.61 2 0.034025
154.71 1 0.792543
154.71 2 0.034025
154.81 1 0.792543
154.81 2 0.034025
154.91 1 0.792543
154.91 2 0.034025
155.01 1 0.792543
155.01 2 0.034025
155.11 1 0.792543
155.11 2 0.034025
155.21 1 0.792543
155.21 2 0.034025
155.31 1 0.792543
155.31 2 0.034025
155.41 1 0.792543
155.41 2 0.034025
155.51 1 0.792543
155.51 2 0.034025
155.61 1 0.792543
155.61 2 0.034025
155.71 1 0.792543
155.71 2 0.034025
155.81 1 0.792543
155.81 2 0.034025
155.91 1 0.792543
155.91 2 0.034025
156.01 1 0.792543
156.01 2 0.034025
156.11 1 0.792543
156.11 2 0.034025
156.21 1 0.792543
156.21 2 0.034025
156.31 1 0.792543
156.31 2 0.034025
156.41 1 0.792543
156.41 2 0.034025
156.51 1 0.792543
156.51 2 0.034025
156.61 1 0.792543
156.61 2 0.034025
156.71 1 0.792543
156.71 2 0.034025
156.81 1 0.792543
156.81 2 0.034025
156.91 1 0.792543
156.91 2 0.034025
157.01 1 0.792543
157.01 2 0.034025
157.11 1 0.792543
157.11 2 0.034025
157.21 1 0.792543
157.21 2 0.034025
157.31 1 0.792543
157.31 2 0.034025
157.41 1 0.792543
157.41 2 0.034025
157.51 1 0.792543
157.51 2 0.034025
157.61 1 0.792543
157.61 2 0.034025
157.71 1 0.792543
157.71 2 0.034025
157.81 1 0.792543
157.81 2 0.034025
157.91 1 0.792543
157.91 2 0.034025
158.01 1 0.792543
158.01 2 0.034025
158.11 1 0.792543
158.11 2 0.034025
158.21 1 0.792543
158.21 2 0.034025
158.31 1 0.792543
158.31 2 0.034025
158.41 1 0.792543
158.41 2 0.034025
158.51 1 0.792543
158.51 2 0.034025
158.61 1 0.792543
158.61 2 0.034025
158.71 1 0.792543
158.71 2 0.034025
158.81 1 0.792543
158.81 2 0.034025
158.91 1 0.792543
158.91 2 0.034025
159.01 1 0.792543
159.01 2 0.034025
159.11 1 0.792543
159.11 2 0.034025
159.21 1 0.792543
159.21 2 0.034025
159.31 1 0.792543
159.31 2 0.034025
159.41 1 0.792543
159.41 2 0.034025
159.51 1 0.792543
159.51 2 0.034025
159.61 1 0.792543
159.61 2 0.034025
159.71 1 0.792543
159.71 2 0.034025
159.81 1 0.792543
159.81 2 0.034025
159.91 1 0.792543
159.91 2 0.034025
160.01 1 0.792543
160.01 2 0.034025
160.11 1 0.792543
160.11 2 0.034025
160.21 1 0.792543
160.21 2 0.034025
160.31 1 0.792543
160.31 2 0.034025
160.41 1 0.792543
160.41 2 0.034025
160.51 1 0.792543
160.51 2 0.034025
160.61 1 0.792543
160.61 2 0.034025
160.71 1 0.792543
160.71 2 0.034025
160.81 1 0.792543
160.81 2 0.034025
160.91 1 0.792543
160.91 2 0.034025
161.01 1 0.792543
161.01 2 0.034025
161.11 1 0.792543
161.11 2 0.034025
161.21 1 0.792543
161.21 2 0.034025
161.31 1 0.792543
161.31 2 0.034025
161.41 1 0.792543
161.41 2 0.034025
161.51 1 0.792543
161.51 2 0.034025
161.61 1 0.792543
161.61 2 0.034025
161.71 1 0.792543
161.71 2 0.034025
161.81 1 0.792543
161.81 2 0.034025
161.91 1 0.792543
161.91 2 0.034025
162.01 1 0.792543
162.01 2 0.034025
162.11 1 0.792543
162.11 2 0.034025
162.21 1 0.792543
162.21 2 0.034025
162.31 1 0.792543
162.31 2 0.034025
162.41 1 0.792543
162.41 2 0.034025
162.51 1 0.792543
162.51 2 0.034025
162.61 1 0.792543
162.61 2 0.034025
162.71 1 0.792543
162.71 2 0.034025
162.81 1 0.792543
162.81 2 0.034025
162.91 1 0.792543
162.91 2 0.034025
163.01 1 0.792543
163.01 2 0.034025
163.11 1 0.792543
163.11 2 0.034025
163.21 1 0.792543
163.21 2 0.034025
163.31 1 0.792543
163.31 2 0.034025
163.41 1 0.792543
163.41 2 0.034025
163.51 1 0.792543
163.51 2 0.034025
163.61 1 0.792543
163.61 2 0.034025
163.71 1 0.792543
163.71 2 0.034025
163.81 1 0.792543
163.81 2 0.034025
163.91 1 0.792543
163.91 2 0.034025
164.01 1 0.792543
164.01 2 0.034025
164.11 1 0.792543
164.11 2 0.034025
164.21 1 0.792543
164.21 2 0.034025
164.31 1 0.792543
164.31 2 0.034025
164.41 1 0.792543
164.41 2 0.034025
164.51 1 0.792543
164.51 2 0.034025
164.61 1 0.792543
164.61 2 0.034025
164.71 1 0.792543
164.71 2 0.034025
164.81 1 0.792543
164.81 2 0.034025
164.91 1 0.792543
164.91 2 0.034025
165.01 1 0.792543
165.01 2 0.034025
165.11 1 0.792543
165.11 2 0.034025
165.21 1 0.792543
165.21 2 0.034025
165.31 1 0.792543
165.31 2 0.034025
165.41 1 0.792543
165.41 2 0.034025
165.51 1 0.792543
165.51 2 0.034025
165.61 1 0.792543
165.61 2 0.034025
165.71 1 0.792543
165.71 2 0.034025
165.81 1 0.792543
165.81 2 0.034025
165.91 1 0.792543
165.91 2 0.034025
166.01 1 0.792543
166.01 2 0.034025
166.11 1 0.792543
166.11 2 0.034025
166.21 1 0.792543
166.21 2 0.034025
166.31 1 0.792543
166.31 2 0.034025
166.41 1 0.792543
166.41 2 0.034025
166.51 1 0.792543
166.51 2 0.034025
166.61 1 0.792543
166.61 2 0.034025
166.71 1 0.792543
166.71 2 0.034025
166.81 1 0.792543
166.81 2 0.034025
166.91 1 0.792543
166.91 2 0.034025
167.01 1 0.792543
167.01 2 0.034025
167.11 1 0.792543
167.11 2 0.034025
167.21 1 0.792543
167.21 2 0.034025
167.31 1 0.792543
167.31 2 0.034025
167.41 1 0.792543
167.41 2 0.034025
167.51 1 0.792543
167.51 2 0.034025
167.61 1 0.792543
167.61 2 0.034025
167.71 1 0.792543
167.71 2 0.034025
167.81 1 0.792543
167.81 2 0.034025
167.91 1 0.792543
167.91 2 0.034025
168.01 1 0.792543
168.01 2 0.034025
168.11 1 0.792543
168.11 2 0.034025
168.21 1 0.792543
168.21 2 0.034025
168.31 1 0.792543
168.31 2 0.034025
168.41 1 0.792543
168.41 2 0.034025
168.51 1 0.792543
168.51 2 0.034025
168.61 1 0.792543
168.61 2 0.034025
168.71 1 0.792543
168.71 2 0.034025
168.81 1 0.792543
168.81 2 0.034025
168.91 1 0.792543
168.91 2 0.034025
169.01 1 0.792543
169.01 2 0.034025
169.11 1 0.792543
169.11 2 0.034025
169.21 1 0.792543
169.21 2 0.034025
169.31 1 0.792543
169.31 2 0.034025
169.41 1 0.792543
169.41 2 0.034025
169.51 1 0.792543
169.51 2 0.034025
169.61 1 0.792543
169.61 2 0.034025
169.71 1 0.792543
169.71 2 0.034025
169.81 1 0.792543
169.81 2 0.034025
169.91 1 0.792543
169.91 2 0.034025
170.01 1 0.792543
170.01 2 0.034025
170.11 1 0.792543
170.11 2 0.034025
170.21 1 0.792543
170.21 2 0.034025
170.31 1 0.792543
170.31 2 0.034025
170.41 1 0.792543
170.41 2 0.034025
170.51 1 0.792543
170.51 2 0.034025
170.61 1 0.792543
170.61 2 0.034025
170.71 1 0.792543
170.71 2 0.034025
170.81 1 0.792543
170.81 2 0.034025
170.91 1 0.792543
170.91 2 0.034025
171.01 1 0.792543
171.01 2 0.034025
171.11 1 0.792543
171.11 2 0.034025
171.21 1 0.792543
171.21 2 0.034025
171.31 1 0.792543
171.31 2 0.034025
171.41 1 0.792543
171.41 2 0.034025
171.51 1 0.792543
171.51 2 0.034025
171.61 1 0.792543
171.61 2 0.034025
171.71 1 0.792543
171.71 2 0.034025
171.81 1 0.792543
171.81 2 0.034025
171.91 1 0.792543
171.91 2 0.034025
172.01 1 0.792543
172.01 2 0.034025
172.11 1 0.792543
172.11 2 0.034025
172.21 1 0.792543
172.21 2 0.034025
172.31 1 0.792543
172.31 2 0.034025
172.41 1 0.792543
172.41 2 0.034025
172.51 1 0.792543
172.51 2 0.034025
172.61 1 0.792543
172.61 2 0.034025
172.71 1 0.792543
172.71 2 0.034025
172.81 1 0.792543
172.81 2 0.034025
172.91 1 0.792543
172.91 2 0.034025
173.01 1 0.792543
173.01 2 0.034025
173.11 1 0.792543
173.11 2 0.034025
173.21 1 0.792543
173.21 2 0.034025
173.31 1 0.792543
173.31 2 0.034025
173.41 1 0.792543
173.41 2 0.034025
173.51 1 0.792543
173.51 2 0.034025
173.61 1 0.792543
173.61 2 0.034025
173.71 1 0.792543
173.71 2 0.034025
173.81 1 0.792543
173.81 2 0.034025
173.91 1 0.792543
173.91 2 0.034025
174.01 1 0.792543
174.01 2 0.034025
174.11 1 0.792543
174.11 2 0.034025
174.21 1 0.792543
174.21 2 0.034025
174.31 1 0.792543
174.31 2 0.034025
174.41 1 0.792543
174.41 2 0.034025
174.51 1 0.792543
174.51 2 0.034025
174.61 1 0.792543
174.61 2 0.034025
174.71 1 0.792543
174.71 2 0.034025
174.81 1 0.792543
174.81 2 0.034025
174.91 1 0.792543
174.91 2 0.034025
175.01 1 0.792543
175.01 2 0.034025
175.11 1 0.792543
175.11 2 0.034025
175.21 1 0.792543
175.21 2 0.034025
175.31 1 0.792543
175.31 2 0.034025
175.41 1 0.792543
175.41 2 0.034025
175.51 1 0.792543
175.51 2 0.034025
175.61 1 0.792543
175.61 2 0.034025
175.71 1 0.792543
175.71 2 0.034025
175.81 1 0.792543
175.81 2 0.034025
175.91 1 0.792543
175.91 2 0.034025
176.01 1 0.792543
176.01 2 0.034025
176.11 1 0.792543
176.11 2 0.034025
176.21 1 0.792543
176.21 2 0.034025
176.31 1 0.792543
176.31 2 0.034025
176.41 1 0.792543
176.41 2 0.034025
176.51 1 0.792543
176.51 2 0.034025
176.61 1 0.792543
176.61 2 0.034025
176.71 1 0.792543
176.71 2 0.034025
176.81 1 0.792543
176.81 2 0.034025
176.91 1 0.792543
176.91 2 0.034025
177.01 1 0.792543
177.01 2 0.034025
177.11 1 0.792543
177.11 2 0.034025
177.21 1 0.792543
177.21 2 0.034025
177.31 1 0.792543
177.31 2 0.034025
177.41 1 0.792543
177.41 2 0.034025
177.51 1 0.792543
177.51 2 0.034025
177.61 1 0.792543
177.61 2 0.034025
177.71 1 0.792543
177.71 2 0.034025
177.81 1 0.792543
177.81 2 0.034025
177.91 1 0.792543
177.91 2 0.034025
178.01 1 0.792543
178.01 2 0.034025
178.11 1 0.792543
178.11 2 0.034025
178.21 1 0.792543
178.21 2 0.034025
178.31 1 0.792543
178.31 2 0.034025
178.41 1 0.792543
178.41 2 0.034025
178.51 1 0.792543
178.51 2 0.034025
178.61 1 0.792543
178.61 2 0.034025
178.71 1 0.792543
178.71 2 0.034025
178.81 1 0.792543
178.81 2 0.034025
178.91 1 0.792543
178.91 2 0.034025
179.01 1 0.792543
179.01 2 0.034025
179.11 1 0.792543
179.11 2 0.034025
179.21 1 0.792543
179.21 2 0.034025
179.31 1 0.792543
179.31 2 0.034025
179.41 1 0.792543
179.41 2 0.034025
179.51 1 0.792543
179.51 2 0.034025
179.61 1 0.792543
179.61 2 0.034025
179.71 1 0.792543
179.71 2 0.034025
179.81 1 0.792543
179.81 2 0.034025
179.91 1 0.792543
179.91 2 0.034025
180.01 1 0.792543
180.01 2 0.034025
180.11 1 0.792543
180.11 2 0.034025
180.21 1 0.792543
180.21 2 0.034025
180.31 1 0.792543
180.31 2 0.034025
180.41 1 0.792543
180.41 2 0.034025
180.51 1 0.792543
180.51 2 0.034025
180.61 1 0.792543
180.61 2 0.034025
180.71 1 0.792543
180.71 2 0.034025
180.81 1 0.792543
180.81 2 0.034025
180.91 1 0.792543
180.91 2 0.034025
181.01 1 0.792543
181.01 2 0.034025
181.11 1 0.792543
181.11 2 0.034025
181.21 1 0.792543
181.21 2 0.034025
181.31 1 0.792543
181.31 2 0.034025
181.41 1 0.792543
181.41 2 0.034025
181.51 1 0.792543
181.51 2 0.034025
181.61 1 0.792543
181.61 2 0.034025
181.71 1 0.792543
181.71 2 0.034025
181.81 1 0.792543
181.81 2 0.034025
181.91 1 0.792543
181.91 2 0.034025
182.01 1 0.792543
182.01 2 0.034025
182.11 1 0.792543
182.11 2 0.034025
182.21 1 0.792543
182.21 2 0.034025
182.31 1 0.792543
182.31 2 0.034025
182.41 1 0.792543
182.41 2 0.034025
182.51 1 0.792543
182.51 2 0.034025
182.61 1 0.792543
182.61 2 0.034025
182.71 1 0.792543
182.71 2 0.034025
182.81 1 0.792543
182.81 2 0.034025
182.91 1 0.792543
182.91 2 0.034025
183.01 1 0.792543
183.01 2 0.034025
183.11 1 0.792543
183.11 2 0.034025
183.21 1 0.792543
183.21 2 0.034025
183.31 1 0.792543
183.31 2 0.034025
183.41 1 0.792543
183.41 2 0.034025
183.51 1 0.792543
183.51 2 0.034025
183.61 1 0.792543
183.61 2 0.034025
183.71 1 0.792543
183.71 2 0.034025
183.81 1 0.792543
183.81 2 0.034025
183.91 1 0.792543
183.91 2 0.034025
184.01 1 0.792543
184.01 2 0.034025
184.11 1 0.792543
184.11 2 0.034025
184.21 1 0.792543
184.21 2 0.034025
184.31 1 0.792543
184.31 2 0.034025
184.41 1 0.792543
184.41 2 0.034025
184.51 1 0.792543
184.51 2 0.034025
184.61 1 0.792543
184.61 2 0.034025
184.71 1 0.792543
184.71 2 0.034025
184.81 1 0.792543
184.81 2 0.034025
184.91 1 0.792543
184.91 2 0.034025
185.01 1 0.792543
185.01 2 0.034025
185.11 1 0.792543
185.11 2 0.034025
185.21 1 0.792543
185.21 2 0.034025
185.31 1 0.792543
185.31 2 0.034025
185.41 1 0.792543
185.41 2 0.034025
185.51 1 0.792543
185.51 2 0.034025
185.61 1 0.792543
185.61 2 0.034025
185.71 1 0.792543
185.71 2 0.034025
185.81 1 0.792543
185.81 2 0.034025
185.91 1 0.792543
185.91 2 0.034025
186.01 1 0.792543
186.01 2 0.034025
186.11 1 0.792543
186.11 2 0.034025
186.21 1 0.792543
186.21 2 0.034025
186.31 1 0.792543
186.31 2 0.034025
186.41 1 0.792543
186.41 2 0.034025
186.51 1 0.792543
186.51 2 0.034025
186.61 1 0.792543
186.61 2 0.034025
186.71 1 0.792543
186.71 2 0.034025
186.81 1 0.792543
186.81 2 0.034025
186.91 1 0.792543
186.91 2 0.034025
187.01 1 0.792543
187.01 2 0.034025
187.11 1 0.792543
187.11 2 0.034025
187.21 1 0.792543
187.21 2 0.034025
187.31 1 0.792543
187.31 2 0.034025
187.41 1 0.792543
187.41 2 0.034025
187.51 1 0.792543
187.51 2 0.034025
187.61 1 0.792543
187.61 2 0.034025
187.71 1 0.792543
187.71 2 0.034025
187.81 1 0.792543
187.81 2 0.034025
187.91 1 0.792543
187.91 2 0.034025
188.01 1 0.792543
188.01 2 0.034025
188.11 1 0.792543
188.11 2 0.034025
188.21 1 0.792543
188.21 2 0.034025
188.31 1 0.792543
188.31 2 0.034025
188.41 1 0.792543
188.41 2 0.034025
188.51 1 0.792543
188.51 2 0.034025
188.61 1 0.792543
188.61 2 0.034025
188.71 1 0.792543
188.71 2 0.034025
188.81 1 0.792543
188.81 2 0.034025
188.91 1 0.792543
188.91 2 0.034025
189.01 1 0.792543
189.01 2 0.034025
189.11 1 0.792543
189.11 2 0.034025
189.21 1 0.792543
189.21 2 0.034025
189.31 1 0.792543
189.31 2 0.034025
189.41 1 0.792543
189.41 2 0.034025
189.51 1 0.792543
189.51 2 0.034025
189.61 1 0.792543
189.61 2 0.034025
189.71 1 0.792543
189.71 2 0.034025
189.81 1 0.792543
189.81 2 0.034025
189.91 1 0.792543
189.91 2 0.034025
190.01 1 0.792543
190.01 2 0.034025
190.11 1 0.792543
190.11 2 0.034025
190.21 1 0.792543
190.21 2 0.034025
190.31 1 0.792543
190.31 2 0.034025
190.41 1 0.792543
190.41 2 0.034025
190.51 1 0.792543
190.51 2 0.034025
190.61 1 0.792543
190.61 2 0.034025
190.71 1 0.792543
190.71 2 0.034025
190.81 1 0.792543
190.81 2 0.034025
190.91 1 0.792543
190.91 2 0.034025
191.01 1 0.792543
191.01 2 0.034025
191.11 1 0.792543
191.11 2 0.034025
191.21 1 0.792543
191.21 2 0.034025
191.31 1 0.792543
191.31 2 0.034025
191.41 1 0.792543
191.41 2 0.034025
191.51 1 0.792543
191.51 2 0.034025
191.61 1 0.792543
191.61 2 0.034025
191.71 1 0.792543
191.71 2 0.034025
191.81 1 0.792543
191.81 2 0.034025
191.91 1 0.792543
191.91 2 0.034025
192.01 1 0.792543
192.01 2 0.034025
192.11 1 0.792543
192.11 2 0.034025
192.21 1 0.792543
192.21 2 0.034025
192.31 1 0.792543
192.31 2 0.034025
192.41 1 0.792543
192.41 2 0.034025
192.51 1 0.792543
192.51 2 0.034025
192.61 1 0.792543
192.61 2 0.034025
192.71 1 0.792543
192.71 2 0.034025
192.81 1 0.792543
192.81 2 0.034025
192.91 1 0.792543
192.91 2 0.034025
193.01 1 0.792543
193.01 2 0.034025
193.11 1 0.792543
193.11 2 0.034025
193.21 1 0.792543
193.21 2 0.034025
193.31 1 0.792543
193.31 2 0.034025
193.41 1 0.792543
193.41 2 0.034025
193.51 1 0.792543
193.51 2 0.034025
193.61 1 0.792543
193.61 2 0.034025
193.71 1 0.792543
193.71 2 0.034025
193.81 1 0.792543
193.81 2 0.034025
193.91 1 0.792543
193.91 2 0.034025
194.01 1 0.792543
194.01 2 0.034025
194.11 1 0.792543
194.11 2 0.034025
194.21 1 0.792543
194.21 2 0.034025
194.31 1 0.792543
194.31 2 0.034025
194.41 1 0.792543
194.41 2 0.034025
194.51 1 0.792543
194.51 2 0.034025
194.61 1 0.792543
194.61 2 0.034025
194.71 1 0.792543
194.71 2 0.034025
194.81 1 0.792543
194.81 2 0.034025
194.91 1 0.792543
194.91 2 0.034025
195.01 1 0.792543
195.01 2 0.034025
195.11 1 0.792543
195.11 2 0.034025
195.21 1 0.792543
195.21 2 0.034025
195.31 1 0.792543
195.31 2 0.034025
195.41 1 0.792543
195.41 2 0.034025
195.51 1 0.792543
195.51 2 0.034025
195.61 1 0.792543
195.61 2 0.034025
195.71 1 0.792543
195.71 2 0.034025
195.81 1 0.792543
195.81 2 0.034025
195.91 1 0.792543
195.91 2 0.034025
196.01 1 0.792543
196.01 2 0.034025
196.11 1 0.792543
196.11 2 0.034025
196.21 1 0.792543
196.21 2 0.034025
196.31 1 0.792543
196.31 2 0.034025
196.41 1 0.792543
196.41 2 0.034025
196.51 1 0.792543
196.51 2 0.034025
196.61 1 0.792543
196.61 2 0.034025
196.71 1 0.792543
196.71 2 0.034025
196.81 1 0.792543
196.81 2 0.034025
196.91 1 0.792543
196.91 2 0.034025
197.01 1 0.792543
197.01 2 0.034025
197.11 1 0.792543
197.11 2 0.034025
197.21 1 0.792543
197.21 2 0.034025
197.31 1 0.792543
197.31 2 0.034025
197.41 1 0.792543
197.41 2 0.034025
197.51 1 0.792543
197.51 2 0.034025
197.61 1 0.792543
197.61 2 0.034025
197.71 1 0.792543
197.71 2 0.034025
197.81 1 0.792543
197.81 2 0.034025
197.91 1 0.792543
197.91 2 0.034025
198.01 1 0.792543
198.01 2 0.034025
198.11 1 0.792543
198.11 2 0.034025
198.21 1 0.792543
198.21 2 0.034025
198.31 1 0.792543
198.31 2 0.034025
198.41 1 0.792543
198.41 2 0.034025
198.51 1 0.792543
198.51 2 0.034025
198.61 1 0.792543
198.61 2 0.034025
198.71 1 0.792543
198.71 2 0.034025
198.81 1 0.792543
198.81 2 0.034025
198.91 1 0.792543
198.91 2 0.034025
199.01 1 0.792543
199.01 2 0.034025
199.11 1 0.792543
199.11 2 0.034025
199.21 1 0.792543
199.21 2 0.034025
199.31 1 0.792543
199.31 2 0.034025
199.41 1 0.792543
199.41 2 0.034025
199.51 1 0.792543
199.51 2 0.034025
199.61 1 0.792543
199.61 2 0.034025
199.71 1 0.792543
199.71 2 0.034025
199.81 1 0.792543
199.81 2 0.034025
199.91 1 0.792543
199.91 2 0.034025
200.01 1 0.792543
200.01 2 0.034025
200.11 1 0.792543
200.11 2 0.034025
200.21 1 0.792543
200.21 2 0.034025
200.31 1 0.792543
200.31 2 0.034025
200.41 1 0.792543
200.41 2 0.034025
200.51 1 0.792543
200.51 2 0.034025
200.61 1 0.792543
200.61 2 0.034025
200.71 1 0.792543
200.71 2 0.034025
200.81 1 0.792543
200.81 2 0.034025
200.91 1 0.792543
200.91 2 0.034025
