0.114179 476
0.117778 952
0.121376 1428
0.124975 1904
0.128573 2380
0.132172 2856
0.135771 3332
0.139369 3808
0.142968 4284
0.146567 4760
0.219091 4284
0.219091 4760
0.222689 5236
0.226277 4284
0.226288 4760
0.229887 5236
0.233474 4284
0.233485 4760
0.237084 5236
0.240672 4284
0.240683 4760
0.244281 5236
0.247869 4284
0.24788 4760
0.251478 5236
0.255077 5712
0.258676 6188
0.262274 6664
0.265873 7140
0.269472 7616
0.27307 8092
0.276669 8568
0.280267 9044
0.323992 8092
0.323992 8568
0.32759 9044
0.331189 8092
0.331189 8568
0.334788 9044
0.338386 8092
0.338386 8568
0.341985 9044
0.345596 8568
0.345596 9044
0.352793 7616
0.352793 8092
0.356392 8568
0.356392 8092
0.35999 8568
0.35999 8092
0.363589 7616
0.370799 7140
0.374397 6664
0.377996 5712
0.381594 5236
0.385193 4760
0.428918 4284
0.432516 3808
0.436115 3332
0.439713 2856
0.443312 2380
0.446911 1904
0.450522 1428
0.450522 1904
0.457707 1428
0.461305 1904
0.461305 1428
0.464904 1904
0.464904 1428
0.468502 1904
0.472101 2380
0.4757 2856
0.555423 2380
0.555423 2856
0.559021 3332
0.56262 3808
0.566219 4284
0.569805 3332
0.569817 3808
0.573416 4284
0.577002 3332
0.577014 3808
0.580613 4284
0.584212 4760
0.58781 5236
0.591409 5712
0.595008 6188
0.598606 6664
0.602205 7140
0.605803 7616
0.609402 8092
0.613001 8568
0.616599 9044
0.660324 8092
0.660324 8568
0.663922 9044
0.667521 8092
0.667521 8568
0.67112 9044
0.674718 8092
0.674718 8568
0.678317 9044
0.681928 8568
0.681928 9044
0.685526 8568
0.685526 9044
0.689125 8092
0.689125 8568
0.692724 9044
0.692724 8568
0.696322 8092
0.699921 7616
0.70352 7140
0.710729 6664
0.714328 6188
0.717926 5236
0.721525 4760
0.765249 4284
0.768848 3808
0.776045 2856
0.779644 2380
0.783243 1904
0.786853 1428
0.786853 1904
0.790452 1428
0.790452 1904
0.794038 1428
0.794051 1904
0.797637 1428
0.797649 1904
0.801248 2380
0.804847 2856
0.808445 3332
0.812044 3808
0.815642 4284
0.891754 3808
0.891754 4284
0.895353 4760
0.898939 4284
0.898952 4760
0.90255 5236
0.90255 4284
0.906149 4760
0.909748 5236
0.909748 4284
0.913346 4760
0.916945 5236
0.916945 4284
0.920543 4760
0.924142 5236
0.927741 5712
0.931339 6188
0.934938 6664
0.938537 7140
0.942135 7616
0.945734 8092
0.949332 8568
0.952931 9044
0.95653 9520
0.996656 8568
0.996656 9044
1.00025 9520
1.00385 8568
1.00385 9044
1.00745 9520
1.01466 9044
1.01466 9520
1.01466 9044
1.01826 9520
1.01826 9044
1.02186 9520
1.02186 8568
1.02546 9044
1.02546 8568
1.02906 9044
1.02906 8568
1.03265 8092
1.03625 7616
1.03985 7140
1.04345 6664
1.05066 6188
1.05426 5712
1.05786 4760
1.06146 4284
1.10158 3808
1.10878 2856
1.11238 2380
1.12319 1428
1.12319 1904
1.12678 1428
1.12678 1904
1.13037 1428
1.13038 1904
1.13397 1428
1.13398 1904
1.13758 2380
1.14118 2856
1.14478 3332
1.14838 3808
1.15197 4284
1.15557 4760
1.22809 4284
1.22809 4760
1.23168 5236
1.23527 4760
1.23528 5236
1.23888 5712
1.23888 4760
1.24248 5236
1.24608 5712
1.24968 6188
1.25328 6664
1.25328 4760
1.25688 5236
1.26047 5712
1.26047 4760
1.26407 5236
1.26767 5712
1.27127 6188
1.27487 6664
1.27847 7140
1.28207 7616
1.28566 8092
1.28926 8568
1.29286 9044
1.29646 9520
1.33659 8568
1.33659 9044
1.34018 9520
1.34378 8568
1.34378 9044
1.34738 9520
1.35098 8568
1.35098 9044
1.35458 9520
1.35818 8568
1.35818 9044
1.36178 9520
1.36537 8568
1.36537 9044
1.36897 9520
1.37257 8568
1.37257 9044
1.37617 9520
1.37977 8568
1.37977 9044
1.38337 9520
1.38697 8568
1.38697 9044
1.39057 9520
1.39416 8568
1.39416 9044
1.39776 9520
1.40136 8568
1.40136 9044
1.40496 9520
1.4487 9044
1.4487 9520
1.4487 9044
1.4523 9520
1.4523 9044
1.45589 9520
1.45589 8568
1.45949 9044
1.45949 8568
1.46309 9044
1.46669 8092
1.46669 8568
1.4739 8092
1.4775 7616
1.4811 6664
1.4847 6188
1.48829 5712
1.49189 5236
1.49549 4760
1.49909 4284
1.50269 3808
1.50629 3332
1.50989 2856
1.55362 2380
1.55722 1904
1.56082 1428
1.56082 1904
1.56441 1428
1.56442 1904
1.568 1428
1.56802 1904
1.5716 1428
1.57162 1904
1.57521 2380
1.57881 2856
1.66572 2380
1.66572 2856
1.66932 3332
1.67292 3808
1.67292 2856
1.67652 3332
1.68012 3808
1.68013 3332
1.68371 3808
1.68373 3332
1.68731 3808
1.69091 4284
1.69451 4760
1.69811 5236
1.70171 5712
1.70531 6188
1.7089 6664
1.7125 7140
1.7161 7616
1.7197 8092
1.7233 8568
1.7269 9044
1.7305 9520
1.77063 8568
1.77063 9044
1.77423 9520
1.77423 9044
1.77783 8568
1.78143 8092
1.78503 7616
1.78863 7140
1.79223 6664
1.79582 6188
1.79942 5712
1.80302 5236
1.80662 4760
1.81022 4284
1.81382 3808
1.81742 3332
1.82101 2856
1.82461 2380
1.82821 1904
1.83181 1428
1.83181 1904
1.83541 1428
1.83541 1904
1.87292 0
1.87292 476
1.87553 0
1.87652 476
1.88012 952
1.88371 1428
1.88731 1904
1.89091 2380
1.89451 2856
1.89811 3332
1.90171 3808
1.90531 4284
1.9089 4760
1.9125 5236
1.9161 5712
1.9197 6188
1.9233 6664
1.9269 7140
1.9305 7616
1.93409 8092
1.93671 7140
1.93769 7616
1.94129 8092
1.94489 8568
1.94849 9044
1.95209 9520
1.95569 9996
1.97782 9520
1.97782 9996
1.99581 9044
1.99581 9520
1.99941 9996
2.00301 9044
2.00301 9520
2.00661 9996
2.01021 9044
2.01021 9520
2.01381 9996
2.0174 9044
2.0174 9520
2.021 9996
2.0246 9044
2.0246 9520
2.0282 9996
2.0318 9044
2.0318 9520
2.0354 9996
2.039 9044
2.039 9520
2.04259 9996
2.04619 9044
2.04619 9520
2.04979 9996
2.05339 9044
2.05339 9520
2.05699 9996
2.06059 9044
2.06059 9520
2.06419 9996
2.10792 9044
2.10792 9520
2.10792 9044
2.11152 9520
2.11152 8568
2.11512 9044
2.11512 8568
2.11872 9044
2.11872 8568
2.12232 9044
2.12232 8568
2.12592 8092
2.12951 7616
2.13311 7140
2.13671 6664
2.14031 6188
2.14391 5712
2.14751 5236
2.15111 4760
2.1547 4284
2.1583 3808
2.1655 2856
2.1655 3332
2.1691 2856
2.21284 2380
2.21643 1904
2.22002 1428
2.22362 1904
2.22423 1428
2.22722 1904
2.23082 2380
2.23442 2856
2.23801 3332
2.24161 3808
2.24521 4284
2.24881 4760
2.25241 5236
2.25601 5712
2.25961 6188
2.2632 6664
2.2668 7140
2.2704 7616
2.2704 6664
2.274 7140
2.2776 7616
2.2812 8092
2.2848 8568
2.28839 9044
2.29199 9520
2.29559 9996
2.33212 9044
2.33212 9520
2.33572 9996
2.33932 9044
2.33932 9520
2.34292 9996
2.35012 9520
2.35012 9996
2.35012 9520
2.35372 9996
2.35372 9520
2.35732 9996
2.35732 9044
2.36092 9520
2.36092 9044
2.36452 9520
2.36452 9044
2.36812 8568
2.37172 8092
2.37531 7616
2.37891 7140
2.38251 6664
2.38611 6188
2.38971 5712
2.39331 5236
2.39691 4760
2.40051 4284
2.43703 3808
2.44423 2856
2.44423 3332
2.44783 2856
2.45864 1904
2.45864 2380
2.46224 1904
2.46582 1428
2.46582 1904
2.46942 2380
2.47302 2856
2.47662 3332
2.48022 3808
2.48381 4284
2.48741 4760
2.49101 5236
2.49461 5712
2.49821 6188
2.50181 6664
2.50541 7140
2.50901 7616
2.5126 8092
2.5162 8568
2.5198 9044
2.5234 9520
2.527 9996
2.54913 9044
2.54913 9520
2.55273 9996
2.57072 9044
2.57072 9520
2.57432 9996
2.57792 9044
2.57792 9520
2.58152 9996
2.59231 8092
2.59231 8568
2.59591 9044
2.59951 9520
2.59951 8568
2.60311 9044
2.60671 9520
2.60671 8568
2.61031 9044
2.61391 9520
2.61391 8568
2.6175 9044
2.6211 9520
2.6247 9996
2.6283 8092
2.6283 8568
2.6319 9044
2.6355 9520
2.6391 9996
2.65403 9044
2.65403 9520
2.65763 9996
2.67562 9044
2.67562 9520
2.67922 9996
2.68282 9044
2.68282 9520
2.68642 9996
2.69722 9044
2.69722 9520
2.70081 9996
2.70441 9044
2.70441 9520
2.70801 9996
2.71161 9044
2.71161 9520
2.71521 9996
2.71881 9044
2.71881 9520
2.72241 9996
2.7332 8092
2.7332 8568
2.7368 9044
2.7404 9520
2.7404 8568
2.744 9044
2.7476 9520
2.75119 9996
2.75893 9044
2.75893 9520
2.76253 9996
2.78052 9044
2.78052 9520
2.78412 9996
2.78772 9044
2.78772 9520
2.79132 9996
2.80212 9044
2.80212 9520
2.80571 9996
2.80931 9044
2.80931 9520
2.81291 9996
2.81651 9044
2.81651 9520
2.82011 9996
2.8381 8092
2.8381 8568
2.8417 9044
2.8453 9520
2.8489 9996
2.8525 8092
2.8525 8568
2.8561 9044
2.85969 9520
2.86329 9996
2.86383 9044
2.86689 9520
2.87049 9996
2.88543 9044
2.88543 9520
2.88902 9996
2.91421 7140
2.91421 7616
2.91781 8092
2.92141 8568
2.92141 7616
2.92501 8092
2.92861 8568
2.93221 9044
2.93581 9520
2.9394 9996
2.943 9044
2.943 9520
2.9466 9996
2.9502 9044
2.9502 9520
2.9538 9996
2.9574 9044
2.9574 9520
2.961 9996
2.9646 9044
2.9646 9520
2.96819 9996
2.97179 9044
2.97179 9520
2.97539 9996
2.99033 9044
2.99033 9520
2.99393 9996
3.01912 9044
3.01912 9520
3.02271 9996
3.02631 9044
3.02631 9520
3.02991 9996
3.03351 9044
3.03351 9520
3.03711 9996
3.04071 9044
3.04071 9520
3.04431 9996
3.0479 9044
3.0479 9520
3.0515 9996
3.0551 9044
3.0551 9520
3.0587 9996
3.0623 9044
3.0623 9520
3.0659 9996
3.0695 9044
3.0695 9520
3.0731 9996
3.09523 8092
3.09523 8568
3.09883 9044
3.10242 9520
3.10602 9996
3.12402 9044
3.12402 9520
3.12762 9996
3.13121 9044
3.13121 9520
3.13481 9996
3.13841 9044
3.13841 9520
3.14201 9996
3.14561 9044
3.14561 9520
3.14921 9996
3.15281 9044
3.15281 9520
3.1564 9996
3.16 9044
3.16 9520
3.1636 9996
3.1672 9044
3.1672 9520
3.1708 9996
3.1744 9044
3.1744 9520
3.178 9996
3.20733 8092
3.20733 8568
3.21092 9044
3.21452 9520
3.21812 9996
3.22892 9044
3.22892 9520
3.23252 9996
3.23611 9044
3.23611 9520
3.23971 9996
3.24331 9044
3.24331 9520
3.24691 9996
3.25051 9044
3.25051 9520
3.25411 9996
3.25771 9044
3.25771 9520
3.26131 9996
3.2649 9044
3.2649 9520
3.2685 9996
3.2721 9044
3.2721 9520
3.2757 9996
3.2793 9044
3.2793 9520
3.2829 9996
3.31584 9520
3.31584 9996
3.31584 9520
3.31944 9996
3.31944 9520
3.32304 9996
3.32304 9044
3.32663 9520
3.33023 9996
3.34104 9044
3.34464 9520
3.34464 8568
3.34824 9044
3.34824 8568
3.35184 8092
3.35544 7616
3.35903 7140
3.36263 6664
3.36623 6188
3.36983 5712
3.37343 5236
3.37703 4760
3.38063 4284
3.38422 3808
3.38782 3332
3.42076 2856
3.42436 2380
3.42796 1904
3.43155 1428
3.43515 1904
3.43515 1428
3.43874 1904
3.44234 2380
3.44955 1904
3.45314 1428
3.45314 1904
3.45674 2380
3.46034 2856
3.46393 3332
3.46753 3808
3.47113 4284
3.47473 4760
3.47833 5236
3.48193 5712
3.48553 6188
3.48913 6664
3.49272 7140
3.49632 7616
3.49992 8092
3.50352 8568
3.50712 9044
3.51072 9520
3.51432 9996
3.51791 10472
3.52151 10948
3.54365 9996
3.55804 9044
3.55804 9520
3.56164 9996
3.56524 9044
3.56524 9520
3.56884 9996
3.57243 9044
3.57243 9520
3.57603 9996
3.57963 9044
3.57963 9520
3.58323 9996
3.58683 9044
3.58683 9520
3.59043 9996
3.59403 9044
3.59403 9520
3.59762 9996
3.60122 9044
3.60122 9520
3.60482 9996
3.60842 9044
3.60842 9520
3.61202 9996
3.61562 9044
3.61562 9520
3.61922 9996
3.62282 9044
3.62282 9520
3.62641 9996
3.66294 9044
3.66294 9520
3.66654 9996
3.67014 9044
3.67014 9520
3.67374 9996
3.67734 9044
3.67734 9520
3.68093 9996
3.68453 9044
3.68453 9520
3.68813 9996
3.69173 9044
3.69173 9520
3.69533 9996
3.69893 9044
3.69893 9520
3.70253 9996
3.70612 9044
3.70612 9520
3.70972 9996
3.71332 9044
3.71332 9520
3.71692 9996
3.72052 9044
3.72052 9520
3.72412 9996
3.72772 9044
3.72772 9520
3.73131 9996
3.76784 9044
3.76784 9520
3.77144 9996
3.77504 9044
3.77504 9520
3.77864 9996
3.78224 9044
3.78224 9520
3.78584 9996
3.78943 9044
3.78943 9520
3.79303 9996
3.79663 9044
3.79663 9520
3.80023 9996
3.80383 9044
3.80383 9520
3.80743 9996
3.81103 9044
3.81103 9520
3.81462 9996
3.81822 9044
3.81822 9520
3.82182 9996
3.82542 9044
3.82542 9520
3.82902 9996
3.83262 9044
3.83262 9520
3.83622 9996
3.87274 9044
3.87274 9520
3.87634 9996
3.87994 9044
3.87994 9520
3.88354 9996
3.88714 9044
3.88714 9520
3.89074 9996
3.89433 9044
3.89433 9520
3.89793 9996
3.90153 9044
3.90153 9520
3.90513 9996
3.90873 9044
3.90873 9520
3.91233 9996
3.92312 8092
3.92312 8568
3.92672 9044
3.93032 9520
3.93032 8568
3.93392 9044
3.93752 9520
3.93752 8568
3.94112 9044
3.94472 9520
3.94831 9996
3.97764 9044
3.97764 9520
3.98124 9996
3.98484 9044
3.98484 9520
3.98844 9996
3.99204 9044
3.99204 9520
3.99564 9996
3.99925 9520
3.99925 9996
4.00285 9520
4.00285 9996
4.00645 9044
4.00645 9520
4.01004 9996
4.01004 9520
4.01364 9044
4.01724 8568
4.02804 8092
4.03164 7616
4.03523 7140
4.03883 6664
4.04243 6188
4.04603 5712
4.05323 4760
4.05323 5236
4.08256 4760
4.08616 4284
4.08975 3808
4.09335 3332
4.09695 2856
4.10055 2380
4.10416 1904
4.10776 1428
4.10776 1904
4.11135 1428
4.11136 1904
4.11496 2380
4.11856 2856
4.12215 3332
4.12575 3808
4.12935 4284
4.13295 4760
4.13655 5236
4.14015 5712
4.14375 6188
4.14735 6664
4.15094 7140
4.15454 7616
4.15813 6664
4.15814 7140
4.16174 7616
4.16534 8092
4.16894 8568
4.17254 9044
4.17613 9520
4.17973 9996
4.22347 9520
4.22347 9996
4.22347 9044
4.22707 9520
4.22707 9044
4.23067 9520
4.23067 8568
4.23427 9044
4.23427 8568
4.23786 9044
4.23786 8568
4.24146 8092
4.24506 7616
4.24866 7140
4.25226 6664
4.25586 6188
4.25946 5712
4.26305 5236
4.26665 4760
4.27025 4284
4.27385 3808
4.27745 3332
4.28105 2856
4.28465 2380
4.32838 1904
4.33198 1428
4.33198 1904
4.33558 1428
4.33558 1904
4.33977 1428
4.33977 1904
4.34337 2380
4.34697 2856
4.35057 3332
4.35417 3808
4.35777 4284
4.36136 4760
4.36496 5236
4.36856 5712
4.37216 6188
4.37576 6664
4.37936 7140
4.38296 7616
4.38655 8092
4.39015 8568
4.39375 9044
4.39735 9520
4.40095 9996
4.43688 9044
4.43688 9520
4.44048 9996
4.44467 9044
4.44467 9520
4.44827 9996
4.45907 8092
4.45907 8568
4.46267 9044
4.46626 9520
4.46626 8568
4.46986 9044
4.47346 9520
4.47346 8568
4.47706 9044
4.48066 9520
4.48066 8568
4.48426 9044
4.48786 9520
4.48786 8568
4.49146 9044
4.49505 9520
4.49505 8568
4.49865 9044
4.50225 9520
4.50225 8568
4.50585 9044
4.50945 9520
4.51305 9996
4.54178 9044
4.54178 9520
4.54538 9996
4.54957 9044
4.54957 9520
4.55317 9996
4.56397 9044
4.56397 9520
4.56757 9996
4.57117 9044
4.57117 9520
4.57476 9996
4.57838 9520
4.57838 9996
4.58918 9520
4.58918 9996
4.59278 9044
4.59278 9520
4.59638 9996
4.59638 8568
4.59998 8092
4.60358 7616
4.60718 7140
4.61078 6664
4.61797 5712
4.64671 5236
4.65031 4760
4.65811 4284
4.66891 3808
4.6761 2856
4.6797 2380
4.68331 1428
4.68331 1904
4.68691 2380
4.69051 2856
4.69411 3332
4.69412 2856
4.69771 3332
4.69772 2856
4.70131 3332
4.70132 2856
4.70491 3332
4.78825 2856
4.79184 2380
4.79185 2856
4.79542 2380
4.79545 2856
4.79901 2380
4.79905 2856
4.80265 3332
4.80321 2856
4.80624 3332
4.80981 2380
4.80984 2856
4.81344 3332
4.81704 3808
4.82064 4284
4.82424 4760
4.82784 5236
4.83143 5712
4.83503 6188
4.83863 6664
4.84223 7140
4.84583 7616
4.84943 8092
4.85303 8568
4.85663 9044
4.86022 9520
4.86382 9996
4.90033 9520
4.90033 9996
4.90395 9044
4.90395 9520
4.90755 9996
4.91115 9044
4.91115 9520
4.91474 9996
4.91834 9044
4.91834 9520
4.92194 9996
4.92915 9520
4.92915 9996
4.92915 9520
4.93275 9996
4.93275 9520
4.93635 9996
4.93635 9044
4.93995 9520
4.93995 9044
4.94355 9520
4.94355 9044
4.94714 8568
4.95435 8092
4.95795 7616
4.96155 6664
4.96515 6188
4.96875 5712
5.00889 5236
5.01249 4760
5.01608 3808
5.01968 3332
5.02328 2856
5.02688 2380
5.03409 1904
5.03769 1428
5.03769 1904
5.04129 1428
5.04129 1904
5.04487 1428
5.04489 1904
5.04847 1428
5.04848 1904
5.1426 1428
5.14619 952
5.1462 1428
5.1498 1904
5.15338 952
5.1534 1428
5.157 1904
5.16059 2380
5.16419 2856
5.16779 3332
5.17139 3808
5.17499 4284
5.17859 4760
5.18219 5236
5.18578 5712
5.18938 6188
5.19298 6664
5.19658 7140
5.20018 7616
5.20378 8092
5.20738 8568
5.21098 9044
5.21457 9520
5.21817 9996
5.2547 9044
5.2547 9520
5.2583 9996
5.2619 9044
5.2619 9520
5.2655 9996
5.26909 9044
5.26909 9520
5.27269 9996
5.28349 8092
5.28349 8568
5.28709 9044
5.29069 9520
5.29069 8568
5.29428 9044
5.29788 9520
5.29788 8568
5.30148 9044
5.30508 9520
5.30508 8568
5.30868 9044
5.31228 9520
5.31229 9044
5.31588 9520
5.31589 9044
5.31947 9520
5.32307 9996
5.35961 8092
5.35961 8568
5.36321 9044
5.36681 9520
5.36682 9044
5.37041 9520
5.37042 9044
5.37763 8092
5.38843 7616
5.39203 6664
5.39562 6188
5.39922 5712
5.40282 5236
5.41002 4760
5.41362 4284
5.41722 3332
5.42081 2856
5.42441 2380
5.42801 1904
5.46815 1428
5.47175 1904
5.47175 1428
5.47535 1904
5.47535 1428
5.47895 1904
5.57308 1428
5.57666 952
5.57667 1428
5.58025 952
5.58027 1428
5.58387 1904
5.58747 2380
5.59107 2856
5.59467 3332
5.59827 3808
5.60186 4284
5.60546 4760
5.60906 5236
5.61266 5712
5.61626 6188
5.61986 6664
5.62346 7140
5.62705 7616
5.63065 8092
5.63425 8568
5.63785 9044
5.64145 9520
5.64505 9996
5.64865 10472
5.65224 10948
5.65584 11424
5.67798 10948
5.68517 9996
5.69237 9044
5.69237 9520
5.69597 9996
5.70677 8092
5.70677 8568
5.71036 9044
5.71396 9520
5.71396 8568
5.71756 9044
5.72116 9520
5.72116 8568
5.72476 9044
5.72836 9520
5.72836 8568
5.73196 9044
5.73555 9520
5.73555 8568
5.73915 9044
5.74275 9520
5.74275 8568
5.74635 9044
5.74995 9520
5.75355 9996
5.75716 9044
5.75716 9520
5.75716 9044
5.76076 9520
5.76076 8568
5.76436 9044
5.76795 9520
5.77155 9996
5.79728 9520
5.79728 9996
5.81169 9520
5.81529 9996
5.81889 8568
5.81889 9044
5.82249 8568
5.82609 8092
5.82968 7616
5.83689 7140
5.84049 6664
5.84409 5712
5.84769 5236
5.85129 4760
5.85489 4284
5.85849 3808
5.8621 3332
5.86569 2856
5.86928 2380
5.87288 2856
5.87288 2380
5.90221 1428
5.90221 1904
5.92022 1428
5.92022 1904
5.9238 1428
5.92381 1904
5.92741 2380
5.93101 2856
5.93461 3332
5.93821 3808
5.94181 4284
6.02512 2856
6.02512 3332
6.02871 3808
6.03231 4284
6.03233 3808
6.03591 4284
6.03592 3808
6.03951 4284
6.03952 3332
6.03952 3808
6.04311 4284
6.04312 3808
6.04672 3332
6.13003 2856
6.13363 2380
6.13723 1904
6.14083 1428
6.14083 1904
6.14442 1428
6.14442 1904
6.14502 1428
6.14802 1904
6.15162 2380
6.15522 2856
6.15882 3332
6.16242 3808
6.16602 4284
6.16961 4760
6.17321 5236
6.17681 5712
6.18041 6188
6.18401 6664
6.18761 7140
6.19121 7616
6.1948 8092
6.1984 8568
6.202 9044
6.2056 9520
6.2092 9996
6.24573 9044
6.24573 9520
6.24933 9996
6.25292 9044
6.25292 9520
6.25652 9996
6.26012 9044
6.26012 9520
6.26372 9996
6.26732 9044
6.26732 9520
6.27092 9996
6.27452 9044
6.27452 9520
6.27811 9996
6.28171 9044
6.28171 9520
6.28531 9996
6.28891 9044
6.28891 9520
6.29251 9996
6.29611 9044
6.29611 9520
6.29971 9996
6.3033 9044
6.3033 9520
6.3069 9996
6.3105 9044
6.3105 9520
6.3141 9996
6.35063 9044
6.35063 9520
6.35423 9996
6.35782 9044
6.35782 9520
6.36142 9996
6.36502 9044
6.36502 9520
6.36862 9996
6.37222 9044
6.37222 9520
6.37582 9996
6.37942 9044
6.37942 9520
6.38302 9996
6.38661 9044
6.38661 9520
6.39021 9996
6.39381 9044
6.39381 9520
6.39741 9996
6.40101 9044
6.40101 9520
6.40461 9996
6.4154 8092
6.4154 8568
6.419 9044
6.4226 9520
6.4262 9996
6.46273 8092
6.46273 8568
6.46632 9044
6.46992 9520
6.46992 8568
6.47352 9044
6.47712 9520
6.47712 8568
6.48072 9044
6.48432 9520
6.48432 8568
6.48792 9044
6.49151 9520
6.49151 8568
6.49511 9044
6.49871 9520
6.49871 8568
6.50231 9044
6.50591 9520
6.50591 8568
6.50951 9044
6.51311 9520
6.51671 9996
6.5275 8092
6.5275 8568
6.5311 9044
6.5347 9520
6.5383 9996
6.57124 9520
6.57124 9996
6.57124 9520
6.57484 9996
6.57484 9520
6.57844 9996
6.57844 9044
6.58203 9520
6.58203 9044
6.58563 9520
6.58924 9044
6.59284 8568
6.59644 7616
6.60004 7140
6.60725 6664
6.61085 6188
6.61445 5236
6.61804 4760
6.62164 4284
6.63244 3808
6.63604 3332
6.63964 2856
6.64324 2380
6.67618 1904
6.67977 1428
6.67977 1904
6.68337 1428
6.68337 1904
6.68696 1428
6.68697 1904
6.78469 1428
6.78827 952
6.78829 1428
6.79189 1904
6.79248 1428
6.79548 1904
6.79908 2380
6.80268 2856
6.80628 3332
6.80988 3808
6.81348 4284
6.81708 4760
6.82067 5236
6.82427 5712
6.82787 6188
6.83147 6664
6.83507 7140
6.83867 7616
6.84227 8092
6.84586 8568
6.84946 9044
6.85306 9520
6.85666 9996
6.8932 9520
6.8932 9996
6.8968 9044
6.8968 9520
6.9004 9044
6.904 8568
6.90759 8092
6.91119 7616
6.91479 7140
6.922 6664
6.9256 6188
6.9292 5236
6.9328 4760
6.9364 4284
6.93999 3808
6.94359 3332
6.94719 2856
6.95079 2380
6.95439 1904
6.95799 1428
6.95799 1904
6.96159 1428
6.96159 1904
6.98827 0
6.98827 476
6.99811 0
6.99811 476
7.00171 952
7.00171 476
7.00531 952
7.00891 1428
7.01251 1904
7.01611 2380
7.0197 2856
7.0233 3332
7.0269 3808
7.0305 4284
7.0341 4760
7.06289 0
7.06289 476
7.06649 952
7.07009 1428
7.07368 1904
7.07728 2380
7.08088 2856
7.08448 3332
7.08808 3808
7.09168 4284
7.09318 3808
7.09528 4284
7.09887 4760
7.17499 3808
7.17499 4284
7.17859 4760
7.18218 3808
7.18218 4284
7.18578 4760
7.18938 3808
7.18938 4284
7.19298 4760
7.19658 3808
7.19658 4284
7.20018 4760
7.20378 3808
7.20378 4284
7.20737 4760
7.28349 3808
7.28349 4284
7.28709 4760
7.29068 3808
7.29068 4284
7.29428 4760
7.29788 3808
7.29788 4284
7.30148 4760
7.30508 3808
7.30508 4284
7.30868 4760
7.31228 3808
7.31228 4284
7.31587 4760
7.39199 3808
7.39199 4284
7.39558 4760
7.39918 3808
7.39918 4284
7.40278 4760
7.40638 3808
7.40638 4284
7.40998 4760
7.41358 3808
7.41358 4284
7.41718 4760
7.42078 3808
7.42078 4284
7.42437 4760
7.5041 4284
7.5041 4760
7.5041 4284
7.5077 4760
7.5077 4284
7.51129 4760
7.51129 3808
7.51489 4284
7.51489 3808
7.51849 4284
7.51849 3808
7.52209 3332
7.52569 2856
7.52929 2380
7.60901 1904
7.61261 1428
7.61261 1904
7.61621 1428
7.61621 1904
7.61979 1428
7.61981 1904
7.6234 2380
7.627 2856
7.6306 3332
7.6342 3808
7.6378 4284
7.6414 4760
7.71751 3808
7.71751 4284
7.72111 4760
7.72471 3808
7.72471 4284
7.72831 4760
7.7319 3808
7.7319 4284
7.7355 4760
7.7391 3808
7.7391 4284
7.7427 4760
7.7463 3808
7.7463 4284
7.7499 4760
7.82962 4284
7.82962 4760
7.82962 4284
7.83322 4760
7.83322 4284
7.83682 4760
7.83682 3808
7.84042 4284
7.84042 3808
7.84401 4284
7.84401 3808
7.84761 3332
7.85121 2856
7.85481 2380
7.93453 1904
7.93813 1428
7.93813 1904
7.94173 1428
7.94173 1904
7.94532 1428
7.94533 1904
7.94893 2380
7.95253 2856
7.95613 3332
7.95972 3808
7.96332 4284
7.96692 4760
8.04303 3808
8.04303 4284
8.04663 4760
8.05023 3808
8.05023 4284
8.05383 4760
8.05743 3808
8.05743 4284
8.06103 4760
8.06463 3808
8.06463 4284
8.06822 4760
8.07182 3808
8.07182 4284
8.07542 4760
8.15153 3808
8.15153 4284
8.15513 4760
8.15873 3808
8.15873 4284
8.16233 4760
8.16593 3808
8.16593 4284
8.16953 4760
8.17312 3808
8.17312 4284
8.17672 4760
8.18032 3808
8.18032 4284
8.18392 4760
8.26364 4284
8.26364 4760
8.26364 4284
8.26724 4760
8.26724 4284
8.27084 4760
8.27084 3808
8.27444 4284
8.27444 3808
8.27804 4284
8.27804 3808
8.28164 3332
8.28524 2856
8.28883 2380
8.36856 1904
8.37216 1428
8.37216 1904
8.37575 1428
8.37575 1904
8.37934 1428
8.37935 1904
8.38295 2380
8.38655 2856
8.39015 3332
8.39375 3808
8.39735 4284
8.40094 4760
8.47706 3808
8.47706 4284
8.48066 4760
8.48425 3808
8.48425 4284
8.48785 4760
8.49506 4284
8.49506 4760
8.49506 4284
8.49866 4760
8.50227 4284
8.50227 4760
8.58199 3808
8.58199 4284
8.58559 4760
8.58559 3808
8.58919 4284
8.58919 3332
8.6 2380
8.6036 1904
8.60721 1428
8.60721 1904
8.68692 1428
8.69052 1904
8.69052 1428
8.69411 952
8.69412 1428
8.69772 1904
8.71211 1428
8.71211 1904
8.71571 2380
8.71931 2856
8.72291 3332
8.72651 3808
8.7301 4284
8.7337 4760
8.7373 5236
8.79901 4760
8.79901 5236
8.80262 4284
8.80262 4760
8.80622 5236
8.82061 4284
8.82061 4760
8.82421 5236
8.82781 4284
8.82781 4760
8.83141 5236
8.835 4284
8.835 4760
8.8386 5236
8.8422 4284
8.8422 4760
8.8458 5236
8.90752 4284
8.90752 4760
8.91112 5236
8.92551 4284
8.92551 4760
8.92911 5236
8.93271 4284
8.93271 4760
8.93631 5236
8.93991 4284
8.93991 4760
8.9435 5236
8.94712 4760
8.94712 5236
8.95071 4760
8.95071 5236
9.01243 4284
9.01243 4760
9.01603 5236
9.01603 4760
9.03042 4284
9.03402 3808
9.03762 3332
9.04122 2856
9.04482 2380
9.04842 1904
9.05203 1428
9.05203 1904
9.05563 1428
9.05563 1904
9.11733 1428
9.11733 1904
9.12093 2380
9.12453 2856
9.12813 3332
9.13173 3808
9.13533 4284
9.13892 4760
9.14252 5236
9.14612 5712
9.15693 4760
9.15693 5236
9.16053 5712
9.22584 5236
9.22584 5712
9.22584 5236
9.22944 5712
9.23304 4284
9.23304 4760
9.23664 5236
9.23664 4760
9.24024 5236
9.24024 4760
9.24384 5236
9.24384 4760
9.24744 4284
9.25104 3808
9.26184 3332
9.26544 2856
9.33076 2380
9.33436 1904
9.33794 1428
9.34154 1904
9.34514 952
9.34514 1428
9.34874 1904
9.35234 2380
9.35594 2856
9.35953 3332
9.36313 3808
9.36673 4284
9.37033 4760
9.37393 5236
9.37753 5712
9.44284 5236
9.44284 5712
9.45004 4760
9.45004 5236
9.45364 5712
9.45724 4760
9.45724 5236
9.46084 5712
9.46444 4760
9.46444 5236
9.46803 5712
9.47163 4760
9.47163 5236
9.47523 5712
9.48244 5236
9.48244 5712
9.48244 5236
9.48604 5712
9.54776 5236
9.54776 5712
9.55495 4760
9.55495 5236
9.55855 5712
9.55855 5236
9.56215 5712
9.56215 5236
9.56575 4760
9.56935 4284
9.57295 3808
9.58014 2856
9.58014 3332
9.58735 2856
9.59095 2380
9.65986 1428
9.66345 1904
9.66406 1428
9.66705 1904
9.67065 2380
9.67425 2856
9.67785 3332
9.68145 3808
9.68505 4284
9.68864 4760
9.69224 5236
9.69584 5712
9.69944 6188
9.76476 5236
9.76476 5712
9.76836 6188
9.77195 5236
9.77195 5712
9.77555 6188
9.77915 5236
9.77915 5712
9.78275 6188
9.78636 5712
9.78636 6188
9.78996 5712
9.78996 6188
9.79356 5236
9.79356 5712
9.79716 6188
9.79716 5712
9.80076 5236
9.80435 4760
9.86967 4284
9.87327 3808
9.87687 3332
9.88047 2856
9.88406 2380
9.88766 1904
9.89127 1428
9.89127 1904
9.89487 1428
9.89487 1904
9.89846 1428
9.89847 1904
9.90207 2380
9.90567 2856
9.90927 3332
9.91287 3808
9.91646 4284
9.92006 4760
9.92366 5236
9.92726 5712
9.93086 6188
9.93446 6664
9.99618 5712
9.99618 6188
9.99977 6664
10.0034 5712
10.0034 6188
10.007 6664
10.0106 5712
10.0106 6188
10.0142 6664
10.0178 5712
10.0178 6188
10.0214 6664
10.025 5712
10.025 6188
10.0286 6664
10.0322 5712
10.0322 6188
10.0358 6664
10.0394 5712
10.0394 6188
10.043 6664
10.1047 5712
10.1047 6188
10.1083 6664
10.1191 4760
10.1263 3808
10.1335 2856
10.1407 1904
10.1479 1428
10.1479 1904
10.2096 1428
10.2096 1904
10.2132 952
10.2132 1428
10.2168 1904
10.2528 1428
10.2528 1904
10.3145 1428
10.3145 1904
10.3217 1428
10.3217 1904
10.3407 0
10.3407 476
10.3577 952
10.3613 1428
10.3649 1904
10.3685 2380
10.3721 2856
10.3757 3332
10.3793 3808
10.3829 4284
10.3865 4760
10.3901 5236
10.3937 5712
10.3973 6188
10.4009 6664
10.4194 2380
10.4194 2856
10.423 3332
10.4266 3808
10.4266 3332
10.4302 3808
10.4338 4284
10.4374 4760
10.441 5236
10.4446 5712
10.4456 5236
10.4482 5712
10.4518 6188
10.4554 6664
10.5315 3808
10.5315 4284
10.5351 4760
10.5387 5236
10.5387 4284
10.5423 4760
10.5459 5236
10.5459 4284
10.5495 4760
10.5531 5236
10.5531 4760
10.5567 5236
10.5567 4760
10.5603 5236
10.5603 4284
10.5603 4760
10.5639 5236
10.6364 4760
10.64 4284
10.6436 3808
10.6472 3332
10.6508 2856
10.6544 2380
10.658 1904
10.6616 1428
10.6616 1904
10.6652 1428
10.6652 1904
10.6658 1428
10.6688 1904
10.6724 2380
10.676 2856
10.6796 3332
10.6832 3808
10.6868 4284
10.6904 4760
10.694 5236
10.6976 5712
10.7012 6188
10.7048 6664
10.7665 5712
10.7665 6188
10.7701 6664
10.7737 5712
10.7737 6188
10.7773 6664
10.7953 3808
10.7953 4284
10.7989 4760
10.8025 5236
10.8025 4284
10.8061 4760
10.8097 5236
10.8097 4284
10.8133 4760
10.8169 5236
10.8205 5712
10.8241 6188
10.8277 6664
10.875 5712
10.875 6188
10.8786 6664
10.8822 5712
10.8822 6188
10.8858 6664
10.9038 5712
10.9038 6188
10.9074 6664
10.911 5712
10.911 6188
10.9146 6664
10.9182 5712
10.9182 6188
10.9218 6664
10.9254 5712
10.9254 6188
10.929 6664
10.9326 5712
10.9326 6188
10.9362 6664
10.9835 6188
10.9835 6664
11.0087 5236
11.0087 5712
11.0123 6188
11.0123 5236
11.0159 5712
11.0159 5236
11.0195 4760
11.0231 4284
11.0267 3808
11.0303 3332
11.0339 2856
11.0375 2380
11.0411 1904
11.0885 1428
11.0885 1904
11.1136 1428
11.1172 1904
11.1178 1428
11.1208 952
11.1208 1428
11.1244 1904
11.128 2380
11.1316 2856
11.1352 3332
11.1388 3808
11.1424 4284
11.146 4760
11.1496 5236
11.1532 5712
11.1568 6188
11.1604 6664
11.2185 6188
11.2185 6664
11.2257 5712
11.2257 6188
11.2293 6664
11.2329 5712
11.2329 6188
11.2365 6664
11.2401 5712
11.2401 6188
11.2437 6664
11.2473 5712
11.2473 6188
11.2509 6664
11.2545 5712
11.2545 6188
11.2581 6664
11.2617 5712
11.2617 6188
11.2653 6664
11.3234 5712
11.3234 6188
11.327 6664
11.3342 5712
11.3342 6188
11.3378 6664
11.3414 5712
11.3414 6188
11.345 6664
11.3486 5712
11.3486 6188
11.3522 6664
11.3558 5712
11.3558 6188
11.3594 6664
11.363 5712
11.363 6188
11.3666 6664
11.3702 5712
11.3702 6188
11.3738 6664
11.4319 5712
11.4319 6188
11.4355 6664
11.4499 4760
11.4499 5236
11.4535 5712
11.4571 6188
11.4571 5236
11.4607 5712
11.4643 6188
11.4643 5236
11.4679 5712
11.4715 6188
11.4715 5236
11.4751 5712
11.4787 6188
11.4787 5236
11.4823 5712
11.4859 6188
11.4895 6664
11.5404 5712
11.5404 6188
11.544 6664
11.5584 5712
11.5584 6188
11.562 6664
11.5656 5712
11.5656 6188
11.5692 6664
11.5728 5712
11.5728 6188
11.5764 6664
11.5836 6188
11.5836 6664
11.5836 6188
11.5872 6664
11.5872 6188
11.5908 6664
11.5908 5712
11.5944 6188
11.5944 5712
11.598 6188
11.6454 5712
11.649 5236
11.6634 4760
11.667 4284
11.6706 3808
11.6741 3332
11.6777 2856
11.6813 2380
11.6886 1904
11.6922 1428
11.6922 1904
11.6958 1428
11.6958 1904
11.6993 1428
11.6994 1904
11.703 2380
11.7065 2856
11.7101 3332
11.7137 3808
11.7173 4284
11.7209 4760
11.7245 5236
11.7281 5712
11.7317 6188
11.7353 6664
11.7971 5712
11.7971 6188
11.8007 6664
11.8043 5712
11.8043 6188
11.8079 6664
11.8115 5712
11.8115 6188
11.815 6664
11.8186 5712
11.8186 6188
11.8222 6664
11.8258 5712
11.8258 6188
11.8294 6664
11.833 5712
11.833 6188
11.8366 6664
11.8402 5712
11.8402 6188
11.8438 6664
11.9056 5712
11.9056 6188
11.9092 6664
11.9128 5712
11.9128 6188
11.9164 6664
11.92 5712
11.92 6188
11.9235 6664
11.9271 5712
11.9271 6188
11.9307 6664
11.938 6188
11.938 6664
11.938 6188
11.9416 6664
11.9416 6188
11.9452 6664
11.9452 5712
11.9488 6188
11.9488 5712
11.9523 6188
12.0105 5712
12.0177 5236
12.0213 4760
12.0249 3808
12.0285 3332
12.0321 2856
12.0357 2380
12.0429 1904
12.0501 952
12.0501 1428
12.0537 952
12.0537 1428
12.0573 952
12.0573 1428
12.0609 1904
12.0645 2380
12.0681 2856
12.155 2380
12.155 2856
12.1586 3332
12.1622 3808
12.1622 2856
12.1658 3332
12.1694 3808
12.1694 2856
12.173 3332
12.1766 3808
12.1802 4284
12.1838 4760
12.1874 5236
12.191 5712
12.1946 6188
12.1982 6664
12.2599 5712
12.2599 6188
12.2635 6664
12.2707 6188
12.2707 6664
12.2707 6188
12.2743 6664
12.2743 6188
12.2779 6664
12.2779 5712
12.2815 6188
12.2815 5712
12.2851 6188
12.2851 5712
12.2887 5236
12.2923 4760
12.2959 4284
12.2995 3808
12.3031 3332
12.3648 2856
12.3684 2380
12.3756 1904
12.3792 1428
12.3792 1904
12.3864 1428
12.39 1904
12.4841 1428
12.4841 1904
12.4913 1428
12.4913 1904
12.4949 2380
12.4985 2856
12.5021 3332
12.5057 3808
12.5093 4284
12.5129 4760
12.5165 5236
12.5201 5712
12.5237 6188
12.5273 6664
12.589 5712
12.589 6188
12.5926 6664
12.5998 5712
12.5998 6188
12.6034 6664
12.607 5712
12.607 6188
12.6106 6664
12.6142 5712
12.6142 6188
12.6178 6664
12.6178 6188
12.6214 6664
12.6214 5712
12.6214 6188
12.625 6664
12.6286 5712
12.6286 6188
12.6322 5712
12.6939 5236
12.6975 4760
12.7047 4284
12.7083 3808
12.7119 3332
12.7155 2856
12.7191 2380
12.7227 1904
12.7263 1428
12.7263 1904
12.7269 1428
12.7299 1904
12.7335 952
12.7335 1428
12.7371 1904
12.7407 2380
12.7443 2856
12.7479 3332
12.7515 3808
12.7551 4284
12.7587 4760
12.7623 5236
12.7659 5712
12.7695 6188
12.7731 6664
12.7767 7140
12.8348 6188
12.8348 6664
12.8384 7140
12.842 6188
12.842 6664
12.8456 7140
12.8492 6188
12.8492 6664
12.8528 7140
12.8564 6188
12.8564 6664
12.86 7140
12.8636 6188
12.8636 6664
12.8672 7140
12.8708 6188
12.8708 6664
12.8744 7140
12.878 6188
12.878 6664
12.8816 7140
12.9397 6188
12.9397 6664
12.9433 7140
12.9469 6188
12.9469 6664
12.9505 7140
12.9541 6188
12.9541 6664
12.9577 7140
12.9613 6188
12.9613 6664
12.9649 7140
12.9685 6664
12.9685 7140
12.9721 6664
12.9721 7140
12.9757 6188
12.9757 6664
12.9793 7140
12.9793 6664
12.9829 6188
12.9865 5712
13.0446 5236
13.0482 4760
13.0518 4284
13.0554 3808
13.059 3332
13.0626 2856
13.0662 2380
13.0698 1904
13.0734 1428
13.0734 1904
13.077 1428
13.077 1904
13.0806 1428
13.0806 1904
13.0842 2380
13.0878 2856
13.0914 3332
13.095 3808
13.0986 4284
13.1022 4760
13.1058 5236
13.1094 5712
13.113 6188
13.1166 6664
13.1202 7140
13.1238 7616
13.1783 6664
13.1783 7140
13.1819 7616
13.1855 6664
13.1855 7140
13.1891 7616
13.1927 6664
13.1927 7140
13.1963 7616
13.1999 6664
13.1999 7140
13.2035 7616
13.2071 6664
13.2071 7140
13.2107 7616
13.2143 6664
13.2143 7140
13.2179 7616
13.2215 6664
13.2215 7140
13.2251 7616
13.2287 6664
13.2287 7140
13.2323 7616
13.2868 7140
13.2868 7616
13.2904 7140
13.2904 7616
13.2976 6664
13.2976 7140
13.3012 7616
13.3012 7140
13.3048 6188
13.3084 5712
13.3156 5236
13.3192 4760
13.3228 3808
13.3264 3332
13.33 2856
13.3336 2380
13.3372 1904
13.3918 1428
13.3918 1904
13.4026 952
13.4062 1428
13.4062 952
13.4098 1428
13.4134 1904
13.5111 952
13.5111 1428
13.5147 1904
13.5183 2380
13.5183 1428
13.5219 1904
13.5255 2380
13.5291 2856
13.5327 3332
13.5363 3808
13.5399 4284
13.5435 4760
13.5471 5236
13.5507 5712
13.5542 6188
13.5578 6664
13.5614 7140
13.565 7616
13.5686 8092
13.5722 8568
13.5758 9044
13.6196 8092
13.6196 8568
13.6232 9044
13.6268 8568
13.6268 9044
13.634 7616
13.634 8092
13.6376 8568
13.6376 8092
13.6412 8568
13.6448 7616
13.6448 8092
13.6484 7616
13.652 7140
13.6592 6664
13.6628 6188
13.6664 5236
13.67 4760
13.6736 4284
13.6772 3808
13.6808 3332
13.7245 2856
13.7281 2380
13.7317 1904
13.7425 2380
13.7425 1904
13.7461 2380
13.7461 1904
13.7497 2380
13.7497 1904
13.7533 2380
13.7569 2856
13.7605 3332
13.8438 2856
13.8438 3332
13.8474 3808
13.851 4284
13.851 3332
13.8546 3808
13.8582 4284
13.8582 3332
13.8618 3808
13.8654 4284
13.8654 3332
13.869 3808
13.8726 4284
13.8762 4760
13.8798 5236
13.8834 5712
13.887 6188
13.8906 6664
13.8942 7140
13.8978 7616
13.9014 8092
13.905 8568
13.9086 9044
13.9523 8092
13.9523 8568
13.9559 9044
13.9595 8092
13.9595 8568
13.9631 9044
13.9667 8092
13.9667 8568
13.9703 9044
13.9811 8568
13.9811 9044
13.9811 8568
13.9847 9044
13.9847 8568
13.9883 9044
13.9883 7616
13.9883 8092
13.9919 8568
13.9919 8092
13.9955 7616
14.0027 7140
14.0063 6664
14.0099 5712
14.0572 4760
14.0608 4284
14.0644 3808
14.068 3332
14.0716 2856
14.0752 2380
14.086 1904
14.0896 1428
14.0896 1904
14.0932 1428
14.0932 1904
14.0938 1428
14.0968 952
14.0968 1428
14.1004 1904
14.104 2380
14.1076 2856
14.1112 3332
14.1148 3808
14.1945 3332
14.1945 3808
14.1981 4284
14.1987 3808
14.2017 4284
14.2053 4760
14.2053 3808
14.2089 4284
14.2125 4760
14.2125 3808
14.2161 4284
14.2197 4760
14.2197 3808
14.2233 4284
14.2269 4760
14.2305 5236
14.2341 5712
14.2377 6188
14.2413 6664
14.2449 7140
14.2485 7616
14.2521 8092
14.2557 8568
14.2593 9044
14.2629 9520
14.303 8568
14.303 9044
14.3066 9520
14.3102 8568
14.3102 9044
14.3138 9520
14.3174 8568
14.3174 9044
14.321 9520
14.3318 7616
14.3318 8092
14.3354 8568
14.339 9044
14.339 8092
14.3426 8568
14.3462 9044
14.3462 8092
14.3498 8568
14.3534 9044
14.357 9520
14.357 9044
14.357 8568
14.3606 9044
14.3606 8568
14.3642 9044
14.3678 9520
14.3678 8568
14.3714 9044
14.375 9520
14.4079 9044
14.4115 9520
14.4115 8568
14.4151 8092
14.4187 7616
14.4223 7140
14.4259 6664
14.4403 6188
14.4511 4760
14.4547 3808
14.4583 3332
14.4619 2856
14.4655 2380
14.4691 1904
14.4727 1428
14.4727 1904
14.4763 1428
14.4799 1904
14.4799 1428
14.4835 1904
14.5165 1428
14.5165 1904
14.5777 1428
14.5813 1904
14.5848 1428
14.5848 1904
14.5884 1428
14.5884 1904
14.592 2380
14.5956 2856
14.5992 3332
14.6028 3808
14.6064 4284
14.61 4760
14.6136 5236
14.6172 5712
14.6208 6188
14.6244 6664
14.628 7140
14.6316 7616
14.6352 8092
14.6388 8568
14.6424 9044
14.646 9520
14.6496 9996
14.6862 9044
14.6862 9520
14.6897 9996
14.6933 9044
14.6933 9520
14.6969 9996
14.7005 9044
14.7005 9520
14.7041 9996
14.7077 9044
14.7077 9520
14.7113 9996
14.7149 9044
14.7149 9520
14.7185 9996
14.7221 9044
14.7221 9520
14.7257 9996
14.7365 8092
14.7365 8568
14.7401 9044
14.7437 9520
14.7437 8568
14.7473 9044
14.7509 9520
14.7509 8568
14.7545 9044
14.7581 9520
14.7617 9996
14.7911 9044
14.7911 9520
14.7947 9996
14.7982 9044
14.7982 9520
14.8018 9996
14.8054 9044
14.8054 9520
14.809 9996
14.8126 9044
14.8126 9520
14.8162 9996
14.827 8092
14.827 8568
14.8306 9044
14.8342 9520
14.8378 9996
14.8414 9044
14.8414 9520
14.845 9996
14.8486 9520
14.8486 9996
14.8522 9520
14.8522 9996
14.8558 9044
14.8558 9520
14.8594 9996
14.8594 9520
14.863 9044
14.8666 8568
14.896 8092
14.8996 7616
14.9032 7140
14.9068 6664
14.9104 6188
14.914 5712
14.9176 5236
14.9212 4760
14.932 4284
14.9392 3808
14.9428 3332
14.9464 2380
14.95 1904
14.9536 1428
14.9536 1904
14.9572 1428
14.9572 1904
14.9608 1428
14.9608 1904
14.9644 1428
14.9644 1904
14.968 2380
14.9716 2856
14.9752 3332
14.9788 3808
14.9824 4284
14.986 4760
14.9896 5236
14.9932 5712
14.9968 6188
15.0004 6664
15.0039 7140
15.0075 7616
15.0111 8092
15.0585 7616
15.0585 8092
15.0621 8568
15.0657 8092
15.0657 8568
15.0693 9044
15.0693 8092
15.0729 8568
15.0765 9044
15.0765 8092
15.0801 8568
15.0837 9044
15.0837 8092
15.0873 8568
15.0909 9044
15.0909 8092
15.0945 8568
15.0981 9044
15.1017 9520
15.1053 9996
15.1053 8092
15.1089 8568
15.1124 9044
15.116 9520
15.1161 9044
15.1161 8568
15.1196 9044
15.1232 9520
15.1268 9996
15.1304 10472
15.1634 9996
15.1634 10472
15.167 9520
15.167 9996
15.1706 10472
15.1706 9996
15.1742 10472
15.1742 9996
15.1778 9520
15.1814 9044
15.185 8568
15.1886 8092
15.1922 7616
15.1994 6664
15.1994 7140
15.203 6664
15.2066 6188
15.2102 5712
15.2138 5236
15.2174 4760
15.221 4284
15.2246 3808
15.2282 3332
15.2318 2856
15.2354 2380
15.2683 1904
15.2719 1428
15.2755 1904
15.2761 1428
15.2791 1904
15.2827 2380
15.2863 2856
15.2899 3332
15.2935 3808
15.2971 4284
15.3007 4760
15.3043 5236
15.3079 5712
15.3115 6188
15.3151 6664
15.3187 7140
15.3223 7616
15.3259 8092
15.3295 8568
15.3331 9044
15.3367 9520
15.3403 9996
15.3439 10472
15.3475 10948
15.3768 9996
15.3768 10472
15.3804 10948
15.384 9996
15.384 10472
15.3876 10948
15.3912 9996
15.3912 10472
15.3948 10948
15.3984 9996
15.3984 10472
15.402 10948
15.4056 9996
15.4056 10472
15.4092 10948
15.4128 10472
15.4128 10948
15.4164 10472
15.4164 10948
15.42 9996
15.42 10472
15.4236 10948
15.4236 10472
15.4272 9996
15.4308 9520
15.4344 9044
15.438 8568
15.4416 8092
15.4452 7616
15.4488 7140
15.4817 6664
15.4853 6188
15.4889 5236
15.4925 4760
15.4961 4284
15.4997 3808
15.5033 3332
15.5069 2856
15.5105 2380
15.5141 1904
15.5177 1428
15.5177 1904
15.5213 1428
15.5213 1904
15.5249 1428
15.5249 1904
15.5285 1428
15.5285 1904
15.5321 2380
15.5357 2856
15.5393 3332
15.5429 3808
15.5465 4284
15.5501 4760
15.5537 5236
15.5573 5712
15.5609 6188
15.6226 5712
15.6226 6188
15.6262 6664
15.6298 6188
15.6298 6664
15.6334 7140
15.6334 6188
15.637 6664
15.6406 7140
15.6406 6188
15.6442 6664
15.6478 7140
15.6478 6188
15.6514 6664
15.655 7140
15.655 6188
15.6586 6664
15.6622 7140
15.6658 7616
15.6694 8092
15.673 8568
15.6766 9044
15.6802 9520
15.6838 9996
15.6874 10472
15.691 10948
15.6946 11424
15.7275 9520
15.7275 9996
15.7311 10472
15.7347 10948
15.7347 9996
15.7383 10472
15.7419 10948
15.7419 9996
15.7455 10472
15.7491 10948
15.7491 9996
15.7527 10472
15.7563 10948
15.7563 9996
15.7599 10472
15.7635 10948
15.7635 9996
15.7671 10472
15.7707 10948
15.7707 9996
15.7743 10472
15.7779 10948
15.7779 9996
15.7815 10472
15.7851 10948
15.7887 11424
15.7923 9520
15.7923 9996
15.7959 10472
15.7995 10948
15.7995 9996
15.8031 10472
15.8067 10948
15.8103 11424
15.836 10472
15.836 10948
15.8396 11424
15.8432 10948
15.8432 11424
15.8468 10948
15.8468 11424
15.8504 10472
15.8504 10948
15.854 11424
15.854 10948
15.8576 10472
15.8612 9996
15.8648 9520
15.8684 9044
15.872 8568
15.8756 8092
15.8792 7616
15.8828 7140
15.8864 6664
15.89 6188
15.8936 5712
15.8972 5236
15.9044 4284
15.9044 4760
15.908 4284
15.9116 3808
15.9152 3332
15.9409 2856
15.9445 2380
15.9481 1904
15.9517 1428
15.9517 1904
15.9553 1428
15.9553 1904
15.9589 2380
15.9625 2856
15.9661 3332
15.9697 3808
15.9733 4284
15.9769 4760
15.9805 5236
15.9841 5712
15.9877 6188
15.9913 6664
15.9949 7140
15.9985 7616
16.0021 8092
16.0057 8568
16.0093 7616
16.0093 8092
16.0129 8568
16.0165 9044
16.0201 9520
16.0237 9996
16.0273 10472
16.0309 10948
16.0345 11424
16.0381 11900
16.0602 10948
16.0602 11424
16.0638 11900
16.0674 10948
16.0674 11424
16.071 11900
16.0746 10948
16.0746 11424
16.0782 11900
16.0818 10948
16.0818 11424
16.0854 11900
16.0926 11424
16.0926 11900
16.0926 11424
16.0962 11900
16.0962 11424
16.0998 11900
16.0998 10948
16.1034 11424
16.1034 10948
16.107 11424
16.107 10948
16.1106 10472
16.1142 9996
16.1178 9520
16.125 9044
16.1286 8568
16.1322 7616
16.1358 7140
16.1394 6664
16.143 6188
16.1652 5712
16.1688 5236
16.1724 4760
16.176 4284
16.1796 3808
16.1831 3332
16.1867 2856
16.1903 2380
16.1976 1904
16.2012 1428
16.2012 1904
16.2048 1428
16.2048 1904
16.2083 1428
16.2084 1904
16.2119 1428
16.212 1904
16.2155 2380
16.2191 2856
16.2227 3332
16.2263 3808
16.2299 4284
16.3061 3808
16.3061 4284
16.3097 4760
16.3132 4284
16.3133 4760
16.3169 5236
16.3169 4284
16.3205 4760
16.324 5236
16.324 4284
16.3276 4760
16.3312 5236
16.3312 4284
16.3348 4760
16.3384 5236
16.342 5712
16.3456 6188
16.3492 6664
16.3528 7140
16.3564 7616
16.36 8092
16.3636 8568
16.3672 9044
16.3708 9520
16.3744 9996
16.378 10472
16.3816 10948
16.3852 11424
16.3888 11900
16.411 10948
16.411 11424
16.4146 11900
16.4182 11424
16.4182 11900
16.4218 11424
16.4218 11900
16.4254 10948
16.4254 11424
16.429 11900
16.429 11424
16.4326 10948
16.4362 10472
16.4398 9996
16.4434 9520
16.447 9044
16.4506 8568
16.4542 8092
16.4578 7616
16.4614 7140
16.4649 6664
16.4721 5712
16.4721 6188
16.4757 5712
16.4793 5236
16.4829 4760
16.4865 4284
16.4901 3808
16.4937 3332
16.5159 2856
16.5195 2380
16.5231 1904
16.5267 1428
16.5267 1904
16.5303 1428
16.5303 1904
16.5339 2380
16.5375 2856
16.5411 3332
16.5447 3808
16.5483 4284
16.5519 4760
16.5555 5236
16.5591 5712
16.5627 6188
16.5663 6664
16.5699 7140
16.5735 7616
16.577 6664
16.5771 7140
16.5807 7616
16.5843 8092
16.5879 8568
16.5915 9044
16.5951 9520
16.5987 9996
16.6022 10472
16.6058 10948
16.6094 11424
16.613 11900
16.6166 12376
16.6352 11424
16.6352 11900
16.6388 12376
16.6424 11424
16.6424 11900
16.646 12376
16.6532 11900
16.6532 12376
16.6532 11900
16.6568 12376
16.6568 11900
16.6604 12376
16.6604 11424
16.664 11900
16.6676 12376
16.6676 11900
16.6712 12376
16.6712 11900
16.6748 10948
16.6784 10472
16.682 9996
16.6856 9520
16.6928 8568
16.6964 8092
16.7 7616
16.7036 7140
16.7108 6664
16.7144 6188
16.718 5236
16.7216 4760
16.7401 4284
16.7437 3808
16.7473 3332
16.7509 2856
16.7581 2380
16.7617 1904
16.7653 1428
16.7653 1904
16.7689 1428
16.7689 1904
16.7725 1428
16.7725 1904
16.7761 1428
16.7761 1904
16.8702 1428
16.8738 1904
16.8744 1428
16.8774 1904
16.881 952
16.881 1428
16.8846 1904
16.8882 2380
16.8918 2856
16.8954 3332
16.899 3808
16.9026 4284
16.9062 4760
16.9098 5236
16.9134 5712
16.917 6188
16.9206 6664
16.9242 7140
16.9278 7616
16.9314 8092
16.935 8568
16.9386 9044
16.9422 9520
16.9458 9996
16.9494 10472
16.953 10948
16.9566 11424
16.9602 11900
16.9638 12376
16.9674 12852
16.9823 11900
16.9823 12376
16.9859 12852
16.9895 11900
16.9895 12376
16.9931 12852
16.9967 11900
16.9967 12376
17.0003 12852
17.0039 11900
17.0039 12376
17.0075 12852
17.0147 12376
17.0147 12852
17.0147 12376
17.0183 12852
17.0183 12376
17.0219 12852
17.0219 11900
17.0255 12376
17.0255 11900
17.0291 12376
17.0291 11900
17.0327 11424
17.0363 10948
17.0435 10472
17.0471 9996
17.0507 9044
17.0543 8568
17.0579 8092
17.0615 7616
17.0651 7140
17.0687 6664
17.0723 6188
17.0873 5712
17.0909 5236
17.0945 4760
17.0981 4284
17.1017 3808
17.1052 3332
17.1088 2856
17.1124 2380
17.1197 1904
17.1233 1428
17.1233 1904
17.1269 1428
17.1269 1904
17.131 1428
17.134 952
17.1346 1428
17.1382 1904
17.1418 2380
17.1454 2856
17.149 3332
17.1526 3808
17.1562 4284
17.2282 3808
17.2282 4284
17.2318 4760
17.2354 5236
17.2359 4760
17.239 5236
17.2426 5712
17.2431 4760
17.2461 5236
17.2497 5712
17.2503 4760
17.2533 5236
17.2569 5712
17.2575 4760
17.2605 5236
17.2641 5712
17.2677 6188
17.2713 6664
17.2749 7140
17.2785 7616
17.2821 8092
17.2857 8568
17.2893 9044
17.2929 9520
17.2965 9996
17.3001 10472
17.3037 10948
17.3073 11424
17.3109 11900
17.3145 12376
17.3181 12852
17.3331 11900
17.3331 12376
17.3367 12852
17.3403 11900
17.3403 12376
17.3439 12852
17.3475 12376
17.3475 12852
17.3511 12376
17.3511 12852
17.3583 11424
17.3583 11900
17.3619 12376
17.3619 11900
17.3655 12376
17.3655 11900
17.3691 12376
17.3691 11900
17.3727 11424
17.3763 10948
17.3799 10472
17.3835 9996
17.387 9520
17.3906 9044
17.3942 8568
17.4015 8092
17.4051 7616
17.4087 6664
17.4123 6188
17.4158 5712
17.423 4760
17.438 4284
17.4416 3808
17.4452 3332
17.4488 2856
17.456 1904
17.4668 2380
17.4668 1904
17.4704 2380
17.4704 1904
17.474 2380
17.474 1904
17.4776 2380
17.4812 2856
17.4848 3332
17.4884 3808
17.492 4284
17.4956 4760
17.4992 5236
17.5028 5712
17.5064 6188
17.51 6664
17.5681 6188
17.5681 6664
17.5717 7140
17.5753 7616
17.5753 6664
17.5789 7140
17.5825 7616
17.5825 6664
17.5861 7140
17.5897 7616
17.5897 6664
17.5933 7140
17.5969 7616
17.5969 6664
17.6005 7140
17.6041 7616
17.6041 6664
17.6077 7140
17.6113 7616
17.6113 6664
17.6149 7140
17.6185 7616
17.6221 8092
17.6257 8568
17.6293 9044
17.6328 9520
17.6364 9996
17.64 10472
17.6436 10948
17.6472 11424
17.6508 11900
17.6544 12376
17.658 12852
17.6616 13328
17.6652 13804
17.673 12852
17.673 13328
17.6766 13804
17.6802 12852
17.6802 13328
17.6838 13804
17.6874 12852
17.6874 13328
17.691 13804
17.6946 12852
17.6946 13328
17.6982 13804
17.7018 12852
17.7018 13328
17.7054 13804
17.709 12852
17.709 13328
17.7126 13804
17.7162 12852
17.7162 13328
17.7198 13804
17.7234 12852
17.7234 13328
17.727 13804
17.7306 12852
17.7306 13328
17.7342 13804
17.7378 12852
17.7378 13328
17.7413 13804
17.7449 12852
17.7449 13328
17.7485 13804
17.7521 12852
17.7521 13328
17.7557 13804
17.7593 12852
17.7593 13328
17.7629 13804
17.7665 12852
17.7665 13328
17.7701 13804
17.7779 12852
17.7779 13328
17.7815 13804
17.7887 13328
17.7887 13804
17.7887 13328
17.7923 13804
17.7923 13328
17.7959 13804
17.7959 12852
17.7995 13328
17.7995 12852
17.8031 13328
17.8031 12852
17.8067 12376
17.8103 11900
17.8139 11424
17.8175 10948
17.8211 10472
17.8247 9996
17.8283 9520
17.8319 9044
17.8355 8568
17.8391 8092
17.8427 7616
17.8463 7140
17.8499 6664
17.8535 6188
17.8571 5712
17.8607 5236
17.8643 4760
17.8679 4284
17.8715 3808
17.8751 3332
17.8864 2380
17.8864 2856
17.8936 2380
17.8972 1904
17.9008 1428
17.9008 1904
17.9044 1428
17.9044 1904
17.908 2380
17.9116 2856
17.9152 3332
17.9188 3808
17.9224 4284
17.926 4760
17.9296 5236
17.9332 5712
17.9368 6188
17.9404 6664
17.944 7140
17.9476 7616
17.9512 8092
17.9548 8568
17.9584 9044
17.962 9520
17.9656 9996
17.9692 10472
17.9728 10948
17.9764 11424
17.98 11900
17.9836 12376
17.9872 12852
17.9908 13328
17.9944 13804
18.0093 12852
18.0093 13328
18.0129 13804
18.0129 12376
18.0129 12852
18.0165 13328
18.0165 12852
18.0201 12376
18.0309 10948
18.0417 9996
18.0453 9044
18.0489 8568
18.0525 8092
18.0561 7616
18.0597 7140
18.0633 6664
18.0669 6188
18.0705 5712
18.0777 5236
18.0813 4760
18.0849 3808
18.0885 3332
18.0921 2856
18.0957 2380
18.0993 1904
18.1044 0
18.1044 476
18.1142 952
18.1178 1428
18.1184 952
18.1214 0
18.1214 476
18.125 952
18.1286 1428
18.1322 1904
18.2264 0
18.2264 476
18.23 952
18.23 476
18.2336 952
18.2336 476
18.2372 952
18.2372 0
18.2408 476
18.2443 952
18.2479 1428
18.2515 1904
18.3313 0
18.3313 476
18.3349 952
18.3385 1428
18.3421 1904
18.4398 952
18.4398 1428
18.4434 1904
18.447 952
18.447 1428
18.4506 1904
18.5483 952
18.5483 1428
18.5519 1904
18.5555 952
18.5555 1428
18.5591 1904
18.6568 952
18.6568 1428
18.6604 1904
18.664 952
18.664 1428
18.6676 1904
18.7653 952
18.7653 1428
18.7689 1904
18.7725 952
18.7725 1428
18.7761 1904
18.8738 952
18.8738 1428
18.8774 1904
18.881 952
18.881 1428
18.8846 1904
18.9823 952
18.9823 1428
18.9859 1904
18.9895 952
18.9895 1428
18.9931 1904
19.0908 952
19.0908 1428
19.0944 1904
19.098 952
19.098 1428
19.1016 1904
19.1993 952
19.1993 1428
19.2029 1904
19.2065 952
19.2065 1428
19.21 1904
19.3078 952
19.3078 1428
19.3114 1904
19.315 952
19.315 1428
19.3185 1904
19.4163 952
19.4163 1428
19.4199 1904
19.4235 952
19.4235 1428
19.427 1904
19.5248 952
19.5248 1428
19.5284 1904
19.532 952
19.532 1428
19.5355 1904
19.6333 952
19.6333 1428
19.6369 1904
19.6404 952
19.6404 1428
19.644 1904
19.7418 952
19.7418 1428
19.7454 1904
19.7489 952
19.7489 1428
19.7525 1904
19.8503 952
19.8503 1428
19.8539 1904
19.8574 952
19.8574 1428
19.861 1904
19.9588 952
19.9588 1428
19.9623 1904
19.9659 952
19.9659 1428
19.9695 1904
20.0673 952
20.0673 1428
20.0708 1904
20.0744 952
20.0744 1428
20.078 1904
20.1758 952
20.1758 1428
20.1793 1904
20.1829 952
20.1829 1428
20.1865 1904
20.2843 952
20.2843 1428
20.2878 1904
20.2914 952
20.2914 1428
20.295 1904
20.3927 952
20.3927 1428
20.3963 1904
20.3999 952
20.3999 1428
20.4035 1904
20.5012 952
20.5012 1428
20.5048 1904
20.6098 952
20.6098 1428
20.6098 952
20.6134 1428
20.617 1904
20.7147 952
20.7147 1428
20.7183 1904
20.7183 1428
20.7219 1904
20.7219 1428
20.7255 1904
20.8268 476
20.8268 952
20.8304 1428
20.834 1904
20.8376 2380
20.9317 1428
20.9317 1904
20.9353 2380
20.9389 1428
20.9389 1904
20.9425 2380
21.0366 1428
21.0366 1904
21.0402 2380
21.0438 1428
21.0438 1904
21.0474 2380
21.1415 1428
21.1415 1904
21.1451 2380
21.1487 1428
21.1487 1904
21.1523 2380
21.2464 1428
21.2464 1904
21.25 2380
21.3513 476
21.3513 952
21.3549 1428
21.3585 1904
21.3621 2380
21.4562 1428
21.4562 1904
21.4598 2380
21.4634 1428
21.4634 1904
21.467 2380
21.5611 1428
21.5611 1904
21.5647 2380
21.5683 1428
21.5683 1904
21.5719 2380
21.666 1428
21.666 1904
21.6696 2380
21.6732 1428
21.6732 1904
21.6768 2380
21.7709 1428
21.7709 1904
21.7745 2380
21.7781 1428
21.7781 1904
21.7817 2380
21.8758 1428
21.8758 1904
21.8794 2380
21.9807 476
21.9807 952
21.9843 1428
21.9879 1904
21.9915 2380
22.0856 1428
22.0856 1904
22.0892 2380
22.0928 1428
22.0928 1904
22.0964 2380
22.1905 1428
22.1905 1904
22.1941 2380
22.1977 1428
22.1977 1904
22.2013 2380
22.2954 1428
22.2954 1904
22.299 2380
22.3026 1904
22.3026 2380
22.3062 1904
22.3062 2380
22.4003 1428
22.4003 1904
22.4039 2380
22.4039 1904
22.4075 1428
22.4075 1904
22.4111 1428
22.4111 1904
22.5052 1428
22.5052 1904
22.5088 2380
22.5124 2856
22.5124 1904
22.516 2380
22.5196 2856
22.6101 1904
22.6101 2380
22.6137 2856
22.6173 1904
22.6173 2380
22.6209 2856
22.7186 952
22.7186 1428
22.7222 1904
22.7258 2380
22.7258 1428
22.7294 1904
22.733 2380
22.7366 2856
22.8271 1904
22.8271 2380
22.8307 2856
22.8343 1904
22.8343 2380
22.8379 2856
22.8415 1904
22.8415 2380
22.8451 2856
22.9356 1904
22.9356 2380
22.9392 2856
22.9428 1904
22.9428 2380
22.9464 2856
22.95 1904
22.95 2380
22.9536 2856
23.0477 2380
23.0477 2856
23.0477 2380
23.0513 2856
23.0513 2380
23.0549 2856
23.0585 1428
23.0585 1904
23.0621 2380
23.0657 2856
23.1526 2380
23.1562 2856
23.1562 2380
23.1598 1904
23.1634 1428
23.167 1904
23.1706 952
23.1706 1428
23.1742 1904
23.1778 2380
23.1814 2856
23.185 3332
23.2683 2856
23.2683 3332
23.2755 2380
23.2755 2856
23.2791 3332
23.2827 2380
23.2827 2856
23.2863 3332
23.3732 2856
23.3732 3332
23.3732 2856
23.3768 3332
23.3804 2856
23.3804 3332
23.384 2380
23.384 2856
23.3876 3332
23.3876 2856
23.3912 3332
23.3912 2856
23.4781 2380
23.4817 1904
23.4853 1428
23.4853 1904
23.4889 1428
23.4889 1904
23.4931 1428
23.4931 1904
23.4967 2380
23.5003 2856
23.5039 3332
23.5075 3808
23.5902 2856
23.5902 3332
23.5938 3808
23.598 2856
23.598 3332
23.6016 3808
23.6052 2856
23.6052 3332
23.6088 3808
23.6124 2856
23.6124 3332
23.616 3808
23.6987 2856
23.6987 3332
23.7023 3808
23.7065 2856
23.7065 3332
23.7101 3808
23.7137 2856
23.7137 3332
23.7173 3808
23.7209 2856
23.7209 3332
23.7245 3808
23.8114 3332
23.8114 3808
23.8114 3332
23.815 3808
23.815 3332
23.8186 3808
23.8186 2856
23.8222 3332
23.8222 2856
23.8258 3332
23.8258 2856
23.8294 2380
23.9164 1904
23.92 1428
23.92 1904
23.9235 1428
23.9235 1904
23.9277 1428
23.9277 1904
23.9313 2380
23.9349 2856
23.9385 3332
23.9421 3808
24.0249 2856
24.0249 3332
24.0285 3808
24.0326 2856
24.0326 3332
24.0362 3808
24.0398 2856
24.0398 3332
24.0434 3808
24.1334 1904
24.1334 2380
24.137 2856
24.1405 3332
24.1411 2380
24.1441 2856
24.1477 3332
24.1483 2380
24.1513 2856
24.1549 3332
24.1585 3808
24.2419 2856
24.2419 3332
24.2455 3808
24.2527 3332
24.2527 3808
24.2527 3332
24.2563 3808
24.2563 3332
24.2599 3808
24.2599 2856
24.2635 3332
24.2635 2856
24.2671 3332
24.3468 2856
24.3504 2380
24.3576 1904
24.3612 1428
24.3612 1904
24.3648 1428
24.3648 1904
24.3684 1428
24.3684 1904
24.372 2380
24.3756 2856
24.3792 3332
24.3828 3808
24.4661 2856
24.4661 3332
24.4697 3808
24.4733 2856
24.4733 3332
24.4769 3808
24.4805 2856
24.4805 3332
24.4841 3808
24.4877 2856
24.4877 3332
24.4913 3808
24.5782 3332
24.5782 3808
24.5782 3332
24.5818 3808
24.5818 3332
24.5854 3808
24.5854 2856
24.589 3332
24.589 2856
24.5926 3332
24.5926 2856
24.5962 2380
24.6831 1904
24.6867 1428
24.6867 1904
24.6939 1428
24.6975 1904
24.7916 1428
24.7916 1904
24.7988 1428
24.7988 1904
24.8024 2380
24.806 2856
24.8096 3332
24.8132 3808
24.8965 2856
24.8965 3332
24.9001 3808
24.9073 2856
24.9073 3332
24.9109 3808
24.9145 2856
24.9145 3332
24.9181 3808
25.0014 2856
25.0014 3332
25.005 3808
25.0122 2856
25.0122 3332
25.0158 3808
25.0194 2856
25.0194 3332
25.023 3808
25.023 3332
25.0266 3808
25.1063 2856
25.1063 3332
25.1099 3808
25.1099 3332
25.1171 2856
25.1207 2380
25.1243 1904
25.1279 1428
25.1279 1904
25.1315 1428
25.1315 1904
25.2112 1428
25.2112 1904
25.2148 2380
25.2184 2856
25.222 3332
25.2256 3808
25.2292 4284
25.2328 3332
25.2328 3808
25.2364 4284
25.3161 3332
25.3161 3808
25.3197 4284
25.3233 3332
25.3233 3808
25.3269 4284
25.3305 3332
25.3305 3808
25.3341 4284
25.3377 3332
25.3377 3808
25.3413 4284
25.421 3332
25.421 3808
25.4246 4284
25.4282 3332
25.4282 3808
25.4318 4284
25.4354 3332
25.4354 3808
25.439 4284
25.4426 3332
25.4426 3808
25.4462 4284
25.5259 3332
25.5259 3808
25.5295 4284
25.5331 3332
25.5331 3808
25.5367 4284
25.5403 3808
25.5403 4284
25.5439 3808
25.5439 4284
25.5475 3332
25.5475 3808
25.5511 4284
25.5511 3808
25.6308 3332
25.638 2380
25.638 2856
25.6416 2380
25.6452 1904
25.6488 1428
25.6488 1904
25.6524 1428
25.6524 1904
25.656 2380
25.6596 2856
25.6632 3332
25.6668 3808
25.6704 4284
25.674 4760
25.7429 3808
25.7429 4284
25.7465 4760
25.7573 3808
25.7573 4284
25.7609 4760
25.7645 3808
25.7645 4284
25.7681 4760
25.7717 3808
25.7717 4284
25.7753 4760
25.7789 3808
25.7789 4284
25.7825 4760
25.8514 3808
25.8514 4284
25.855 4760
25.8658 3808
25.8658 4284
25.8694 4760
25.873 3808
25.873 4284
25.8766 4760
25.8802 3808
25.8802 4284
25.8838 4760
25.8874 3808
25.8874 4284
25.891 4760
25.9599 3808
25.9599 4284
25.9635 4760
25.978 4284
25.978 4760
25.978 4284
25.9816 4760
25.9816 4284
25.9852 4760
25.9852 3808
25.9888 4284
25.9888 3808
25.9924 4284
25.9924 3808
25.996 3332
26.0649 2856
26.0685 2380
26.0829 1904
26.0865 1428
26.0865 1904
26.0901 1428
26.0901 1904
26.0943 1428
26.0943 1904
26.0979 2380
26.1015 2856
26.1051 3332
26.1087 3808
26.1123 4284
26.1159 4760
26.1914 3808
26.1914 4284
26.195 4760
26.1992 3808
26.1992 4284
26.2028 4760
26.2064 3808
26.2064 4284
26.21 4760
26.2136 3808
26.2136 4284
26.2172 4760
26.2208 3808
26.2208 4284
26.2244 4760
26.2999 3808
26.2999 4284
26.3035 4760
26.3077 3808
26.3077 4284
26.3113 4760
26.3221 2856
26.3221 3332
26.3257 3808
26.3293 4284
26.3293 3332
26.3329 3808
26.3364 4284
26.34 4760
26.4084 3808
26.4084 4284
26.412 4760
26.4162 3808
26.4162 4284
26.4198 4760
26.4342 4284
26.4342 4760
26.4342 4284
26.4378 4760
26.4378 4284
26.4414 4760
26.4414 3808
26.445 4284
26.445 3808
26.4486 4284
26.5133 3808
26.5169 3332
26.5211 2856
26.5247 2380
26.5391 1904
26.5427 1428
26.5427 1904
26.5463 1428
26.5463 1904
26.5499 1428
26.5499 1904
26.5535 2380
26.5571 2856
26.5607 3332
26.5643 3808
26.5679 4284
26.5715 4760
26.6476 4284
26.6476 4760
26.6512 4284
26.6512 4760
26.6548 3808
26.6548 4284
26.6584 4760
26.6584 4284
26.662 3808
26.6692 2856
26.6692 3332
26.6728 2856
26.6764 2380
26.7499 0
26.7499 476
26.7535 952
26.7561 476
26.7571 952
26.7597 0
26.7607 476
26.7643 952
26.7679 1428
26.7715 1904
26.7741 952
26.7751 1428
26.7787 1904
26.9741 0
26.9741 476
27.3741 0
27.3741 476
28.1741 0
28.1741 476
29.7741 0
29.7741 476
32.9741 0
32.9741 476
39.3741 0
39.3741 476
52.1741 0
