0.010001 1 -0
0.110001 1 0.00819798
0.110001 2 -0
0.210001 1 0.283328
0.210001 2 0.00819798
0.310001 1 0.383829
0.310001 2 0.018283
0.410001 1 0.505537
0.410001 2 0.0280531
0.510001 1 0.589629
0.510001 2 0.034236
0.610001 1 0.639958
0.610001 2 0.0379709
0.710001 1 0.677835
0.710001 2 0.0404714
0.810001 1 0.704484
0.810001 2 0.0422628
0.910001 1 0.72684
0.910001 2 0.0436091
1.01 1 0.743224
1.01 2 0.0442639
1.11 1 0.78878
1.11 2 0.0448884
1.21 1 0.801505
1.21 2 0.045524
1.31 1 0.812122
1.31 2 0.0460763
1.41 1 0.821116
1.41 2 0.0463582
1.51 1 0.828832
1.51 2 0.0466618
1.61 1 0.835524
1.61 2 0.0470178
1.71 1 0.841384
1.71 2 0.0473464
1.81 1 0.846557
1.81 2 0.0474929
1.91 1 0.85025
1.91 2 0.0478123
2.01 1 0.85222
2.01 2 0.0478987
2.11 1 0.854827
2.11 2 0.0490906
2.21 1 0.856408
2.21 2 0.0492907
2.31 1 0.858608
2.31 2 0.0494718
2.41 1 0.859899
2.41 2 0.0496365
2.51 1 0.862463
2.51 2 0.0497868
2.61 1 0.862854
2.61 2 0.0499247
2.71 1 0.865117
2.71 2 0.0500516
2.81 1 0.865387
2.81 2 0.0501687
2.91 1 0.867406
2.91 2 0.0502772
3.01 1 0.867583
3.01 2 0.0502672
3.11 1 0.880884
3.11 2 0.050365
3.21 1 0.882508
3.21 2 0.050339
3.31 1 0.884028
3.31 2 0.0504044
3.41 1 0.885452
3.41 2 0.0503919
3.51 1 0.886791
3.51 2 0.0504746
3.61 1 0.888051
3.61 2 0.0504484
3.71 1 0.88924
3.71 2 0.0505037
3.81 1 0.890362
3.81 2 0.0504989
3.91 1 0.891424
3.91 2 0.0505614
4.01 1 0.890968
4.01 2 0.0505635
4.11 1 0.891762
4.11 2 0.051094
4.21 1 0.89132
4.21 2 0.0511454
4.31 1 0.892069
4.31 2 0.0511943
4.41 1 0.89164
4.41 2 0.0512408
4.51 1 0.892348
4.51 2 0.0512851
4.61 1 0.89211
4.61 2 0.0513273
4.71 1 0.892604
4.71 2 0.0513676
4.81 1 0.893082
4.81 2 0.0514061
4.91 1 0.892839
4.91 2 0.051443
5.01 1 0.893292
5.01 2 0.0514195
5.11 1 0.900189
5.11 2 0.0514493
5.21 1 0.900791
5.21 2 0.0514332
5.31 1 0.901369
5.31 2 0.0514329
5.41 1 0.901925
5.41 2 0.0514658
5.51 1 0.902459
5.51 2 0.0514392
5.61 1 0.902973
5.61 2 0.0514245
5.71 1 0.903467
5.71 2 0.051437
5.81 1 0.903944
5.81 2 0.051455
5.91 1 0.904404
5.91 2 0.0514304
6.01 1 0.904017
6.01 2 0.0514169
6.11 1 0.904207
6.11 2 0.0514287
6.21 1 0.904385
6.21 2 0.0517861
6.31 1 0.904022
6.31 2 0.0518084
6.41 1 0.904197
6.41 2 0.0518299
6.51 1 0.903967
6.51 2 0.0518508
6.61 1 0.904021
6.61 2 0.051871
6.71 1 0.903801
6.71 2 0.0518905
6.81 1 0.903855
6.81 2 0.0519094
6.91 1 0.903643
6.91 2 0.0519278
7.01 1 0.903698
7.01 2 0.0519456
7.11 1 0.903495
7.11 2 0.0519184
7.21 1 0.908869
7.21 2 0.0519001
7.31 1 0.909171
7.31 2 0.0519033
7.41 1 0.909465
7.41 2 0.0519111
7.51 1 0.90975
7.51 2 0.0518858
7.61 1 0.910027
7.61 2 0.0519028
7.71 1 0.910297
7.71 2 0.0518724
7.81 1 0.910559
7.81 2 0.0518802
7.91 1 0.910815
7.91 2 0.0518566
8.01 1 0.910868
8.01 2 0.0518731
8.11 1 0.910601
8.11 2 0.0518445
8.21 1 0.910564
8.21 2 0.0521108
8.31 1 0.910307
8.31 2 0.0521235
8.41 1 0.91046
8.41 2 0.0521359
8.51 1 0.910026
8.51 2 0.052148
8.61 1 0.91018
8.61 2 0.0521597
8.71 1 0.909759
8.71 2 0.0521712
8.81 1 0.909912
8.81 2 0.0521824
8.91 1 0.909503
8.91 2 0.0521934
9.01 1 0.909656
9.01 2 0.0522041
9.11 1 0.909259
9.11 2 0.0521801
9.21 1 0.913422
9.21 2 0.0521908
9.31 1 0.913607
9.31 2 0.0521625
9.41 1 0.913788
9.41 2 0.052166
9.51 1 0.913965
9.51 2 0.0521434
9.61 1 0.914138
9.61 2 0.052154
9.71 1 0.914308
9.71 2 0.0521273
9.81 1 0.914474
9.81 2 0.0521309
9.91 1 0.914636
9.91 2 0.0521119
10.01 1 0.914795
10.01 2 0.0521202
10.11 1 0.914387
10.11 2 0.0521051
10.21 1 0.912016
10.21 2 0.052307
10.31 1 0.90426
10.31 2 0.0521405
10.41 1 0.897066
10.41 2 0.051698
10.51 1 0.889773
10.51 2 0.0512928
10.61 1 0.882554
10.61 2 0.0508726
10.71 1 0.875482
10.71 2 0.0504567
10.81 1 0.868674
10.81 2 0.0500766
10.91 1 0.868941
10.91 2 0.0496812
11.01 1 0.862146
11.01 2 0.0492896
11.11 1 0.855797
11.11 2 0.0489324
11.21 1 0.849331
11.21 2 0.0485596
11.31 1 0.842922
11.31 2 0.0481903
11.41 1 0.836942
11.41 2 0.0478386
11.51 1 0.830837
11.51 2 0.0478539
11.61 1 0.824783
11.61 2 0.0475019
11.71 1 0.81914
11.71 2 0.047153
11.81 1 0.813367
11.81 2 0.0468357
11.91 1 0.807639
11.91 2 0.0465028
12.01 1 0.802065
12.01 2 0.0461725
12.11 1 0.79644
12.11 2 0.0458729
12.21 1 0.796839
12.21 2 0.0455575
12.31 1 0.79141
12.31 2 0.0452445
12.41 1 0.786363
12.41 2 0.044961
12.51 1 0.781177
12.51 2 0.0446618
12.61 1 0.776026
12.61 2 0.0443681
12.71 1 0.771241
12.71 2 0.0440789
12.81 1 0.766316
12.81 2 0.0440961
12.91 1 0.761421
12.91 2 0.0438119
13.01 1 0.75688
13.01 2 0.0435294
13.11 1 0.752196
13.11 2 0.0432747
13.21 1 0.747437
13.21 2 0.0430043
13.31 1 0.742954
13.31 2 0.0427355
13.41 1 0.743223
13.41 2 0.0424935
13.51 1 0.738763
13.51 2 0.042236
13.61 1 0.734325
13.61 2 0.0419799
13.71 1 0.730219
13.71 2 0.0417498
13.81 1 0.725967
13.81 2 0.0415042
13.91 1 0.721734
13.91 2 0.0412608
14.01 1 0.717824
14.01 2 0.0412599
14.11 1 0.713765
14.11 2 0.0410408
14.21 1 0.709723
14.21 2 0.0408064
14.31 1 0.705994
14.31 2 0.040573
14.41 1 0.702116
14.41 2 0.0403642
14.51 1 0.698174
14.51 2 0.0401401
14.61 1 0.698252
14.61 2 0.039917
14.71 1 0.694692
14.71 2 0.0397178
14.81 1 0.690983
14.81 2 0.0395034
14.91 1 0.687286
14.91 2 0.0392899
15.01 1 0.683884
15.01 2 0.0390996
15.11 1 0.680333
15.11 2 0.038875
15.21 1 0.676792
15.21 2 0.0388943
15.31 1 0.673539
15.31 2 0.0386897
15.41 1 0.670135
15.41 2 0.0385079
15.51 1 0.666741
15.51 2 0.0383111
15.61 1 0.663626
15.61 2 0.0381149
15.71 1 0.660218
15.71 2 0.0379409
15.81 1 0.656671
15.81 2 0.0377521
15.91 1 0.657104
15.91 2 0.0375638
16.01 1 0.654119
16.01 2 0.0373971
16.11 1 0.650985
16.11 2 0.0372158
16.21 1 0.647856
16.21 2 0.037035
16.31 1 0.644994
16.31 2 0.0368752
16.41 1 0.641983
16.41 2 0.0366804
16.51 1 0.638976
16.51 2 0.036701
16.61 1 0.636229
16.61 2 0.0365271
16.71 1 0.633333
16.71 2 0.0363739
16.81 1 0.63044
16.81 2 0.0362063
16.91 1 0.627802
16.91 2 0.036039
17.01 1 0.62469
17.01 2 0.0358919
17.11 1 0.625015
17.11 2 0.0357306
17.21 1 0.62223
17.21 2 0.0355695
17.31 1 0.619694
17.31 2 0.0354281
17.41 1 0.61701
17.41 2 0.0352728
17.51 1 0.614328
17.51 2 0.0351175
17.61 1 0.611887
17.61 2 0.0349632
17.71 1 0.609301
17.71 2 0.0349816
17.81 1 0.606715
17.81 2 0.0348319
17.91 1 0.604366
17.91 2 0.0346822
18.01 1 0.601871
18.01 2 0.0345514
18.11 1 0.599377
18.11 2 0.034407
18.21 1 0.596824
18.21 2 0.0342626
18.31 1 0.594284
18.31 2 0.0341367
18.41 1 0.594707
18.41 2 0.0339972
18.51 1 0.592299
18.51 2 0.0338578
18.61 1 0.590118
18.61 2 0.0337365
18.71 1 0.587793
18.71 2 0.0336018
18.81 1 0.585467
18.81 2 0.0334636
18.91 1 0.583364
18.91 2 0.033332
19.01 1 0.581117
19.01 2 0.0333502
19.11 1 0.578869
19.11 2 0.03322
19.21 1 0.576839
19.21 2 0.0330898
19.31 1 0.574667
19.31 2 0.032977
19.41 1 0.572392
19.41 2 0.0328511
19.51 1 0.570246
19.51 2 0.0327251
19.61 1 0.570533
19.61 2 0.0326163
19.71 1 0.568432
19.71 2 0.0324945
19.81 1 0.566328
19.81 2 0.0323726
19.91 1 0.564434
19.91 2 0.0322675
20.01 1 0.5624
20.01 2 0.0321495
20.11 1 0.560363
20.11 2 0.0320275
20.21 1 0.558533
20.21 2 0.0320315
20.31 1 0.556563
20.31 2 0.0319299
20.41 1 0.55459
20.41 2 0.0318157
20.51 1 0.552819
20.51 2 0.0317013
20.61 1 0.550911
20.61 2 0.0316032
20.71 1 0.548872
20.71 2 0.0314924
20.81 1 0.548998
20.81 2 0.0313815
20.91 1 0.547285
20.91 2 0.0312866
21.01 1 0.545435
21.01 2 0.0311792
21.11 1 0.54358
21.11 2 0.0310717
21.21 1 0.541921
21.21 2 0.0309798
21.31 1 0.540127
21.31 2 0.030861
21.41 1 0.538328
21.41 2 0.0307526
21.51 1 0.536721
21.51 2 0.0307713
21.61 1 0.53498
21.61 2 0.0306824
21.71 1 0.533233
21.71 2 0.0305813
21.81 1 0.531676
21.81 2 0.03048
21.91 1 0.529867
21.91 2 0.0303939
22.01 1 0.527895
22.01 2 0.0302957
22.11 1 0.52829
22.11 2 0.0301973
22.21 1 0.52678
22.21 2 0.0301138
22.31 1 0.525138
22.31 2 0.0300185
22.41 1 0.523491
22.41 2 0.0299228
22.51 1 0.522027
22.51 2 0.0298419
22.61 1 0.520431
22.61 2 0.029731
22.71 1 0.51883
22.71 2 0.0297493
22.81 1 0.51741
22.81 2 0.0296563
22.91 1 0.515858
22.91 2 0.0295779
23.01 1 0.514302
23.01 2 0.0294877
23.11 1 0.512923
23.11 2 0.0293973
23.21 1 0.511123
23.21 2 0.0293212
23.31 1 0.511414
23.31 2 0.0292336
23.41 1 0.5099
23.41 2 0.0291456
23.51 1 0.508561
23.51 2 0.0290717
23.61 1 0.507093
23.61 2 0.0289864
23.71 1 0.50562
23.71 2 0.0289008
23.81 1 0.504319
23.81 2 0.0288124
23.91 1 0.50289
23.91 2 0.0288291
24.01 1 0.501456
24.01 2 0.0287461
24.11 1 0.500192
24.11 2 0.0286627
24.21 1 0.498801
24.21 2 0.0285931
24.31 1 0.497405
24.31 2 0.0285122
24.41 1 0.49591
24.41 2 0.028431
24.51 1 0.494446
24.51 2 0.0283633
24.61 1 0.494821
24.61 2 0.0282845
24.71 1 0.49346
24.71 2 0.0282054
24.81 1 0.492264
24.81 2 0.0281396
24.91 1 0.490945
24.91 2 0.0280629
25.01 1 0.489619
25.01 2 0.0279858
25.11 1 0.488455
25.11 2 0.0279056
25.21 1 0.487169
25.21 2 0.0279218
25.31 1 0.485877
25.31 2 0.0278469
25.41 1 0.484744
25.41 2 0.0277718
25.51 1 0.48349
25.51 2 0.0277095
25.61 1 0.482141
25.61 2 0.0276365
25.71 1 0.480869
25.71 2 0.0275632
25.81 1 0.481128
25.81 2 0.0275027
25.91 1 0.479905
25.91 2 0.0274315
26.01 1 0.478675
26.01 2 0.0273599
26.11 1 0.477602
26.11 2 0.027301
26.21 1 0.476408
26.21 2 0.0272315
26.31 1 0.475209
26.31 2 0.0271569
26.41 1 0.474163
26.41 2 0.0271617
26.51 1 0.472998
26.51 2 0.0271043
26.61 1 0.471827
26.61 2 0.0270365
26.71 1 0.470808
26.71 2 0.0269683
26.81 1 0.469671
26.81 2 0.0269124
26.91 1 0.468401
26.91 2 0.0268462
27.01 1 0.46704
27.01 2 0.0267796
27.11 1 0.467534
27.11 2 0.0267252
27.21 1 0.466424
27.21 2 0.0266605
27.31 1 0.465308
27.31 2 0.0265955
27.41 1 0.464339
27.41 2 0.0265424
27.51 1 0.463254
27.51 2 0.0264674
27.61 1 0.462164
27.61 2 0.0263994
27.71 1 0.461219
27.71 2 0.0264157
27.81 1 0.460159
27.81 2 0.0263639
27.91 1 0.459093
27.91 2 0.0263022
28.01 1 0.458171
28.01 2 0.0262401
28.11 1 0.457036
28.11 2 0.0261896
28.21 1 0.455833
28.21 2 0.0261293
28.31 1 0.456094
28.31 2 0.0260686
28.41 1 0.455194
28.41 2 0.0260194
28.51 1 0.454182
28.51 2 0.0259603
28.61 1 0.453163
28.61 2 0.025901
28.71 1 0.452285
28.71 2 0.025853
28.81 1 0.451295
28.81 2 0.0257794
28.91 1 0.450298
28.91 2 0.0257952
29.01 1 0.449441
29.01 2 0.0257371
29.11 1 0.448472
29.11 2 0.0256903
29.21 1 0.447498
29.21 2 0.0256338
29.31 1 0.44666
29.31 2 0.025577
29.41 1 0.445459
29.41 2 0.0255313
29.51 1 0.445713
29.51 2 0.025476
29.61 1 0.444759
29.61 2 0.0254204
29.71 1 0.443941
29.71 2 0.0253757
29.81 1 0.443014
29.81 2 0.0253216
29.91 1 0.44208
29.91 2 0.0252672
30.01 1 0.441281
30.01 2 0.025209
30.11 1 0.440374
30.11 2 0.0252236
30.21 1 0.43946
30.21 2 0.0251706
30.31 1 0.438678
30.31 2 0.0251173
30.41 1 0.43779
30.41 2 0.0250747
30.51 1 0.436895
30.51 2 0.0250229
30.61 1 0.435926
30.61 2 0.0249706
30.71 1 0.434934
30.71 2 0.024929
30.81 1 0.435261
30.81 2 0.0248782
30.91 1 0.434384
30.91 2 0.0248271
31.01 1 0.433638
31.01 2 0.0247864
31.11 1 0.432785
31.11 2 0.0247366
31.21 1 0.431927
31.21 2 0.0246865
31.31 1 0.431196
31.31 2 0.0246325
31.41 1 0.430361
31.41 2 0.0246468
31.51 1 0.42952
31.51 2 0.024598
31.61 1 0.428805
31.61 2 0.0245489
31.71 1 0.427987
31.71 2 0.02451
31.81 1 0.427084
31.81 2 0.0244622
31.91 1 0.426235
31.91 2 0.0244141
32.01 1 0.426463
32.01 2 0.0243761
32.11 1 0.425661
32.11 2 0.0243292
32.21 1 0.424853
32.21 2 0.024282
32.31 1 0.424169
32.31 2 0.0242448
32.41 1 0.423382
32.41 2 0.0241989
32.51 1 0.42259
32.51 2 0.0241477
32.61 1 0.42192
32.61 2 0.0240922
32.71 1 0.421149
32.71 2 0.0241162
32.81 1 0.420372
32.81 2 0.0240711
32.91 1 0.419716
32.91 2 0.0240257
33.01 1 0.41896
33.01 2 0.0239902
33.11 1 0.418079
33.11 2 0.0239459
33.21 1 0.41713
33.21 2 0.0239014
33.31 1 0.417555
33.31 2 0.0238666
33.41 1 0.416814
33.41 2 0.0238232
33.51 1 0.416065
33.51 2 0.0237795
33.61 1 0.415437
33.61 2 0.0237454
33.71 1 0.414709
33.71 2 0.0236929
33.81 1 0.413975
33.81 2 0.0236458
33.91 1 0.413359
33.91 2 0.0236599
34.01 1 0.412645
34.01 2 0.0236265
34.11 1 0.411924
34.11 2 0.0235848
34.21 1 0.411321
34.21 2 0.0235426
34.31 1 0.410535
34.31 2 0.02351
34.41 1 0.409684
34.41 2 0.0234689
34.51 1 0.409912
34.51 2 0.0234276
34.61 1 0.409321
34.61 2 0.0233956
34.71 1 0.408633
34.71 2 0.0233553
34.81 1 0.407938
34.81 2 0.0233147
34.91 1 0.407359
34.91 2 0.0232834
35.01 1 0.406683
35.01 2 0.02323
35.11 1 0.406001
35.11 2 0.0232438
35.21 1 0.405433
35.21 2 0.0232039
35.31 1 0.404769
35.31 2 0.0231732
35.41 1 0.4041
35.41 2 0.0231344
35.51 1 0.403543
35.51 2 0.0230952
35.61 1 0.402668
35.61 2 0.0230651
35.71 1 0.402891
35.71 2 0.0230269
35.81 1 0.402233
35.81 2 0.0229884
35.91 1 0.401687
35.91 2 0.0229589
36.01 1 0.401046
36.01 2 0.0229214
36.11 1 0.4004
36.11 2 0.0228836
36.21 1 0.399864
36.21 2 0.0228418
36.31 1 0.399235
36.31 2 0.0228547
36.41 1 0.3986
36.41 2 0.0228178
36.51 1 0.398074
36.51 2 0.0227806
36.61 1 0.397456
36.61 2 0.0227523
36.71 1 0.396832
36.71 2 0.0227161
36.81 1 0.396141
36.81 2 0.0226795
36.91 1 0.395421
36.91 2 0.0226518
37.01 1 0.395709
37.01 2 0.0226162
37.11 1 0.395095
37.11 2 0.0225802
37.21 1 0.394589
37.21 2 0.022553
37.31 1 0.393992
37.31 2 0.022518
37.41 1 0.393388
37.41 2 0.0224826
37.51 1 0.392892
37.51 2 0.0224434
37.61 1 0.392305
37.61 2 0.0224559
37.71 1 0.391712
37.71 2 0.0224215
37.81 1 0.391224
37.81 2 0.0223867
37.91 1 0.390647
37.91 2 0.0223605
38.01 1 0.390063
38.01 2 0.0223267
38.11 1 0.389382
38.11 2 0.0222925
38.21 1 0.389585
38.21 2 0.0222668
38.31 1 0.389017
38.31 2 0.0222334
38.41 1 0.388443
38.41 2 0.0221998
38.51 1 0.387973
38.51 2 0.0221746
38.61 1 0.387415
38.61 2 0.0221418
38.71 1 0.386851
38.71 2 0.0221041
38.81 1 0.386389
38.81 2 0.022063
38.91 1 0.38584
38.91 2 0.022084
39.01 1 0.385284
39.01 2 0.0220517
39.11 1 0.384831
39.11 2 0.0220192
39.21 1 0.384291
39.21 2 0.0219949
39.31 1 0.383636
39.31 2 0.0219631
39.41 1 0.382927
39.41 2 0.0219311
39.51 1 0.383299
39.51 2 0.0219072
39.61 1 0.382767
39.61 2 0.021876
39.71 1 0.38223
39.71 2 0.0218445
39.81 1 0.381792
39.81 2 0.0218211
39.91 1 0.381269
39.91 2 0.0217818
40.01 1 0.38074
40.01 2 0.0217547
40.11 1 0.38031
40.11 2 0.0217593
40.21 1 0.379795
40.21 2 0.0217363
40.31 1 0.379274
40.31 2 0.021706
40.41 1 0.378852
40.41 2 0.0216754
40.51 1 0.37827
40.51 2 0.0216529
40.61 1 0.37763
40.61 2 0.0216231
40.71 1 0.377832
40.71 2 0.021593
40.81 1 0.377417
40.81 2 0.0215708
40.91 1 0.376917
40.91 2 0.0215414
41.01 1 0.376412
41.01 2 0.0215118
41.11 1 0.376004
41.11 2 0.02149
41.21 1 0.375513
41.21 2 0.0214489
41.31 1 0.375015
41.31 2 0.0214611
41.41 1 0.374614
41.41 2 0.0214319
41.51 1 0.37413
41.51 2 0.0214105
41.61 1 0.37364
41.61 2 0.021382
41.71 1 0.373246
41.71 2 0.0213533
41.81 1 0.372572
41.81 2 0.0213323
41.91 1 0.372769
41.91 2 0.0213042
42.01 1 0.372287
42.01 2 0.0212759
42.11 1 0.371899
42.11 2 0.0212552
42.21 1 0.37143
42.21 2 0.0212276
42.31 1 0.370954
42.31 2 0.0211997
42.41 1 0.370573
42.41 2 0.0211679
42.51 1 0.37011
42.51 2 0.0211794
42.61 1 0.369642
42.61 2 0.0211521
42.71 1 0.369267
42.71 2 0.0211246
42.81 1 0.368811
42.81 2 0.0211047
42.91 1 0.36835
42.91 2 0.0210778
43.01 1 0.367828
43.01 2 0.0210507
43.11 1 0.367276
43.11 2 0.0210311
43.21 1 0.367532
43.21 2 0.0210047
43.31 1 0.367077
43.31 2 0.0209779
43.41 1 0.366714
43.41 2 0.0209587
43.51 1 0.366272
43.51 2 0.0209326
43.61 1 0.365824
43.61 2 0.0209063
43.71 1 0.365467
43.71 2 0.0208761
43.81 1 0.36503
43.81 2 0.0208873
43.91 1 0.364589
43.91 2 0.0208616
44.01 1 0.364237
44.01 2 0.0208356
44.11 1 0.363807
44.11 2 0.020817
44.21 1 0.363372
44.21 2 0.0207917
44.31 1 0.362845
44.31 2 0.020766
44.41 1 0.363026
44.41 2 0.0207477
44.51 1 0.362602
44.51 2 0.0207227
44.61 1 0.362173
44.61 2 0.0206975
44.71 1 0.361833
44.71 2 0.0206795
44.81 1 0.361415
44.81 2 0.0206548
44.91 1 0.360991
44.91 2 0.0206256
45.01 1 0.360657
45.01 2 0.0205937
45.11 1 0.360244
45.11 2 0.0206122
45.21 1 0.359827
45.21 2 0.0205879
45.31 1 0.359498
45.31 2 0.0205633
45.41 1 0.359091
45.41 2 0.0205459
45.51 1 0.35858
45.51 2 0.0205219
45.61 1 0.358111
45.61 2 0.0204977
45.71 1 0.358355
45.71 2 0.0204805
45.81 1 0.357954
45.81 2 0.0204569
45.91 1 0.357548
45.91 2 0.020433
46.01 1 0.357229
46.01 2 0.0204161
46.11 1 0.356833
46.11 2 0.0203854
46.21 1 0.356433
46.21 2 0.020365
46.31 1 0.356118
46.31 2 0.0203692
46.41 1 0.355728
46.41 2 0.0203526
46.51 1 0.355333
46.51 2 0.0203296
46.61 1 0.355023
46.61 2 0.0203063
46.71 1 0.354573
46.71 2 0.02029
46.81 1 0.354151
46.81 2 0.0202673
46.91 1 0.354249
46.91 2 0.0202443
47.01 1 0.353944
47.01 2 0.0202282
47.11 1 0.353564
47.11 2 0.0202058
47.21 1 0.353179
47.21 2 0.0201831
47.31 1 0.352879
47.31 2 0.0201673
47.41 1 0.352504
47.41 2 0.0201343
47.51 1 0.352124
47.51 2 0.0201452
47.61 1 0.351829
47.61 2 0.0201228
47.71 1 0.351459
47.71 2 0.0201072
47.81 1 0.351084
47.81 2 0.0200854
47.91 1 0.350793
47.91 2 0.0200633
48.01 1 0.350251
48.01 2 0.020048
48.11 1 0.350428
48.11 2 0.0200265
48.21 1 0.350058
48.21 2 0.0200047
48.31 1 0.349771
48.31 2 0.0199896
48.41 1 0.349411
48.41 2 0.0199683
48.51 1 0.349046
48.51 2 0.0199468
48.61 1 0.348763
48.61 2 0.0199216
48.71 1 0.348407
48.71 2 0.0199319
48.81 1 0.348047
48.81 2 0.0199109
48.91 1 0.347768
48.91 2 0.0198897
49.01 1 0.347417
49.01 2 0.019875
49.11 1 0.347061
49.11 2 0.0198543
49.21 1 0.346651
49.21 2 0.0198333
49.31 1 0.346211
49.31 2 0.0198189
49.41 1 0.34644
49.41 2 0.0197984
49.51 1 0.346089
49.51 2 0.0197777
49.61 1 0.345818
49.61 2 0.0197635
49.71 1 0.345476
49.71 2 0.0197433
49.81 1 0.345129
49.81 2 0.0197228
49.91 1 0.344862
49.91 2 0.0196987
50.01 1 0.344524
50.01 2 0.0197088
50.11 1 0.344182
50.11 2 0.0196888
50.21 1 0.343919
50.21 2 0.0196686
50.31 1 0.343585
50.31 2 0.0196548
50.41 1 0.343247
50.41 2 0.0196351
50.51 1 0.342824
50.51 2 0.0196152
50.61 1 0.342988
50.61 2 0.0196016
50.71 1 0.342658
50.71 2 0.0195821
50.81 1 0.342324
50.81 2 0.0195624
50.91 1 0.342068
50.91 2 0.019549
51.01 1 0.341743
51.01 2 0.0195298
51.11 1 0.341413
51.11 2 0.0195063
51.21 1 0.341161
51.21 2 0.0194805
51.31 1 0.340839
51.31 2 0.0194971
51.41 1 0.340513
51.41 2 0.0194781
51.51 1 0.340265
51.51 2 0.0194588
51.61 1 0.339947
51.61 2 0.0194458
51.71 1 0.339534
51.71 2 0.0194271
51.81 1 0.33916
51.81 2 0.019408
51.91 1 0.33938
51.91 2 0.0193952
52.01 1 0.339066
52.01 2 0.0193767
52.11 1 0.338748
52.11 2 0.0193579
52.21 1 0.338506
52.21 2 0.0193453
52.31 1 0.338196
52.31 2 0.0193203
52.41 1 0.337882
52.41 2 0.0193044
52.51 1 0.337644
52.51 2 0.0193083
52.61 1 0.337337
52.61 2 0.0192959
52.71 1 0.337027
52.71 2 0.0192778
52.81 1 0.336791
52.81 2 0.0192594
52.91 1 0.33643
52.91 2 0.0192472
53.01 1 0.336093
53.01 2 0.0192293
53.11 1 0.336182
53.11 2 0.0192111
53.21 1 0.33595
53.21 2 0.019199
53.31 1 0.335651
53.31 2 0.0191813
53.41 1 0.335347
53.41 2 0.0191634
53.51 1 0.335118
53.51 2 0.0191515
53.61 1 0.334823
53.61 2 0.0191242
53.71 1 0.334523
53.71 2 0.019134
53.81 1 0.334297
53.81 2 0.0191162
53.91 1 0.334005
53.91 2 0.0191045
54.01 1 0.333708
54.01 2 0.0190872
54.11 1 0.333486
54.11 2 0.0190697
54.21 1 0.333037
54.21 2 0.0190581
54.31 1 0.333197
54.31 2 0.019041
54.41 1 0.332904
54.41 2 0.0190237
54.51 1 0.332684
54.51 2 0.0190122
54.61 1 0.332398
54.61 2 0.0189953
54.71 1 0.332109
54.71 2 0.0189782
54.81 1 0.331892
54.81 2 0.0189576
54.91 1 0.33161
54.91 2 0.0189406
55.01 1 0.331323
55.01 2 0.0189502
55.11 1 0.331109
55.11 2 0.0189333
55.21 1 0.33083
55.21 2 0.0189222
55.31 1 0.330547
55.31 2 0.0189056
55.41 1 0.330214
55.41 2 0.0188889
55.51 1 0.329852
55.51 2 0.0188779
55.61 1 0.33006
55.61 2 0.0188616
55.71 1 0.32978
55.71 2 0.018845
55.81 1 0.329571
55.81 2 0.0188342
55.91 1 0.329298
55.91 2 0.018818
56.01 1 0.329021
56.01 2 0.0188016
56.11 1 0.328816
56.11 2 0.0187818
56.21 1 0.328546
56.21 2 0.018791
56.31 1 0.328272
56.31 2 0.018775
56.41 1 0.328069
56.41 2 0.0187588
56.51 1 0.327802
56.51 2 0.0187483
56.61 1 0.327531
56.61 2 0.0187325
56.71 1 0.327182
56.71 2 0.0187164
56.81 1 0.32733
56.81 2 0.0187061
56.91 1 0.327067
56.91 2 0.0186904
57.01 1 0.326799
57.01 2 0.0186745
57.11 1 0.326601
57.11 2 0.0186643
57.21 1 0.32634
57.21 2 0.0186488
57.31 1 0.326075
57.31 2 0.0186294
57.41 1 0.325879
57.41 2 0.018608
57.51 1 0.325621
57.51 2 0.018623
57.61 1 0.325359
57.61 2 0.0186077
57.71 1 0.325166
57.71 2 0.0185922
57.81 1 0.324911
57.81 2 0.0185822
57.91 1 0.324568
57.91 2 0.0185671
58.01 1 0.32426
58.01 2 0.0185517
58.11 1 0.324461
58.11 2 0.0185419
58.21 1 0.324208
58.21 2 0.0185269
58.31 1 0.323952
58.31 2 0.0185117
58.41 1 0.323763
58.41 2 0.018502
58.51 1 0.323513
58.51 2 0.0184872
58.61 1 0.32326
58.61 2 0.0184685
58.71 1 0.323074
58.71 2 0.0184721
58.81 1 0.322826
58.81 2 0.0184626
58.91 1 0.322575
58.91 2 0.0184479
59.01 1 0.322392
59.01 2 0.018433
59.11 1 0.322094
59.11 2 0.0184236
59.21 1 0.321816
59.21 2 0.018409
59.31 1 0.321899
59.31 2 0.0183943
59.41 1 0.321717
59.41 2 0.018385
59.51 1 0.321475
59.51 2 0.0183706
59.61 1 0.321229
59.61 2 0.018356
59.71 1 0.32105
59.71 2 0.0183468
59.81 1 0.320811
59.81 2 0.0183237
59.91 1 0.320567
59.91 2 0.0183326
60.01 1 0.32039
60.01 2 0.0183182
60.11 1 0.320153
60.11 2 0.0183091
60.21 1 0.319912
60.21 2 0.018295
60.31 1 0.319737
60.31 2 0.0182807
60.41 1 0.319357
60.41 2 0.0182718
60.51 1 0.319503
60.51 2 0.0182578
60.61 1 0.319264
60.61 2 0.0182437
60.71 1 0.319092
60.71 2 0.0182348
60.81 1 0.31886
60.81 2 0.018221
60.91 1 0.318624
60.91 2 0.018207
61.01 1 0.318453
61.01 2 0.0181898
61.11 1 0.318223
61.11 2 0.0181758
61.21 1 0.31799
61.21 2 0.0181846
61.31 1 0.317821
61.31 2 0.0181707
61.41 1 0.317594
61.41 2 0.0181621
61.51 1 0.317362
61.51 2 0.0181486
61.61 1 0.317085
61.61 2 0.0181349
61.71 1 0.31678
61.71 2 0.0181264
61.81 1 0.316971
61.81 2 0.018113
61.91 1 0.316742
61.91 2 0.0180994
62.01 1 0.316577
62.01 2 0.018091
62.11 1 0.316354
62.11 2 0.0180777
62.21 1 0.316127
62.21 2 0.0180643
62.31 1 0.315965
62.31 2 0.0180476
62.41 1 0.315744
62.41 2 0.018056
62.51 1 0.31552
62.51 2 0.0180428
62.61 1 0.315359
62.61 2 0.0180295
62.71 1 0.31514
62.71 2 0.0180213
62.81 1 0.314918
62.81 2 0.0180083
62.91 1 0.314623
62.91 2 0.0179951
63.01 1 0.314759
63.01 2 0.017987
63.11 1 0.314543
63.11 2 0.0179742
63.21 1 0.314323
63.21 2 0.0179611
63.31 1 0.314166
63.31 2 0.0179531
63.41 1 0.313952
63.41 2 0.0179403
63.51 1 0.313734
63.51 2 0.0179239
63.61 1 0.313579
63.61 2 0.0179058
63.71 1 0.313367
63.71 2 0.0179195
63.81 1 0.313151
63.81 2 0.0179069
63.91 1 0.312997
63.91 2 0.017894
64.01 1 0.312787
64.01 2 0.0178863
64.11 1 0.312496
64.11 2 0.0178737
64.21 1 0.312238
64.21 2 0.017861
64.31 1 0.312422
64.31 2 0.0178534
64.41 1 0.312214
64.41 2 0.017841
64.51 1 0.312003
64.51 2 0.0178284
64.61 1 0.311853
64.61 2 0.0178208
64.71 1 0.311647
64.71 2 0.0178085
64.81 1 0.311437
64.81 2 0.0177926
64.91 1 0.311289
64.91 2 0.017796
65.01 1 0.311085
65.01 2 0.0177885
65.11 1 0.310877
65.11 2 0.0177764
65.21 1 0.310731
65.21 2 0.017764
65.31 1 0.31048
65.31 2 0.0177566
65.41 1 0.310247
65.41 2 0.0177446
65.51 1 0.310323
65.51 2 0.0177323
65.61 1 0.310178
65.61 2 0.017725
65.71 1 0.309978
65.71 2 0.0177131
65.81 1 0.309774
65.81 2 0.0177009
65.91 1 0.309631
65.91 2 0.0176937
66.01 1 0.309433
66.01 2 0.0176737
66.11 1 0.309231
66.11 2 0.0176819
66.21 1 0.309089
66.21 2 0.0176699
66.31 1 0.308893
66.31 2 0.0176627
66.41 1 0.308693
66.41 2 0.017651
66.51 1 0.308553
66.51 2 0.0176391
66.61 1 0.308224
66.61 2 0.017632
66.71 1 0.307982
66.71 2 0.0176204
66.81 1 0.30816
66.81 2 0.0176086
66.91 1 0.308022
66.91 2 0.0176017
67.01 1 0.307829
67.01 2 0.0175902
67.11 1 0.307633
67.11 2 0.0175785
67.21 1 0.307496
67.21 2 0.0175637
67.31 1 0.307305
67.31 2 0.0175521
67.41 1 0.30711
67.41 2 0.0175602
67.51 1 0.306975
67.51 2 0.0175486
67.61 1 0.306785
67.61 2 0.0175418
67.71 1 0.306593
67.71 2 0.0175305
67.81 1 0.306357
67.81 2 0.017519
67.91 1 0.306139
67.91 2 0.0175123
68.01 1 0.306271
68.01 2 0.0175011
68.11 1 0.30608
68.11 2 0.0174897
68.21 1 0.305948
68.21 2 0.017483
68.31 1 0.305762
68.31 2 0.0174719
68.41 1 0.305573
68.41 2 0.0174607
68.51 1 0.305442
68.51 2 0.0174464
68.61 1 0.305258
68.61 2 0.0174541
68.71 1 0.30507
68.71 2 0.0174431
68.81 1 0.30494
68.81 2 0.0174319
68.91 1 0.304758
68.91 2 0.0174254
69.01 1 0.304572
69.01 2 0.0174145
69.11 1 0.304318
69.11 2 0.0174034
69.21 1 0.304444
69.21 2 0.017397
69.31 1 0.304263
69.31 2 0.0173862
69.41 1 0.304079
69.41 2 0.0173752
69.51 1 0.303952
69.51 2 0.0173689
69.61 1 0.303773
69.61 2 0.0173582
69.71 1 0.30359
69.71 2 0.0173441
69.81 1 0.303465
69.81 2 0.0173284
69.91 1 0.303287
69.91 2 0.017341
70.01 1 0.303106
70.01 2 0.0173304
70.11 1 0.302982
70.11 2 0.0173196
70.21 1 0.302806
70.21 2 0.0173134
70.31 1 0.302585
70.31 2 0.0173029
70.41 1 0.302334
70.41 2 0.0172922
70.51 1 0.302504
70.51 2 0.017286
70.61 1 0.302329
70.61 2 0.0172756
70.71 1 0.302151
70.71 2 0.017265
70.81 1 0.30203
70.81 2 0.0172589
70.91 1 0.301857
70.91 2 0.0172486
71.01 1 0.30168
71.01 2 0.0172349
71.11 1 0.30156
71.11 2 0.0172381
71.21 1 0.301389
71.21 2 0.0172321
71.31 1 0.301214
71.31 2 0.0172218
71.41 1 0.301095
71.41 2 0.0172114
71.51 1 0.300925
71.51 2 0.0172055
71.61 1 0.300681
71.61 2 0.0171953
71.71 1 0.300752
71.71 2 0.017185
71.81 1 0.300634
71.81 2 0.0171791
71.91 1 0.300465
71.91 2 0.017169
72.01 1 0.300294
72.01 2 0.0171588
72.11 1 0.300177
72.11 2 0.017153
72.21 1 0.30001
72.21 2 0.0171354
72.31 1 0.29984
72.31 2 0.017143
72.41 1 0.299724
72.41 2 0.0171328
72.51 1 0.299559
72.51 2 0.0171271
72.61 1 0.29939
72.61 2 0.0171172
72.71 1 0.299276
72.71 2 0.0171071
72.81 1 0.298987
72.81 2 0.0171014
72.91 1 0.29878
72.91 2 0.0170916
73.01 1 0.298944
73.01 2 0.0170816
73.11 1 0.298831
73.11 2 0.017076
73.21 1 0.298668
73.21 2 0.0170662
73.31 1 0.298502
73.31 2 0.0170563
73.41 1 0.298391
73.41 2 0.0170435
73.51 1 0.298229
73.51 2 0.0170337
73.61 1 0.298064
73.61 2 0.0170411
73.71 1 0.297954
73.71 2 0.0170313
73.81 1 0.297794
73.81 2 0.0170258
73.91 1 0.29763
73.91 2 0.0170162
74.01 1 0.297428
74.01 2 0.0170065
74.11 1 0.29724
74.11 2 0.0170011
74.21 1 0.297362
74.21 2 0.0169915
74.31 1 0.2972
74.31 2 0.0169819
74.41 1 0.297092
74.41 2 0.0169765
74.51 1 0.296934
74.51 2 0.0169671
74.61 1 0.296774
74.61 2 0.0169575
74.71 1 0.296666
74.71 2 0.016945
74.81 1 0.29651
74.81 2 0.0169522
74.91 1 0.296351
74.91 2 0.0169428
75.01 1 0.296245
75.01 2 0.0169333
75.11 1 0.29609
75.11 2 0.0169281
75.21 1 0.295932
75.21 2 0.0169188
75.31 1 0.29571
75.31 2 0.0169093
75.41 1 0.295827
75.41 2 0.0169042
75.51 1 0.295673
75.51 2 0.0168949
75.61 1 0.295516
75.61 2 0.0168856
75.71 1 0.295412
75.71 2 0.0168805
75.81 1 0.29526
75.81 2 0.0168713
75.91 1 0.295104
75.91 2 0.016859
76.01 1 0.295001
76.01 2 0.0168453
76.11 1 0.29485
76.11 2 0.016857
76.21 1 0.294696
76.21 2 0.0168479
76.31 1 0.294594
76.31 2 0.0168387
76.41 1 0.294444
76.41 2 0.0168337
76.51 1 0.294252
76.51 2 0.0168247
76.61 1 0.294033
76.61 2 0.0168155
76.71 1 0.29419
76.71 2 0.0168106
76.81 1 0.294042
76.81 2 0.0168016
76.91 1 0.29389
76.91 2 0.0167925
77.01 1 0.29379
77.01 2 0.0167877
77.11 1 0.293642
77.11 2 0.0167788
77.21 1 0.293492
77.21 2 0.0167668
77.31 1 0.293393
77.31 2 0.0167698
77.41 1 0.293246
77.41 2 0.0167649
77.51 1 0.293097
77.51 2 0.0167562
77.61 1 0.292999
77.61 2 0.0167472
77.71 1 0.292854
77.71 2 0.0167424
77.81 1 0.292639
77.81 2 0.0167337
77.91 1 0.292706
77.91 2 0.0167248
78.01 1 0.292609
78.01 2 0.0167201
78.11 1 0.292465
78.11 2 0.0167114
78.21 1 0.292318
78.21 2 0.0167026
78.31 1 0.292222
78.31 2 0.016698
78.41 1 0.292079
78.41 2 0.0166823
78.51 1 0.291933
78.51 2 0.0166894
78.61 1 0.291838
78.61 2 0.0166806
78.71 1 0.291696
78.71 2 0.016676
78.81 1 0.291551
78.81 2 0.0166675
78.91 1 0.291457
78.91 2 0.0166588
79.01 1 0.291201
79.01 2 0.0166542
79.11 1 0.291019
79.11 2 0.0166458
79.21 1 0.291173
79.21 2 0.0166372
79.31 1 0.291079
79.31 2 0.0166326
79.41 1 0.29094
79.41 2 0.0166242
79.51 1 0.290797
79.51 2 0.0166157
79.61 1 0.290705
79.61 2 0.0166044
79.71 1 0.290566
79.71 2 0.0165959
79.81 1 0.290425
79.81 2 0.0166029
79.91 1 0.290333
79.91 2 0.0165944
80.01 1 0.290196
80.01 2 0.0165899
80.11 1 0.290055
80.11 2 0.0165817
80.21 1 0.289878
80.21 2 0.0165733
80.31 1 0.289715
80.31 2 0.0165689
80.41 1 0.289828
80.41 2 0.0165607
80.51 1 0.289689
80.51 2 0.0165523
80.61 1 0.289599
80.61 2 0.016548
80.71 1 0.289464
80.71 2 0.0165398
80.81 1 0.289326
80.81 2 0.0165315
80.91 1 0.289237
80.91 2 0.0165206
81.01 1 0.289102
81.01 2 0.0165272
81.11 1 0.288965
81.11 2 0.0165192
81.21 1 0.288877
81.21 2 0.0165109
81.31 1 0.288744
81.31 2 0.0165067
81.41 1 0.288608
81.41 2 0.0164987
81.51 1 0.288411
81.51 2 0.0164905
81.61 1 0.28852
81.61 2 0.0164863
81.71 1 0.288388
81.71 2 0.0164783
81.81 1 0.288253
81.81 2 0.0164702
81.91 1 0.288167
81.91 2 0.016466
82.01 1 0.288035
82.01 2 0.0164581
82.11 1 0.287901
82.11 2 0.0164472
82.21 1 0.287816
82.21 2 0.0164351
82.31 1 0.287685
82.31 2 0.0164459
82.41 1 0.287552
82.41 2 0.0164381
82.51 1 0.287467
82.51 2 0.0164301
82.61 1 0.287338
82.61 2 0.016426
82.71 1 0.28717
82.71 2 0.0164182
82.81 1 0.286975
82.81 2 0.0164103
82.91 1 0.287122
82.91 2 0.0164063
83.01 1 0.286993
83.01 2 0.0163985
83.11 1 0.286862
83.11 2 0.0163907
83.21 1 0.286779
83.21 2 0.0163867
83.31 1 0.286651
83.31 2 0.016379
83.41 1 0.286521
83.41 2 0.0163683
83.51 1 0.286439
83.51 2 0.0163712
83.61 1 0.286312
83.61 2 0.0163672
83.71 1 0.286183
83.71 2 0.0163596
83.81 1 0.286101
83.81 2 0.0163518
83.91 1 0.285976
83.91 2 0.0163479
84.01 1 0.285785
84.01 2 0.0163403
84.11 1 0.285847
84.11 2 0.0163326
84.21 1 0.285766
84.21 2 0.0163287
84.31 1 0.285642
84.31 2 0.0163212
84.41 1 0.285514
84.41 2 0.0163136
84.51 1 0.285434
84.51 2 0.0163097
84.61 1 0.28531
84.61 2 0.0162957
84.71 1 0.285184
84.71 2 0.0163023
84.81 1 0.285104
84.81 2 0.0162947
84.91 1 0.284981
84.91 2 0.0162909
85.01 1 0.284856
85.01 2 0.0162835
85.11 1 0.284777
85.11 2 0.0162759
85.21 1 0.284547
85.21 2 0.0162722
85.31 1 0.284387
85.31 2 0.0162648
85.41 1 0.28453
85.41 2 0.0162573
85.51 1 0.284452
85.51 2 0.0162536
85.61 1 0.284331
85.61 2 0.0162463
85.71 1 0.284207
85.71 2 0.0162388
85.81 1 0.28413
85.81 2 0.0162288
85.91 1 0.28401
85.91 2 0.0162214
86.01 1 0.283887
86.01 2 0.0162279
86.11 1 0.28381
86.11 2 0.0162205
86.21 1 0.283691
86.21 2 0.0162169
86.31 1 0.283569
86.31 2 0.0162097
86.41 1 0.283412
86.41 2 0.0162023
86.51 1 0.283268
86.51 2 0.0161987
86.61 1 0.283374
86.61 2 0.0161916
86.71 1 0.283253
86.71 2 0.0161843
86.81 1 0.283178
86.81 2 0.0161807
86.91 1 0.28306
86.91 2 0.0161736
87.01 1 0.28294
87.01 2 0.0161664
87.11 1 0.282865
87.11 2 0.0161566
87.21 1 0.282748
87.21 2 0.0161628
87.31 1 0.282629
87.31 2 0.0161558
87.41 1 0.282555
87.41 2 0.0161486
87.51 1 0.282439
87.51 2 0.0161451
87.61 1 0.28232
87.61 2 0.0161381
87.71 1 0.282145
87.71 2 0.0161309
87.81 1 0.282247
87.81 2 0.0161275
87.91 1 0.282132
87.91 2 0.0161205
88.01 1 0.282014
88.01 2 0.0161134
88.11 1 0.281941
88.11 2 0.01611
88.21 1 0.281827
88.21 2 0.0161031
88.31 1 0.28171
88.31 2 0.0160933
88.41 1 0.281638
88.41 2 0.0160865
88.51 1 0.281524
88.51 2 0.0160926
88.61 1 0.281408
88.61 2 0.0160858
88.71 1 0.281337
88.71 2 0.0160787
88.81 1 0.281224
88.81 2 0.0160754
88.91 1 0.281075
88.91 2 0.0160686
89.01 1 0.2809
89.01 2 0.0160616
89.11 1 0.281038
89.11 2 0.0160583
89.21 1 0.280926
89.21 2 0.0160515
89.31 1 0.280811
89.31 2 0.0160446
89.41 1 0.280741
89.41 2 0.0160413
89.51 1 0.28063
89.51 2 0.0160346
89.61 1 0.280516
89.61 2 0.0160251
89.71 1 0.280446
89.71 2 0.0160277
89.81 1 0.280336
89.81 2 0.0160245
89.91 1 0.280223
89.91 2 0.0160178
90.01 1 0.280154
90.01 2 0.016011
90.11 1 0.280044
90.11 2 0.0160077
90.21 1 0.279873
90.21 2 0.0160011
90.31 1 0.279932
90.31 2 0.0159943
90.41 1 0.279863
90.41 2 0.0159911
90.51 1 0.279754
90.51 2 0.0159845
90.61 1 0.279643
90.61 2 0.0159778
90.71 1 0.279575
90.71 2 0.0159746
90.81 1 0.279467
90.81 2 0.0159619
90.91 1 0.279356
90.91 2 0.0159681
91.01 1 0.279289
91.01 2 0.0159614
91.11 1 0.279181
91.11 2 0.0159583
91.21 1 0.279071
91.21 2 0.0159517
91.31 1 0.279005
91.31 2 0.0159451
91.41 1 0.278796
91.41 2 0.015942
91.51 1 0.278654
91.51 2 0.0159355
91.61 1 0.278788
91.61 2 0.0159289
91.71 1 0.278722
91.71 2 0.0159259
91.81 1 0.278616
91.81 2 0.0159194
91.91 1 0.278508
91.91 2 0.0159129
92.01 1 0.278442
92.01 2 0.0159039
92.11 1 0.278337
92.11 2 0.0158974
92.21 1 0.278229
92.21 2 0.0159035
92.31 1 0.278164
92.31 2 0.0158969
92.41 1 0.278059
92.41 2 0.0158939
92.51 1 0.277952
92.51 2 0.0158876
92.61 1 0.277812
92.61 2 0.0158811
92.71 1 0.277684
92.71 2 0.0158781
92.81 1 0.277784
92.81 2 0.0158718
92.91 1 0.277677
92.91 2 0.0158654
93.01 1 0.277614
93.01 2 0.0158624
93.11 1 0.27751
93.11 2 0.0158562
93.21 1 0.277404
93.21 2 0.0158498
93.31 1 0.277341
93.31 2 0.015841
93.41 1 0.277238
93.41 2 0.0158469
93.51 1 0.277133
93.51 2 0.0158406
93.61 1 0.277071
93.61 2 0.0158343
93.71 1 0.276969
93.71 2 0.0158314
93.81 1 0.276864
93.81 2 0.0158252
93.91 1 0.276706
93.91 2 0.0158189
94.01 1 0.276802
94.01 2 0.015816
94.11 1 0.276701
94.11 2 0.0158099
94.21 1 0.276597
94.21 2 0.0158036
94.31 1 0.276535
94.31 2 0.0158008
94.41 1 0.276435
94.41 2 0.0157947
94.51 1 0.276331
94.51 2 0.0157859
94.61 1 0.276271
94.61 2 0.0157798
94.71 1 0.27617
94.71 2 0.0157856
94.81 1 0.276068
94.81 2 0.0157796
94.91 1 0.276007
94.91 2 0.0157734
95.01 1 0.275908
95.01 2 0.0157706
95.11 1 0.275774
95.11 2 0.0157645
95.21 1 0.275617
95.21 2 0.0157584
95.31 1 0.275746
95.31 2 0.0157556
95.41 1 0.275647
95.41 2 0.0157496
95.51 1 0.275546
95.51 2 0.0157435
95.61 1 0.275487
95.61 2 0.0157408
95.71 1 0.275388
95.71 2 0.0157348
95.81 1 0.275288
95.81 2 0.0157262
95.91 1 0.275229
95.91 2 0.0157288
96.01 1 0.275131
96.01 2 0.015726
96.11 1 0.275031
96.11 2 0.0157201
96.21 1 0.274973
96.21 2 0.0157141
96.31 1 0.274876
96.31 2 0.0157114
96.41 1 0.274721
96.41 2 0.0157055
96.51 1 0.274777
96.51 2 0.0156995
96.61 1 0.274719
96.61 2 0.0156969
96.71 1 0.274622
96.71 2 0.015691
96.81 1 0.274524
96.81 2 0.0156851
96.91 1 0.274466
96.91 2 0.0156824
97.01 1 0.27437
97.01 2 0.0156708
97.11 1 0.274272
97.11 2 0.0156766
97.21 1 0.274215
97.21 2 0.0156707
97.31 1 0.27412
97.31 2 0.0156681
97.41 1 0.274023
97.41 2 0.0156623
97.51 1 0.273966
97.51 2 0.0156564
97.61 1 0.273776
97.61 2 0.0156538
97.71 1 0.273648
97.71 2 0.0156481
97.81 1 0.273775
97.81 2 0.0156422
97.91 1 0.273719
97.91 2 0.0156397
98.01 1 0.273625
98.01 2 0.015634
98.11 1 0.273529
98.11 2 0.0156281
98.21 1 0.273473
98.21 2 0.0156223
98.31 1 0.27338
98.31 2 0.0156142
98.41 1 0.273284
98.41 2 0.0156199
98.51 1 0.273229
98.51 2 0.0156141
98.61 1 0.273136
98.61 2 0.0156116
98.71 1 0.273041
98.71 2 0.015606
98.81 1 0.272915
98.81 2 0.0156003
98.91 1 0.2728
98.91 2 0.0155978
99.01 1 0.272894
99.01 2 0.0155922
99.11 1 0.272799
99.11 2 0.0155864
99.21 1 0.272745
99.21 2 0.015584
99.31 1 0.272653
99.31 2 0.0155784
99.41 1 0.27256
99.41 2 0.0155727
99.51 1 0.272506
99.51 2 0.0155647
99.61 1 0.272415
99.61 2 0.0155703
99.71 1 0.272321
99.71 2 0.0155648
99.81 1 0.272268
99.81 2 0.0155591
99.91 1 0.272177
99.91 2 0.0155567
100.01 1 0.272085
100.01 2 0.0155512
100.11 1 0.271941
100.11 2 0.0155456
100.21 1 0.271818
100.21 2 0.0155432
100.31 1 0.271942
100.31 2 0.0155377
100.41 1 0.271849
100.41 2 0.0155321
100.51 1 0.271797
100.51 2 0.0155297
100.61 1 0.271707
100.61 2 0.0155243
100.71 1 0.271616
100.71 2 0.0155163
100.81 1 0.271564
100.81 2 0.0155109
100.91 1 0.271475
100.91 2 0.0155164
101.01 1 0.271383
101.01 2 0.015511
101.11 1 0.271332
101.11 2 0.0155055
101.21 1 0.271243
101.21 2 0.0155031
101.31 1 0.271123
101.31 2 0.0154978
101.41 1 0.271012
101.41 2 0.0154923
101.51 1 0.271102
101.51 2 0.01549
101.61 1 0.271014
101.61 2 0.0154846
101.71 1 0.270924
101.71 2 0.0154792
101.81 1 0.270873
101.81 2 0.0154769
101.91 1 0.270785
101.91 2 0.0154716
102.01 1 0.270696
102.01 2 0.0154638
102.11 1 0.270645
102.11 2 0.0154661
102.21 1 0.270559
102.21 2 0.0154639
102.31 1 0.27047
102.31 2 0.0154586
102.41 1 0.27042
102.41 2 0.0154532
102.51 1 0.270333
102.51 2 0.015451
102.61 1 0.270192
102.61 2 0.0154457
102.71 1 0.270245
102.71 2 0.0154404
102.81 1 0.270195
102.81 2 0.0154381
102.91 1 0.270109
102.91 2 0.0154329
103.01 1 0.270021
103.01 2 0.0154276
103.11 1 0.269972
103.11 2 0.0154254
103.21 1 0.269887
103.21 2 0.0154147
103.31 1 0.269799
103.31 2 0.0154202
103.41 1 0.269751
103.41 2 0.0154149
103.51 1 0.269666
103.51 2 0.0154127
103.61 1 0.269579
103.61 2 0.0154075
103.71 1 0.26953
103.71 2 0.0154023
103.81 1 0.269376
103.81 2 0.0154001
103.91 1 0.26924
103.91 2 0.015395
104.01 1 0.26936
104.01 2 0.0153897
104.11 1 0.269312
104.11 2 0.0153876
104.21 1 0.269228
104.21 2 0.0153825
104.31 1 0.269142
104.31 2 0.0153773
104.41 1 0.269094
104.41 2 0.0153721
104.51 1 0.269011
104.51 2 0.0153647
104.61 1 0.268925
104.61 2 0.0153701
104.71 1 0.268878
104.71 2 0.0153649
104.81 1 0.268795
104.81 2 0.0153628
104.91 1 0.26871
104.91 2 0.0153578
105.01 1 0.268625
105.01 2 0.0153526
105.11 1 0.268492
105.11 2 0.0153505
105.21 1 0.268581
105.21 2 0.0153455
105.31 1 0.268496
105.31 2 0.0153404
105.41 1 0.26845
105.41 2 0.0153383
105.51 1 0.268368
105.51 2 0.0153333
105.61 1 0.268284
105.61 2 0.0153282
105.71 1 0.268238
105.71 2 0.0153209
105.81 1 0.268156
105.81 2 0.0153262
105.91 1 0.268073
105.91 2 0.0153212
106.01 1 0.268027
106.01 2 0.0153161
106.11 1 0.267946
106.11 2 0.0153141
106.21 1 0.267863
106.21 2 0.0153092
106.31 1 0.267731
106.31 2 0.0153041
106.41 1 0.26762
106.41 2 0.0153021
106.51 1 0.267737
106.51 2 0.0152972
106.61 1 0.267654
106.61 2 0.0152922
106.71 1 0.267609
106.71 2 0.0152902
106.81 1 0.267529
106.81 2 0.0152853
106.91 1 0.267447
106.91 2 0.0152781
107.01 1 0.267402
107.01 2 0.0152732
107.11 1 0.267323
107.11 2 0.0152784
107.21 1 0.267241
107.21 2 0.0152735
107.31 1 0.267197
107.31 2 0.0152686
107.41 1 0.267117
107.41 2 0.0152666
107.51 1 0.267008
107.51 2 0.0152618
107.61 1 0.266907
107.61 2 0.0152569
107.71 1 0.266992
107.71 2 0.0152549
107.81 1 0.266913
107.81 2 0.0152501
107.91 1 0.266833
107.91 2 0.0152452
108.01 1 0.266789
108.01 2 0.0152433
108.11 1 0.266711
108.11 2 0.0152385
108.21 1 0.26663
108.21 2 0.0152314
108.31 1 0.266587
108.31 2 0.0152337
108.41 1 0.266509
108.41 2 0.0152318
108.51 1 0.266429
108.51 2 0.015227
108.61 1 0.266386
108.61 2 0.0152222
108.71 1 0.266309
108.71 2 0.0152203
108.81 1 0.26618
108.81 2 0.0152156
108.91 1 0.266229
108.91 2 0.0152107
109.01 1 0.266187
109.01 2 0.0152089
109.11 1 0.26611
109.11 2 0.0152042
109.21 1 0.266031
109.21 2 0.0151994
109.31 1 0.265988
109.31 2 0.0151975
109.41 1 0.265912
109.41 2 0.0151876
109.51 1 0.265833
109.51 2 0.0151928
109.61 1 0.265791
109.61 2 0.0151881
109.71 1 0.265715
109.71 2 0.0151862
109.81 1 0.265637
109.81 2 0.0151816
109.91 1 0.265595
109.91 2 0.0151768
110.01 1 0.265453
110.01 2 0.015175
110.11 1 0.265328
110.11 2 0.0151704
110.21 1 0.265442
110.21 2 0.0151657
110.31 1 0.2654
110.31 2 0.0151639
110.41 1 0.265325
110.41 2 0.0151593
110.51 1 0.265248
110.51 2 0.0151546
110.61 1 0.265206
110.61 2 0.0151499
110.71 1 0.265132
110.71 2 0.0151431
110.81 1 0.265055
110.81 2 0.0151482
110.91 1 0.265014
110.91 2 0.0151435
111.01 1 0.264939
111.01 2 0.0151418
111.11 1 0.264863
111.11 2 0.0151372
111.21 1 0.264787
111.21 2 0.0151326
111.31 1 0.264664
111.31 2 0.0151308
111.41 1 0.264748
111.41 2 0.0151263
111.51 1 0.264672
111.51 2 0.0151217
111.61 1 0.264632
111.61 2 0.0151199
111.71 1 0.264558
111.71 2 0.0151154
111.81 1 0.264483
111.81 2 0.0151108
111.91 1 0.264443
111.91 2 0.0151042
112.01 1 0.26437
112.01 2 0.0151091
112.11 1 0.264294
112.11 2 0.0151046
112.21 1 0.264255
112.21 2 0.0151001
112.31 1 0.264182
112.31 2 0.0150984
112.41 1 0.264107
112.41 2 0.0150939
112.51 1 0.263986
112.51 2 0.0150894
112.61 1 0.263884
112.61 2 0.0150877
112.71 1 0.263995
112.71 2 0.0150832
112.81 1 0.263921
112.81 2 0.0150787
112.91 1 0.263882
112.91 2 0.015077
113.01 1 0.26381
113.01 2 0.0150726
113.11 1 0.263736
113.11 2 0.0150659
113.21 1 0.263697
113.21 2 0.0150615
113.31 1 0.263625
113.31 2 0.0150665
113.41 1 0.263552
113.41 2 0.0150621
113.51 1 0.263513
113.51 2 0.0150576
113.61 1 0.263442
113.61 2 0.0150559
113.71 1 0.263341
113.71 2 0.0150516
113.81 1 0.26325
113.81 2 0.0150471
113.91 1 0.26333
113.91 2 0.0150455
114.01 1 0.263259
114.01 2 0.0150412
114.11 1 0.263187
114.11 2 0.0150367
114.21 1 0.263149
114.21 2 0.0150351
114.31 1 0.263078
114.31 2 0.0150308
114.41 1 0.263006
114.41 2 0.0150242
114.51 1 0.262968
114.51 2 0.0150264
114.61 1 0.262898
114.61 2 0.0150248
114.71 1 0.262826
114.71 2 0.0150205
114.81 1 0.262788
114.81 2 0.0150161
114.91 1 0.262719
114.91 2 0.0150145
115.01 1 0.262599
115.01 2 0.0150102
115.11 1 0.262647
115.11 2 0.0150058
115.21 1 0.26261
115.21 2 0.0150043
115.31 1 0.26254
115.31 2 0.015
115.41 1 0.262469
115.41 2 0.0149957
115.51 1 0.262432
115.51 2 0.0149941
115.61 1 0.262363
115.61 2 0.0149868
115.71 1 0.262292
115.71 2 0.0149899
115.81 1 0.262256
115.81 2 0.0149856
115.91 1 0.262187
115.91 2 0.014984
116.01 1 0.262116
116.01 2 0.0149798
116.11 1 0.26208
116.11 2 0.0149755
116.21 1 0.261949
116.21 2 0.014974
116.31 1 0.261834
116.31 2 0.0149698
116.41 1 0.261941
116.41 2 0.0149655
116.51 1 0.261905
116.51 2 0.014964
116.61 1 0.261837
116.61 2 0.0149598
116.71 1 0.261767
116.71 2 0.0149555
116.81 1 0.261732
116.81 2 0.014954
116.91 1 0.261664
116.91 2 0.014945
117.01 1 0.261594
117.01 2 0.0149499
117.11 1 0.261559
117.11 2 0.0149457
117.21 1 0.261492
117.21 2 0.0149442
117.31 1 0.261422
117.31 2 0.01494
117.41 1 0.261353
117.41 2 0.0149358
117.51 1 0.26124
117.51 2 0.0149343
117.61 1 0.26132
117.61 2 0.0149302
117.71 1 0.261251
117.71 2 0.014926
117.81 1 0.261216
117.81 2 0.0149246
117.91 1 0.26115
117.91 2 0.0149205
118.01 1 0.261081
118.01 2 0.0149163
118.11 1 0.261047
118.11 2 0.0149101
118.21 1 0.26098
118.21 2 0.0149149
118.31 1 0.260912
118.31 2 0.0149108
118.41 1 0.260878
118.41 2 0.0149066
118.51 1 0.260812
118.51 2 0.0149052
118.61 1 0.260744
118.61 2 0.0149012
118.71 1 0.260632
118.71 2 0.014897
118.81 1 0.260538
118.81 2 0.0148956
118.91 1 0.260644
118.91 2 0.0148916
119.01 1 0.260577
119.01 2 0.0148875
119.11 1 0.260543
119.11 2 0.014886
119.21 1 0.260477
119.21 2 0.014882
119.31 1 0.26041
119.31 2 0.0148758
119.41 1 0.260377
119.41 2 0.0148719
119.51 1 0.260312
119.51 2 0.0148765
119.61 1 0.260245
119.61 2 0.0148726
119.71 1 0.260211
119.71 2 0.0148685
119.81 1 0.260147
119.81 2 0.0148671
119.91 1 0.260054
119.91 2 0.0148631
120.01 1 0.25997
120.01 2 0.0148591
120.11 1 0.260047
120.11 2 0.0148577
120.21 1 0.259983
120.21 2 0.0148537
120.31 1 0.259917
120.31 2 0.0148497
120.41 1 0.259884
120.41 2 0.0148483
120.51 1 0.25982
120.51 2 0.0148444
120.61 1 0.259754
120.61 2 0.0148383
120.71 1 0.259721
120.71 2 0.0148404
120.81 1 0.259657
120.81 2 0.014839
120.91 1 0.259592
120.91 2 0.0148351
121.01 1 0.259559
121.01 2 0.0148311
121.11 1 0.259496
121.11 2 0.0148298
121.21 1 0.259385
121.21 2 0.0148259
121.31 1 0.259431
121.31 2 0.0148219
121.41 1 0.259399
121.41 2 0.0148206
121.51 1 0.259335
121.51 2 0.0148167
121.61 1 0.259271
121.61 2 0.0148128
121.71 1 0.259239
121.71 2 0.0148115
121.81 1 0.259176
121.81 2 0.0148047
121.91 1 0.259111
121.91 2 0.0148076
122.01 1 0.259079
122.01 2 0.0148037
122.11 1 0.259017
122.11 2 0.0148024
122.21 1 0.258953
122.21 2 0.0147985
122.31 1 0.258921
122.31 2 0.0147946
122.41 1 0.258832
122.41 2 0.0147933
122.51 1 0.258693
122.51 2 0.0147895
122.61 1 0.258795
122.61 2 0.0147856
122.71 1 0.258764
122.71 2 0.0147843
122.81 1 0.258702
122.81 2 0.0147805
122.91 1 0.258638
122.91 2 0.0147766
123.01 1 0.258607
123.01 2 0.0147753
123.11 1 0.258546
123.11 2 0.0147669
123.21 1 0.258482
123.21 2 0.0147716
123.31 1 0.258452
123.31 2 0.0147677
123.41 1 0.25839
123.41 2 0.0147664
123.51 1 0.258327
123.51 2 0.0147627
123.61 1 0.258297
123.61 2 0.0147588
123.71 1 0.258159
123.71 2 0.0147576
123.81 1 0.258236
123.81 2 0.0147538
123.91 1 0.258173
123.91 2 0.01475
124.01 1 0.258143
124.01 2 0.0147488
124.11 1 0.258082
124.11 2 0.014745
124.21 1 0.258019
124.21 2 0.0147412
124.31 1 0.257989
124.31 2 0.0147355
124.41 1 0.257929
124.41 2 0.01474
124.51 1 0.257867
124.51 2 0.0147363
124.61 1 0.257837
124.61 2 0.0147325
124.71 1 0.257777
124.71 2 0.0147313
124.81 1 0.257715
124.81 2 0.0147276
124.91 1 0.257611
124.91 2 0.0147238
125.01 1 0.257525
125.01 2 0.0147226
125.11 1 0.257625
125.11 2 0.0147189
125.21 1 0.257564
125.21 2 0.0147152
125.31 1 0.257534
125.31 2 0.014714
125.41 1 0.257475
125.41 2 0.0147103
125.51 1 0.257413
125.51 2 0.0147046
125.61 1 0.257384
125.61 2 0.0147009
125.71 1 0.257325
125.71 2 0.0147054
125.81 1 0.257264
125.81 2 0.0147017
125.91 1 0.257235
125.91 2 0.014698
126.01 1 0.257176
126.01 2 0.0146968
126.11 1 0.257091
126.11 2 0.0146932
126.21 1 0.257013
126.21 2 0.0146895
126.31 1 0.257086
126.31 2 0.0146883
126.41 1 0.257028
126.41 2 0.0146847
126.51 1 0.256967
126.51 2 0.014681
126.61 1 0.256938
126.61 2 0.0146799
126.71 1 0.25688
126.71 2 0.0146763
126.81 1 0.25682
126.81 2 0.0146706
126.91 1 0.256791
126.91 2 0.0146726
127.01 1 0.256733
127.01 2 0.0146715
127.11 1 0.256673
127.11 2 0.0146679
127.21 1 0.256645
127.21 2 0.0146642
127.31 1 0.256587
127.31 2 0.0146631
127.41 1 0.256484
127.41 2 0.0146596
127.51 1 0.256528
127.51 2 0.0146559
127.61 1 0.2565
127.61 2 0.0146548
127.71 1 0.256442
127.71 2 0.0146513
127.81 1 0.256383
127.81 2 0.0146476
127.91 1 0.256355
127.91 2 0.0146465
128.01 1 0.256297
128.01 2 0.0146402
128.11 1 0.256238
128.11 2 0.0146349
128.21 1 0.256211
128.21 2 0.0146394
128.31 1 0.256154
128.31 2 0.0146383
128.41 1 0.256095
128.41 2 0.0146348
128.51 1 0.256067
128.51 2 0.0146312
128.61 1 0.255985
128.61 2 0.0146301
128.71 1 0.255854
128.71 2 0.0146266
128.81 1 0.255952
128.81 2 0.014623
128.91 1 0.255925
128.91 2 0.0146219
129.01 1 0.255868
129.01 2 0.0146184
129.11 1 0.25581
129.11 2 0.0146149
129.21 1 0.255783
129.21 2 0.0146138
129.31 1 0.255727
129.31 2 0.0146059
129.41 1 0.255669
129.41 2 0.0146103
129.51 1 0.255642
129.51 2 0.0146068
129.61 1 0.255586
129.61 2 0.0146057
129.71 1 0.255528
129.71 2 0.0146023
129.81 1 0.255501
129.81 2 0.0145987
129.91 1 0.255372
129.91 2 0.0145977
130.01 1 0.255446
130.01 2 0.0145943
130.11 1 0.255388
130.11 2 0.0145907
130.21 1 0.255362
130.21 2 0.0145897
130.31 1 0.255306
130.31 2 0.0145863
130.41 1 0.255249
130.41 2 0.0145828
130.51 1 0.255222
130.51 2 0.0145774
130.61 1 0.255167
130.61 2 0.0145818
130.71 1 0.25511
130.71 2 0.0145783
130.81 1 0.255084
130.81 2 0.0145749
130.91 1 0.255029
130.91 2 0.0145738
131.01 1 0.254973
131.01 2 0.0145705
131.11 1 0.254876
131.11 2 0.014567
131.21 1 0.254796
131.21 2 0.014566
131.31 1 0.254892
131.31 2 0.0145626
131.41 1 0.254835
131.41 2 0.0145591
131.51 1 0.254809
131.51 2 0.0145581
131.61 1 0.254755
131.61 2 0.0145548
131.71 1 0.254699
131.71 2 0.0145513
131.81 1 0.254673
131.81 2 0.0145461
131.91 1 0.254619
131.91 2 0.0145503
132.01 1 0.254563
132.01 2 0.014547
132.11 1 0.254538
132.11 2 0.0145436
132.21 1 0.254484
132.21 2 0.0145426
132.31 1 0.254404
132.31 2 0.0145392
132.41 1 0.254332
132.41 2 0.0145358
132.51 1 0.254403
132.51 2 0.0145349
132.61 1 0.254349
132.61 2 0.0145315
132.71 1 0.254294
132.71 2 0.0145281
132.81 1 0.254268
132.81 2 0.0145272
132.91 1 0.254215
132.91 2 0.0145239
133.01 1 0.25416
133.01 2 0.0145186
133.11 1 0.254135
133.11 2 0.0145205
133.21 1 0.254081
133.21 2 0.0145195
133.31 1 0.254027
133.31 2 0.0145162
133.41 1 0.254002
133.41 2 0.0145129
133.51 1 0.253949
133.51 2 0.0145119
133.61 1 0.253853
133.61 2 0.0145087
133.71 1 0.253745
133.71 2 0.0145053
133.81 1 0.253869
133.81 2 0.0145044
133.91 1 0.253817
133.91 2 0.0145011
134.01 1 0.253762
134.01 2 0.0144978
134.11 1 0.253738
134.11 2 0.0144968
134.21 1 0.253685
134.21 2 0.0144909
134.31 1 0.253631
134.31 2 0.014486
134.41 1 0.253607
134.41 2 0.0144903
134.51 1 0.253554
134.51 2 0.0144893
134.61 1 0.2535
134.61 2 0.0144861
134.71 1 0.253476
134.71 2 0.0144828
134.81 1 0.253399
134.81 2 0.0144819
134.91 1 0.2533
134.91 2 0.0144787
135.01 1 0.25337
135.01 2 0.0144754
135.11 1 0.253346
135.11 2 0.0144744
135.21 1 0.253295
135.21 2 0.0144712
135.31 1 0.253241
135.31 2 0.014468
135.41 1 0.253217
135.41 2 0.0144671
135.51 1 0.253166
135.51 2 0.0144596
135.61 1 0.253112
135.61 2 0.0144639
135.71 1 0.253089
135.71 2 0.0144606
135.81 1 0.253037
135.81 2 0.0144597
135.91 1 0.252984
135.91 2 0.0144565
136.01 1 0.252961
136.01 2 0.0144533
136.11 1 0.25284
136.11 2 0.0144524
136.21 1 0.25291
136.21 2 0.0144492
136.31 1 0.252857
136.31 2 0.014446
136.41 1 0.252833
136.41 2 0.0144451
136.51 1 0.252783
136.51 2 0.014442
136.61 1 0.25273
136.61 2 0.0144387
136.71 1 0.252707
136.71 2 0.0144337
136.81 1 0.252656
136.81 2 0.0144379
136.91 1 0.252604
136.91 2 0.0144347
137.01 1 0.252581
137.01 2 0.0144315
137.11 1 0.25253
137.11 2 0.0144307
137.21 1 0.252478
137.21 2 0.0144275
137.31 1 0.252387
137.31 2 0.0144243
137.41 1 0.252313
137.41 2 0.0144235
137.51 1 0.252405
137.51 2 0.0144204
137.61 1 0.252353
137.61 2 0.0144172
137.71 1 0.25233
137.71 2 0.0144163
137.81 1 0.25228
137.81 2 0.0144132
137.91 1 0.252229
137.91 2 0.0144101
138.01 1 0.252206
138.01 2 0.0144051
138.11 1 0.252156
138.11 2 0.0144092
138.21 1 0.252105
138.21 2 0.0144061
138.31 1 0.252082
138.31 2 0.014403
138.41 1 0.252033
138.41 2 0.0144021
138.51 1 0.251959
138.51 2 0.0143991
138.61 1 0.251892
138.61 2 0.0143959
138.71 1 0.251959
138.71 2 0.0143951
138.81 1 0.25191
138.81 2 0.014392
138.91 1 0.251859
138.91 2 0.0143889
139.01 1 0.251837
139.01 2 0.0143881
139.11 1 0.251787
139.11 2 0.014385
139.21 1 0.251737
139.21 2 0.0143801
139.31 1 0.251715
139.31 2 0.0143819
139.41 1 0.251666
139.41 2 0.0143811
139.51 1 0.251615
139.51 2 0.0143781
139.61 1 0.251593
139.61 2 0.014375
139.71 1 0.251544
139.71 2 0.0143742
139.81 1 0.251454
139.81 2 0.0143711
139.91 1 0.251353
139.91 2 0.014368
140.01 1 0.251472
140.01 2 0.0143673
140.11 1 0.251424
140.11 2 0.0143642
140.21 1 0.251374
140.21 2 0.0143612
140.31 1 0.251352
140.31 2 0.0143604
140.41 1 0.251304
140.41 2 0.0143548
140.51 1 0.251254
140.51 2 0.0143502
140.61 1 0.251232
140.61 2 0.0143543
140.71 1 0.251184
140.71 2 0.0143535
140.81 1 0.251134
140.81 2 0.0143505
140.91 1 0.251113
140.91 2 0.0143475
141.01 1 0.251041
141.01 2 0.0143467
141.11 1 0.250948
141.11 2 0.0143437
141.21 1 0.251016
141.21 2 0.0143407
141.31 1 0.250994
141.31 2 0.0143399
141.41 1 0.250947
141.41 2 0.014337
141.51 1 0.250897
141.51 2 0.0143339
141.61 1 0.250876
141.61 2 0.0143332
141.71 1 0.250829
141.71 2 0.0143261
141.81 1 0.25078
141.81 2 0.0143302
141.91 1 0.250759
141.91 2 0.0143272
142.01 1 0.250711
142.01 2 0.0143264
142.11 1 0.250663
142.11 2 0.0143235
142.21 1 0.250642
142.21 2 0.0143205
142.31 1 0.250527
142.31 2 0.0143198
142.41 1 0.250595
142.41 2 0.0143168
142.51 1 0.250546
142.51 2 0.0143138
142.61 1 0.250525
142.61 2 0.0143131
142.71 1 0.250478
142.71 2 0.0143102
142.81 1 0.25043
142.81 2 0.0143072
142.91 1 0.250409
142.91 2 0.0143025
143.01 1 0.250363
143.01 2 0.0143065
143.11 1 0.250314
143.11 2 0.0143036
143.21 1 0.250294
143.21 2 0.0143006
143.31 1 0.250247
143.31 2 0.0142999
143.41 1 0.250199
143.41 2 0.014297
143.51 1 0.25013
143.51 2 0.014294
143.61 1 0.250044
143.61 2 0.0142933
143.71 1 0.250133
143.71 2 0.0142904
143.81 1 0.250085
143.81 2 0.0142875
143.91 1 0.250065
143.91 2 0.0142868
144.01 1 0.250019
144.01 2 0.0142839
144.11 1 0.249971
144.11 2 0.0142809
144.21 1 0.249951
144.21 2 0.0142763
144.31 1 0.249905
144.31 2 0.0142802
144.41 1 0.249857
144.41 2 0.0142774
144.51 1 0.249838
144.51 2 0.0142745
144.61 1 0.249792
144.61 2 0.0142738
144.71 1 0.249744
144.71 2 0.0142709
144.81 1 0.24966
144.81 2 0.014268
144.91 1 0.249725
144.91 2 0.0142673
145.01 1 0.249679
145.01 2 0.0142645
145.11 1 0.249632
145.11 2 0.0142616
145.21 1 0.249612
145.21 2 0.0142609
145.31 1 0.249567
145.31 2 0.0142581
145.41 1 0.24952
145.41 2 0.0142534
145.51 1 0.249501
145.51 2 0.0142481
145.61 1 0.249455
145.61 2 0.0142545
145.71 1 0.249409
145.71 2 0.0142517
145.81 1 0.249389
145.81 2 0.0142488
145.91 1 0.249344
145.91 2 0.0142481
146.01 1 0.249259
146.01 2 0.0142453
146.11 1 0.249164
146.11 2 0.0142424
146.21 1 0.249279
146.21 2 0.0142418
146.31 1 0.249234
146.31 2 0.014239
146.41 1 0.249187
146.41 2 0.0142361
146.51 1 0.249168
146.51 2 0.0142355
146.61 1 0.249124
146.61 2 0.0142303
146.71 1 0.249077
146.71 2 0.0142281
146.81 1 0.249058
146.81 2 0.0142298
146.91 1 0.249014
146.91 2 0.0142292
147.01 1 0.248968
147.01 2 0.0142264
147.11 1 0.248949
147.11 2 0.0142236
147.21 1 0.248882
147.21 2 0.0142229
147.31 1 0.248794
147.31 2 0.0142202
147.41 1 0.248859
147.41 2 0.0142174
147.51 1 0.24884
147.51 2 0.0142167
147.61 1 0.248796
147.61 2 0.014214
147.71 1 0.24875
147.71 2 0.0142111
147.81 1 0.248732
147.81 2 0.0142105
147.91 1 0.248688
147.91 2 0.0142039
148.01 1 0.248642
148.01 2 0.0142078
148.11 1 0.248624
148.11 2 0.014205
148.21 1 0.24858
148.21 2 0.0142043
148.31 1 0.248535
148.31 2 0.0142016
148.41 1 0.248517
148.41 2 0.0141988
148.51 1 0.248408
148.51 2 0.0141982
148.61 1 0.248473
148.61 2 0.0141955
148.71 1 0.248428
148.71 2 0.0141927
148.81 1 0.24841
148.81 2 0.0141921
148.91 1 0.248366
148.91 2 0.0141894
149.01 1 0.248321
149.01 2 0.0141866
149.11 1 0.248303
149.11 2 0.0141822
149.21 1 0.24826
149.21 2 0.014186
149.31 1 0.248215
149.31 2 0.0141833
149.41 1 0.248197
149.41 2 0.0141805
149.51 1 0.248154
149.51 2 0.0141799
149.61 1 0.248109
149.61 2 0.0141773
149.71 1 0.248044
149.71 2 0.0141745
149.81 1 0.247964
149.81 2 0.0141739
149.91 1 0.248049
149.91 2 0.0141712
150.01 1 0.248004
150.01 2 0.0141685
150.11 1 0.247987
150.11 2 0.0141679
150.21 1 0.247944
150.21 2 0.0141652
150.31 1 0.2479
150.31 2 0.0141625
150.41 1 0.247882
150.41 2 0.0141581
150.51 1 0.247839
150.51 2 0.0141619
150.61 1 0.247795
150.61 2 0.0141592
150.71 1 0.247778
150.71 2 0.0141565
150.81 1 0.247735
150.81 2 0.0141559
150.91 1 0.247691
150.91 2 0.0141533
151.01 1 0.247612
151.01 2 0.0141506
151.11 1 0.247674
151.11 2 0.01415
151.21 1 0.247632
151.21 2 0.0141474
151.31 1 0.247588
151.31 2 0.0141447
151.41 1 0.247571
151.41 2 0.0141441
151.51 1 0.247529
151.51 2 0.0141415
151.61 1 0.247485
151.61 2 0.0141371
151.71 1 0.247468
151.71 2 0.0141321
151.81 1 0.247426
151.81 2 0.0141382
151.91 1 0.247383
151.91 2 0.0141356
152.01 1 0.247365
152.01 2 0.0141329
152.11 1 0.247324
152.11 2 0.0141324
152.21 1 0.247244
152.21 2 0.0141298
152.31 1 0.24718
152.31 2 0.0141271
152.41 1 0.247264
152.41 2 0.0141265
152.51 1 0.247222
152.51 2 0.0141239
152.61 1 0.247179
152.61 2 0.0141213
152.71 1 0.247162
152.71 2 0.0141207
152.81 1 0.24712
152.81 2 0.0141158
152.91 1 0.247078
152.91 2 0.0141138
153.01 1 0.247061
153.01 2 0.0141155
153.11 1 0.24702
153.11 2 0.0141149
153.21 1 0.246977
153.21 2 0.0141124
153.31 1 0.24696
153.31 2 0.0141097
153.41 1 0.246897
153.41 2 0.0141092
153.51 1 0.24684
153.51 2 0.0141066
153.61 1 0.246877
153.61 2 0.014104
153.71 1 0.24686
153.71 2 0.0141035
153.81 1 0.246819
153.81 2 0.0141009
153.91 1 0.246777
153.91 2 0.0140983
154.01 1 0.24676
154.01 2 0.0140977
154.11 1 0.246719
154.11 2 0.0140914
154.21 1 0.246677
154.21 2 0.0140952
154.31 1 0.246661
154.31 2 0.0140926
154.41 1 0.24662
154.41 2 0.0140921
154.51 1 0.246578
154.51 2 0.0140895
154.61 1 0.246562
154.61 2 0.0140869
154.71 1 0.246459
154.71 2 0.0140864
154.81 1 0.246521
154.81 2 0.0140839
154.91 1 0.246479
154.91 2 0.0140813
155.01 1 0.246463
155.01 2 0.0140808
155.11 1 0.246423
155.11 2 0.0140782
155.21 1 0.246381
155.21 2 0.0140757
155.31 1 0.246365
155.31 2 0.0140715
155.41 1 0.246325
155.41 2 0.0140751
155.51 1 0.246283
155.51 2 0.0140726
155.61 1 0.246267
155.61 2 0.0140701
155.71 1 0.246227
155.71 2 0.0140696
155.81 1 0.246186
155.81 2 0.0140671
155.91 1 0.246124
155.91 2 0.0140645
156.01 1 0.246048
156.01 2 0.014064
156.11 1 0.24613
156.11 2 0.0140615
156.21 1 0.246089
156.21 2 0.0140589
156.31 1 0.246073
156.31 2 0.0140584
156.41 1 0.246033
156.41 2 0.014056
156.51 1 0.245992
156.51 2 0.0140534
156.61 1 0.245977
156.61 2 0.0140493
156.71 1 0.245937
156.71 2 0.0140529
156.81 1 0.245896
156.81 2 0.0140505
156.91 1 0.245881
156.91 2 0.0140479
157.01 1 0.245841
157.01 2 0.0140474
157.11 1 0.2458
157.11 2 0.014045
157.21 1 0.245725
157.21 2 0.0140424
157.31 1 0.245785
157.31 2 0.014042
157.41 1 0.245746
157.41 2 0.0140395
157.51 1 0.245705
157.51 2 0.014037
157.61 1 0.24569
157.61 2 0.0140365
157.71 1 0.24565
157.71 2 0.0140341
157.81 1 0.24561
157.81 2 0.0140299
157.91 1 0.245595
157.91 2 0.0140252
158.01 1 0.245556
158.01 2 0.0140311
158.11 1 0.245515
158.11 2 0.0140286
158.21 1 0.2455
158.21 2 0.0140261
158.31 1 0.245461
158.31 2 0.0140257
158.41 1 0.245386
158.41 2 0.0140232
158.51 1 0.245326
158.51 2 0.0140207
158.61 1 0.245406
158.61 2 0.0140203
158.71 1 0.245367
158.71 2 0.0140179
158.81 1 0.245327
158.81 2 0.0140154
158.91 1 0.245312
158.91 2 0.0140149
159.01 1 0.245274
159.01 2 0.0140103
159.11 1 0.245234
159.11 2 0.0140084
159.21 1 0.245219
159.21 2 0.01401
159.31 1 0.24518
159.31 2 0.0140096
159.41 1 0.245141
159.41 2 0.0140072
159.51 1 0.245126
159.51 2 0.0140047
159.61 1 0.245067
159.61 2 0.0140043
159.71 1 0.245013
159.71 2 0.0140019
159.81 1 0.245048
159.81 2 0.0139994
159.91 1 0.245033
159.91 2 0.013999
160.01 1 0.244995
160.01 2 0.0139966
160.11 1 0.244956
160.11 2 0.0139941
160.21 1 0.244941
160.21 2 0.0139937
160.31 1 0.244903
160.31 2 0.0139877
160.41 1 0.244864
160.41 2 0.0139913
160.51 1 0.244849
160.51 2 0.0139889
160.61 1 0.244811
160.61 2 0.0139884
160.71 1 0.244772
160.71 2 0.0139861
160.81 1 0.244758
160.81 2 0.0139836
160.91 1 0.24466
160.91 2 0.0139832
161.01 1 0.24472
161.01 2 0.0139809
161.11 1 0.244681
161.11 2 0.0139784
161.21 1 0.244667
161.21 2 0.013978
161.31 1 0.244629
161.31 2 0.0139757
161.41 1 0.24459
161.41 2 0.0139732
161.51 1 0.244576
161.51 2 0.0139693
161.61 1 0.244538
161.61 2 0.0139669
161.71 1 0.2445
161.71 2 0.0139705
161.81 1 0.244486
161.81 2 0.0139681
161.91 1 0.244448
161.91 2 0.0139676
162.01 1 0.24441
162.01 2 0.0139653
162.11 1 0.244352
162.11 2 0.0139629
162.21 1 0.24428
162.21 2 0.0139625
162.31 1 0.244358
162.31 2 0.0139602
162.41 1 0.24432
162.41 2 0.0139578
162.51 1 0.244306
162.51 2 0.0139574
162.61 1 0.244269
162.61 2 0.0139551
162.71 1 0.24423
162.71 2 0.0139527
162.81 1 0.244217
162.81 2 0.0139488
162.91 1 0.24418
162.91 2 0.0139523
163.01 1 0.244141
163.01 2 0.01395
163.11 1 0.244128
163.11 2 0.0139476
163.21 1 0.244091
163.21 2 0.0139472
163.31 1 0.244053
163.31 2 0.0139449
163.41 1 0.243982
163.41 2 0.0139425
163.51 1 0.244039
163.51 2 0.0139421
163.61 1 0.244002
163.61 2 0.0139398
163.71 1 0.243965
163.71 2 0.0139375
163.81 1 0.243951
163.81 2 0.0139371
163.91 1 0.243914
163.91 2 0.0139348
164.01 1 0.243877
164.01 2 0.0139308
164.11 1 0.243863
164.11 2 0.0139264
164.21 1 0.243827
164.21 2 0.013932
164.31 1 0.243789
164.31 2 0.0139298
164.41 1 0.243776
164.41 2 0.0139274
164.51 1 0.243739
164.51 2 0.013927
164.61 1 0.243667
164.61 2 0.0139248
164.71 1 0.243611
164.71 2 0.0139224
164.81 1 0.243688
164.81 2 0.013922
164.91 1 0.243652
164.91 2 0.0139198
165.01 1 0.243615
165.01 2 0.0139175
165.11 1 0.243602
165.11 2 0.0139171
165.21 1 0.243566
165.21 2 0.0139127
165.31 1 0.243528
165.31 2 0.0139109
165.41 1 0.243515
165.41 2 0.0139125
165.51 1 0.243479
165.51 2 0.0139121
165.61 1 0.243442
165.61 2 0.0139099
165.71 1 0.243429
165.71 2 0.0139076
165.81 1 0.243373
165.81 2 0.0139072
165.91 1 0.243322
165.91 2 0.013905
166.01 1 0.243356
166.01 2 0.0139027
166.11 1 0.243343
166.11 2 0.0139023
166.21 1 0.243307
166.21 2 0.0139001
166.31 1 0.243271
166.31 2 0.0138978
166.41 1 0.243258
166.41 2 0.0138974
166.51 1 0.243222
166.51 2 0.0138917
166.61 1 0.243185
166.61 2 0.0138952
166.71 1 0.243173
166.71 2 0.0138929
166.81 1 0.243137
166.81 2 0.0138925
166.91 1 0.2431
166.91 2 0.0138903
167.01 1 0.243088
167.01 2 0.013888
167.11 1 0.242995
167.11 2 0.0138877
167.21 1 0.243052
167.21 2 0.0138855
167.31 1 0.243016
167.31 2 0.0138832
167.41 1 0.243003
167.41 2 0.0138829
167.51 1 0.242968
167.51 2 0.0138807
167.61 1 0.242932
167.61 2 0.0138784
167.71 1 0.242919
167.71 2 0.0138746
167.81 1 0.242884
167.81 2 0.0138724
167.91 1 0.242848
167.91 2 0.0138759
168.01 1 0.242835
168.01 2 0.0138736
168.11 1 0.2428
168.11 2 0.0138733
168.21 1 0.242764
168.21 2 0.0138711
168.31 1 0.242709
168.31 2 0.0138688
168.41 1 0.242641
168.41 2 0.0138685
168.51 1 0.242717
168.51 2 0.0138663
168.61 1 0.242681
168.61 2 0.013864
168.71 1 0.242669
168.71 2 0.0138637
168.81 1 0.242634
168.81 2 0.0138615
168.91 1 0.242598
168.91 2 0.0138593
169.01 1 0.242586
169.01 2 0.0138556
169.11 1 0.242551
169.11 2 0.013859
169.21 1 0.242515
169.21 2 0.0138568
169.31 1 0.242503
169.31 2 0.0138546
169.41 1 0.242469
169.41 2 0.0138543
169.51 1 0.242433
169.51 2 0.0138521
169.61 1 0.242365
169.61 2 0.0138499
169.71 1 0.242421
169.71 2 0.0138496
169.81 1 0.242387
169.81 2 0.0138474
169.91 1 0.242351
169.91 2 0.0138452
170.01 1 0.242339
170.01 2 0.0138449
170.11 1 0.242305
170.11 2 0.0138427
170.21 1 0.24227
170.21 2 0.013839
170.31 1 0.242258
170.31 2 0.0138347
170.41 1 0.242224
170.41 2 0.0138402
170.51 1 0.242188
170.51 2 0.0138381
170.61 1 0.242176
170.61 2 0.0138359
170.71 1 0.242142
170.71 2 0.0138356
170.81 1 0.242074
170.81 2 0.0138334
170.91 1 0.24202
170.91 2 0.0138312
171.01 1 0.242095
171.01 2 0.0138309
171.11 1 0.242062
171.11 2 0.0138288
171.21 1 0.242026
171.21 2 0.0138266
171.31 1 0.242015
171.31 2 0.0138263
171.41 1 0.241981
171.41 2 0.0138242
171.51 1 0.241946
171.51 2 0.0138205
171.61 1 0.241934
171.61 2 0.013822
171.71 1 0.241901
171.71 2 0.0138217
171.81 1 0.241866
171.81 2 0.0138196
171.91 1 0.241854
171.91 2 0.0138174
172.01 1 0.241801
172.01 2 0.0138171
172.11 1 0.241753
172.11 2 0.013815
172.21 1 0.241786
172.21 2 0.0138129
172.31 1 0.241775
172.31 2 0.0138126
172.41 1 0.241741
172.41 2 0.0138105
172.51 1 0.241707
172.51 2 0.0138083
172.61 1 0.241695
172.61 2 0.013808
172.71 1 0.241662
172.71 2 0.0138026
172.81 1 0.241627
172.81 2 0.013806
172.91 1 0.241616
172.91 2 0.0138038
173.01 1 0.241583
173.01 2 0.0138035
173.11 1 0.241549
173.11 2 0.0138014
173.21 1 0.241537
173.21 2 0.0137993
173.31 1 0.241448
173.31 2 0.013799
173.41 1 0.241396
173.41 2 0.0137969
173.51 1 0.24147
173.51 2 0.0137948
173.61 1 0.241459
173.61 2 0.0137945
173.71 1 0.241426
173.71 2 0.0137924
173.81 1 0.241392
173.81 2 0.0137903
173.91 1 0.24138
173.91 2 0.0137868
174.01 1 0.241348
174.01 2 0.0137846
174.11 1 0.241314
174.11 2 0.013788
174.21 1 0.241303
174.21 2 0.0137859
174.31 1 0.24127
174.31 2 0.0137856
174.41 1 0.241236
174.41 2 0.0137835
174.51 1 0.241184
174.51 2 0.0137814
174.61 1 0.241137
174.61 2 0.0137811
174.71 1 0.241192
174.71 2 0.0137791
174.81 1 0.241158
174.81 2 0.013777
174.91 1 0.241147
174.91 2 0.0137767
175.01 1 0.241115
175.01 2 0.0137747
175.11 1 0.241081
175.11 2 0.0137726
175.21 1 0.24107
175.21 2 0.013769
175.31 1 0.241038
175.31 2 0.0137723
175.41 1 0.241004
175.41 2 0.0137703
175.51 1 0.240994
175.51 2 0.0137682
175.61 1 0.240961
175.61 2 0.0137679
175.71 1 0.240928
175.71 2 0.0137659
175.81 1 0.240863
175.81 2 0.0137638
175.91 1 0.240917
175.91 2 0.0137635
176.01 1 0.240885
176.01 2 0.0137615
176.11 1 0.240852
176.11 2 0.0137594
176.21 1 0.240841
176.21 2 0.0137592
176.31 1 0.240809
176.31 2 0.0137572
176.41 1 0.240776
176.41 2 0.0137536
176.51 1 0.240765
176.51 2 0.0137496
176.61 1 0.240733
176.61 2 0.0137548
176.71 1 0.2407
176.71 2 0.0137528
176.81 1 0.240689
176.81 2 0.0137508
176.91 1 0.240657
176.91 2 0.0137505
177.01 1 0.240606
177.01 2 0.0137485
177.11 1 0.240541
177.11 2 0.0137464
177.21 1 0.240614
177.21 2 0.0137462
177.31 1 0.240582
177.31 2 0.0137442
177.41 1 0.240549
177.41 2 0.0137421
177.51 1 0.240539
177.51 2 0.0137419
177.61 1 0.240507
177.61 2 0.0137399
177.71 1 0.240474
177.71 2 0.0137364
177.81 1 0.240464
177.81 2 0.0137379
177.91 1 0.240432
177.91 2 0.0137376
178.01 1 0.2404
178.01 2 0.0137356
178.11 1 0.240389
178.11 2 0.0137336
178.21 1 0.240358
178.21 2 0.0137334
178.31 1 0.240293
178.31 2 0.0137314
178.41 1 0.240325
178.41 2 0.0137293
178.51 1 0.240315
178.51 2 0.0137291
178.61 1 0.240284
178.61 2 0.0137271
178.71 1 0.240251
178.71 2 0.0137251
178.81 1 0.240241
178.81 2 0.0137249
178.91 1 0.24021
178.91 2 0.0137196
179.01 1 0.240177
179.01 2 0.0137229
179.11 1 0.240167
179.11 2 0.0137209
179.21 1 0.240136
179.21 2 0.0137207
179.31 1 0.240104
179.31 2 0.0137187
179.41 1 0.240094
179.41 2 0.0137167
179.51 1 0.240009
179.51 2 0.0137165
179.61 1 0.239959
179.61 2 0.0137145
179.71 1 0.240031
179.71 2 0.0137125
179.81 1 0.240021
179.81 2 0.0137123
179.91 1 0.23999
179.91 2 0.0137103
180.01 1 0.239958
180.01 2 0.0137083
180.11 1 0.239948
180.11 2 0.0137049
180.21 1 0.239917
180.21 2 0.0137029
180.31 1 0.239885
180.31 2 0.0137062
180.41 1 0.239875
180.41 2 0.0137041
180.51 1 0.239844
180.51 2 0.0137039
180.61 1 0.239812
180.61 2 0.013702
180.71 1 0.239763
180.71 2 0.0137
180.81 1 0.239718
180.81 2 0.0136998
180.91 1 0.239772
180.91 2 0.0136979
181.01 1 0.23974
181.01 2 0.0136959
181.11 1 0.23973
181.11 2 0.0136957
181.21 1 0.2397
181.21 2 0.0136937
181.31 1 0.239668
181.31 2 0.0136918
181.41 1 0.239659
181.41 2 0.0136884
181.51 1 0.239628
181.51 2 0.0136916
181.61 1 0.239597
181.61 2 0.0136896
181.71 1 0.239587
181.71 2 0.0136877
181.81 1 0.239557
181.81 2 0.0136875
181.91 1 0.239525
181.91 2 0.0136855
182.01 1 0.239464
182.01 2 0.0136836
182.11 1 0.239516
182.11 2 0.0136834
182.21 1 0.239485
182.21 2 0.0136815
182.31 1 0.239454
182.31 2 0.0136795
182.41 1 0.239444
182.41 2 0.0136793
182.51 1 0.239414
182.51 2 0.0136774
182.61 1 0.239383
182.61 2 0.013674
182.71 1 0.239374
182.71 2 0.0136702
182.81 1 0.239344
182.81 2 0.0136753
182.91 1 0.239312
182.91 2 0.0136734
183.01 1 0.239303
183.01 2 0.0136714
183.11 1 0.239273
183.11 2 0.0136712
183.21 1 0.239225
183.21 2 0.0136693
183.31 1 0.239162
183.31 2 0.0136674
183.41 1 0.239233
183.41 2 0.0136672
183.51 1 0.239203
183.51 2 0.0136653
183.61 1 0.239172
183.61 2 0.0136634
183.71 1 0.239162
183.71 2 0.0136632
183.81 1 0.239133
183.81 2 0.0136613
183.91 1 0.239102
183.91 2 0.0136579
184.01 1 0.239093
184.01 2 0.0136594
184.11 1 0.239063
184.11 2 0.0136592
184.21 1 0.239032
184.21 2 0.0136573
184.31 1 0.239023
184.31 2 0.0136554
184.41 1 0.238993
184.41 2 0.0136552
184.51 1 0.238932
184.51 2 0.0136533
184.61 1 0.238963
184.61 2 0.0136514
184.71 1 0.238954
184.71 2 0.0136512
184.81 1 0.238924
184.81 2 0.0136494
184.91 1 0.238893
184.91 2 0.0136475
185.01 1 0.238884
185.01 2 0.0136473
185.11 1 0.238855
185.11 2 0.0136423
185.21 1 0.238825
185.21 2 0.0136454
185.31 1 0.238816
185.31 2 0.0136435
185.41 1 0.238786
185.41 2 0.0136433
185.51 1 0.238756
185.51 2 0.0136415
185.61 1 0.238747
185.61 2 0.0136396
185.71 1 0.238666
185.71 2 0.0136394
185.81 1 0.238618
185.81 2 0.0136376
185.91 1 0.238687
185.91 2 0.0136357
186.01 1 0.238679
186.01 2 0.0136355
186.11 1 0.238649
186.11 2 0.0136337
186.21 1 0.238619
186.21 2 0.0136318
186.31 1 0.23861
186.31 2 0.0136285
186.41 1 0.238581
186.41 2 0.0136266
186.51 1 0.238551
186.51 2 0.0136298
186.61 1 0.238542
186.61 2 0.0136279
186.71 1 0.238514
186.71 2 0.0136277
186.81 1 0.238483
186.81 2 0.0136259
186.91 1 0.238436
186.91 2 0.013624
187.01 1 0.238394
187.01 2 0.0136238
187.11 1 0.238446
187.11 2 0.013622
187.21 1 0.238416
187.21 2 0.0136201
187.31 1 0.238407
187.31 2 0.01362
187.41 1 0.238379
187.41 2 0.0136182
187.51 1 0.238349
187.51 2 0.0136163
187.61 1 0.23834
187.61 2 0.0136131
187.71 1 0.238311
187.71 2 0.0136161
187.81 1 0.238282
187.81 2 0.0136143
187.91 1 0.238273
187.91 2 0.0136125
188.01 1 0.238245
188.01 2 0.0136123
188.11 1 0.238215
188.11 2 0.0136105
188.21 1 0.238156
188.21 2 0.0136086
188.31 1 0.238206
188.31 2 0.0136085
188.41 1 0.238178
188.41 2 0.0136067
188.51 1 0.238148
188.51 2 0.0136048
188.61 1 0.23814
188.61 2 0.0136047
188.71 1 0.238111
188.71 2 0.0136029
188.81 1 0.238082
188.81 2 0.0135997
188.91 1 0.238074
188.91 2 0.013596
189.01 1 0.238045
189.01 2 0.0136009
189.11 1 0.238016
189.11 2 0.0135991
189.21 1 0.238008
189.21 2 0.0135973
189.31 1 0.237979
189.31 2 0.0135971
189.41 1 0.237933
189.41 2 0.0135953
189.51 1 0.237874
189.51 2 0.0135935
189.61 1 0.237942
189.61 2 0.0135934
189.71 1 0.237914
189.71 2 0.0135916
189.81 1 0.237884
189.81 2 0.0135897
189.91 1 0.237876
189.91 2 0.0135896
190.01 1 0.237848
190.01 2 0.0135878
190.11 1 0.237819
190.11 2 0.0135846
190.21 1 0.237811
190.21 2 0.013586
190.31 1 0.237783
190.31 2 0.0135859
190.41 1 0.237754
190.41 2 0.0135841
190.51 1 0.237746
190.51 2 0.0135823
190.61 1 0.237718
190.61 2 0.0135821
190.71 1 0.237659
190.71 2 0.0135804
190.81 1 0.237689
190.81 2 0.0135785
190.91 1 0.237681
190.91 2 0.0135784
191.01 1 0.237653
191.01 2 0.0135767
191.11 1 0.237624
191.11 2 0.0135748
191.21 1 0.237616
191.21 2 0.0135747
191.31 1 0.237588
191.31 2 0.0135699
191.41 1 0.237559
191.41 2 0.013573
191.51 1 0.237551
191.51 2 0.0135712
191.61 1 0.237524
191.61 2 0.013571
191.71 1 0.237495
191.71 2 0.0135693
191.81 1 0.237487
191.81 2 0.0135675
191.91 1 0.237409
191.91 2 0.0135674
192.01 1 0.237364
192.01 2 0.0135656
192.11 1 0.237431
192.11 2 0.0135638
192.21 1 0.237423
192.21 2 0.0135637
192.31 1 0.237396
192.31 2 0.013562
192.41 1 0.237367
192.41 2 0.0135602
192.51 1 0.237359
192.51 2 0.0135571
192.61 1 0.237332
192.61 2 0.0135553
192.71 1 0.237303
192.71 2 0.0135583
192.81 1 0.237296
192.81 2 0.0135565
192.91 1 0.237268
192.91 2 0.0135564
193.01 1 0.23724
193.01 2 0.0135547
193.11 1 0.237195
193.11 2 0.0135529
193.21 1 0.237155
193.21 2 0.0135528
193.31 1 0.237205
193.31 2 0.0135511
193.41 1 0.237177
193.41 2 0.0135493
193.51 1 0.237169
193.51 2 0.0135492
193.61 1 0.237142
193.61 2 0.0135474
193.71 1 0.237114
193.71 2 0.0135457
193.81 1 0.237106
193.81 2 0.0135426
193.91 1 0.237079
193.91 2 0.0135456
194.01 1 0.237051
194.01 2 0.0135438
194.11 1 0.237043
194.11 2 0.0135421
194.21 1 0.237016
194.21 2 0.013542
194.31 1 0.236988
194.31 2 0.0135403
194.41 1 0.236932
194.41 2 0.0135385
194.51 1 0.236981
194.51 2 0.0135384
194.61 1 0.236954
194.61 2 0.0135367
194.71 1 0.236926
194.71 2 0.0135349
194.81 1 0.236918
194.81 2 0.0135348
194.91 1 0.236891
194.91 2 0.0135331
195.01 1 0.236864
195.01 2 0.01353
195.11 1 0.236856
195.11 2 0.0135265
195.21 1 0.236829
195.21 2 0.0135313
195.31 1 0.236802
195.31 2 0.0135296
195.41 1 0.236794
195.41 2 0.0135278
195.51 1 0.236768
195.51 2 0.0135277
195.61 1 0.236724
195.61 2 0.013526
195.71 1 0.236667
195.71 2 0.0135243
195.81 1 0.236733
195.81 2 0.0135242
195.91 1 0.236706
195.91 2 0.0135225
196.01 1 0.236678
196.01 2 0.0135208
196.11 1 0.236671
196.11 2 0.0135207
196.21 1 0.236644
196.21 2 0.013519
196.31 1 0.236617
196.31 2 0.0135159
196.41 1 0.23661
196.41 2 0.0135173
196.51 1 0.236583
196.51 2 0.0135172
196.61 1 0.236556
196.61 2 0.0135155
196.71 1 0.236549
196.71 2 0.0135138
196.81 1 0.236522
196.81 2 0.0135137
196.91 1 0.236466
196.91 2 0.013512
197.01 1 0.236495
197.01 2 0.0135103
197.11 1 0.236488
197.11 2 0.0135102
197.21 1 0.236461
197.21 2 0.0135085
197.31 1 0.236434
197.31 2 0.0135068
197.41 1 0.236427
197.41 2 0.0135067
197.51 1 0.236401
197.51 2 0.0135021
197.61 1 0.236373
197.61 2 0.0135051
197.71 1 0.236366
197.71 2 0.0135033
197.81 1 0.23634
197.81 2 0.0135033
197.91 1 0.236313
197.91 2 0.0135016
198.01 1 0.236306
198.01 2 0.0134999
198.11 1 0.236231
198.11 2 0.0134998
198.21 1 0.236188
198.21 2 0.0134982
198.31 1 0.236253
198.31 2 0.0134964
198.41 1 0.236246
198.41 2 0.0134964
198.51 1 0.23622
198.51 2 0.0134947
198.61 1 0.236193
198.61 2 0.013493
198.71 1 0.236186
198.71 2 0.0134901
198.81 1 0.23616
198.81 2 0.0134884
198.91 1 0.236133
198.91 2 0.0134913
199.01 1 0.236126
199.01 2 0.0134896
199.11 1 0.236101
199.11 2 0.0134895
199.21 1 0.236074
199.21 2 0.0134879
199.31 1 0.236031
199.31 2 0.0134862
199.41 1 0.235992
199.41 2 0.0134861
199.51 1 0.236041
199.51 2 0.0134845
199.61 1 0.236014
199.61 2 0.0134828
199.71 1 0.236008
199.71 2 0.0134827
199.81 1 0.235982
199.81 2 0.0134811
199.91 1 0.235955
199.91 2 0.0134794
200.01 1 0.235948
200.01 2 0.0134765
200.11 1 0.235887
200.11 2 0.0134789
200.21 1 0.235898
200.21 2 0.0134797
200.31 1 0.235892
200.31 2 0.013478
200.41 1 0.235866
200.41 2 0.013478
200.51 1 0.235839
200.51 2 0.0134763
200.61 1 0.235785
200.61 2 0.0134747
200.71 1 0.235833
200.71 2 0.0134746
200.81 1 0.235807
200.81 2 0.013473
200.91 1 0.235781
200.91 2 0.0134713
