0.010001 1 0
0.110001 1 0
0.110001 2 0
0.210001 1 0
0.210001 2 0
0.310001 1 0
0.310001 2 0
0.410001 1 0
0.410001 2 0
0.510001 1 0
0.510001 2 0
0.610001 1 0
0.610001 2 0
0.710001 1 0
0.710001 2 0
0.810001 1 0
0.810001 2 0
0.910001 1 0
0.910001 2 0
1.01 1 0
1.01 2 0
1.11 1 0
1.11 2 0
1.21 1 0
1.21 2 0
1.31 1 0
1.31 2 0
1.41 1 0
1.41 2 0
1.51 1 0
1.51 2 0
1.61 1 0
1.61 2 0
1.71 1 0
1.71 2 0
1.81 1 0
1.81 2 0
1.91 1 0
1.91 2 0
2.01 1 0
2.01 2 0
2.11 1 0
2.11 2 0
2.21 1 0
2.21 2 0
2.31 1 0
2.31 2 0
2.41 1 0
2.41 2 0
2.51 1 0
2.51 2 0
2.61 1 0
2.61 2 0
2.71 1 0
2.71 2 0
2.81 1 0
2.81 2 0
2.91 1 0
2.91 2 0
3.01 1 0
3.01 2 0
3.11 1 0
3.11 2 0
3.21 1 0
3.21 2 0
3.31 1 0
3.31 2 0
3.41 1 0
3.41 2 0
3.51 1 0
3.51 2 0
3.61 1 0
3.61 2 0
3.71 1 0
3.71 2 0
3.81 1 0
3.81 2 0
3.91 1 0
3.91 2 0
4.01 1 0
4.01 2 0
4.11 1 0
4.11 2 0
4.21 1 0
4.21 2 0
4.31 1 0
4.31 2 0
4.41 1 0
4.41 2 0
4.51 1 0
4.51 2 0
4.61 1 0
4.61 2 0
4.71 1 0
4.71 2 0
4.81 1 0
4.81 2 0
4.91 1 0
4.91 2 0
5.01 1 0
5.01 2 0
5.11 1 0
5.11 2 0
5.21 1 0
5.21 2 0
5.31 1 0
5.31 2 0
5.41 1 0
5.41 2 0
5.51 1 0
5.51 2 0
5.61 1 0
5.61 2 0
5.71 1 0
5.71 2 0
5.81 1 0
5.81 2 0
5.91 1 0
5.91 2 0
6.01 1 0
6.01 2 0
6.11 1 0
6.11 2 0
6.21 1 0
6.21 2 0
6.31 1 0
6.31 2 0
6.41 1 0
6.41 2 0
6.51 1 0
6.51 2 0
6.61 1 0
6.61 2 0
6.71 1 0
6.71 2 0
6.81 1 0
6.81 2 0
6.91 1 0
6.91 2 0
7.01 1 0
7.01 2 0
7.11 1 0
7.11 2 0
7.21 1 0
7.21 2 0
7.31 1 0
7.31 2 0
7.41 1 0
7.41 2 0
7.51 1 0
7.51 2 0
7.61 1 0
7.61 2 0
7.71 1 0
7.71 2 0
7.81 1 0
7.81 2 0
7.91 1 0
7.91 2 0
8.01 1 0
8.01 2 0
8.11 1 0
8.11 2 0
8.21 1 0
8.21 2 0
8.31 1 0
8.31 2 0
8.41 1 0
8.41 2 0
8.51 1 0
8.51 2 0
8.61 1 0
8.61 2 0
8.71 1 0
8.71 2 0
8.81 1 0
8.81 2 0
8.91 1 0
8.91 2 0
9.01 1 0
9.01 2 0
9.11 1 0
9.11 2 0
9.21 1 0
9.21 2 0
9.31 1 0
9.31 2 0
9.41 1 0
9.41 2 0
9.51 1 0
9.51 2 0
9.61 1 0
9.61 2 0
9.71 1 0
9.71 2 0
9.81 1 0
9.81 2 0
9.91 1 0
9.91 2 0
10.01 1 0
10.01 2 0
10.11 1 0
10.11 2 0
10.21 1 0
10.21 2 0
10.31 1 0
10.31 2 0
10.41 1 0
10.41 2 0
10.51 1 0
10.51 2 0
10.61 1 0
10.61 2 0
10.71 1 0
10.71 2 0
10.81 1 0
10.81 2 0
10.91 1 0
10.91 2 0
11.01 1 0
11.01 2 2
11.11 1 0
11.11 2 2
11.21 1 0
11.21 2 2
11.31 1 0
11.31 2 2
11.41 1 0
11.41 2 2
11.51 1 0
11.51 2 2
11.61 1 0
11.61 2 2
11.71 1 0
11.71 2 2
11.81 1 0
11.81 2 2
11.91 1 0
11.91 2 2
12.01 1 2
12.01 2 2
12.11 1 2
12.11 2 2
12.21 1 2
12.21 2 2
12.31 1 2
12.31 2 2
12.41 1 2
12.41 2 2
12.51 1 2
12.51 2 2
12.61 1 2
12.61 2 2
12.71 1 2
12.71 2 2
12.81 1 2
12.81 2 2
12.91 1 2
12.91 2 2
13.01 1 3
13.01 2 3
13.11 1 3
13.11 2 3
13.21 1 3
13.21 2 3
13.31 1 3
13.31 2 3
13.41 1 3
13.41 2 3
13.51 1 3
13.51 2 3
13.61 1 3
13.61 2 3
13.71 1 3
13.71 2 3
13.81 1 3
13.81 2 3
13.91 1 3
13.91 2 3
14.01 1 4
14.01 2 3
14.11 1 4
14.11 2 3
14.21 1 4
14.21 2 3
14.31 1 4
14.31 2 3
14.41 1 4
14.41 2 3
14.51 1 4
14.51 2 3
14.61 1 4
14.61 2 3
14.71 1 4
14.71 2 3
14.81 1 4
14.81 2 3
14.91 1 4
14.91 2 3
15.01 1 8
15.01 2 3
15.11 1 8
15.11 2 3
15.21 1 8
15.21 2 3
15.31 1 8
15.31 2 3
15.41 1 8
15.41 2 3
15.51 1 8
15.51 2 3
15.61 1 8
15.61 2 3
15.71 1 8
15.71 2 3
15.81 1 8
15.81 2 3
15.91 1 8
15.91 2 3
16.01 1 11
16.01 2 5
16.11 1 11
16.11 2 5
16.21 1 11
16.21 2 5
16.31 1 11
16.31 2 5
16.41 1 11
16.41 2 5
16.51 1 11
16.51 2 5
16.61 1 11
16.61 2 5
16.71 1 11
16.71 2 5
16.81 1 11
16.81 2 5
16.91 1 11
16.91 2 5
17.01 1 14
17.01 2 7
17.11 1 14
17.11 2 7
17.21 1 14
17.21 2 7
17.31 1 14
17.31 2 7
17.41 1 14
17.41 2 7
17.51 1 14
17.51 2 7
17.61 1 14
17.61 2 7
17.71 1 14
17.71 2 7
17.81 1 14
17.81 2 7
17.91 1 14
17.91 2 7
18.01 1 15
18.01 2 8
18.11 1 15
18.11 2 8
18.21 1 15
18.21 2 8
18.31 1 15
18.31 2 8
18.41 1 15
18.41 2 8
18.51 1 15
18.51 2 8
18.61 1 15
18.61 2 8
18.71 1 15
18.71 2 8
18.81 1 15
18.81 2 8
18.91 1 15
18.91 2 8
19.01 1 15
19.01 2 9
19.11 1 15
19.11 2 9
19.21 1 15
19.21 2 9
19.31 1 15
19.31 2 9
19.41 1 15
19.41 2 9
19.51 1 15
19.51 2 9
19.61 1 15
19.61 2 9
19.71 1 15
19.71 2 9
19.81 1 15
19.81 2 9
19.91 1 15
19.91 2 9
20.01 1 17
20.01 2 11
20.11 1 17
20.11 2 11
20.21 1 17
20.21 2 11
20.31 1 17
20.31 2 11
20.41 1 17
20.41 2 11
20.51 1 17
20.51 2 11
20.61 1 17
20.61 2 11
20.71 1 17
20.71 2 11
20.81 1 17
20.81 2 11
20.91 1 17
20.91 2 11
21.01 1 17
21.01 2 13
21.11 1 17
21.11 2 13
21.21 1 17
21.21 2 13
21.31 1 17
21.31 2 13
21.41 1 17
21.41 2 13
21.51 1 17
21.51 2 13
21.61 1 17
21.61 2 13
21.71 1 17
21.71 2 13
21.81 1 17
21.81 2 13
21.91 1 17
21.91 2 13
22.01 1 18
22.01 2 13
22.11 1 18
22.11 2 13
22.21 1 18
22.21 2 13
22.31 1 18
22.31 2 13
22.41 1 18
22.41 2 13
22.51 1 18
22.51 2 13
22.61 1 18
22.61 2 13
22.71 1 18
22.71 2 13
22.81 1 18
22.81 2 13
22.91 1 18
22.91 2 13
23.01 1 19
23.01 2 13
23.11 1 19
23.11 2 13
23.21 1 19
23.21 2 13
23.31 1 19
23.31 2 13
23.41 1 19
23.41 2 13
23.51 1 19
23.51 2 13
23.61 1 19
23.61 2 13
23.71 1 19
23.71 2 13
23.81 1 19
23.81 2 13
23.91 1 19
23.91 2 13
24.01 1 20
24.01 2 13
24.11 1 20
24.11 2 13
24.21 1 20
24.21 2 13
24.31 1 20
24.31 2 13
24.41 1 20
24.41 2 13
24.51 1 20
24.51 2 13
24.61 1 20
24.61 2 13
24.71 1 20
24.71 2 13
24.81 1 20
24.81 2 13
24.91 1 20
24.91 2 13
25.01 1 22
25.01 2 14
25.11 1 22
25.11 2 14
25.21 1 22
25.21 2 14
25.31 1 22
25.31 2 14
25.41 1 22
25.41 2 14
25.51 1 22
25.51 2 14
25.61 1 22
25.61 2 14
25.71 1 22
25.71 2 14
25.81 1 22
25.81 2 14
25.91 1 22
25.91 2 14
26.01 1 22
26.01 2 15
26.11 1 22
26.11 2 15
26.21 1 22
26.21 2 15
26.31 1 22
26.31 2 15
26.41 1 22
26.41 2 15
26.51 1 22
26.51 2 15
26.61 1 22
26.61 2 15
26.71 1 22
26.71 2 15
26.81 1 22
26.81 2 15
26.91 1 22
26.91 2 15
27.01 1 23
27.01 2 17
27.11 1 23
27.11 2 17
27.21 1 23
27.21 2 17
27.31 1 23
27.31 2 17
27.41 1 23
27.41 2 17
27.51 1 23
27.51 2 17
27.61 1 23
27.61 2 17
27.71 1 23
27.71 2 17
27.81 1 23
27.81 2 17
27.91 1 23
27.91 2 17
28.01 1 28
28.01 2 18
28.11 1 28
28.11 2 18
28.21 1 28
28.21 2 18
28.31 1 28
28.31 2 18
28.41 1 28
28.41 2 18
28.51 1 28
28.51 2 18
28.61 1 28
28.61 2 18
28.71 1 28
28.71 2 18
28.81 1 28
28.81 2 18
28.91 1 28
28.91 2 18
29.01 1 31
29.01 2 20
29.11 1 31
29.11 2 20
29.21 1 31
29.21 2 20
29.31 1 31
29.31 2 20
29.41 1 31
29.41 2 20
29.51 1 31
29.51 2 20
29.61 1 31
29.61 2 20
29.71 1 31
29.71 2 20
29.81 1 31
29.81 2 20
29.91 1 31
29.91 2 20
30.01 1 31
30.01 2 21
30.11 1 31
30.11 2 21
30.21 1 31
30.21 2 21
30.31 1 31
30.31 2 21
30.41 1 31
30.41 2 21
30.51 1 31
30.51 2 21
30.61 1 31
30.61 2 21
30.71 1 31
30.71 2 21
30.81 1 31
30.81 2 21
30.91 1 31
30.91 2 21
31.01 1 34
31.01 2 24
31.11 1 34
31.11 2 24
31.21 1 34
31.21 2 24
31.31 1 34
31.31 2 24
31.41 1 34
31.41 2 24
31.51 1 34
31.51 2 24
31.61 1 34
31.61 2 24
31.71 1 34
31.71 2 24
31.81 1 34
31.81 2 24
31.91 1 34
31.91 2 24
32.01 1 35
32.01 2 24
32.11 1 35
32.11 2 24
32.21 1 35
32.21 2 24
32.31 1 35
32.31 2 24
32.41 1 35
32.41 2 24
32.51 1 35
32.51 2 24
32.61 1 35
32.61 2 24
32.71 1 35
32.71 2 24
32.81 1 35
32.81 2 24
32.91 1 35
32.91 2 24
33.01 1 37
33.01 2 26
33.11 1 37
33.11 2 26
33.21 1 37
33.21 2 26
33.31 1 37
33.31 2 26
33.41 1 37
33.41 2 26
33.51 1 37
33.51 2 26
33.61 1 37
33.61 2 26
33.71 1 37
33.71 2 26
33.81 1 37
33.81 2 26
33.91 1 37
33.91 2 26
34.01 1 38
34.01 2 26
34.11 1 38
34.11 2 26
34.21 1 38
34.21 2 26
34.31 1 38
34.31 2 26
34.41 1 38
34.41 2 26
34.51 1 38
34.51 2 26
34.61 1 38
34.61 2 26
34.71 1 38
34.71 2 26
34.81 1 38
34.81 2 26
34.91 1 38
34.91 2 26
35.01 1 38
35.01 2 28
35.11 1 38
35.11 2 28
35.21 1 38
35.21 2 28
35.31 1 38
35.31 2 28
35.41 1 38
35.41 2 28
35.51 1 38
35.51 2 28
35.61 1 38
35.61 2 28
35.71 1 38
35.71 2 28
35.81 1 38
35.81 2 28
35.91 1 38
35.91 2 28
36.01 1 39
36.01 2 28
36.11 1 39
36.11 2 28
36.21 1 39
36.21 2 28
36.31 1 39
36.31 2 28
36.41 1 39
36.41 2 28
36.51 1 39
36.51 2 28
36.61 1 39
36.61 2 28
36.71 1 39
36.71 2 28
36.81 1 39
36.81 2 28
36.91 1 39
36.91 2 28
37.01 1 39
37.01 2 31
37.11 1 39
37.11 2 31
37.21 1 39
37.21 2 31
37.31 1 39
37.31 2 31
37.41 1 39
37.41 2 31
37.51 1 39
37.51 2 31
37.61 1 39
37.61 2 31
37.71 1 39
37.71 2 31
37.81 1 39
37.81 2 31
37.91 1 39
37.91 2 31
38.01 1 40
38.01 2 32
38.11 1 40
38.11 2 32
38.21 1 40
38.21 2 32
38.31 1 40
38.31 2 32
38.41 1 40
38.41 2 32
38.51 1 40
38.51 2 32
38.61 1 40
38.61 2 32
38.71 1 40
38.71 2 32
38.81 1 40
38.81 2 32
38.91 1 40
38.91 2 32
39.01 1 43
39.01 2 34
39.11 1 43
39.11 2 34
39.21 1 43
39.21 2 34
39.31 1 43
39.31 2 34
39.41 1 43
39.41 2 34
39.51 1 43
39.51 2 34
39.61 1 43
39.61 2 34
39.71 1 43
39.71 2 34
39.81 1 43
39.81 2 34
39.91 1 43
39.91 2 34
40.01 1 46
40.01 2 35
40.11 1 46
40.11 2 35
40.21 1 46
40.21 2 35
40.31 1 46
40.31 2 35
40.41 1 46
40.41 2 35
40.51 1 46
40.51 2 35
40.61 1 46
40.61 2 35
40.71 1 46
40.71 2 35
40.81 1 46
40.81 2 35
40.91 1 46
40.91 2 35
41.01 1 46
41.01 2 36
41.11 1 46
41.11 2 36
41.21 1 46
41.21 2 36
41.31 1 46
41.31 2 36
41.41 1 46
41.41 2 36
41.51 1 46
41.51 2 36
41.61 1 46
41.61 2 36
41.71 1 46
41.71 2 36
41.81 1 46
41.81 2 36
41.91 1 46
41.91 2 36
42.01 1 48
42.01 2 39
42.11 1 48
42.11 2 39
42.21 1 48
42.21 2 39
42.31 1 48
42.31 2 39
42.41 1 48
42.41 2 39
42.51 1 48
42.51 2 39
42.61 1 48
42.61 2 39
42.71 1 48
42.71 2 39
42.81 1 48
42.81 2 39
42.91 1 48
42.91 2 39
43.01 1 51
43.01 2 42
43.11 1 51
43.11 2 42
43.21 1 51
43.21 2 42
43.31 1 51
43.31 2 42
43.41 1 51
43.41 2 42
43.51 1 51
43.51 2 42
43.61 1 51
43.61 2 42
43.71 1 51
43.71 2 42
43.81 1 51
43.81 2 42
43.91 1 51
43.91 2 42
44.01 1 52
44.01 2 43
44.11 1 52
44.11 2 43
44.21 1 52
44.21 2 43
44.31 1 52
44.31 2 43
44.41 1 52
44.41 2 43
44.51 1 52
44.51 2 43
44.61 1 52
44.61 2 43
44.71 1 52
44.71 2 43
44.81 1 52
44.81 2 43
44.91 1 52
44.91 2 43
45.01 1 54
45.01 2 45
45.11 1 54
45.11 2 45
45.21 1 54
45.21 2 45
45.31 1 54
45.31 2 45
45.41 1 54
45.41 2 45
45.51 1 54
45.51 2 45
45.61 1 54
45.61 2 45
45.71 1 54
45.71 2 45
45.81 1 54
45.81 2 45
45.91 1 54
45.91 2 45
46.01 1 54
46.01 2 47
46.11 1 54
46.11 2 47
46.21 1 54
46.21 2 47
46.31 1 54
46.31 2 47
46.41 1 54
46.41 2 47
46.51 1 54
46.51 2 47
46.61 1 54
46.61 2 47
46.71 1 54
46.71 2 47
46.81 1 54
46.81 2 47
46.91 1 54
46.91 2 47
47.01 1 56
47.01 2 48
47.11 1 56
47.11 2 48
47.21 1 56
47.21 2 48
47.31 1 56
47.31 2 48
47.41 1 56
47.41 2 48
47.51 1 56
47.51 2 48
47.61 1 56
47.61 2 48
47.71 1 56
47.71 2 48
47.81 1 56
47.81 2 48
47.91 1 56
47.91 2 48
48.01 1 58
48.01 2 51
48.11 1 58
48.11 2 51
48.21 1 58
48.21 2 51
48.31 1 58
48.31 2 51
48.41 1 58
48.41 2 51
48.51 1 58
48.51 2 51
48.61 1 58
48.61 2 51
48.71 1 58
48.71 2 51
48.81 1 58
48.81 2 51
48.91 1 58
48.91 2 51
49.01 1 59
49.01 2 54
49.11 1 59
49.11 2 54
49.21 1 59
49.21 2 54
49.31 1 59
49.31 2 54
49.41 1 59
49.41 2 54
49.51 1 59
49.51 2 54
49.61 1 59
49.61 2 54
49.71 1 59
49.71 2 54
49.81 1 59
49.81 2 54
49.91 1 59
49.91 2 54
50.01 1 60
50.01 2 54
50.11 1 60
50.11 2 54
50.21 1 60
50.21 2 54
50.31 1 60
50.31 2 54
50.41 1 60
50.41 2 54
50.51 1 60
50.51 2 54
50.61 1 60
50.61 2 54
50.71 1 60
50.71 2 54
50.81 1 60
50.81 2 54
50.91 1 60
50.91 2 54
51.01 1 61
51.01 2 56
51.11 1 61
51.11 2 56
51.21 1 61
51.21 2 56
51.31 1 61
51.31 2 56
51.41 1 61
51.41 2 56
51.51 1 61
51.51 2 56
51.61 1 61
51.61 2 56
51.71 1 61
51.71 2 56
51.81 1 61
51.81 2 56
51.91 1 61
51.91 2 56
52.01 1 64
52.01 2 56
52.11 1 64
52.11 2 56
52.21 1 64
52.21 2 56
52.31 1 64
52.31 2 56
52.41 1 64
52.41 2 56
52.51 1 64
52.51 2 56
52.61 1 64
52.61 2 56
52.71 1 64
52.71 2 56
52.81 1 64
52.81 2 56
52.91 1 64
52.91 2 56
53.01 1 65
53.01 2 59
53.11 1 65
53.11 2 59
53.21 1 65
53.21 2 59
53.31 1 65
53.31 2 59
53.41 1 65
53.41 2 59
53.51 1 65
53.51 2 59
53.61 1 65
53.61 2 59
53.71 1 65
53.71 2 59
53.81 1 65
53.81 2 59
53.91 1 65
53.91 2 59
54.01 1 66
54.01 2 62
54.11 1 66
54.11 2 62
54.21 1 66
54.21 2 62
54.31 1 66
54.31 2 62
54.41 1 66
54.41 2 62
54.51 1 66
54.51 2 62
54.61 1 66
54.61 2 62
54.71 1 66
54.71 2 62
54.81 1 66
54.81 2 62
54.91 1 66
54.91 2 62
55.01 1 69
55.01 2 65
55.11 1 69
55.11 2 65
55.21 1 69
55.21 2 65
55.31 1 69
55.31 2 65
55.41 1 69
55.41 2 65
55.51 1 69
55.51 2 65
55.61 1 69
55.61 2 65
55.71 1 69
55.71 2 65
55.81 1 69
55.81 2 65
55.91 1 69
55.91 2 65
56.01 1 73
56.01 2 68
56.11 1 73
56.11 2 68
56.21 1 73
56.21 2 68
56.31 1 73
56.31 2 68
56.41 1 73
56.41 2 68
56.51 1 73
56.51 2 68
56.61 1 73
56.61 2 68
56.71 1 73
56.71 2 68
56.81 1 73
56.81 2 68
56.91 1 73
56.91 2 68
57.01 1 76
57.01 2 69
57.11 1 76
57.11 2 69
57.21 1 76
57.21 2 69
57.31 1 76
57.31 2 69
57.41 1 76
57.41 2 69
57.51 1 76
57.51 2 69
57.61 1 76
57.61 2 69
57.71 1 76
57.71 2 69
57.81 1 76
57.81 2 69
57.91 1 76
57.91 2 69
58.01 1 80
58.01 2 71
58.11 1 80
58.11 2 71
58.21 1 80
58.21 2 71
58.31 1 80
58.31 2 71
58.41 1 80
58.41 2 71
58.51 1 80
58.51 2 71
58.61 1 80
58.61 2 71
58.71 1 80
58.71 2 71
58.81 1 80
58.81 2 71
58.91 1 80
58.91 2 71
59.01 1 83
59.01 2 72
59.11 1 83
59.11 2 72
59.21 1 83
59.21 2 72
59.31 1 83
59.31 2 72
59.41 1 83
59.41 2 72
59.51 1 83
59.51 2 72
59.61 1 83
59.61 2 72
59.71 1 83
59.71 2 72
59.81 1 83
59.81 2 72
59.91 1 83
59.91 2 72
60.01 1 86
60.01 2 73
60.11 1 86
60.11 2 73
60.21 1 86
60.21 2 73
60.31 1 86
60.31 2 73
60.41 1 86
60.41 2 73
60.51 1 86
60.51 2 73
60.61 1 86
60.61 2 73
60.71 1 86
60.71 2 73
60.81 1 86
60.81 2 73
60.91 1 86
60.91 2 73
61.01 1 89
61.01 2 76
61.11 1 89
61.11 2 76
61.21 1 89
61.21 2 76
61.31 1 89
61.31 2 76
61.41 1 89
61.41 2 76
61.51 1 89
61.51 2 76
61.61 1 89
61.61 2 76
61.71 1 89
61.71 2 76
61.81 1 89
61.81 2 76
61.91 1 89
61.91 2 76
62.01 1 91
62.01 2 77
62.11 1 91
62.11 2 77
62.21 1 91
62.21 2 77
62.31 1 91
62.31 2 77
62.41 1 91
62.41 2 77
62.51 1 91
62.51 2 77
62.61 1 91
62.61 2 77
62.71 1 91
62.71 2 77
62.81 1 91
62.81 2 77
62.91 1 91
62.91 2 77
63.01 1 92
63.01 2 77
63.11 1 92
63.11 2 77
63.21 1 92
63.21 2 77
63.31 1 92
63.31 2 77
63.41 1 92
63.41 2 77
63.51 1 92
63.51 2 77
63.61 1 92
63.61 2 77
63.71 1 92
63.71 2 77
63.81 1 92
63.81 2 77
63.91 1 92
63.91 2 77
64.01 1 95
64.01 2 77
64.11 1 95
64.11 2 77
64.21 1 95
64.21 2 77
64.31 1 95
64.31 2 77
64.41 1 95
64.41 2 77
64.51 1 95
64.51 2 77
64.61 1 95
64.61 2 77
64.71 1 95
64.71 2 77
64.81 1 95
64.81 2 77
64.91 1 95
64.91 2 77
65.01 1 97
65.01 2 78
65.11 1 97
65.11 2 78
65.21 1 97
65.21 2 78
65.31 1 97
65.31 2 78
65.41 1 97
65.41 2 78
65.51 1 97
65.51 2 78
65.61 1 97
65.61 2 78
65.71 1 97
65.71 2 78
65.81 1 97
65.81 2 78
65.91 1 97
65.91 2 78
66.01 1 98
66.01 2 80
66.11 1 98
66.11 2 80
66.21 1 98
66.21 2 80
66.31 1 98
66.31 2 80
66.41 1 98
66.41 2 80
66.51 1 98
66.51 2 80
66.61 1 98
66.61 2 80
66.71 1 98
66.71 2 80
66.81 1 98
66.81 2 80
66.91 1 98
66.91 2 80
67.01 1 101
67.01 2 82
67.11 1 101
67.11 2 82
67.21 1 101
67.21 2 82
67.31 1 101
67.31 2 82
67.41 1 101
67.41 2 82
67.51 1 101
67.51 2 82
67.61 1 101
67.61 2 82
67.71 1 101
67.71 2 82
67.81 1 101
67.81 2 82
67.91 1 101
67.91 2 82
68.01 1 103
68.01 2 84
68.11 1 103
68.11 2 84
68.21 1 103
68.21 2 84
68.31 1 103
68.31 2 84
68.41 1 103
68.41 2 84
68.51 1 103
68.51 2 84
68.61 1 103
68.61 2 84
68.71 1 103
68.71 2 84
68.81 1 103
68.81 2 84
68.91 1 103
68.91 2 84
69.01 1 105
69.01 2 86
69.11 1 105
69.11 2 86
69.21 1 105
69.21 2 86
69.31 1 105
69.31 2 86
69.41 1 105
69.41 2 86
69.51 1 105
69.51 2 86
69.61 1 105
69.61 2 86
69.71 1 105
69.71 2 86
69.81 1 105
69.81 2 86
69.91 1 105
69.91 2 86
70.01 1 106
70.01 2 90
70.11 1 106
70.11 2 90
70.21 1 106
70.21 2 90
70.31 1 106
70.31 2 90
70.41 1 106
70.41 2 90
70.51 1 106
70.51 2 90
70.61 1 106
70.61 2 90
70.71 1 106
70.71 2 90
70.81 1 106
70.81 2 90
70.91 1 106
70.91 2 90
71.01 1 107
71.01 2 93
71.11 1 107
71.11 2 93
71.21 1 107
71.21 2 93
71.31 1 107
71.31 2 93
71.41 1 107
71.41 2 93
71.51 1 107
71.51 2 93
71.61 1 107
71.61 2 93
71.71 1 107
71.71 2 93
71.81 1 107
71.81 2 93
71.91 1 107
71.91 2 93
72.01 1 108
72.01 2 95
72.11 1 108
72.11 2 95
72.21 1 108
72.21 2 95
72.31 1 108
72.31 2 95
72.41 1 108
72.41 2 95
72.51 1 108
72.51 2 95
72.61 1 108
72.61 2 95
72.71 1 108
72.71 2 95
72.81 1 108
72.81 2 95
72.91 1 108
72.91 2 95
73.01 1 109
73.01 2 96
73.11 1 109
73.11 2 96
73.21 1 109
73.21 2 96
73.31 1 109
73.31 2 96
73.41 1 109
73.41 2 96
73.51 1 109
73.51 2 96
73.61 1 109
73.61 2 96
73.71 1 109
73.71 2 96
73.81 1 109
73.81 2 96
73.91 1 109
73.91 2 96
74.01 1 112
74.01 2 98
74.11 1 112
74.11 2 98
74.21 1 112
74.21 2 98
74.31 1 112
74.31 2 98
74.41 1 112
74.41 2 98
74.51 1 112
74.51 2 98
74.61 1 112
74.61 2 98
74.71 1 112
74.71 2 98
74.81 1 112
74.81 2 98
74.91 1 112
74.91 2 98
75.01 1 116
75.01 2 99
75.11 1 116
75.11 2 99
75.21 1 116
75.21 2 99
75.31 1 116
75.31 2 99
75.41 1 116
75.41 2 99
75.51 1 116
75.51 2 99
75.61 1 116
75.61 2 99
75.71 1 116
75.71 2 99
75.81 1 116
75.81 2 99
75.91 1 116
75.91 2 99
76.01 1 119
76.01 2 100
76.11 1 119
76.11 2 100
76.21 1 119
76.21 2 100
76.31 1 119
76.31 2 100
76.41 1 119
76.41 2 100
76.51 1 119
76.51 2 100
76.61 1 119
76.61 2 100
76.71 1 119
76.71 2 100
76.81 1 119
76.81 2 100
76.91 1 119
76.91 2 100
77.01 1 121
77.01 2 103
77.11 1 121
77.11 2 103
77.21 1 121
77.21 2 103
77.31 1 121
77.31 2 103
77.41 1 121
77.41 2 103
77.51 1 121
77.51 2 103
77.61 1 121
77.61 2 103
77.71 1 121
77.71 2 103
77.81 1 121
77.81 2 103
77.91 1 121
77.91 2 103
78.01 1 124
78.01 2 104
78.11 1 124
78.11 2 104
78.21 1 124
78.21 2 104
78.31 1 124
78.31 2 104
78.41 1 124
78.41 2 104
78.51 1 124
78.51 2 104
78.61 1 124
78.61 2 104
78.71 1 124
78.71 2 104
78.81 1 124
78.81 2 104
78.91 1 124
78.91 2 104
79.01 1 127
79.01 2 106
79.11 1 127
79.11 2 106
79.21 1 127
79.21 2 106
79.31 1 127
79.31 2 106
79.41 1 127
79.41 2 106
79.51 1 127
79.51 2 106
79.61 1 127
79.61 2 106
79.71 1 127
79.71 2 106
79.81 1 127
79.81 2 106
79.91 1 127
79.91 2 106
80.01 1 129
80.01 2 108
80.11 1 129
80.11 2 108
80.21 1 129
80.21 2 108
80.31 1 129
80.31 2 108
80.41 1 129
80.41 2 108
80.51 1 129
80.51 2 108
80.61 1 129
80.61 2 108
80.71 1 129
80.71 2 108
80.81 1 129
80.81 2 108
80.91 1 129
80.91 2 108
81.01 1 130
81.01 2 109
81.11 1 130
81.11 2 109
81.21 1 130
81.21 2 109
81.31 1 130
81.31 2 109
81.41 1 130
81.41 2 109
81.51 1 130
81.51 2 109
81.61 1 130
81.61 2 109
81.71 1 130
81.71 2 109
81.81 1 130
81.81 2 109
81.91 1 130
81.91 2 109
82.01 1 133
82.01 2 113
82.11 1 133
82.11 2 113
82.21 1 133
82.21 2 113
82.31 1 133
82.31 2 113
82.41 1 133
82.41 2 113
82.51 1 133
82.51 2 113
82.61 1 133
82.61 2 113
82.71 1 133
82.71 2 113
82.81 1 133
82.81 2 113
82.91 1 133
82.91 2 113
83.01 1 135
83.01 2 113
83.11 1 135
83.11 2 113
83.21 1 135
83.21 2 113
83.31 1 135
83.31 2 113
83.41 1 135
83.41 2 113
83.51 1 135
83.51 2 113
83.61 1 135
83.61 2 113
83.71 1 135
83.71 2 113
83.81 1 135
83.81 2 113
83.91 1 135
83.91 2 113
84.01 1 137
84.01 2 113
84.11 1 137
84.11 2 113
84.21 1 137
84.21 2 113
84.31 1 137
84.31 2 113
84.41 1 137
84.41 2 113
84.51 1 137
84.51 2 113
84.61 1 137
84.61 2 113
84.71 1 137
84.71 2 113
84.81 1 137
84.81 2 113
84.91 1 137
84.91 2 113
85.01 1 140
85.01 2 115
85.11 1 140
85.11 2 115
85.21 1 140
85.21 2 115
85.31 1 140
85.31 2 115
85.41 1 140
85.41 2 115
85.51 1 140
85.51 2 115
85.61 1 140
85.61 2 115
85.71 1 140
85.71 2 115
85.81 1 140
85.81 2 115
85.91 1 140
85.91 2 115
86.01 1 142
86.01 2 117
86.11 1 142
86.11 2 117
86.21 1 142
86.21 2 117
86.31 1 142
86.31 2 117
86.41 1 142
86.41 2 117
86.51 1 142
86.51 2 117
86.61 1 142
86.61 2 117
86.71 1 142
86.71 2 117
86.81 1 142
86.81 2 117
86.91 1 142
86.91 2 117
87.01 1 148
87.01 2 117
87.11 1 148
87.11 2 117
87.21 1 148
87.21 2 117
87.31 1 148
87.31 2 117
87.41 1 148
87.41 2 117
87.51 1 148
87.51 2 117
87.61 1 148
87.61 2 117
87.71 1 148
87.71 2 117
87.81 1 148
87.81 2 117
87.91 1 148
87.91 2 117
88.01 1 149
88.01 2 120
88.11 1 149
88.11 2 120
88.21 1 149
88.21 2 120
88.31 1 149
88.31 2 120
88.41 1 149
88.41 2 120
88.51 1 149
88.51 2 120
88.61 1 149
88.61 2 120
88.71 1 149
88.71 2 120
88.81 1 149
88.81 2 120
88.91 1 149
88.91 2 120
89.01 1 149
89.01 2 122
89.11 1 149
89.11 2 122
89.21 1 149
89.21 2 122
89.31 1 149
89.31 2 122
89.41 1 149
89.41 2 122
89.51 1 149
89.51 2 122
89.61 1 149
89.61 2 122
89.71 1 149
89.71 2 122
89.81 1 149
89.81 2 122
89.91 1 149
89.91 2 122
90.01 1 151
90.01 2 123
90.11 1 151
90.11 2 123
90.21 1 151
90.21 2 123
90.31 1 151
90.31 2 123
90.41 1 151
90.41 2 123
90.51 1 151
90.51 2 123
90.61 1 151
90.61 2 123
90.71 1 151
90.71 2 123
90.81 1 151
90.81 2 123
90.91 1 151
90.91 2 123
91.01 1 153
91.01 2 124
91.11 1 153
91.11 2 124
91.21 1 153
91.21 2 124
91.31 1 153
91.31 2 124
91.41 1 153
91.41 2 124
91.51 1 153
91.51 2 124
91.61 1 153
91.61 2 124
91.71 1 153
91.71 2 124
91.81 1 153
91.81 2 124
91.91 1 153
91.91 2 124
92.01 1 155
92.01 2 127
92.11 1 155
92.11 2 127
92.21 1 155
92.21 2 127
92.31 1 155
92.31 2 127
92.41 1 155
92.41 2 127
92.51 1 155
92.51 2 127
92.61 1 155
92.61 2 127
92.71 1 155
92.71 2 127
92.81 1 155
92.81 2 127
92.91 1 155
92.91 2 127
93.01 1 157
93.01 2 129
93.11 1 157
93.11 2 129
93.21 1 157
93.21 2 129
93.31 1 157
93.31 2 129
93.41 1 157
93.41 2 129
93.51 1 157
93.51 2 129
93.61 1 157
93.61 2 129
93.71 1 157
93.71 2 129
93.81 1 157
93.81 2 129
93.91 1 157
93.91 2 129
94.01 1 158
94.01 2 129
94.11 1 158
94.11 2 129
94.21 1 158
94.21 2 129
94.31 1 158
94.31 2 129
94.41 1 158
94.41 2 129
94.51 1 158
94.51 2 129
94.61 1 158
94.61 2 129
94.71 1 158
94.71 2 129
94.81 1 158
94.81 2 129
94.91 1 158
94.91 2 129
95.01 1 162
95.01 2 133
95.11 1 162
95.11 2 133
95.21 1 162
95.21 2 133
95.31 1 162
95.31 2 133
95.41 1 162
95.41 2 133
95.51 1 162
95.51 2 133
95.61 1 162
95.61 2 133
95.71 1 162
95.71 2 133
95.81 1 162
95.81 2 133
95.91 1 162
95.91 2 133
96.01 1 166
96.01 2 134
96.11 1 166
96.11 2 134
96.21 1 166
96.21 2 134
96.31 1 166
96.31 2 134
96.41 1 166
96.41 2 134
96.51 1 166
96.51 2 134
96.61 1 166
96.61 2 134
96.71 1 166
96.71 2 134
96.81 1 166
96.81 2 134
96.91 1 166
96.91 2 134
97.01 1 169
97.01 2 140
97.11 1 169
97.11 2 140
97.21 1 169
97.21 2 140
97.31 1 169
97.31 2 140
97.41 1 169
97.41 2 140
97.51 1 169
97.51 2 140
97.61 1 169
97.61 2 140
97.71 1 169
97.71 2 140
97.81 1 169
97.81 2 140
97.91 1 169
97.91 2 140
98.01 1 170
98.01 2 141
98.11 1 170
98.11 2 141
98.21 1 170
98.21 2 141
98.31 1 170
98.31 2 141
98.41 1 170
98.41 2 141
98.51 1 170
98.51 2 141
98.61 1 170
98.61 2 141
98.71 1 170
98.71 2 141
98.81 1 170
98.81 2 141
98.91 1 170
98.91 2 141
99.01 1 172
99.01 2 143
99.11 1 172
99.11 2 143
99.21 1 172
99.21 2 143
99.31 1 172
99.31 2 143
99.41 1 172
99.41 2 143
99.51 1 172
99.51 2 143
99.61 1 172
99.61 2 143
99.71 1 172
99.71 2 143
99.81 1 172
99.81 2 143
99.91 1 172
99.91 2 143
100.01 1 175
100.01 2 148
100.11 1 175
100.11 2 148
100.21 1 175
100.21 2 148
100.31 1 175
100.31 2 148
100.41 1 175
100.41 2 148
100.51 1 175
100.51 2 148
100.61 1 175
100.61 2 148
100.71 1 175
100.71 2 148
100.81 1 175
100.81 2 148
100.91 1 175
100.91 2 148
101.01 1 176
101.01 2 148
101.11 1 176
101.11 2 148
101.21 1 176
101.21 2 148
101.31 1 176
101.31 2 148
101.41 1 176
101.41 2 148
101.51 1 176
101.51 2 148
101.61 1 176
101.61 2 148
101.71 1 176
101.71 2 148
101.81 1 176
101.81 2 148
101.91 1 176
101.91 2 148
102.01 1 176
102.01 2 148
102.11 1 176
102.11 2 148
102.21 1 176
102.21 2 148
102.31 1 176
102.31 2 148
102.41 1 176
102.41 2 148
102.51 1 176
102.51 2 148
102.61 1 176
102.61 2 148
102.71 1 176
102.71 2 148
102.81 1 176
102.81 2 148
102.91 1 176
102.91 2 148
103.01 1 176
103.01 2 148
103.11 1 176
103.11 2 148
103.21 1 176
103.21 2 148
103.31 1 176
103.31 2 148
103.41 1 176
103.41 2 148
103.51 1 176
103.51 2 148
103.61 1 176
103.61 2 148
103.71 1 176
103.71 2 148
103.81 1 176
103.81 2 148
103.91 1 176
103.91 2 148
104.01 1 176
104.01 2 148
104.11 1 176
104.11 2 148
104.21 1 176
104.21 2 148
104.31 1 176
104.31 2 148
104.41 1 176
104.41 2 148
104.51 1 176
104.51 2 148
104.61 1 176
104.61 2 148
104.71 1 176
104.71 2 148
104.81 1 176
104.81 2 148
104.91 1 176
104.91 2 148
105.01 1 176
105.01 2 148
105.11 1 176
105.11 2 148
105.21 1 176
105.21 2 148
105.31 1 176
105.31 2 148
105.41 1 176
105.41 2 148
105.51 1 176
105.51 2 148
105.61 1 176
105.61 2 148
105.71 1 176
105.71 2 148
105.81 1 176
105.81 2 148
105.91 1 176
105.91 2 148
106.01 1 176
106.01 2 148
106.11 1 176
106.11 2 148
106.21 1 176
106.21 2 148
106.31 1 176
106.31 2 148
106.41 1 176
106.41 2 148
106.51 1 176
106.51 2 148
106.61 1 176
106.61 2 148
106.71 1 176
106.71 2 148
106.81 1 176
106.81 2 148
106.91 1 176
106.91 2 148
107.01 1 176
107.01 2 148
107.11 1 176
107.11 2 148
107.21 1 176
107.21 2 148
107.31 1 176
107.31 2 148
107.41 1 176
107.41 2 148
107.51 1 176
107.51 2 148
107.61 1 176
107.61 2 148
107.71 1 176
107.71 2 148
107.81 1 176
107.81 2 148
107.91 1 176
107.91 2 148
108.01 1 176
108.01 2 148
108.11 1 176
108.11 2 148
108.21 1 176
108.21 2 148
108.31 1 176
108.31 2 148
108.41 1 176
108.41 2 148
108.51 1 176
108.51 2 148
108.61 1 176
108.61 2 148
108.71 1 176
108.71 2 148
108.81 1 176
108.81 2 148
108.91 1 176
108.91 2 148
109.01 1 176
109.01 2 148
109.11 1 176
109.11 2 148
109.21 1 176
109.21 2 148
109.31 1 176
109.31 2 148
109.41 1 176
109.41 2 148
109.51 1 176
109.51 2 148
109.61 1 176
109.61 2 148
109.71 1 176
109.71 2 148
109.81 1 176
109.81 2 148
109.91 1 176
109.91 2 148
110.01 1 176
110.01 2 148
110.11 1 176
110.11 2 148
110.21 1 176
110.21 2 148
110.31 1 176
110.31 2 148
110.41 1 176
110.41 2 148
110.51 1 176
110.51 2 148
110.61 1 176
110.61 2 148
110.71 1 176
110.71 2 148
110.81 1 176
110.81 2 148
110.91 1 176
110.91 2 148
111.01 1 176
111.01 2 148
111.11 1 176
111.11 2 148
111.21 1 176
111.21 2 148
111.31 1 176
111.31 2 148
111.41 1 176
111.41 2 148
111.51 1 176
111.51 2 148
111.61 1 176
111.61 2 148
111.71 1 176
111.71 2 148
111.81 1 176
111.81 2 148
111.91 1 176
111.91 2 148
112.01 1 176
112.01 2 148
112.11 1 176
112.11 2 148
112.21 1 176
112.21 2 148
112.31 1 176
112.31 2 148
112.41 1 176
112.41 2 148
112.51 1 176
112.51 2 148
112.61 1 176
112.61 2 148
112.71 1 176
112.71 2 148
112.81 1 176
112.81 2 148
112.91 1 176
112.91 2 148
113.01 1 176
113.01 2 148
113.11 1 176
113.11 2 148
113.21 1 176
113.21 2 148
113.31 1 176
113.31 2 148
113.41 1 176
113.41 2 148
113.51 1 176
113.51 2 148
113.61 1 176
113.61 2 148
113.71 1 176
113.71 2 148
113.81 1 176
113.81 2 148
113.91 1 176
113.91 2 148
114.01 1 176
114.01 2 148
114.11 1 176
114.11 2 148
114.21 1 176
114.21 2 148
114.31 1 176
114.31 2 148
114.41 1 176
114.41 2 148
114.51 1 176
114.51 2 148
114.61 1 176
114.61 2 148
114.71 1 176
114.71 2 148
114.81 1 176
114.81 2 148
114.91 1 176
114.91 2 148
115.01 1 176
115.01 2 148
115.11 1 176
115.11 2 148
115.21 1 176
115.21 2 148
115.31 1 176
115.31 2 148
115.41 1 176
115.41 2 148
115.51 1 176
115.51 2 148
115.61 1 176
115.61 2 148
115.71 1 176
115.71 2 148
115.81 1 176
115.81 2 148
115.91 1 176
115.91 2 148
116.01 1 176
116.01 2 148
116.11 1 176
116.11 2 148
116.21 1 176
116.21 2 148
116.31 1 176
116.31 2 148
116.41 1 176
116.41 2 148
116.51 1 176
116.51 2 148
116.61 1 176
116.61 2 148
116.71 1 176
116.71 2 148
116.81 1 176
116.81 2 148
116.91 1 176
116.91 2 148
117.01 1 176
117.01 2 148
117.11 1 176
117.11 2 148
117.21 1 176
117.21 2 148
117.31 1 176
117.31 2 148
117.41 1 176
117.41 2 148
117.51 1 176
117.51 2 148
117.61 1 176
117.61 2 148
117.71 1 176
117.71 2 148
117.81 1 176
117.81 2 148
117.91 1 176
117.91 2 148
118.01 1 176
118.01 2 148
118.11 1 176
118.11 2 148
118.21 1 176
118.21 2 148
118.31 1 176
118.31 2 148
118.41 1 176
118.41 2 148
118.51 1 176
118.51 2 148
118.61 1 176
118.61 2 148
118.71 1 176
118.71 2 148
118.81 1 176
118.81 2 148
118.91 1 176
118.91 2 148
119.01 1 176
119.01 2 148
119.11 1 176
119.11 2 148
119.21 1 176
119.21 2 148
119.31 1 176
119.31 2 148
119.41 1 176
119.41 2 148
119.51 1 176
119.51 2 148
119.61 1 176
119.61 2 148
119.71 1 176
119.71 2 148
119.81 1 176
119.81 2 148
119.91 1 176
119.91 2 148
120.01 1 176
120.01 2 148
120.11 1 176
120.11 2 148
120.21 1 176
120.21 2 148
120.31 1 176
120.31 2 148
120.41 1 176
120.41 2 148
120.51 1 176
120.51 2 148
120.61 1 176
120.61 2 148
120.71 1 176
120.71 2 148
120.81 1 176
120.81 2 148
120.91 1 176
120.91 2 148
121.01 1 176
121.01 2 148
121.11 1 176
121.11 2 148
121.21 1 176
121.21 2 148
121.31 1 176
121.31 2 148
121.41 1 176
121.41 2 148
121.51 1 176
121.51 2 148
121.61 1 176
121.61 2 148
121.71 1 176
121.71 2 148
121.81 1 176
121.81 2 148
121.91 1 176
121.91 2 148
122.01 1 176
122.01 2 148
122.11 1 176
122.11 2 148
122.21 1 176
122.21 2 148
122.31 1 176
122.31 2 148
122.41 1 176
122.41 2 148
122.51 1 176
122.51 2 148
122.61 1 176
122.61 2 148
122.71 1 176
122.71 2 148
122.81 1 176
122.81 2 148
122.91 1 176
122.91 2 148
123.01 1 176
123.01 2 148
123.11 1 176
123.11 2 148
123.21 1 176
123.21 2 148
123.31 1 176
123.31 2 148
123.41 1 176
123.41 2 148
123.51 1 176
123.51 2 148
123.61 1 176
123.61 2 148
123.71 1 176
123.71 2 148
123.81 1 176
123.81 2 148
123.91 1 176
123.91 2 148
124.01 1 176
124.01 2 148
124.11 1 176
124.11 2 148
124.21 1 176
124.21 2 148
124.31 1 176
124.31 2 148
124.41 1 176
124.41 2 148
124.51 1 176
124.51 2 148
124.61 1 176
124.61 2 148
124.71 1 176
124.71 2 148
124.81 1 176
124.81 2 148
124.91 1 176
124.91 2 148
125.01 1 176
125.01 2 148
125.11 1 176
125.11 2 148
125.21 1 176
125.21 2 148
125.31 1 176
125.31 2 148
125.41 1 176
125.41 2 148
125.51 1 176
125.51 2 148
125.61 1 176
125.61 2 148
125.71 1 176
125.71 2 148
125.81 1 176
125.81 2 148
125.91 1 176
125.91 2 148
126.01 1 176
126.01 2 148
126.11 1 176
126.11 2 148
126.21 1 176
126.21 2 148
126.31 1 176
126.31 2 148
126.41 1 176
126.41 2 148
126.51 1 176
126.51 2 148
126.61 1 176
126.61 2 148
126.71 1 176
126.71 2 148
126.81 1 176
126.81 2 148
126.91 1 176
126.91 2 148
127.01 1 176
127.01 2 148
127.11 1 176
127.11 2 148
127.21 1 176
127.21 2 148
127.31 1 176
127.31 2 148
127.41 1 176
127.41 2 148
127.51 1 176
127.51 2 148
127.61 1 176
127.61 2 148
127.71 1 176
127.71 2 148
127.81 1 176
127.81 2 148
127.91 1 176
127.91 2 148
128.01 1 176
128.01 2 148
128.11 1 176
128.11 2 148
128.21 1 176
128.21 2 148
128.31 1 176
128.31 2 148
128.41 1 176
128.41 2 148
128.51 1 176
128.51 2 148
128.61 1 176
128.61 2 148
128.71 1 176
128.71 2 148
128.81 1 176
128.81 2 148
128.91 1 176
128.91 2 148
129.01 1 176
129.01 2 148
129.11 1 176
129.11 2 148
129.21 1 176
129.21 2 148
129.31 1 176
129.31 2 148
129.41 1 176
129.41 2 148
129.51 1 176
129.51 2 148
129.61 1 176
129.61 2 148
129.71 1 176
129.71 2 148
129.81 1 176
129.81 2 148
129.91 1 176
129.91 2 148
130.01 1 176
130.01 2 148
130.11 1 176
130.11 2 148
130.21 1 176
130.21 2 148
130.31 1 176
130.31 2 148
130.41 1 176
130.41 2 148
130.51 1 176
130.51 2 148
130.61 1 176
130.61 2 148
130.71 1 176
130.71 2 148
130.81 1 176
130.81 2 148
130.91 1 176
130.91 2 148
131.01 1 176
131.01 2 148
131.11 1 176
131.11 2 148
131.21 1 176
131.21 2 148
131.31 1 176
131.31 2 148
131.41 1 176
131.41 2 148
131.51 1 176
131.51 2 148
131.61 1 176
131.61 2 148
131.71 1 176
131.71 2 148
131.81 1 176
131.81 2 148
131.91 1 176
131.91 2 148
132.01 1 176
132.01 2 148
132.11 1 176
132.11 2 148
132.21 1 176
132.21 2 148
132.31 1 176
132.31 2 148
132.41 1 176
132.41 2 148
132.51 1 176
132.51 2 148
132.61 1 176
132.61 2 148
132.71 1 176
132.71 2 148
132.81 1 176
132.81 2 148
132.91 1 176
132.91 2 148
133.01 1 176
133.01 2 148
133.11 1 176
133.11 2 148
133.21 1 176
133.21 2 148
133.31 1 176
133.31 2 148
133.41 1 176
133.41 2 148
133.51 1 176
133.51 2 148
133.61 1 176
133.61 2 148
133.71 1 176
133.71 2 148
133.81 1 176
133.81 2 148
133.91 1 176
133.91 2 148
134.01 1 176
134.01 2 148
134.11 1 176
134.11 2 148
134.21 1 176
134.21 2 148
134.31 1 176
134.31 2 148
134.41 1 176
134.41 2 148
134.51 1 176
134.51 2 148
134.61 1 176
134.61 2 148
134.71 1 176
134.71 2 148
134.81 1 176
134.81 2 148
134.91 1 176
134.91 2 148
135.01 1 176
135.01 2 148
135.11 1 176
135.11 2 148
135.21 1 176
135.21 2 148
135.31 1 176
135.31 2 148
135.41 1 176
135.41 2 148
135.51 1 176
135.51 2 148
135.61 1 176
135.61 2 148
135.71 1 176
135.71 2 148
135.81 1 176
135.81 2 148
135.91 1 176
135.91 2 148
136.01 1 176
136.01 2 148
136.11 1 176
136.11 2 148
136.21 1 176
136.21 2 148
136.31 1 176
136.31 2 148
136.41 1 176
136.41 2 148
136.51 1 176
136.51 2 148
136.61 1 176
136.61 2 148
136.71 1 176
136.71 2 148
136.81 1 176
136.81 2 148
136.91 1 176
136.91 2 148
137.01 1 176
137.01 2 148
137.11 1 176
137.11 2 148
137.21 1 176
137.21 2 148
137.31 1 176
137.31 2 148
137.41 1 176
137.41 2 148
137.51 1 176
137.51 2 148
137.61 1 176
137.61 2 148
137.71 1 176
137.71 2 148
137.81 1 176
137.81 2 148
137.91 1 176
137.91 2 148
138.01 1 176
138.01 2 148
138.11 1 176
138.11 2 148
138.21 1 176
138.21 2 148
138.31 1 176
138.31 2 148
138.41 1 176
138.41 2 148
138.51 1 176
138.51 2 148
138.61 1 176
138.61 2 148
138.71 1 176
138.71 2 148
138.81 1 176
138.81 2 148
138.91 1 176
138.91 2 148
139.01 1 176
139.01 2 148
139.11 1 176
139.11 2 148
139.21 1 176
139.21 2 148
139.31 1 176
139.31 2 148
139.41 1 176
139.41 2 148
139.51 1 176
139.51 2 148
139.61 1 176
139.61 2 148
139.71 1 176
139.71 2 148
139.81 1 176
139.81 2 148
139.91 1 176
139.91 2 148
140.01 1 176
140.01 2 148
140.11 1 176
140.11 2 148
140.21 1 176
140.21 2 148
140.31 1 176
140.31 2 148
140.41 1 176
140.41 2 148
140.51 1 176
140.51 2 148
140.61 1 176
140.61 2 148
140.71 1 176
140.71 2 148
140.81 1 176
140.81 2 148
140.91 1 176
140.91 2 148
141.01 1 176
141.01 2 148
141.11 1 176
141.11 2 148
141.21 1 176
141.21 2 148
141.31 1 176
141.31 2 148
141.41 1 176
141.41 2 148
141.51 1 176
141.51 2 148
141.61 1 176
141.61 2 148
141.71 1 176
141.71 2 148
141.81 1 176
141.81 2 148
141.91 1 176
141.91 2 148
142.01 1 176
142.01 2 148
142.11 1 176
142.11 2 148
142.21 1 176
142.21 2 148
142.31 1 176
142.31 2 148
142.41 1 176
142.41 2 148
142.51 1 176
142.51 2 148
142.61 1 176
142.61 2 148
142.71 1 176
142.71 2 148
142.81 1 176
142.81 2 148
142.91 1 176
142.91 2 148
143.01 1 176
143.01 2 148
143.11 1 176
143.11 2 148
143.21 1 176
143.21 2 148
143.31 1 176
143.31 2 148
143.41 1 176
143.41 2 148
143.51 1 176
143.51 2 148
143.61 1 176
143.61 2 148
143.71 1 176
143.71 2 148
143.81 1 176
143.81 2 148
143.91 1 176
143.91 2 148
144.01 1 176
144.01 2 148
144.11 1 176
144.11 2 148
144.21 1 176
144.21 2 148
144.31 1 176
144.31 2 148
144.41 1 176
144.41 2 148
144.51 1 176
144.51 2 148
144.61 1 176
144.61 2 148
144.71 1 176
144.71 2 148
144.81 1 176
144.81 2 148
144.91 1 176
144.91 2 148
145.01 1 176
145.01 2 148
145.11 1 176
145.11 2 148
145.21 1 176
145.21 2 148
145.31 1 176
145.31 2 148
145.41 1 176
145.41 2 148
145.51 1 176
145.51 2 148
145.61 1 176
145.61 2 148
145.71 1 176
145.71 2 148
145.81 1 176
145.81 2 148
145.91 1 176
145.91 2 148
146.01 1 176
146.01 2 148
146.11 1 176
146.11 2 148
146.21 1 176
146.21 2 148
146.31 1 176
146.31 2 148
146.41 1 176
146.41 2 148
146.51 1 176
146.51 2 148
146.61 1 176
146.61 2 148
146.71 1 176
146.71 2 148
146.81 1 176
146.81 2 148
146.91 1 176
146.91 2 148
147.01 1 176
147.01 2 148
147.11 1 176
147.11 2 148
147.21 1 176
147.21 2 148
147.31 1 176
147.31 2 148
147.41 1 176
147.41 2 148
147.51 1 176
147.51 2 148
147.61 1 176
147.61 2 148
147.71 1 176
147.71 2 148
147.81 1 176
147.81 2 148
147.91 1 176
147.91 2 148
148.01 1 176
148.01 2 148
148.11 1 176
148.11 2 148
148.21 1 176
148.21 2 148
148.31 1 176
148.31 2 148
148.41 1 176
148.41 2 148
148.51 1 176
148.51 2 148
148.61 1 176
148.61 2 148
148.71 1 176
148.71 2 148
148.81 1 176
148.81 2 148
148.91 1 176
148.91 2 148
149.01 1 176
149.01 2 148
149.11 1 176
149.11 2 148
149.21 1 176
149.21 2 148
149.31 1 176
149.31 2 148
149.41 1 176
149.41 2 148
149.51 1 176
149.51 2 148
149.61 1 176
149.61 2 148
149.71 1 176
149.71 2 148
149.81 1 176
149.81 2 148
149.91 1 176
149.91 2 148
150.01 1 176
150.01 2 148
150.11 1 176
150.11 2 148
150.21 1 176
150.21 2 148
150.31 1 176
150.31 2 148
150.41 1 176
150.41 2 148
150.51 1 176
150.51 2 148
150.61 1 176
150.61 2 148
150.71 1 176
150.71 2 148
150.81 1 176
150.81 2 148
150.91 1 176
150.91 2 148
151.01 1 176
151.01 2 148
151.11 1 176
151.11 2 148
151.21 1 176
151.21 2 148
151.31 1 176
151.31 2 148
151.41 1 176
151.41 2 148
151.51 1 176
151.51 2 148
151.61 1 176
151.61 2 148
151.71 1 176
151.71 2 148
151.81 1 176
151.81 2 148
151.91 1 176
151.91 2 148
152.01 1 176
152.01 2 148
152.11 1 176
152.11 2 148
152.21 1 176
152.21 2 148
152.31 1 176
152.31 2 148
152.41 1 176
152.41 2 148
152.51 1 176
152.51 2 148
152.61 1 176
152.61 2 148
152.71 1 176
152.71 2 148
152.81 1 176
152.81 2 148
152.91 1 176
152.91 2 148
153.01 1 176
153.01 2 148
153.11 1 176
153.11 2 148
153.21 1 176
153.21 2 148
153.31 1 176
153.31 2 148
153.41 1 176
153.41 2 148
153.51 1 176
153.51 2 148
153.61 1 176
153.61 2 148
153.71 1 176
153.71 2 148
153.81 1 176
153.81 2 148
153.91 1 176
153.91 2 148
154.01 1 176
154.01 2 148
154.11 1 176
154.11 2 148
154.21 1 176
154.21 2 148
154.31 1 176
154.31 2 148
154.41 1 176
154.41 2 148
154.51 1 176
154.51 2 148
154.61 1 176
154.61 2 148
154.71 1 176
154.71 2 148
154.81 1 176
154.81 2 148
154.91 1 176
154.91 2 148
155.01 1 176
155.01 2 148
155.11 1 176
155.11 2 148
155.21 1 176
155.21 2 148
155.31 1 176
155.31 2 148
155.41 1 176
155.41 2 148
155.51 1 176
155.51 2 148
155.61 1 176
155.61 2 148
155.71 1 176
155.71 2 148
155.81 1 176
155.81 2 148
155.91 1 176
155.91 2 148
156.01 1 176
156.01 2 148
156.11 1 176
156.11 2 148
156.21 1 176
156.21 2 148
156.31 1 176
156.31 2 148
156.41 1 176
156.41 2 148
156.51 1 176
156.51 2 148
156.61 1 176
156.61 2 148
156.71 1 176
156.71 2 148
156.81 1 176
156.81 2 148
156.91 1 176
156.91 2 148
157.01 1 176
157.01 2 148
157.11 1 176
157.11 2 148
157.21 1 176
157.21 2 148
157.31 1 176
157.31 2 148
157.41 1 176
157.41 2 148
157.51 1 176
157.51 2 148
157.61 1 176
157.61 2 148
157.71 1 176
157.71 2 148
157.81 1 176
157.81 2 148
157.91 1 176
157.91 2 148
158.01 1 176
158.01 2 148
158.11 1 176
158.11 2 148
158.21 1 176
158.21 2 148
158.31 1 176
158.31 2 148
158.41 1 176
158.41 2 148
158.51 1 176
158.51 2 148
158.61 1 176
158.61 2 148
158.71 1 176
158.71 2 148
158.81 1 176
158.81 2 148
158.91 1 176
158.91 2 148
159.01 1 176
159.01 2 148
159.11 1 176
159.11 2 148
159.21 1 176
159.21 2 148
159.31 1 176
159.31 2 148
159.41 1 176
159.41 2 148
159.51 1 176
159.51 2 148
159.61 1 176
159.61 2 148
159.71 1 176
159.71 2 148
159.81 1 176
159.81 2 148
159.91 1 176
159.91 2 148
160.01 1 176
160.01 2 148
160.11 1 176
160.11 2 148
160.21 1 176
160.21 2 148
160.31 1 176
160.31 2 148
160.41 1 176
160.41 2 148
160.51 1 176
160.51 2 148
160.61 1 176
160.61 2 148
160.71 1 176
160.71 2 148
160.81 1 176
160.81 2 148
160.91 1 176
160.91 2 148
161.01 1 176
161.01 2 148
161.11 1 176
161.11 2 148
161.21 1 176
161.21 2 148
161.31 1 176
161.31 2 148
161.41 1 176
161.41 2 148
161.51 1 176
161.51 2 148
161.61 1 176
161.61 2 148
161.71 1 176
161.71 2 148
161.81 1 176
161.81 2 148
161.91 1 176
161.91 2 148
162.01 1 176
162.01 2 148
162.11 1 176
162.11 2 148
162.21 1 176
162.21 2 148
162.31 1 176
162.31 2 148
162.41 1 176
162.41 2 148
162.51 1 176
162.51 2 148
162.61 1 176
162.61 2 148
162.71 1 176
162.71 2 148
162.81 1 176
162.81 2 148
162.91 1 176
162.91 2 148
163.01 1 176
163.01 2 148
163.11 1 176
163.11 2 148
163.21 1 176
163.21 2 148
163.31 1 176
163.31 2 148
163.41 1 176
163.41 2 148
163.51 1 176
163.51 2 148
163.61 1 176
163.61 2 148
163.71 1 176
163.71 2 148
163.81 1 176
163.81 2 148
163.91 1 176
163.91 2 148
164.01 1 176
164.01 2 148
164.11 1 176
164.11 2 148
164.21 1 176
164.21 2 148
164.31 1 176
164.31 2 148
164.41 1 176
164.41 2 148
164.51 1 176
164.51 2 148
164.61 1 176
164.61 2 148
164.71 1 176
164.71 2 148
164.81 1 176
164.81 2 148
164.91 1 176
164.91 2 148
165.01 1 176
165.01 2 148
165.11 1 176
165.11 2 148
165.21 1 176
165.21 2 148
165.31 1 176
165.31 2 148
165.41 1 176
165.41 2 148
165.51 1 176
165.51 2 148
165.61 1 176
165.61 2 148
165.71 1 176
165.71 2 148
165.81 1 176
165.81 2 148
165.91 1 176
165.91 2 148
166.01 1 176
166.01 2 148
166.11 1 176
166.11 2 148
166.21 1 176
166.21 2 148
166.31 1 176
166.31 2 148
166.41 1 176
166.41 2 148
166.51 1 176
166.51 2 148
166.61 1 176
166.61 2 148
166.71 1 176
166.71 2 148
166.81 1 176
166.81 2 148
166.91 1 176
166.91 2 148
167.01 1 176
167.01 2 148
167.11 1 176
167.11 2 148
167.21 1 176
167.21 2 148
167.31 1 176
167.31 2 148
167.41 1 176
167.41 2 148
167.51 1 176
167.51 2 148
167.61 1 176
167.61 2 148
167.71 1 176
167.71 2 148
167.81 1 176
167.81 2 148
167.91 1 176
167.91 2 148
168.01 1 176
168.01 2 148
168.11 1 176
168.11 2 148
168.21 1 176
168.21 2 148
168.31 1 176
168.31 2 148
168.41 1 176
168.41 2 148
168.51 1 176
168.51 2 148
168.61 1 176
168.61 2 148
168.71 1 176
168.71 2 148
168.81 1 176
168.81 2 148
168.91 1 176
168.91 2 148
169.01 1 176
169.01 2 148
169.11 1 176
169.11 2 148
169.21 1 176
169.21 2 148
169.31 1 176
169.31 2 148
169.41 1 176
169.41 2 148
169.51 1 176
169.51 2 148
169.61 1 176
169.61 2 148
169.71 1 176
169.71 2 148
169.81 1 176
169.81 2 148
169.91 1 176
169.91 2 148
170.01 1 176
170.01 2 148
170.11 1 176
170.11 2 148
170.21 1 176
170.21 2 148
170.31 1 176
170.31 2 148
170.41 1 176
170.41 2 148
170.51 1 176
170.51 2 148
170.61 1 176
170.61 2 148
170.71 1 176
170.71 2 148
170.81 1 176
170.81 2 148
170.91 1 176
170.91 2 148
171.01 1 176
171.01 2 148
171.11 1 176
171.11 2 148
171.21 1 176
171.21 2 148
171.31 1 176
171.31 2 148
171.41 1 176
171.41 2 148
171.51 1 176
171.51 2 148
171.61 1 176
171.61 2 148
171.71 1 176
171.71 2 148
171.81 1 176
171.81 2 148
171.91 1 176
171.91 2 148
172.01 1 176
172.01 2 148
172.11 1 176
172.11 2 148
172.21 1 176
172.21 2 148
172.31 1 176
172.31 2 148
172.41 1 176
172.41 2 148
172.51 1 176
172.51 2 148
172.61 1 176
172.61 2 148
172.71 1 176
172.71 2 148
172.81 1 176
172.81 2 148
172.91 1 176
172.91 2 148
173.01 1 176
173.01 2 148
173.11 1 176
173.11 2 148
173.21 1 176
173.21 2 148
173.31 1 176
173.31 2 148
173.41 1 176
173.41 2 148
173.51 1 176
173.51 2 148
173.61 1 176
173.61 2 148
173.71 1 176
173.71 2 148
173.81 1 176
173.81 2 148
173.91 1 176
173.91 2 148
174.01 1 176
174.01 2 148
174.11 1 176
174.11 2 148
174.21 1 176
174.21 2 148
174.31 1 176
174.31 2 148
174.41 1 176
174.41 2 148
174.51 1 176
174.51 2 148
174.61 1 176
174.61 2 148
174.71 1 176
174.71 2 148
174.81 1 176
174.81 2 148
174.91 1 176
174.91 2 148
175.01 1 176
175.01 2 148
175.11 1 176
175.11 2 148
175.21 1 176
175.21 2 148
175.31 1 176
175.31 2 148
175.41 1 176
175.41 2 148
175.51 1 176
175.51 2 148
175.61 1 176
175.61 2 148
175.71 1 176
175.71 2 148
175.81 1 176
175.81 2 148
175.91 1 176
175.91 2 148
176.01 1 176
176.01 2 148
176.11 1 176
176.11 2 148
176.21 1 176
176.21 2 148
176.31 1 176
176.31 2 148
176.41 1 176
176.41 2 148
176.51 1 176
176.51 2 148
176.61 1 176
176.61 2 148
176.71 1 176
176.71 2 148
176.81 1 176
176.81 2 148
176.91 1 176
176.91 2 148
177.01 1 176
177.01 2 148
177.11 1 176
177.11 2 148
177.21 1 176
177.21 2 148
177.31 1 176
177.31 2 148
177.41 1 176
177.41 2 148
177.51 1 176
177.51 2 148
177.61 1 176
177.61 2 148
177.71 1 176
177.71 2 148
177.81 1 176
177.81 2 148
177.91 1 176
177.91 2 148
178.01 1 176
178.01 2 148
178.11 1 176
178.11 2 148
178.21 1 176
178.21 2 148
178.31 1 176
178.31 2 148
178.41 1 176
178.41 2 148
178.51 1 176
178.51 2 148
178.61 1 176
178.61 2 148
178.71 1 176
178.71 2 148
178.81 1 176
178.81 2 148
178.91 1 176
178.91 2 148
179.01 1 176
179.01 2 148
179.11 1 176
179.11 2 148
179.21 1 176
179.21 2 148
179.31 1 176
179.31 2 148
179.41 1 176
179.41 2 148
179.51 1 176
179.51 2 148
179.61 1 176
179.61 2 148
179.71 1 176
179.71 2 148
179.81 1 176
179.81 2 148
179.91 1 176
179.91 2 148
180.01 1 176
180.01 2 148
180.11 1 176
180.11 2 148
180.21 1 176
180.21 2 148
180.31 1 176
180.31 2 148
180.41 1 176
180.41 2 148
180.51 1 176
180.51 2 148
180.61 1 176
180.61 2 148
180.71 1 176
180.71 2 148
180.81 1 176
180.81 2 148
180.91 1 176
180.91 2 148
181.01 1 176
181.01 2 148
181.11 1 176
181.11 2 148
181.21 1 176
181.21 2 148
181.31 1 176
181.31 2 148
181.41 1 176
181.41 2 148
181.51 1 176
181.51 2 148
181.61 1 176
181.61 2 148
181.71 1 176
181.71 2 148
181.81 1 176
181.81 2 148
181.91 1 176
181.91 2 148
182.01 1 176
182.01 2 148
182.11 1 176
182.11 2 148
182.21 1 176
182.21 2 148
182.31 1 176
182.31 2 148
182.41 1 176
182.41 2 148
182.51 1 176
182.51 2 148
182.61 1 176
182.61 2 148
182.71 1 176
182.71 2 148
182.81 1 176
182.81 2 148
182.91 1 176
182.91 2 148
183.01 1 176
183.01 2 148
183.11 1 176
183.11 2 148
183.21 1 176
183.21 2 148
183.31 1 176
183.31 2 148
183.41 1 176
183.41 2 148
183.51 1 176
183.51 2 148
183.61 1 176
183.61 2 148
183.71 1 176
183.71 2 148
183.81 1 176
183.81 2 148
183.91 1 176
183.91 2 148
184.01 1 176
184.01 2 148
184.11 1 176
184.11 2 148
184.21 1 176
184.21 2 148
184.31 1 176
184.31 2 148
184.41 1 176
184.41 2 148
184.51 1 176
184.51 2 148
184.61 1 176
184.61 2 148
184.71 1 176
184.71 2 148
184.81 1 176
184.81 2 148
184.91 1 176
184.91 2 148
185.01 1 176
185.01 2 148
185.11 1 176
185.11 2 148
185.21 1 176
185.21 2 148
185.31 1 176
185.31 2 148
185.41 1 176
185.41 2 148
185.51 1 176
185.51 2 148
185.61 1 176
185.61 2 148
185.71 1 176
185.71 2 148
185.81 1 176
185.81 2 148
185.91 1 176
185.91 2 148
186.01 1 176
186.01 2 148
186.11 1 176
186.11 2 148
186.21 1 176
186.21 2 148
186.31 1 176
186.31 2 148
186.41 1 176
186.41 2 148
186.51 1 176
186.51 2 148
186.61 1 176
186.61 2 148
186.71 1 176
186.71 2 148
186.81 1 176
186.81 2 148
186.91 1 176
186.91 2 148
187.01 1 176
187.01 2 148
187.11 1 176
187.11 2 148
187.21 1 176
187.21 2 148
187.31 1 176
187.31 2 148
187.41 1 176
187.41 2 148
187.51 1 176
187.51 2 148
187.61 1 176
187.61 2 148
187.71 1 176
187.71 2 148
187.81 1 176
187.81 2 148
187.91 1 176
187.91 2 148
188.01 1 176
188.01 2 148
188.11 1 176
188.11 2 148
188.21 1 176
188.21 2 148
188.31 1 176
188.31 2 148
188.41 1 176
188.41 2 148
188.51 1 176
188.51 2 148
188.61 1 176
188.61 2 148
188.71 1 176
188.71 2 148
188.81 1 176
188.81 2 148
188.91 1 176
188.91 2 148
189.01 1 176
189.01 2 148
189.11 1 176
189.11 2 148
189.21 1 176
189.21 2 148
189.31 1 176
189.31 2 148
189.41 1 176
189.41 2 148
189.51 1 176
189.51 2 148
189.61 1 176
189.61 2 148
189.71 1 176
189.71 2 148
189.81 1 176
189.81 2 148
189.91 1 176
189.91 2 148
190.01 1 176
190.01 2 148
190.11 1 176
190.11 2 148
190.21 1 176
190.21 2 148
190.31 1 176
190.31 2 148
190.41 1 176
190.41 2 148
190.51 1 176
190.51 2 148
190.61 1 176
190.61 2 148
190.71 1 176
190.71 2 148
190.81 1 176
190.81 2 148
190.91 1 176
190.91 2 148
191.01 1 176
191.01 2 148
191.11 1 176
191.11 2 148
191.21 1 176
191.21 2 148
191.31 1 176
191.31 2 148
191.41 1 176
191.41 2 148
191.51 1 176
191.51 2 148
191.61 1 176
191.61 2 148
191.71 1 176
191.71 2 148
191.81 1 176
191.81 2 148
191.91 1 176
191.91 2 148
192.01 1 176
192.01 2 148
192.11 1 176
192.11 2 148
192.21 1 176
192.21 2 148
192.31 1 176
192.31 2 148
192.41 1 176
192.41 2 148
192.51 1 176
192.51 2 148
192.61 1 176
192.61 2 148
192.71 1 176
192.71 2 148
192.81 1 176
192.81 2 148
192.91 1 176
192.91 2 148
193.01 1 176
193.01 2 148
193.11 1 176
193.11 2 148
193.21 1 176
193.21 2 148
193.31 1 176
193.31 2 148
193.41 1 176
193.41 2 148
193.51 1 176
193.51 2 148
193.61 1 176
193.61 2 148
193.71 1 176
193.71 2 148
193.81 1 176
193.81 2 148
193.91 1 176
193.91 2 148
194.01 1 176
194.01 2 148
194.11 1 176
194.11 2 148
194.21 1 176
194.21 2 148
194.31 1 176
194.31 2 148
194.41 1 176
194.41 2 148
194.51 1 176
194.51 2 148
194.61 1 176
194.61 2 148
194.71 1 176
194.71 2 148
194.81 1 176
194.81 2 148
194.91 1 176
194.91 2 148
195.01 1 176
195.01 2 148
195.11 1 176
195.11 2 148
195.21 1 176
195.21 2 148
195.31 1 176
195.31 2 148
195.41 1 176
195.41 2 148
195.51 1 176
195.51 2 148
195.61 1 176
195.61 2 148
195.71 1 176
195.71 2 148
195.81 1 176
195.81 2 148
195.91 1 176
195.91 2 148
196.01 1 176
196.01 2 148
196.11 1 176
196.11 2 148
196.21 1 176
196.21 2 148
196.31 1 176
196.31 2 148
196.41 1 176
196.41 2 148
196.51 1 176
196.51 2 148
196.61 1 176
196.61 2 148
196.71 1 176
196.71 2 148
196.81 1 176
196.81 2 148
196.91 1 176
196.91 2 148
197.01 1 176
197.01 2 148
197.11 1 176
197.11 2 148
197.21 1 176
197.21 2 148
197.31 1 176
197.31 2 148
197.41 1 176
197.41 2 148
197.51 1 176
197.51 2 148
197.61 1 176
197.61 2 148
197.71 1 176
197.71 2 148
197.81 1 176
197.81 2 148
197.91 1 176
197.91 2 148
198.01 1 176
198.01 2 148
198.11 1 176
198.11 2 148
198.21 1 176
198.21 2 148
198.31 1 176
198.31 2 148
198.41 1 176
198.41 2 148
198.51 1 176
198.51 2 148
198.61 1 176
198.61 2 148
198.71 1 176
198.71 2 148
198.81 1 176
198.81 2 148
198.91 1 176
198.91 2 148
199.01 1 176
199.01 2 148
199.11 1 176
199.11 2 148
199.21 1 176
199.21 2 148
199.31 1 176
199.31 2 148
199.41 1 176
199.41 2 148
199.51 1 176
199.51 2 148
199.61 1 176
199.61 2 148
199.71 1 176
199.71 2 148
199.81 1 176
199.81 2 148
199.91 1 176
199.91 2 148
200.01 1 176
200.01 2 148
200.11 1 176
200.11 2 148
200.21 1 176
200.21 2 148
200.31 1 176
200.31 2 148
200.41 1 176
200.41 2 148
200.51 1 176
200.51 2 148
200.61 1 176
200.61 2 148
200.71 1 176
200.71 2 148
200.81 1 176
200.81 2 148
200.91 1 176
200.91 2 148
