0.114139 476
0.117738 952
0.121336 1428
0.124935 1904
0.128534 2380
0.132132 2856
0.135731 3332
0.13933 3808
0.142928 4284
0.146527 4760
0.218851 4284
0.218851 4760
0.222449 5236
0.226037 4284
0.226048 4760
0.229647 5236
0.233234 4284
0.233245 4760
0.236844 5236
0.240432 4284
0.240443 4760
0.244041 5236
0.247629 4284
0.24764 4760
0.251238 5236
0.254837 5712
0.258436 6188
0.262034 6664
0.265633 7140
0.269232 7616
0.27283 8092
0.276429 8568
0.280027 9044
0.323552 8092
0.323552 8568
0.32715 9044
0.330749 8092
0.330749 8568
0.334347 9044
0.337946 8092
0.337946 8568
0.341545 9044
0.348752 8568
0.348752 9044
0.348752 8568
0.35235 9044
0.35235 8568
0.355949 9044
0.355949 8092
0.359547 8568
0.359547 8092
0.363146 8568
0.363146 8092
0.366745 7616
0.370343 7140
0.37755 6664
0.381149 6188
0.384747 5236
0.428272 4760
0.43187 4284
0.435469 3808
0.439067 3332
0.442666 2856
0.446265 2380
0.453472 1904
0.45707 1428
0.45707 1904
0.460669 1428
0.460669 1904
0.464258 1428
0.464267 1904
0.467856 1428
0.467866 1904
0.471465 2380
0.475063 2856
0.478662 3332
0.482261 3808
0.561771 3332
0.561771 3808
0.56537 4284
0.568959 3808
0.568968 4284
0.572567 4760
0.572567 3808
0.576165 4284
0.579764 4760
0.579764 3808
0.583363 4284
0.586961 4760
0.586961 3808
0.59056 4284
0.594159 4760
0.597757 5236
0.601356 5712
0.604954 6188
0.608553 6664
0.612152 7140
0.61575 7616
0.619349 8092
0.622948 8568
0.626546 9044
0.67007 8092
0.67007 8568
0.673669 9044
0.680876 8568
0.680876 9044
0.680876 8568
0.684475 9044
0.684475 8568
0.688073 9044
0.688073 8092
0.691672 8568
0.691672 8092
0.69527 8568
0.69527 8092
0.698869 7616
0.702468 7140
0.706066 6664
0.713273 6188
0.716872 5712
0.72047 4760
0.724069 4284
0.727668 3808
0.731266 3332
0.77479 2856
0.778389 2380
0.785596 1904
0.789195 1428
0.789195 1904
0.792793 1428
0.792793 1904
0.796382 1428
0.796392 1904
0.799981 1428
0.79999 1904
0.803589 2380
0.807188 2856
0.810786 3332
0.814385 3808
0.817983 4284
0.893895 3808
0.893895 4284
0.897494 4760
0.901083 4284
0.901093 4760
0.904691 5236
0.904691 4284
0.90829 4760
0.911888 5236
0.911888 4284
0.915487 4760
0.919086 5236
0.919086 4284
0.922684 4760
0.926283 5236
0.929882 5712
0.93348 6188
0.937079 6664
0.940677 7140
0.944276 7616
0.947875 8092
0.951473 8568
0.955072 9044
0.998596 8092
0.998596 8568
1.00219 9044
1.00579 8092
1.00579 8568
1.00939 9044
1.01299 8092
1.01299 8568
1.01659 9044
1.0202 8568
1.0202 9044
1.0274 8568
1.0274 9044
1.031 8092
1.031 8568
1.0346 9044
1.0346 8092
1.0382 7616
1.0418 7140
1.0454 6664
1.049 6188
1.05259 5712
1.0598 5236
1.10333 4760
1.10692 3808
1.11052 3332
1.11412 2856
1.11772 2380
1.12132 1904
1.12493 1428
1.12493 1904
1.13572 952
1.13932 1428
1.13932 952
1.14292 1428
1.14652 1904
1.22964 1428
1.23324 1904
1.23683 2380
1.24043 2856
1.24402 2380
1.24403 2856
1.24763 3332
1.25122 2380
1.25123 2856
1.25483 3332
1.25843 3808
1.26203 4284
1.26562 4760
1.26922 5236
1.27282 5712
1.27642 6188
1.28002 6664
1.28362 7140
1.28722 7616
1.29081 8092
1.29441 8568
1.29801 9044
1.30161 9520
1.34154 8568
1.34154 9044
1.34513 9520
1.34873 8568
1.34873 9044
1.35233 9520
1.35593 8568
1.35593 9044
1.35953 9520
1.36313 8568
1.36313 9044
1.36673 9520
1.37032 8568
1.37032 9044
1.37392 9520
1.37752 8568
1.37752 9044
1.38112 9520
1.38472 8568
1.38472 9044
1.38832 9520
1.39192 8568
1.39192 9044
1.39551 9520
1.39911 8568
1.39911 9044
1.40271 9520
1.40631 8568
1.40631 9044
1.40991 9520
1.44983 8568
1.44983 9044
1.45343 9520
1.45703 8568
1.45703 9044
1.46063 9520
1.46423 8568
1.46423 9044
1.46783 9520
1.47143 8568
1.47143 9044
1.47503 9520
1.47862 8568
1.47862 9044
1.48222 9520
1.48582 8568
1.48582 9044
1.48942 9520
1.49302 8568
1.49302 9044
1.49662 9520
1.50023 9044
1.50023 9520
1.50382 9044
1.50382 9520
1.50742 8568
1.50742 9044
1.51102 9520
1.51102 9044
1.51462 8568
1.55455 8092
1.55814 7616
1.56174 7140
1.56534 6664
1.56894 6188
1.57254 5712
1.57614 5236
1.57974 4760
1.58333 4284
1.58693 3808
1.59053 3332
1.59413 2856
1.59773 2380
1.60133 1904
1.60494 1428
1.60494 1904
1.60853 1428
1.60853 1904
1.61212 1428
1.61213 1904
1.61573 2380
1.61933 2856
1.62293 3332
1.62653 3808
1.63013 4284
1.63372 4760
1.63732 5236
1.64092 5712
1.64452 6188
1.64812 6664
1.65172 7140
1.65532 7616
1.65891 8092
1.66251 8568
1.66611 9044
1.66971 9520
1.67331 9996
1.70964 9044
1.70964 9520
1.71324 9996
1.71683 9044
1.71683 9520
1.72043 9996
1.72764 9520
1.72764 9996
1.72764 9520
1.73124 9996
1.73124 9520
1.73484 9996
1.73484 9044
1.73844 9520
1.73844 9044
1.74203 9520
1.74203 9044
1.74563 8568
1.74923 8092
1.75283 7616
1.75643 7140
1.76003 6664
1.76363 6188
1.76722 5712
1.77082 5236
1.77442 4760
1.77802 4284
1.81435 3808
1.81795 3332
1.82154 2856
1.82514 2380
1.83235 1904
1.83595 1428
1.83595 1904
1.83955 1428
1.83955 1904
1.84314 1428
1.84315 1904
1.84674 2380
1.85034 2856
1.85394 3332
1.85754 3808
1.86114 4284
1.86474 4760
1.86834 5236
1.87193 5712
1.87553 6188
1.87913 6664
1.88273 7140
1.88633 7616
1.88993 8092
1.89353 8568
1.89712 9044
1.90072 9520
1.90432 9996
1.94065 9044
1.94065 9520
1.94425 9996
1.94785 9044
1.94785 9520
1.95144 9996
1.95504 9044
1.95504 9520
1.95864 9996
1.96224 9044
1.96224 9520
1.96584 9996
1.96944 9044
1.96944 9520
1.97304 9996
1.97664 9044
1.97664 9520
1.98023 9996
1.98383 9044
1.98383 9520
1.98743 9996
1.99103 9044
1.99103 9520
1.99463 9996
1.99823 9044
1.99823 9520
2.00183 9996
2.00542 9044
2.00542 9520
2.00902 9996
2.04535 9044
2.04535 9520
2.04895 9996
2.05255 9044
2.05255 9520
2.05615 9996
2.05974 9044
2.05974 9520
2.06334 9996
2.06694 9044
2.06694 9520
2.07054 9996
2.07775 9520
2.07775 9996
2.07775 9520
2.08135 9996
2.08135 9520
2.08494 9996
2.08494 9044
2.08854 9520
2.09214 9996
2.09214 9044
2.09574 9520
2.09574 9044
2.09934 9520
2.09934 9044
2.10294 9520
2.10294 9044
2.10654 8568
2.11013 8092
2.11373 7616
2.15006 7140
2.15366 6664
2.15726 6188
2.16086 5712
2.16445 5236
2.16805 4760
2.17165 4284
2.17525 3808
2.18246 3332
2.18606 2856
2.18965 2380
2.19324 1904
2.20044 952
2.20044 1428
2.20404 1904
2.20764 2380
2.20764 1428
2.21124 1904
2.21484 2380
2.21843 2856
2.22203 3332
2.22563 3808
2.22923 4284
2.23283 4760
2.23643 5236
2.24003 5712
2.24362 6188
2.24722 6664
2.25082 7140
2.25442 7616
2.25802 8092
2.26162 8568
2.26522 9044
2.26881 9520
2.27241 9996
2.27601 10472
2.27961 10948
2.30874 9996
2.30874 10472
2.31234 10948
2.31594 9996
2.31594 10472
2.31954 10948
2.32313 9996
2.32313 10472
2.32673 10948
2.33033 9996
2.33033 10472
2.33393 10948
2.33753 9996
2.33753 10472
2.34113 10948
2.34473 9996
2.34473 10472
2.34833 10948
2.35192 9996
2.35192 10472
2.35552 10948
2.35912 9996
2.35912 10472
2.36272 10948
2.36632 9996
2.36632 10472
2.36992 10948
2.37352 9996
2.37352 10472
2.37711 10948
2.38071 9996
2.38071 10472
2.38431 10948
2.42064 9044
2.42064 9520
2.42424 9996
2.42784 10472
2.42784 9520
2.43143 9996
2.43503 10472
2.43503 9520
2.43863 9996
2.44223 10472
2.44223 9520
2.44583 9996
2.44943 10472
2.44943 9520
2.45303 9996
2.45662 10472
2.45662 9520
2.46022 9996
2.46382 10472
2.46382 9520
2.46742 9996
2.47102 10472
2.47462 10948
2.47822 9044
2.47822 9520
2.48181 9996
2.48541 10472
2.48541 9520
2.48901 9996
2.49261 10472
2.49621 10948
2.52534 9996
2.52534 10472
2.52894 10948
2.53254 9996
2.53254 10472
2.53614 10948
2.53973 9996
2.53973 10472
2.54333 10948
2.54693 9996
2.54693 10472
2.55053 10948
2.55413 9996
2.55413 10472
2.55773 10948
2.56133 9996
2.56133 10472
2.56492 10948
2.56852 9996
2.56852 10472
2.57212 10948
2.57572 9996
2.57572 10472
2.57932 10948
2.58292 9996
2.58292 10472
2.58652 10948
2.59011 9996
2.59011 10472
2.59371 10948
2.59731 9996
2.59731 10472
2.60091 10948
2.63724 9044
2.63724 9520
2.64084 9996
2.64443 10472
2.64443 9520
2.64803 9996
2.65163 10472
2.65163 9520
2.65523 9996
2.65883 10472
2.65883 9520
2.66243 9996
2.66603 10472
2.66603 9520
2.66962 9996
2.67322 10472
2.67322 9520
2.67682 9996
2.68042 10472
2.68042 9520
2.68402 9996
2.68762 10472
2.68762 9520
2.69122 9996
2.69482 10472
2.69482 9520
2.69841 9996
2.70201 10472
2.70201 9520
2.70561 9996
2.70921 10472
2.71281 10948
2.74194 9996
2.74194 10472
2.74554 10948
2.74914 9996
2.74914 10472
2.75273 10948
2.75633 9996
2.75633 10472
2.75993 10948
2.76353 9996
2.76353 10472
2.76713 10948
2.77073 9996
2.77073 10472
2.77433 10948
2.77792 9996
2.77792 10472
2.78152 10948
2.78512 9996
2.78512 10472
2.78872 10948
2.79952 9044
2.79952 9520
2.80311 9996
2.80671 10472
2.81031 10948
2.81032 10472
2.81032 9996
2.81391 10472
2.81392 9996
2.81751 10472
2.81752 9520
2.82111 9996
2.82471 10472
2.8283 10948
2.84665 10472
2.85025 10948
2.85025 10472
2.85745 9996
2.86105 9520
2.86465 8568
2.86825 8092
2.87185 7616
2.87545 7140
2.87905 6664
2.88264 6188
2.88624 5712
2.88984 5236
2.89344 4760
2.90424 4284
2.90783 3808
2.91143 3332
2.91503 2856
2.91863 2380
2.92223 1904
2.92942 2380
2.92942 1904
2.93302 2380
2.93302 1904
2.93661 2380
2.94021 2856
2.95496 2380
3.03413 1904
3.03773 1428
3.03773 1904
3.04132 1428
3.04132 1904
3.04492 1428
3.04492 1904
3.12582 0
3.12582 476
3.14244 952
3.14603 1428
3.14603 476
3.14963 952
3.14963 0
3.15323 476
3.15683 952
3.16043 1428
3.16403 1904
3.23052 0
3.23052 476
3.23412 952
3.23772 1428
3.24131 1904
3.33882 952
3.33882 1428
3.34242 1904
3.34602 952
3.34602 1428
3.34961 1904
3.44712 952
3.44712 1428
3.45072 1904
3.45432 952
3.45432 1428
3.45791 1904
3.55542 952
3.55542 1428
3.55902 1904
3.56261 952
3.56261 1428
3.56621 1904
3.66372 952
3.66372 1428
3.66732 1904
3.67091 952
3.67091 1428
3.67451 1904
3.77202 952
3.77202 1428
3.77561 1904
3.77921 952
3.77921 1428
3.78281 1904
3.88033 1428
3.88033 1904
3.88392 1428
3.88392 1904
3.88752 952
3.88752 1428
3.89112 1904
3.97921 0
3.97921 476
3.98504 952
3.98863 1428
3.98863 476
3.99222 0
3.99223 476
3.99583 952
3.99943 1428
4.00303 1904
4.08391 1428
4.08391 1904
4.10413 952
4.10413 1428
4.10773 1904
4.18861 952
4.18861 1428
4.19221 1904
4.21243 952
4.21243 1428
4.21603 1904
4.29691 952
4.29691 1428
4.30051 1904
4.32073 952
4.32073 1428
4.32433 1904
4.40521 952
4.40521 1428
4.40881 1904
4.42903 952
4.42903 1428
4.43263 1904
4.51351 952
4.51351 1428
4.51711 1904
4.53733 952
4.53733 1428
4.54093 1904
4.62181 952
4.62181 1428
4.62541 1904
4.64563 952
4.64563 1428
4.64923 1904
4.73011 952
4.73011 1428
4.73371 1904
4.75393 952
4.75393 1428
4.75753 1904
4.83841 952
4.83841 1428
4.84201 1904
4.86223 952
4.86223 1428
4.86583 1904
4.94671 952
4.94671 1428
4.95031 1904
4.97053 952
4.97053 1428
4.97412 1904
5.05501 952
5.05501 1428
5.05861 1904
5.07883 952
5.07883 1428
5.08242 1904
5.16331 952
5.16331 1428
5.16691 1904
5.18712 952
5.18712 1428
5.19072 1904
5.27161 952
5.27161 1428
5.27521 1904
5.29542 952
5.29542 1428
5.29902 1904
5.37991 952
5.37991 1428
5.38351 1904
5.40372 952
5.40372 1428
5.40732 1904
5.48821 952
5.48821 1428
5.49181 1904
5.51202 952
5.51202 1428
5.51562 1904
5.59651 952
5.59651 1428
5.60011 1904
5.62032 952
5.62032 1428
5.62392 1904
5.70481 952
5.70481 1428
5.70841 1904
5.72862 952
5.72862 1428
5.73222 1904
5.81311 952
5.81311 1428
5.8167 1904
5.83692 952
5.83692 1428
5.84052 1904
5.92141 952
5.92141 1428
5.925 1904
5.94522 952
5.94522 1428
5.94882 1904
6.02971 952
6.02971 1428
6.0333 1904
6.05352 952
6.05352 1428
6.05712 1904
6.138 952
6.138 1428
6.1416 1904
6.16182 952
6.16182 1428
6.16542 1904
6.2463 952
6.2463 1428
6.2499 1904
6.27012 952
6.27012 1428
6.27372 1904
6.3546 952
6.3546 1428
6.3582 1904
6.37842 952
6.37842 1428
6.38202 1904
6.4629 952
6.4629 1428
6.4665 1904
6.48672 952
6.48672 1428
6.49032 1904
6.5712 952
6.5712 1428
6.5748 1904
6.59502 952
6.59502 1428
6.59862 1904
6.6795 952
6.6795 1428
6.6831 1904
6.70332 952
6.70332 1428
6.70692 1904
6.7878 952
6.7878 1428
6.7914 1904
6.81162 952
6.81162 1428
6.81521 1904
6.8961 952
6.8961 1428
6.8997 1904
7.0044 0
7.0044 476
7.008 952
7.0116 1428
7.0152 1904
7.1127 952
7.1127 1428
7.1163 1904
7.1199 952
7.1199 1428
7.1235 1904
7.221 952
7.221 1428
7.2246 1904
7.2282 952
7.2282 1428
7.23179 1904
7.3293 952
7.3293 1428
7.3329 1904
7.3365 952
7.3365 1428
7.34009 1904
7.4376 952
7.4376 1428
7.4412 1904
7.44479 952
7.44479 1428
7.44839 1904
7.5459 952
7.5459 1428
7.5495 1904
7.55309 952
7.55309 1428
7.55669 1904
7.6542 952
7.6542 1428
7.6578 1904
7.66139 952
7.66139 1428
7.66499 1904
7.7625 952
7.7625 1428
7.76609 1904
7.76969 952
7.76969 1428
7.77329 1904
7.8708 1428
7.8708 1904
7.8744 1428
7.8744 1904
7.878 952
7.878 1428
7.8816 1904
7.96969 0
7.96969 476
7.97552 952
7.97911 1428
7.97911 476
7.9827 0
7.98271 476
7.98631 952
7.98991 1428
7.99351 1904
8.07439 1428
8.07439 1904
8.27439 0
8.27439 476
8.67439 0
8.67439 476
9.47439 0
9.47439 476
11.0744 0
11.0744 476
14.2744 0
14.2744 476
20.6744 0
20.6744 476
33.4744 0
