0.0 3
0.114179 0.312
0.219091 0.261125
0.226277 0.227359
0.233474 0.201502
0.240672 0.2
0.323992 0.229816
0.331189 0.20613
0.338386 0.2
0.848522 0.224473
0.856312 0.210856
0.86351 0.2
2.37835 0.226315
2.38555 0.212902
2.39274 0.200822
2.39994 0.2
2.80518 0.215642
2.81237 0.201967
2.81957 0.2
4.49801 0.228212
4.50521 0.214106
4.51241 0.201564
4.5196 0.2
4.79059 0.200319
4.82353 0.2
5.19588 0.215301
5.20307 0.201929
5.21027 0.2
8.47613 0.217847
8.48333 0.204229
8.49053 0.2
8.85202 0.223085
8.85922 0.209047
8.86642 0.2
9.41974 0.216742
9.42693 0.203908
9.43413 0.2
10.425 0.214112
10.4328 0.200402
10.44 0.2
12.2346 0.4
12.2444 0.2
13.0939 0.211911
13.1011 0.2
13.7305 0.217839
13.7377 0.20479
13.7449 0.2
15.7304 0.214009
15.7376 0.201289
15.7448 0.2
16.4385 0.21209
16.4493 0.2
18.4955 0.216191
18.5027 0.203168
18.5099 0.2
18.8276 0.218984
18.8348 0.206666
18.842 0.2
19.1953 0.216205
19.2025 0.202861
19.2097 0.2
19.4585 0.246414
19.4657 0.231284
19.4729 0.217503
19.4801 0.204161
19.4873 0.2
20.6898 0.214128
20.697 0.201243
20.7042 0.2
21.0724 0.222066
21.2852 0.284228
21.2924 0.265252
21.2996 0.248791
21.3068 0.233588
21.314 0.218812
21.3212 0.205684
21.3284 0.2
22.0487 0.213995
22.0559 0.201282
22.0631 0.2
22.5314 0.214149
22.5386 0.201366
22.5458 0.2
23.6049 0.214701
23.6121 0.201073
23.6193 0.2
24.754 0.215121
24.7612 0.201009
24.7684 0.2
25.2188 0.215352
25.226 0.202326
25.2332 0.2
26.2239 0.215296
26.2311 0.201325
26.2383 0.2
26.575 0.4
26.6799 0.2
30.2568 0.219774
30.4774 0.205164
30.5787 0.2
30.6836 0.259202
30.6908 0.242621
30.7885 0.2969
30.8934 0.329461
30.9983 0.354627
31.0055 0.340185
31.1032 0.352381
31.1104 0.339357
31.2081 0.350473
31.2153 0.339374
31.313 0.3495
31.3202 0.339753
31.4179 0.34903
31.4251 0.340249
31.5228 0.348824
31.53 0.340745
31.6277 0.348754
31.6349 0.342065
31.7326 0.349514
31.7398 0.342893
31.8375 0.34996
31.8447 0.343425
31.9424 0.350224
31.9496 0.343774
32.0473 0.350384
32.0545 0.344009
32.1522 0.350481
32.1594 0.343296
32.2571 0.349777
32.2643 0.342959
32.362 0.349394
32.3692 0.342818
32.467 0.349188
32.4741 0.342776
32.5719 0.34908
32.6768 0.348528
32.7817 0.351368
32.7889 0.357495
32.8866 0.35192
32.8938 0.35501
32.9915 0.352029
32.9987 0.352873
33.0964 0.351937
33.2013 0.346543
33.3062 0.347393
33.3134 0.357842
33.4111 0.34921
33.4219 0.356319
33.5196 0.353224
33.5304 0.342655
33.6281 0.328417
33.6353 0.312217
33.733 0.336356
33.7402 0.321768
33.8379 0.341072
33.8451 0.328059
33.9428 0.343916
33.95 0.333175
34.0477 0.346428
34.0549 0.33655
34.1526 0.347944
34.1598 0.338828
34.2575 0.348876
34.2647 0.340402
34.3624 0.349461
34.3696 0.34151
34.4673 0.349837
34.4745 0.341429
34.5722 0.349318
34.5794 0.341555
34.6771 0.349062
34.6843 0.341758
34.782 0.348945
34.7892 0.341972
34.8869 0.348901
34.8941 0.34217
34.9918 0.348892
34.999 0.343215
35.0967 0.349665
35.1039 0.343807
35.2088 0.332595
35.3137 0.354207
35.3209 0.342987
35.4186 0.352362
35.4258 0.342603
35.5235 0.351393
35.5307 0.342643
35.6284 0.350902
35.6356 0.342861
35.7333 0.350666
35.7405 0.342258
35.8382 0.349799
35.8454 0.342074
35.9431 0.349343
35.9503 0.34209
36.048 0.349112
36.0552 0.34219
36.1529 0.349001
36.1601 0.342316
36.2578 0.348953
36.265 0.343316
36.3627 0.349703
36.3699 0.343878
36.4676 0.350125
36.4748 0.344194
36.5725 0.350362
36.5797 0.344372
36.6774 0.350495
36.6846 0.344472
36.7823 0.35057
36.7895 0.343653
36.8872 0.349847
36.8944 0.343233
36.9921 0.349448
36.9993 0.343029
37.097 0.349231
37.1042 0.342938
37.2019 0.349114
37.2091 0.342905
37.3068 0.349051
37.314 0.343775
37.4117 0.349785
37.4189 0.344235
37.5166 0.350191
37.5238 0.34447
37.6215 0.350415
37.6287 0.344585
37.7264 0.350537
37.7336 0.344636
37.8313 0.350603
37.8385 0.343779
37.9362 0.349872
37.9434 0.34333
38.0411 0.349468
38.0483 0.343103
38.146 0.349246
38.1532 0.342995
38.2509 0.349125
38.2581 0.342949
38.3558 0.34906
38.363 0.343809
38.4607 0.349792
38.4679 0.344261
38.5656 0.350197
38.5728 0.34449
38.6705 0.350419
38.6777 0.3446
38.7754 0.35054
38.7826 0.344647
38.8803 0.350605
38.8875 0.344663
38.9852 0.35064
38.9924 0.343788
39.0901 0.349892
39.0973 0.343331
39.195 0.349478
39.2022 0.3431
39.2999 0.349251
39.3071 0.34299
39.4048 0.349127
39.412 0.342944
39.5097 0.349061
39.5169 0.343805
39.6146 0.349792
39.6218 0.344257
39.7195 0.350196
39.7267 0.344487
39.8244 0.350419
39.8316 0.344598
39.9293 0.35054
39.9365 0.344645
40.0342 0.350605
40.0414 0.343786
40.1391 0.349874
40.1463 0.343336
40.244 0.349469
40.2512 0.343107
40.3489 0.349247
40.3561 0.342998
40.4538 0.349126
40.6708 0.343826
40.7685 0.349827
40.7757 0.344262
40.7829 0.333227
40.877 0.318072
40.8842 0.301593
40.8914 0.28476
40.9855 0.269096
40.9927 0.253782
40.9999 0.239177
41.4124 0.301769
41.4268 0.28383
41.5173 0.313613
41.5317 0.290376
41.5389 0.276677
41.6222 0.299427
41.6366 0.279818
41.6438 0.26883
41.7271 0.293493
41.7415 0.275422
41.7487 0.265582
41.832 0.289898
41.8464 0.272623
41.8536 0.263391
41.9369 0.288317
41.9513 0.271367
41.9585 0.261514
42.2516 0.295841
42.266 0.278212
42.2732 0.267698
42.2804 0.255839
42.3601 0.243468
42.3745 0.232023
42.3817 0.220636
42.3889 0.209643
42.4686 0.2
44.0817 0.213002
44.0889 0.200591
44.0961 0.2
44.1866 0.238861
44.1938 0.225177
44.4109 0.285306
44.4181 0.267472
44.4253 0.250816
44.4325 0.235454
44.4397 0.222296
44.5194 0.209214
44.5266 0.2
46.5701 0.26654
46.5773 0.249522
46.5845 0.234837
46.5917 0.221237
46.5989 0.208773
46.675 0.251546
46.6822 0.23676
46.6894 0.223064
46.6966 0.211386
46.7038 0.200492
46.7799 0.244818
46.7871 0.23089
46.7943 0.21794
46.8015 0.206912
46.8087 0.2
46.8848 0.242263
46.892 0.228551
46.8992 0.215816
46.9064 0.204121
46.9136 0.2
46.9897 0.240683
46.9969 0.228131
47.0041 0.215265
47.0113 0.203501
47.0185 0.2
47.0946 0.240322
47.1018 0.227722
47.109 0.214837
47.1162 0.203074
47.1234 0.2
47.1995 0.23931
47.2067 0.227015
47.2139 0.215228
47.2211 0.203266
47.2283 0.2
47.3044 0.239412
47.3116 0.227024
47.3188 0.215175
47.326 0.203175
47.3332 0.2
47.4093 0.240482
47.4165 0.227933
47.4237 0.21595
47.4309 0.204712
47.4381 0.2
47.5142 0.241342
47.5214 0.227649
47.5286 0.215831
47.5358 0.204705
47.6191 0.248504
47.6263 0.234469
47.6335 0.222212
47.6407 0.210599
47.724 0.260045
47.7312 0.244957
47.7384 0.230807
47.7456 0.218589
47.7528 0.207115
47.8289 0.248954
47.8361 0.234927
47.8433 0.221786
47.8505 0.210513
47.8577 0.2
47.9338 0.244332
47.941 0.230582
47.9482 0.217759
47.9554 0.205945
48.0387 0.247745
48.0459 0.235268
48.0531 0.222228
48.0603 0.210133
48.1436 0.258192
48.1508 0.244727
48.158 0.230744
48.1652 0.217763
48.1724 0.205845
48.2485 0.24774
48.2557 0.235185
48.2629 0.222972
48.2701 0.210489
48.2773 0.2
48.3534 0.243561
48.3606 0.231084
48.3678 0.219049
48.375 0.206806
48.3822 0.2
48.4583 0.242569
48.4655 0.229984
48.4727 0.217913
48.4799 0.206557
48.4871 0.2
48.5632 0.242402
48.5704 0.228694
48.5776 0.216833
48.5848 0.205648
48.592 0.2
48.6681 0.241885
48.6753 0.22824
48.6825 0.216434
48.6897 0.205297
48.6969 0.2
48.8851 0.229055
48.8923 0.215193
48.8995 0.203653
48.9067 0.2
48.99 0.235425
48.9972 0.221481
49.0044 0.208816
49.0188 0.2
49.0949 0.243351
49.1021 0.229556
49.1093 0.216736
49.1237 0.2
49.1998 0.230392
49.207 0.219297
49.2142 0.208569
49.2286 0.2
49.3047 0.226207
49.3119 0.216864
49.3191 0.206456
49.3335 0.2
49.4096 0.225158
49.4168 0.215908
49.424 0.20559
49.4384 0.2
49.5145 0.224712
49.5217 0.215487
49.5289 0.206074
49.5433 0.2
49.6194 0.224787
49.6266 0.215404
49.6338 0.20589
49.6482 0.2
49.7243 0.223877
49.7315 0.214774
49.7387 0.205463
49.7531 0.2
49.8292 0.223722
49.8364 0.213809
49.8436 0.204903
49.858 0.2
49.9341 0.2247
49.9413 0.214779
49.9485 0.205838
49.9629 0.2
50.039 0.22569
50.0462 0.215535
50.0534 0.205542
50.0678 0.2
50.1439 0.224534
50.1511 0.214629
50.1583 0.204828
50.1727 0.2
50.2488 0.22498
50.256 0.21482
50.2632 0.204846
50.2776 0.2
50.3537 0.224437
50.3609 0.215322
50.3681 0.205112
50.3825 0.2
50.4586 0.224488
50.4658 0.215296
50.473 0.205035
50.4874 0.2
50.5636 0.224425
50.5744 0.211715
50.708 0.202883
50.795 0.256822
50.8094 0.243874
50.8165 0.232038
50.8237 0.220394
50.8309 0.20924
50.8381 0.2
51.0192 0.203879
51.0264 0.2
51.1241 0.213299
51.1313 0.201652
51.1384 0.2
51.229 0.215055
51.2362 0.203393
51.2433 0.2
51.3339 0.216664
51.3411 0.204667
51.3483 0.2
51.4388 0.216753
51.446 0.205733
51.4532 0.2
51.5437 0.216969
51.5509 0.205878
51.5581 0.2
51.6486 0.216505
51.6558 0.20563
51.663 0.2
51.7535 0.216689
51.7607 0.205731
51.7679 0.2
51.8584 0.215909
51.8656 0.205252
51.8728 0.2
51.9633 0.216185
51.9705 0.204538
51.9777 0.2
52.0682 0.217256
52.0754 0.205533
52.0826 0.2
52.1731 0.21817
52.1803 0.206197
52.1875 0.2
52.278 0.21704
52.2852 0.205282
52.2924 0.2
52.3829 0.217519
52.3901 0.205488
52.3973 0.2
52.4878 0.217131
52.495 0.206096
52.5022 0.2
52.5927 0.217137
52.5999 0.206041
52.6071 0.2
52.6976 0.21658
52.7048 0.205703
52.712 0.2
52.8025 0.216722
52.8097 0.205763
52.8169 0.2
52.9074 0.215924
52.9182 0.201767
53.1316 0.269153
53.1388 0.254652
53.146 0.240553
53.1532 0.226283
53.1604 0.213253
53.1676 0.202319
53.2437 0.2
53.3486 0.222125
53.3558 0.210524
53.363 0.2
53.4535 0.21854
53.4607 0.207424
53.4679 0.2
53.5584 0.21662
53.5656 0.205923
53.5728 0.2
53.6633 0.216483
53.6705 0.204823
53.8753 0.409645
53.8839 0.204823
54.0865 0.267265
54.195 0.251438
54.2022 0.236601
54.3035 0.223751
54.3107 0.211701
54.412 0.2
56.4601 0.4
56.4699 0.2
56.6807 0.4
57.0807 0.8
57.8807 1.6
59.4807 3.2
62.6807 6.4
69.0807 12.8
81.8807 25.6
