0.0 0
0.114139 0.104
0.226037 0.104625
0.233234 0.105172
0.240432 0.105525
0.247629 0.105835
0.323552 0.11473
0.330749 0.113889
0.547367 0.124528
0.554564 0.122462
0.561761 0.120654
0.568959 0.119072
0.576156 0.117813
0.583353 0.116587
0.59055 0.115513
0.601356 0.115074
0.814366 0.125565
0.821563 0.123369
1.25842 0.121448
1.35592 0.125142
1.36312 0.123124
1.37031 0.121234
1.37751 0.11958
1.38471 0.118132
1.39191 0.116866
1.3991 0.115882
1.4063 0.114897
1.4135 0.114035
1.4207 0.113281
1.42789 0.112621
1.46422 0.112168
1.47142 0.111647
1.47861 0.111191
1.48581 0.110792
1.49301 0.110568
1.50021 0.110372
1.5074 0.110076
1.5146 0.109816
1.5218 0.109589
1.529 0.109391
1.53619 0.109342
1.57252 0.109174
1.57972 0.109027
1.58691 0.108899
1.59411 0.108911
1.60131 0.108798
1.60851 0.108698
1.6157 0.108611
1.6229 0.108534
1.6301 0.108593
1.63729 0.108643
1.64449 0.108563
1.68082 0.108493
1.68802 0.108556
1.69521 0.108612
1.70241 0.108535
1.70961 0.108468
1.7168 0.10841
1.724 0.108483
1.7312 0.108548
1.7456 0.109355
1.90103 0.109685
1.99493 0.111725
2.00213 0.111384
2.00933 0.110961
2.01652 0.110591
2.02372 0.110267
2.03092 0.109984
2.04531 0.109736
2.05251 0.109519
2.05971 0.109329
2.0669 0.109163
2.09963 0.112267
2.10683 0.111734
2.11403 0.111392
2.12122 0.111093
2.13203 0.111207
2.31264 0.117181
2.35942 0.116033
2.36662 0.115029
2.37382 0.11415
2.39541 0.113382
2.40261 0.112709
2.4098 0.11212
2.64441 0.112605
2.6516 0.11203
2.6588 0.111526
2.666 0.111085
2.67319 0.110825
2.68039 0.110471
2.68759 0.110163
2.69479 0.109892
2.70198 0.109656
2.70918 0.109574
2.71638 0.109377
2.72358 0.109205
2.75271 0.109054
2.7599 0.108922
2.7671 0.108932
2.7743 0.108941
2.78149 0.108823
2.78869 0.10872
2.79589 0.10863
3.01611 0.119926
3.0233 0.118436
3.0305 0.117131
3.0377 0.11599
3.04489 0.114991
3.05209 0.114242
3.05929 0.113587
3.06649 0.112889
3.07368 0.112277
3.08088 0.111743
3.08808 0.1114
3.09527 0.1111
3.1244 0.110712
3.1316 0.110373
3.1388 0.110077
3.146 0.109817
3.15319 0.109715
3.16039 0.109501
3.16759 0.109313
3.17479 0.109149
3.18198 0.109005
3.18918 0.109005
3.19638 0.108879
3.20357 0.108769
3.2327 0.108673
3.2399 0.108589
3.2471 0.10864
3.2543 0.108685
3.26149 0.1086
3.26869 0.108525
3.27589 0.108459
3.28308 0.108527
3.29028 0.108586
3.29748 0.108513
3.30468 0.108449
3.31187 0.108392
3.341 0.108468
3.3482 0.108535
3.3554 0.108468
3.36979 0.108409
3.37699 0.108358
3.38419 0.108439
3.39138 0.108384
3.39858 0.108336
3.40578 0.108294
3.41298 0.108257
3.42017 0.10835
3.4493 0.108306
3.4565 0.108268
3.4637 0.108234
3.47809 0.10833
3.48529 0.108414
3.49249 0.108362
3.49968 0.108317
3.50688 0.108277
3.7235 0.119618
3.7307 0.118165
3.73789 0.116895
3.97252 0.115783
4.07003 0.11531
4.07722 0.114521
4.08442 0.113706
4.09523 0.113493
4.31543 0.112806
4.54646 0.112205
4.64757 0.11168
4.65477 0.11122
4.66196 0.110817
4.67636 0.110465
4.68355 0.110157
4.69075 0.109887
4.92176 0.109651
4.92896 0.109445
4.93616 0.109389
4.94336 0.109216
4.95055 0.109064
4.95775 0.108931
4.96495 0.108814
4.97215 0.108838
4.97934 0.108733
5.02287 0.108641
5.03006 0.108686
5.03726 0.108725
5.04446 0.108635
5.05166 0.108555
5.05885 0.108486
5.06605 0.10855
5.07325 0.108606
5.08044 0.108531
5.08764 0.108464
5.09484 0.108406
5.10204 0.10848
5.10923 0.108545
5.13117 0.108602
5.13836 0.108527
5.14556 0.108461
5.15276 0.108403
5.15995 0.108353
5.17435 0.108309
5.18155 0.10827
5.18874 0.108236
5.19594 0.108207
5.20314 0.108306
5.21034 0.108268
5.39456 0.113609
5.44888 0.115158
5.67991 0.114263
5.68711 0.113605
5.6943 0.112905
5.77382 0.121292
5.78142 0.11963
5.78862 0.118176
5.79582 0.116904
5.80302 0.115916
5.81021 0.115052
5.81741 0.11417
5.82461 0.113399
5.83181 0.112724
5.839 0.112259
5.8462 0.111851
5.8534 0.11137
5.86779 0.110949
5.87852 0.11108
5.88972 0.110695
5.89692 0.110358
5.90412 0.110188
5.91132 0.109915
5.91851 0.109675
5.92571 0.109466
5.93291 0.109283
5.94011 0.109247
5.9473 0.109092
5.9545 0.108955
5.9617 0.108836
5.97609 0.108856
5.98329 0.108874
5.99802 0.10889
6.00522 0.108904
6.01242 0.108791
6.01962 0.108692
6.02681 0.108605
6.03401 0.108655
6.04121 0.108698
6.0484 0.108611
6.0556 0.108534
6.0628 0.108468
6.07 0.108409
6.08439 0.108358
6.09159 0.108313
6.10632 0.108274
6.11352 0.10824
6.12072 0.10821
6.12791 0.108184
6.44924 0.119536
6.46002 0.118219
6.47441 0.116941
6.48161 0.115824
6.48881 0.114846
6.49601 0.114115
6.5032 0.113476
6.5104 0.112791
6.5176 0.112192
6.5248 0.111668
6.53199 0.11121
6.53919 0.110933
6.54639 0.110567
6.55754 0.110246
6.56832 0.109965
6.58271 0.10972
6.58991 0.109505
6.59711 0.109442
6.60431 0.109261
6.6115 0.109104
6.6187 0.108966
6.63309 0.10897
6.64029 0.108974
6.64749 0.108852
6.65469 0.108746
6.66188 0.108652
6.66908 0.108696
6.67662 0.108609
6.69101 0.108658
6.89289 0.117951
6.91569 0.117332
6.92288 0.116165
6.93008 0.11527
6.93728 0.114486
6.94448 0.113675
6.95167 0.112966
6.95887 0.112345
6.96607 0.111927
6.97326 0.111561
6.98046 0.111116
6.98766 0.110726
6.99486 0.110386
7.00205 0.110212
7.00925 0.110061
7.01645 0.109803
7.02399 0.109578
7.03118 0.109506
7.03838 0.109317
7.04558 0.109153
7.05277 0.109009
7.05997 0.108883
7.06717 0.108897
7.07437 0.108785
7.08156 0.108687
7.08876 0.108601
7.09596 0.108526
7.10316 0.108585
7.11035 0.108512
7.11755 0.108448
7.12475 0.108392
7.13229 0.108468
7.13948 0.10841
7.14668 0.108358
7.15388 0.108314
7.16107 0.108399
7.16827 0.108474
7.17547 0.108415
7.18267 0.108363
7.18986 0.108318
7.19706 0.108403
7.20426 0.108478
7.21145 0.108418
7.21865 0.108366
7.22585 0.10832
7.23305 0.108405
7.24058 0.108354
7.24778 0.10831
7.25498 0.108271
7.26218 0.108362
7.26937 0.108317
7.27657 0.108277
7.28377 0.108243
7.29097 0.108212
7.29816 0.108311
7.30536 0.108272
7.31256 0.108238
7.32695 0.108208
7.33415 0.108307
7.34135 0.108269
7.34888 0.108235
7.35608 0.108331
7.36328 0.108414
7.37048 0.108363
7.37767 0.108317
7.38487 0.108278
7.39207 0.108368
7.39926 0.108447
7.40646 0.108391
7.41366 0.108342
7.42086 0.108299
7.43525 0.108387
7.44245 0.108339
7.44965 0.108296
7.45684 0.108259
7.46404 0.108352
7.47124 0.108433
7.47843 0.108379
7.48563 0.108331
7.49283 0.10829
7.50003 0.108379
7.50722 0.108456
7.51442 0.108399
7.52162 0.108349
7.52882 0.108306
7.53601 0.108393
7.54355 0.108343
7.55075 0.108301
7.55794 0.108263
7.56514 0.108355
7.57234 0.108311
7.57954 0.108272
7.58673 0.108238
7.59393 0.108208
7.60113 0.108307
7.60833 0.108269
7.62272 0.108235
7.62992 0.108206
7.63711 0.108305
7.64431 0.108267
7.65185 0.108234
7.65905 0.108329
7.66624 0.108413
7.67344 0.108362
7.68064 0.108316
7.68784 0.108277
7.69503 0.108367
7.70223 0.108446
7.70943 0.108391
7.71662 0.108342
7.73463 0.108799
7.94764 0.119949
7.95483 0.118455
7.96203 0.117274
7.96923 0.116239
7.98003 0.115709
8.15705 0.121621
8.18945 0.122168
8.20383 0.120397
8.21103 0.118972
8.21823 0.117726
8.22542 0.11651
8.23262 0.115446
8.23982 0.114516
8.24701 0.113826
8.25782 0.113598
8.70322 0.113898
8.71041 0.113161
8.71761 0.112516
8.72481 0.111951
8.73201 0.111582
8.7392 0.11126
8.7464 0.110852
8.7536 0.110496
8.7608 0.110184
8.76799 0.109911
8.77519 0.109797
8.78239 0.109572
8.78958 0.109376
8.79678 0.109204
8.81152 0.109053
8.81871 0.108922
8.82591 0.108806
8.83311 0.108831
8.84031 0.108727
8.8475 0.108636
8.8547 0.108556
8.86909 0.108612
8.87629 0.10866
8.88349 0.108578
8.89069 0.108506
8.89788 0.108442
8.90508 0.108512
8.91228 0.108573
8.91982 0.108501
8.92701 0.108564
8.93421 0.108618
8.94141 0.108541
8.94861 0.108473
8.9558 0.108414
8.963 0.108362
8.97739 0.108317
8.98459 0.108277
8.99179 0.108243
8.99899 0.108212
9.00618 0.108311
9.01338 0.108272
9.23361 0.119988
9.55133 0.13074
9.55852 0.127897
9.56572 0.12541
9.57292 0.123234
9.58012 0.121454
9.58731 0.119773
9.59451 0.118301
9.60171 0.117013
9.6089 0.115887
9.6161 0.115026
9.6233 0.114273
9.6305 0.113489
9.63769 0.112803
9.64489 0.112202
9.65209 0.111802
9.66322 0.111827
9.67042 0.111348
9.67762 0.11093
9.68482 0.110564
9.69201 0.110368
9.69921 0.110197
9.70641 0.109922
9.71361 0.109682
9.7208 0.109472
9.728 0.109413
9.7352 0.109361
9.74239 0.109191
9.74959 0.109042
9.75679 0.108912
9.76793 0.109298
9.98814 0.121011
10.19 0.128884
10.2119 0.127649
10.2191 0.125318
10.2263 0.123153
10.2335 0.121259
10.2407 0.119602
10.2479 0.118151
10.2551 0.117007
10.2623 0.115881
10.2695 0.114896
10.2767 0.114034
10.2839 0.11328
10.2911 0.112745
10.2983 0.112152
10.3055 0.111633
10.3127 0.111179
10.3202 0.110906
10.421 0.110668
10.4285 0.110335
10.5293 0.110043
10.5368 0.109787
10.6376 0.109564
10.6448 0.109368
10.652 0.109322
10.8359 0.116407
10.8791 0.115481
10.8863 0.114671
10.8935 0.113837
10.9007 0.113108
10.9079 0.112469
10.9151 0.112035
10.9222 0.111656
11.1205 0.119824
11.1493 0.118346
11.1565 0.117053
11.1709 0.115921
11.1781 0.115056
11.1853 0.114299
11.4055 0.125262
11.4127 0.123104
11.4199 0.121216
11.4271 0.119689
11.4343 0.118353
11.4415 0.117059
11.4487 0.115926
11.4559 0.114936
11.4703 0.114194
11.4775 0.113419
11.4847 0.112742
11.4919 0.112149
11.4991 0.111756
11.5063 0.111411
11.5135 0.110985
11.5207 0.110612
11.5279 0.110285
11.5351 0.110125
11.5423 0.109984
11.5495 0.109736
11.5566 0.109519
11.5638 0.109329
11.5786 0.109163
11.5894 0.109518
11.8096 0.109328
11.8132 0.109287
11.8204 0.109126
11.8276 0.108985
11.8348 0.108862
11.9107 0.108754
11.9179 0.10866
11.9251 0.108703
11.9323 0.10874
11.9395 0.108647
11.9467 0.108566
11.9539 0.108496
11.9611 0.108559
11.9683 0.108614
11.9755 0.108537
11.9827 0.10847
11.9899 0.108411
11.9971 0.108485
12.0043 0.108549
12.0115 0.108481
12.0187 0.10842
12.0259 0.108368
12.033 0.108447
12.0402 0.108516
12.0474 0.108452
12.0546 0.108395
12.0618 0.108346
12.069 0.108428
12.0762 0.108499
12.0834 0.108437
12.0906 0.108382
12.0978 0.108334
12.105 0.108418
12.1122 0.10849
12.1194 0.108429
12.1266 0.108375
12.1374 0.108828
12.3501 0.1201
12.3573 0.118712
12.3645 0.117373
12.3717 0.116202
12.3789 0.115176
12.3861 0.114404
12.3933 0.113729
12.4005 0.113013
12.4077 0.112386
12.4149 0.111838
12.4221 0.111483
12.4292 0.111173
12.4364 0.110776
12.4436 0.110429
12.4508 0.110126
12.458 0.109985
12.4652 0.109862
12.4724 0.109629
12.4796 0.109425
12.4868 0.109247
12.494 0.109216
12.5012 0.109189
12.5084 0.109041
12.5156 0.108911
12.5228 0.108797
12.53 0.108822
12.5372 0.108844
12.5444 0.108739
12.5516 0.108646
12.5588 0.108566
12.566 0.108495
12.5732 0.108558
12.5804 0.108488
12.5876 0.108427
12.5948 0.108374
12.602 0.108327
12.6092 0.108411
12.6164 0.10836
12.6236 0.108315
12.6308 0.108275
12.638 0.108241
12.6452 0.108336
12.6524 0.108294
12.6596 0.108257
12.7859 0.108225
12.8866 0.108197
12.8938 0.108172
12.901 0.108276
12.9082 0.108366
12.9154 0.108321
12.9226 0.10828
12.9298 0.108245
12.937 0.10834
12.9442 0.108422
12.9514 0.108369
12.9586 0.108323
12.9658 0.108283
12.973 0.108248
12.9802 0.108342
12.9874 0.108299
12.9946 0.108262
13.0018 0.108229
13.009 0.1082
13.0162 0.1083
13.0234 0.108263
13.0306 0.10823
13.0378 0.108201
13.045 0.108176
13.0522 0.108279
13.0594 0.108244
13.0666 0.108214
13.0738 0.108187
13.0809 0.108164
13.0881 0.108268
13.0953 0.108235
13.1025 0.108205
13.1097 0.10818
13.1169 0.108157
13.1241 0.108263
13.1313 0.10823
13.1385 0.108201
13.3728 0.108176
13.38 0.108279
13.3872 0.108369
13.3944 0.108323
13.4016 0.108283
13.4088 0.108247
13.4196 0.108716
13.6362 0.120002
13.6434 0.118502
13.6506 0.117189
13.6578 0.11604
13.665 0.115035
13.6722 0.114281
13.6794 0.113496
13.6866 0.112809
13.6938 0.112208
13.701 0.111682
13.7082 0.111346
13.7154 0.110928
13.7226 0.110562
13.7298 0.110242
13.737 0.109962
13.7442 0.109841
13.7514 0.109611
13.7586 0.10941
14.0072 0.109359
14.0144 0.109189
14.0216 0.10904
14.0288 0.10891
14.036 0.108921
14.0504 0.108806
14.0576 0.108705
14.0648 0.108617
14.0867 0.110415
14.1083 0.110113
14.1155 0.109849
14.1227 0.109618
14.5357 0.109416
14.5429 0.109239
14.644 0.109209
14.7523 0.109058
14.8606 0.108926
14.9653 0.12106
15.1855 0.119427
15.2866 0.117999
15.2938 0.116749
15.3913 0.12703
15.4021 0.125152
15.7091 0.133883
15.7234 0.130647
15.7306 0.127816
15.8138 0.134839
15.8317 0.131484
15.8389 0.128549
15.9221 0.126105
15.94 0.123967
15.9472 0.122096
16.0304 0.120334
16.0483 0.118792
16.0555 0.117443
16.1387 0.116263
16.1566 0.11523
16.1638 0.114326
16.2614 0.115411
16.4744 0.125859
16.4816 0.123627
16.4888 0.121673
16.5827 0.119964
16.5899 0.118469
16.5971 0.117285
16.691 0.116125
16.6982 0.115234
16.7054 0.11433
16.7993 0.113663
16.8065 0.112956
16.8137 0.112336
16.9076 0.111794
16.9148 0.11132
16.922 0.110905
17.0159 0.110542
17.0231 0.110349
17.0303 0.11018
17.1278 0.110408
17.3408 0.121357
17.348 0.119687
17.3552 0.118351
17.4491 0.117182
17.4563 0.11616
17.4635 0.11514
17.5574 0.114247
17.5646 0.113466
17.8873 0.112908
17.9812 0.12317
17.9956 0.121273
18.0895 0.119614
18.1039 0.118162
18.1978 0.116892
18.2122 0.115906
18.3061 0.115042
18.3205 0.114162
18.4144 0.113392
18.4288 0.112718
18.5227 0.112128
18.5371 0.111737
18.631 0.11127
18.6454 0.110861
18.7393 0.110629
18.7537 0.1103
18.8476 0.110012
18.862 0.109761
18.9559 0.109541
18.9703 0.109473
19.0642 0.109414
19.0786 0.109237
19.1725 0.109083
19.1869 0.108947
19.2808 0.108829
19.2952 0.10885
19.3891 0.108869
19.4035 0.10876
19.4974 0.108665
19.5118 0.108582
19.6057 0.108509
19.6201 0.108571
19.714 0.108499
19.7284 0.108437
19.8223 0.108507
19.8367 0.108444
19.9306 0.108388
19.945 0.10834
20.0533 0.108422
20.1616 0.10837
20.1688 0.108323
20.2699 0.108283
20.3746 0.120498
20.5948 0.118935
20.6959 0.117568
20.7031 0.116497
20.8006 0.12681
20.8078 0.124459
20.9125 0.122402
21.0172 0.132851
21.0244 0.129745
21.1219 0.138277
21.1291 0.134617
21.2266 0.142665
21.2338 0.138332
21.3313 0.145915
21.3385 0.141176
21.436 0.148279
21.6526 0.143244
21.7501 0.150214
21.7573 0.145062
21.7645 0.140429
21.8584 0.136376
21.8656 0.132829
21.8728 0.129725
21.9667 0.127009
21.9739 0.124633
21.9811 0.122679
22.075 0.120844
22.0822 0.119364
22.0894 0.117943
22.1833 0.116825
22.1905 0.115722
22.1977 0.114757
22.2916 0.113912
22.2988 0.113173
22.306 0.112527
22.3999 0.111961
22.4071 0.111591
22.4143 0.111267
22.5082 0.110983
22.5154 0.110611
22.5226 0.110284
22.6237 0.109999
22.6309 0.109749
22.732 0.10953
22.7392 0.109464
22.7464 0.109281
22.8403 0.109246
22.8475 0.10909
22.8547 0.108954
22.9486 0.108835
22.9558 0.10873
22.963 0.108639
23.0569 0.108559
23.0641 0.108614
23.0713 0.108662
23.1652 0.108705
23.1724 0.108617
23.2807 0.108539
23.389 0.108472
23.3962 0.108538
23.4973 0.108596
23.5117 0.108521
23.6056 0.108456
23.62 0.108399
23.6272 0.108474
23.7139 0.108415
23.7283 0.108488
23.7355 0.108427
23.8222 0.108499
23.8366 0.108436
23.8438 0.108382
23.9305 0.108334
24.1543 0.119667
24.1615 0.118209
24.1687 0.116933
24.259 0.126191
24.2662 0.124042
24.2734 0.122037
24.3637 0.130657
24.7897 0.139075
24.7969 0.135191
24.8041 0.131917
24.8113 0.128927
24.8944 0.135811
24.9016 0.132335
24.9088 0.129293
24.916 0.126756
24.9991 0.134037
25.0063 0.130782
25.0135 0.127935
25.0243 0.125943
25.3205 0.1237
25.3313 0.122737
25.5479 0.120895
25.5551 0.119408
25.5623 0.118107
25.5695 0.116844
25.5767 0.115738
25.6598 0.114771
25.667 0.113925
25.6742 0.113309
25.6814 0.112645
25.7645 0.121565
25.7717 0.119869
25.7789 0.118386
25.7861 0.117212
25.7933 0.116186
25.8692 0.123788
26.0858 0.133064
26.093 0.129931
26.1038 0.12769
26.3168 0.136479
26.324 0.133044
26.3312 0.130038
26.3384 0.127283
26.3456 0.124873
26.3528 0.122764
26.4251 0.121043
26.4323 0.119413
26.4395 0.117986
26.4467 0.116738
26.4539 0.115646
26.4611 0.114815
26.5334 0.113963
26.5406 0.113218
26.5478 0.112566
26.555 0.11212
26.5622 0.11173
26.5694 0.111264
26.6453 0.111356
26.8691 0.111061
26.9702 0.110804
26.9774 0.110453
26.9846 0.110146
26.9918 0.109878
26.999 0.109768
27.0062 0.109672
27.0785 0.109463
27.0857 0.10928
27.0929 0.10912
27.1001 0.109105
27.1073 0.108967
27.1868 0.108846
27.194 0.108865
27.2012 0.108882
27.2084 0.108772
27.2916 0.118175
27.5046 0.128279
27.5118 0.125744
27.519 0.123526
27.5262 0.12171
27.5334 0.119996
27.6129 0.118497
27.6201 0.11731
27.6273 0.116271
27.6345 0.115237
27.6417 0.114332
27.9414 0.113541
27.9486 0.112848
28.0389 0.122617
28.0461 0.120915
28.0533 0.119426
28.0605 0.117997
28.0677 0.116748
28.0749 0.115654
28.1436 0.122448
28.1508 0.120642
28.158 0.119061
28.1652 0.117804
28.1724 0.116578
28.1796 0.115506
28.2483 0.122318
28.2555 0.120528
28.2627 0.118962
28.2699 0.117592
28.2771 0.116518
28.2843 0.115578
28.353 0.122256
28.3602 0.120599
28.3674 0.119024
28.3746 0.117646
28.3818 0.11644
28.389 0.115385
28.4577 0.122212
28.4649 0.120436
28.4721 0.119006
28.4793 0.117755
28.4865 0.116536
28.4937 0.115469
28.5624 0.122285
28.5696 0.1205
28.5768 0.118937
28.584 0.11757
28.5912 0.116499
28.5984 0.115436
28.6743 0.114632
28.6815 0.113803
28.6887 0.113078
28.6959 0.112443
28.7031 0.112012
28.779 0.120136
28.7862 0.118744
28.7934 0.117401
28.8006 0.116226
28.8078 0.115198
28.815 0.114298
28.8837 0.121261
28.8909 0.119603
28.8981 0.118278
28.9053 0.117118
28.9125 0.115978
28.9197 0.114981
28.9884 0.121858
28.9956 0.120126
29.0028 0.11861
29.0136 0.117784
29.3313 0.127936
29.3421 0.125569
29.3493 0.123498
29.3565 0.121561
29.3637 0.119866
29.3709 0.118382
29.4396 0.117085
29.4576 0.115949
29.4648 0.114955
29.472 0.114086
29.4792 0.11345
29.5479 0.112769
29.6922 0.113173
29.7861 0.112651
29.7933 0.11207
29.8005 0.111561
29.8077 0.111116
29.8149 0.110726
29.8221 0.110511
29.8293 0.110322
29.8944 0.110032
29.9016 0.109778
29.9088 0.109555
29.916 0.109361
29.9232 0.109316
29.9304 0.109151
29.9376 0.109007
30.0027 0.108882
30.0099 0.108771
30.0243 0.1088
30.0315 0.1087
30.0387 0.108612
30.0459 0.108536
30.111 0.108594
30.1182 0.108645
30.1326 0.108564
30.1398 0.108494
30.147 0.108432
30.1542 0.108503
30.1614 0.10844
30.2193 0.108385
30.2265 0.108337
30.2409 0.108295
30.2481 0.108383
30.2553 0.10846
30.2625 0.108403
30.2697 0.108352
30.3276 0.108308
30.3348 0.10827
30.3492 0.108361
30.3564 0.108316
30.3636 0.108276
30.3708 0.108242
30.378 0.108212
30.4359 0.108185
30.4431 0.108287
30.6921 0.108376
30.7824 0.109329
30.7896 0.109163
30.804 0.109143
30.8112 0.109125
30.8184 0.108984
30.8256 0.108861
30.8328 0.108754
30.8907 0.108659
30.8979 0.108577
30.9123 0.108505
30.9195 0.108442
30.9303 0.108886
31.1433 0.120151
31.1505 0.118632
31.1577 0.117303
31.1649 0.11614
31.1721 0.115247
31.1793 0.114342
31.1865 0.113549
31.1937 0.112855
31.2516 0.112248
31.2588 0.111717
31.266 0.111378
31.2732 0.11108
31.2804 0.110695
31.2876 0.110358
31.2948 0.110064
31.302 0.109806
31.3599 0.10958
31.3671 0.109507
31.3743 0.109319
31.3815 0.109154
31.3887 0.10901
31.3959 0.108884
31.6125 0.120148
31.6197 0.11863
31.6269 0.117301
31.6341 0.116263
31.6413 0.11523
31.6485 0.114327
31.6557 0.113536
31.6665 0.113344
31.9266 0.123926
31.9343 0.12206
31.9415 0.120303
31.9486 0.118765
31.9558 0.117419
31.963 0.116367
31.9702 0.115446
31.9774 0.114515
31.9846 0.113701
32.0349 0.112988
32.0426 0.112365
32.0498 0.111819
32.0569 0.111342
32.0641 0.111049
32.0713 0.110668
32.0857 0.110334
32.0929 0.110043
32.1432 0.109912
32.1509 0.109673
32.1581 0.109589
32.1652 0.109515
32.1724 0.109326
32.1796 0.10916
32.194 0.10914
32.2012 0.109123
32.2084 0.108982
32.2515 0.10886
32.2592 0.108877
32.2663 0.108767
32.2735 0.108672
32.2807 0.108588
32.2879 0.108514
32.3023 0.10845
32.3095 0.108394
32.3167 0.108344
32.3598 0.108301
32.3746 0.108264
32.389 0.108356
32.3962 0.108436
32.4106 0.108382
32.4178 0.108334
32.425 0.108417
32.4681 0.10849
32.4866 0.108929
32.6996 0.120188
32.7068 0.118664
32.714 0.117331
32.7212 0.11629
32.7284 0.115254
32.7356 0.114347
32.7427 0.113554
32.7499 0.112859
32.7571 0.112377
32.8079 0.11183
32.8151 0.111476
32.8367 0.111042
32.8439 0.110661
32.851 0.110454
32.8582 0.110272
32.8654 0.109988
32.9162 0.109864
32.9234 0.109631
32.945 0.109428
32.9558 0.109749
33.5117 0.110405
33.5189 0.110105
33.5261 0.109967
33.5333 0.109846
33.5405 0.109615
33.5477 0.109413
33.5549 0.109237
33.5621 0.109207
33.62 0.115431
33.833 0.125752
33.8474 0.123533
33.8546 0.121592
33.8618 0.119893
33.869 0.118406
33.8762 0.11723
33.8834 0.116076
33.8906 0.115067
33.9377 0.119184
33.9521 0.118786
33.9593 0.117562
33.9665 0.116367
33.9737 0.115321
33.9845 0.114906
34.2119 0.114043
34.3058 0.124162
34.313 0.122142
34.3202 0.120499
34.3274 0.118937
34.4537 0.11757
34.5512 0.116499
34.5584 0.115436
34.5656 0.114507
34.5728 0.113693
34.58 0.112982
34.5872 0.112484
34.5944 0.111924
34.6016 0.111433
34.6088 0.111004
34.6559 0.115628
34.6631 0.1148
34.6703 0.11395
34.6775 0.113206
34.6847 0.112555
34.6919 0.111986
34.6991 0.111613
34.7063 0.111286
34.7135 0.110875
34.7606 0.115516
34.7678 0.114576
34.775 0.113879
34.7822 0.113269
34.7894 0.112611
34.7966 0.112034
34.8038 0.11153
34.811 0.111089
34.8218 0.111203
35.006 0.113552
35.0783 0.119733
35.0859 0.118267
35.0931 0.117108
35.3098 0.12722
35.317 0.124817
35.3242 0.12284
35.335 0.12136
35.548 0.13094
35.5552 0.128198
35.5624 0.125673
35.5696 0.123464
35.5768 0.121531
35.584 0.119839
35.5911 0.118485
35.5983 0.117174
35.6055 0.116027
35.6527 0.120024
35.6599 0.118521
35.6671 0.117331
35.6743 0.116289
35.6815 0.115253
35.6887 0.114347
35.6995 0.114053
35.9269 0.113297
36.0208 0.12351
36.028 0.121571
36.0352 0.119999
36.0424 0.1185
36.0496 0.117187
36.0568 0.116039
36.064 0.115034
36.0712 0.11428
36.0784 0.113495
36.1255 0.117808
36.1327 0.116582
36.1399 0.115509
36.1471 0.114695
36.1543 0.113984
36.1615 0.113236
36.1687 0.112581
36.1759 0.112009
36.1831 0.111632
36.2302 0.116303
36.2374 0.115265
36.2446 0.114357
36.2518 0.113563
36.259 0.112867
36.2662 0.112384
36.2734 0.111836
36.2806 0.111356
36.2878 0.110937
36.3349 0.11557
36.3421 0.114749
36.3493 0.11403
36.3565 0.113276
36.3637 0.112617
36.5803 0.123415
36.5875 0.121488
36.5947 0.119802
36.6019 0.118327
36.6091 0.117161
36.6163 0.116141
36.6235 0.115123
36.6307 0.114233
36.6379 0.113454
36.6451 0.112897
36.6922 0.112785
36.6994 0.112187
36.7066 0.111663
36.7138 0.111205
36.721 0.110805
36.7282 0.110579
36.7354 0.110257
36.7426 0.109975
36.7498 0.109728
36.8005 0.115012
37.0207 0.114135
37.0243 0.113368
37.0351 0.113197
37.3276 0.123798
37.3384 0.121823
37.3456 0.120095
37.3528 0.118583
37.5694 0.128635
37.5766 0.126056
37.5838 0.123799
37.591 0.121949
37.5982 0.12033
37.6054 0.118789
37.6126 0.11744
37.6198 0.11626
37.6306 0.115728
37.898 0.115137
37.9592 0.11437
37.9664 0.113574
37.9736 0.112877
37.9808 0.112267
37.988 0.111734
37.9952 0.111392
38.0023 0.110968
38.0095 0.110597
38.0639 0.115272
38.0711 0.114488
38.0783 0.113802
38.0855 0.113077
38.0927 0.112442
38.0999 0.111887
38.107 0.111526
38.1142 0.11121
38.1686 0.116684
38.1758 0.115599
38.183 0.114649
38.1902 0.113943
38.1974 0.1132
38.2046 0.11255
38.2118 0.111981
38.2189 0.111483
38.2261 0.111173
38.2733 0.115776
38.2805 0.114804
38.2877 0.113954
38.2949 0.11321
38.3021 0.112683
38.3093 0.112223
38.3165 0.111695
38.3236 0.111233
38.3308 0.110829
38.378 0.115475
38.3852 0.114666
38.3924 0.113833
38.3996 0.113104
38.4068 0.112466
38.414 0.111907
38.4212 0.111544
38.4283 0.111101
38.4355 0.110713
38.4827 0.115374
38.4899 0.114452
38.4971 0.113771
38.5079 0.11355
38.8292 0.125106
38.8364 0.122968
38.8436 0.121097
38.8508 0.11946
38.858 0.118027
38.8652 0.116899
38.8724 0.115786
38.8796 0.114813
38.8868 0.113961
38.9339 0.118216
38.9411 0.117064
38.9483 0.116056
38.9555 0.115049
38.9627 0.114168
38.9699 0.113397
38.9771 0.112847
38.9843 0.112366
38.9915 0.111821
39.0386 0.116343
39.0458 0.1153
39.053 0.114388
39.0674 0.113589
39.0746 0.112891
39.0818 0.112279
39.089 0.111744
39.0962 0.111401
39.1433 0.115976
39.1505 0.114979
39.1577 0.114107
39.3815 0.124718
39.3887 0.122629
39.3959 0.1208
39.4031 0.119325
39.4103 0.118034
39.4175 0.11678
39.4247 0.115683
39.4319 0.114722
39.4391 0.114007
39.4463 0.113381
39.4934 0.113208
39.5006 0.112557
39.515 0.111988
39.5222 0.111614
39.533 0.111662
39.746 0.12258
39.7532 0.120882
39.7604 0.119272
39.7676 0.117863
39.995 0.116755
39.9986 0.115661
40.0058 0.114703
40.013 0.11399
40.0202 0.113366
40.0274 0.112696
40.0346 0.112109
40.0925 0.11797
40.3236 0.116724
40.4215 0.115633
40.4287 0.114679
40.4359 0.113844
40.4431 0.113239
40.4503 0.112709
40.4575 0.11212
40.4647 0.111605
40.4719 0.111155
40.4791 0.110885
40.5262 0.11565
40.5334 0.114693
40.5406 0.113857
40.6381 0.1245
40.6489 0.122437
40.7464 0.120633
40.7572 0.119178
40.8547 0.117781
40.8691 0.116684
40.8763 0.115723
40.8835 0.114758
41.1077 0.113538
41.1145 0.112846
41.1217 0.11224
41.1289 0.11171
41.1361 0.111371
41.2084 0.1192
41.2156 0.1178
41.2228 0.116575
41.23 0.115503
41.2372 0.11469
41.2444 0.113854
41.2516 0.113122
41.2588 0.112482
41.266 0.111922
41.3131 0.116556
41.3203 0.115612
41.3275 0.11466
41.3347 0.113828
41.3419 0.113099
41.3491 0.112587
41.3563 0.112139
41.3635 0.111621
41.3707 0.111169
41.4178 0.115773
41.425 0.114801
41.4322 0.114076
41.4394 0.113316
41.4466 0.112652
41.4538 0.11207
41.4646 0.112062
41.6776 0.122929
41.6848 0.121063
41.692 0.11943
41.6992 0.118126
41.7064 0.11686
41.7136 0.115753
41.7208 0.114784
41.728 0.113936
41.7352 0.113319
41.7823 0.117654
41.7895 0.116447
41.7967 0.115391
42.0205 0.114467
42.0241 0.113784
42.0313 0.113061
42.0385 0.112428
42.1216 0.111875
42.1288 0.11139
42.136 0.111092
42.1432 0.11083
42.1504 0.110476
42.1576 0.110167
42.349 0.118146
42.3814 0.116878
42.3886 0.115768
42.3958 0.114797
42.403 0.114072
42.4102 0.113438
42.4174 0.112759
42.4246 0.112164
42.4318 0.111643
42.439 0.111188
42.4537 0.111789
42.4861 0.114566
42.5005 0.113745
42.5077 0.113027
42.5149 0.112399
42.5221 0.111974
42.5293 0.111602
42.5365 0.111152
42.5437 0.110758
42.562 0.111913
42.7207 0.111924
42.8182 0.112433
43.1359 0.123129
43.1467 0.121238
43.1539 0.119583
43.1611 0.11826
43.1683 0.116978
43.1755 0.115856
43.1827 0.114874
43.1899 0.114014
43.1971 0.113388
43.2043 0.112714
43.2406 0.11575
43.2514 0.115281
43.2586 0.114371
43.2658 0.113575
43.273 0.113003
43.2874 0.112377
43.2982 0.11233
43.4824 0.119539
43.5184 0.118097
43.5256 0.116835
43.5328 0.11573
43.54 0.114889
43.5472 0.114153
43.5544 0.113384
43.5616 0.112711
43.5688 0.112122
43.576 0.111607
43.5871 0.111781
43.8397 0.111308
43.8469 0.110895
43.8541 0.110658
43.8613 0.110326
43.8685 0.110035
43.8757 0.109781
43.8829 0.109558
43.9121 0.109488
43.9193 0.109427
43.9265 0.109249
43.9336 0.109093
43.9444 0.109456
43.9516 0.109274
43.9588 0.109115
44.1971 0.1091
44.2043 0.109088
44.2115 0.108952
44.2982 0.108958
44.3054 0.108838
44.3126 0.108733
44.3198 0.108642
44.3269 0.108562
44.3341 0.108616
44.3413 0.108539
44.3485 0.108472
44.3557 0.108413
44.3629 0.108361
44.3701 0.108441
44.3773 0.108386
44.4065 0.108338
44.6303 0.108421
44.6339 0.108368
44.6411 0.108447
44.6483 0.108516
44.6555 0.108452
44.6627 0.108395
44.6699 0.108346
44.7314 0.108303
44.7386 0.108265
44.7458 0.108232
44.753 0.108203
44.7602 0.108302
44.7674 0.108265
44.7746 0.108231
44.9984 0.108203
45.002 0.108177
45.0128 0.108655
45.1391 0.108698
45.233 0.119486
45.2406 0.11805
45.2478 0.116794
45.255 0.11582
45.2622 0.114967
45.2694 0.114096
45.2766 0.113334
45.2838 0.112667
45.291 0.112084
45.2982 0.111699
45.3054 0.111236
45.3126 0.110832
45.3198 0.110478
45.3377 0.111543
45.3489 0.1111
45.3561 0.110838
45.3633 0.110483
45.3705 0.110173
45.3777 0.109901
45.3849 0.109663
45.3921 0.10958
45.6231 0.109508
45.6303 0.109319
45.6375 0.109154
45.6447 0.10901
45.6555 0.109384
45.7818 0.109211
45.789 0.10906
45.8253 0.112677
45.8829 0.112092
45.8901 0.111706
45.8973 0.111368
45.9045 0.110947
45.9117 0.110578
45.9189 0.110256
45.9261 0.110099
45.9333 0.109962
45.9405 0.109716
45.9477 0.109502
45.9549 0.109314
45.9621 0.109275
45.9693 0.109241
45.9876 0.11046
45.9948 0.110153
46.002 0.109884
46.0092 0.109773
46.0164 0.109552
46.0236 0.109358
46.0308 0.109188
46.038 0.109039
46.0452 0.109035
46.0524 0.108905
46.0596 0.108792
46.0668 0.108693
46.074 0.108606
46.0923 0.110031
46.0995 0.109777
46.1067 0.109555
46.1139 0.10936
46.1211 0.109315
46.1283 0.109276
46.1355 0.109116
46.1427 0.108977
46.1499 0.108855
46.1571 0.108873
46.1643 0.108889
46.1715 0.108778
46.1787 0.10868
46.197 0.10997
46.2042 0.109849
46.2114 0.109618
46.2186 0.109416
46.2258 0.109239
46.233 0.109084
46.2474 0.108948
46.2546 0.10883
46.2618 0.108726
46.269 0.108635
46.2762 0.108681
46.2834 0.108596
46.5255 0.108521
46.5327 0.108456
46.5399 0.108399
46.6158 0.116974
46.627 0.115977
46.6342 0.115105
46.6414 0.114217
46.6486 0.11344
46.6558 0.11276
46.663 0.11229
46.6702 0.111879
46.6774 0.111394
46.6846 0.11097
46.6918 0.110598
46.699 0.110399
46.7062 0.110224
46.7134 0.109946
46.7206 0.109703
46.7353 0.10949
46.7425 0.109304
46.7497 0.109141
46.7569 0.108998
46.7641 0.108998
46.7713 0.108873
46.7785 0.108764
46.7857 0.108669
46.7929 0.108585
46.8001 0.108637
46.8073 0.108557
46.8145 0.108488
46.8217 0.108427
46.8289 0.108373
46.8436 0.108327
46.8508 0.108286
46.858 0.108375
46.8652 0.108453
46.8724 0.108397
46.8796 0.108347
46.8868 0.108304
46.894 0.108391
46.9012 0.108467
46.9084 0.108408
46.9156 0.108357
46.9228 0.108313
46.93 0.108399
46.9372 0.108474
46.9519 0.108415
46.9591 0.108488
46.9663 0.108427
46.9735 0.108373
46.9807 0.108327
46.9879 0.108286
46.9951 0.108375
47.0023 0.108328
47.0095 0.108287
47.0167 0.108251
47.0239 0.10822
47.0311 0.108317
47.0383 0.108278
47.0455 0.108243
47.0602 0.108338
47.0674 0.108295
47.0746 0.108259
47.0818 0.108226
47.089 0.108323
47.0962 0.108408
47.1034 0.108357
47.1106 0.108312
47.1178 0.108273
47.125 0.108364
47.1322 0.108443
47.1394 0.108388
47.1466 0.108339
47.1538 0.108297
47.1685 0.10826
47.1757 0.108227
47.1829 0.108199
47.2045 0.108174
47.2189 0.108152
47.2261 0.108258
47.2333 0.108226
47.2405 0.108198
47.2477 0.108173
47.2621 0.108276
47.2768 0.108242
47.284 0.108337
47.2912 0.10842
47.3128 0.108367
47.32 0.108446
47.3272 0.108515
47.3344 0.108451
47.3416 0.108395
47.3488 0.108345
47.356 0.108427
47.3704 0.108374
47.3776 0.108327
47.3848 0.108286
47.392 0.108375
47.3992 0.108453
47.4211 0.108522
47.4283 0.108457
47.4355 0.108399
47.4427 0.10835
47.4499 0.108306
47.4571 0.108393
47.4643 0.108344
47.4787 0.108301
47.4859 0.108263
47.4931 0.108355
47.5003 0.108311
47.5075 0.108272
47.5147 0.108238
47.5294 0.108208
47.5366 0.108182
47.5438 0.108159
47.551 0.108264
47.5582 0.108356
47.5654 0.108312
47.5726 0.108273
47.5798 0.108239
47.5906 0.108709
48.1573 0.10862
48.1645 0.108543
48.1789 0.108475
48.1861 0.108541
48.1933 0.108473
48.2077 0.108414
48.2149 0.108362
48.2221 0.108442
48.4715 0.108887
48.9011 0.120151
48.9119 0.118632
48.9191 0.117428
48.9263 0.116374
48.9335 0.115328
48.9407 0.114412
48.9551 0.113735
48.9623 0.113143
48.9695 0.1125
48.9767 0.111938
48.9839 0.111446
48.9911 0.11114
48.9983 0.110872
49.0058 0.110513
49.0166 0.110699
49.0238 0.110362
49.031 0.110067
49.0382 0.109933
49.0454 0.109692
49.0598 0.110355
49.2872 0.110186
49.3883 0.110038
49.3955 0.109783
49.4027 0.10956
49.4099 0.109365
49.4171 0.109319
49.6413 0.108779
49.6481 0.108807
49.9852 0.108831
49.996 0.109102
50.2126 0.120339
50.2202 0.118922
50.2274 0.117557
50.2346 0.116362
50.2418 0.115317
50.249 0.114527
50.2562 0.113836
50.2634 0.113107
50.2706 0.112468
50.2778 0.11191
50.285 0.111421
50.2922 0.111119
50.2994 0.110729
50.3173 0.111763
50.3249 0.111292
50.3321 0.111006
50.3465 0.11063
50.3537 0.110301
50.3609 0.110014
50.3681 0.109887
50.3753 0.109776
50.3825 0.109554
50.3897 0.10936
50.3969 0.10919
50.4041 0.109166
50.422 0.11052
50.4296 0.11033
50.4368 0.110039
50.4512 0.110784
50.4584 0.110436
50.4656 0.110132
50.4728 0.109865
50.48 0.109632
50.4872 0.109553
50.4944 0.109359
50.5016 0.109189
50.5088 0.10904
50.516 0.10891
50.5267 0.109297
50.5343 0.109259
50.5415 0.109102
50.5559 0.109839
50.5631 0.109734
50.5703 0.109518
50.5775 0.109328
50.5847 0.109162
50.5919 0.109017
50.5991 0.109015
50.6063 0.109013
50.6135 0.108886
50.6207 0.108775
50.6314 0.109178
50.639 0.109156
50.6462 0.109137
50.6606 0.10987
50.6678 0.109636
50.675 0.109556
50.6822 0.109487
50.6894 0.109301
50.6966 0.109138
50.7038 0.108996
50.711 0.108872
50.9348 0.108763
50.9384 0.108667
50.9456 0.108584
50.9528 0.108511
50.96 0.108572
50.9672 0.108626
50.9744 0.108547
50.9816 0.108479
50.9888 0.108419
51.0323 0.112992
51.0395 0.112368
51.0467 0.111822
51.0539 0.111344
51.0611 0.111051
51.0683 0.11067
51.0755 0.110336
51.0827 0.110044
51.0899 0.109788
51.0971 0.10969
51.1043 0.109604
51.1115 0.109403
51.1187 0.109228
51.1259 0.109074
51.1406 0.10894
51.1478 0.108823
51.155 0.108845
51.1622 0.108864
51.1694 0.108756
51.1766 0.108662
51.1838 0.108579
51.191 0.108507
51.1982 0.108568
51.2054 0.108497
51.2126 0.108435
51.2234 0.108881
51.4472 0.108896
51.5915 0.111034
51.6782 0.111154
51.8009 0.11076
51.8984 0.115915
51.9056 0.114926
51.9128 0.11406
51.92 0.113428
51.9272 0.112874
51.9344 0.112265
51.9416 0.111732
51.9488 0.111265
51.9632 0.110982
51.9704 0.110609
51.9776 0.110283
51.9848 0.109998
51.992 0.109748
52.0067 0.10953
52.0139 0.109338
52.0211 0.109296
52.0283 0.109134
52.0355 0.108992
52.0427 0.108868
52.0499 0.10876
52.0571 0.10879
52.0751 0.109191
52.2701 0.118167
52.2953 0.116896
52.3025 0.115784
52.3097 0.114811
52.3169 0.11396
52.3241 0.11334
52.3349 0.113172
52.5515 0.123901
52.5627 0.121913
52.5699 0.120174
52.5771 0.118777
52.5843 0.11743
52.5915 0.116251
52.5987 0.11522
52.6059 0.114317
52.6131 0.113653
52.8984 0.119821
52.9416 0.122844
52.9488 0.120988
52.956 0.11949
52.9632 0.118178
52.9704 0.116906
52.9776 0.115793
52.9848 0.114819
52.992 0.114091
52.9992 0.113455
53.0064 0.112773
53.0136 0.112176
53.0208 0.111654
53.028 0.111198
53.0352 0.110923
53.0463 0.111058
53.0535 0.110675
53.0607 0.110341
53.0679 0.110048
53.0751 0.109917
53.0895 0.109678
53.0967 0.109468
53.1039 0.109284
53.1111 0.109249
53.1183 0.109218
53.1255 0.109066
53.1327 0.108932
53.1399 0.108816
53.151 0.109339
53.1582 0.109296
53.1654 0.109134
53.1726 0.108993
53.1798 0.108869
53.1942 0.10976
53.2014 0.10954
53.2086 0.109347
53.2158 0.109179
53.223 0.109032
53.2374 0.108903
53.2446 0.10879
53.2518 0.108691
53.259 0.108605
53.2662 0.108654
53.2734 0.108572
53.2806 0.108501
53.2878 0.108438
53.2989 0.108883
53.3061 0.108898
53.3133 0.108786
53.3205 0.108688
53.3277 0.108602
53.3421 0.109526
53.3493 0.109461
53.3565 0.109278
53.3709 0.109118
53.3781 0.109103
53.3853 0.109091
53.3925 0.108954
53.3997 0.108835
53.4069 0.108731
53.4141 0.108764
53.4213 0.108794
53.4285 0.108695
53.4357 0.108608
53.4468 0.109032
53.454 0.108903
53.4612 0.108915
53.4756 0.109676
53.4828 0.109466
53.49 0.109283
53.4972 0.109247
53.5044 0.109092
53.5116 0.108955
53.5188 0.108836
53.526 0.108731
53.5332 0.108765
53.5476 0.108669
53.5547 0.108586
53.5619 0.108512
53.5691 0.108573
53.5803 0.109002
53.5875 0.108876
53.5947 0.108767
53.6019 0.108671
53.6091 0.108712
53.6163 0.108748
53.6235 0.108655
53.8581 0.108698
53.9553 0.108736
53.9625 0.108644
53.9697 0.108563
54.1899 0.120243
54.1971 0.118837
54.2043 0.117608
54.2115 0.116407
54.2187 0.115356
54.2259 0.114436
54.2331 0.113757
54.2402 0.113162
54.2546 0.112517
54.2654 0.112452
54.4784 0.123271
54.4856 0.121362
54.4965 0.120192
54.7095 0.130043
54.9369 0.127287
55.038 0.125001
55.0452 0.123001
55.0524 0.121126
55.0596 0.119485
55.0668 0.11805
55.074 0.116793
55.0812 0.115819
55.0884 0.114842
55.0956 0.113987
55.1028 0.113238
55.11 0.112584
55.1172 0.112136
55.1244 0.111619
55.1316 0.111166
55.1427 0.111271
55.1499 0.110862
55.1571 0.110629
55.1643 0.110425
55.1715 0.110122
55.1787 0.109857
55.1895 0.110125
55.4169 0.109859
55.4241 0.109752
55.5144 0.120033
55.5216 0.118529
55.5288 0.117213
55.536 0.116061
55.5432 0.115178
55.5504 0.114281
55.5576 0.113496
55.5648 0.112809
55.572 0.112208
55.5828 0.112182
56.2484 0.111659
56.3243 0.119827
56.4326 0.118348
56.5409 0.117055
56.6492 0.116048
56.7647 0.115917
