0.010001 1 -0
0.110001 1 0.00820529
0.110001 2 -0
0.210001 1 0.217311
0.210001 2 0.00820529
0.310001 1 0.301305
0.310001 2 0.0129925
0.410001 1 0.407258
0.410001 2 0.0197992
0.510001 1 0.470335
0.510001 2 0.0241254
0.610001 1 0.488287
0.610001 2 0.02642
0.710001 1 0.521684
0.710001 2 0.0344525
0.810001 1 0.475856
0.810001 2 0.0346756
0.910001 1 0.533373
0.910001 2 0.0330518
1.01 1 0.561139
1.01 2 0.0336498
1.11 1 0.587239
1.11 2 0.0341322
1.21 1 0.605045
1.21 2 0.0341834
1.31 1 0.613671
1.31 2 0.0342263
1.41 1 0.624163
1.41 2 0.0347531
1.51 1 0.633241
1.51 2 0.0357371
1.61 1 0.640096
1.61 2 0.036242
1.71 1 0.647164
1.71 2 0.0364739
1.81 1 0.65354
1.81 2 0.0373088
1.91 1 0.663562
1.91 2 0.039716
2.01 1 0.651275
2.01 2 0.0380451
2.11 1 0.660381
2.11 2 0.0383054
2.21 1 0.664161
2.21 2 0.0383493
2.31 1 0.661795
2.31 2 0.0411043
2.41 1 0.646872
2.41 2 0.0411328
2.51 1 0.653012
2.51 2 0.0401613
2.61 1 0.656485
2.61 2 0.0403328
2.71 1 0.660318
2.71 2 0.0415116
2.81 1 0.665791
2.81 2 0.0423344
2.91 1 0.657697
2.91 2 0.04119
3.01 1 0.663038
3.01 2 0.0411867
3.11 1 0.668017
3.11 2 0.041261
3.21 1 0.673989
3.21 2 0.0412238
3.31 1 0.678303
3.31 2 0.0412197
3.41 1 0.682351
3.41 2 0.041186
3.51 1 0.685712
3.51 2 0.0411542
3.61 1 0.688454
3.61 2 0.0412421
3.71 1 0.692606
3.71 2 0.0412155
3.81 1 0.694368
3.81 2 0.0415488
3.91 1 0.696681
3.91 2 0.0420408
4.01 1 0.697849
4.01 2 0.0429362
4.11 1 0.691231
4.11 2 0.0422123
4.21 1 0.695807
4.21 2 0.0421251
4.31 1 0.698714
4.31 2 0.042042
4.41 1 0.702616
4.41 2 0.0420324
4.51 1 0.705711
4.51 2 0.04212
4.61 1 0.706421
4.61 2 0.0429085
4.71 1 0.695635
4.71 2 0.0435398
4.81 1 0.697806
4.81 2 0.0430321
4.91 1 0.699579
4.91 2 0.0438156
5.01 1 0.700808
5.01 2 0.0442661
5.11 1 0.690808
5.11 2 0.0435959
5.21 1 0.686616
5.21 2 0.042972
5.31 1 0.689987
5.31 2 0.0436382
5.41 1 0.680197
5.41 2 0.0438119
5.51 1 0.68384
5.51 2 0.0435297
5.61 1 0.690222
5.61 2 0.0436158
5.71 1 0.694588
5.71 2 0.0436247
5.81 1 0.698066
5.81 2 0.0435642
5.91 1 0.700565
5.91 2 0.0435742
6.01 1 0.703844
6.01 2 0.0436394
6.11 1 0.706249
6.11 2 0.0442559
6.21 1 0.69651
6.21 2 0.0446926
6.31 1 0.698547
6.31 2 0.0448091
6.41 1 0.700145
6.41 2 0.0450754
6.51 1 0.69681
6.51 2 0.0445659
6.61 1 0.699216
6.61 2 0.0446193
6.71 1 0.702731
6.71 2 0.0451372
6.81 1 0.694545
6.81 2 0.0456365
6.91 1 0.697602
6.91 2 0.0451999
7.01 1 0.701347
7.01 2 0.0452186
7.11 1 0.706873
7.11 2 0.0452368
7.21 1 0.710259
7.21 2 0.0453014
7.31 1 0.714121
7.31 2 0.045318
7.41 1 0.71691
7.41 2 0.045334
7.51 1 0.720186
7.51 2 0.0453853
7.61 1 0.722632
7.61 2 0.0454
7.71 1 0.724155
7.71 2 0.0454343
7.81 1 0.725942
7.81 2 0.0463044
7.91 1 0.719066
7.91 2 0.0465497
8.01 1 0.712171
8.01 2 0.0461227
8.11 1 0.715241
8.11 2 0.0457505
8.21 1 0.718748
8.21 2 0.0457798
8.31 1 0.721491
8.31 2 0.0458468
8.41 1 0.726426
8.41 2 0.0458847
8.51 1 0.728878
8.51 2 0.0459114
8.61 1 0.730762
8.61 2 0.0466252
8.71 1 0.725426
8.71 2 0.0467873
8.81 1 0.728557
8.81 2 0.0464631
8.91 1 0.73209
8.91 2 0.0465082
9.01 1 0.734923
9.01 2 0.0465455
9.11 1 0.737865
9.11 2 0.0465448
9.21 1 0.740885
9.21 2 0.0471047
9.31 1 0.734713
9.31 2 0.0474173
9.41 1 0.738421
9.41 2 0.0470603
9.51 1 0.741873
9.51 2 0.0470656
9.61 1 0.745025
9.61 2 0.0470772
9.71 1 0.748511
9.71 2 0.0471705
9.81 1 0.751065
9.81 2 0.0471808
9.91 1 0.754038
9.91 2 0.0471909
10.01 1 0.756372
10.01 2 0.0472464
10.11 1 0.759606
10.11 2 0.0477307
10.21 1 0.75326
10.21 2 0.0481182
10.31 1 0.756617
10.31 2 0.047768
10.41 1 0.750154
10.41 2 0.0477938
10.51 1 0.74435
10.51 2 0.0473718
10.61 1 0.738137
10.61 2 0.0469906
10.71 1 0.732162
10.71 2 0.0465855
10.81 1 0.732307
10.81 2 0.0461885
10.91 1 0.726466
10.91 2 0.0457995
11.01 1 0.721126
11.01 2 0.045449
11.11 1 0.71551
11.11 2 0.0450749
11.21 1 0.710003
11.21 2 0.0447081
11.31 1 0.704602
11.31 2 0.0443556
11.41 1 0.699674
11.41 2 0.0440092
11.51 1 0.694473
11.51 2 0.044025
11.61 1 0.689368
11.61 2 0.0436784
11.71 1 0.684359
11.71 2 0.0433384
11.81 1 0.679798
11.81 2 0.0430047
11.91 1 0.674832
11.91 2 0.0427055
12.01 1 0.670019
12.01 2 0.0423836
12.11 1 0.670222
12.11 2 0.0420675
12.21 1 0.665563
12.21 2 0.0417571
12.31 1 0.66133
12.31 2 0.0414796
12.41 1 0.65683
12.41 2 0.0411798
12.51 1 0.652409
12.51 2 0.0408852
12.61 1 0.648064
12.61 2 0.0405989
12.71 1 0.644126
12.71 2 0.0403193
12.81 1 0.639925
12.81 2 0.0403376
12.91 1 0.635794
12.91 2 0.0400576
13.01 1 0.631733
13.01 2 0.0397823
13.11 1 0.62806
13.11 2 0.0395116
13.21 1 0.623993
13.21 2 0.0392711
13.31 1 0.620159
13.31 2 0.039009
13.41 1 0.620261
13.41 2 0.0387513
13.51 1 0.616456
13.51 2 0.0384977
13.61 1 0.613023
13.61 2 0.0382729
13.71 1 0.609336
13.71 2 0.0380271
13.81 1 0.605707
13.81 2 0.0377852
13.91 1 0.602134
13.91 2 0.0375477
14.01 1 0.598919
14.01 2 0.0373172
14.11 1 0.595454
14.11 2 0.0373367
14.21 1 0.592042
14.21 2 0.0371057
14.31 1 0.588682
14.31 2 0.0368782
14.41 1 0.585664
14.41 2 0.0366542
14.51 1 0.582269
14.51 2 0.0364568
14.61 1 0.579064
14.61 2 0.0362393
14.71 1 0.579188
14.71 2 0.036025
14.81 1 0.576021
14.81 2 0.0358138
14.91 1 0.573184
14.91 2 0.0356284
15.01 1 0.570107
15.01 2 0.0354231
15.11 1 0.567074
15.11 2 0.0352209
15.21 1 0.563952
15.21 2 0.0350203
15.31 1 0.561017
15.31 2 0.0348308
15.41 1 0.557848
15.41 2 0.0348536
15.51 1 0.555243
15.51 2 0.0346972
15.61 1 0.552676
15.61 2 0.0345312
15.71 1 0.549887
15.71 2 0.0343675
15.81 1 0.547402
15.81 2 0.0341807
15.91 1 0.544687
15.91 2 0.0340178
16.01 1 0.541619
16.01 2 0.033836
16.11 1 0.542009
16.11 2 0.0336567
16.21 1 0.539366
16.21 2 0.0334797
16.31 1 0.537018
16.31 2 0.0333258
16.41 1 0.534444
16.41 2 0.0331534
16.51 1 0.531904
16.51 2 0.0329833
16.61 1 0.529396
16.61 2 0.0328057
16.71 1 0.527175
16.71 2 0.0326425
16.81 1 0.52473
16.81 2 0.0326698
16.91 1 0.522317
16.91 2 0.0325061
17.01 1 0.519935
17.01 2 0.0323445
17.11 1 0.51783
17.11 2 0.032185
17.21 1 0.515506
17.21 2 0.0320471
17.31 1 0.512959
17.31 2 0.0318914
17.41 1 0.513211
17.41 2 0.0317377
17.51 1 0.510945
17.51 2 0.0315859
17.61 1 0.508947
17.61 2 0.0314551
17.71 1 0.506735
17.71 2 0.0313069
17.81 1 0.50455
17.81 2 0.0311508
17.91 1 0.502142
17.91 2 0.030984
18.01 1 0.500044
18.01 2 0.030984
18.11 1 0.497939
18.11 2 0.0308476
18.21 1 0.495858
18.21 2 0.0307065
18.31 1 0.493802
18.31 2 0.0305672
18.41 1 0.491999
18.41 2 0.0304295
18.51 1 0.48999
18.51 2 0.0303117
18.61 1 0.487759
18.61 2 0.0301772
18.71 1 0.488004
18.71 2 0.0300442
18.81 1 0.486041
18.81 2 0.0299127
18.91 1 0.484324
18.91 2 0.0298006
19.01 1 0.482405
19.01 2 0.029672
19.11 1 0.480507
19.11 2 0.0295449
19.21 1 0.478631
19.21 2 0.0294096
19.31 1 0.476994
19.31 2 0.0294193
19.41 1 0.475159
19.41 2 0.0293124
19.51 1 0.473344
19.51 2 0.0291895
19.61 1 0.471549
19.61 2 0.0290679
19.71 1 0.469987
19.71 2 0.0289476
19.81 1 0.46823
19.81 2 0.0288458
19.91 1 0.466256
19.91 2 0.0287281
20.01 1 0.466492
20.01 2 0.0286116
20.11 1 0.464773
20.11 2 0.0284965
20.21 1 0.463282
20.21 2 0.0283992
20.31 1 0.461598
20.31 2 0.0282864
20.41 1 0.459933
20.41 2 0.0281748
20.51 1 0.458285
20.51 2 0.0280644
20.61 1 0.456859
20.61 2 0.0280644
20.71 1 0.455244
20.71 2 0.0279714
20.81 1 0.453647
20.81 2 0.0278632
20.91 1 0.452065
20.91 2 0.0277562
21.01 1 0.450701
21.01 2 0.0276502
21.11 1 0.449151
21.11 2 0.0275613
21.21 1 0.447389
21.21 2 0.0274575
21.31 1 0.447617
21.31 2 0.0273547
21.41 1 0.446099
21.41 2 0.0272529
21.51 1 0.444792
21.51 2 0.0271678
21.61 1 0.443304
21.61 2 0.027068
21.71 1 0.44183
21.71 2 0.0269692
21.81 1 0.440185
21.81 2 0.0268981
21.91 1 0.438925
21.91 2 0.0267989
22.01 1 0.438984
22.01 2 0.0267505
22.11 1 0.441804
22.11 2 0.0268971
22.21 1 0.444518
22.21 2 0.0270331
22.31 1 0.447396
22.31 2 0.0271437
22.41 1 0.449953
22.41 2 0.0272684
22.51 1 0.452782
22.51 2 0.0273859
22.61 1 0.45522
22.61 2 0.0275643
22.71 1 0.45639
22.71 2 0.027982
22.81 1 0.455779
22.81 2 0.0279055
22.91 1 0.45633
22.91 2 0.0278532
23.01 1 0.45906
23.01 2 0.0279791
23.11 1 0.461847
23.11 2 0.0281178
23.21 1 0.464704
23.21 2 0.0282468
23.31 1 0.467026
23.31 2 0.0283432
23.41 1 0.469744
23.41 2 0.0284531
23.51 1 0.47236
23.51 2 0.0285647
23.61 1 0.475131
23.61 2 0.0286815
23.71 1 0.477853
23.71 2 0.0288054
23.81 1 0.480675
23.81 2 0.0289141
23.91 1 0.483376
23.91 2 0.029036
24.01 1 0.48588
24.01 2 0.0291428
24.11 1 0.488442
24.11 2 0.0292626
24.21 1 0.490571
24.21 2 0.0293574
24.31 1 0.493187
24.31 2 0.029462
24.41 1 0.495524
24.41 2 0.0295985
24.51 1 0.497092
24.51 2 0.0299492
24.61 1 0.496705
24.61 2 0.0300271
24.71 1 0.498764
24.71 2 0.0300347
24.81 1 0.500871
24.81 2 0.0302207
24.91 1 0.501937
24.91 2 0.0305178
25.01 1 0.502158
25.01 2 0.0304286
25.11 1 0.504556
25.11 2 0.0305962
25.21 1 0.505442
25.21 2 0.0309501
25.31 1 0.505633
25.31 2 0.0308463
25.41 1 0.50814
25.41 2 0.0309404
25.51 1 0.510412
25.51 2 0.0311125
25.61 1 0.511428
25.61 2 0.0314498
25.71 1 0.511582
25.71 2 0.0313595
25.81 1 0.514019
25.81 2 0.0314651
25.91 1 0.51654
25.91 2 0.03157
26.01 1 0.519193
26.01 2 0.0316873
26.11 1 0.521826
26.11 2 0.0318033
26.21 1 0.524043
26.21 2 0.0319208
26.31 1 0.525465
26.31 2 0.0322685
26.41 1 0.52399
26.41 2 0.0323284
26.51 1 0.523153
26.51 2 0.0322482
26.61 1 0.525728
26.61 2 0.0322255
26.71 1 0.528284
26.71 2 0.0323311
26.81 1 0.530821
26.81 2 0.0324421
26.91 1 0.533182
26.91 2 0.0325398
27.01 1 0.535604
27.01 2 0.0326491
27.11 1 0.538086
27.11 2 0.0327577
27.21 1 0.540392
27.21 2 0.0328547
27.31 1 0.542148
27.31 2 0.0332121
27.41 1 0.541195
27.41 2 0.0332978
27.51 1 0.543473
27.51 2 0.0332754
27.61 1 0.545582
27.61 2 0.0335768
27.71 1 0.543938
27.71 2 0.0337211
27.81 1 0.542399
27.81 2 0.0336278
27.91 1 0.544785
27.91 2 0.0335765
28.01 1 0.546859
28.01 2 0.0336776
28.11 1 0.548989
28.11 2 0.0338869
28.21 1 0.549424
28.21 2 0.0340966
28.31 1 0.549783
28.31 2 0.0340322
28.41 1 0.551959
28.41 2 0.034275
28.51 1 0.552244
28.51 2 0.0344934
28.61 1 0.552646
28.61 2 0.0344346
28.71 1 0.554782
28.71 2 0.0345252
28.81 1 0.557049
28.81 2 0.0347991
28.91 1 0.555588
28.91 2 0.0349605
29.01 1 0.557838
29.01 2 0.0349086
29.11 1 0.559927
29.11 2 0.0350013
29.21 1 0.562146
29.21 2 0.0350829
29.31 1 0.564282
29.31 2 0.0351749
29.41 1 0.566471
29.41 2 0.0352663
29.51 1 0.568503
29.51 2 0.0353408
29.61 1 0.570663
29.61 2 0.035431
29.71 1 0.572742
29.71 2 0.0355206
29.81 1 0.574873
29.81 2 0.0356096
29.91 1 0.576849
29.91 2 0.0356867
30.01 1 0.578818
30.01 2 0.0358305
30.11 1 0.579805
30.11 2 0.0361373
30.21 1 0.579432
30.21 2 0.0360431
30.31 1 0.581373
30.31 2 0.0361864
30.41 1 0.581994
30.41 2 0.0364564
30.51 1 0.581889
30.51 2 0.0363725
30.61 1 0.58374
30.61 2 0.0364605
30.71 1 0.585077
30.71 2 0.0367808
30.81 1 0.584372
30.81 2 0.0368125
30.91 1 0.58639
30.91 2 0.0367868
31.01 1 0.588324
31.01 2 0.0368682
31.11 1 0.590188
31.11 2 0.0369382
31.21 1 0.592168
31.21 2 0.0370186
31.31 1 0.594005
31.31 2 0.0370943
31.41 1 0.595826
31.41 2 0.0373018
31.51 1 0.596208
31.51 2 0.0374895
31.61 1 0.596178
31.61 2 0.0374065
31.71 1 0.598107
31.71 2 0.0374801
31.81 1 0.599897
31.81 2 0.0375573
31.91 1 0.601853
31.91 2 0.0377763
32.01 1 0.60022
32.01 2 0.0379395
32.11 1 0.601855
32.11 2 0.0378564
32.21 1 0.603736
32.21 2 0.0380581
32.31 1 0.603977
32.31 2 0.0382379
32.41 1 0.604156
32.41 2 0.0381683
32.51 1 0.606013
32.51 2 0.0382416
32.61 1 0.607729
32.61 2 0.038314
32.71 1 0.609563
32.71 2 0.0383767
32.81 1 0.61133
32.81 2 0.0384487
32.91 1 0.613142
32.91 2 0.0385203
33.01 1 0.61481
33.01 2 0.0385656
33.11 1 0.6166
33.11 2 0.038636
33.21 1 0.618326
33.21 2 0.0387064
33.31 1 0.620095
33.31 2 0.0387763
33.41 1 0.621727
33.41 2 0.0388358
33.51 1 0.623476
33.51 2 0.0389049
33.61 1 0.625214
33.61 2 0.0389737
33.71 1 0.62688
33.71 2 0.039042
33.81 1 0.628481
33.81 2 0.0390999
33.91 1 0.63007
33.91 2 0.0392366
34.01 1 0.63072
34.01 2 0.0394687
34.11 1 0.630198
34.11 2 0.0393777
34.21 1 0.631708
34.21 2 0.0395368
34.31 1 0.630258
34.31 2 0.0396527
34.41 1 0.631221
34.41 2 0.0395646
34.51 1 0.629787
34.51 2 0.0396004
34.61 1 0.631457
34.61 2 0.0395366
34.71 1 0.633116
34.71 2 0.0395899
34.81 1 0.63476
34.81 2 0.0396538
34.91 1 0.63623
34.91 2 0.0397082
35.01 1 0.637862
35.01 2 0.0397605
35.11 1 0.639478
35.11 2 0.0398203
35.21 1 0.640972
35.21 2 0.0398828
35.31 1 0.642527
35.31 2 0.0399364
35.41 1 0.644123
35.41 2 0.0399987
35.51 1 0.645709
35.51 2 0.0400606
35.61 1 0.647168
35.61 2 0.0401217
35.71 1 0.648624
35.71 2 0.040174
35.81 1 0.649755
35.81 2 0.0404253
35.91 1 0.648643
35.91 2 0.0404796
36.01 1 0.650194
36.01 2 0.0404281
36.11 1 0.651391
36.11 2 0.0404768
36.21 1 0.652602
36.21 2 0.0406912
36.31 1 0.651394
36.31 2 0.040809
36.41 1 0.650697
36.41 2 0.0407411
36.51 1 0.65206
36.51 2 0.0407106
36.61 1 0.653577
36.61 2 0.040764
36.71 1 0.655085
36.71 2 0.0408219
36.81 1 0.656586
36.81 2 0.0408793
36.91 1 0.657854
36.91 2 0.0409589
37.01 1 0.658444
37.01 2 0.0412001
37.11 1 0.657932
37.11 2 0.0411055
37.21 1 0.659408
37.21 2 0.0411589
37.31 1 0.660768
37.31 2 0.0412558
37.41 1 0.661451
37.41 2 0.0414713
37.51 1 0.660922
37.51 2 0.041389
37.61 1 0.66227
37.61 2 0.0414348
37.71 1 0.663609
37.71 2 0.041546
37.81 1 0.664218
37.81 2 0.0417613
37.91 1 0.663548
37.91 2 0.0416662
38.01 1 0.664978
38.01 2 0.0417196
38.11 1 0.666291
38.11 2 0.041764
38.21 1 0.667664
38.21 2 0.0418169
38.31 1 0.669072
38.31 2 0.0418695
38.41 1 0.670466
38.41 2 0.041913
38.51 1 0.671758
38.51 2 0.0419539
38.61 1 0.672827
38.61 2 0.0420652
38.71 1 0.673264
38.71 2 0.0422843
38.81 1 0.672197
38.81 2 0.0422083
38.91 1 0.6718
38.91 2 0.0421291
39.01 1 0.673172
39.01 2 0.0421799
39.11 1 0.674497
39.11 2 0.0422305
39.21 1 0.675645
39.21 2 0.0423362
39.31 1 0.675224
39.31 2 0.0424783
39.41 1 0.675669
39.41 2 0.0424098
39.51 1 0.676974
39.51 2 0.0424493
39.61 1 0.678312
39.61 2 0.0424901
39.71 1 0.679538
39.71 2 0.0425391
39.81 1 0.680863
39.81 2 0.0425772
39.91 1 0.682182
39.91 2 0.0426257
40.01 1 0.683454
40.01 2 0.0426741
40.11 1 0.684555
40.11 2 0.0427826
40.21 1 0.68453
40.21 2 0.0429561
40.31 1 0.684433
40.31 2 0.0428628
40.41 1 0.685688
40.41 2 0.04291
40.51 1 0.686975
40.51 2 0.0429571
40.61 1 0.688152
40.61 2 0.0430034
40.71 1 0.689427
40.71 2 0.0430324
40.81 1 0.690596
40.81 2 0.0430788
40.91 1 0.691666
40.91 2 0.0432676
41.01 1 0.690508
41.01 2 0.0433419
41.11 1 0.691659
41.11 2 0.0432835
41.21 1 0.692717
41.21 2 0.0434182
41.31 1 0.692889
41.31 2 0.0435685
41.41 1 0.692396
41.41 2 0.0434993
41.51 1 0.692974
41.51 2 0.043497
41.61 1 0.69421
41.61 2 0.0435414
41.71 1 0.695402
41.71 2 0.0435855
41.81 1 0.696525
41.81 2 0.0436138
41.91 1 0.697743
41.91 2 0.0436442
42.01 1 0.698956
42.01 2 0.0436878
42.11 1 0.700162
42.11 2 0.0437312
42.21 1 0.701227
42.21 2 0.0437702
42.31 1 0.702422
42.31 2 0.0438094
42.41 1 0.703612
42.41 2 0.0438521
42.51 1 0.704796
42.51 2 0.0438947
42.61 1 0.705841
42.61 2 0.0439292
42.71 1 0.707014
42.71 2 0.0439714
42.81 1 0.708087
42.81 2 0.0440148
42.91 1 0.708901
42.91 2 0.0442006
43.01 1 0.707863
43.01 2 0.0441614
43.11 1 0.708889
43.11 2 0.04418
43.21 1 0.709948
43.21 2 0.0442753
43.31 1 0.710411
43.31 2 0.0444369
43.41 1 0.709717
43.41 2 0.0443481
43.51 1 0.710826
43.51 2 0.0443885
43.61 1 0.711774
43.61 2 0.044472
43.71 1 0.712034
43.71 2 0.0446407
43.81 1 0.711537
43.81 2 0.0445541
43.91 1 0.71269
43.91 2 0.0446979
44.01 1 0.711269
44.01 2 0.0447824
44.11 1 0.712301
44.11 2 0.0447214
44.21 1 0.713151
44.21 2 0.0449094
44.31 1 0.712031
44.31 2 0.0449582
44.41 1 0.71296
44.41 2 0.0448984
44.51 1 0.713941
44.51 2 0.0450419
44.61 1 0.712722
44.61 2 0.0451188
44.71 1 0.713794
44.71 2 0.0450536
44.81 1 0.714894
44.81 2 0.0450913
44.91 1 0.715893
44.91 2 0.0451288
45.01 1 0.716858
45.01 2 0.0452818
45.11 1 0.715615
45.11 2 0.0453618
45.21 1 0.716702
45.21 2 0.0452945
45.31 1 0.717783
45.31 2 0.0453312
45.41 1 0.71886
45.41 2 0.0453678
45.51 1 0.71984
45.51 2 0.0453968
45.61 1 0.720876
45.61 2 0.045433
45.71 1 0.721939
45.71 2 0.0454691
45.81 1 0.72299
45.81 2 0.0455051
45.91 1 0.723872
45.91 2 0.0455537
46.01 1 0.724423
46.01 2 0.0457356
46.11 1 0.723563
46.11 2 0.0456456
46.21 1 0.724608
46.21 2 0.0456809
46.31 1 0.725649
46.31 2 0.0457145
46.41 1 0.726595
46.41 2 0.0457422
46.51 1 0.727597
46.51 2 0.045777
46.61 1 0.728539
46.61 2 0.0458206
46.71 1 0.729228
46.71 2 0.0460108
46.81 1 0.728331
46.81 2 0.0460301
46.91 1 0.729231
46.91 2 0.04596
47.01 1 0.730246
47.01 2 0.045994
47.11 1 0.731172
47.11 2 0.0460278
47.21 1 0.731998
47.21 2 0.0461886
47.31 1 0.730785
47.31 2 0.0462363
47.41 1 0.73167
47.41 2 0.0461621
47.51 1 0.73267
47.51 2 0.0461953
47.61 1 0.733666
47.61 2 0.0462284
47.71 1 0.734657
47.71 2 0.0462613
47.81 1 0.735443
47.81 2 0.0463426
47.91 1 0.735847
47.91 2 0.0464923
48.01 1 0.735127
48.01 2 0.0464068
48.11 1 0.736024
48.11 2 0.0464416
48.21 1 0.736598
48.21 2 0.0466227
48.31 1 0.735762
48.31 2 0.0466588
48.41 1 0.736226
48.41 2 0.0466019
48.51 1 0.737196
48.51 2 0.0466133
48.61 1 0.737961
48.61 2 0.0466448
48.71 1 0.738843
48.71 2 0.0467241
48.81 1 0.738979
48.81 2 0.0468424
48.91 1 0.738514
48.91 2 0.0467734
49.01 1 0.739441
49.01 2 0.0467962
49.11 1 0.740307
49.11 2 0.046827
49.21 1 0.741169
49.21 2 0.0468428
49.31 1 0.742113
49.31 2 0.0468653
49.41 1 0.742971
49.41 2 0.0468958
49.51 1 0.743795
49.51 2 0.047039
49.61 1 0.74252
49.61 2 0.0471041
49.71 1 0.743375
49.71 2 0.0471195
49.81 1 0.743538
49.81 2 0.0472583
49.91 1 0.742464
49.91 2 0.0471926
50.01 1 0.741912
50.01 2 0.0471145
50.11 1 0.742759
50.11 2 0.047144
50.21 1 0.743464
50.21 2 0.0472824
50.31 1 0.742481
50.31 2 0.0473368
50.41 1 0.742108
50.41 2 0.047305
50.51 1 0.742951
50.51 2 0.0472707
50.61 1 0.743867
50.61 2 0.0472997
50.71 1 0.744753
50.71 2 0.0473206
50.81 1 0.745579
50.81 2 0.0473411
50.91 1 0.746405
50.91 2 0.0473625
51.01 1 0.747281
51.01 2 0.0474801
51.11 1 0.746032
51.11 2 0.04759
51.21 1 0.745273
51.21 2 0.0475157
51.31 1 0.74609
51.31 2 0.0474594
51.41 1 0.746986
51.41 2 0.0474875
51.51 1 0.747852
51.51 2 0.0475156
51.61 1 0.748582
51.61 2 0.0475582
51.71 1 0.749103
51.71 2 0.0477207
51.81 1 0.748315
51.81 2 0.0476388
51.91 1 0.749172
51.91 2 0.0476663
52.01 1 0.749893
52.01 2 0.0477362
52.11 1 0.750066
52.11 2 0.0478455
52.21 1 0.749624
52.21 2 0.04778
52.31 1 0.750417
52.31 2 0.0478006
52.41 1 0.751262
52.41 2 0.0478275
52.51 1 0.752052
52.51 2 0.0479073
52.61 1 0.75228
52.61 2 0.0480241
52.71 1 0.751701
52.71 2 0.0479501
52.81 1 0.752457
52.81 2 0.0479761
52.91 1 0.753316
52.91 2 0.0479965
53.01 1 0.754171
53.01 2 0.0480152
53.11 1 0.755022
53.11 2 0.0480404
53.21 1 0.755716
53.21 2 0.0480602
53.31 1 0.756607
53.31 2 0.0481717
53.41 1 0.755331
53.41 2 0.0482586
53.51 1 0.756174
53.51 2 0.0482517
53.61 1 0.755781
53.61 2 0.0483562
53.71 1 0.755864
53.71 2 0.0482868
53.81 1 0.75662
53.81 2 0.0483121
53.91 1 0.75719
53.91 2 0.0484562
54.01 1 0.756189
54.01 2 0.0485145
54.11 1 0.755946
54.11 2 0.0484508
54.21 1 0.756777
54.21 2 0.0484246
54.31 1 0.757605
54.31 2 0.0484485
54.41 1 0.758275
54.41 2 0.0484671
54.51 1 0.759074
54.51 2 0.0484856
54.61 1 0.759893
54.61 2 0.0485029
54.71 1 0.760709
54.71 2 0.0485273
54.81 1 0.761372
54.81 2 0.0485722
54.91 1 0.761503
54.91 2 0.0487068
55.01 1 0.760978
55.01 2 0.0486265
55.11 1 0.761786
55.11 2 0.0486506
55.21 1 0.762592
55.21 2 0.0486746
55.31 1 0.763242
55.31 2 0.0486924
55.41 1 0.763946
55.41 2 0.0487102
55.51 1 0.764816
55.51 2 0.0488203
55.61 1 0.763642
55.61 2 0.0488982
55.71 1 0.764364
55.71 2 0.04884
55.81 1 0.764856
55.81 2 0.0489855
55.91 1 0.764038
55.91 2 0.048956
56.01 1 0.764753
56.01 2 0.0489353
56.11 1 0.76554
56.11 2 0.0489576
56.21 1 0.766252
56.21 2 0.0489806
56.31 1 0.766986
56.31 2 0.0490926
56.41 1 0.765851
56.41 2 0.0491592
56.51 1 0.766556
56.51 2 0.0490899
56.61 1 0.767333
56.61 2 0.0491125
56.71 1 0.768085
56.71 2 0.049135
56.81 1 0.768856
56.81 2 0.0491505
56.91 1 0.769551
56.91 2 0.049167
57.01 1 0.770317
57.01 2 0.0491893
57.11 1 0.771081
57.11 2 0.0492116
57.21 1 0.771814
57.21 2 0.0492337
57.31 1 0.772504
57.31 2 0.04925
57.41 1 0.77326
57.41 2 0.0492712
57.51 1 0.774013
57.51 2 0.0492932
57.61 1 0.774691
57.61 2 0.0493147
57.71 1 0.775417
57.71 2 0.049331
57.81 1 0.776093
57.81 2 0.0493528
57.91 1 0.776726
57.91 2 0.0494741
58.01 1 0.77569
58.01 2 0.0495241
58.11 1 0.776404
58.11 2 0.0494629
58.21 1 0.777076
58.21 2 0.0494785
58.31 1 0.777812
58.31 2 0.0494998
58.41 1 0.778546
58.41 2 0.049521
58.51 1 0.779205
58.51 2 0.0495364
58.61 1 0.779913
58.61 2 0.0495449
58.71 1 0.780639
58.71 2 0.049566
58.81 1 0.781291
58.81 2 0.0495805
58.91 1 0.781869
58.91 2 0.0495957
59.01 1 0.782568
59.01 2 0.0496109
59.11 1 0.783285
59.11 2 0.0496316
59.21 1 0.783999
59.21 2 0.0496524
59.31 1 0.78464
59.31 2 0.0496606
59.41 1 0.78535
59.41 2 0.0496812
59.51 1 0.786037
59.51 2 0.0497017
59.61 1 0.786742
59.61 2 0.0497222
59.71 1 0.787374
59.71 2 0.0497363
59.81 1 0.788074
59.81 2 0.0497566
59.91 1 0.788772
59.91 2 0.0497769
60.01 1 0.789442
60.01 2 0.049797
60.11 1 0.790071
60.11 2 0.0498116
60.21 1 0.790763
60.21 2 0.0498194
60.31 1 0.791451
60.31 2 0.0498395
60.41 1 0.792049
60.41 2 0.0498594
60.51 1 0.792733
60.51 2 0.0498737
60.61 1 0.793415
60.61 2 0.0498936
60.71 1 0.794029
60.71 2 0.0499354
60.81 1 0.793981
60.81 2 0.0500586
60.91 1 0.793561
60.91 2 0.0499884
61.01 1 0.794174
61.01 2 0.0500024
61.11 1 0.79465
61.11 2 0.0500498
61.21 1 0.794995
61.21 2 0.0502208
61.31 1 0.793918
61.31 2 0.0501589
61.41 1 0.792845
61.41 2 0.0500891
61.51 1 0.792101
61.51 2 0.0500897
61.61 1 0.792773
61.61 2 0.0500383
61.71 1 0.793353
61.71 2 0.0500575
61.81 1 0.793959
61.81 2 0.0501271
61.91 1 0.794187
61.91 2 0.0502244
62.01 1 0.793524
62.01 2 0.0501518
62.11 1 0.794169
62.11 2 0.0501707
62.21 1 0.794831
62.21 2 0.0501896
62.31 1 0.795424
62.31 2 0.0502029
62.41 1 0.796082
62.41 2 0.0502217
62.51 1 0.796674
62.51 2 0.0502506
62.61 1 0.797065
62.61 2 0.050384
62.71 1 0.796275
62.71 2 0.0503122
62.81 1 0.796797
62.81 2 0.0503682
62.91 1 0.797057
62.91 2 0.0504764
63.01 1 0.796341
63.01 2 0.0504161
63.11 1 0.796766
63.11 2 0.0505495
63.21 1 0.795906
63.21 2 0.0505599
63.31 1 0.796536
63.31 2 0.050503
63.41 1 0.797176
63.41 2 0.0505209
63.51 1 0.79776
63.51 2 0.0505335
63.61 1 0.798338
63.61 2 0.0505509
63.71 1 0.798831
63.71 2 0.0506718
63.81 1 0.79782
63.81 2 0.0507036
63.91 1 0.798459
63.91 2 0.0507056
64.01 1 0.798482
64.01 2 0.0507752
64.11 1 0.798021
64.11 2 0.0507146
64.21 1 0.798639
64.21 2 0.0507299
64.31 1 0.799273
64.31 2 0.0507473
64.41 1 0.799904
64.41 2 0.0507646
64.51 1 0.800406
64.51 2 0.0507936
64.61 1 0.800199
64.61 2 0.0509178
64.71 1 0.799951
64.71 2 0.0508814
64.81 1 0.800516
64.81 2 0.0508828
64.91 1 0.800873
64.91 2 0.0510021
65.01 1 0.800063
65.01 2 0.0510021
65.11 1 0.800681
65.11 2 0.0509398
65.21 1 0.801244
65.21 2 0.0509453
65.31 1 0.801864
65.31 2 0.0509621
65.41 1 0.802482
65.41 2 0.0509788
65.51 1 0.803016
65.51 2 0.0509918
65.61 1 0.803631
65.61 2 0.0510008
65.71 1 0.804182
65.71 2 0.0510271
65.81 1 0.804583
65.81 2 0.0511499
65.91 1 0.803724
65.91 2 0.051163
66.01 1 0.804328
66.01 2 0.0511627
66.11 1 0.80448
66.11 2 0.0512472
66.21 1 0.803891
66.21 2 0.0511801
66.31 1 0.804498
66.31 2 0.0511962
66.41 1 0.805086
66.41 2 0.0512123
66.51 1 0.805689
66.51 2 0.0512283
66.61 1 0.806166
66.61 2 0.0512388
66.71 1 0.806792
66.71 2 0.0513308
66.81 1 0.805769
66.81 2 0.0513896
66.91 1 0.806367
66.91 2 0.0513292
67.01 1 0.806964
67.01 2 0.0513449
67.11 1 0.807435
67.11 2 0.0513961
67.21 1 0.807675
67.21 2 0.0514893
67.31 1 0.806977
67.31 2 0.0514193
67.41 1 0.80757
67.41 2 0.0514348
67.51 1 0.80816
67.51 2 0.0514503
67.61 1 0.808686
67.61 2 0.0514607
67.71 1 0.809256
67.71 2 0.0514761
67.81 1 0.809842
67.81 2 0.0514914
67.91 1 0.810425
67.91 2 0.0515063
68.01 1 0.810886
68.01 2 0.0515301
68.11 1 0.811176
68.11 2 0.0516606
68.21 1 0.810483
68.21 2 0.0515996
68.31 1 0.810583
68.31 2 0.0516113
68.41 1 0.811161
68.41 2 0.051607
68.51 1 0.811721
68.51 2 0.0516162
68.61 1 0.812296
68.61 2 0.0516312
68.71 1 0.812749
68.71 2 0.0516429
68.81 1 0.813158
68.81 2 0.0517595
68.91 1 0.812361
68.91 2 0.0517799
69.01 1 0.812857
69.01 2 0.0517169
69.11 1 0.813463
69.11 2 0.0518049
69.21 1 0.81247
69.21 2 0.0518587
69.31 1 0.812977
69.31 2 0.051802
69.41 1 0.813412
69.41 2 0.0518117
69.51 1 0.813955
69.51 2 0.0519303
69.61 1 0.812962
69.61 2 0.0519821
69.71 1 0.811962
69.71 2 0.0519179
69.81 1 0.81251
69.81 2 0.0518562
69.91 1 0.813016
69.91 2 0.0518705
70.01 1 0.81348
70.01 2 0.051966
70.11 1 0.812516
70.11 2 0.0520071
70.21 1 0.813003
70.21 2 0.0519848
70.31 1 0.813246
70.31 2 0.0520798
70.41 1 0.812623
70.41 2 0.0520145
70.51 1 0.813181
70.51 2 0.0520228
70.61 1 0.813662
70.61 2 0.0520364
70.71 1 0.814217
70.71 2 0.0520459
70.81 1 0.81477
70.81 2 0.0520598
70.91 1 0.815322
70.91 2 0.0520736
71.01 1 0.815813
71.01 2 0.0520871
71.11 1 0.816233
71.11 2 0.0520964
71.21 1 0.816735
71.21 2 0.0521921
71.31 1 0.81573
71.31 2 0.0522329
71.41 1 0.814749
71.41 2 0.0521746
71.51 1 0.815281
71.51 2 0.0521143
71.61 1 0.815765
71.61 2 0.0521514
71.71 1 0.816009
71.71 2 0.0522483
71.81 1 0.815274
71.81 2 0.0521808
71.91 1 0.815746
71.91 2 0.0521943
72.01 1 0.816344
72.01 2 0.0522679
72.11 1 0.815311
72.11 2 0.0523265
72.21 1 0.815852
72.21 2 0.0522656
72.31 1 0.816207
72.31 2 0.0523118
72.41 1 0.816442
72.41 2 0.0524052
72.51 1 0.815798
72.51 2 0.0523544
72.61 1 0.81572
72.61 2 0.0524123
72.71 1 0.814877
72.71 2 0.0524255
72.81 1 0.815358
72.81 2 0.0523935
72.91 1 0.815637
72.91 2 0.0524958
73.01 1 0.814985
73.01 2 0.0524318
73.11 1 0.815505
73.11 2 0.0524447
73.21 1 0.816033
73.21 2 0.0524522
73.31 1 0.816513
73.31 2 0.0524602
73.41 1 0.816988
73.41 2 0.0524712
73.51 1 0.817367
73.51 2 0.0525829
73.61 1 0.816598
73.61 2 0.0526018
73.71 1 0.817127
73.71 2 0.0525445
73.81 1 0.817542
73.81 2 0.0525745
73.91 1 0.817815
73.91 2 0.0526796
74.01 1 0.817098
74.01 2 0.0526135
74.11 1 0.817623
74.11 2 0.0526206
74.21 1 0.818146
74.21 2 0.0526331
74.31 1 0.818612
74.31 2 0.052641
74.41 1 0.819118
74.41 2 0.0526534
74.51 1 0.819637
74.51 2 0.0526657
74.61 1 0.820155
74.61 2 0.0526682
74.71 1 0.820615
74.71 2 0.0526758
74.81 1 0.821076
74.81 2 0.0526828
74.91 1 0.821615
74.91 2 0.0527626
75.01 1 0.820683
75.01 2 0.0528142
75.11 1 0.821196
75.11 2 0.0527574
75.21 1 0.821651
75.21 2 0.0527651
75.31 1 0.822147
75.31 2 0.0527772
75.41 1 0.822656
75.41 2 0.0527839
75.51 1 0.823108
75.51 2 0.052796
75.61 1 0.823559
75.61 2 0.0527988
75.71 1 0.824064
75.71 2 0.0528108
75.81 1 0.824554
75.81 2 0.0528227
75.91 1 0.825051
75.91 2 0.0528347
76.01 1 0.825502
76.01 2 0.0528421
76.11 1 0.825949
76.11 2 0.052854
76.21 1 0.826447
76.21 2 0.0529143
76.31 1 0.826542
76.31 2 0.0529832
76.41 1 0.825942
76.41 2 0.0529494
76.51 1 0.826133
76.51 2 0.0530323
76.61 1 0.825437
76.61 2 0.0529682
76.71 1 0.82588
76.71 2 0.0529798
76.81 1 0.826375
76.81 2 0.0530394
76.91 1 0.825603
76.91 2 0.0531018
77.01 1 0.825939
77.01 2 0.0530428
77.11 1 0.826364
77.11 2 0.0530539
77.21 1 0.826803
77.21 2 0.0530889
77.31 1 0.826825
77.31 2 0.0531701
77.41 1 0.826403
77.41 2 0.0531085
77.51 1 0.826893
77.51 2 0.0531198
77.61 1 0.827376
77.61 2 0.0531311
77.71 1 0.827814
77.71 2 0.053138
77.81 1 0.8283
77.81 2 0.0531492
77.91 1 0.828771
77.91 2 0.0531604
78.01 1 0.829201
78.01 2 0.0531715
78.11 1 0.829683
78.11 2 0.0531783
78.21 1 0.830059
78.21 2 0.0531893
78.31 1 0.830456
78.31 2 0.0532731
78.41 1 0.829608
78.41 2 0.0533051
78.51 1 0.830083
78.51 2 0.053252
78.61 1 0.830512
78.61 2 0.0532585
78.71 1 0.830989
78.71 2 0.0532694
78.81 1 0.831451
78.81 2 0.0532803
78.91 1 0.831873
78.91 2 0.0532909
79.01 1 0.832346
79.01 2 0.0532978
79.11 1 0.832818
79.11 2 0.0533086
79.21 1 0.833289
79.21 2 0.0533144
79.31 1 0.833693
79.31 2 0.0533206
79.41 1 0.834161
79.41 2 0.0533224
79.51 1 0.834629
79.51 2 0.053333
79.61 1 0.835045
79.61 2 0.0533609
79.71 1 0.835249
79.71 2 0.0534565
79.81 1 0.834537
79.81 2 0.0533984
79.91 1 0.834951
79.91 2 0.0534047
80.01 1 0.835415
80.01 2 0.0534589
80.11 1 0.835516
80.11 2 0.0535268
80.21 1 0.835012
80.21 2 0.0534668
80.31 1 0.835469
80.31 2 0.0534773
80.41 1 0.835882
80.41 2 0.0534835
80.51 1 0.836291
80.51 2 0.0534939
80.61 1 0.836659
80.61 2 0.0535823
80.71 1 0.835838
80.71 2 0.05361
80.81 1 0.836296
80.81 2 0.0535577
80.91 1 0.836601
80.91 2 0.0535781
81.01 1 0.836866
81.01 2 0.0536932
81.11 1 0.836186
81.11 2 0.053636
81.21 1 0.835805
81.21 2 0.0536432
81.31 1 0.836256
81.31 2 0.0536123
81.41 1 0.83665
81.41 2 0.0536186
81.51 1 0.837054
81.51 2 0.0536541
81.61 1 0.837215
81.61 2 0.0537335
81.71 1 0.836617
81.71 2 0.0536748
81.81 1 0.837004
81.81 2 0.0537554
81.91 1 0.83617
81.91 2 0.053789
82.01 1 0.836471
82.01 2 0.0537329
82.11 1 0.836883
82.11 2 0.0538146
82.21 1 0.836075
82.21 2 0.0538493
82.31 1 0.836475
82.31 2 0.0537931
82.41 1 0.836924
82.41 2 0.053854
82.51 1 0.836997
82.51 2 0.0539107
82.61 1 0.836441
82.61 2 0.0538544
82.71 1 0.836875
82.71 2 0.05386
82.81 1 0.837272
82.81 2 0.0538704
82.91 1 0.837592
82.91 2 0.0539645
83.01 1 0.836842
83.01 2 0.0539818
83.11 1 0.837269
83.11 2 0.0539304
83.21 1 0.837618
83.21 2 0.0539685
83.31 1 0.837814
83.31 2 0.0540468
83.41 1 0.837237
83.41 2 0.0539889
83.51 1 0.837618
83.51 2 0.0539983
83.61 1 0.837995
83.61 2 0.0540806
83.71 1 0.837238
83.71 2 0.0541096
83.81 1 0.837628
83.81 2 0.0540602
83.91 1 0.838054
83.91 2 0.0540657
84.01 1 0.838492
84.01 2 0.054075
84.11 1 0.838929
84.11 2 0.0540843
84.21 1 0.839267
84.21 2 0.0541001
84.31 1 0.839532
84.31 2 0.0541993
84.41 1 0.838874
84.41 2 0.0541416
84.51 1 0.839309
84.51 2 0.0541507
84.61 1 0.839647
84.61 2 0.0541818
84.71 1 0.839801
84.71 2 0.0542823
84.81 1 0.839051
84.81 2 0.054231
84.91 1 0.838541
84.91 2 0.0541804
85.01 1 0.838973
85.01 2 0.0541893
85.11 1 0.839354
85.11 2 0.0541944
85.21 1 0.839772
85.21 2 0.0542034
85.31 1 0.840154
85.31 2 0.0542123
85.41 1 0.840578
85.41 2 0.0542676
85.51 1 0.840665
85.51 2 0.0543251
85.61 1 0.840096
85.61 2 0.0542661
85.71 1 0.840523
85.71 2 0.054275
85.81 1 0.840949
85.81 2 0.0542838
85.91 1 0.841373
85.91 2 0.0542923
86.01 1 0.841609
86.01 2 0.0542929
86.11 1 0.840725
86.11 2 0.0542966
86.21 1 0.839855
86.21 2 0.0542377
86.31 1 0.839154
86.31 2 0.0541788
86.41 1 0.839483
86.41 2 0.0541306
86.51 1 0.839894
86.51 2 0.0541733
86.61 1 0.839891
86.61 2 0.0542265
86.71 1 0.839476
86.71 2 0.0541789
86.81 1 0.839898
86.81 2 0.0541832
86.91 1 0.840259
86.91 2 0.054192
87.01 1 0.840631
87.01 2 0.054197
87.11 1 0.84105
87.11 2 0.0542018
87.21 1 0.841468
87.21 2 0.0542106
87.31 1 0.841837
87.31 2 0.0542168
87.41 1 0.842242
87.41 2 0.0542242
87.51 1 0.842658
87.51 2 0.0542329
87.61 1 0.843026
87.61 2 0.0542437
87.71 1 0.843245
87.71 2 0.0543331
87.81 1 0.842547
87.81 2 0.0543489
87.91 1 0.842636
87.91 2 0.0542998
88.01 1 0.843001
88.01 2 0.0542923
88.11 1 0.843413
88.11 2 0.0542928
88.21 1 0.843812
88.21 2 0.0543014
88.31 1 0.844176
88.31 2 0.0543224
88.41 1 0.844297
88.41 2 0.0544054
88.51 1 0.843753
88.51 2 0.0544004
88.61 1 0.844107
88.61 2 0.0543564
88.71 1 0.844469
88.71 2 0.0543838
88.81 1 0.844696
88.81 2 0.0544687
88.91 1 0.844096
88.91 2 0.0544137
89.01 1 0.844503
89.01 2 0.054422
89.11 1 0.84485
89.11 2 0.0544266
89.21 1 0.845254
89.21 2 0.0544349
89.31 1 0.845658
89.31 2 0.0544432
89.41 1 0.846011
89.41 2 0.0544515
89.51 1 0.846339
89.51 2 0.054527
89.61 1 0.845584
89.61 2 0.0545547
89.71 1 0.845941
89.71 2 0.0545042
89.81 1 0.846338
89.81 2 0.0545678
89.91 1 0.845558
89.91 2 0.0545998
90.01 1 0.845958
90.01 2 0.0545515
90.11 1 0.846266
90.11 2 0.0545559
90.21 1 0.846405
90.21 2 0.0546313
90.31 1 0.845839
90.31 2 0.0546527
90.41 1 0.845967
90.41 2 0.0546305
90.51 1 0.845801
90.51 2 0.0546851
90.61 1 0.845551
90.61 2 0.0546321
90.71 1 0.845937
90.71 2 0.0546388
90.81 1 0.846289
90.81 2 0.0546452
90.91 1 0.846585
90.91 2 0.0547331
91.01 1 0.845921
91.01 2 0.054748
91.11 1 0.846259
91.11 2 0.0547017
91.21 1 0.846565
91.21 2 0.0547094
91.31 1 0.846859
91.31 2 0.054801
91.41 1 0.846193
91.41 2 0.0548216
91.51 1 0.845822
91.51 2 0.0547732
91.61 1 0.846167
91.61 2 0.0547695
91.71 1 0.846278
91.71 2 0.0548365
91.81 1 0.845444
91.81 2 0.0547889
91.91 1 0.844775
91.91 2 0.0547545
92.01 1 0.844283
92.01 2 0.0547249
92.11 1 0.843465
92.11 2 0.0546691
92.21 1 0.842648
92.21 2 0.0546134
92.31 1 0.841834
92.31 2 0.0546135
92.41 1 0.841067
92.41 2 0.054558
92.51 1 0.840256
92.51 2 0.0545062
92.61 1 0.839447
92.61 2 0.054451
92.71 1 0.83864
92.71 2 0.0543958
92.81 1 0.837881
92.81 2 0.0543408
92.91 1 0.837055
92.91 2 0.0542896
93.01 1 0.837077
93.01 2 0.0542348
93.11 1 0.836276
93.11 2 0.0541802
93.21 1 0.835476
93.21 2 0.0541257
93.31 1 0.834724
93.31 2 0.054075
93.41 1 0.833928
93.41 2 0.0540207
93.51 1 0.833134
93.51 2 0.0539666
93.61 1 0.832342
93.61 2 0.0539666
93.71 1 0.831596
93.71 2 0.0539126
93.81 1 0.830808
93.81 2 0.0538623
93.91 1 0.830021
93.91 2 0.0538086
94.01 1 0.829236
94.01 2 0.053755
94.11 1 0.828498
94.11 2 0.0537015
94.21 1 0.827694
94.21 2 0.0536517
94.31 1 0.827716
94.31 2 0.0535984
94.41 1 0.826925
94.41 2 0.0535452
94.51 1 0.826094
94.51 2 0.0534934
94.61 1 0.825275
94.61 2 0.0534467
94.71 1 0.824588
94.71 2 0.0534016
94.81 1 0.823869
94.81 2 0.053349
94.91 1 0.823067
94.91 2 0.0532942
95.01 1 0.822329
95.01 2 0.0532944
95.11 1 0.821637
95.11 2 0.053244
95.21 1 0.820903
95.21 2 0.0531972
95.31 1 0.820127
95.31 2 0.053147
95.41 1 0.819396
95.41 2 0.0531004
95.51 1 0.81871
95.51 2 0.0530613
95.61 1 0.817994
95.61 2 0.0530167
95.71 1 0.817309
95.71 2 0.0529673
95.81 1 0.816615
95.81 2 0.0529198
95.91 1 0.815966
95.91 2 0.0528759
96.01 1 0.816023
96.01 2 0.0528286
96.11 1 0.815312
96.11 2 0.0527875
96.21 1 0.814689
96.21 2 0.0527566
96.31 1 0.813993
96.31 2 0.0527077
96.41 1 0.813359
96.41 2 0.0526627
96.51 1 0.812729
96.51 2 0.0526212
96.61 1 0.812098
96.61 2 0.0525851
96.71 1 0.811385
96.71 2 0.0525531
96.81 1 0.810789
96.81 2 0.0525531
96.91 1 0.810155
96.91 2 0.0525001
97.01 1 0.809626
97.01 2 0.0524539
97.11 1 0.809055
97.11 2 0.0524151
97.21 1 0.808505
97.21 2 0.052373
97.31 1 0.807913
97.31 2 0.0523345
97.41 1 0.807311
97.41 2 0.0522925
97.51 1 0.807435
97.51 2 0.0522541
97.61 1 0.806869
97.61 2 0.0522124
97.71 1 0.806347
97.71 2 0.0521741
97.81 1 0.805784
97.81 2 0.0521326
97.91 1 0.805264
97.91 2 0.0520919
98.01 1 0.804538
98.01 2 0.0520945
98.11 1 0.803814
98.11 2 0.052045
98.21 1 0.803181
98.21 2 0.0519957
98.31 1 0.802612
98.31 2 0.0519503
98.41 1 0.802022
98.41 2 0.0519092
98.51 1 0.801487
98.51 2 0.0518716
98.61 1 0.801515
98.61 2 0.0518319
98.71 1 0.800964
98.71 2 0.0518109
98.81 1 0.800318
98.81 2 0.051768
98.91 1 0.79982
98.91 2 0.0517313
99.01 1 0.799342
99.01 2 0.051696
99.11 1 0.798782
99.11 2 0.0516611
99.21 1 0.798306
99.21 2 0.0516368
99.31 1 0.797673
99.31 2 0.0516482
99.41 1 0.797199
99.41 2 0.0516024
99.51 1 0.796684
99.51 2 0.0515674
99.61 1 0.796212
99.61 2 0.0515291
99.71 1 0.795699
99.71 2 0.0514942
99.81 1 0.795218
99.81 2 0.0514561
99.91 1 0.794695
99.91 2 0.0514213
100.01 1 0.794201
100.01 2 0.0513833
100.11 1 0.793684
100.11 2 0.0513488
100.21 1 0.793164
100.21 2 0.0513109
100.31 1 0.792688
100.31 2 0.0512765
100.41 1 0.79277
100.41 2 0.0512388
100.51 1 0.792306
100.51 2 0.0512045
100.61 1 0.791802
100.61 2 0.051167
100.71 1 0.79134
100.71 2 0.0511328
100.81 1 0.790838
100.81 2 0.0510955
100.91 1 0.790378
100.91 2 0.0510615
101.01 1 0.789877
101.01 2 0.0510239
101.11 1 0.78942
101.11 2 0.0509901
101.21 1 0.788881
101.21 2 0.0509527
101.31 1 0.788397
101.31 2 0.0509193
101.41 1 0.787922
101.41 2 0.0509034
101.51 1 0.787401
101.51 2 0.0509074
101.61 1 0.786922
101.61 2 0.0508706
101.71 1 0.786509
101.71 2 0.0508367
101.81 1 0.785859
101.81 2 0.0508282
101.91 1 0.785398
101.91 2 0.0507882
102.01 1 0.785005
102.01 2 0.050757
102.11 1 0.784582
102.11 2 0.0507246
102.21 1 0.784202
102.21 2 0.0506953
102.31 1 0.783808
102.31 2 0.0506628
102.41 1 0.783917
102.41 2 0.0506336
102.51 1 0.78355
102.51 2 0.0506012
102.61 1 0.783143
102.61 2 0.0505689
102.71 1 0.782778
102.71 2 0.0505399
102.81 1 0.782413
102.81 2 0.0505107
102.91 1 0.782008
102.91 2 0.0504785
103.01 1 0.781645
103.01 2 0.0504497
103.11 1 0.781242
103.11 2 0.0504173
103.21 1 0.78088
103.21 2 0.0503883
103.31 1 0.78052
103.31 2 0.0503526
103.41 1 0.780064
103.41 2 0.0503568
103.51 1 0.779705
103.51 2 0.0503215
103.61 1 0.779308
103.61 2 0.050293
103.71 1 0.778909
103.71 2 0.0502728
103.81 1 0.778267
103.81 2 0.050263
103.91 1 0.777938
103.91 2 0.0502245
104.01 1 0.778097
104.01 2 0.0501983
104.11 1 0.777751
104.11 2 0.0501689
104.21 1 0.777447
104.21 2 0.0501425
104.31 1 0.777105
104.31 2 0.0501185
104.41 1 0.776715
104.41 2 0.0501138
104.51 1 0.776225
104.51 2 0.0501158
104.61 1 0.775951
104.61 2 0.0500778
104.71 1 0.775673
104.71 2 0.0500536
104.81 1 0.775351
104.81 2 0.0500276
104.91 1 0.775066
104.91 2 0.0500023
105.01 1 0.774729
105.01 2 0.0499782
105.11 1 0.774373
105.11 2 0.0499822
105.21 1 0.773779
105.21 2 0.0499603
105.31 1 0.773523
105.31 2 0.0499231
105.41 1 0.77328
105.41 2 0.0499013
105.51 1 0.77342
105.51 2 0.0498898
105.61 1 0.77314
105.61 2 0.049891
105.71 1 0.772646
105.71 2 0.0498491
105.81 1 0.772342
105.81 2 0.0498548
105.91 1 0.771708
105.91 2 0.0498349
106.01 1 0.771156
106.01 2 0.0498288
106.11 1 0.770993
106.11 2 0.0497924
106.21 1 0.770792
106.21 2 0.0497758
106.31 1 0.770655
106.31 2 0.0497928
106.41 1 0.770036
106.41 2 0.049755
106.51 1 0.770264
106.51 2 0.0497407
106.61 1 0.770152
106.61 2 0.0497244
106.71 1 0.770002
106.71 2 0.0497085
106.81 1 0.769864
106.81 2 0.0497123
106.91 1 0.769635
106.91 2 0.0497157
107.01 1 0.769222
107.01 2 0.0496818
107.11 1 0.769101
107.11 2 0.049695
107.21 1 0.768571
107.21 2 0.0497124
107.31 1 0.768475
107.31 2 0.0496771
107.41 1 0.768391
107.41 2 0.0496597
107.51 1 0.768307
107.51 2 0.0496423
107.61 1 0.768211
107.61 2 0.0496283
107.71 1 0.768361
107.71 2 0.0496228
107.81 1 0.768268
107.81 2 0.0496399
107.91 1 0.767852
107.91 2 0.0496057
108.01 1 0.767794
108.01 2 0.0495974
108.11 1 0.767748
108.11 2 0.0495855
108.21 1 0.767703
108.21 2 0.0495819
108.31 1 0.767646
108.31 2 0.0495729
108.41 1 0.7676
108.41 2 0.0495613
108.51 1 0.767555
108.51 2 0.0495494
108.61 1 0.76751
108.61 2 0.0495372
108.71 1 0.767533
108.71 2 0.0495172
108.81 1 0.766944
108.81 2 0.0494783
108.91 1 0.766329
108.91 2 0.0494363
109.01 1 0.765954
109.01 2 0.0494001
109.11 1 0.765922
109.11 2 0.0493881
109.21 1 0.76589
109.21 2 0.0493762
109.31 1 0.765858
109.31 2 0.0493648
109.41 1 0.765828
109.41 2 0.0493529
109.51 1 0.765675
109.51 2 0.0493631
109.61 1 0.765129
109.61 2 0.0493907
109.71 1 0.764509
109.71 2 0.049358
109.81 1 0.764467
109.81 2 0.0493491
109.91 1 0.764548
109.91 2 0.049357
110.01 1 0.764179
110.01 2 0.0493185
110.11 1 0.764236
110.11 2 0.0493087
110.21 1 0.764254
110.21 2 0.0492985
110.31 1 0.764237
110.31 2 0.0492888
110.41 1 0.764233
110.41 2 0.0492952
110.51 1 0.764228
110.51 2 0.0492859
110.61 1 0.764223
110.61 2 0.0492795
110.71 1 0.764206
110.71 2 0.0492702
110.81 1 0.764236
110.81 2 0.0492609
110.91 1 0.764234
110.91 2 0.0492512
111.01 1 0.764218
111.01 2 0.0492415
111.11 1 0.764402
111.11 2 0.0492547
111.21 1 0.764244
111.21 2 0.0492769
111.31 1 0.76379
111.31 2 0.0492446
111.41 1 0.763537
111.41 2 0.0492126
111.51 1 0.763532
111.51 2 0.0492026
111.61 1 0.763492
111.61 2 0.049209
111.71 1 0.763465
111.71 2 0.0492102
111.81 1 0.763534
111.81 2 0.0492387
111.91 1 0.76321
111.91 2 0.0492044
112.01 1 0.763229
112.01 2 0.0491948
112.11 1 0.763248
112.11 2 0.0491853
112.21 1 0.763267
112.21 2 0.0491754
112.31 1 0.763191
112.31 2 0.0491687
112.41 1 0.763153
112.41 2 0.0491874
112.51 1 0.762632
112.51 2 0.0492218
112.61 1 0.762093
112.61 2 0.0491877
112.71 1 0.762079
112.71 2 0.049158
112.81 1 0.762111
112.81 2 0.0491813
112.91 1 0.762035
112.91 2 0.0491765
113.01 1 0.761873
113.01 2 0.0491467
113.11 1 0.76188
113.11 2 0.049143
113.21 1 0.761775
113.21 2 0.0491764
113.31 1 0.761375
113.31 2 0.0491842
113.41 1 0.761466
113.41 2 0.0491553
113.51 1 0.761538
113.51 2 0.0491498
113.61 1 0.761607
113.61 2 0.0491443
113.71 1 0.761664
113.71 2 0.0491417
113.81 1 0.761732
113.81 2 0.0491359
113.91 1 0.761802
113.91 2 0.0491434
114.01 1 0.761857
114.01 2 0.0491636
114.11 1 0.761468
114.11 2 0.0491377
114.21 1 0.761378
114.21 2 0.0491738
114.31 1 0.761005
114.31 2 0.0491355
114.41 1 0.761062
114.41 2 0.0491422
114.51 1 0.76106
114.51 2 0.0491367
114.61 1 0.761084
114.61 2 0.0491806
114.71 1 0.760564
114.71 2 0.0491828
114.81 1 0.760056
114.81 2 0.0491499
114.91 1 0.760163
114.91 2 0.0491175
115.01 1 0.760256
115.01 2 0.0491166
115.11 1 0.76036
115.11 2 0.0491123
115.21 1 0.760668
115.21 2 0.0491047
115.31 1 0.760735
115.31 2 0.0490974
115.41 1 0.76085
115.41 2 0.0490961
115.51 1 0.761
115.51 2 0.0490923
115.61 1 0.761114
115.61 2 0.0490881
115.71 1 0.761205
115.71 2 0.0490867
115.81 1 0.761344
115.81 2 0.049083
115.91 1 0.761411
115.91 2 0.0490819
116.01 1 0.761467
116.01 2 0.0491069
116.11 1 0.760943
116.11 2 0.0491341
116.21 1 0.761249
116.21 2 0.0491016
116.31 1 0.761327
116.31 2 0.0491005
116.41 1 0.761427
116.41 2 0.0491267
116.51 1 0.760972
116.51 2 0.0491426
116.61 1 0.761123
116.61 2 0.0491118
116.71 1 0.761259
116.71 2 0.0491124
116.81 1 0.761431
116.81 2 0.0491073
116.91 1 0.761566
116.91 2 0.0491047
117.01 1 0.761724
117.01 2 0.0491145
117.11 1 0.761862
117.11 2 0.0491126
117.21 1 0.761997
117.21 2 0.0491135
117.31 1 0.762167
117.31 2 0.0491116
117.41 1 0.762291
117.41 2 0.0491094
117.51 1 0.762425
117.51 2 0.04911
117.61 1 0.762595
117.61 2 0.0491073
117.71 1 0.76287
117.71 2 0.0491063
117.81 1 0.763061
117.81 2 0.0491057
117.91 1 0.763216
117.91 2 0.0491001
118.01 1 0.763292
118.01 2 0.0490945
118.11 1 0.763449
118.11 2 0.0490981
118.21 1 0.763581
118.21 2 0.0490958
118.31 1 0.763714
118.31 2 0.0491026
118.41 1 0.76387
118.41 2 0.0491007
118.51 1 0.764002
118.51 2 0.0491017
118.61 1 0.764132
118.61 2 0.0491092
118.71 1 0.764275
118.71 2 0.0491515
118.81 1 0.763912
118.81 2 0.049115
118.91 1 0.764079
118.91 2 0.0491243
119.01 1 0.76421
119.01 2 0.0491224
119.11 1 0.76433
119.11 2 0.0491234
119.21 1 0.764496
119.21 2 0.0491215
119.31 1 0.764592
119.31 2 0.0491229
119.41 1 0.764799
119.41 2 0.0491663
119.51 1 0.764405
119.51 2 0.0491332
119.61 1 0.764535
119.61 2 0.0491403
119.71 1 0.764655
119.71 2 0.0491379
119.81 1 0.764819
119.81 2 0.0491324
119.91 1 0.764949
119.91 2 0.0491328
120.01 1 0.765079
120.01 2 0.049127
120.11 1 0.765246
120.11 2 0.0491694
120.21 1 0.764791
120.21 2 0.0491812
120.31 1 0.764853
120.31 2 0.0491497
120.41 1 0.765006
120.41 2 0.0491442
120.51 1 0.765191
120.51 2 0.0491447
120.61 1 0.765364
120.61 2 0.0491425
120.71 1 0.765493
120.71 2 0.0491403
120.81 1 0.765724
120.81 2 0.0491408
120.91 1 0.765908
120.91 2 0.0491386
121.01 1 0.766035
121.01 2 0.049136
121.11 1 0.766186
121.11 2 0.0491395
121.21 1 0.766247
121.21 2 0.0491477
121.31 1 0.76604
121.31 2 0.0491905
121.41 1 0.765954
121.41 2 0.0491678
121.51 1 0.765787
121.51 2 0.0491458
121.61 1 0.765982
121.61 2 0.0491452
121.71 1 0.766141
121.71 2 0.0491445
121.81 1 0.766325
121.81 2 0.0491468
121.91 1 0.766484
121.91 2 0.0491534
122.01 1 0.766674
122.01 2 0.0491558
122.11 1 0.766792
122.11 2 0.0491544
122.21 1 0.766921
122.21 2 0.0492063
122.31 1 0.766478
122.31 2 0.0492061
122.41 1 0.766694
122.41 2 0.0491796
122.51 1 0.766884
122.51 2 0.0491833
122.61 1 0.767109
122.61 2 0.0491811
122.71 1 0.767302
122.71 2 0.0491816
122.81 1 0.767581
122.81 2 0.0491826
122.91 1 0.767771
122.91 2 0.0491844
123.01 1 0.767961
123.01 2 0.049187
123.11 1 0.768109
123.11 2 0.0492271
123.21 1 0.767606
123.21 2 0.0492496
123.31 1 0.767798
123.31 2 0.0492538
123.41 1 0.767256
123.41 2 0.0492804
123.51 1 0.76759
123.51 2 0.0492527
123.61 1 0.7678
123.61 2 0.0492518
123.71 1 0.768087
123.71 2 0.0492587
123.81 1 0.768265
123.81 2 0.0492654
123.91 1 0.768541
123.91 2 0.0493059
124.01 1 0.768022
124.01 2 0.0493462
124.11 1 0.768042
124.11 2 0.049315
124.21 1 0.767837
124.21 2 0.0492842
124.31 1 0.768155
124.31 2 0.0492924
124.41 1 0.768439
124.41 2 0.0492979
124.51 1 0.768746
124.51 2 0.0493065
124.61 1 0.76903
124.61 2 0.0493193
124.71 1 0.769179
124.71 2 0.0493812
124.81 1 0.768776
124.81 2 0.0493502
124.91 1 0.76906
124.91 2 0.0493683
125.01 1 0.769215
125.01 2 0.0494413
125.11 1 0.768742
125.11 2 0.049408
125.21 1 0.76835
125.21 2 0.0493744
125.31 1 0.768625
125.31 2 0.0494251
125.41 1 0.768121
125.41 2 0.04945
125.51 1 0.767577
125.51 2 0.0494209
125.61 1 0.767926
125.61 2 0.0493892
125.71 1 0.768241
125.71 2 0.049399
125.81 1 0.76859
125.81 2 0.0494064
125.91 1 0.768863
125.91 2 0.0494163
126.01 1 0.769232
126.01 2 0.049473
126.11 1 0.768721
126.11 2 0.0495139
126.21 1 0.768201
126.21 2 0.0494809
126.31 1 0.768538
126.31 2 0.0494504
126.41 1 0.768819
126.41 2 0.0494772
126.51 1 0.768974
126.51 2 0.0495336
126.61 1 0.768678
126.61 2 0.0494997
126.71 1 0.768982
126.71 2 0.0495105
126.81 1 0.76919
126.81 2 0.0495739
126.91 1 0.768841
126.91 2 0.0495805
127.01 1 0.769182
127.01 2 0.0495571
127.11 1 0.769454
127.11 2 0.0495643
127.21 1 0.769748
127.21 2 0.0496218
127.31 1 0.769313
127.31 2 0.0496512
127.41 1 0.769273
127.41 2 0.0496245
127.51 1 0.769606
127.51 2 0.0496147
127.61 1 0.769882
127.61 2 0.0496248
127.71 1 0.770127
127.71 2 0.049691
127.81 1 0.76971
127.81 2 0.04971
127.91 1 0.769471
127.91 2 0.0496784
128.01 1 0.769813
128.01 2 0.0496635
128.11 1 0.770121
128.11 2 0.0496711
128.21 1 0.770461
128.21 2 0.0496796
128.31 1 0.770769
128.31 2 0.049708
128.41 1 0.770879
128.41 2 0.0497613
128.51 1 0.770586
128.51 2 0.0497289
128.61 1 0.770922
128.61 2 0.0497348
128.71 1 0.771199
128.71 2 0.049753
128.81 1 0.77138
128.81 2 0.0498098
128.91 1 0.771016
128.91 2 0.0497757
129.01 1 0.771355
129.01 2 0.0498241
129.11 1 0.770874
129.11 2 0.0498515
129.21 1 0.771201
129.21 2 0.0498223
129.31 1 0.771505
129.31 2 0.0498315
129.41 1 0.771841
129.41 2 0.0498381
129.51 1 0.772176
129.51 2 0.0498474
129.61 1 0.772502
129.61 2 0.0498566
129.71 1 0.772804
129.71 2 0.0498633
129.81 1 0.773107
129.81 2 0.0498726
129.91 1 0.773411
129.91 2 0.0499173
130.01 1 0.772931
130.01 2 0.0499543
130.11 1 0.772631
130.11 2 0.0499227
130.21 1 0.772964
130.21 2 0.0499029
130.31 1 0.773296
130.31 2 0.0499118
130.41 1 0.773567
130.41 2 0.049928
130.51 1 0.77373
130.51 2 0.0500016
130.61 1 0.773266
130.61 2 0.0499761
130.71 1 0.772904
130.71 2 0.0499794
130.81 1 0.773206
130.81 2 0.0499528
130.91 1 0.773527
130.91 2 0.0499619
131.01 1 0.773858
131.01 2 0.049968
131.11 1 0.774146
131.11 2 0.0499739
131.21 1 0.774454
131.21 2 0.0500047
131.31 1 0.774562
131.31 2 0.0500516
131.41 1 0.774269
131.41 2 0.0500187
131.51 1 0.774598
131.51 2 0.0500277
131.61 1 0.774893
131.61 2 0.0500367
131.71 1 0.775174
131.71 2 0.050087
131.81 1 0.774641
131.81 2 0.0501085
131.91 1 0.774146
131.91 2 0.0500731
132.01 1 0.774442
132.01 2 0.0500411
132.11 1 0.774644
132.11 2 0.0501044
132.21 1 0.774259
132.21 2 0.0501202
132.31 1 0.774247
132.31 2 0.0500929
132.41 1 0.774604
132.41 2 0.0501199
132.51 1 0.774064
132.51 2 0.0501547
132.61 1 0.77439
132.61 2 0.050124
132.71 1 0.774684
132.71 2 0.05013
132.81 1 0.775009
132.81 2 0.0501389
132.91 1 0.775324
132.91 2 0.0501477
133.01 1 0.775645
133.01 2 0.0501565
133.11 1 0.775909
133.11 2 0.0501598
133.21 1 0.776233
133.21 2 0.0501929
133.31 1 0.776309
133.31 2 0.0502373
133.41 1 0.776078
133.41 2 0.0502076
133.51 1 0.7764
133.51 2 0.0502163
133.61 1 0.776691
133.61 2 0.0502223
133.71 1 0.777012
133.71 2 0.050231
133.81 1 0.777323
133.81 2 0.0502365
133.91 1 0.77761
133.91 2 0.0502399
134.01 1 0.777901
134.01 2 0.0502461
134.11 1 0.77822
134.11 2 0.0502548
134.21 1 0.778479
134.21 2 0.0502696
134.31 1 0.778668
134.31 2 0.0503483
134.41 1 0.778191
134.41 2 0.0503169
134.51 1 0.777827
134.51 2 0.0503188
134.61 1 0.778114
134.61 2 0.0502919
134.71 1 0.778393
134.71 2 0.0502995
134.81 1 0.778713
134.81 2 0.0503495
134.91 1 0.778246
134.91 2 0.0503749
135.01 1 0.778503
135.01 2 0.0503622
135.11 1 0.778615
135.11 2 0.0504206
135.21 1 0.778298
135.21 2 0.0503917
135.31 1 0.778303
135.31 2 0.0503813
135.41 1 0.778559
135.41 2 0.0503993
135.51 1 0.778719
135.51 2 0.050458
135.61 1 0.778373
135.61 2 0.0504237
135.71 1 0.778659
135.71 2 0.0504407
135.81 1 0.778808
135.81 2 0.0505024
135.91 1 0.778504
135.91 2 0.0504707
136.01 1 0.778697
136.01 2 0.0504735
136.11 1 0.779011
136.11 2 0.0504817
136.21 1 0.779324
136.21 2 0.05049
136.31 1 0.779598
136.31 2 0.050494
136.41 1 0.77991
136.41 2 0.0505014
136.51 1 0.780193
136.51 2 0.0505122
136.61 1 0.780376
136.61 2 0.0505696
136.71 1 0.779978
136.71 2 0.0505811
136.81 1 0.780259
136.81 2 0.0505519
136.91 1 0.78057
136.91 2 0.0505577
137.01 1 0.78088
137.01 2 0.0505657
137.11 1 0.781191
137.11 2 0.050574
137.21 1 0.781461
137.21 2 0.0505798
137.31 1 0.781741
137.31 2 0.050588
137.41 1 0.781794
137.41 2 0.0506458
137.51 1 0.781592
137.51 2 0.0506417
137.61 1 0.781892
137.61 2 0.0506271
137.71 1 0.782111
137.71 2 0.0506477
137.81 1 0.782268
137.81 2 0.0507165
137.91 1 0.781799
137.91 2 0.0506853
138.01 1 0.781468
138.01 2 0.0506524
138.11 1 0.781745
138.11 2 0.0506581
138.21 1 0.782052
138.21 2 0.0506662
138.31 1 0.782356
138.31 2 0.0506714
138.41 1 0.782605
138.41 2 0.0506771
138.51 1 0.782885
138.51 2 0.0507173
138.61 1 0.782418
138.61 2 0.0507457
138.71 1 0.782401
138.71 2 0.0507278
138.81 1 0.782706
138.81 2 0.0507161
138.91 1 0.782974
138.91 2 0.0507453
139.01 1 0.783035
139.01 2 0.0507888
139.11 1 0.782529
139.11 2 0.0507579
139.21 1 0.782215
139.21 2 0.050727
139.31 1 0.782519
139.31 2 0.0507325
139.41 1 0.782793
139.41 2 0.0507405
139.51 1 0.783096
139.51 2 0.0507459
139.61 1 0.783369
139.61 2 0.0507514
139.71 1 0.783663
139.71 2 0.050757
139.81 1 0.783965
139.81 2 0.0507621
139.91 1 0.784237
139.91 2 0.0507699
140.01 1 0.784448
140.01 2 0.0508219
140.11 1 0.784017
140.11 2 0.0508426
140.21 1 0.783972
140.21 2 0.0508154
140.31 1 0.784245
140.31 2 0.0508059
140.41 1 0.784491
140.41 2 0.0508512
140.51 1 0.784
140.51 2 0.0508768
140.61 1 0.78424
140.61 2 0.0508522
140.71 1 0.78454
140.71 2 0.0508575
140.81 1 0.78484
140.81 2 0.0508653
140.91 1 0.78513
140.91 2 0.0508731
141.01 1 0.785399
141.01 2 0.0508786
141.11 1 0.785697
141.11 2 0.0508833
141.21 1 0.785995
141.21 2 0.0508909
141.31 1 0.786253
141.31 2 0.0508961
141.41 1 0.786497
141.41 2 0.050941
141.51 1 0.786
141.51 2 0.0509638
141.61 1 0.785513
141.61 2 0.0509335
141.71 1 0.785801
141.71 2 0.050904
141.81 1 0.786098
141.81 2 0.0509117
141.91 1 0.786366
141.91 2 0.0509194
142.01 1 0.786643
142.01 2 0.0509603
142.11 1 0.786177
142.11 2 0.050988
142.21 1 0.786444
142.21 2 0.050966
142.31 1 0.786628
142.31 2 0.0510248
142.41 1 0.786265
142.41 2 0.0510274
142.51 1 0.78656
142.51 2 0.0510015
142.61 1 0.786788
142.61 2 0.0510115
142.71 1 0.786987
142.71 2 0.0510662
142.81 1 0.786609
142.81 2 0.0510782
142.91 1 0.786844
142.91 2 0.0510525
143.01 1 0.787101
143.01 2 0.0510572
143.11 1 0.78733
143.11 2 0.0511032
143.21 1 0.786891
143.21 2 0.0511226
143.31 1 0.787184
143.31 2 0.0510948
143.41 1 0.78744
143.41 2 0.0511024
143.51 1 0.787757
143.51 2 0.0511416
143.61 1 0.787289
143.61 2 0.0511728
143.71 1 0.787551
143.71 2 0.0511447
143.81 1 0.787806
143.81 2 0.0511498
143.91 1 0.788092
143.91 2 0.0511974
144.01 1 0.787627
144.01 2 0.0512194
144.11 1 0.787918
144.11 2 0.0511904
144.21 1 0.788197
144.21 2 0.0511979
144.31 1 0.78846
144.31 2 0.0512029
144.41 1 0.788749
144.41 2 0.0512076
144.51 1 0.788889
144.51 2 0.0512124
144.61 1 0.788402
144.61 2 0.0512128
144.71 1 0.78795
144.71 2 0.0511799
144.81 1 0.787543
144.81 2 0.0511493
144.91 1 0.787804
144.91 2 0.051122
145.01 1 0.788042
145.01 2 0.0511711
145.11 1 0.787618
145.11 2 0.0511888
145.21 1 0.787878
145.21 2 0.051161
145.31 1 0.788166
145.31 2 0.0511675
145.41 1 0.788398
145.41 2 0.0511878
145.51 1 0.788536
145.51 2 0.0512462
145.61 1 0.788223
145.61 2 0.0512162
145.71 1 0.788164
145.71 2 0.0512048
145.81 1 0.788413
145.81 2 0.0512119
145.91 1 0.7887
145.91 2 0.0512171
146.01 1 0.788986
146.01 2 0.0512244
146.11 1 0.789271
146.11 2 0.0512315
146.21 1 0.789528
146.21 2 0.0512365
146.31 1 0.789777
146.31 2 0.0512437
146.41 1 0.790019
146.41 2 0.0512927
146.51 1 0.789598
146.51 2 0.0513098
146.61 1 0.789882
146.61 2 0.0513101
146.71 1 0.789934
146.71 2 0.0513466
146.81 1 0.789694
146.81 2 0.0513173
146.91 1 0.789951
146.91 2 0.0513222
147.01 1 0.790234
147.01 2 0.0513294
147.11 1 0.790517
147.11 2 0.0513366
147.21 1 0.790763
147.21 2 0.0513437
147.31 1 0.791045
147.31 2 0.0513459
147.41 1 0.791326
147.41 2 0.0513528
147.51 1 0.791607
147.51 2 0.05136
147.61 1 0.791852
147.61 2 0.0513657
147.71 1 0.792132
147.71 2 0.0513692
147.81 1 0.792385
147.81 2 0.0513931
147.91 1 0.792259
147.91 2 0.051435
148.01 1 0.792232
148.01 2 0.0514067
148.11 1 0.792448
148.11 2 0.0514138
148.21 1 0.792727
148.21 2 0.0514408
148.31 1 0.792794
148.31 2 0.0514783
148.41 1 0.792574
148.41 2 0.0514504
148.51 1 0.792845
148.51 2 0.0514574
148.61 1 0.79312
148.61 2 0.0514644
148.71 1 0.793372
148.71 2 0.0514692
148.81 1 0.79365
148.81 2 0.051476
148.91 1 0.793927
148.91 2 0.051483
149.01 1 0.794167
149.01 2 0.0514898
149.11 1 0.794416
149.11 2 0.0514969
149.21 1 0.794605
149.21 2 0.0515507
149.31 1 0.794235
149.31 2 0.0515587
149.41 1 0.794503
149.41 2 0.0515305
149.51 1 0.794776
149.51 2 0.0515374
149.61 1 0.795017
149.61 2 0.0515394
149.71 1 0.795246
149.71 2 0.0515622
149.81 1 0.795184
149.81 2 0.0516046
149.91 1 0.794954
149.91 2 0.0515881
150.01 1 0.794789
150.01 2 0.0515651
150.11 1 0.795063
150.11 2 0.051572
150.21 1 0.795337
150.21 2 0.0515762
150.31 1 0.7956
150.31 2 0.0515808
150.41 1 0.79582
150.41 2 0.0515854
150.51 1 0.796093
150.51 2 0.0516188
150.61 1 0.795666
150.61 2 0.0516521
150.71 1 0.79593
150.71 2 0.051622
150.81 1 0.796202
150.81 2 0.0516262
150.91 1 0.796446
150.91 2 0.0516307
151.01 1 0.796717
151.01 2 0.0516375
151.11 1 0.796961
151.11 2 0.0516416
151.21 1 0.797192
151.21 2 0.0516866
151.31 1 0.796771
151.31 2 0.0517052
151.41 1 0.797014
151.41 2 0.0516771
151.51 1 0.797284
151.51 2 0.0516838
151.61 1 0.797546
151.61 2 0.0516906
151.71 1 0.797815
151.71 2 0.0516973
151.81 1 0.798057
151.81 2 0.0517016
151.91 1 0.798325
151.91 2 0.0517083
152.01 1 0.798567
152.01 2 0.0517308
152.11 1 0.798654
152.11 2 0.0517718
152.21 1 0.79835
152.21 2 0.05175
152.31 1 0.798459
152.31 2 0.0517998
152.41 1 0.798131
152.41 2 0.0517986
152.51 1 0.798399
152.51 2 0.0517748
152.61 1 0.798666
152.61 2 0.0517814
152.71 1 0.798933
152.71 2 0.0517879
152.81 1 0.799172
152.81 2 0.0517931
152.91 1 0.79943
152.91 2 0.0517989
153.01 1 0.799696
153.01 2 0.0518055
153.11 1 0.799962
153.11 2 0.051812
153.21 1 0.800199
153.21 2 0.0518138
153.31 1 0.800438
153.31 2 0.0518204
153.41 1 0.800721
153.41 2 0.0518582
153.51 1 0.800272
153.51 2 0.0518854
153.61 1 0.800536
153.61 2 0.0518584
153.71 1 0.800773
153.71 2 0.0518635
153.81 1 0.801029
153.81 2 0.0518692
153.91 1 0.801292
153.91 2 0.0518731
154.01 1 0.801555
154.01 2 0.0518796
154.11 1 0.80179
154.11 2 0.0518839
154.21 1 0.802026
154.21 2 0.0518904
154.31 1 0.802207
154.31 2 0.051938
154.41 1 0.801833
154.41 2 0.0519482
154.51 1 0.802095
154.51 2 0.0519239
154.61 1 0.802329
154.61 2 0.0519276
154.71 1 0.802583
154.71 2 0.051932
154.81 1 0.802843
154.81 2 0.0519359
154.91 1 0.803104
154.91 2 0.0519423
155.01 1 0.803336
155.01 2 0.0519464
155.11 1 0.803596
155.11 2 0.0519528
155.21 1 0.803848
155.21 2 0.0519591
155.31 1 0.804107
155.31 2 0.051963
155.41 1 0.804313
155.41 2 0.0519672
155.51 1 0.804546
155.51 2 0.052014
155.61 1 0.804075
155.61 2 0.0520254
155.71 1 0.803626
155.71 2 0.0519941
155.81 1 0.803164
155.81 2 0.0519618
155.91 1 0.802702
155.91 2 0.0519308
156.01 1 0.802935
156.01 2 0.0519087
156.11 1 0.803097
156.11 2 0.0519612
156.21 1 0.802776
156.21 2 0.0519339
156.31 1 0.803034
156.31 2 0.0519402
156.41 1 0.803258
156.41 2 0.0519464
156.51 1 0.803515
156.51 2 0.0519508
156.61 1 0.803772
156.61 2 0.051957
156.71 1 0.804029
156.71 2 0.0519633
156.81 1 0.804251
156.81 2 0.0519674
156.91 1 0.804507
156.91 2 0.0519738
157.01 1 0.804737
157.01 2 0.0519792
157.11 1 0.804927
157.11 2 0.0520301
157.21 1 0.804552
157.21 2 0.0520407
157.31 1 0.80477
157.31 2 0.0520536
157.41 1 0.804357
157.41 2 0.0520687
157.51 1 0.804581
157.51 2 0.0520413
157.61 1 0.804791
157.61 2 0.0520674
157.71 1 0.804853
157.71 2 0.0521142
157.81 1 0.804469
157.81 2 0.0520882
157.91 1 0.804237
157.91 2 0.0520715
158.01 1 0.804367
158.01 2 0.0521194
158.11 1 0.804046
158.11 2 0.0520888
158.21 1 0.8043
158.21 2 0.052095
158.31 1 0.804476
158.31 2 0.0520989
158.41 1 0.804712
158.41 2 0.0521415
158.51 1 0.80431
158.51 2 0.0521592
158.61 1 0.804538
158.61 2 0.0521333
158.71 1 0.804791
158.71 2 0.0521627
158.81 1 0.804812
158.81 2 0.052195
158.91 1 0.804356
158.91 2 0.052167
159.01 1 0.804087
159.01 2 0.0521476
159.11 1 0.804198
159.11 2 0.0521934
159.21 1 0.803846
159.21 2 0.0521651
159.31 1 0.804095
159.31 2 0.0522056
159.41 1 0.803689
159.41 2 0.052225
159.51 1 0.803941
159.51 2 0.0521989
159.61 1 0.804186
159.61 2 0.052205
159.71 1 0.804435
159.71 2 0.052211
159.81 1 0.804663
159.81 2 0.052215
159.91 1 0.804914
159.91 2 0.052221
160.01 1 0.805139
160.01 2 0.0522307
160.11 1 0.805272
160.11 2 0.05228
160.21 1 0.804873
160.21 2 0.0522837
160.31 1 0.805148
160.31 2 0.0522873
160.41 1 0.804691
160.41 2 0.0523152
160.51 1 0.804934
160.51 2 0.0522879
160.61 1 0.805159
160.61 2 0.0522938
160.71 1 0.805361
160.71 2 0.0523311
160.81 1 0.804975
160.81 2 0.0523491
160.91 1 0.805191
160.91 2 0.0523205
161.01 1 0.80544
161.01 2 0.0523265
161.11 1 0.805639
161.11 2 0.0523375
161.21 1 0.805788
161.21 2 0.0523963
161.31 1 0.805402
161.31 2 0.0523689
161.41 1 0.80521
161.41 2 0.0523812
161.51 1 0.804815
161.51 2 0.0523786
161.61 1 0.805064
161.61 2 0.0523529
161.71 1 0.805305
161.71 2 0.0523588
161.81 1 0.805552
161.81 2 0.0523647
161.91 1 0.805774
161.91 2 0.0523658
162.01 1 0.805996
162.01 2 0.0523777
162.11 1 0.80613
162.11 2 0.0524274
162.21 1 0.805782
162.21 2 0.0523974
162.31 1 0.806028
162.31 2 0.0523986
162.41 1 0.806224
162.41 2 0.0524024
162.51 1 0.806494
162.51 2 0.0524329
162.61 1 0.806428
162.61 2 0.052456
162.71 1 0.806257
162.71 2 0.0524333
162.81 1 0.80646
162.81 2 0.0524737
162.91 1 0.806094
162.91 2 0.0524762
163.01 1 0.806337
163.01 2 0.0524653
163.11 1 0.806558
163.11 2 0.052469
163.21 1 0.806803
163.21 2 0.0524747
163.31 1 0.807022
163.31 2 0.0524805
163.41 1 0.807233
163.41 2 0.0524841
163.51 1 0.807477
163.51 2 0.0524878
163.61 1 0.807721
163.61 2 0.0524911
163.71 1 0.807964
163.71 2 0.0524967
163.81 1 0.808181
163.81 2 0.0525012
163.91 1 0.808393
163.91 2 0.0525148
164.01 1 0.808532
164.01 2 0.0525607
164.11 1 0.808235
164.11 2 0.0525321
164.21 1 0.808477
164.21 2 0.0525378
164.31 1 0.808687
164.31 2 0.0525435
164.41 1 0.808904
164.41 2 0.0525541
164.51 1 0.809049
164.51 2 0.0526042
164.61 1 0.808697
164.61 2 0.0525756
164.71 1 0.80887
164.71 2 0.0526292
164.81 1 0.808513
164.81 2 0.0526416
164.91 1 0.808208
164.91 2 0.0526165
165.01 1 0.808425
165.01 2 0.0526042
165.11 1 0.808491
165.11 2 0.0526497
165.21 1 0.808262
165.21 2 0.0526212
165.31 1 0.808502
165.31 2 0.0526268
165.41 1 0.808693
165.41 2 0.0526401
165.51 1 0.808817
165.51 2 0.052687
165.61 1 0.808481
165.61 2 0.0526567
165.71 1 0.808646
165.71 2 0.0527033
165.81 1 0.808325
165.81 2 0.0527107
165.91 1 0.808509
165.91 2 0.0526924
166.01 1 0.808667
166.01 2 0.0527452
166.11 1 0.808375
166.11 2 0.0527512
166.21 1 0.808225
166.21 2 0.0527263
166.31 1 0.808458
166.31 2 0.052715
166.41 1 0.80869
166.41 2 0.0527205
166.51 1 0.808911
166.51 2 0.0527454
166.61 1 0.808975
166.61 2 0.0527799
166.71 1 0.808723
166.71 2 0.0527526
166.81 1 0.808961
166.81 2 0.052755
166.91 1 0.809199
166.91 2 0.0527604
167.01 1 0.809413
167.01 2 0.0527659
167.11 1 0.809605
167.11 2 0.0527987
167.21 1 0.809225
167.21 2 0.0528264
167.31 1 0.809268
167.31 2 0.0528031
167.41 1 0.80948
167.41 2 0.0527949
167.51 1 0.809692
167.51 2 0.0528165
167.61 1 0.809786
167.61 2 0.0528548
167.71 1 0.80953
167.71 2 0.0528281
167.81 1 0.809766
167.81 2 0.0528334
167.91 1 0.809977
167.91 2 0.0528375
168.01 1 0.810206
168.01 2 0.0528421
168.11 1 0.810442
168.11 2 0.0528475
168.21 1 0.810677
168.21 2 0.0528529
168.31 1 0.810887
168.31 2 0.0528562
168.41 1 0.811097
168.41 2 0.0528616
168.51 1 0.811325
168.51 2 0.0528807
168.61 1 0.811402
168.61 2 0.0529148
168.71 1 0.811144
168.71 2 0.0528889
168.81 1 0.811325
168.81 2 0.0529311
168.91 1 0.810933
168.91 2 0.0529448
169.01 1 0.811166
169.01 2 0.0529186
169.11 1 0.8114
169.11 2 0.0529238
169.21 1 0.811633
169.21 2 0.0529291
169.31 1 0.811835
169.31 2 0.0529331
169.41 1 0.812043
169.41 2 0.0529457
169.51 1 0.812153
169.51 2 0.0529937
169.61 1 0.811863
169.61 2 0.0529666
169.71 1 0.812087
169.71 2 0.0529719
169.81 1 0.812294
169.81 2 0.052977
169.91 1 0.812526
169.91 2 0.0529804
170.01 1 0.812757
170.01 2 0.0529832
170.11 1 0.812965
170.11 2 0.0529861
170.21 1 0.813162
170.21 2 0.0530161
170.31 1 0.812729
170.31 2 0.0530494
170.41 1 0.812836
170.41 2 0.0530248
170.51 1 0.812715
170.51 2 0.0530143
170.61 1 0.812816
170.61 2 0.0530562
170.71 1 0.81255
170.71 2 0.0530304
170.81 1 0.812734
170.81 2 0.0530336
170.91 1 0.812964
170.91 2 0.0530607
171.01 1 0.813001
171.01 2 0.0530895
171.11 1 0.812801
171.11 2 0.0530641
171.21 1 0.813031
171.21 2 0.0530693
171.31 1 0.813212
171.31 2 0.0530724
171.41 1 0.813435
171.41 2 0.0531032
171.51 1 0.813047
171.51 2 0.0531309
171.61 1 0.813017
171.61 2 0.0531078
171.71 1 0.813246
171.71 2 0.0530993
171.81 1 0.813444
171.81 2 0.0531044
171.91 1 0.813647
171.91 2 0.0531074
172.01 1 0.813876
172.01 2 0.0531107
172.11 1 0.81408
172.11 2 0.0531157
172.21 1 0.814268
172.21 2 0.0531558
172.31 1 0.813893
172.31 2 0.0531703
172.41 1 0.814096
172.41 2 0.0531463
172.51 1 0.814324
172.51 2 0.0531493
172.61 1 0.81455
172.61 2 0.0531544
172.71 1 0.814747
172.71 2 0.0531594
172.81 1 0.814971
172.81 2 0.0531902
172.91 1 0.814565
172.91 2 0.0532141
173.01 1 0.814769
173.01 2 0.0531878
173.11 1 0.814919
173.11 2 0.0531928
173.21 1 0.815099
173.21 2 0.0532431
173.31 1 0.814723
173.31 2 0.0532611
173.41 1 0.81438
173.41 2 0.0532384
173.51 1 0.814597
173.51 2 0.0532165
173.61 1 0.814777
173.61 2 0.0532195
173.71 1 0.814981
173.71 2 0.0532622
173.81 1 0.814598
173.81 2 0.0532754
173.91 1 0.814816
173.91 2 0.0532496
174.01 1 0.815041
174.01 2 0.0532546
174.11 1 0.815242
174.11 2 0.0532576
174.21 1 0.815443
174.21 2 0.0532603
174.31 1 0.815609
174.31 2 0.0533042
174.41 1 0.815234
174.41 2 0.053314
174.51 1 0.815451
174.51 2 0.0533176
174.61 1 0.815055
174.61 2 0.0533462
174.71 1 0.814976
174.71 2 0.0533221
174.81 1 0.815169
174.81 2 0.0533113
174.91 1 0.815393
174.91 2 0.0533144
175.01 1 0.815616
175.01 2 0.0533192
175.11 1 0.815839
175.11 2 0.0533241
175.21 1 0.816031
175.21 2 0.0533271
175.31 1 0.816254
175.31 2 0.0533319
175.41 1 0.816476
175.41 2 0.0533345
175.51 1 0.816675
175.51 2 0.053346
175.61 1 0.816778
175.61 2 0.0533906
175.71 1 0.816488
175.71 2 0.0533652
175.81 1 0.816686
175.81 2 0.0533663
175.91 1 0.816907
175.91 2 0.0533711
176.01 1 0.817128
176.01 2 0.0533759
176.11 1 0.817296
176.11 2 0.0533788
176.21 1 0.81751
176.21 2 0.0534038
176.31 1 0.81753
176.31 2 0.053434
176.41 1 0.817158
176.41 2 0.0534095
176.51 1 0.816883
176.51 2 0.0533826
176.61 1 0.817077
176.61 2 0.0534204
176.71 1 0.816727
176.71 2 0.0534357
176.81 1 0.816947
176.81 2 0.053413
176.91 1 0.817137
176.91 2 0.0534159
177.01 1 0.817334
177.01 2 0.0534207
177.11 1 0.817553
177.11 2 0.0534466
177.21 1 0.817572
177.21 2 0.0534735
177.31 1 0.817366
177.31 2 0.0534486
177.41 1 0.817561
177.41 2 0.0534515
177.51 1 0.81778
177.51 2 0.0534562
177.61 1 0.817999
177.61 2 0.0534609
177.71 1 0.818211
177.71 2 0.0534656
177.81 1 0.818405
177.81 2 0.0534684
177.91 1 0.818601
177.91 2 0.0534731
178.01 1 0.818835
178.01 2 0.0535044
178.11 1 0.818415
178.11 2 0.0535252
178.21 1 0.818633
178.21 2 0.0534995
178.31 1 0.818826
178.31 2 0.0535023
178.41 1 0.819043
178.41 2 0.053507
178.51 1 0.81926
178.51 2 0.0535117
178.61 1 0.81947
178.61 2 0.0535141
178.71 1 0.819663
178.71 2 0.0535169
178.81 1 0.819879
178.81 2 0.0535216
178.91 1 0.820095
178.91 2 0.0535262
179.01 1 0.820288
179.01 2 0.053533
179.11 1 0.820428
179.11 2 0.0535763
179.21 1 0.820101
179.21 2 0.0535818
179.31 1 0.820316
179.31 2 0.0535588
179.41 1 0.820508
179.41 2 0.0535644
179.51 1 0.820644
179.51 2 0.0536095
179.61 1 0.8203
179.61 2 0.0536131
179.71 1 0.820419
179.71 2 0.0536105
179.81 1 0.820031
179.81 2 0.0536021
179.91 1 0.819929
179.91 2 0.0535775
180.01 1 0.819642
180.01 2 0.0535776
180.11 1 0.819833
180.11 2 0.0535552
180.21 1 0.820024
180.21 2 0.0535677
180.31 1 0.82013
180.31 2 0.0536084
180.41 1 0.819862
180.41 2 0.0535819
180.51 1 0.820076
180.51 2 0.0535865
180.61 1 0.820244
180.61 2 0.0535911
180.71 1 0.820452
180.71 2 0.0536142
180.81 1 0.820498
180.81 2 0.0536431
180.91 1 0.820251
180.91 2 0.0536153
181.01 1 0.820464
181.01 2 0.0536403
181.11 1 0.820504
181.11 2 0.0536691
181.21 1 0.820279
181.21 2 0.0536436
181.31 1 0.820469
181.31 2 0.0536463
181.41 1 0.820681
181.41 2 0.0536508
181.51 1 0.820849
181.51 2 0.0536531
181.61 1 0.821019
181.61 2 0.0536948
181.71 1 0.820709
181.71 2 0.053711
181.81 1 0.820474
181.81 2 0.0536886
181.91 1 0.82068
181.91 2 0.0536896
182.01 1 0.820736
182.01 2 0.0537194
182.11 1 0.820525
182.11 2 0.053695
182.21 1 0.820736
182.21 2 0.0536973
182.31 1 0.820902
182.31 2 0.0536999
182.41 1 0.821107
182.41 2 0.0537278
182.51 1 0.820741
182.51 2 0.0537531
182.61 1 0.820952
182.61 2 0.0537289
182.71 1 0.821162
182.71 2 0.0537333
182.81 1 0.821344
182.81 2 0.0537344
182.91 1 0.821554
182.91 2 0.053736
183.01 1 0.82172
183.01 2 0.0537553
183.11 1 0.821783
183.11 2 0.0537891
183.21 1 0.821557
183.21 2 0.0537656
183.31 1 0.821656
183.31 2 0.0537649
183.41 1 0.821885
183.41 2 0.0537901
183.51 1 0.8215
183.51 2 0.0538111
183.61 1 0.821682
183.61 2 0.0537911
183.71 1 0.821855
183.71 2 0.0538298
183.81 1 0.821505
183.81 2 0.0538419
183.91 1 0.821691
183.91 2 0.0538169
184.01 1 0.82185
184.01 2 0.0538275
184.11 1 0.821976
184.11 2 0.0538793
184.21 1 0.821641
184.21 2 0.053854
184.31 1 0.821419
184.31 2 0.0538552
184.41 1 0.821621
184.41 2 0.0538374
184.51 1 0.821807
184.51 2 0.0538399
184.61 1 0.82197
184.61 2 0.0538441
184.71 1 0.822111
184.71 2 0.0538755
184.81 1 0.821788
184.81 2 0.0538881
184.91 1 0.821996
184.91 2 0.0538673
185.01 1 0.822197
185.01 2 0.0538716
185.11 1 0.822387
185.11 2 0.053893
185.21 1 0.822439
185.21 2 0.0539239
185.31 1 0.822184
185.31 2 0.053897
185.41 1 0.822369
185.41 2 0.0539058
185.51 1 0.8225
185.51 2 0.0539478
185.61 1 0.822193
185.61 2 0.0539513
185.71 1 0.82235
185.71 2 0.0539283
185.81 1 0.822512
185.81 2 0.0539505
185.91 1 0.822574
185.91 2 0.0539846
186.01 1 0.822276
186.01 2 0.0539619
186.11 1 0.822209
186.11 2 0.0539614
186.21 1 0.822283
186.21 2 0.053996
186.31 1 0.822056
186.31 2 0.053972
186.41 1 0.822239
186.41 2 0.0539762
186.51 1 0.822417
186.51 2 0.0539786
186.61 1 0.822644
186.61 2 0.0540085
186.71 1 0.822242
186.71 2 0.0540303
186.81 1 0.822447
186.81 2 0.0540249
186.91 1 0.822274
186.91 2 0.0540516
187.01 1 0.822267
187.01 2 0.0540266
187.11 1 0.822428
187.11 2 0.0540289
187.21 1 0.82261
187.21 2 0.0540479
187.31 1 0.822654
187.31 2 0.0540767
187.41 1 0.822451
187.41 2 0.0540528
187.51 1 0.822634
187.51 2 0.0540562
187.61 1 0.822786
187.61 2 0.0540976
187.71 1 0.822473
187.71 2 0.0541064
187.81 1 0.822657
187.81 2 0.0540806
187.91 1 0.822839
187.91 2 0.0540923
188.01 1 0.822908
188.01 2 0.0541315
188.11 1 0.822686
188.11 2 0.0541057
188.21 1 0.822884
188.21 2 0.0541077
188.31 1 0.823065
188.31 2 0.05411
188.41 1 0.823269
188.41 2 0.054112
188.51 1 0.82345
188.51 2 0.0541161
188.61 1 0.82359
188.61 2 0.0541515
188.71 1 0.82329
188.71 2 0.0541594
188.81 1 0.82347
188.81 2 0.0541373
188.91 1 0.82363
188.91 2 0.0541453
189.01 1 0.823752
189.01 2 0.0541961
189.11 1 0.823382
189.11 2 0.0541976
189.21 1 0.823093
189.21 2 0.0541732
189.31 1 0.823305
189.31 2 0.0541776
189.41 1 0.822935
189.41 2 0.0541915
189.51 1 0.823137
189.51 2 0.054174
189.61 1 0.823318
189.61 2 0.0541869
189.71 1 0.823401
189.71 2 0.054225
189.81 1 0.823138
189.81 2 0.054201
189.91 1 0.82334
189.91 2 0.0542034
190.01 1 0.82352
190.01 2 0.05422
190.11 1 0.823586
190.11 2 0.0542542
190.21 1 0.82332
190.21 2 0.0542294
190.31 1 0.823491
190.31 2 0.0542586
190.41 1 0.823145
190.41 2 0.0542759
190.51 1 0.823234
190.51 2 0.0542544
190.61 1 0.823435
190.61 2 0.0542541
190.71 1 0.823613
190.71 2 0.054258
190.81 1 0.823814
190.81 2 0.0542603
190.91 1 0.824014
190.91 2 0.0542643
191.01 1 0.824208
191.01 2 0.0542683
191.11 1 0.824386
191.11 2 0.0542721
191.21 1 0.824564
191.21 2 0.0542897
191.31 1 0.824639
191.31 2 0.0543215
191.41 1 0.824385
191.41 2 0.0542962
191.51 1 0.824585
191.51 2 0.0542981
191.61 1 0.824762
191.61 2 0.0542999
191.71 1 0.82496
191.71 2 0.0543021
191.81 1 0.825138
191.81 2 0.0543053
191.91 1 0.82528
191.91 2 0.0543447
192.01 1 0.82498
192.01 2 0.0543335
192.11 1 0.825177
192.11 2 0.0543302
192.21 1 0.825355
192.21 2 0.0543303
192.31 1 0.825526
192.31 2 0.0543342
192.41 1 0.825745
192.41 2 0.054363
192.51 1 0.825374
192.51 2 0.0543818
192.61 1 0.825571
192.61 2 0.0543583
192.71 1 0.825741
192.71 2 0.0543584
192.81 1 0.825939
192.81 2 0.0543623
192.91 1 0.826135
192.91 2 0.0543662
193.01 1 0.826309
193.01 2 0.0543814
193.11 1 0.826381
193.11 2 0.054416
193.21 1 0.826111
193.21 2 0.0543968
193.31 1 0.82623
193.31 2 0.0544385
193.41 1 0.825958
193.41 2 0.0544132
193.51 1 0.826113
193.51 2 0.054413
193.61 1 0.826304
193.61 2 0.0544372
193.71 1 0.826346
193.71 2 0.0544704
193.81 1 0.826151
193.81 2 0.0544488
193.91 1 0.826347
193.91 2 0.054449
194.01 1 0.826537
194.01 2 0.0544528
194.11 1 0.826732
194.11 2 0.0544566
194.21 1 0.826906
194.21 2 0.0544587
194.31 1 0.827101
194.31 2 0.0544624
194.41 1 0.827296
194.41 2 0.0544662
194.51 1 0.827443
194.51 2 0.0544797
194.61 1 0.827524
194.61 2 0.0545216
194.71 1 0.827231
194.71 2 0.0544974
194.81 1 0.827089
194.81 2 0.054482
194.91 1 0.827278
194.91 2 0.0544858
195.01 1 0.827449
195.01 2 0.0545019
195.11 1 0.8275
195.11 2 0.054536
195.21 1 0.827257
195.21 2 0.0545119
195.31 1 0.827423
195.31 2 0.0545145
195.41 1 0.827576
195.41 2 0.0545282
195.51 1 0.827655
195.51 2 0.0545677
195.61 1 0.827412
195.61 2 0.0545462
195.71 1 0.827381
195.71 2 0.0545371
195.81 1 0.827555
195.81 2 0.0545391
195.91 1 0.827727
195.91 2 0.0545428
196.01 1 0.827876
196.01 2 0.05458
196.11 1 0.827529
196.11 2 0.0545899
196.21 1 0.827722
196.21 2 0.054589
196.31 1 0.827753
196.31 2 0.0546126
196.41 1 0.827528
196.41 2 0.0545883
196.51 1 0.827715
196.51 2 0.0545904
196.61 1 0.827908
196.61 2 0.0545941
196.71 1 0.828079
196.71 2 0.0545997
196.81 1 0.828069
196.81 2 0.0546362
196.91 1 0.827881
196.91 2 0.0546322
197.01 1 0.828073
197.01 2 0.0546172
197.11 1 0.828264
197.11 2 0.0546209
197.21 1 0.828435
197.21 2 0.0546225
197.31 1 0.82862
197.31 2 0.05465
197.41 1 0.828256
197.41 2 0.0546692
197.51 1 0.828428
197.51 2 0.0546452
197.61 1 0.828619
197.61 2 0.0546468
197.71 1 0.828789
197.71 2 0.0546505
197.81 1 0.828974
197.81 2 0.0546757
197.91 1 0.828631
197.91 2 0.0546881
198.01 1 0.8288
198.01 2 0.0546693
198.11 1 0.82899
198.11 2 0.0546709
198.21 1 0.829175
198.21 2 0.0546745
198.31 1 0.829345
198.31 2 0.0546782
198.41 1 0.829532
198.41 2 0.0547013
198.51 1 0.829152
198.51 2 0.0547246
198.61 1 0.829316
198.61 2 0.0547006
198.71 1 0.829524
198.71 2 0.054727
198.81 1 0.829165
198.81 2 0.0547487
198.91 1 0.829314
198.91 2 0.0547365
199.01 1 0.829381
199.01 2 0.0547748
199.11 1 0.829115
199.11 2 0.0547527
199.21 1 0.82904
199.21 2 0.0547414
199.31 1 0.829229
199.31 2 0.0547414
199.41 1 0.829412
199.41 2 0.054745
199.51 1 0.829561
199.51 2 0.054754
199.61 1 0.829673
199.61 2 0.054794
199.71 1 0.829389
199.71 2 0.0547709
199.81 1 0.829367
199.81 2 0.0547737
199.91 1 0.829516
199.91 2 0.0547656
200.01 1 0.829678
200.01 2 0.0547983
200.11 1 0.829335
200.11 2 0.0548138
200.21 1 0.829335
200.21 2 0.054795
200.31 1 0.829335
200.31 2 0.054795
200.41 1 0.829335
200.41 2 0.054795
200.51 1 0.829335
200.51 2 0.054795
200.61 1 0.829335
200.61 2 0.054795
200.71 1 0.829335
200.71 2 0.054795
200.81 1 0.829335
200.81 2 0.054795
200.91 1 0.829335
200.91 2 0.054795
