0.010001 1 -0
0.110001 1 0.00820529
0.110001 2 -0
0.210001 1 0.303211
0.210001 2 0.00820529
0.310001 1 0.382716
0.310001 2 0.0129746
0.410001 1 0.498214
0.410001 2 0.0238904
0.510001 1 0.540297
0.510001 2 0.0308043
0.610001 1 0.574769
0.610001 2 0.0266998
0.710001 1 0.621165
0.710001 2 0.0280129
0.810001 1 0.640532
0.810001 2 0.0339657
0.910001 1 0.587059
0.910001 2 0.0369609
1.01 1 0.567259
1.01 2 0.0334784
1.11 1 0.589575
1.11 2 0.036623
1.21 1 0.567183
1.21 2 0.0375179
1.31 1 0.572701
1.31 2 0.0357696
1.41 1 0.600018
1.41 2 0.0349798
1.51 1 0.627416
1.51 2 0.0353375
1.61 1 0.650719
1.61 2 0.0384052
1.71 1 0.650851
1.71 2 0.0380555
1.81 1 0.659342
1.81 2 0.0398386
1.91 1 0.645196
1.91 2 0.039902
2.01 1 0.663462
2.01 2 0.038609
2.11 1 0.679964
2.11 2 0.0396368
2.21 1 0.679464
2.21 2 0.0410957
2.31 1 0.677689
2.31 2 0.0401093
2.41 1 0.683372
2.41 2 0.0396807
2.51 1 0.680388
2.51 2 0.0413748
2.61 1 0.673627
2.61 2 0.0400259
2.71 1 0.677131
2.71 2 0.0421052
2.81 1 0.659614
2.81 2 0.0425563
2.91 1 0.652616
2.91 2 0.0413923
3.01 1 0.671056
3.01 2 0.0412762
3.11 1 0.667372
3.11 2 0.0424901
3.21 1 0.651233
3.21 2 0.0416789
3.31 1 0.66496
3.31 2 0.0411336
3.41 1 0.664716
3.41 2 0.0425593
3.51 1 0.665262
3.51 2 0.0416874
3.61 1 0.673932
3.61 2 0.0416874
3.71 1 0.673932
3.71 2 0.0416874
3.81 1 0.639472
3.81 2 0.0416874
3.91 1 0.639472
3.91 2 0.0416874
4.01 1 0.639472
4.01 2 0.0416874
4.11 1 0.639472
4.11 2 0.0416874
4.21 1 0.579158
4.21 2 0.0416874
4.31 1 0.579158
4.31 2 0.0416874
4.41 1 0.579158
4.41 2 0.0416874
4.51 1 0.579158
4.51 2 0.0416874
4.61 1 0.579158
4.61 2 0.0416874
4.71 1 0.579158
4.71 2 0.0416874
4.81 1 0.579158
4.81 2 0.0416874
4.91 1 0.579158
4.91 2 0.0416874
5.01 1 0.486646
5.01 2 0.0416874
5.11 1 0.486646
5.11 2 0.0416874
5.21 1 0.486646
5.21 2 0.0416874
5.31 1 0.486646
5.31 2 0.0416874
5.41 1 0.486646
5.41 2 0.0416874
5.51 1 0.486646
5.51 2 0.0416874
5.61 1 0.486646
5.61 2 0.0416874
5.71 1 0.486646
5.71 2 0.0416874
5.81 1 0.486646
5.81 2 0.0416874
5.91 1 0.486646
5.91 2 0.0416874
6.01 1 0.486646
6.01 2 0.0416874
6.11 1 0.486646
6.11 2 0.0416874
6.21 1 0.486646
6.21 2 0.0416874
6.31 1 0.486646
6.31 2 0.0416874
6.41 1 0.486646
6.41 2 0.0416874
6.51 1 0.486646
6.51 2 0.0416874
6.61 1 0.368583
6.61 2 0.0416874
6.71 1 0.368583
6.71 2 0.0416874
6.81 1 0.368583
6.81 2 0.0416874
6.91 1 0.368583
6.91 2 0.0416874
7.01 1 0.368583
7.01 2 0.0416874
7.11 1 0.368583
7.11 2 0.0416874
7.21 1 0.368583
7.21 2 0.0416874
7.31 1 0.368583
7.31 2 0.0416874
7.41 1 0.368583
7.41 2 0.0416874
7.51 1 0.368583
7.51 2 0.0416874
7.61 1 0.368583
7.61 2 0.0416874
7.71 1 0.368583
7.71 2 0.0416874
7.81 1 0.368583
7.81 2 0.0416874
7.91 1 0.368583
7.91 2 0.0416874
8.01 1 0.368583
8.01 2 0.0416874
8.11 1 0.368583
8.11 2 0.0416874
8.21 1 0.368583
8.21 2 0.0416874
8.31 1 0.368583
8.31 2 0.0416874
8.41 1 0.368583
8.41 2 0.0416874
8.51 1 0.368583
8.51 2 0.0416874
8.61 1 0.368583
8.61 2 0.0416874
8.71 1 0.368583
8.71 2 0.0416874
8.81 1 0.368583
8.81 2 0.0416874
8.91 1 0.368583
8.91 2 0.0416874
9.01 1 0.368583
9.01 2 0.0416874
9.11 1 0.368583
9.11 2 0.0416874
9.21 1 0.368583
9.21 2 0.0416874
9.31 1 0.368583
9.31 2 0.0416874
9.41 1 0.368583
9.41 2 0.0416874
9.51 1 0.368583
9.51 2 0.0416874
9.61 1 0.368583
9.61 2 0.0416874
9.71 1 0.368583
9.71 2 0.0416874
9.81 1 0.248157
9.81 2 0.0416874
9.91 1 0.248157
9.91 2 0.0416874
10.01 1 0.248157
10.01 2 0.0416874
10.11 1 0.248157
10.11 2 0.0416874
10.21 1 0.248157
10.21 2 0.0416874
10.31 1 0.248157
10.31 2 0.0416874
10.41 1 0.248157
10.41 2 0.0416874
10.51 1 0.248157
10.51 2 0.0416874
10.61 1 0.248157
10.61 2 0.0416874
10.71 1 0.248157
10.71 2 0.0416874
10.81 1 0.248157
10.81 2 0.0416874
10.91 1 0.248157
10.91 2 0.0416874
11.01 1 0.248157
11.01 2 0.0416874
11.11 1 0.248157
11.11 2 0.0416874
11.21 1 0.248157
11.21 2 0.0416874
11.31 1 0.248157
11.31 2 0.0416874
11.41 1 0.248157
11.41 2 0.0416874
11.51 1 0.248157
11.51 2 0.0416874
11.61 1 0.248157
11.61 2 0.0416874
11.71 1 0.248157
11.71 2 0.0416874
11.81 1 0.248157
11.81 2 0.0416874
11.91 1 0.248157
11.91 2 0.0416874
12.01 1 0.248157
12.01 2 0.0416874
12.11 1 0.248157
12.11 2 0.0416874
12.21 1 0.248157
12.21 2 0.0416874
12.31 1 0.248157
12.31 2 0.0416874
12.41 1 0.248157
12.41 2 0.0416874
12.51 1 0.248157
12.51 2 0.0416874
12.61 1 0.248157
12.61 2 0.0416874
12.71 1 0.248157
12.71 2 0.0416874
12.81 1 0.248157
12.81 2 0.0416874
12.91 1 0.248157
12.91 2 0.0416874
13.01 1 0.248157
13.01 2 0.0416874
13.11 1 0.248157
13.11 2 0.0416874
13.21 1 0.248157
13.21 2 0.0416874
13.31 1 0.248157
13.31 2 0.0416874
13.41 1 0.248157
13.41 2 0.0416874
13.51 1 0.248157
13.51 2 0.0416874
13.61 1 0.248157
13.61 2 0.0416874
13.71 1 0.248157
13.71 2 0.0416874
13.81 1 0.248157
13.81 2 0.0416874
13.91 1 0.248157
13.91 2 0.0416874
14.01 1 0.248157
14.01 2 0.0416874
14.11 1 0.248157
14.11 2 0.0416874
14.21 1 0.248157
14.21 2 0.0416874
14.31 1 0.248157
14.31 2 0.0416874
14.41 1 0.248157
14.41 2 0.0416874
14.51 1 0.248157
14.51 2 0.0416874
14.61 1 0.248157
14.61 2 0.0416874
14.71 1 0.248157
14.71 2 0.0416874
14.81 1 0.248157
14.81 2 0.0416874
14.91 1 0.248157
14.91 2 0.0416874
15.01 1 0.248157
15.01 2 0.0416874
15.11 1 0.248157
15.11 2 0.0416874
15.21 1 0.248157
15.21 2 0.0416874
15.31 1 0.248157
15.31 2 0.0416874
15.41 1 0.248157
15.41 2 0.0416874
15.51 1 0.248157
15.51 2 0.0416874
15.61 1 0.248157
15.61 2 0.0416874
15.71 1 0.248157
15.71 2 0.0416874
15.81 1 0.248157
15.81 2 0.0416874
15.91 1 0.248157
15.91 2 0.0416874
16.01 1 0.248157
16.01 2 0.0416874
16.11 1 0.248157
16.11 2 0.0416874
16.21 1 0.248157
16.21 2 0.0416874
16.31 1 0.248157
16.31 2 0.0416874
16.41 1 0.248157
16.41 2 0.0416874
16.51 1 0.248157
16.51 2 0.0416874
16.61 1 0.248157
16.61 2 0.0416874
16.71 1 0.248157
16.71 2 0.0416874
16.81 1 0.248157
16.81 2 0.0416874
16.91 1 0.248157
16.91 2 0.0416874
17.01 1 0.248157
17.01 2 0.0416874
17.11 1 0.248157
17.11 2 0.0416874
17.21 1 0.248157
17.21 2 0.0416874
17.31 1 0.248157
17.31 2 0.0416874
17.41 1 0.248157
17.41 2 0.0416874
17.51 1 0.248157
17.51 2 0.0416874
17.61 1 0.248157
17.61 2 0.0416874
17.71 1 0.248157
17.71 2 0.0416874
17.81 1 0.248157
17.81 2 0.0416874
17.91 1 0.248157
17.91 2 0.0416874
18.01 1 0.248157
18.01 2 0.0416874
18.11 1 0.248157
18.11 2 0.0416874
18.21 1 0.248157
18.21 2 0.0416874
18.31 1 0.248157
18.31 2 0.0416874
18.41 1 0.248157
18.41 2 0.0416874
18.51 1 0.248157
18.51 2 0.0416874
18.61 1 0.248157
18.61 2 0.0416874
18.71 1 0.248157
18.71 2 0.0416874
18.81 1 0.248157
18.81 2 0.0416874
18.91 1 0.248157
18.91 2 0.0416874
19.01 1 0.248157
19.01 2 0.0416874
19.11 1 0.248157
19.11 2 0.0416874
19.21 1 0.248157
19.21 2 0.0416874
19.31 1 0.248157
19.31 2 0.0416874
19.41 1 0.248157
19.41 2 0.0416874
19.51 1 0.248157
19.51 2 0.0416874
19.61 1 0.248157
19.61 2 0.0416874
19.71 1 0.248157
19.71 2 0.0416874
19.81 1 0.248157
19.81 2 0.0416874
19.91 1 0.248157
19.91 2 0.0416874
20.01 1 0.248157
20.01 2 0.0416874
20.11 1 0.248157
20.11 2 0.0416874
20.21 1 0.248157
20.21 2 0.0416874
20.31 1 0.248157
20.31 2 0.0416874
20.41 1 0.248157
20.41 2 0.0416874
20.51 1 0.248157
20.51 2 0.0416874
20.61 1 0.248157
20.61 2 0.0416874
20.71 1 0.248157
20.71 2 0.0416874
20.81 1 0.248157
20.81 2 0.0416874
20.91 1 0.248157
20.91 2 0.0416874
21.01 1 0.248157
21.01 2 0.0416874
21.11 1 0.248157
21.11 2 0.0416874
21.21 1 0.248157
21.21 2 0.0416874
21.31 1 0.248157
21.31 2 0.0416874
21.41 1 0.248157
21.41 2 0.0416874
21.51 1 0.248157
21.51 2 0.0416874
21.61 1 0.248157
21.61 2 0.0416874
21.71 1 0.248157
21.71 2 0.0416874
21.81 1 0.248157
21.81 2 0.0416874
21.91 1 0.248157
21.91 2 0.0416874
22.01 1 0.248157
22.01 2 0.0416874
22.11 1 0.248157
22.11 2 0.0416874
22.21 1 0.248157
22.21 2 0.0416874
22.31 1 0.248157
22.31 2 0.0416874
22.41 1 0.248157
22.41 2 0.0416874
22.51 1 0.248157
22.51 2 0.0416874
22.61 1 0.248157
22.61 2 0.0416874
22.71 1 0.248157
22.71 2 0.0416874
22.81 1 0.248157
22.81 2 0.0416874
22.91 1 0.248157
22.91 2 0.0416874
23.01 1 0.248157
23.01 2 0.0416874
23.11 1 0.248157
23.11 2 0.0416874
23.21 1 0.248157
23.21 2 0.0416874
23.31 1 0.248157
23.31 2 0.0416874
23.41 1 0.248157
23.41 2 0.0416874
23.51 1 0.248157
23.51 2 0.0416874
23.61 1 0.248157
23.61 2 0.0416874
23.71 1 0.248157
23.71 2 0.0416874
23.81 1 0.248157
23.81 2 0.0416874
23.91 1 0.248157
23.91 2 0.0416874
24.01 1 0.248157
24.01 2 0.0416874
24.11 1 0.248157
24.11 2 0.0416874
24.21 1 0.248157
24.21 2 0.0416874
24.31 1 0.248157
24.31 2 0.0416874
24.41 1 0.248157
24.41 2 0.0416874
24.51 1 0.248157
24.51 2 0.0416874
24.61 1 0.248157
24.61 2 0.0416874
24.71 1 0.248157
24.71 2 0.0416874
24.81 1 0.248157
24.81 2 0.0416874
24.91 1 0.248157
24.91 2 0.0416874
25.01 1 0.248157
25.01 2 0.0416874
25.11 1 0.248157
25.11 2 0.0416874
25.21 1 0.248157
25.21 2 0.0416874
25.31 1 0.248157
25.31 2 0.0416874
25.41 1 0.248157
25.41 2 0.0416874
25.51 1 0.248157
25.51 2 0.0416874
25.61 1 0.248157
25.61 2 0.0416874
25.71 1 0.248157
25.71 2 0.0416874
25.81 1 0.248157
25.81 2 0.0416874
25.91 1 0.248157
25.91 2 0.0416874
26.01 1 0.248157
26.01 2 0.0416874
26.11 1 0.248157
26.11 2 0.0416874
26.21 1 0.248157
26.21 2 0.0416874
26.31 1 0.248157
26.31 2 0.0416874
26.41 1 0.248157
26.41 2 0.0416874
26.51 1 0.248157
26.51 2 0.0416874
26.61 1 0.248157
26.61 2 0.0416874
26.71 1 0.248157
26.71 2 0.0416874
26.81 1 0.248157
26.81 2 0.0416874
26.91 1 0.248157
26.91 2 0.0416874
27.01 1 0.248157
27.01 2 0.0416874
27.11 1 0.248157
27.11 2 0.0416874
27.21 1 0.248157
27.21 2 0.0416874
27.31 1 0.248157
27.31 2 0.0416874
27.41 1 0.248157
27.41 2 0.0416874
27.51 1 0.248157
27.51 2 0.0416874
27.61 1 0.248157
27.61 2 0.0416874
27.71 1 0.248157
27.71 2 0.0416874
27.81 1 0.248157
27.81 2 0.0416874
27.91 1 0.248157
27.91 2 0.0416874
28.01 1 0.248157
28.01 2 0.0416874
28.11 1 0.248157
28.11 2 0.0416874
28.21 1 0.248157
28.21 2 0.0416874
28.31 1 0.248157
28.31 2 0.0416874
28.41 1 0.248157
28.41 2 0.0416874
28.51 1 0.248157
28.51 2 0.0416874
28.61 1 0.248157
28.61 2 0.0416874
28.71 1 0.248157
28.71 2 0.0416874
28.81 1 0.248157
28.81 2 0.0416874
28.91 1 0.248157
28.91 2 0.0416874
29.01 1 0.248157
29.01 2 0.0416874
29.11 1 0.248157
29.11 2 0.0416874
29.21 1 0.248157
29.21 2 0.0416874
29.31 1 0.248157
29.31 2 0.0416874
29.41 1 0.248157
29.41 2 0.0416874
29.51 1 0.248157
29.51 2 0.0416874
29.61 1 0.248157
29.61 2 0.0416874
29.71 1 0.248157
29.71 2 0.0416874
29.81 1 0.248157
29.81 2 0.0416874
29.91 1 0.248157
29.91 2 0.0416874
30.01 1 0.248157
30.01 2 0.0416874
30.11 1 0.248157
30.11 2 0.0416874
30.21 1 0.248157
30.21 2 0.0416874
30.31 1 0.248157
30.31 2 0.0416874
30.41 1 0.248157
30.41 2 0.0416874
30.51 1 0.248157
30.51 2 0.0416874
30.61 1 0.248157
30.61 2 0.0416874
30.71 1 0.248157
30.71 2 0.0416874
30.81 1 0.248157
30.81 2 0.0416874
30.91 1 0.248157
30.91 2 0.0416874
31.01 1 0.248157
31.01 2 0.0416874
31.11 1 0.248157
31.11 2 0.0416874
31.21 1 0.248157
31.21 2 0.0416874
31.31 1 0.248157
31.31 2 0.0416874
31.41 1 0.248157
31.41 2 0.0416874
31.51 1 0.248157
31.51 2 0.0416874
31.61 1 0.248157
31.61 2 0.0416874
31.71 1 0.248157
31.71 2 0.0416874
31.81 1 0.248157
31.81 2 0.0416874
31.91 1 0.248157
31.91 2 0.0416874
32.01 1 0.248157
32.01 2 0.0416874
32.11 1 0.248157
32.11 2 0.0416874
32.21 1 0.248157
32.21 2 0.0416874
32.31 1 0.248157
32.31 2 0.0416874
32.41 1 0.248157
32.41 2 0.0416874
32.51 1 0.248157
32.51 2 0.0416874
32.61 1 0.248157
32.61 2 0.0416874
32.71 1 0.248157
32.71 2 0.0416874
32.81 1 0.248157
32.81 2 0.0416874
32.91 1 0.248157
32.91 2 0.0416874
33.01 1 0.248157
33.01 2 0.0416874
33.11 1 0.248157
33.11 2 0.0416874
33.21 1 0.248157
33.21 2 0.0416874
33.31 1 0.248157
33.31 2 0.0416874
33.41 1 0.248157
33.41 2 0.0416874
33.51 1 0.248157
33.51 2 0.0416874
33.61 1 0.248157
33.61 2 0.0416874
33.71 1 0.248157
33.71 2 0.0416874
33.81 1 0.248157
33.81 2 0.0416874
33.91 1 0.248157
33.91 2 0.0416874
34.01 1 0.248157
34.01 2 0.0416874
34.11 1 0.248157
34.11 2 0.0416874
34.21 1 0.248157
34.21 2 0.0416874
34.31 1 0.248157
34.31 2 0.0416874
34.41 1 0.248157
34.41 2 0.0416874
34.51 1 0.248157
34.51 2 0.0416874
34.61 1 0.248157
34.61 2 0.0416874
34.71 1 0.248157
34.71 2 0.0416874
34.81 1 0.248157
34.81 2 0.0416874
34.91 1 0.248157
34.91 2 0.0416874
35.01 1 0.248157
35.01 2 0.0416874
35.11 1 0.248157
35.11 2 0.0416874
35.21 1 0.248157
35.21 2 0.0416874
35.31 1 0.248157
35.31 2 0.0416874
35.41 1 0.248157
35.41 2 0.0416874
35.51 1 0.248157
35.51 2 0.0416874
35.61 1 0.248157
35.61 2 0.0416874
35.71 1 0.248157
35.71 2 0.0416874
35.81 1 0.248157
35.81 2 0.0416874
35.91 1 0.248157
35.91 2 0.0416874
36.01 1 0.248157
36.01 2 0.0416874
36.11 1 0.248157
36.11 2 0.0416874
36.21 1 0.248157
36.21 2 0.0416874
36.31 1 0.248157
36.31 2 0.0416874
36.41 1 0.248157
36.41 2 0.0416874
36.51 1 0.248157
36.51 2 0.0416874
36.61 1 0.248157
36.61 2 0.0416874
36.71 1 0.248157
36.71 2 0.0416874
36.81 1 0.248157
36.81 2 0.0416874
36.91 1 0.248157
36.91 2 0.0416874
37.01 1 0.248157
37.01 2 0.0416874
37.11 1 0.248157
37.11 2 0.0416874
37.21 1 0.248157
37.21 2 0.0416874
37.31 1 0.248157
37.31 2 0.0416874
37.41 1 0.248157
37.41 2 0.0416874
37.51 1 0.248157
37.51 2 0.0416874
37.61 1 0.248157
37.61 2 0.0416874
37.71 1 0.248157
37.71 2 0.0416874
37.81 1 0.248157
37.81 2 0.0416874
37.91 1 0.248157
37.91 2 0.0416874
38.01 1 0.248157
38.01 2 0.0416874
38.11 1 0.248157
38.11 2 0.0416874
38.21 1 0.248157
38.21 2 0.0416874
38.31 1 0.248157
38.31 2 0.0416874
38.41 1 0.248157
38.41 2 0.0416874
38.51 1 0.248157
38.51 2 0.0416874
38.61 1 0.248157
38.61 2 0.0416874
38.71 1 0.248157
38.71 2 0.0416874
38.81 1 0.248157
38.81 2 0.0416874
38.91 1 0.248157
38.91 2 0.0416874
39.01 1 0.248157
39.01 2 0.0416874
39.11 1 0.248157
39.11 2 0.0416874
39.21 1 0.248157
39.21 2 0.0416874
39.31 1 0.248157
39.31 2 0.0416874
39.41 1 0.248157
39.41 2 0.0416874
39.51 1 0.248157
39.51 2 0.0416874
39.61 1 0.248157
39.61 2 0.0416874
39.71 1 0.248157
39.71 2 0.0416874
39.81 1 0.248157
39.81 2 0.0416874
39.91 1 0.248157
39.91 2 0.0416874
40.01 1 0.248157
40.01 2 0.0416874
40.11 1 0.248157
40.11 2 0.0416874
40.21 1 0.248157
40.21 2 0.0416874
40.31 1 0.248157
40.31 2 0.0416874
40.41 1 0.248157
40.41 2 0.0416874
40.51 1 0.248157
40.51 2 0.0416874
40.61 1 0.248157
40.61 2 0.0416874
40.71 1 0.248157
40.71 2 0.0416874
40.81 1 0.248157
40.81 2 0.0416874
40.91 1 0.248157
40.91 2 0.0416874
41.01 1 0.248157
41.01 2 0.0416874
41.11 1 0.248157
41.11 2 0.0416874
41.21 1 0.248157
41.21 2 0.0416874
41.31 1 0.248157
41.31 2 0.0416874
41.41 1 0.248157
41.41 2 0.0416874
41.51 1 0.248157
41.51 2 0.0416874
41.61 1 0.248157
41.61 2 0.0416874
41.71 1 0.248157
41.71 2 0.0416874
41.81 1 0.248157
41.81 2 0.0416874
41.91 1 0.248157
41.91 2 0.0416874
42.01 1 0.248157
42.01 2 0.0416874
42.11 1 0.248157
42.11 2 0.0416874
42.21 1 0.248157
42.21 2 0.0416874
42.31 1 0.248157
42.31 2 0.0416874
42.41 1 0.248157
42.41 2 0.0416874
42.51 1 0.248157
42.51 2 0.0416874
42.61 1 0.248157
42.61 2 0.0416874
42.71 1 0.248157
42.71 2 0.0416874
42.81 1 0.248157
42.81 2 0.0416874
42.91 1 0.248157
42.91 2 0.0416874
43.01 1 0.248157
43.01 2 0.0416874
43.11 1 0.248157
43.11 2 0.0416874
43.21 1 0.248157
43.21 2 0.0416874
43.31 1 0.248157
43.31 2 0.0416874
43.41 1 0.248157
43.41 2 0.0416874
43.51 1 0.248157
43.51 2 0.0416874
43.61 1 0.248157
43.61 2 0.0416874
43.71 1 0.248157
43.71 2 0.0416874
43.81 1 0.248157
43.81 2 0.0416874
43.91 1 0.248157
43.91 2 0.0416874
44.01 1 0.248157
44.01 2 0.0416874
44.11 1 0.248157
44.11 2 0.0416874
44.21 1 0.248157
44.21 2 0.0416874
44.31 1 0.248157
44.31 2 0.0416874
44.41 1 0.248157
44.41 2 0.0416874
44.51 1 0.248157
44.51 2 0.0416874
44.61 1 0.248157
44.61 2 0.0416874
44.71 1 0.248157
44.71 2 0.0416874
44.81 1 0.248157
44.81 2 0.0416874
44.91 1 0.248157
44.91 2 0.0416874
45.01 1 0.248157
45.01 2 0.0416874
45.11 1 0.248157
45.11 2 0.0416874
45.21 1 0.248157
45.21 2 0.0416874
45.31 1 0.248157
45.31 2 0.0416874
45.41 1 0.248157
45.41 2 0.0416874
45.51 1 0.248157
45.51 2 0.0416874
45.61 1 0.248157
45.61 2 0.0416874
45.71 1 0.248157
45.71 2 0.0416874
45.81 1 0.248157
45.81 2 0.0416874
45.91 1 0.248157
45.91 2 0.0416874
46.01 1 0.248157
46.01 2 0.0416874
46.11 1 0.248157
46.11 2 0.0416874
46.21 1 0.248157
46.21 2 0.0416874
46.31 1 0.248157
46.31 2 0.0416874
46.41 1 0.248157
46.41 2 0.0416874
46.51 1 0.248157
46.51 2 0.0416874
46.61 1 0.248157
46.61 2 0.0416874
46.71 1 0.248157
46.71 2 0.0416874
46.81 1 0.248157
46.81 2 0.0416874
46.91 1 0.248157
46.91 2 0.0416874
47.01 1 0.248157
47.01 2 0.0416874
47.11 1 0.248157
47.11 2 0.0416874
47.21 1 0.248157
47.21 2 0.0416874
47.31 1 0.248157
47.31 2 0.0416874
47.41 1 0.248157
47.41 2 0.0416874
47.51 1 0.248157
47.51 2 0.0416874
47.61 1 0.248157
47.61 2 0.0416874
47.71 1 0.248157
47.71 2 0.0416874
47.81 1 0.248157
47.81 2 0.0416874
47.91 1 0.248157
47.91 2 0.0416874
48.01 1 0.248157
48.01 2 0.0416874
48.11 1 0.248157
48.11 2 0.0416874
48.21 1 0.248157
48.21 2 0.0416874
48.31 1 0.248157
48.31 2 0.0416874
48.41 1 0.248157
48.41 2 0.0416874
48.51 1 0.248157
48.51 2 0.0416874
48.61 1 0.248157
48.61 2 0.0416874
48.71 1 0.248157
48.71 2 0.0416874
48.81 1 0.248157
48.81 2 0.0416874
48.91 1 0.248157
48.91 2 0.0416874
49.01 1 0.248157
49.01 2 0.0416874
49.11 1 0.248157
49.11 2 0.0416874
49.21 1 0.248157
49.21 2 0.0416874
49.31 1 0.248157
49.31 2 0.0416874
49.41 1 0.248157
49.41 2 0.0416874
49.51 1 0.248157
49.51 2 0.0416874
49.61 1 0.248157
49.61 2 0.0416874
49.71 1 0.248157
49.71 2 0.0416874
49.81 1 0.248157
49.81 2 0.0416874
49.91 1 0.248157
49.91 2 0.0416874
50.01 1 0.248157
50.01 2 0.0416874
50.11 1 0.248157
50.11 2 0.0416874
50.21 1 0.248157
50.21 2 0.0416874
50.31 1 0.248157
50.31 2 0.0416874
50.41 1 0.248157
50.41 2 0.0416874
50.51 1 0.248157
50.51 2 0.0416874
50.61 1 0.248157
50.61 2 0.0416874
50.71 1 0.248157
50.71 2 0.0416874
50.81 1 0.248157
50.81 2 0.0416874
50.91 1 0.248157
50.91 2 0.0416874
51.01 1 0.248157
51.01 2 0.0416874
51.11 1 0.248157
51.11 2 0.0416874
51.21 1 0.248157
51.21 2 0.0416874
51.31 1 0.248157
51.31 2 0.0416874
51.41 1 0.248157
51.41 2 0.0416874
51.51 1 0.248157
51.51 2 0.0416874
51.61 1 0.248157
51.61 2 0.0416874
51.71 1 0.248157
51.71 2 0.0416874
51.81 1 0.248157
51.81 2 0.0416874
51.91 1 0.248157
51.91 2 0.0416874
52.01 1 0.248157
52.01 2 0.0416874
52.11 1 0.248157
52.11 2 0.0416874
52.21 1 0.248157
52.21 2 0.0416874
52.31 1 0.248157
52.31 2 0.0416874
52.41 1 0.248157
52.41 2 0.0416874
52.51 1 0.248157
52.51 2 0.0416874
52.61 1 0.248157
52.61 2 0.0416874
52.71 1 0.248157
52.71 2 0.0416874
52.81 1 0.248157
52.81 2 0.0416874
52.91 1 0.248157
52.91 2 0.0416874
53.01 1 0.248157
53.01 2 0.0416874
53.11 1 0.248157
53.11 2 0.0416874
53.21 1 0.248157
53.21 2 0.0416874
53.31 1 0.248157
53.31 2 0.0416874
53.41 1 0.248157
53.41 2 0.0416874
53.51 1 0.248157
53.51 2 0.0416874
53.61 1 0.248157
53.61 2 0.0416874
53.71 1 0.248157
53.71 2 0.0416874
53.81 1 0.248157
53.81 2 0.0416874
53.91 1 0.248157
53.91 2 0.0416874
54.01 1 0.248157
54.01 2 0.0416874
54.11 1 0.248157
54.11 2 0.0416874
54.21 1 0.248157
54.21 2 0.0416874
54.31 1 0.248157
54.31 2 0.0416874
54.41 1 0.248157
54.41 2 0.0416874
54.51 1 0.248157
54.51 2 0.0416874
54.61 1 0.248157
54.61 2 0.0416874
54.71 1 0.248157
54.71 2 0.0416874
54.81 1 0.248157
54.81 2 0.0416874
54.91 1 0.248157
54.91 2 0.0416874
55.01 1 0.248157
55.01 2 0.0416874
55.11 1 0.248157
55.11 2 0.0416874
55.21 1 0.248157
55.21 2 0.0416874
55.31 1 0.248157
55.31 2 0.0416874
55.41 1 0.248157
55.41 2 0.0416874
55.51 1 0.248157
55.51 2 0.0416874
55.61 1 0.248157
55.61 2 0.0416874
55.71 1 0.248157
55.71 2 0.0416874
55.81 1 0.248157
55.81 2 0.0416874
55.91 1 0.248157
55.91 2 0.0416874
56.01 1 0.248157
56.01 2 0.0416874
56.11 1 0.248157
56.11 2 0.0416874
56.21 1 0.248157
56.21 2 0.0416874
56.31 1 0.248157
56.31 2 0.0416874
56.41 1 0.248157
56.41 2 0.0416874
56.51 1 0.248157
56.51 2 0.0416874
56.61 1 0.248157
56.61 2 0.0416874
56.71 1 0.248157
56.71 2 0.0416874
56.81 1 0.248157
56.81 2 0.0416874
56.91 1 0.248157
56.91 2 0.0416874
57.01 1 0.248157
57.01 2 0.0416874
57.11 1 0.248157
57.11 2 0.0416874
57.21 1 0.248157
57.21 2 0.0416874
57.31 1 0.248157
57.31 2 0.0416874
57.41 1 0.248157
57.41 2 0.0416874
57.51 1 0.248157
57.51 2 0.0416874
57.61 1 0.248157
57.61 2 0.0416874
57.71 1 0.248157
57.71 2 0.0416874
57.81 1 0.248157
57.81 2 0.0416874
57.91 1 0.248157
57.91 2 0.0416874
58.01 1 0.248157
58.01 2 0.0416874
58.11 1 0.248157
58.11 2 0.0416874
58.21 1 0.248157
58.21 2 0.0416874
58.31 1 0.248157
58.31 2 0.0416874
58.41 1 0.248157
58.41 2 0.0416874
58.51 1 0.248157
58.51 2 0.0416874
58.61 1 0.248157
58.61 2 0.0416874
58.71 1 0.248157
58.71 2 0.0416874
58.81 1 0.248157
58.81 2 0.0416874
58.91 1 0.248157
58.91 2 0.0416874
59.01 1 0.248157
59.01 2 0.0416874
59.11 1 0.248157
59.11 2 0.0416874
59.21 1 0.248157
59.21 2 0.0416874
59.31 1 0.248157
59.31 2 0.0416874
59.41 1 0.248157
59.41 2 0.0416874
59.51 1 0.248157
59.51 2 0.0416874
59.61 1 0.248157
59.61 2 0.0416874
59.71 1 0.248157
59.71 2 0.0416874
59.81 1 0.248157
59.81 2 0.0416874
59.91 1 0.248157
59.91 2 0.0416874
60.01 1 0.248157
60.01 2 0.0416874
60.11 1 0.248157
60.11 2 0.0416874
60.21 1 0.248157
60.21 2 0.0416874
60.31 1 0.248157
60.31 2 0.0416874
60.41 1 0.248157
60.41 2 0.0416874
60.51 1 0.248157
60.51 2 0.0416874
60.61 1 0.248157
60.61 2 0.0416874
60.71 1 0.248157
60.71 2 0.0416874
60.81 1 0.248157
60.81 2 0.0416874
60.91 1 0.248157
60.91 2 0.0416874
61.01 1 0.248157
61.01 2 0.0416874
61.11 1 0.248157
61.11 2 0.0416874
61.21 1 0.248157
61.21 2 0.0416874
61.31 1 0.248157
61.31 2 0.0416874
61.41 1 0.248157
61.41 2 0.0416874
61.51 1 0.248157
61.51 2 0.0416874
61.61 1 0.248157
61.61 2 0.0416874
61.71 1 0.248157
61.71 2 0.0416874
61.81 1 0.248157
61.81 2 0.0416874
61.91 1 0.248157
61.91 2 0.0416874
62.01 1 0.248157
62.01 2 0.0416874
62.11 1 0.248157
62.11 2 0.0416874
62.21 1 0.248157
62.21 2 0.0416874
62.31 1 0.248157
62.31 2 0.0416874
62.41 1 0.248157
62.41 2 0.0416874
62.51 1 0.248157
62.51 2 0.0416874
62.61 1 0.248157
62.61 2 0.0416874
62.71 1 0.248157
62.71 2 0.0416874
62.81 1 0.248157
62.81 2 0.0416874
62.91 1 0.248157
62.91 2 0.0416874
63.01 1 0.248157
63.01 2 0.0416874
63.11 1 0.248157
63.11 2 0.0416874
63.21 1 0.248157
63.21 2 0.0416874
63.31 1 0.248157
63.31 2 0.0416874
63.41 1 0.248157
63.41 2 0.0416874
63.51 1 0.248157
63.51 2 0.0416874
63.61 1 0.248157
63.61 2 0.0416874
63.71 1 0.248157
63.71 2 0.0416874
63.81 1 0.248157
63.81 2 0.0416874
63.91 1 0.248157
63.91 2 0.0416874
64.01 1 0.248157
64.01 2 0.0416874
64.11 1 0.248157
64.11 2 0.0416874
64.21 1 0.248157
64.21 2 0.0416874
64.31 1 0.248157
64.31 2 0.0416874
64.41 1 0.248157
64.41 2 0.0416874
64.51 1 0.248157
64.51 2 0.0416874
64.61 1 0.248157
64.61 2 0.0416874
64.71 1 0.248157
64.71 2 0.0416874
64.81 1 0.248157
64.81 2 0.0416874
64.91 1 0.248157
64.91 2 0.0416874
65.01 1 0.248157
65.01 2 0.0416874
65.11 1 0.248157
65.11 2 0.0416874
65.21 1 0.248157
65.21 2 0.0416874
65.31 1 0.248157
65.31 2 0.0416874
65.41 1 0.248157
65.41 2 0.0416874
65.51 1 0.248157
65.51 2 0.0416874
65.61 1 0.248157
65.61 2 0.0416874
65.71 1 0.248157
65.71 2 0.0416874
65.81 1 0.248157
65.81 2 0.0416874
65.91 1 0.248157
65.91 2 0.0416874
66.01 1 0.248157
66.01 2 0.0416874
66.11 1 0.248157
66.11 2 0.0416874
66.21 1 0.248157
66.21 2 0.0416874
66.31 1 0.248157
66.31 2 0.0416874
66.41 1 0.248157
66.41 2 0.0416874
66.51 1 0.248157
66.51 2 0.0416874
66.61 1 0.248157
66.61 2 0.0416874
66.71 1 0.248157
66.71 2 0.0416874
66.81 1 0.248157
66.81 2 0.0416874
66.91 1 0.248157
66.91 2 0.0416874
67.01 1 0.248157
67.01 2 0.0416874
67.11 1 0.248157
67.11 2 0.0416874
67.21 1 0.248157
67.21 2 0.0416874
67.31 1 0.248157
67.31 2 0.0416874
67.41 1 0.248157
67.41 2 0.0416874
67.51 1 0.248157
67.51 2 0.0416874
67.61 1 0.248157
67.61 2 0.0416874
67.71 1 0.248157
67.71 2 0.0416874
67.81 1 0.248157
67.81 2 0.0416874
67.91 1 0.248157
67.91 2 0.0416874
68.01 1 0.248157
68.01 2 0.0416874
68.11 1 0.248157
68.11 2 0.0416874
68.21 1 0.248157
68.21 2 0.0416874
68.31 1 0.248157
68.31 2 0.0416874
68.41 1 0.248157
68.41 2 0.0416874
68.51 1 0.248157
68.51 2 0.0416874
68.61 1 0.248157
68.61 2 0.0416874
68.71 1 0.248157
68.71 2 0.0416874
68.81 1 0.248157
68.81 2 0.0416874
68.91 1 0.248157
68.91 2 0.0416874
69.01 1 0.248157
69.01 2 0.0416874
69.11 1 0.248157
69.11 2 0.0416874
69.21 1 0.248157
69.21 2 0.0416874
69.31 1 0.248157
69.31 2 0.0416874
69.41 1 0.248157
69.41 2 0.0416874
69.51 1 0.248157
69.51 2 0.0416874
69.61 1 0.248157
69.61 2 0.0416874
69.71 1 0.248157
69.71 2 0.0416874
69.81 1 0.248157
69.81 2 0.0416874
69.91 1 0.248157
69.91 2 0.0416874
70.01 1 0.248157
70.01 2 0.0416874
70.11 1 0.248157
70.11 2 0.0416874
70.21 1 0.248157
70.21 2 0.0416874
70.31 1 0.248157
70.31 2 0.0416874
70.41 1 0.248157
70.41 2 0.0416874
70.51 1 0.248157
70.51 2 0.0416874
70.61 1 0.248157
70.61 2 0.0416874
70.71 1 0.248157
70.71 2 0.0416874
70.81 1 0.248157
70.81 2 0.0416874
70.91 1 0.248157
70.91 2 0.0416874
71.01 1 0.248157
71.01 2 0.0416874
71.11 1 0.248157
71.11 2 0.0416874
71.21 1 0.248157
71.21 2 0.0416874
71.31 1 0.248157
71.31 2 0.0416874
71.41 1 0.248157
71.41 2 0.0416874
71.51 1 0.248157
71.51 2 0.0416874
71.61 1 0.248157
71.61 2 0.0416874
71.71 1 0.248157
71.71 2 0.0416874
71.81 1 0.248157
71.81 2 0.0416874
71.91 1 0.248157
71.91 2 0.0416874
72.01 1 0.248157
72.01 2 0.0416874
72.11 1 0.248157
72.11 2 0.0416874
72.21 1 0.248157
72.21 2 0.0416874
72.31 1 0.248157
72.31 2 0.0416874
72.41 1 0.248157
72.41 2 0.0416874
72.51 1 0.248157
72.51 2 0.0416874
72.61 1 0.248157
72.61 2 0.0416874
72.71 1 0.248157
72.71 2 0.0416874
72.81 1 0.248157
72.81 2 0.0416874
72.91 1 0.248157
72.91 2 0.0416874
73.01 1 0.248157
73.01 2 0.0416874
73.11 1 0.248157
73.11 2 0.0416874
73.21 1 0.248157
73.21 2 0.0416874
73.31 1 0.248157
73.31 2 0.0416874
73.41 1 0.248157
73.41 2 0.0416874
73.51 1 0.248157
73.51 2 0.0416874
73.61 1 0.248157
73.61 2 0.0416874
73.71 1 0.248157
73.71 2 0.0416874
73.81 1 0.248157
73.81 2 0.0416874
73.91 1 0.248157
73.91 2 0.0416874
74.01 1 0.248157
74.01 2 0.0416874
74.11 1 0.248157
74.11 2 0.0416874
74.21 1 0.248157
74.21 2 0.0416874
74.31 1 0.248157
74.31 2 0.0416874
74.41 1 0.248157
74.41 2 0.0416874
74.51 1 0.248157
74.51 2 0.0416874
74.61 1 0.248157
74.61 2 0.0416874
74.71 1 0.248157
74.71 2 0.0416874
74.81 1 0.248157
74.81 2 0.0416874
74.91 1 0.248157
74.91 2 0.0416874
75.01 1 0.248157
75.01 2 0.0416874
75.11 1 0.248157
75.11 2 0.0416874
75.21 1 0.248157
75.21 2 0.0416874
75.31 1 0.248157
75.31 2 0.0416874
75.41 1 0.248157
75.41 2 0.0416874
75.51 1 0.248157
75.51 2 0.0416874
75.61 1 0.248157
75.61 2 0.0416874
75.71 1 0.248157
75.71 2 0.0416874
75.81 1 0.248157
75.81 2 0.0416874
75.91 1 0.248157
75.91 2 0.0416874
76.01 1 0.248157
76.01 2 0.0416874
76.11 1 0.248157
76.11 2 0.0416874
76.21 1 0.248157
76.21 2 0.0416874
76.31 1 0.248157
76.31 2 0.0416874
76.41 1 0.248157
76.41 2 0.0416874
76.51 1 0.248157
76.51 2 0.0416874
76.61 1 0.248157
76.61 2 0.0416874
76.71 1 0.248157
76.71 2 0.0416874
76.81 1 0.248157
76.81 2 0.0416874
76.91 1 0.248157
76.91 2 0.0416874
77.01 1 0.248157
77.01 2 0.0416874
77.11 1 0.248157
77.11 2 0.0416874
77.21 1 0.248157
77.21 2 0.0416874
77.31 1 0.248157
77.31 2 0.0416874
77.41 1 0.248157
77.41 2 0.0416874
77.51 1 0.248157
77.51 2 0.0416874
77.61 1 0.248157
77.61 2 0.0416874
77.71 1 0.248157
77.71 2 0.0416874
77.81 1 0.248157
77.81 2 0.0416874
77.91 1 0.248157
77.91 2 0.0416874
78.01 1 0.248157
78.01 2 0.0416874
78.11 1 0.248157
78.11 2 0.0416874
78.21 1 0.248157
78.21 2 0.0416874
78.31 1 0.248157
78.31 2 0.0416874
78.41 1 0.248157
78.41 2 0.0416874
78.51 1 0.248157
78.51 2 0.0416874
78.61 1 0.248157
78.61 2 0.0416874
78.71 1 0.248157
78.71 2 0.0416874
78.81 1 0.248157
78.81 2 0.0416874
78.91 1 0.248157
78.91 2 0.0416874
79.01 1 0.248157
79.01 2 0.0416874
79.11 1 0.248157
79.11 2 0.0416874
79.21 1 0.248157
79.21 2 0.0416874
79.31 1 0.248157
79.31 2 0.0416874
79.41 1 0.248157
79.41 2 0.0416874
79.51 1 0.248157
79.51 2 0.0416874
79.61 1 0.248157
79.61 2 0.0416874
79.71 1 0.248157
79.71 2 0.0416874
79.81 1 0.248157
79.81 2 0.0416874
79.91 1 0.248157
79.91 2 0.0416874
80.01 1 0.248157
80.01 2 0.0416874
80.11 1 0.248157
80.11 2 0.0416874
80.21 1 0.248157
80.21 2 0.0416874
80.31 1 0.248157
80.31 2 0.0416874
80.41 1 0.248157
80.41 2 0.0416874
80.51 1 0.248157
80.51 2 0.0416874
80.61 1 0.248157
80.61 2 0.0416874
80.71 1 0.248157
80.71 2 0.0416874
80.81 1 0.248157
80.81 2 0.0416874
80.91 1 0.248157
80.91 2 0.0416874
81.01 1 0.248157
81.01 2 0.0416874
81.11 1 0.248157
81.11 2 0.0416874
81.21 1 0.248157
81.21 2 0.0416874
81.31 1 0.248157
81.31 2 0.0416874
81.41 1 0.248157
81.41 2 0.0416874
81.51 1 0.248157
81.51 2 0.0416874
81.61 1 0.248157
81.61 2 0.0416874
81.71 1 0.248157
81.71 2 0.0416874
81.81 1 0.248157
81.81 2 0.0416874
81.91 1 0.248157
81.91 2 0.0416874
82.01 1 0.248157
82.01 2 0.0416874
82.11 1 0.248157
82.11 2 0.0416874
82.21 1 0.248157
82.21 2 0.0416874
82.31 1 0.248157
82.31 2 0.0416874
82.41 1 0.248157
82.41 2 0.0416874
82.51 1 0.248157
82.51 2 0.0416874
82.61 1 0.248157
82.61 2 0.0416874
82.71 1 0.248157
82.71 2 0.0416874
82.81 1 0.248157
82.81 2 0.0416874
82.91 1 0.248157
82.91 2 0.0416874
83.01 1 0.248157
83.01 2 0.0416874
83.11 1 0.248157
83.11 2 0.0416874
83.21 1 0.248157
83.21 2 0.0416874
83.31 1 0.248157
83.31 2 0.0416874
83.41 1 0.248157
83.41 2 0.0416874
83.51 1 0.248157
83.51 2 0.0416874
83.61 1 0.248157
83.61 2 0.0416874
83.71 1 0.248157
83.71 2 0.0416874
83.81 1 0.248157
83.81 2 0.0416874
83.91 1 0.248157
83.91 2 0.0416874
84.01 1 0.248157
84.01 2 0.0416874
84.11 1 0.248157
84.11 2 0.0416874
84.21 1 0.248157
84.21 2 0.0416874
84.31 1 0.248157
84.31 2 0.0416874
84.41 1 0.248157
84.41 2 0.0416874
84.51 1 0.248157
84.51 2 0.0416874
84.61 1 0.248157
84.61 2 0.0416874
84.71 1 0.248157
84.71 2 0.0416874
84.81 1 0.248157
84.81 2 0.0416874
84.91 1 0.248157
84.91 2 0.0416874
85.01 1 0.248157
85.01 2 0.0416874
85.11 1 0.248157
85.11 2 0.0416874
85.21 1 0.248157
85.21 2 0.0416874
85.31 1 0.248157
85.31 2 0.0416874
85.41 1 0.248157
85.41 2 0.0416874
85.51 1 0.248157
85.51 2 0.0416874
85.61 1 0.248157
85.61 2 0.0416874
85.71 1 0.248157
85.71 2 0.0416874
85.81 1 0.248157
85.81 2 0.0416874
85.91 1 0.248157
85.91 2 0.0416874
86.01 1 0.248157
86.01 2 0.0416874
86.11 1 0.248157
86.11 2 0.0416874
86.21 1 0.248157
86.21 2 0.0416874
86.31 1 0.248157
86.31 2 0.0416874
86.41 1 0.248157
86.41 2 0.0416874
86.51 1 0.248157
86.51 2 0.0416874
86.61 1 0.248157
86.61 2 0.0416874
86.71 1 0.248157
86.71 2 0.0416874
86.81 1 0.248157
86.81 2 0.0416874
86.91 1 0.248157
86.91 2 0.0416874
87.01 1 0.248157
87.01 2 0.0416874
87.11 1 0.248157
87.11 2 0.0416874
87.21 1 0.248157
87.21 2 0.0416874
87.31 1 0.248157
87.31 2 0.0416874
87.41 1 0.248157
87.41 2 0.0416874
87.51 1 0.248157
87.51 2 0.0416874
87.61 1 0.248157
87.61 2 0.0416874
87.71 1 0.248157
87.71 2 0.0416874
87.81 1 0.248157
87.81 2 0.0416874
87.91 1 0.248157
87.91 2 0.0416874
88.01 1 0.248157
88.01 2 0.0416874
88.11 1 0.248157
88.11 2 0.0416874
88.21 1 0.248157
88.21 2 0.0416874
88.31 1 0.248157
88.31 2 0.0416874
88.41 1 0.248157
88.41 2 0.0416874
88.51 1 0.248157
88.51 2 0.0416874
88.61 1 0.248157
88.61 2 0.0416874
88.71 1 0.248157
88.71 2 0.0416874
88.81 1 0.248157
88.81 2 0.0416874
88.91 1 0.248157
88.91 2 0.0416874
89.01 1 0.248157
89.01 2 0.0416874
89.11 1 0.248157
89.11 2 0.0416874
89.21 1 0.248157
89.21 2 0.0416874
89.31 1 0.248157
89.31 2 0.0416874
89.41 1 0.248157
89.41 2 0.0416874
89.51 1 0.248157
89.51 2 0.0416874
89.61 1 0.248157
89.61 2 0.0416874
89.71 1 0.248157
89.71 2 0.0416874
89.81 1 0.248157
89.81 2 0.0416874
89.91 1 0.248157
89.91 2 0.0416874
90.01 1 0.248157
90.01 2 0.0416874
90.11 1 0.248157
90.11 2 0.0416874
90.21 1 0.248157
90.21 2 0.0416874
90.31 1 0.248157
90.31 2 0.0416874
90.41 1 0.248157
90.41 2 0.0416874
90.51 1 0.248157
90.51 2 0.0416874
90.61 1 0.248157
90.61 2 0.0416874
90.71 1 0.248157
90.71 2 0.0416874
90.81 1 0.248157
90.81 2 0.0416874
90.91 1 0.248157
90.91 2 0.0416874
91.01 1 0.248157
91.01 2 0.0416874
91.11 1 0.248157
91.11 2 0.0416874
91.21 1 0.248157
91.21 2 0.0416874
91.31 1 0.248157
91.31 2 0.0416874
91.41 1 0.248157
91.41 2 0.0416874
91.51 1 0.248157
91.51 2 0.0416874
91.61 1 0.248157
91.61 2 0.0416874
91.71 1 0.248157
91.71 2 0.0416874
91.81 1 0.248157
91.81 2 0.0416874
91.91 1 0.248157
91.91 2 0.0416874
92.01 1 0.248157
92.01 2 0.0416874
92.11 1 0.248157
92.11 2 0.0416874
92.21 1 0.248157
92.21 2 0.0416874
92.31 1 0.248157
92.31 2 0.0416874
92.41 1 0.248157
92.41 2 0.0416874
92.51 1 0.248157
92.51 2 0.0416874
92.61 1 0.248157
92.61 2 0.0416874
92.71 1 0.248157
92.71 2 0.0416874
92.81 1 0.248157
92.81 2 0.0416874
92.91 1 0.248157
92.91 2 0.0416874
93.01 1 0.248157
93.01 2 0.0416874
93.11 1 0.248157
93.11 2 0.0416874
93.21 1 0.248157
93.21 2 0.0416874
93.31 1 0.248157
93.31 2 0.0416874
93.41 1 0.248157
93.41 2 0.0416874
93.51 1 0.248157
93.51 2 0.0416874
93.61 1 0.248157
93.61 2 0.0416874
93.71 1 0.248157
93.71 2 0.0416874
93.81 1 0.248157
93.81 2 0.0416874
93.91 1 0.248157
93.91 2 0.0416874
94.01 1 0.248157
94.01 2 0.0416874
94.11 1 0.248157
94.11 2 0.0416874
94.21 1 0.248157
94.21 2 0.0416874
94.31 1 0.248157
94.31 2 0.0416874
94.41 1 0.248157
94.41 2 0.0416874
94.51 1 0.248157
94.51 2 0.0416874
94.61 1 0.248157
94.61 2 0.0416874
94.71 1 0.248157
94.71 2 0.0416874
94.81 1 0.248157
94.81 2 0.0416874
94.91 1 0.248157
94.91 2 0.0416874
95.01 1 0.248157
95.01 2 0.0416874
95.11 1 0.248157
95.11 2 0.0416874
95.21 1 0.248157
95.21 2 0.0416874
95.31 1 0.248157
95.31 2 0.0416874
95.41 1 0.248157
95.41 2 0.0416874
95.51 1 0.248157
95.51 2 0.0416874
95.61 1 0.248157
95.61 2 0.0416874
95.71 1 0.248157
95.71 2 0.0416874
95.81 1 0.248157
95.81 2 0.0416874
95.91 1 0.248157
95.91 2 0.0416874
96.01 1 0.248157
96.01 2 0.0416874
96.11 1 0.248157
96.11 2 0.0416874
96.21 1 0.248157
96.21 2 0.0416874
96.31 1 0.248157
96.31 2 0.0416874
96.41 1 0.248157
96.41 2 0.0416874
96.51 1 0.248157
96.51 2 0.0416874
96.61 1 0.248157
96.61 2 0.0416874
96.71 1 0.248157
96.71 2 0.0416874
96.81 1 0.248157
96.81 2 0.0416874
96.91 1 0.248157
96.91 2 0.0416874
97.01 1 0.248157
97.01 2 0.0416874
97.11 1 0.248157
97.11 2 0.0416874
97.21 1 0.248157
97.21 2 0.0416874
97.31 1 0.248157
97.31 2 0.0416874
97.41 1 0.248157
97.41 2 0.0416874
97.51 1 0.248157
97.51 2 0.0416874
97.61 1 0.248157
97.61 2 0.0416874
97.71 1 0.248157
97.71 2 0.0416874
97.81 1 0.248157
97.81 2 0.0416874
97.91 1 0.248157
97.91 2 0.0416874
98.01 1 0.248157
98.01 2 0.0416874
98.11 1 0.248157
98.11 2 0.0416874
98.21 1 0.248157
98.21 2 0.0416874
98.31 1 0.248157
98.31 2 0.0416874
98.41 1 0.248157
98.41 2 0.0416874
98.51 1 0.248157
98.51 2 0.0416874
98.61 1 0.248157
98.61 2 0.0416874
98.71 1 0.248157
98.71 2 0.0416874
98.81 1 0.248157
98.81 2 0.0416874
98.91 1 0.248157
98.91 2 0.0416874
99.01 1 0.248157
99.01 2 0.0416874
99.11 1 0.248157
99.11 2 0.0416874
99.21 1 0.248157
99.21 2 0.0416874
99.31 1 0.248157
99.31 2 0.0416874
99.41 1 0.248157
99.41 2 0.0416874
99.51 1 0.248157
99.51 2 0.0416874
99.61 1 0.248157
99.61 2 0.0416874
99.71 1 0.248157
99.71 2 0.0416874
99.81 1 0.248157
99.81 2 0.0416874
99.91 1 0.248157
99.91 2 0.0416874
100.01 1 0.248157
100.01 2 0.0416874
100.11 1 0.248157
100.11 2 0.0416874
100.21 1 0.248157
100.21 2 0.0416874
100.31 1 0.248157
100.31 2 0.0416874
100.41 1 0.248157
100.41 2 0.0416874
100.51 1 0.248157
100.51 2 0.0416874
100.61 1 0.248157
100.61 2 0.0416874
100.71 1 0.248157
100.71 2 0.0416874
100.81 1 0.248157
100.81 2 0.0416874
100.91 1 0.248157
100.91 2 0.0416874
101.01 1 0.248157
101.01 2 0.0416874
101.11 1 0.248157
101.11 2 0.0416874
101.21 1 0.248157
101.21 2 0.0416874
101.31 1 0.248157
101.31 2 0.0416874
101.41 1 0.248157
101.41 2 0.0416874
101.51 1 0.248157
101.51 2 0.0416874
101.61 1 0.248157
101.61 2 0.0416874
101.71 1 0.248157
101.71 2 0.0416874
101.81 1 0.248157
101.81 2 0.0416874
101.91 1 0.248157
101.91 2 0.0416874
102.01 1 0.248157
102.01 2 0.0416874
102.11 1 0.248157
102.11 2 0.0416874
102.21 1 0.248157
102.21 2 0.0416874
102.31 1 0.248157
102.31 2 0.0416874
102.41 1 0.248157
102.41 2 0.0416874
102.51 1 0.248157
102.51 2 0.0416874
102.61 1 0.248157
102.61 2 0.0416874
102.71 1 0.248157
102.71 2 0.0416874
102.81 1 0.248157
102.81 2 0.0416874
102.91 1 0.248157
102.91 2 0.0416874
103.01 1 0.248157
103.01 2 0.0416874
103.11 1 0.248157
103.11 2 0.0416874
103.21 1 0.248157
103.21 2 0.0416874
103.31 1 0.248157
103.31 2 0.0416874
103.41 1 0.248157
103.41 2 0.0416874
103.51 1 0.248157
103.51 2 0.0416874
103.61 1 0.248157
103.61 2 0.0416874
103.71 1 0.248157
103.71 2 0.0416874
103.81 1 0.248157
103.81 2 0.0416874
103.91 1 0.248157
103.91 2 0.0416874
104.01 1 0.248157
104.01 2 0.0416874
104.11 1 0.248157
104.11 2 0.0416874
104.21 1 0.248157
104.21 2 0.0416874
104.31 1 0.248157
104.31 2 0.0416874
104.41 1 0.248157
104.41 2 0.0416874
104.51 1 0.248157
104.51 2 0.0416874
104.61 1 0.248157
104.61 2 0.0416874
104.71 1 0.248157
104.71 2 0.0416874
104.81 1 0.248157
104.81 2 0.0416874
104.91 1 0.248157
104.91 2 0.0416874
105.01 1 0.248157
105.01 2 0.0416874
105.11 1 0.248157
105.11 2 0.0416874
105.21 1 0.248157
105.21 2 0.0416874
105.31 1 0.248157
105.31 2 0.0416874
105.41 1 0.248157
105.41 2 0.0416874
105.51 1 0.248157
105.51 2 0.0416874
105.61 1 0.248157
105.61 2 0.0416874
105.71 1 0.248157
105.71 2 0.0416874
105.81 1 0.248157
105.81 2 0.0416874
105.91 1 0.248157
105.91 2 0.0416874
106.01 1 0.248157
106.01 2 0.0416874
106.11 1 0.248157
106.11 2 0.0416874
106.21 1 0.248157
106.21 2 0.0416874
106.31 1 0.248157
106.31 2 0.0416874
106.41 1 0.248157
106.41 2 0.0416874
106.51 1 0.248157
106.51 2 0.0416874
106.61 1 0.248157
106.61 2 0.0416874
106.71 1 0.248157
106.71 2 0.0416874
106.81 1 0.248157
106.81 2 0.0416874
106.91 1 0.248157
106.91 2 0.0416874
107.01 1 0.248157
107.01 2 0.0416874
107.11 1 0.248157
107.11 2 0.0416874
107.21 1 0.248157
107.21 2 0.0416874
107.31 1 0.248157
107.31 2 0.0416874
107.41 1 0.248157
107.41 2 0.0416874
107.51 1 0.248157
107.51 2 0.0416874
107.61 1 0.248157
107.61 2 0.0416874
107.71 1 0.248157
107.71 2 0.0416874
107.81 1 0.248157
107.81 2 0.0416874
107.91 1 0.248157
107.91 2 0.0416874
108.01 1 0.248157
108.01 2 0.0416874
108.11 1 0.248157
108.11 2 0.0416874
108.21 1 0.248157
108.21 2 0.0416874
108.31 1 0.248157
108.31 2 0.0416874
108.41 1 0.248157
108.41 2 0.0416874
108.51 1 0.248157
108.51 2 0.0416874
108.61 1 0.248157
108.61 2 0.0416874
108.71 1 0.248157
108.71 2 0.0416874
108.81 1 0.248157
108.81 2 0.0416874
108.91 1 0.248157
108.91 2 0.0416874
109.01 1 0.248157
109.01 2 0.0416874
109.11 1 0.248157
109.11 2 0.0416874
109.21 1 0.248157
109.21 2 0.0416874
109.31 1 0.248157
109.31 2 0.0416874
109.41 1 0.248157
109.41 2 0.0416874
109.51 1 0.248157
109.51 2 0.0416874
109.61 1 0.248157
109.61 2 0.0416874
109.71 1 0.248157
109.71 2 0.0416874
109.81 1 0.248157
109.81 2 0.0416874
109.91 1 0.248157
109.91 2 0.0416874
110.01 1 0.248157
110.01 2 0.0416874
110.11 1 0.248157
110.11 2 0.0416874
110.21 1 0.248157
110.21 2 0.0416874
110.31 1 0.248157
110.31 2 0.0416874
110.41 1 0.248157
110.41 2 0.0416874
110.51 1 0.248157
110.51 2 0.0416874
110.61 1 0.248157
110.61 2 0.0416874
110.71 1 0.248157
110.71 2 0.0416874
110.81 1 0.248157
110.81 2 0.0416874
110.91 1 0.248157
110.91 2 0.0416874
111.01 1 0.248157
111.01 2 0.0416874
111.11 1 0.248157
111.11 2 0.0416874
111.21 1 0.248157
111.21 2 0.0416874
111.31 1 0.248157
111.31 2 0.0416874
111.41 1 0.248157
111.41 2 0.0416874
111.51 1 0.248157
111.51 2 0.0416874
111.61 1 0.248157
111.61 2 0.0416874
111.71 1 0.248157
111.71 2 0.0416874
111.81 1 0.248157
111.81 2 0.0416874
111.91 1 0.248157
111.91 2 0.0416874
112.01 1 0.248157
112.01 2 0.0416874
112.11 1 0.248157
112.11 2 0.0416874
112.21 1 0.248157
112.21 2 0.0416874
112.31 1 0.248157
112.31 2 0.0416874
112.41 1 0.248157
112.41 2 0.0416874
112.51 1 0.248157
112.51 2 0.0416874
112.61 1 0.248157
112.61 2 0.0416874
112.71 1 0.248157
112.71 2 0.0416874
112.81 1 0.248157
112.81 2 0.0416874
112.91 1 0.248157
112.91 2 0.0416874
113.01 1 0.248157
113.01 2 0.0416874
113.11 1 0.248157
113.11 2 0.0416874
113.21 1 0.248157
113.21 2 0.0416874
113.31 1 0.248157
113.31 2 0.0416874
113.41 1 0.248157
113.41 2 0.0416874
113.51 1 0.248157
113.51 2 0.0416874
113.61 1 0.248157
113.61 2 0.0416874
113.71 1 0.248157
113.71 2 0.0416874
113.81 1 0.248157
113.81 2 0.0416874
113.91 1 0.248157
113.91 2 0.0416874
114.01 1 0.248157
114.01 2 0.0416874
114.11 1 0.248157
114.11 2 0.0416874
114.21 1 0.248157
114.21 2 0.0416874
114.31 1 0.248157
114.31 2 0.0416874
114.41 1 0.248157
114.41 2 0.0416874
114.51 1 0.248157
114.51 2 0.0416874
114.61 1 0.248157
114.61 2 0.0416874
114.71 1 0.248157
114.71 2 0.0416874
114.81 1 0.248157
114.81 2 0.0416874
114.91 1 0.248157
114.91 2 0.0416874
115.01 1 0.248157
115.01 2 0.0416874
115.11 1 0.248157
115.11 2 0.0416874
115.21 1 0.248157
115.21 2 0.0416874
115.31 1 0.248157
115.31 2 0.0416874
115.41 1 0.248157
115.41 2 0.0416874
115.51 1 0.248157
115.51 2 0.0416874
115.61 1 0.248157
115.61 2 0.0416874
115.71 1 0.248157
115.71 2 0.0416874
115.81 1 0.248157
115.81 2 0.0416874
115.91 1 0.248157
115.91 2 0.0416874
116.01 1 0.248157
116.01 2 0.0416874
116.11 1 0.248157
116.11 2 0.0416874
116.21 1 0.248157
116.21 2 0.0416874
116.31 1 0.248157
116.31 2 0.0416874
116.41 1 0.248157
116.41 2 0.0416874
116.51 1 0.248157
116.51 2 0.0416874
116.61 1 0.248157
116.61 2 0.0416874
116.71 1 0.248157
116.71 2 0.0416874
116.81 1 0.248157
116.81 2 0.0416874
116.91 1 0.248157
116.91 2 0.0416874
117.01 1 0.248157
117.01 2 0.0416874
117.11 1 0.248157
117.11 2 0.0416874
117.21 1 0.248157
117.21 2 0.0416874
117.31 1 0.248157
117.31 2 0.0416874
117.41 1 0.248157
117.41 2 0.0416874
117.51 1 0.248157
117.51 2 0.0416874
117.61 1 0.248157
117.61 2 0.0416874
117.71 1 0.248157
117.71 2 0.0416874
117.81 1 0.248157
117.81 2 0.0416874
117.91 1 0.248157
117.91 2 0.0416874
118.01 1 0.248157
118.01 2 0.0416874
118.11 1 0.248157
118.11 2 0.0416874
118.21 1 0.248157
118.21 2 0.0416874
118.31 1 0.248157
118.31 2 0.0416874
118.41 1 0.248157
118.41 2 0.0416874
118.51 1 0.248157
118.51 2 0.0416874
118.61 1 0.248157
118.61 2 0.0416874
118.71 1 0.248157
118.71 2 0.0416874
118.81 1 0.248157
118.81 2 0.0416874
118.91 1 0.248157
118.91 2 0.0416874
119.01 1 0.248157
119.01 2 0.0416874
119.11 1 0.248157
119.11 2 0.0416874
119.21 1 0.248157
119.21 2 0.0416874
119.31 1 0.248157
119.31 2 0.0416874
119.41 1 0.248157
119.41 2 0.0416874
119.51 1 0.248157
119.51 2 0.0416874
119.61 1 0.248157
119.61 2 0.0416874
119.71 1 0.248157
119.71 2 0.0416874
119.81 1 0.248157
119.81 2 0.0416874
119.91 1 0.248157
119.91 2 0.0416874
120.01 1 0.248157
120.01 2 0.0416874
120.11 1 0.248157
120.11 2 0.0416874
120.21 1 0.248157
120.21 2 0.0416874
120.31 1 0.248157
120.31 2 0.0416874
120.41 1 0.248157
120.41 2 0.0416874
120.51 1 0.248157
120.51 2 0.0416874
120.61 1 0.248157
120.61 2 0.0416874
120.71 1 0.248157
120.71 2 0.0416874
120.81 1 0.248157
120.81 2 0.0416874
120.91 1 0.248157
120.91 2 0.0416874
121.01 1 0.248157
121.01 2 0.0416874
121.11 1 0.248157
121.11 2 0.0416874
121.21 1 0.248157
121.21 2 0.0416874
121.31 1 0.248157
121.31 2 0.0416874
121.41 1 0.248157
121.41 2 0.0416874
121.51 1 0.248157
121.51 2 0.0416874
121.61 1 0.248157
121.61 2 0.0416874
121.71 1 0.248157
121.71 2 0.0416874
121.81 1 0.248157
121.81 2 0.0416874
121.91 1 0.248157
121.91 2 0.0416874
122.01 1 0.248157
122.01 2 0.0416874
122.11 1 0.248157
122.11 2 0.0416874
122.21 1 0.248157
122.21 2 0.0416874
122.31 1 0.248157
122.31 2 0.0416874
122.41 1 0.248157
122.41 2 0.0416874
122.51 1 0.248157
122.51 2 0.0416874
122.61 1 0.248157
122.61 2 0.0416874
122.71 1 0.248157
122.71 2 0.0416874
122.81 1 0.248157
122.81 2 0.0416874
122.91 1 0.248157
122.91 2 0.0416874
123.01 1 0.248157
123.01 2 0.0416874
123.11 1 0.248157
123.11 2 0.0416874
123.21 1 0.248157
123.21 2 0.0416874
123.31 1 0.248157
123.31 2 0.0416874
123.41 1 0.248157
123.41 2 0.0416874
123.51 1 0.248157
123.51 2 0.0416874
123.61 1 0.248157
123.61 2 0.0416874
123.71 1 0.248157
123.71 2 0.0416874
123.81 1 0.248157
123.81 2 0.0416874
123.91 1 0.248157
123.91 2 0.0416874
124.01 1 0.248157
124.01 2 0.0416874
124.11 1 0.248157
124.11 2 0.0416874
124.21 1 0.248157
124.21 2 0.0416874
124.31 1 0.248157
124.31 2 0.0416874
124.41 1 0.248157
124.41 2 0.0416874
124.51 1 0.248157
124.51 2 0.0416874
124.61 1 0.248157
124.61 2 0.0416874
124.71 1 0.248157
124.71 2 0.0416874
124.81 1 0.248157
124.81 2 0.0416874
124.91 1 0.248157
124.91 2 0.0416874
125.01 1 0.248157
125.01 2 0.0416874
125.11 1 0.248157
125.11 2 0.0416874
125.21 1 0.248157
125.21 2 0.0416874
125.31 1 0.248157
125.31 2 0.0416874
125.41 1 0.248157
125.41 2 0.0416874
125.51 1 0.248157
125.51 2 0.0416874
125.61 1 0.248157
125.61 2 0.0416874
125.71 1 0.248157
125.71 2 0.0416874
125.81 1 0.248157
125.81 2 0.0416874
125.91 1 0.248157
125.91 2 0.0416874
126.01 1 0.248157
126.01 2 0.0416874
126.11 1 0.248157
126.11 2 0.0416874
126.21 1 0.248157
126.21 2 0.0416874
126.31 1 0.248157
126.31 2 0.0416874
126.41 1 0.248157
126.41 2 0.0416874
126.51 1 0.248157
126.51 2 0.0416874
126.61 1 0.248157
126.61 2 0.0416874
126.71 1 0.248157
126.71 2 0.0416874
126.81 1 0.248157
126.81 2 0.0416874
126.91 1 0.248157
126.91 2 0.0416874
127.01 1 0.248157
127.01 2 0.0416874
127.11 1 0.248157
127.11 2 0.0416874
127.21 1 0.248157
127.21 2 0.0416874
127.31 1 0.248157
127.31 2 0.0416874
127.41 1 0.248157
127.41 2 0.0416874
127.51 1 0.248157
127.51 2 0.0416874
127.61 1 0.248157
127.61 2 0.0416874
127.71 1 0.248157
127.71 2 0.0416874
127.81 1 0.248157
127.81 2 0.0416874
127.91 1 0.248157
127.91 2 0.0416874
128.01 1 0.248157
128.01 2 0.0416874
128.11 1 0.248157
128.11 2 0.0416874
128.21 1 0.248157
128.21 2 0.0416874
128.31 1 0.248157
128.31 2 0.0416874
128.41 1 0.248157
128.41 2 0.0416874
128.51 1 0.248157
128.51 2 0.0416874
128.61 1 0.248157
128.61 2 0.0416874
128.71 1 0.248157
128.71 2 0.0416874
128.81 1 0.248157
128.81 2 0.0416874
128.91 1 0.248157
128.91 2 0.0416874
129.01 1 0.248157
129.01 2 0.0416874
129.11 1 0.248157
129.11 2 0.0416874
129.21 1 0.248157
129.21 2 0.0416874
129.31 1 0.248157
129.31 2 0.0416874
129.41 1 0.248157
129.41 2 0.0416874
129.51 1 0.248157
129.51 2 0.0416874
129.61 1 0.248157
129.61 2 0.0416874
129.71 1 0.248157
129.71 2 0.0416874
129.81 1 0.248157
129.81 2 0.0416874
129.91 1 0.248157
129.91 2 0.0416874
130.01 1 0.248157
130.01 2 0.0416874
130.11 1 0.248157
130.11 2 0.0416874
130.21 1 0.248157
130.21 2 0.0416874
130.31 1 0.248157
130.31 2 0.0416874
130.41 1 0.248157
130.41 2 0.0416874
130.51 1 0.248157
130.51 2 0.0416874
130.61 1 0.248157
130.61 2 0.0416874
130.71 1 0.248157
130.71 2 0.0416874
130.81 1 0.248157
130.81 2 0.0416874
130.91 1 0.248157
130.91 2 0.0416874
131.01 1 0.248157
131.01 2 0.0416874
131.11 1 0.248157
131.11 2 0.0416874
131.21 1 0.248157
131.21 2 0.0416874
131.31 1 0.248157
131.31 2 0.0416874
131.41 1 0.248157
131.41 2 0.0416874
131.51 1 0.248157
131.51 2 0.0416874
131.61 1 0.248157
131.61 2 0.0416874
131.71 1 0.248157
131.71 2 0.0416874
131.81 1 0.248157
131.81 2 0.0416874
131.91 1 0.248157
131.91 2 0.0416874
132.01 1 0.248157
132.01 2 0.0416874
132.11 1 0.248157
132.11 2 0.0416874
132.21 1 0.248157
132.21 2 0.0416874
132.31 1 0.248157
132.31 2 0.0416874
132.41 1 0.248157
132.41 2 0.0416874
132.51 1 0.248157
132.51 2 0.0416874
132.61 1 0.248157
132.61 2 0.0416874
132.71 1 0.248157
132.71 2 0.0416874
132.81 1 0.248157
132.81 2 0.0416874
132.91 1 0.248157
132.91 2 0.0416874
133.01 1 0.248157
133.01 2 0.0416874
133.11 1 0.248157
133.11 2 0.0416874
133.21 1 0.248157
133.21 2 0.0416874
133.31 1 0.248157
133.31 2 0.0416874
133.41 1 0.248157
133.41 2 0.0416874
133.51 1 0.248157
133.51 2 0.0416874
133.61 1 0.248157
133.61 2 0.0416874
133.71 1 0.248157
133.71 2 0.0416874
133.81 1 0.248157
133.81 2 0.0416874
133.91 1 0.248157
133.91 2 0.0416874
134.01 1 0.248157
134.01 2 0.0416874
134.11 1 0.248157
134.11 2 0.0416874
134.21 1 0.248157
134.21 2 0.0416874
134.31 1 0.248157
134.31 2 0.0416874
134.41 1 0.248157
134.41 2 0.0416874
134.51 1 0.248157
134.51 2 0.0416874
134.61 1 0.248157
134.61 2 0.0416874
134.71 1 0.248157
134.71 2 0.0416874
134.81 1 0.248157
134.81 2 0.0416874
134.91 1 0.248157
134.91 2 0.0416874
135.01 1 0.248157
135.01 2 0.0416874
135.11 1 0.248157
135.11 2 0.0416874
135.21 1 0.248157
135.21 2 0.0416874
135.31 1 0.248157
135.31 2 0.0416874
135.41 1 0.248157
135.41 2 0.0416874
135.51 1 0.248157
135.51 2 0.0416874
135.61 1 0.248157
135.61 2 0.0416874
135.71 1 0.248157
135.71 2 0.0416874
135.81 1 0.248157
135.81 2 0.0416874
135.91 1 0.248157
135.91 2 0.0416874
136.01 1 0.248157
136.01 2 0.0416874
136.11 1 0.248157
136.11 2 0.0416874
136.21 1 0.248157
136.21 2 0.0416874
136.31 1 0.248157
136.31 2 0.0416874
136.41 1 0.248157
136.41 2 0.0416874
136.51 1 0.248157
136.51 2 0.0416874
136.61 1 0.248157
136.61 2 0.0416874
136.71 1 0.248157
136.71 2 0.0416874
136.81 1 0.248157
136.81 2 0.0416874
136.91 1 0.248157
136.91 2 0.0416874
137.01 1 0.248157
137.01 2 0.0416874
137.11 1 0.248157
137.11 2 0.0416874
137.21 1 0.248157
137.21 2 0.0416874
137.31 1 0.248157
137.31 2 0.0416874
137.41 1 0.248157
137.41 2 0.0416874
137.51 1 0.248157
137.51 2 0.0416874
137.61 1 0.248157
137.61 2 0.0416874
137.71 1 0.248157
137.71 2 0.0416874
137.81 1 0.248157
137.81 2 0.0416874
137.91 1 0.248157
137.91 2 0.0416874
138.01 1 0.248157
138.01 2 0.0416874
138.11 1 0.248157
138.11 2 0.0416874
138.21 1 0.248157
138.21 2 0.0416874
138.31 1 0.248157
138.31 2 0.0416874
138.41 1 0.248157
138.41 2 0.0416874
138.51 1 0.248157
138.51 2 0.0416874
138.61 1 0.248157
138.61 2 0.0416874
138.71 1 0.248157
138.71 2 0.0416874
138.81 1 0.248157
138.81 2 0.0416874
138.91 1 0.248157
138.91 2 0.0416874
139.01 1 0.248157
139.01 2 0.0416874
139.11 1 0.248157
139.11 2 0.0416874
139.21 1 0.248157
139.21 2 0.0416874
139.31 1 0.248157
139.31 2 0.0416874
139.41 1 0.248157
139.41 2 0.0416874
139.51 1 0.248157
139.51 2 0.0416874
139.61 1 0.248157
139.61 2 0.0416874
139.71 1 0.248157
139.71 2 0.0416874
139.81 1 0.248157
139.81 2 0.0416874
139.91 1 0.248157
139.91 2 0.0416874
140.01 1 0.248157
140.01 2 0.0416874
140.11 1 0.248157
140.11 2 0.0416874
140.21 1 0.248157
140.21 2 0.0416874
140.31 1 0.248157
140.31 2 0.0416874
140.41 1 0.248157
140.41 2 0.0416874
140.51 1 0.248157
140.51 2 0.0416874
140.61 1 0.248157
140.61 2 0.0416874
140.71 1 0.248157
140.71 2 0.0416874
140.81 1 0.248157
140.81 2 0.0416874
140.91 1 0.248157
140.91 2 0.0416874
141.01 1 0.248157
141.01 2 0.0416874
141.11 1 0.248157
141.11 2 0.0416874
141.21 1 0.248157
141.21 2 0.0416874
141.31 1 0.248157
141.31 2 0.0416874
141.41 1 0.248157
141.41 2 0.0416874
141.51 1 0.248157
141.51 2 0.0416874
141.61 1 0.248157
141.61 2 0.0416874
141.71 1 0.248157
141.71 2 0.0416874
141.81 1 0.248157
141.81 2 0.0416874
141.91 1 0.248157
141.91 2 0.0416874
142.01 1 0.248157
142.01 2 0.0416874
142.11 1 0.248157
142.11 2 0.0416874
142.21 1 0.248157
142.21 2 0.0416874
142.31 1 0.248157
142.31 2 0.0416874
142.41 1 0.248157
142.41 2 0.0416874
142.51 1 0.248157
142.51 2 0.0416874
142.61 1 0.248157
142.61 2 0.0416874
142.71 1 0.248157
142.71 2 0.0416874
142.81 1 0.248157
142.81 2 0.0416874
142.91 1 0.248157
142.91 2 0.0416874
143.01 1 0.248157
143.01 2 0.0416874
143.11 1 0.248157
143.11 2 0.0416874
143.21 1 0.248157
143.21 2 0.0416874
143.31 1 0.248157
143.31 2 0.0416874
143.41 1 0.248157
143.41 2 0.0416874
143.51 1 0.248157
143.51 2 0.0416874
143.61 1 0.248157
143.61 2 0.0416874
143.71 1 0.248157
143.71 2 0.0416874
143.81 1 0.248157
143.81 2 0.0416874
143.91 1 0.248157
143.91 2 0.0416874
144.01 1 0.248157
144.01 2 0.0416874
144.11 1 0.248157
144.11 2 0.0416874
144.21 1 0.248157
144.21 2 0.0416874
144.31 1 0.248157
144.31 2 0.0416874
144.41 1 0.248157
144.41 2 0.0416874
144.51 1 0.248157
144.51 2 0.0416874
144.61 1 0.248157
144.61 2 0.0416874
144.71 1 0.248157
144.71 2 0.0416874
144.81 1 0.248157
144.81 2 0.0416874
144.91 1 0.248157
144.91 2 0.0416874
145.01 1 0.248157
145.01 2 0.0416874
145.11 1 0.248157
145.11 2 0.0416874
145.21 1 0.248157
145.21 2 0.0416874
145.31 1 0.248157
145.31 2 0.0416874
145.41 1 0.248157
145.41 2 0.0416874
145.51 1 0.248157
145.51 2 0.0416874
145.61 1 0.248157
145.61 2 0.0416874
145.71 1 0.248157
145.71 2 0.0416874
145.81 1 0.248157
145.81 2 0.0416874
145.91 1 0.248157
145.91 2 0.0416874
146.01 1 0.248157
146.01 2 0.0416874
146.11 1 0.248157
146.11 2 0.0416874
146.21 1 0.248157
146.21 2 0.0416874
146.31 1 0.248157
146.31 2 0.0416874
146.41 1 0.248157
146.41 2 0.0416874
146.51 1 0.248157
146.51 2 0.0416874
146.61 1 0.248157
146.61 2 0.0416874
146.71 1 0.248157
146.71 2 0.0416874
146.81 1 0.248157
146.81 2 0.0416874
146.91 1 0.248157
146.91 2 0.0416874
147.01 1 0.248157
147.01 2 0.0416874
147.11 1 0.248157
147.11 2 0.0416874
147.21 1 0.248157
147.21 2 0.0416874
147.31 1 0.248157
147.31 2 0.0416874
147.41 1 0.248157
147.41 2 0.0416874
147.51 1 0.248157
147.51 2 0.0416874
147.61 1 0.248157
147.61 2 0.0416874
147.71 1 0.248157
147.71 2 0.0416874
147.81 1 0.248157
147.81 2 0.0416874
147.91 1 0.248157
147.91 2 0.0416874
148.01 1 0.248157
148.01 2 0.0416874
148.11 1 0.248157
148.11 2 0.0416874
148.21 1 0.248157
148.21 2 0.0416874
148.31 1 0.248157
148.31 2 0.0416874
148.41 1 0.248157
148.41 2 0.0416874
148.51 1 0.248157
148.51 2 0.0416874
148.61 1 0.248157
148.61 2 0.0416874
148.71 1 0.248157
148.71 2 0.0416874
148.81 1 0.248157
148.81 2 0.0416874
148.91 1 0.248157
148.91 2 0.0416874
149.01 1 0.248157
149.01 2 0.0416874
149.11 1 0.248157
149.11 2 0.0416874
149.21 1 0.248157
149.21 2 0.0416874
149.31 1 0.248157
149.31 2 0.0416874
149.41 1 0.248157
149.41 2 0.0416874
149.51 1 0.248157
149.51 2 0.0416874
149.61 1 0.248157
149.61 2 0.0416874
149.71 1 0.248157
149.71 2 0.0416874
149.81 1 0.248157
149.81 2 0.0416874
149.91 1 0.248157
149.91 2 0.0416874
150.01 1 0.248157
150.01 2 0.0416874
150.11 1 0.248157
150.11 2 0.0416874
150.21 1 0.248157
150.21 2 0.0416874
150.31 1 0.248157
150.31 2 0.0416874
150.41 1 0.248157
150.41 2 0.0416874
150.51 1 0.248157
150.51 2 0.0416874
150.61 1 0.248157
150.61 2 0.0416874
150.71 1 0.248157
150.71 2 0.0416874
150.81 1 0.248157
150.81 2 0.0416874
150.91 1 0.248157
150.91 2 0.0416874
151.01 1 0.248157
151.01 2 0.0416874
151.11 1 0.248157
151.11 2 0.0416874
151.21 1 0.248157
151.21 2 0.0416874
151.31 1 0.248157
151.31 2 0.0416874
151.41 1 0.248157
151.41 2 0.0416874
151.51 1 0.248157
151.51 2 0.0416874
151.61 1 0.248157
151.61 2 0.0416874
151.71 1 0.248157
151.71 2 0.0416874
151.81 1 0.248157
151.81 2 0.0416874
151.91 1 0.248157
151.91 2 0.0416874
152.01 1 0.248157
152.01 2 0.0416874
152.11 1 0.248157
152.11 2 0.0416874
152.21 1 0.248157
152.21 2 0.0416874
152.31 1 0.248157
152.31 2 0.0416874
152.41 1 0.248157
152.41 2 0.0416874
152.51 1 0.248157
152.51 2 0.0416874
152.61 1 0.248157
152.61 2 0.0416874
152.71 1 0.248157
152.71 2 0.0416874
152.81 1 0.248157
152.81 2 0.0416874
152.91 1 0.248157
152.91 2 0.0416874
153.01 1 0.248157
153.01 2 0.0416874
153.11 1 0.248157
153.11 2 0.0416874
153.21 1 0.248157
153.21 2 0.0416874
153.31 1 0.248157
153.31 2 0.0416874
153.41 1 0.248157
153.41 2 0.0416874
153.51 1 0.248157
153.51 2 0.0416874
153.61 1 0.248157
153.61 2 0.0416874
153.71 1 0.248157
153.71 2 0.0416874
153.81 1 0.248157
153.81 2 0.0416874
153.91 1 0.248157
153.91 2 0.0416874
154.01 1 0.248157
154.01 2 0.0416874
154.11 1 0.248157
154.11 2 0.0416874
154.21 1 0.248157
154.21 2 0.0416874
154.31 1 0.248157
154.31 2 0.0416874
154.41 1 0.248157
154.41 2 0.0416874
154.51 1 0.248157
154.51 2 0.0416874
154.61 1 0.248157
154.61 2 0.0416874
154.71 1 0.248157
154.71 2 0.0416874
154.81 1 0.248157
154.81 2 0.0416874
154.91 1 0.248157
154.91 2 0.0416874
155.01 1 0.248157
155.01 2 0.0416874
155.11 1 0.248157
155.11 2 0.0416874
155.21 1 0.248157
155.21 2 0.0416874
155.31 1 0.248157
155.31 2 0.0416874
155.41 1 0.248157
155.41 2 0.0416874
155.51 1 0.248157
155.51 2 0.0416874
155.61 1 0.248157
155.61 2 0.0416874
155.71 1 0.248157
155.71 2 0.0416874
155.81 1 0.248157
155.81 2 0.0416874
155.91 1 0.248157
155.91 2 0.0416874
156.01 1 0.248157
156.01 2 0.0416874
156.11 1 0.248157
156.11 2 0.0416874
156.21 1 0.248157
156.21 2 0.0416874
156.31 1 0.248157
156.31 2 0.0416874
156.41 1 0.248157
156.41 2 0.0416874
156.51 1 0.248157
156.51 2 0.0416874
156.61 1 0.248157
156.61 2 0.0416874
156.71 1 0.248157
156.71 2 0.0416874
156.81 1 0.248157
156.81 2 0.0416874
156.91 1 0.248157
156.91 2 0.0416874
157.01 1 0.248157
157.01 2 0.0416874
157.11 1 0.248157
157.11 2 0.0416874
157.21 1 0.248157
157.21 2 0.0416874
157.31 1 0.248157
157.31 2 0.0416874
157.41 1 0.248157
157.41 2 0.0416874
157.51 1 0.248157
157.51 2 0.0416874
157.61 1 0.248157
157.61 2 0.0416874
157.71 1 0.248157
157.71 2 0.0416874
157.81 1 0.248157
157.81 2 0.0416874
157.91 1 0.248157
157.91 2 0.0416874
158.01 1 0.248157
158.01 2 0.0416874
158.11 1 0.248157
158.11 2 0.0416874
158.21 1 0.248157
158.21 2 0.0416874
158.31 1 0.248157
158.31 2 0.0416874
158.41 1 0.248157
158.41 2 0.0416874
158.51 1 0.248157
158.51 2 0.0416874
158.61 1 0.248157
158.61 2 0.0416874
158.71 1 0.248157
158.71 2 0.0416874
158.81 1 0.248157
158.81 2 0.0416874
158.91 1 0.248157
158.91 2 0.0416874
159.01 1 0.248157
159.01 2 0.0416874
159.11 1 0.248157
159.11 2 0.0416874
159.21 1 0.248157
159.21 2 0.0416874
159.31 1 0.248157
159.31 2 0.0416874
159.41 1 0.248157
159.41 2 0.0416874
159.51 1 0.248157
159.51 2 0.0416874
159.61 1 0.248157
159.61 2 0.0416874
159.71 1 0.248157
159.71 2 0.0416874
159.81 1 0.248157
159.81 2 0.0416874
159.91 1 0.248157
159.91 2 0.0416874
160.01 1 0.248157
160.01 2 0.0416874
160.11 1 0.248157
160.11 2 0.0416874
160.21 1 0.248157
160.21 2 0.0416874
160.31 1 0.248157
160.31 2 0.0416874
160.41 1 0.248157
160.41 2 0.0416874
160.51 1 0.248157
160.51 2 0.0416874
160.61 1 0.248157
160.61 2 0.0416874
160.71 1 0.248157
160.71 2 0.0416874
160.81 1 0.248157
160.81 2 0.0416874
160.91 1 0.248157
160.91 2 0.0416874
161.01 1 0.248157
161.01 2 0.0416874
161.11 1 0.248157
161.11 2 0.0416874
161.21 1 0.248157
161.21 2 0.0416874
161.31 1 0.248157
161.31 2 0.0416874
161.41 1 0.248157
161.41 2 0.0416874
161.51 1 0.248157
161.51 2 0.0416874
161.61 1 0.248157
161.61 2 0.0416874
161.71 1 0.248157
161.71 2 0.0416874
161.81 1 0.248157
161.81 2 0.0416874
161.91 1 0.248157
161.91 2 0.0416874
162.01 1 0.248157
162.01 2 0.0416874
162.11 1 0.248157
162.11 2 0.0416874
162.21 1 0.248157
162.21 2 0.0416874
162.31 1 0.248157
162.31 2 0.0416874
162.41 1 0.248157
162.41 2 0.0416874
162.51 1 0.248157
162.51 2 0.0416874
162.61 1 0.248157
162.61 2 0.0416874
162.71 1 0.248157
162.71 2 0.0416874
162.81 1 0.248157
162.81 2 0.0416874
162.91 1 0.248157
162.91 2 0.0416874
163.01 1 0.248157
163.01 2 0.0416874
163.11 1 0.248157
163.11 2 0.0416874
163.21 1 0.248157
163.21 2 0.0416874
163.31 1 0.248157
163.31 2 0.0416874
163.41 1 0.248157
163.41 2 0.0416874
163.51 1 0.248157
163.51 2 0.0416874
163.61 1 0.248157
163.61 2 0.0416874
163.71 1 0.248157
163.71 2 0.0416874
163.81 1 0.248157
163.81 2 0.0416874
163.91 1 0.248157
163.91 2 0.0416874
164.01 1 0.248157
164.01 2 0.0416874
164.11 1 0.248157
164.11 2 0.0416874
164.21 1 0.248157
164.21 2 0.0416874
164.31 1 0.248157
164.31 2 0.0416874
164.41 1 0.248157
164.41 2 0.0416874
164.51 1 0.248157
164.51 2 0.0416874
164.61 1 0.248157
164.61 2 0.0416874
164.71 1 0.248157
164.71 2 0.0416874
164.81 1 0.248157
164.81 2 0.0416874
164.91 1 0.248157
164.91 2 0.0416874
165.01 1 0.248157
165.01 2 0.0416874
165.11 1 0.248157
165.11 2 0.0416874
165.21 1 0.248157
165.21 2 0.0416874
165.31 1 0.248157
165.31 2 0.0416874
165.41 1 0.248157
165.41 2 0.0416874
165.51 1 0.248157
165.51 2 0.0416874
165.61 1 0.248157
165.61 2 0.0416874
165.71 1 0.248157
165.71 2 0.0416874
165.81 1 0.248157
165.81 2 0.0416874
165.91 1 0.248157
165.91 2 0.0416874
166.01 1 0.248157
166.01 2 0.0416874
166.11 1 0.248157
166.11 2 0.0416874
166.21 1 0.248157
166.21 2 0.0416874
166.31 1 0.248157
166.31 2 0.0416874
166.41 1 0.248157
166.41 2 0.0416874
166.51 1 0.248157
166.51 2 0.0416874
166.61 1 0.248157
166.61 2 0.0416874
166.71 1 0.248157
166.71 2 0.0416874
166.81 1 0.248157
166.81 2 0.0416874
166.91 1 0.248157
166.91 2 0.0416874
167.01 1 0.248157
167.01 2 0.0416874
167.11 1 0.248157
167.11 2 0.0416874
167.21 1 0.248157
167.21 2 0.0416874
167.31 1 0.248157
167.31 2 0.0416874
167.41 1 0.248157
167.41 2 0.0416874
167.51 1 0.248157
167.51 2 0.0416874
167.61 1 0.248157
167.61 2 0.0416874
167.71 1 0.248157
167.71 2 0.0416874
167.81 1 0.248157
167.81 2 0.0416874
167.91 1 0.248157
167.91 2 0.0416874
168.01 1 0.248157
168.01 2 0.0416874
168.11 1 0.248157
168.11 2 0.0416874
168.21 1 0.248157
168.21 2 0.0416874
168.31 1 0.248157
168.31 2 0.0416874
168.41 1 0.248157
168.41 2 0.0416874
168.51 1 0.248157
168.51 2 0.0416874
168.61 1 0.248157
168.61 2 0.0416874
168.71 1 0.248157
168.71 2 0.0416874
168.81 1 0.248157
168.81 2 0.0416874
168.91 1 0.248157
168.91 2 0.0416874
169.01 1 0.248157
169.01 2 0.0416874
169.11 1 0.248157
169.11 2 0.0416874
169.21 1 0.248157
169.21 2 0.0416874
169.31 1 0.248157
169.31 2 0.0416874
169.41 1 0.248157
169.41 2 0.0416874
169.51 1 0.248157
169.51 2 0.0416874
169.61 1 0.248157
169.61 2 0.0416874
169.71 1 0.248157
169.71 2 0.0416874
169.81 1 0.248157
169.81 2 0.0416874
169.91 1 0.248157
169.91 2 0.0416874
170.01 1 0.248157
170.01 2 0.0416874
170.11 1 0.248157
170.11 2 0.0416874
170.21 1 0.248157
170.21 2 0.0416874
170.31 1 0.248157
170.31 2 0.0416874
170.41 1 0.248157
170.41 2 0.0416874
170.51 1 0.248157
170.51 2 0.0416874
170.61 1 0.248157
170.61 2 0.0416874
170.71 1 0.248157
170.71 2 0.0416874
170.81 1 0.248157
170.81 2 0.0416874
170.91 1 0.248157
170.91 2 0.0416874
171.01 1 0.248157
171.01 2 0.0416874
171.11 1 0.248157
171.11 2 0.0416874
171.21 1 0.248157
171.21 2 0.0416874
171.31 1 0.248157
171.31 2 0.0416874
171.41 1 0.248157
171.41 2 0.0416874
171.51 1 0.248157
171.51 2 0.0416874
171.61 1 0.248157
171.61 2 0.0416874
171.71 1 0.248157
171.71 2 0.0416874
171.81 1 0.248157
171.81 2 0.0416874
171.91 1 0.248157
171.91 2 0.0416874
172.01 1 0.248157
172.01 2 0.0416874
172.11 1 0.248157
172.11 2 0.0416874
172.21 1 0.248157
172.21 2 0.0416874
172.31 1 0.248157
172.31 2 0.0416874
172.41 1 0.248157
172.41 2 0.0416874
172.51 1 0.248157
172.51 2 0.0416874
172.61 1 0.248157
172.61 2 0.0416874
172.71 1 0.248157
172.71 2 0.0416874
172.81 1 0.248157
172.81 2 0.0416874
172.91 1 0.248157
172.91 2 0.0416874
173.01 1 0.248157
173.01 2 0.0416874
173.11 1 0.248157
173.11 2 0.0416874
173.21 1 0.248157
173.21 2 0.0416874
173.31 1 0.248157
173.31 2 0.0416874
173.41 1 0.248157
173.41 2 0.0416874
173.51 1 0.248157
173.51 2 0.0416874
173.61 1 0.248157
173.61 2 0.0416874
173.71 1 0.248157
173.71 2 0.0416874
173.81 1 0.248157
173.81 2 0.0416874
173.91 1 0.248157
173.91 2 0.0416874
174.01 1 0.248157
174.01 2 0.0416874
174.11 1 0.248157
174.11 2 0.0416874
174.21 1 0.248157
174.21 2 0.0416874
174.31 1 0.248157
174.31 2 0.0416874
174.41 1 0.248157
174.41 2 0.0416874
174.51 1 0.248157
174.51 2 0.0416874
174.61 1 0.248157
174.61 2 0.0416874
174.71 1 0.248157
174.71 2 0.0416874
174.81 1 0.248157
174.81 2 0.0416874
174.91 1 0.248157
174.91 2 0.0416874
175.01 1 0.248157
175.01 2 0.0416874
175.11 1 0.248157
175.11 2 0.0416874
175.21 1 0.248157
175.21 2 0.0416874
175.31 1 0.248157
175.31 2 0.0416874
175.41 1 0.248157
175.41 2 0.0416874
175.51 1 0.248157
175.51 2 0.0416874
175.61 1 0.248157
175.61 2 0.0416874
175.71 1 0.248157
175.71 2 0.0416874
175.81 1 0.248157
175.81 2 0.0416874
175.91 1 0.248157
175.91 2 0.0416874
176.01 1 0.248157
176.01 2 0.0416874
176.11 1 0.248157
176.11 2 0.0416874
176.21 1 0.248157
176.21 2 0.0416874
176.31 1 0.248157
176.31 2 0.0416874
176.41 1 0.248157
176.41 2 0.0416874
176.51 1 0.248157
176.51 2 0.0416874
176.61 1 0.248157
176.61 2 0.0416874
176.71 1 0.248157
176.71 2 0.0416874
176.81 1 0.248157
176.81 2 0.0416874
176.91 1 0.248157
176.91 2 0.0416874
177.01 1 0.248157
177.01 2 0.0416874
177.11 1 0.248157
177.11 2 0.0416874
177.21 1 0.248157
177.21 2 0.0416874
177.31 1 0.248157
177.31 2 0.0416874
177.41 1 0.248157
177.41 2 0.0416874
177.51 1 0.248157
177.51 2 0.0416874
177.61 1 0.248157
177.61 2 0.0416874
177.71 1 0.248157
177.71 2 0.0416874
177.81 1 0.248157
177.81 2 0.0416874
177.91 1 0.248157
177.91 2 0.0416874
178.01 1 0.248157
178.01 2 0.0416874
178.11 1 0.248157
178.11 2 0.0416874
178.21 1 0.248157
178.21 2 0.0416874
178.31 1 0.248157
178.31 2 0.0416874
178.41 1 0.248157
178.41 2 0.0416874
178.51 1 0.248157
178.51 2 0.0416874
178.61 1 0.248157
178.61 2 0.0416874
178.71 1 0.248157
178.71 2 0.0416874
178.81 1 0.248157
178.81 2 0.0416874
178.91 1 0.248157
178.91 2 0.0416874
179.01 1 0.248157
179.01 2 0.0416874
179.11 1 0.248157
179.11 2 0.0416874
179.21 1 0.248157
179.21 2 0.0416874
179.31 1 0.248157
179.31 2 0.0416874
179.41 1 0.248157
179.41 2 0.0416874
179.51 1 0.248157
179.51 2 0.0416874
179.61 1 0.248157
179.61 2 0.0416874
179.71 1 0.248157
179.71 2 0.0416874
179.81 1 0.248157
179.81 2 0.0416874
179.91 1 0.248157
179.91 2 0.0416874
180.01 1 0.248157
180.01 2 0.0416874
180.11 1 0.248157
180.11 2 0.0416874
180.21 1 0.248157
180.21 2 0.0416874
180.31 1 0.248157
180.31 2 0.0416874
180.41 1 0.248157
180.41 2 0.0416874
180.51 1 0.248157
180.51 2 0.0416874
180.61 1 0.248157
180.61 2 0.0416874
180.71 1 0.248157
180.71 2 0.0416874
180.81 1 0.248157
180.81 2 0.0416874
180.91 1 0.248157
180.91 2 0.0416874
181.01 1 0.248157
181.01 2 0.0416874
181.11 1 0.248157
181.11 2 0.0416874
181.21 1 0.248157
181.21 2 0.0416874
181.31 1 0.248157
181.31 2 0.0416874
181.41 1 0.248157
181.41 2 0.0416874
181.51 1 0.248157
181.51 2 0.0416874
181.61 1 0.248157
181.61 2 0.0416874
181.71 1 0.248157
181.71 2 0.0416874
181.81 1 0.248157
181.81 2 0.0416874
181.91 1 0.248157
181.91 2 0.0416874
182.01 1 0.248157
182.01 2 0.0416874
182.11 1 0.248157
182.11 2 0.0416874
182.21 1 0.248157
182.21 2 0.0416874
182.31 1 0.248157
182.31 2 0.0416874
182.41 1 0.248157
182.41 2 0.0416874
182.51 1 0.248157
182.51 2 0.0416874
182.61 1 0.248157
182.61 2 0.0416874
182.71 1 0.248157
182.71 2 0.0416874
182.81 1 0.248157
182.81 2 0.0416874
182.91 1 0.248157
182.91 2 0.0416874
183.01 1 0.248157
183.01 2 0.0416874
183.11 1 0.248157
183.11 2 0.0416874
183.21 1 0.248157
183.21 2 0.0416874
183.31 1 0.248157
183.31 2 0.0416874
183.41 1 0.248157
183.41 2 0.0416874
183.51 1 0.248157
183.51 2 0.0416874
183.61 1 0.248157
183.61 2 0.0416874
183.71 1 0.248157
183.71 2 0.0416874
183.81 1 0.248157
183.81 2 0.0416874
183.91 1 0.248157
183.91 2 0.0416874
184.01 1 0.248157
184.01 2 0.0416874
184.11 1 0.248157
184.11 2 0.0416874
184.21 1 0.248157
184.21 2 0.0416874
184.31 1 0.248157
184.31 2 0.0416874
184.41 1 0.248157
184.41 2 0.0416874
184.51 1 0.248157
184.51 2 0.0416874
184.61 1 0.248157
184.61 2 0.0416874
184.71 1 0.248157
184.71 2 0.0416874
184.81 1 0.248157
184.81 2 0.0416874
184.91 1 0.248157
184.91 2 0.0416874
185.01 1 0.248157
185.01 2 0.0416874
185.11 1 0.248157
185.11 2 0.0416874
185.21 1 0.248157
185.21 2 0.0416874
185.31 1 0.248157
185.31 2 0.0416874
185.41 1 0.248157
185.41 2 0.0416874
185.51 1 0.248157
185.51 2 0.0416874
185.61 1 0.248157
185.61 2 0.0416874
185.71 1 0.248157
185.71 2 0.0416874
185.81 1 0.248157
185.81 2 0.0416874
185.91 1 0.248157
185.91 2 0.0416874
186.01 1 0.248157
186.01 2 0.0416874
186.11 1 0.248157
186.11 2 0.0416874
186.21 1 0.248157
186.21 2 0.0416874
186.31 1 0.248157
186.31 2 0.0416874
186.41 1 0.248157
186.41 2 0.0416874
186.51 1 0.248157
186.51 2 0.0416874
186.61 1 0.248157
186.61 2 0.0416874
186.71 1 0.248157
186.71 2 0.0416874
186.81 1 0.248157
186.81 2 0.0416874
186.91 1 0.248157
186.91 2 0.0416874
187.01 1 0.248157
187.01 2 0.0416874
187.11 1 0.248157
187.11 2 0.0416874
187.21 1 0.248157
187.21 2 0.0416874
187.31 1 0.248157
187.31 2 0.0416874
187.41 1 0.248157
187.41 2 0.0416874
187.51 1 0.248157
187.51 2 0.0416874
187.61 1 0.248157
187.61 2 0.0416874
187.71 1 0.248157
187.71 2 0.0416874
187.81 1 0.248157
187.81 2 0.0416874
187.91 1 0.248157
187.91 2 0.0416874
188.01 1 0.248157
188.01 2 0.0416874
188.11 1 0.248157
188.11 2 0.0416874
188.21 1 0.248157
188.21 2 0.0416874
188.31 1 0.248157
188.31 2 0.0416874
188.41 1 0.248157
188.41 2 0.0416874
188.51 1 0.248157
188.51 2 0.0416874
188.61 1 0.248157
188.61 2 0.0416874
188.71 1 0.248157
188.71 2 0.0416874
188.81 1 0.248157
188.81 2 0.0416874
188.91 1 0.248157
188.91 2 0.0416874
189.01 1 0.248157
189.01 2 0.0416874
189.11 1 0.248157
189.11 2 0.0416874
189.21 1 0.248157
189.21 2 0.0416874
189.31 1 0.248157
189.31 2 0.0416874
189.41 1 0.248157
189.41 2 0.0416874
189.51 1 0.248157
189.51 2 0.0416874
189.61 1 0.248157
189.61 2 0.0416874
189.71 1 0.248157
189.71 2 0.0416874
189.81 1 0.248157
189.81 2 0.0416874
189.91 1 0.248157
189.91 2 0.0416874
190.01 1 0.248157
190.01 2 0.0416874
190.11 1 0.248157
190.11 2 0.0416874
190.21 1 0.248157
190.21 2 0.0416874
190.31 1 0.248157
190.31 2 0.0416874
190.41 1 0.248157
190.41 2 0.0416874
190.51 1 0.248157
190.51 2 0.0416874
190.61 1 0.248157
190.61 2 0.0416874
190.71 1 0.248157
190.71 2 0.0416874
190.81 1 0.248157
190.81 2 0.0416874
190.91 1 0.248157
190.91 2 0.0416874
191.01 1 0.248157
191.01 2 0.0416874
191.11 1 0.248157
191.11 2 0.0416874
191.21 1 0.248157
191.21 2 0.0416874
191.31 1 0.248157
191.31 2 0.0416874
191.41 1 0.248157
191.41 2 0.0416874
191.51 1 0.248157
191.51 2 0.0416874
191.61 1 0.248157
191.61 2 0.0416874
191.71 1 0.248157
191.71 2 0.0416874
191.81 1 0.248157
191.81 2 0.0416874
191.91 1 0.248157
191.91 2 0.0416874
192.01 1 0.248157
192.01 2 0.0416874
192.11 1 0.248157
192.11 2 0.0416874
192.21 1 0.248157
192.21 2 0.0416874
192.31 1 0.248157
192.31 2 0.0416874
192.41 1 0.248157
192.41 2 0.0416874
192.51 1 0.248157
192.51 2 0.0416874
192.61 1 0.248157
192.61 2 0.0416874
192.71 1 0.248157
192.71 2 0.0416874
192.81 1 0.248157
192.81 2 0.0416874
192.91 1 0.248157
192.91 2 0.0416874
193.01 1 0.248157
193.01 2 0.0416874
193.11 1 0.248157
193.11 2 0.0416874
193.21 1 0.248157
193.21 2 0.0416874
193.31 1 0.248157
193.31 2 0.0416874
193.41 1 0.248157
193.41 2 0.0416874
193.51 1 0.248157
193.51 2 0.0416874
193.61 1 0.248157
193.61 2 0.0416874
193.71 1 0.248157
193.71 2 0.0416874
193.81 1 0.248157
193.81 2 0.0416874
193.91 1 0.248157
193.91 2 0.0416874
194.01 1 0.248157
194.01 2 0.0416874
194.11 1 0.248157
194.11 2 0.0416874
194.21 1 0.248157
194.21 2 0.0416874
194.31 1 0.248157
194.31 2 0.0416874
194.41 1 0.248157
194.41 2 0.0416874
194.51 1 0.248157
194.51 2 0.0416874
194.61 1 0.248157
194.61 2 0.0416874
194.71 1 0.248157
194.71 2 0.0416874
194.81 1 0.248157
194.81 2 0.0416874
194.91 1 0.248157
194.91 2 0.0416874
195.01 1 0.248157
195.01 2 0.0416874
195.11 1 0.248157
195.11 2 0.0416874
195.21 1 0.248157
195.21 2 0.0416874
195.31 1 0.248157
195.31 2 0.0416874
195.41 1 0.248157
195.41 2 0.0416874
195.51 1 0.248157
195.51 2 0.0416874
195.61 1 0.248157
195.61 2 0.0416874
195.71 1 0.248157
195.71 2 0.0416874
195.81 1 0.248157
195.81 2 0.0416874
195.91 1 0.248157
195.91 2 0.0416874
196.01 1 0.248157
196.01 2 0.0416874
196.11 1 0.248157
196.11 2 0.0416874
196.21 1 0.248157
196.21 2 0.0416874
196.31 1 0.248157
196.31 2 0.0416874
196.41 1 0.248157
196.41 2 0.0416874
196.51 1 0.248157
196.51 2 0.0416874
196.61 1 0.248157
196.61 2 0.0416874
196.71 1 0.248157
196.71 2 0.0416874
196.81 1 0.248157
196.81 2 0.0416874
196.91 1 0.248157
196.91 2 0.0416874
197.01 1 0.248157
197.01 2 0.0416874
197.11 1 0.248157
197.11 2 0.0416874
197.21 1 0.248157
197.21 2 0.0416874
197.31 1 0.248157
197.31 2 0.0416874
197.41 1 0.248157
197.41 2 0.0416874
197.51 1 0.248157
197.51 2 0.0416874
197.61 1 0.248157
197.61 2 0.0416874
197.71 1 0.248157
197.71 2 0.0416874
197.81 1 0.248157
197.81 2 0.0416874
197.91 1 0.248157
197.91 2 0.0416874
198.01 1 0.248157
198.01 2 0.0416874
198.11 1 0.248157
198.11 2 0.0416874
198.21 1 0.248157
198.21 2 0.0416874
198.31 1 0.248157
198.31 2 0.0416874
198.41 1 0.248157
198.41 2 0.0416874
198.51 1 0.248157
198.51 2 0.0416874
198.61 1 0.248157
198.61 2 0.0416874
198.71 1 0.248157
198.71 2 0.0416874
198.81 1 0.248157
198.81 2 0.0416874
198.91 1 0.248157
198.91 2 0.0416874
199.01 1 0.248157
199.01 2 0.0416874
199.11 1 0.248157
199.11 2 0.0416874
199.21 1 0.248157
199.21 2 0.0416874
199.31 1 0.248157
199.31 2 0.0416874
199.41 1 0.248157
199.41 2 0.0416874
199.51 1 0.248157
199.51 2 0.0416874
199.61 1 0.248157
199.61 2 0.0416874
199.71 1 0.248157
199.71 2 0.0416874
199.81 1 0.248157
199.81 2 0.0416874
199.91 1 0.248157
199.91 2 0.0416874
200.01 1 0.248157
200.01 2 0.0416874
200.11 1 0.248157
200.11 2 0.0416874
200.21 1 0.248157
200.21 2 0.0416874
200.31 1 0.248157
200.31 2 0.0416874
200.41 1 0.248157
200.41 2 0.0416874
200.51 1 0.248157
200.51 2 0.0416874
200.61 1 0.248157
200.61 2 0.0416874
200.71 1 0.248157
200.71 2 0.0416874
200.81 1 0.248157
200.81 2 0.0416874
200.91 1 0.248157
200.91 2 0.0416874
