0.010001 1 -0
0.110001 1 -0
0.210001 1 0.00418536
0.210001 2 -0
0.310001 1 0.00418536
0.310001 2 0.00418536
0.410001 1 0.133507
0.410001 2 0.00418536
0.510001 1 0.133507
0.510001 2 0.00830855
0.610001 1 0.184966
0.610001 2 0.00830855
0.710001 1 0.213182
0.710001 2 0.0109497
0.810001 1 0.246174
0.810001 2 0.0122624
0.910001 1 0.267801
0.910001 2 0.0139006
1.01 1 0.277037
1.01 2 0.0151479
1.11 1 0.289155
1.11 2 0.0168591
1.21 1 0.294036
1.21 2 0.0192532
1.31 1 0.294036
1.31 2 0.0216749
1.41 1 0.26831
1.41 2 0.0216749
1.51 1 0.278719
1.51 2 0.0195855
1.61 1 0.261793
1.61 2 0.0199828
1.71 1 0.284814
1.71 2 0.0183605
1.81 1 0.280444
1.81 2 0.0195253
1.91 1 0.302236
1.91 2 0.0190769
2.01 1 0.297435
2.01 2 0.0200822
2.11 1 0.316282
2.11 2 0.0203696
2.21 1 0.322476
2.21 2 0.0202696
2.31 1 0.323466
2.31 2 0.0206502
2.41 1 0.332891
2.41 2 0.0204077
2.51 1 0.333561
2.51 2 0.0209233
2.61 1 0.343361
2.61 2 0.0208026
2.71 1 0.342544
2.71 2 0.0212648
2.81 1 0.352234
2.81 2 0.0210895
2.91 1 0.351132
2.91 2 0.0215543
3.01 1 0.35985
3.01 2 0.0213806
3.11 1 0.356763
3.11 2 0.0218027
3.21 1 0.363494
3.21 2 0.0219078
3.31 1 0.361133
3.31 2 0.0231594
3.41 1 0.361639
3.41 2 0.0233587
3.51 1 0.346417
3.51 2 0.0233587
3.61 1 0.355353
3.61 2 0.0223537
3.71 1 0.355831
3.71 2 0.0227434
3.81 1 0.360378
3.81 2 0.0225568
3.91 1 0.363795
3.91 2 0.0227683
4.01 1 0.363852
4.01 2 0.0229146
4.11 1 0.368814
4.11 2 0.0227871
4.21 1 0.368343
4.21 2 0.0230269
4.31 1 0.373333
4.31 2 0.0228842
4.41 1 0.372098
4.41 2 0.023128
4.51 1 0.377425
4.51 2 0.022896
4.61 1 0.374613
4.61 2 0.0231446
4.71 1 0.381147
4.71 2 0.0229069
4.81 1 0.377799
4.81 2 0.0232312
4.91 1 0.384547
4.91 2 0.0230277
5.01 1 0.381648
5.01 2 0.023294
5.11 1 0.387116
5.11 2 0.0231141
5.21 1 0.384536
5.21 2 0.0233675
5.31 1 0.388779
5.31 2 0.0231461
5.41 1 0.386504
5.41 2 0.0233617
5.51 1 0.39128
5.51 2 0.0234499
5.61 1 0.393185
5.61 2 0.0234151
5.71 1 0.393343
5.71 2 0.0235116
5.81 1 0.395639
5.81 2 0.0234335
5.91 1 0.394629
5.91 2 0.0235688
6.01 1 0.397919
6.01 2 0.0234541
6.11 1 0.396687
6.11 2 0.0236219
6.21 1 0.400043
6.21 2 0.0234972
6.31 1 0.398384
6.31 2 0.0236713
6.41 1 0.402025
6.41 2 0.0234986
6.51 1 0.399398
6.51 2 0.0237175
6.61 1 0.40327
6.61 2 0.0235396
6.71 1 0.400525
6.71 2 0.0241633
6.81 1 0.402394
6.81 2 0.0241604
6.91 1 0.402394
6.91 2 0.024469
7.01 1 0.394344
7.01 2 0.024469
7.11 1 0.394344
7.11 2 0.0239132
7.21 1 0.385925
7.21 2 0.0239132
7.31 1 0.385925
7.31 2 0.0239132
7.41 1 0.375286
7.41 2 0.0239132
7.51 1 0.375286
7.51 2 0.0239132
7.61 1 0.375286
7.61 2 0.0239132
7.71 1 0.375286
7.71 2 0.0239132
7.81 1 0.355238
7.81 2 0.0239132
7.91 1 0.355238
7.91 2 0.0239132
8.01 1 0.355238
8.01 2 0.0239132
8.11 1 0.355238
8.11 2 0.0239132
8.21 1 0.355238
8.21 2 0.0239132
8.31 1 0.355238
8.31 2 0.0239132
8.41 1 0.355238
8.41 2 0.0239132
8.51 1 0.355238
8.51 2 0.0239132
8.61 1 0.355238
8.61 2 0.0239132
8.71 1 0.320616
8.71 2 0.0239132
8.81 1 0.320616
8.81 2 0.0239132
8.91 1 0.320616
8.91 2 0.0239132
9.01 1 0.320616
9.01 2 0.0239132
9.11 1 0.320616
9.11 2 0.0239132
9.21 1 0.320616
9.21 2 0.0239132
9.31 1 0.320616
9.31 2 0.0239132
9.41 1 0.320616
9.41 2 0.0239132
9.51 1 0.320616
9.51 2 0.0239132
9.61 1 0.320616
9.61 2 0.0239132
9.71 1 0.320616
9.71 2 0.0239132
9.81 1 0.320616
9.81 2 0.0239132
9.91 1 0.320616
9.91 2 0.0239132
10.01 1 0.320616
10.01 2 0.0239132
10.11 1 0.320616
10.11 2 0.0239132
10.21 1 0.320616
10.21 2 0.0239132
10.31 1 0.320616
10.31 2 0.0239132
10.41 1 0.268116
10.41 2 0.0239132
10.51 1 0.268116
10.51 2 0.0239132
10.61 1 0.268116
10.61 2 0.0239132
10.71 1 0.268116
10.71 2 0.0239132
10.81 1 0.268116
10.81 2 0.0239132
10.91 1 0.268116
10.91 2 0.0239132
11.01 1 0.268116
11.01 2 0.0239132
11.11 1 0.268116
11.11 2 0.0239132
11.21 1 0.268116
11.21 2 0.0239132
11.31 1 0.268116
11.31 2 0.0239132
11.41 1 0.268116
11.41 2 0.0239132
11.51 1 0.268116
11.51 2 0.0239132
11.61 1 0.268116
11.61 2 0.0239132
11.71 1 0.268116
11.71 2 0.0239132
11.81 1 0.268116
11.81 2 0.0239132
11.91 1 0.268116
11.91 2 0.0239132
12.01 1 0.268116
12.01 2 0.0239132
12.11 1 0.268116
12.11 2 0.0239132
12.21 1 0.268116
12.21 2 0.0239132
12.31 1 0.268116
12.31 2 0.0239132
12.41 1 0.268116
12.41 2 0.0239132
12.51 1 0.268116
12.51 2 0.0239132
12.61 1 0.268116
12.61 2 0.0239132
12.71 1 0.268116
12.71 2 0.0239132
12.81 1 0.268116
12.81 2 0.0239132
12.91 1 0.268116
12.91 2 0.0239132
13.01 1 0.268116
13.01 2 0.0239132
13.11 1 0.268116
13.11 2 0.0239132
13.21 1 0.268116
13.21 2 0.0239132
13.31 1 0.268116
13.31 2 0.0239132
13.41 1 0.268116
13.41 2 0.0239132
13.51 1 0.268116
13.51 2 0.0239132
13.61 1 0.268116
13.61 2 0.0239132
13.71 1 0.268116
13.71 2 0.0239132
13.81 1 0.201896
13.81 2 0.0239132
13.91 1 0.201896
13.91 2 0.0239132
14.01 1 0.201896
14.01 2 0.0239132
14.11 1 0.201896
14.11 2 0.0239132
14.21 1 0.201896
14.21 2 0.0239132
14.31 1 0.201896
14.31 2 0.0239132
14.41 1 0.201896
14.41 2 0.0239132
14.51 1 0.201896
14.51 2 0.0239132
14.61 1 0.201896
14.61 2 0.0239132
14.71 1 0.201896
14.71 2 0.0239132
14.81 1 0.201896
14.81 2 0.0239132
14.91 1 0.201896
14.91 2 0.0239132
15.01 1 0.201896
15.01 2 0.0239132
15.11 1 0.201896
15.11 2 0.0239132
15.21 1 0.201896
15.21 2 0.0239132
15.31 1 0.201896
15.31 2 0.0239132
15.41 1 0.201896
15.41 2 0.0239132
15.51 1 0.201896
15.51 2 0.0239132
15.61 1 0.201896
15.61 2 0.0239132
15.71 1 0.201896
15.71 2 0.0239132
15.81 1 0.201896
15.81 2 0.0239132
15.91 1 0.201896
15.91 2 0.0239132
16.01 1 0.201896
16.01 2 0.0239132
16.11 1 0.201896
16.11 2 0.0239132
16.21 1 0.201896
16.21 2 0.0239132
16.31 1 0.201896
16.31 2 0.0239132
16.41 1 0.201896
16.41 2 0.0239132
16.51 1 0.201896
16.51 2 0.0239132
16.61 1 0.201896
16.61 2 0.0239132
16.71 1 0.201896
16.71 2 0.0239132
16.81 1 0.201896
16.81 2 0.0239132
16.91 1 0.201896
16.91 2 0.0239132
17.01 1 0.201896
17.01 2 0.0239132
17.11 1 0.201896
17.11 2 0.0239132
17.21 1 0.201896
17.21 2 0.0239132
17.31 1 0.201896
17.31 2 0.0239132
17.41 1 0.201896
17.41 2 0.0239132
17.51 1 0.201896
17.51 2 0.0239132
17.61 1 0.201896
17.61 2 0.0239132
17.71 1 0.201896
17.71 2 0.0239132
17.81 1 0.201896
17.81 2 0.0239132
17.91 1 0.201896
17.91 2 0.0239132
18.01 1 0.201896
18.01 2 0.0239132
18.11 1 0.201896
18.11 2 0.0239132
18.21 1 0.201896
18.21 2 0.0239132
18.31 1 0.201896
18.31 2 0.0239132
18.41 1 0.201896
18.41 2 0.0239132
18.51 1 0.201896
18.51 2 0.0239132
18.61 1 0.201896
18.61 2 0.0239132
18.71 1 0.201896
18.71 2 0.0239132
18.81 1 0.201896
18.81 2 0.0239132
18.91 1 0.201896
18.91 2 0.0239132
19.01 1 0.201896
19.01 2 0.0239132
19.11 1 0.201896
19.11 2 0.0239132
19.21 1 0.201896
19.21 2 0.0239132
19.31 1 0.201896
19.31 2 0.0239132
19.41 1 0.201896
19.41 2 0.0239132
19.51 1 0.201896
19.51 2 0.0239132
19.61 1 0.201896
19.61 2 0.0239132
19.71 1 0.201896
19.71 2 0.0239132
19.81 1 0.201896
19.81 2 0.0239132
19.91 1 0.201896
19.91 2 0.0239132
20.01 1 0.201896
20.01 2 0.0239132
20.11 1 0.201896
20.11 2 0.0239132
20.21 1 0.201896
20.21 2 0.0239132
20.31 1 0.201896
20.31 2 0.0239132
20.41 1 0.201896
20.41 2 0.0239132
20.51 1 0.201896
20.51 2 0.0239132
20.61 1 0.135139
20.61 2 0.0239132
20.71 1 0.135139
20.71 2 0.0239132
20.81 1 0.135139
20.81 2 0.0239132
20.91 1 0.135139
20.91 2 0.0239132
21.01 1 0.135139
21.01 2 0.0239132
21.11 1 0.135139
21.11 2 0.0239132
21.21 1 0.135139
21.21 2 0.0239132
21.31 1 0.135139
21.31 2 0.0239132
21.41 1 0.135139
21.41 2 0.0239132
21.51 1 0.135139
21.51 2 0.0239132
21.61 1 0.135139
21.61 2 0.0239132
21.71 1 0.135139
21.71 2 0.0239132
21.81 1 0.135139
21.81 2 0.0239132
21.91 1 0.135139
21.91 2 0.0239132
22.01 1 0.135139
22.01 2 0.0239132
22.11 1 0.135139
22.11 2 0.0239132
22.21 1 0.135139
22.21 2 0.0239132
22.31 1 0.135139
22.31 2 0.0239132
22.41 1 0.135139
22.41 2 0.0239132
22.51 1 0.135139
22.51 2 0.0239132
22.61 1 0.135139
22.61 2 0.0239132
22.71 1 0.135139
22.71 2 0.0239132
22.81 1 0.135139
22.81 2 0.0239132
22.91 1 0.135139
22.91 2 0.0239132
23.01 1 0.135139
23.01 2 0.0239132
23.11 1 0.135139
23.11 2 0.0239132
23.21 1 0.135139
23.21 2 0.0239132
23.31 1 0.135139
23.31 2 0.0239132
23.41 1 0.135139
23.41 2 0.0239132
23.51 1 0.135139
23.51 2 0.0239132
23.61 1 0.135139
23.61 2 0.0239132
23.71 1 0.135139
23.71 2 0.0239132
23.81 1 0.135139
23.81 2 0.0239132
23.91 1 0.135139
23.91 2 0.0239132
24.01 1 0.135139
24.01 2 0.0239132
24.11 1 0.135139
24.11 2 0.0239132
24.21 1 0.135139
24.21 2 0.0239132
24.31 1 0.135139
24.31 2 0.0239132
24.41 1 0.135139
24.41 2 0.0239132
24.51 1 0.135139
24.51 2 0.0239132
24.61 1 0.135139
24.61 2 0.0239132
24.71 1 0.135139
24.71 2 0.0239132
24.81 1 0.135139
24.81 2 0.0239132
24.91 1 0.135139
24.91 2 0.0239132
25.01 1 0.135139
25.01 2 0.0239132
25.11 1 0.135139
25.11 2 0.0239132
25.21 1 0.135139
25.21 2 0.0239132
25.31 1 0.135139
25.31 2 0.0239132
25.41 1 0.135139
25.41 2 0.0239132
25.51 1 0.135139
25.51 2 0.0239132
25.61 1 0.135139
25.61 2 0.0239132
25.71 1 0.135139
25.71 2 0.0239132
25.81 1 0.135139
25.81 2 0.0239132
25.91 1 0.135139
25.91 2 0.0239132
26.01 1 0.135139
26.01 2 0.0239132
26.11 1 0.135139
26.11 2 0.0239132
26.21 1 0.135139
26.21 2 0.0239132
26.31 1 0.135139
26.31 2 0.0239132
26.41 1 0.135139
26.41 2 0.0239132
26.51 1 0.135139
26.51 2 0.0239132
26.61 1 0.135139
26.61 2 0.0239132
26.71 1 0.135139
26.71 2 0.0239132
26.81 1 0.135139
26.81 2 0.0239132
26.91 1 0.135139
26.91 2 0.0239132
27.01 1 0.135139
27.01 2 0.0239132
27.11 1 0.135139
27.11 2 0.0239132
27.21 1 0.135139
27.21 2 0.0239132
27.31 1 0.135139
27.31 2 0.0239132
27.41 1 0.135139
27.41 2 0.0239132
27.51 1 0.135139
27.51 2 0.0239132
27.61 1 0.135139
27.61 2 0.0239132
27.71 1 0.135139
27.71 2 0.0239132
27.81 1 0.135139
27.81 2 0.0239132
27.91 1 0.135139
27.91 2 0.0239132
28.01 1 0.135139
28.01 2 0.0239132
28.11 1 0.135139
28.11 2 0.0239132
28.21 1 0.135139
28.21 2 0.0239132
28.31 1 0.135139
28.31 2 0.0239132
28.41 1 0.135139
28.41 2 0.0239132
28.51 1 0.135139
28.51 2 0.0239132
28.61 1 0.135139
28.61 2 0.0239132
28.71 1 0.135139
28.71 2 0.0239132
28.81 1 0.135139
28.81 2 0.0239132
28.91 1 0.135139
28.91 2 0.0239132
29.01 1 0.135139
29.01 2 0.0239132
29.11 1 0.135139
29.11 2 0.0239132
29.21 1 0.135139
29.21 2 0.0239132
29.31 1 0.135139
29.31 2 0.0239132
29.41 1 0.135139
29.41 2 0.0239132
29.51 1 0.135139
29.51 2 0.0239132
29.61 1 0.135139
29.61 2 0.0239132
29.71 1 0.135139
29.71 2 0.0239132
29.81 1 0.135139
29.81 2 0.0239132
29.91 1 0.135139
29.91 2 0.0239132
30.01 1 0.135139
30.01 2 0.0239132
30.11 1 0.135139
30.11 2 0.0239132
30.21 1 0.135139
30.21 2 0.0239132
30.31 1 0.135139
30.31 2 0.0239132
30.41 1 0.135139
30.41 2 0.0239132
30.51 1 0.135139
30.51 2 0.0239132
30.61 1 0.135139
30.61 2 0.0239132
30.71 1 0.135139
30.71 2 0.0239132
30.81 1 0.135139
30.81 2 0.0239132
30.91 1 0.135139
30.91 2 0.0239132
31.01 1 0.135139
31.01 2 0.0239132
31.11 1 0.135139
31.11 2 0.0239132
31.21 1 0.135139
31.21 2 0.0239132
31.31 1 0.135139
31.31 2 0.0239132
31.41 1 0.135139
31.41 2 0.0239132
31.51 1 0.135139
31.51 2 0.0239132
31.61 1 0.135139
31.61 2 0.0239132
31.71 1 0.135139
31.71 2 0.0239132
31.81 1 0.135139
31.81 2 0.0239132
31.91 1 0.135139
31.91 2 0.0239132
32.01 1 0.135139
32.01 2 0.0239132
32.11 1 0.135139
32.11 2 0.0239132
32.21 1 0.135139
32.21 2 0.0239132
32.31 1 0.135139
32.31 2 0.0239132
32.41 1 0.135139
32.41 2 0.0239132
32.51 1 0.135139
32.51 2 0.0239132
32.61 1 0.135139
32.61 2 0.0239132
32.71 1 0.135139
32.71 2 0.0239132
32.81 1 0.135139
32.81 2 0.0239132
32.91 1 0.135139
32.91 2 0.0239132
33.01 1 0.135139
33.01 2 0.0239132
33.11 1 0.135139
33.11 2 0.0239132
33.21 1 0.135139
33.21 2 0.0239132
33.31 1 0.135139
33.31 2 0.0239132
33.41 1 0.135139
33.41 2 0.0239132
33.51 1 0.135139
33.51 2 0.0239132
33.61 1 0.135139
33.61 2 0.0239132
33.71 1 0.135139
33.71 2 0.0239132
33.81 1 0.135139
33.81 2 0.0239132
33.91 1 0.135139
33.91 2 0.0239132
34.01 1 0.135139
34.01 2 0.0239132
34.11 1 0.135139
34.11 2 0.0239132
34.21 1 0.135139
34.21 2 0.0239132
34.31 1 0.135139
34.31 2 0.0239132
34.41 1 0.135139
34.41 2 0.0239132
34.51 1 0.135139
34.51 2 0.0239132
34.61 1 0.135139
34.61 2 0.0239132
34.71 1 0.135139
34.71 2 0.0239132
34.81 1 0.135139
34.81 2 0.0239132
34.91 1 0.135139
34.91 2 0.0239132
35.01 1 0.135139
35.01 2 0.0239132
35.11 1 0.135139
35.11 2 0.0239132
35.21 1 0.135139
35.21 2 0.0239132
35.31 1 0.135139
35.31 2 0.0239132
35.41 1 0.135139
35.41 2 0.0239132
35.51 1 0.135139
35.51 2 0.0239132
35.61 1 0.135139
35.61 2 0.0239132
35.71 1 0.135139
35.71 2 0.0239132
35.81 1 0.135139
35.81 2 0.0239132
35.91 1 0.135139
35.91 2 0.0239132
36.01 1 0.135139
36.01 2 0.0239132
36.11 1 0.135139
36.11 2 0.0239132
36.21 1 0.135139
36.21 2 0.0239132
36.31 1 0.135139
36.31 2 0.0239132
36.41 1 0.135139
36.41 2 0.0239132
36.51 1 0.135139
36.51 2 0.0239132
36.61 1 0.135139
36.61 2 0.0239132
36.71 1 0.135139
36.71 2 0.0239132
36.81 1 0.135139
36.81 2 0.0239132
36.91 1 0.135139
36.91 2 0.0239132
37.01 1 0.135139
37.01 2 0.0239132
37.11 1 0.135139
37.11 2 0.0239132
37.21 1 0.135139
37.21 2 0.0239132
37.31 1 0.135139
37.31 2 0.0239132
37.41 1 0.135139
37.41 2 0.0239132
37.51 1 0.135139
37.51 2 0.0239132
37.61 1 0.135139
37.61 2 0.0239132
37.71 1 0.135139
37.71 2 0.0239132
37.81 1 0.135139
37.81 2 0.0239132
37.91 1 0.135139
37.91 2 0.0239132
38.01 1 0.135139
38.01 2 0.0239132
38.11 1 0.135139
38.11 2 0.0239132
38.21 1 0.135139
38.21 2 0.0239132
38.31 1 0.135139
38.31 2 0.0239132
38.41 1 0.135139
38.41 2 0.0239132
38.51 1 0.135139
38.51 2 0.0239132
38.61 1 0.135139
38.61 2 0.0239132
38.71 1 0.135139
38.71 2 0.0239132
38.81 1 0.135139
38.81 2 0.0239132
38.91 1 0.135139
38.91 2 0.0239132
39.01 1 0.135139
39.01 2 0.0239132
39.11 1 0.135139
39.11 2 0.0239132
39.21 1 0.135139
39.21 2 0.0239132
39.31 1 0.135139
39.31 2 0.0239132
39.41 1 0.135139
39.41 2 0.0239132
39.51 1 0.135139
39.51 2 0.0239132
39.61 1 0.135139
39.61 2 0.0239132
39.71 1 0.135139
39.71 2 0.0239132
39.81 1 0.135139
39.81 2 0.0239132
39.91 1 0.135139
39.91 2 0.0239132
40.01 1 0.135139
40.01 2 0.0239132
40.11 1 0.135139
40.11 2 0.0239132
40.21 1 0.135139
40.21 2 0.0239132
40.31 1 0.135139
40.31 2 0.0239132
40.41 1 0.135139
40.41 2 0.0239132
40.51 1 0.135139
40.51 2 0.0239132
40.61 1 0.135139
40.61 2 0.0239132
40.71 1 0.135139
40.71 2 0.0239132
40.81 1 0.135139
40.81 2 0.0239132
40.91 1 0.135139
40.91 2 0.0239132
41.01 1 0.135139
41.01 2 0.0239132
41.11 1 0.135139
41.11 2 0.0239132
41.21 1 0.135139
41.21 2 0.0239132
41.31 1 0.135139
41.31 2 0.0239132
41.41 1 0.135139
41.41 2 0.0239132
41.51 1 0.135139
41.51 2 0.0239132
41.61 1 0.135139
41.61 2 0.0239132
41.71 1 0.135139
41.71 2 0.0239132
41.81 1 0.135139
41.81 2 0.0239132
41.91 1 0.135139
41.91 2 0.0239132
42.01 1 0.135139
42.01 2 0.0239132
42.11 1 0.135139
42.11 2 0.0239132
42.21 1 0.135139
42.21 2 0.0239132
42.31 1 0.135139
42.31 2 0.0239132
42.41 1 0.135139
42.41 2 0.0239132
42.51 1 0.135139
42.51 2 0.0239132
42.61 1 0.135139
42.61 2 0.0239132
42.71 1 0.135139
42.71 2 0.0239132
42.81 1 0.135139
42.81 2 0.0239132
42.91 1 0.135139
42.91 2 0.0239132
43.01 1 0.135139
43.01 2 0.0239132
43.11 1 0.135139
43.11 2 0.0239132
43.21 1 0.135139
43.21 2 0.0239132
43.31 1 0.135139
43.31 2 0.0239132
43.41 1 0.135139
43.41 2 0.0239132
43.51 1 0.135139
43.51 2 0.0239132
43.61 1 0.135139
43.61 2 0.0239132
43.71 1 0.135139
43.71 2 0.0239132
43.81 1 0.135139
43.81 2 0.0239132
43.91 1 0.135139
43.91 2 0.0239132
44.01 1 0.135139
44.01 2 0.0239132
44.11 1 0.135139
44.11 2 0.0239132
44.21 1 0.135139
44.21 2 0.0239132
44.31 1 0.135139
44.31 2 0.0239132
44.41 1 0.135139
44.41 2 0.0239132
44.51 1 0.135139
44.51 2 0.0239132
44.61 1 0.135139
44.61 2 0.0239132
44.71 1 0.135139
44.71 2 0.0239132
44.81 1 0.135139
44.81 2 0.0239132
44.91 1 0.135139
44.91 2 0.0239132
45.01 1 0.135139
45.01 2 0.0239132
45.11 1 0.135139
45.11 2 0.0239132
45.21 1 0.135139
45.21 2 0.0239132
45.31 1 0.135139
45.31 2 0.0239132
45.41 1 0.135139
45.41 2 0.0239132
45.51 1 0.135139
45.51 2 0.0239132
45.61 1 0.135139
45.61 2 0.0239132
45.71 1 0.135139
45.71 2 0.0239132
45.81 1 0.135139
45.81 2 0.0239132
45.91 1 0.135139
45.91 2 0.0239132
46.01 1 0.135139
46.01 2 0.0239132
46.11 1 0.135139
46.11 2 0.0239132
46.21 1 0.135139
46.21 2 0.0239132
46.31 1 0.135139
46.31 2 0.0239132
46.41 1 0.135139
46.41 2 0.0239132
46.51 1 0.135139
46.51 2 0.0239132
46.61 1 0.135139
46.61 2 0.0239132
46.71 1 0.135139
46.71 2 0.0239132
46.81 1 0.135139
46.81 2 0.0239132
46.91 1 0.135139
46.91 2 0.0239132
47.01 1 0.135139
47.01 2 0.0239132
47.11 1 0.135139
47.11 2 0.0239132
47.21 1 0.135139
47.21 2 0.0239132
47.31 1 0.135139
47.31 2 0.0239132
47.41 1 0.135139
47.41 2 0.0239132
47.51 1 0.135139
47.51 2 0.0239132
47.61 1 0.135139
47.61 2 0.0239132
47.71 1 0.135139
47.71 2 0.0239132
47.81 1 0.135139
47.81 2 0.0239132
47.91 1 0.135139
47.91 2 0.0239132
48.01 1 0.135139
48.01 2 0.0239132
48.11 1 0.135139
48.11 2 0.0239132
48.21 1 0.135139
48.21 2 0.0239132
48.31 1 0.135139
48.31 2 0.0239132
48.41 1 0.135139
48.41 2 0.0239132
48.51 1 0.135139
48.51 2 0.0239132
48.61 1 0.135139
48.61 2 0.0239132
48.71 1 0.135139
48.71 2 0.0239132
48.81 1 0.135139
48.81 2 0.0239132
48.91 1 0.135139
48.91 2 0.0239132
49.01 1 0.135139
49.01 2 0.0239132
49.11 1 0.135139
49.11 2 0.0239132
49.21 1 0.135139
49.21 2 0.0239132
49.31 1 0.135139
49.31 2 0.0239132
49.41 1 0.135139
49.41 2 0.0239132
49.51 1 0.135139
49.51 2 0.0239132
49.61 1 0.135139
49.61 2 0.0239132
49.71 1 0.135139
49.71 2 0.0239132
49.81 1 0.135139
49.81 2 0.0239132
49.91 1 0.135139
49.91 2 0.0239132
50.01 1 0.135139
50.01 2 0.0239132
50.11 1 0.135139
50.11 2 0.0239132
50.21 1 0.135139
50.21 2 0.0239132
50.31 1 0.135139
50.31 2 0.0239132
50.41 1 0.135139
50.41 2 0.0239132
50.51 1 0.135139
50.51 2 0.0239132
50.61 1 0.135139
50.61 2 0.0239132
50.71 1 0.135139
50.71 2 0.0239132
50.81 1 0.135139
50.81 2 0.0239132
50.91 1 0.135139
50.91 2 0.0239132
51.01 1 0.135139
51.01 2 0.0239132
51.11 1 0.135139
51.11 2 0.0239132
51.21 1 0.135139
51.21 2 0.0239132
51.31 1 0.135139
51.31 2 0.0239132
51.41 1 0.135139
51.41 2 0.0239132
51.51 1 0.135139
51.51 2 0.0239132
51.61 1 0.135139
51.61 2 0.0239132
51.71 1 0.135139
51.71 2 0.0239132
51.81 1 0.135139
51.81 2 0.0239132
51.91 1 0.135139
51.91 2 0.0239132
52.01 1 0.135139
52.01 2 0.0239132
52.11 1 0.135139
52.11 2 0.0239132
52.21 1 0.135139
52.21 2 0.0239132
52.31 1 0.135139
52.31 2 0.0239132
52.41 1 0.135139
52.41 2 0.0239132
52.51 1 0.135139
52.51 2 0.0239132
52.61 1 0.135139
52.61 2 0.0239132
52.71 1 0.135139
52.71 2 0.0239132
52.81 1 0.135139
52.81 2 0.0239132
52.91 1 0.135139
52.91 2 0.0239132
53.01 1 0.135139
53.01 2 0.0239132
53.11 1 0.135139
53.11 2 0.0239132
53.21 1 0.135139
53.21 2 0.0239132
53.31 1 0.135139
53.31 2 0.0239132
53.41 1 0.135139
53.41 2 0.0239132
53.51 1 0.135139
53.51 2 0.0239132
53.61 1 0.135139
53.61 2 0.0239132
53.71 1 0.135139
53.71 2 0.0239132
53.81 1 0.135139
53.81 2 0.0239132
53.91 1 0.135139
53.91 2 0.0239132
54.01 1 0.135139
54.01 2 0.0239132
54.11 1 0.135139
54.11 2 0.0239132
54.21 1 0.135139
54.21 2 0.0239132
54.31 1 0.135139
54.31 2 0.0239132
54.41 1 0.135139
54.41 2 0.0239132
54.51 1 0.135139
54.51 2 0.0239132
54.61 1 0.135139
54.61 2 0.0239132
54.71 1 0.135139
54.71 2 0.0239132
54.81 1 0.135139
54.81 2 0.0239132
54.91 1 0.135139
54.91 2 0.0239132
55.01 1 0.135139
55.01 2 0.0239132
55.11 1 0.135139
55.11 2 0.0239132
55.21 1 0.135139
55.21 2 0.0239132
55.31 1 0.135139
55.31 2 0.0239132
55.41 1 0.135139
55.41 2 0.0239132
55.51 1 0.135139
55.51 2 0.0239132
55.61 1 0.135139
55.61 2 0.0239132
55.71 1 0.135139
55.71 2 0.0239132
55.81 1 0.135139
55.81 2 0.0239132
55.91 1 0.135139
55.91 2 0.0239132
56.01 1 0.135139
56.01 2 0.0239132
56.11 1 0.135139
56.11 2 0.0239132
56.21 1 0.135139
56.21 2 0.0239132
56.31 1 0.135139
56.31 2 0.0239132
56.41 1 0.135139
56.41 2 0.0239132
56.51 1 0.135139
56.51 2 0.0239132
56.61 1 0.135139
56.61 2 0.0239132
56.71 1 0.135139
56.71 2 0.0239132
56.81 1 0.135139
56.81 2 0.0239132
56.91 1 0.135139
56.91 2 0.0239132
57.01 1 0.135139
57.01 2 0.0239132
57.11 1 0.135139
57.11 2 0.0239132
57.21 1 0.135139
57.21 2 0.0239132
57.31 1 0.135139
57.31 2 0.0239132
57.41 1 0.135139
57.41 2 0.0239132
57.51 1 0.135139
57.51 2 0.0239132
57.61 1 0.135139
57.61 2 0.0239132
57.71 1 0.135139
57.71 2 0.0239132
57.81 1 0.135139
57.81 2 0.0239132
57.91 1 0.135139
57.91 2 0.0239132
58.01 1 0.135139
58.01 2 0.0239132
58.11 1 0.135139
58.11 2 0.0239132
58.21 1 0.135139
58.21 2 0.0239132
58.31 1 0.135139
58.31 2 0.0239132
58.41 1 0.135139
58.41 2 0.0239132
58.51 1 0.135139
58.51 2 0.0239132
58.61 1 0.135139
58.61 2 0.0239132
58.71 1 0.135139
58.71 2 0.0239132
58.81 1 0.135139
58.81 2 0.0239132
58.91 1 0.135139
58.91 2 0.0239132
59.01 1 0.135139
59.01 2 0.0239132
59.11 1 0.135139
59.11 2 0.0239132
59.21 1 0.135139
59.21 2 0.0239132
59.31 1 0.135139
59.31 2 0.0239132
59.41 1 0.135139
59.41 2 0.0239132
59.51 1 0.135139
59.51 2 0.0239132
59.61 1 0.135139
59.61 2 0.0239132
59.71 1 0.135139
59.71 2 0.0239132
59.81 1 0.135139
59.81 2 0.0239132
59.91 1 0.135139
59.91 2 0.0239132
60.01 1 0.135139
60.01 2 0.0239132
60.11 1 0.135139
60.11 2 0.0239132
60.21 1 0.135139
60.21 2 0.0239132
60.31 1 0.135139
60.31 2 0.0239132
60.41 1 0.135139
60.41 2 0.0239132
60.51 1 0.135139
60.51 2 0.0239132
60.61 1 0.135139
60.61 2 0.0239132
60.71 1 0.135139
60.71 2 0.0239132
60.81 1 0.135139
60.81 2 0.0239132
60.91 1 0.135139
60.91 2 0.0239132
61.01 1 0.135139
61.01 2 0.0239132
61.11 1 0.135139
61.11 2 0.0239132
61.21 1 0.135139
61.21 2 0.0239132
61.31 1 0.135139
61.31 2 0.0239132
61.41 1 0.135139
61.41 2 0.0239132
61.51 1 0.135139
61.51 2 0.0239132
61.61 1 0.135139
61.61 2 0.0239132
61.71 1 0.135139
61.71 2 0.0239132
61.81 1 0.135139
61.81 2 0.0239132
61.91 1 0.135139
61.91 2 0.0239132
62.01 1 0.135139
62.01 2 0.0239132
62.11 1 0.135139
62.11 2 0.0239132
62.21 1 0.135139
62.21 2 0.0239132
62.31 1 0.135139
62.31 2 0.0239132
62.41 1 0.135139
62.41 2 0.0239132
62.51 1 0.135139
62.51 2 0.0239132
62.61 1 0.135139
62.61 2 0.0239132
62.71 1 0.135139
62.71 2 0.0239132
62.81 1 0.135139
62.81 2 0.0239132
62.91 1 0.135139
62.91 2 0.0239132
63.01 1 0.135139
63.01 2 0.0239132
63.11 1 0.135139
63.11 2 0.0239132
63.21 1 0.135139
63.21 2 0.0239132
63.31 1 0.135139
63.31 2 0.0239132
63.41 1 0.135139
63.41 2 0.0239132
63.51 1 0.135139
63.51 2 0.0239132
63.61 1 0.135139
63.61 2 0.0239132
63.71 1 0.135139
63.71 2 0.0239132
63.81 1 0.135139
63.81 2 0.0239132
63.91 1 0.135139
63.91 2 0.0239132
64.01 1 0.135139
64.01 2 0.0239132
64.11 1 0.135139
64.11 2 0.0239132
64.21 1 0.135139
64.21 2 0.0239132
64.31 1 0.135139
64.31 2 0.0239132
64.41 1 0.135139
64.41 2 0.0239132
64.51 1 0.135139
64.51 2 0.0239132
64.61 1 0.135139
64.61 2 0.0239132
64.71 1 0.135139
64.71 2 0.0239132
64.81 1 0.135139
64.81 2 0.0239132
64.91 1 0.135139
64.91 2 0.0239132
65.01 1 0.135139
65.01 2 0.0239132
65.11 1 0.135139
65.11 2 0.0239132
65.21 1 0.135139
65.21 2 0.0239132
65.31 1 0.135139
65.31 2 0.0239132
65.41 1 0.135139
65.41 2 0.0239132
65.51 1 0.135139
65.51 2 0.0239132
65.61 1 0.135139
65.61 2 0.0239132
65.71 1 0.135139
65.71 2 0.0239132
65.81 1 0.135139
65.81 2 0.0239132
65.91 1 0.135139
65.91 2 0.0239132
66.01 1 0.135139
66.01 2 0.0239132
66.11 1 0.135139
66.11 2 0.0239132
66.21 1 0.135139
66.21 2 0.0239132
66.31 1 0.135139
66.31 2 0.0239132
66.41 1 0.135139
66.41 2 0.0239132
66.51 1 0.135139
66.51 2 0.0239132
66.61 1 0.135139
66.61 2 0.0239132
66.71 1 0.135139
66.71 2 0.0239132
66.81 1 0.135139
66.81 2 0.0239132
66.91 1 0.135139
66.91 2 0.0239132
67.01 1 0.135139
67.01 2 0.0239132
67.11 1 0.135139
67.11 2 0.0239132
67.21 1 0.135139
67.21 2 0.0239132
67.31 1 0.135139
67.31 2 0.0239132
67.41 1 0.135139
67.41 2 0.0239132
67.51 1 0.135139
67.51 2 0.0239132
67.61 1 0.135139
67.61 2 0.0239132
67.71 1 0.135139
67.71 2 0.0239132
67.81 1 0.135139
67.81 2 0.0239132
67.91 1 0.135139
67.91 2 0.0239132
68.01 1 0.135139
68.01 2 0.0239132
68.11 1 0.135139
68.11 2 0.0239132
68.21 1 0.135139
68.21 2 0.0239132
68.31 1 0.135139
68.31 2 0.0239132
68.41 1 0.135139
68.41 2 0.0239132
68.51 1 0.135139
68.51 2 0.0239132
68.61 1 0.135139
68.61 2 0.0239132
68.71 1 0.135139
68.71 2 0.0239132
68.81 1 0.135139
68.81 2 0.0239132
68.91 1 0.135139
68.91 2 0.0239132
69.01 1 0.135139
69.01 2 0.0239132
69.11 1 0.135139
69.11 2 0.0239132
69.21 1 0.135139
69.21 2 0.0239132
69.31 1 0.135139
69.31 2 0.0239132
69.41 1 0.135139
69.41 2 0.0239132
69.51 1 0.135139
69.51 2 0.0239132
69.61 1 0.135139
69.61 2 0.0239132
69.71 1 0.135139
69.71 2 0.0239132
69.81 1 0.135139
69.81 2 0.0239132
69.91 1 0.135139
69.91 2 0.0239132
70.01 1 0.135139
70.01 2 0.0239132
70.11 1 0.135139
70.11 2 0.0239132
70.21 1 0.135139
70.21 2 0.0239132
70.31 1 0.135139
70.31 2 0.0239132
70.41 1 0.135139
70.41 2 0.0239132
70.51 1 0.135139
70.51 2 0.0239132
70.61 1 0.135139
70.61 2 0.0239132
70.71 1 0.135139
70.71 2 0.0239132
70.81 1 0.135139
70.81 2 0.0239132
70.91 1 0.135139
70.91 2 0.0239132
71.01 1 0.135139
71.01 2 0.0239132
71.11 1 0.135139
71.11 2 0.0239132
71.21 1 0.135139
71.21 2 0.0239132
71.31 1 0.135139
71.31 2 0.0239132
71.41 1 0.135139
71.41 2 0.0239132
71.51 1 0.135139
71.51 2 0.0239132
71.61 1 0.135139
71.61 2 0.0239132
71.71 1 0.135139
71.71 2 0.0239132
71.81 1 0.135139
71.81 2 0.0239132
71.91 1 0.135139
71.91 2 0.0239132
72.01 1 0.135139
72.01 2 0.0239132
72.11 1 0.135139
72.11 2 0.0239132
72.21 1 0.135139
72.21 2 0.0239132
72.31 1 0.135139
72.31 2 0.0239132
72.41 1 0.135139
72.41 2 0.0239132
72.51 1 0.135139
72.51 2 0.0239132
72.61 1 0.135139
72.61 2 0.0239132
72.71 1 0.135139
72.71 2 0.0239132
72.81 1 0.135139
72.81 2 0.0239132
72.91 1 0.135139
72.91 2 0.0239132
73.01 1 0.135139
73.01 2 0.0239132
73.11 1 0.135139
73.11 2 0.0239132
73.21 1 0.135139
73.21 2 0.0239132
73.31 1 0.135139
73.31 2 0.0239132
73.41 1 0.135139
73.41 2 0.0239132
73.51 1 0.135139
73.51 2 0.0239132
73.61 1 0.135139
73.61 2 0.0239132
73.71 1 0.135139
73.71 2 0.0239132
73.81 1 0.135139
73.81 2 0.0239132
73.91 1 0.135139
73.91 2 0.0239132
74.01 1 0.135139
74.01 2 0.0239132
74.11 1 0.135139
74.11 2 0.0239132
74.21 1 0.135139
74.21 2 0.0239132
74.31 1 0.135139
74.31 2 0.0239132
74.41 1 0.135139
74.41 2 0.0239132
74.51 1 0.135139
74.51 2 0.0239132
74.61 1 0.135139
74.61 2 0.0239132
74.71 1 0.135139
74.71 2 0.0239132
74.81 1 0.135139
74.81 2 0.0239132
74.91 1 0.135139
74.91 2 0.0239132
75.01 1 0.135139
75.01 2 0.0239132
75.11 1 0.135139
75.11 2 0.0239132
75.21 1 0.135139
75.21 2 0.0239132
75.31 1 0.135139
75.31 2 0.0239132
75.41 1 0.135139
75.41 2 0.0239132
75.51 1 0.135139
75.51 2 0.0239132
75.61 1 0.135139
75.61 2 0.0239132
75.71 1 0.135139
75.71 2 0.0239132
75.81 1 0.135139
75.81 2 0.0239132
75.91 1 0.135139
75.91 2 0.0239132
76.01 1 0.135139
76.01 2 0.0239132
76.11 1 0.135139
76.11 2 0.0239132
76.21 1 0.135139
76.21 2 0.0239132
76.31 1 0.135139
76.31 2 0.0239132
76.41 1 0.135139
76.41 2 0.0239132
76.51 1 0.135139
76.51 2 0.0239132
76.61 1 0.135139
76.61 2 0.0239132
76.71 1 0.135139
76.71 2 0.0239132
76.81 1 0.135139
76.81 2 0.0239132
76.91 1 0.135139
76.91 2 0.0239132
77.01 1 0.135139
77.01 2 0.0239132
77.11 1 0.135139
77.11 2 0.0239132
77.21 1 0.135139
77.21 2 0.0239132
77.31 1 0.135139
77.31 2 0.0239132
77.41 1 0.135139
77.41 2 0.0239132
77.51 1 0.135139
77.51 2 0.0239132
77.61 1 0.135139
77.61 2 0.0239132
77.71 1 0.135139
77.71 2 0.0239132
77.81 1 0.135139
77.81 2 0.0239132
77.91 1 0.135139
77.91 2 0.0239132
78.01 1 0.135139
78.01 2 0.0239132
78.11 1 0.135139
78.11 2 0.0239132
78.21 1 0.135139
78.21 2 0.0239132
78.31 1 0.135139
78.31 2 0.0239132
78.41 1 0.135139
78.41 2 0.0239132
78.51 1 0.135139
78.51 2 0.0239132
78.61 1 0.135139
78.61 2 0.0239132
78.71 1 0.135139
78.71 2 0.0239132
78.81 1 0.135139
78.81 2 0.0239132
78.91 1 0.135139
78.91 2 0.0239132
79.01 1 0.135139
79.01 2 0.0239132
79.11 1 0.135139
79.11 2 0.0239132
79.21 1 0.135139
79.21 2 0.0239132
79.31 1 0.135139
79.31 2 0.0239132
79.41 1 0.135139
79.41 2 0.0239132
79.51 1 0.135139
79.51 2 0.0239132
79.61 1 0.135139
79.61 2 0.0239132
79.71 1 0.135139
79.71 2 0.0239132
79.81 1 0.135139
79.81 2 0.0239132
79.91 1 0.135139
79.91 2 0.0239132
80.01 1 0.135139
80.01 2 0.0239132
80.11 1 0.135139
80.11 2 0.0239132
80.21 1 0.135139
80.21 2 0.0239132
80.31 1 0.135139
80.31 2 0.0239132
80.41 1 0.135139
80.41 2 0.0239132
80.51 1 0.135139
80.51 2 0.0239132
80.61 1 0.135139
80.61 2 0.0239132
80.71 1 0.135139
80.71 2 0.0239132
80.81 1 0.135139
80.81 2 0.0239132
80.91 1 0.135139
80.91 2 0.0239132
81.01 1 0.135139
81.01 2 0.0239132
81.11 1 0.135139
81.11 2 0.0239132
81.21 1 0.135139
81.21 2 0.0239132
81.31 1 0.135139
81.31 2 0.0239132
81.41 1 0.135139
81.41 2 0.0239132
81.51 1 0.135139
81.51 2 0.0239132
81.61 1 0.135139
81.61 2 0.0239132
81.71 1 0.135139
81.71 2 0.0239132
81.81 1 0.135139
81.81 2 0.0239132
81.91 1 0.135139
81.91 2 0.0239132
82.01 1 0.135139
82.01 2 0.0239132
82.11 1 0.135139
82.11 2 0.0239132
82.21 1 0.135139
82.21 2 0.0239132
82.31 1 0.135139
82.31 2 0.0239132
82.41 1 0.135139
82.41 2 0.0239132
82.51 1 0.135139
82.51 2 0.0239132
82.61 1 0.135139
82.61 2 0.0239132
82.71 1 0.135139
82.71 2 0.0239132
82.81 1 0.135139
82.81 2 0.0239132
82.91 1 0.135139
82.91 2 0.0239132
83.01 1 0.135139
83.01 2 0.0239132
83.11 1 0.135139
83.11 2 0.0239132
83.21 1 0.135139
83.21 2 0.0239132
83.31 1 0.135139
83.31 2 0.0239132
83.41 1 0.135139
83.41 2 0.0239132
83.51 1 0.135139
83.51 2 0.0239132
83.61 1 0.135139
83.61 2 0.0239132
83.71 1 0.135139
83.71 2 0.0239132
83.81 1 0.135139
83.81 2 0.0239132
83.91 1 0.135139
83.91 2 0.0239132
84.01 1 0.135139
84.01 2 0.0239132
84.11 1 0.135139
84.11 2 0.0239132
84.21 1 0.135139
84.21 2 0.0239132
84.31 1 0.135139
84.31 2 0.0239132
84.41 1 0.135139
84.41 2 0.0239132
84.51 1 0.135139
84.51 2 0.0239132
84.61 1 0.135139
84.61 2 0.0239132
84.71 1 0.135139
84.71 2 0.0239132
84.81 1 0.135139
84.81 2 0.0239132
84.91 1 0.135139
84.91 2 0.0239132
85.01 1 0.135139
85.01 2 0.0239132
85.11 1 0.135139
85.11 2 0.0239132
85.21 1 0.135139
85.21 2 0.0239132
85.31 1 0.135139
85.31 2 0.0239132
85.41 1 0.135139
85.41 2 0.0239132
85.51 1 0.135139
85.51 2 0.0239132
85.61 1 0.135139
85.61 2 0.0239132
85.71 1 0.135139
85.71 2 0.0239132
85.81 1 0.135139
85.81 2 0.0239132
85.91 1 0.135139
85.91 2 0.0239132
86.01 1 0.135139
86.01 2 0.0239132
86.11 1 0.135139
86.11 2 0.0239132
86.21 1 0.135139
86.21 2 0.0239132
86.31 1 0.135139
86.31 2 0.0239132
86.41 1 0.135139
86.41 2 0.0239132
86.51 1 0.135139
86.51 2 0.0239132
86.61 1 0.135139
86.61 2 0.0239132
86.71 1 0.135139
86.71 2 0.0239132
86.81 1 0.135139
86.81 2 0.0239132
86.91 1 0.135139
86.91 2 0.0239132
87.01 1 0.135139
87.01 2 0.0239132
87.11 1 0.135139
87.11 2 0.0239132
87.21 1 0.135139
87.21 2 0.0239132
87.31 1 0.135139
87.31 2 0.0239132
87.41 1 0.135139
87.41 2 0.0239132
87.51 1 0.135139
87.51 2 0.0239132
87.61 1 0.135139
87.61 2 0.0239132
87.71 1 0.135139
87.71 2 0.0239132
87.81 1 0.135139
87.81 2 0.0239132
87.91 1 0.135139
87.91 2 0.0239132
88.01 1 0.135139
88.01 2 0.0239132
88.11 1 0.135139
88.11 2 0.0239132
88.21 1 0.135139
88.21 2 0.0239132
88.31 1 0.135139
88.31 2 0.0239132
88.41 1 0.135139
88.41 2 0.0239132
88.51 1 0.135139
88.51 2 0.0239132
88.61 1 0.135139
88.61 2 0.0239132
88.71 1 0.135139
88.71 2 0.0239132
88.81 1 0.135139
88.81 2 0.0239132
88.91 1 0.135139
88.91 2 0.0239132
89.01 1 0.135139
89.01 2 0.0239132
89.11 1 0.135139
89.11 2 0.0239132
89.21 1 0.135139
89.21 2 0.0239132
89.31 1 0.135139
89.31 2 0.0239132
89.41 1 0.135139
89.41 2 0.0239132
89.51 1 0.135139
89.51 2 0.0239132
89.61 1 0.135139
89.61 2 0.0239132
89.71 1 0.135139
89.71 2 0.0239132
89.81 1 0.135139
89.81 2 0.0239132
89.91 1 0.135139
89.91 2 0.0239132
90.01 1 0.135139
90.01 2 0.0239132
90.11 1 0.135139
90.11 2 0.0239132
90.21 1 0.135139
90.21 2 0.0239132
90.31 1 0.135139
90.31 2 0.0239132
90.41 1 0.135139
90.41 2 0.0239132
90.51 1 0.135139
90.51 2 0.0239132
90.61 1 0.135139
90.61 2 0.0239132
90.71 1 0.135139
90.71 2 0.0239132
90.81 1 0.135139
90.81 2 0.0239132
90.91 1 0.135139
90.91 2 0.0239132
91.01 1 0.135139
91.01 2 0.0239132
91.11 1 0.135139
91.11 2 0.0239132
91.21 1 0.135139
91.21 2 0.0239132
91.31 1 0.135139
91.31 2 0.0239132
91.41 1 0.135139
91.41 2 0.0239132
91.51 1 0.135139
91.51 2 0.0239132
91.61 1 0.135139
91.61 2 0.0239132
91.71 1 0.135139
91.71 2 0.0239132
91.81 1 0.135139
91.81 2 0.0239132
91.91 1 0.135139
91.91 2 0.0239132
92.01 1 0.135139
92.01 2 0.0239132
92.11 1 0.135139
92.11 2 0.0239132
92.21 1 0.135139
92.21 2 0.0239132
92.31 1 0.135139
92.31 2 0.0239132
92.41 1 0.135139
92.41 2 0.0239132
92.51 1 0.135139
92.51 2 0.0239132
92.61 1 0.135139
92.61 2 0.0239132
92.71 1 0.135139
92.71 2 0.0239132
92.81 1 0.135139
92.81 2 0.0239132
92.91 1 0.135139
92.91 2 0.0239132
93.01 1 0.135139
93.01 2 0.0239132
93.11 1 0.135139
93.11 2 0.0239132
93.21 1 0.135139
93.21 2 0.0239132
93.31 1 0.135139
93.31 2 0.0239132
93.41 1 0.135139
93.41 2 0.0239132
93.51 1 0.135139
93.51 2 0.0239132
93.61 1 0.135139
93.61 2 0.0239132
93.71 1 0.135139
93.71 2 0.0239132
93.81 1 0.135139
93.81 2 0.0239132
93.91 1 0.135139
93.91 2 0.0239132
94.01 1 0.135139
94.01 2 0.0239132
94.11 1 0.135139
94.11 2 0.0239132
94.21 1 0.135139
94.21 2 0.0239132
94.31 1 0.135139
94.31 2 0.0239132
94.41 1 0.135139
94.41 2 0.0239132
94.51 1 0.135139
94.51 2 0.0239132
94.61 1 0.135139
94.61 2 0.0239132
94.71 1 0.135139
94.71 2 0.0239132
94.81 1 0.135139
94.81 2 0.0239132
94.91 1 0.135139
94.91 2 0.0239132
95.01 1 0.135139
95.01 2 0.0239132
95.11 1 0.135139
95.11 2 0.0239132
95.21 1 0.135139
95.21 2 0.0239132
95.31 1 0.135139
95.31 2 0.0239132
95.41 1 0.135139
95.41 2 0.0239132
95.51 1 0.135139
95.51 2 0.0239132
95.61 1 0.135139
95.61 2 0.0239132
95.71 1 0.135139
95.71 2 0.0239132
95.81 1 0.135139
95.81 2 0.0239132
95.91 1 0.135139
95.91 2 0.0239132
96.01 1 0.135139
96.01 2 0.0239132
96.11 1 0.135139
96.11 2 0.0239132
96.21 1 0.135139
96.21 2 0.0239132
96.31 1 0.135139
96.31 2 0.0239132
96.41 1 0.135139
96.41 2 0.0239132
96.51 1 0.135139
96.51 2 0.0239132
96.61 1 0.135139
96.61 2 0.0239132
96.71 1 0.135139
96.71 2 0.0239132
96.81 1 0.135139
96.81 2 0.0239132
96.91 1 0.135139
96.91 2 0.0239132
97.01 1 0.135139
97.01 2 0.0239132
97.11 1 0.135139
97.11 2 0.0239132
97.21 1 0.135139
97.21 2 0.0239132
97.31 1 0.135139
97.31 2 0.0239132
97.41 1 0.135139
97.41 2 0.0239132
97.51 1 0.135139
97.51 2 0.0239132
97.61 1 0.135139
97.61 2 0.0239132
97.71 1 0.135139
97.71 2 0.0239132
97.81 1 0.135139
97.81 2 0.0239132
97.91 1 0.135139
97.91 2 0.0239132
98.01 1 0.135139
98.01 2 0.0239132
98.11 1 0.135139
98.11 2 0.0239132
98.21 1 0.135139
98.21 2 0.0239132
98.31 1 0.135139
98.31 2 0.0239132
98.41 1 0.135139
98.41 2 0.0239132
98.51 1 0.135139
98.51 2 0.0239132
98.61 1 0.135139
98.61 2 0.0239132
98.71 1 0.135139
98.71 2 0.0239132
98.81 1 0.135139
98.81 2 0.0239132
98.91 1 0.135139
98.91 2 0.0239132
99.01 1 0.135139
99.01 2 0.0239132
99.11 1 0.135139
99.11 2 0.0239132
99.21 1 0.135139
99.21 2 0.0239132
99.31 1 0.135139
99.31 2 0.0239132
99.41 1 0.135139
99.41 2 0.0239132
99.51 1 0.135139
99.51 2 0.0239132
99.61 1 0.135139
99.61 2 0.0239132
99.71 1 0.135139
99.71 2 0.0239132
99.81 1 0.135139
99.81 2 0.0239132
99.91 1 0.135139
99.91 2 0.0239132
100.01 1 0.135139
100.01 2 0.0239132
100.11 1 0.135139
100.11 2 0.0239132
100.21 1 0.135139
100.21 2 0.0239132
100.31 1 0.135139
100.31 2 0.0239132
100.41 1 0.135139
100.41 2 0.0239132
100.51 1 0.135139
100.51 2 0.0239132
100.61 1 0.135139
100.61 2 0.0239132
100.71 1 0.135139
100.71 2 0.0239132
100.81 1 0.135139
100.81 2 0.0239132
100.91 1 0.135139
100.91 2 0.0239132
101.01 1 0.135139
101.01 2 0.0239132
101.11 1 0.135139
101.11 2 0.0239132
101.21 1 0.135139
101.21 2 0.0239132
101.31 1 0.135139
101.31 2 0.0239132
101.41 1 0.135139
101.41 2 0.0239132
101.51 1 0.135139
101.51 2 0.0239132
101.61 1 0.135139
101.61 2 0.0239132
101.71 1 0.135139
101.71 2 0.0239132
101.81 1 0.135139
101.81 2 0.0239132
101.91 1 0.135139
101.91 2 0.0239132
102.01 1 0.135139
102.01 2 0.0239132
102.11 1 0.135139
102.11 2 0.0239132
102.21 1 0.135139
102.21 2 0.0239132
102.31 1 0.135139
102.31 2 0.0239132
102.41 1 0.135139
102.41 2 0.0239132
102.51 1 0.135139
102.51 2 0.0239132
102.61 1 0.135139
102.61 2 0.0239132
102.71 1 0.135139
102.71 2 0.0239132
102.81 1 0.135139
102.81 2 0.0239132
102.91 1 0.135139
102.91 2 0.0239132
103.01 1 0.135139
103.01 2 0.0239132
103.11 1 0.135139
103.11 2 0.0239132
103.21 1 0.135139
103.21 2 0.0239132
103.31 1 0.135139
103.31 2 0.0239132
103.41 1 0.135139
103.41 2 0.0239132
103.51 1 0.135139
103.51 2 0.0239132
103.61 1 0.135139
103.61 2 0.0239132
103.71 1 0.135139
103.71 2 0.0239132
103.81 1 0.135139
103.81 2 0.0239132
103.91 1 0.135139
103.91 2 0.0239132
104.01 1 0.135139
104.01 2 0.0239132
104.11 1 0.135139
104.11 2 0.0239132
104.21 1 0.135139
104.21 2 0.0239132
104.31 1 0.135139
104.31 2 0.0239132
104.41 1 0.135139
104.41 2 0.0239132
104.51 1 0.135139
104.51 2 0.0239132
104.61 1 0.135139
104.61 2 0.0239132
104.71 1 0.135139
104.71 2 0.0239132
104.81 1 0.135139
104.81 2 0.0239132
104.91 1 0.135139
104.91 2 0.0239132
105.01 1 0.135139
105.01 2 0.0239132
105.11 1 0.135139
105.11 2 0.0239132
105.21 1 0.135139
105.21 2 0.0239132
105.31 1 0.135139
105.31 2 0.0239132
105.41 1 0.135139
105.41 2 0.0239132
105.51 1 0.135139
105.51 2 0.0239132
105.61 1 0.135139
105.61 2 0.0239132
105.71 1 0.135139
105.71 2 0.0239132
105.81 1 0.135139
105.81 2 0.0239132
105.91 1 0.135139
105.91 2 0.0239132
106.01 1 0.135139
106.01 2 0.0239132
106.11 1 0.135139
106.11 2 0.0239132
106.21 1 0.135139
106.21 2 0.0239132
106.31 1 0.135139
106.31 2 0.0239132
106.41 1 0.135139
106.41 2 0.0239132
106.51 1 0.135139
106.51 2 0.0239132
106.61 1 0.135139
106.61 2 0.0239132
106.71 1 0.135139
106.71 2 0.0239132
106.81 1 0.135139
106.81 2 0.0239132
106.91 1 0.135139
106.91 2 0.0239132
107.01 1 0.135139
107.01 2 0.0239132
107.11 1 0.135139
107.11 2 0.0239132
107.21 1 0.135139
107.21 2 0.0239132
107.31 1 0.135139
107.31 2 0.0239132
107.41 1 0.135139
107.41 2 0.0239132
107.51 1 0.135139
107.51 2 0.0239132
107.61 1 0.135139
107.61 2 0.0239132
107.71 1 0.135139
107.71 2 0.0239132
107.81 1 0.135139
107.81 2 0.0239132
107.91 1 0.135139
107.91 2 0.0239132
108.01 1 0.135139
108.01 2 0.0239132
108.11 1 0.135139
108.11 2 0.0239132
108.21 1 0.135139
108.21 2 0.0239132
108.31 1 0.135139
108.31 2 0.0239132
108.41 1 0.135139
108.41 2 0.0239132
108.51 1 0.135139
108.51 2 0.0239132
108.61 1 0.135139
108.61 2 0.0239132
108.71 1 0.135139
108.71 2 0.0239132
108.81 1 0.135139
108.81 2 0.0239132
108.91 1 0.135139
108.91 2 0.0239132
109.01 1 0.135139
109.01 2 0.0239132
109.11 1 0.135139
109.11 2 0.0239132
109.21 1 0.135139
109.21 2 0.0239132
109.31 1 0.135139
109.31 2 0.0239132
109.41 1 0.135139
109.41 2 0.0239132
109.51 1 0.135139
109.51 2 0.0239132
109.61 1 0.135139
109.61 2 0.0239132
109.71 1 0.135139
109.71 2 0.0239132
109.81 1 0.135139
109.81 2 0.0239132
109.91 1 0.135139
109.91 2 0.0239132
110.01 1 0.135139
110.01 2 0.0239132
110.11 1 0.135139
110.11 2 0.0239132
110.21 1 0.135139
110.21 2 0.0239132
110.31 1 0.135139
110.31 2 0.0239132
110.41 1 0.135139
110.41 2 0.0239132
110.51 1 0.135139
110.51 2 0.0239132
110.61 1 0.135139
110.61 2 0.0239132
110.71 1 0.135139
110.71 2 0.0239132
110.81 1 0.135139
110.81 2 0.0239132
110.91 1 0.135139
110.91 2 0.0239132
111.01 1 0.135139
111.01 2 0.0239132
111.11 1 0.135139
111.11 2 0.0239132
111.21 1 0.135139
111.21 2 0.0239132
111.31 1 0.135139
111.31 2 0.0239132
111.41 1 0.135139
111.41 2 0.0239132
111.51 1 0.135139
111.51 2 0.0239132
111.61 1 0.135139
111.61 2 0.0239132
111.71 1 0.135139
111.71 2 0.0239132
111.81 1 0.135139
111.81 2 0.0239132
111.91 1 0.135139
111.91 2 0.0239132
112.01 1 0.135139
112.01 2 0.0239132
112.11 1 0.135139
112.11 2 0.0239132
112.21 1 0.135139
112.21 2 0.0239132
112.31 1 0.135139
112.31 2 0.0239132
112.41 1 0.135139
112.41 2 0.0239132
112.51 1 0.135139
112.51 2 0.0239132
112.61 1 0.135139
112.61 2 0.0239132
112.71 1 0.135139
112.71 2 0.0239132
112.81 1 0.135139
112.81 2 0.0239132
112.91 1 0.135139
112.91 2 0.0239132
113.01 1 0.135139
113.01 2 0.0239132
113.11 1 0.135139
113.11 2 0.0239132
113.21 1 0.135139
113.21 2 0.0239132
113.31 1 0.135139
113.31 2 0.0239132
113.41 1 0.135139
113.41 2 0.0239132
113.51 1 0.135139
113.51 2 0.0239132
113.61 1 0.135139
113.61 2 0.0239132
113.71 1 0.135139
113.71 2 0.0239132
113.81 1 0.135139
113.81 2 0.0239132
113.91 1 0.135139
113.91 2 0.0239132
114.01 1 0.135139
114.01 2 0.0239132
114.11 1 0.135139
114.11 2 0.0239132
114.21 1 0.135139
114.21 2 0.0239132
114.31 1 0.135139
114.31 2 0.0239132
114.41 1 0.135139
114.41 2 0.0239132
114.51 1 0.135139
114.51 2 0.0239132
114.61 1 0.135139
114.61 2 0.0239132
114.71 1 0.135139
114.71 2 0.0239132
114.81 1 0.135139
114.81 2 0.0239132
114.91 1 0.135139
114.91 2 0.0239132
115.01 1 0.135139
115.01 2 0.0239132
115.11 1 0.135139
115.11 2 0.0239132
115.21 1 0.135139
115.21 2 0.0239132
115.31 1 0.135139
115.31 2 0.0239132
115.41 1 0.135139
115.41 2 0.0239132
115.51 1 0.135139
115.51 2 0.0239132
115.61 1 0.135139
115.61 2 0.0239132
115.71 1 0.135139
115.71 2 0.0239132
115.81 1 0.135139
115.81 2 0.0239132
115.91 1 0.135139
115.91 2 0.0239132
116.01 1 0.135139
116.01 2 0.0239132
116.11 1 0.135139
116.11 2 0.0239132
116.21 1 0.135139
116.21 2 0.0239132
116.31 1 0.135139
116.31 2 0.0239132
116.41 1 0.135139
116.41 2 0.0239132
116.51 1 0.135139
116.51 2 0.0239132
116.61 1 0.135139
116.61 2 0.0239132
116.71 1 0.135139
116.71 2 0.0239132
116.81 1 0.135139
116.81 2 0.0239132
116.91 1 0.135139
116.91 2 0.0239132
117.01 1 0.135139
117.01 2 0.0239132
117.11 1 0.135139
117.11 2 0.0239132
117.21 1 0.135139
117.21 2 0.0239132
117.31 1 0.135139
117.31 2 0.0239132
117.41 1 0.135139
117.41 2 0.0239132
117.51 1 0.135139
117.51 2 0.0239132
117.61 1 0.135139
117.61 2 0.0239132
117.71 1 0.135139
117.71 2 0.0239132
117.81 1 0.135139
117.81 2 0.0239132
117.91 1 0.135139
117.91 2 0.0239132
118.01 1 0.135139
118.01 2 0.0239132
118.11 1 0.135139
118.11 2 0.0239132
118.21 1 0.135139
118.21 2 0.0239132
118.31 1 0.135139
118.31 2 0.0239132
118.41 1 0.135139
118.41 2 0.0239132
118.51 1 0.135139
118.51 2 0.0239132
118.61 1 0.135139
118.61 2 0.0239132
118.71 1 0.135139
118.71 2 0.0239132
118.81 1 0.135139
118.81 2 0.0239132
118.91 1 0.135139
118.91 2 0.0239132
119.01 1 0.135139
119.01 2 0.0239132
119.11 1 0.135139
119.11 2 0.0239132
119.21 1 0.135139
119.21 2 0.0239132
119.31 1 0.135139
119.31 2 0.0239132
119.41 1 0.135139
119.41 2 0.0239132
119.51 1 0.135139
119.51 2 0.0239132
119.61 1 0.135139
119.61 2 0.0239132
119.71 1 0.135139
119.71 2 0.0239132
119.81 1 0.135139
119.81 2 0.0239132
119.91 1 0.135139
119.91 2 0.0239132
120.01 1 0.135139
120.01 2 0.0239132
120.11 1 0.135139
120.11 2 0.0239132
120.21 1 0.135139
120.21 2 0.0239132
120.31 1 0.135139
120.31 2 0.0239132
120.41 1 0.135139
120.41 2 0.0239132
120.51 1 0.135139
120.51 2 0.0239132
120.61 1 0.135139
120.61 2 0.0239132
120.71 1 0.135139
120.71 2 0.0239132
120.81 1 0.135139
120.81 2 0.0239132
120.91 1 0.135139
120.91 2 0.0239132
121.01 1 0.135139
121.01 2 0.0239132
121.11 1 0.135139
121.11 2 0.0239132
121.21 1 0.135139
121.21 2 0.0239132
121.31 1 0.135139
121.31 2 0.0239132
121.41 1 0.135139
121.41 2 0.0239132
121.51 1 0.135139
121.51 2 0.0239132
121.61 1 0.135139
121.61 2 0.0239132
121.71 1 0.135139
121.71 2 0.0239132
121.81 1 0.135139
121.81 2 0.0239132
121.91 1 0.135139
121.91 2 0.0239132
122.01 1 0.135139
122.01 2 0.0239132
122.11 1 0.135139
122.11 2 0.0239132
122.21 1 0.135139
122.21 2 0.0239132
122.31 1 0.135139
122.31 2 0.0239132
122.41 1 0.135139
122.41 2 0.0239132
122.51 1 0.135139
122.51 2 0.0239132
122.61 1 0.135139
122.61 2 0.0239132
122.71 1 0.135139
122.71 2 0.0239132
122.81 1 0.135139
122.81 2 0.0239132
122.91 1 0.135139
122.91 2 0.0239132
123.01 1 0.135139
123.01 2 0.0239132
123.11 1 0.135139
123.11 2 0.0239132
123.21 1 0.135139
123.21 2 0.0239132
123.31 1 0.135139
123.31 2 0.0239132
123.41 1 0.135139
123.41 2 0.0239132
123.51 1 0.135139
123.51 2 0.0239132
123.61 1 0.135139
123.61 2 0.0239132
123.71 1 0.135139
123.71 2 0.0239132
123.81 1 0.135139
123.81 2 0.0239132
123.91 1 0.135139
123.91 2 0.0239132
124.01 1 0.135139
124.01 2 0.0239132
124.11 1 0.135139
124.11 2 0.0239132
124.21 1 0.135139
124.21 2 0.0239132
124.31 1 0.135139
124.31 2 0.0239132
124.41 1 0.135139
124.41 2 0.0239132
124.51 1 0.135139
124.51 2 0.0239132
124.61 1 0.135139
124.61 2 0.0239132
124.71 1 0.135139
124.71 2 0.0239132
124.81 1 0.135139
124.81 2 0.0239132
124.91 1 0.135139
124.91 2 0.0239132
125.01 1 0.135139
125.01 2 0.0239132
125.11 1 0.135139
125.11 2 0.0239132
125.21 1 0.135139
125.21 2 0.0239132
125.31 1 0.135139
125.31 2 0.0239132
125.41 1 0.135139
125.41 2 0.0239132
125.51 1 0.135139
125.51 2 0.0239132
125.61 1 0.135139
125.61 2 0.0239132
125.71 1 0.135139
125.71 2 0.0239132
125.81 1 0.135139
125.81 2 0.0239132
125.91 1 0.135139
125.91 2 0.0239132
126.01 1 0.135139
126.01 2 0.0239132
126.11 1 0.135139
126.11 2 0.0239132
126.21 1 0.135139
126.21 2 0.0239132
126.31 1 0.135139
126.31 2 0.0239132
126.41 1 0.135139
126.41 2 0.0239132
126.51 1 0.135139
126.51 2 0.0239132
126.61 1 0.135139
126.61 2 0.0239132
126.71 1 0.135139
126.71 2 0.0239132
126.81 1 0.135139
126.81 2 0.0239132
126.91 1 0.135139
126.91 2 0.0239132
127.01 1 0.135139
127.01 2 0.0239132
127.11 1 0.135139
127.11 2 0.0239132
127.21 1 0.135139
127.21 2 0.0239132
127.31 1 0.135139
127.31 2 0.0239132
127.41 1 0.135139
127.41 2 0.0239132
127.51 1 0.135139
127.51 2 0.0239132
127.61 1 0.135139
127.61 2 0.0239132
127.71 1 0.135139
127.71 2 0.0239132
127.81 1 0.135139
127.81 2 0.0239132
127.91 1 0.135139
127.91 2 0.0239132
128.01 1 0.135139
128.01 2 0.0239132
128.11 1 0.135139
128.11 2 0.0239132
128.21 1 0.135139
128.21 2 0.0239132
128.31 1 0.135139
128.31 2 0.0239132
128.41 1 0.135139
128.41 2 0.0239132
128.51 1 0.135139
128.51 2 0.0239132
128.61 1 0.135139
128.61 2 0.0239132
128.71 1 0.135139
128.71 2 0.0239132
128.81 1 0.135139
128.81 2 0.0239132
128.91 1 0.135139
128.91 2 0.0239132
129.01 1 0.135139
129.01 2 0.0239132
129.11 1 0.135139
129.11 2 0.0239132
129.21 1 0.135139
129.21 2 0.0239132
129.31 1 0.135139
129.31 2 0.0239132
129.41 1 0.135139
129.41 2 0.0239132
129.51 1 0.135139
129.51 2 0.0239132
129.61 1 0.135139
129.61 2 0.0239132
129.71 1 0.135139
129.71 2 0.0239132
129.81 1 0.135139
129.81 2 0.0239132
129.91 1 0.135139
129.91 2 0.0239132
130.01 1 0.135139
130.01 2 0.0239132
130.11 1 0.135139
130.11 2 0.0239132
130.21 1 0.135139
130.21 2 0.0239132
130.31 1 0.135139
130.31 2 0.0239132
130.41 1 0.135139
130.41 2 0.0239132
130.51 1 0.135139
130.51 2 0.0239132
130.61 1 0.135139
130.61 2 0.0239132
130.71 1 0.135139
130.71 2 0.0239132
130.81 1 0.135139
130.81 2 0.0239132
130.91 1 0.135139
130.91 2 0.0239132
131.01 1 0.135139
131.01 2 0.0239132
131.11 1 0.135139
131.11 2 0.0239132
131.21 1 0.135139
131.21 2 0.0239132
131.31 1 0.135139
131.31 2 0.0239132
131.41 1 0.135139
131.41 2 0.0239132
131.51 1 0.135139
131.51 2 0.0239132
131.61 1 0.135139
131.61 2 0.0239132
131.71 1 0.135139
131.71 2 0.0239132
131.81 1 0.135139
131.81 2 0.0239132
131.91 1 0.135139
131.91 2 0.0239132
132.01 1 0.135139
132.01 2 0.0239132
132.11 1 0.135139
132.11 2 0.0239132
132.21 1 0.135139
132.21 2 0.0239132
132.31 1 0.135139
132.31 2 0.0239132
132.41 1 0.135139
132.41 2 0.0239132
132.51 1 0.135139
132.51 2 0.0239132
132.61 1 0.135139
132.61 2 0.0239132
132.71 1 0.135139
132.71 2 0.0239132
132.81 1 0.135139
132.81 2 0.0239132
132.91 1 0.135139
132.91 2 0.0239132
133.01 1 0.135139
133.01 2 0.0239132
133.11 1 0.135139
133.11 2 0.0239132
133.21 1 0.135139
133.21 2 0.0239132
133.31 1 0.135139
133.31 2 0.0239132
133.41 1 0.135139
133.41 2 0.0239132
133.51 1 0.135139
133.51 2 0.0239132
133.61 1 0.135139
133.61 2 0.0239132
133.71 1 0.135139
133.71 2 0.0239132
133.81 1 0.135139
133.81 2 0.0239132
133.91 1 0.135139
133.91 2 0.0239132
134.01 1 0.135139
134.01 2 0.0239132
134.11 1 0.135139
134.11 2 0.0239132
134.21 1 0.135139
134.21 2 0.0239132
134.31 1 0.135139
134.31 2 0.0239132
134.41 1 0.135139
134.41 2 0.0239132
134.51 1 0.135139
134.51 2 0.0239132
134.61 1 0.135139
134.61 2 0.0239132
134.71 1 0.135139
134.71 2 0.0239132
134.81 1 0.135139
134.81 2 0.0239132
134.91 1 0.135139
134.91 2 0.0239132
135.01 1 0.135139
135.01 2 0.0239132
135.11 1 0.135139
135.11 2 0.0239132
135.21 1 0.135139
135.21 2 0.0239132
135.31 1 0.135139
135.31 2 0.0239132
135.41 1 0.135139
135.41 2 0.0239132
135.51 1 0.135139
135.51 2 0.0239132
135.61 1 0.135139
135.61 2 0.0239132
135.71 1 0.135139
135.71 2 0.0239132
135.81 1 0.135139
135.81 2 0.0239132
135.91 1 0.135139
135.91 2 0.0239132
136.01 1 0.135139
136.01 2 0.0239132
136.11 1 0.135139
136.11 2 0.0239132
136.21 1 0.135139
136.21 2 0.0239132
136.31 1 0.135139
136.31 2 0.0239132
136.41 1 0.135139
136.41 2 0.0239132
136.51 1 0.135139
136.51 2 0.0239132
136.61 1 0.135139
136.61 2 0.0239132
136.71 1 0.135139
136.71 2 0.0239132
136.81 1 0.135139
136.81 2 0.0239132
136.91 1 0.135139
136.91 2 0.0239132
137.01 1 0.135139
137.01 2 0.0239132
137.11 1 0.135139
137.11 2 0.0239132
137.21 1 0.135139
137.21 2 0.0239132
137.31 1 0.135139
137.31 2 0.0239132
137.41 1 0.135139
137.41 2 0.0239132
137.51 1 0.135139
137.51 2 0.0239132
137.61 1 0.135139
137.61 2 0.0239132
137.71 1 0.135139
137.71 2 0.0239132
137.81 1 0.135139
137.81 2 0.0239132
137.91 1 0.135139
137.91 2 0.0239132
138.01 1 0.135139
138.01 2 0.0239132
138.11 1 0.135139
138.11 2 0.0239132
138.21 1 0.135139
138.21 2 0.0239132
138.31 1 0.135139
138.31 2 0.0239132
138.41 1 0.135139
138.41 2 0.0239132
138.51 1 0.135139
138.51 2 0.0239132
138.61 1 0.135139
138.61 2 0.0239132
138.71 1 0.135139
138.71 2 0.0239132
138.81 1 0.135139
138.81 2 0.0239132
138.91 1 0.135139
138.91 2 0.0239132
139.01 1 0.135139
139.01 2 0.0239132
139.11 1 0.135139
139.11 2 0.0239132
139.21 1 0.135139
139.21 2 0.0239132
139.31 1 0.135139
139.31 2 0.0239132
139.41 1 0.135139
139.41 2 0.0239132
139.51 1 0.135139
139.51 2 0.0239132
139.61 1 0.135139
139.61 2 0.0239132
139.71 1 0.135139
139.71 2 0.0239132
139.81 1 0.135139
139.81 2 0.0239132
139.91 1 0.135139
139.91 2 0.0239132
140.01 1 0.135139
140.01 2 0.0239132
140.11 1 0.135139
140.11 2 0.0239132
140.21 1 0.135139
140.21 2 0.0239132
140.31 1 0.135139
140.31 2 0.0239132
140.41 1 0.135139
140.41 2 0.0239132
140.51 1 0.135139
140.51 2 0.0239132
140.61 1 0.135139
140.61 2 0.0239132
140.71 1 0.135139
140.71 2 0.0239132
140.81 1 0.135139
140.81 2 0.0239132
140.91 1 0.135139
140.91 2 0.0239132
141.01 1 0.135139
141.01 2 0.0239132
141.11 1 0.135139
141.11 2 0.0239132
141.21 1 0.135139
141.21 2 0.0239132
141.31 1 0.135139
141.31 2 0.0239132
141.41 1 0.135139
141.41 2 0.0239132
141.51 1 0.135139
141.51 2 0.0239132
141.61 1 0.135139
141.61 2 0.0239132
141.71 1 0.135139
141.71 2 0.0239132
141.81 1 0.135139
141.81 2 0.0239132
141.91 1 0.135139
141.91 2 0.0239132
142.01 1 0.135139
142.01 2 0.0239132
142.11 1 0.135139
142.11 2 0.0239132
142.21 1 0.135139
142.21 2 0.0239132
142.31 1 0.135139
142.31 2 0.0239132
142.41 1 0.135139
142.41 2 0.0239132
142.51 1 0.135139
142.51 2 0.0239132
142.61 1 0.135139
142.61 2 0.0239132
142.71 1 0.135139
142.71 2 0.0239132
142.81 1 0.135139
142.81 2 0.0239132
142.91 1 0.135139
142.91 2 0.0239132
143.01 1 0.135139
143.01 2 0.0239132
143.11 1 0.135139
143.11 2 0.0239132
143.21 1 0.135139
143.21 2 0.0239132
143.31 1 0.135139
143.31 2 0.0239132
143.41 1 0.135139
143.41 2 0.0239132
143.51 1 0.135139
143.51 2 0.0239132
143.61 1 0.135139
143.61 2 0.0239132
143.71 1 0.135139
143.71 2 0.0239132
143.81 1 0.135139
143.81 2 0.0239132
143.91 1 0.135139
143.91 2 0.0239132
144.01 1 0.135139
144.01 2 0.0239132
144.11 1 0.135139
144.11 2 0.0239132
144.21 1 0.135139
144.21 2 0.0239132
144.31 1 0.135139
144.31 2 0.0239132
144.41 1 0.135139
144.41 2 0.0239132
144.51 1 0.135139
144.51 2 0.0239132
144.61 1 0.135139
144.61 2 0.0239132
144.71 1 0.135139
144.71 2 0.0239132
144.81 1 0.135139
144.81 2 0.0239132
144.91 1 0.135139
144.91 2 0.0239132
145.01 1 0.135139
145.01 2 0.0239132
145.11 1 0.135139
145.11 2 0.0239132
145.21 1 0.135139
145.21 2 0.0239132
145.31 1 0.135139
145.31 2 0.0239132
145.41 1 0.135139
145.41 2 0.0239132
145.51 1 0.135139
145.51 2 0.0239132
145.61 1 0.135139
145.61 2 0.0239132
145.71 1 0.135139
145.71 2 0.0239132
145.81 1 0.135139
145.81 2 0.0239132
145.91 1 0.135139
145.91 2 0.0239132
146.01 1 0.135139
146.01 2 0.0239132
146.11 1 0.135139
146.11 2 0.0239132
146.21 1 0.135139
146.21 2 0.0239132
146.31 1 0.135139
146.31 2 0.0239132
146.41 1 0.135139
146.41 2 0.0239132
146.51 1 0.135139
146.51 2 0.0239132
146.61 1 0.135139
146.61 2 0.0239132
146.71 1 0.135139
146.71 2 0.0239132
146.81 1 0.135139
146.81 2 0.0239132
146.91 1 0.135139
146.91 2 0.0239132
147.01 1 0.135139
147.01 2 0.0239132
147.11 1 0.135139
147.11 2 0.0239132
147.21 1 0.135139
147.21 2 0.0239132
147.31 1 0.135139
147.31 2 0.0239132
147.41 1 0.135139
147.41 2 0.0239132
147.51 1 0.135139
147.51 2 0.0239132
147.61 1 0.135139
147.61 2 0.0239132
147.71 1 0.135139
147.71 2 0.0239132
147.81 1 0.135139
147.81 2 0.0239132
147.91 1 0.135139
147.91 2 0.0239132
148.01 1 0.135139
148.01 2 0.0239132
148.11 1 0.135139
148.11 2 0.0239132
148.21 1 0.135139
148.21 2 0.0239132
148.31 1 0.135139
148.31 2 0.0239132
148.41 1 0.135139
148.41 2 0.0239132
148.51 1 0.135139
148.51 2 0.0239132
148.61 1 0.135139
148.61 2 0.0239132
148.71 1 0.135139
148.71 2 0.0239132
148.81 1 0.135139
148.81 2 0.0239132
148.91 1 0.135139
148.91 2 0.0239132
149.01 1 0.135139
149.01 2 0.0239132
149.11 1 0.135139
149.11 2 0.0239132
149.21 1 0.135139
149.21 2 0.0239132
149.31 1 0.135139
149.31 2 0.0239132
149.41 1 0.135139
149.41 2 0.0239132
149.51 1 0.135139
149.51 2 0.0239132
149.61 1 0.135139
149.61 2 0.0239132
149.71 1 0.135139
149.71 2 0.0239132
149.81 1 0.135139
149.81 2 0.0239132
149.91 1 0.135139
149.91 2 0.0239132
150.01 1 0.135139
150.01 2 0.0239132
150.11 1 0.135139
150.11 2 0.0239132
150.21 1 0.135139
150.21 2 0.0239132
150.31 1 0.135139
150.31 2 0.0239132
150.41 1 0.135139
150.41 2 0.0239132
150.51 1 0.135139
150.51 2 0.0239132
150.61 1 0.135139
150.61 2 0.0239132
150.71 1 0.135139
150.71 2 0.0239132
150.81 1 0.135139
150.81 2 0.0239132
150.91 1 0.135139
150.91 2 0.0239132
151.01 1 0.135139
151.01 2 0.0239132
151.11 1 0.135139
151.11 2 0.0239132
151.21 1 0.135139
151.21 2 0.0239132
151.31 1 0.135139
151.31 2 0.0239132
151.41 1 0.135139
151.41 2 0.0239132
151.51 1 0.135139
151.51 2 0.0239132
151.61 1 0.135139
151.61 2 0.0239132
151.71 1 0.135139
151.71 2 0.0239132
151.81 1 0.135139
151.81 2 0.0239132
151.91 1 0.135139
151.91 2 0.0239132
152.01 1 0.135139
152.01 2 0.0239132
152.11 1 0.135139
152.11 2 0.0239132
152.21 1 0.135139
152.21 2 0.0239132
152.31 1 0.135139
152.31 2 0.0239132
152.41 1 0.135139
152.41 2 0.0239132
152.51 1 0.135139
152.51 2 0.0239132
152.61 1 0.135139
152.61 2 0.0239132
152.71 1 0.135139
152.71 2 0.0239132
152.81 1 0.135139
152.81 2 0.0239132
152.91 1 0.135139
152.91 2 0.0239132
153.01 1 0.135139
153.01 2 0.0239132
153.11 1 0.135139
153.11 2 0.0239132
153.21 1 0.135139
153.21 2 0.0239132
153.31 1 0.135139
153.31 2 0.0239132
153.41 1 0.135139
153.41 2 0.0239132
153.51 1 0.135139
153.51 2 0.0239132
153.61 1 0.135139
153.61 2 0.0239132
153.71 1 0.135139
153.71 2 0.0239132
153.81 1 0.135139
153.81 2 0.0239132
153.91 1 0.135139
153.91 2 0.0239132
154.01 1 0.135139
154.01 2 0.0239132
154.11 1 0.135139
154.11 2 0.0239132
154.21 1 0.135139
154.21 2 0.0239132
154.31 1 0.135139
154.31 2 0.0239132
154.41 1 0.135139
154.41 2 0.0239132
154.51 1 0.135139
154.51 2 0.0239132
154.61 1 0.135139
154.61 2 0.0239132
154.71 1 0.135139
154.71 2 0.0239132
154.81 1 0.135139
154.81 2 0.0239132
154.91 1 0.135139
154.91 2 0.0239132
155.01 1 0.135139
155.01 2 0.0239132
155.11 1 0.135139
155.11 2 0.0239132
155.21 1 0.135139
155.21 2 0.0239132
155.31 1 0.135139
155.31 2 0.0239132
155.41 1 0.135139
155.41 2 0.0239132
155.51 1 0.135139
155.51 2 0.0239132
155.61 1 0.135139
155.61 2 0.0239132
155.71 1 0.135139
155.71 2 0.0239132
155.81 1 0.135139
155.81 2 0.0239132
155.91 1 0.135139
155.91 2 0.0239132
156.01 1 0.135139
156.01 2 0.0239132
156.11 1 0.135139
156.11 2 0.0239132
156.21 1 0.135139
156.21 2 0.0239132
156.31 1 0.135139
156.31 2 0.0239132
156.41 1 0.135139
156.41 2 0.0239132
156.51 1 0.135139
156.51 2 0.0239132
156.61 1 0.135139
156.61 2 0.0239132
156.71 1 0.135139
156.71 2 0.0239132
156.81 1 0.135139
156.81 2 0.0239132
156.91 1 0.135139
156.91 2 0.0239132
157.01 1 0.135139
157.01 2 0.0239132
157.11 1 0.135139
157.11 2 0.0239132
157.21 1 0.135139
157.21 2 0.0239132
157.31 1 0.135139
157.31 2 0.0239132
157.41 1 0.135139
157.41 2 0.0239132
157.51 1 0.135139
157.51 2 0.0239132
157.61 1 0.135139
157.61 2 0.0239132
157.71 1 0.135139
157.71 2 0.0239132
157.81 1 0.135139
157.81 2 0.0239132
157.91 1 0.135139
157.91 2 0.0239132
158.01 1 0.135139
158.01 2 0.0239132
158.11 1 0.135139
158.11 2 0.0239132
158.21 1 0.135139
158.21 2 0.0239132
158.31 1 0.135139
158.31 2 0.0239132
158.41 1 0.135139
158.41 2 0.0239132
158.51 1 0.135139
158.51 2 0.0239132
158.61 1 0.135139
158.61 2 0.0239132
158.71 1 0.135139
158.71 2 0.0239132
158.81 1 0.135139
158.81 2 0.0239132
158.91 1 0.135139
158.91 2 0.0239132
159.01 1 0.135139
159.01 2 0.0239132
159.11 1 0.135139
159.11 2 0.0239132
159.21 1 0.135139
159.21 2 0.0239132
159.31 1 0.135139
159.31 2 0.0239132
159.41 1 0.135139
159.41 2 0.0239132
159.51 1 0.135139
159.51 2 0.0239132
159.61 1 0.135139
159.61 2 0.0239132
159.71 1 0.135139
159.71 2 0.0239132
159.81 1 0.135139
159.81 2 0.0239132
159.91 1 0.135139
159.91 2 0.0239132
160.01 1 0.135139
160.01 2 0.0239132
160.11 1 0.135139
160.11 2 0.0239132
160.21 1 0.135139
160.21 2 0.0239132
160.31 1 0.135139
160.31 2 0.0239132
160.41 1 0.135139
160.41 2 0.0239132
160.51 1 0.135139
160.51 2 0.0239132
160.61 1 0.135139
160.61 2 0.0239132
160.71 1 0.135139
160.71 2 0.0239132
160.81 1 0.135139
160.81 2 0.0239132
160.91 1 0.135139
160.91 2 0.0239132
161.01 1 0.135139
161.01 2 0.0239132
161.11 1 0.135139
161.11 2 0.0239132
161.21 1 0.135139
161.21 2 0.0239132
161.31 1 0.135139
161.31 2 0.0239132
161.41 1 0.135139
161.41 2 0.0239132
161.51 1 0.135139
161.51 2 0.0239132
161.61 1 0.135139
161.61 2 0.0239132
161.71 1 0.135139
161.71 2 0.0239132
161.81 1 0.135139
161.81 2 0.0239132
161.91 1 0.135139
161.91 2 0.0239132
162.01 1 0.135139
162.01 2 0.0239132
162.11 1 0.135139
162.11 2 0.0239132
162.21 1 0.135139
162.21 2 0.0239132
162.31 1 0.135139
162.31 2 0.0239132
162.41 1 0.135139
162.41 2 0.0239132
162.51 1 0.135139
162.51 2 0.0239132
162.61 1 0.135139
162.61 2 0.0239132
162.71 1 0.135139
162.71 2 0.0239132
162.81 1 0.135139
162.81 2 0.0239132
162.91 1 0.135139
162.91 2 0.0239132
163.01 1 0.135139
163.01 2 0.0239132
163.11 1 0.135139
163.11 2 0.0239132
163.21 1 0.135139
163.21 2 0.0239132
163.31 1 0.135139
163.31 2 0.0239132
163.41 1 0.135139
163.41 2 0.0239132
163.51 1 0.135139
163.51 2 0.0239132
163.61 1 0.135139
163.61 2 0.0239132
163.71 1 0.135139
163.71 2 0.0239132
163.81 1 0.135139
163.81 2 0.0239132
163.91 1 0.135139
163.91 2 0.0239132
164.01 1 0.135139
164.01 2 0.0239132
164.11 1 0.135139
164.11 2 0.0239132
164.21 1 0.135139
164.21 2 0.0239132
164.31 1 0.135139
164.31 2 0.0239132
164.41 1 0.135139
164.41 2 0.0239132
164.51 1 0.135139
164.51 2 0.0239132
164.61 1 0.135139
164.61 2 0.0239132
164.71 1 0.135139
164.71 2 0.0239132
164.81 1 0.135139
164.81 2 0.0239132
164.91 1 0.135139
164.91 2 0.0239132
165.01 1 0.135139
165.01 2 0.0239132
165.11 1 0.135139
165.11 2 0.0239132
165.21 1 0.135139
165.21 2 0.0239132
165.31 1 0.135139
165.31 2 0.0239132
165.41 1 0.135139
165.41 2 0.0239132
165.51 1 0.135139
165.51 2 0.0239132
165.61 1 0.135139
165.61 2 0.0239132
165.71 1 0.135139
165.71 2 0.0239132
165.81 1 0.135139
165.81 2 0.0239132
165.91 1 0.135139
165.91 2 0.0239132
166.01 1 0.135139
166.01 2 0.0239132
166.11 1 0.135139
166.11 2 0.0239132
166.21 1 0.135139
166.21 2 0.0239132
166.31 1 0.135139
166.31 2 0.0239132
166.41 1 0.135139
166.41 2 0.0239132
166.51 1 0.135139
166.51 2 0.0239132
166.61 1 0.135139
166.61 2 0.0239132
166.71 1 0.135139
166.71 2 0.0239132
166.81 1 0.135139
166.81 2 0.0239132
166.91 1 0.135139
166.91 2 0.0239132
167.01 1 0.135139
167.01 2 0.0239132
167.11 1 0.135139
167.11 2 0.0239132
167.21 1 0.135139
167.21 2 0.0239132
167.31 1 0.135139
167.31 2 0.0239132
167.41 1 0.135139
167.41 2 0.0239132
167.51 1 0.135139
167.51 2 0.0239132
167.61 1 0.135139
167.61 2 0.0239132
167.71 1 0.135139
167.71 2 0.0239132
167.81 1 0.135139
167.81 2 0.0239132
167.91 1 0.135139
167.91 2 0.0239132
168.01 1 0.135139
168.01 2 0.0239132
168.11 1 0.135139
168.11 2 0.0239132
168.21 1 0.135139
168.21 2 0.0239132
168.31 1 0.135139
168.31 2 0.0239132
168.41 1 0.135139
168.41 2 0.0239132
168.51 1 0.135139
168.51 2 0.0239132
168.61 1 0.135139
168.61 2 0.0239132
168.71 1 0.135139
168.71 2 0.0239132
168.81 1 0.135139
168.81 2 0.0239132
168.91 1 0.135139
168.91 2 0.0239132
169.01 1 0.135139
169.01 2 0.0239132
169.11 1 0.135139
169.11 2 0.0239132
169.21 1 0.135139
169.21 2 0.0239132
169.31 1 0.135139
169.31 2 0.0239132
169.41 1 0.135139
169.41 2 0.0239132
169.51 1 0.135139
169.51 2 0.0239132
169.61 1 0.135139
169.61 2 0.0239132
169.71 1 0.135139
169.71 2 0.0239132
169.81 1 0.135139
169.81 2 0.0239132
169.91 1 0.135139
169.91 2 0.0239132
170.01 1 0.135139
170.01 2 0.0239132
170.11 1 0.135139
170.11 2 0.0239132
170.21 1 0.135139
170.21 2 0.0239132
170.31 1 0.135139
170.31 2 0.0239132
170.41 1 0.135139
170.41 2 0.0239132
170.51 1 0.135139
170.51 2 0.0239132
170.61 1 0.135139
170.61 2 0.0239132
170.71 1 0.135139
170.71 2 0.0239132
170.81 1 0.135139
170.81 2 0.0239132
170.91 1 0.135139
170.91 2 0.0239132
171.01 1 0.135139
171.01 2 0.0239132
171.11 1 0.135139
171.11 2 0.0239132
171.21 1 0.135139
171.21 2 0.0239132
171.31 1 0.135139
171.31 2 0.0239132
171.41 1 0.135139
171.41 2 0.0239132
171.51 1 0.135139
171.51 2 0.0239132
171.61 1 0.135139
171.61 2 0.0239132
171.71 1 0.135139
171.71 2 0.0239132
171.81 1 0.135139
171.81 2 0.0239132
171.91 1 0.135139
171.91 2 0.0239132
172.01 1 0.135139
172.01 2 0.0239132
172.11 1 0.135139
172.11 2 0.0239132
172.21 1 0.135139
172.21 2 0.0239132
172.31 1 0.135139
172.31 2 0.0239132
172.41 1 0.135139
172.41 2 0.0239132
172.51 1 0.135139
172.51 2 0.0239132
172.61 1 0.135139
172.61 2 0.0239132
172.71 1 0.135139
172.71 2 0.0239132
172.81 1 0.135139
172.81 2 0.0239132
172.91 1 0.135139
172.91 2 0.0239132
173.01 1 0.135139
173.01 2 0.0239132
173.11 1 0.135139
173.11 2 0.0239132
173.21 1 0.135139
173.21 2 0.0239132
173.31 1 0.135139
173.31 2 0.0239132
173.41 1 0.135139
173.41 2 0.0239132
173.51 1 0.135139
173.51 2 0.0239132
173.61 1 0.135139
173.61 2 0.0239132
173.71 1 0.135139
173.71 2 0.0239132
173.81 1 0.135139
173.81 2 0.0239132
173.91 1 0.135139
173.91 2 0.0239132
174.01 1 0.135139
174.01 2 0.0239132
174.11 1 0.135139
174.11 2 0.0239132
174.21 1 0.135139
174.21 2 0.0239132
174.31 1 0.135139
174.31 2 0.0239132
174.41 1 0.135139
174.41 2 0.0239132
174.51 1 0.135139
174.51 2 0.0239132
174.61 1 0.135139
174.61 2 0.0239132
174.71 1 0.135139
174.71 2 0.0239132
174.81 1 0.135139
174.81 2 0.0239132
174.91 1 0.135139
174.91 2 0.0239132
175.01 1 0.135139
175.01 2 0.0239132
175.11 1 0.135139
175.11 2 0.0239132
175.21 1 0.135139
175.21 2 0.0239132
175.31 1 0.135139
175.31 2 0.0239132
175.41 1 0.135139
175.41 2 0.0239132
175.51 1 0.135139
175.51 2 0.0239132
175.61 1 0.135139
175.61 2 0.0239132
175.71 1 0.135139
175.71 2 0.0239132
175.81 1 0.135139
175.81 2 0.0239132
175.91 1 0.135139
175.91 2 0.0239132
176.01 1 0.135139
176.01 2 0.0239132
176.11 1 0.135139
176.11 2 0.0239132
176.21 1 0.135139
176.21 2 0.0239132
176.31 1 0.135139
176.31 2 0.0239132
176.41 1 0.135139
176.41 2 0.0239132
176.51 1 0.135139
176.51 2 0.0239132
176.61 1 0.135139
176.61 2 0.0239132
176.71 1 0.135139
176.71 2 0.0239132
176.81 1 0.135139
176.81 2 0.0239132
176.91 1 0.135139
176.91 2 0.0239132
177.01 1 0.135139
177.01 2 0.0239132
177.11 1 0.135139
177.11 2 0.0239132
177.21 1 0.135139
177.21 2 0.0239132
177.31 1 0.135139
177.31 2 0.0239132
177.41 1 0.135139
177.41 2 0.0239132
177.51 1 0.135139
177.51 2 0.0239132
177.61 1 0.135139
177.61 2 0.0239132
177.71 1 0.135139
177.71 2 0.0239132
177.81 1 0.135139
177.81 2 0.0239132
177.91 1 0.135139
177.91 2 0.0239132
178.01 1 0.135139
178.01 2 0.0239132
178.11 1 0.135139
178.11 2 0.0239132
178.21 1 0.135139
178.21 2 0.0239132
178.31 1 0.135139
178.31 2 0.0239132
178.41 1 0.135139
178.41 2 0.0239132
178.51 1 0.135139
178.51 2 0.0239132
178.61 1 0.135139
178.61 2 0.0239132
178.71 1 0.135139
178.71 2 0.0239132
178.81 1 0.135139
178.81 2 0.0239132
178.91 1 0.135139
178.91 2 0.0239132
179.01 1 0.135139
179.01 2 0.0239132
179.11 1 0.135139
179.11 2 0.0239132
179.21 1 0.135139
179.21 2 0.0239132
179.31 1 0.135139
179.31 2 0.0239132
179.41 1 0.135139
179.41 2 0.0239132
179.51 1 0.135139
179.51 2 0.0239132
179.61 1 0.135139
179.61 2 0.0239132
179.71 1 0.135139
179.71 2 0.0239132
179.81 1 0.135139
179.81 2 0.0239132
179.91 1 0.135139
179.91 2 0.0239132
180.01 1 0.135139
180.01 2 0.0239132
180.11 1 0.135139
180.11 2 0.0239132
180.21 1 0.135139
180.21 2 0.0239132
180.31 1 0.135139
180.31 2 0.0239132
180.41 1 0.135139
180.41 2 0.0239132
180.51 1 0.135139
180.51 2 0.0239132
180.61 1 0.135139
180.61 2 0.0239132
180.71 1 0.135139
180.71 2 0.0239132
180.81 1 0.135139
180.81 2 0.0239132
180.91 1 0.135139
180.91 2 0.0239132
181.01 1 0.135139
181.01 2 0.0239132
181.11 1 0.135139
181.11 2 0.0239132
181.21 1 0.135139
181.21 2 0.0239132
181.31 1 0.135139
181.31 2 0.0239132
181.41 1 0.135139
181.41 2 0.0239132
181.51 1 0.135139
181.51 2 0.0239132
181.61 1 0.135139
181.61 2 0.0239132
181.71 1 0.135139
181.71 2 0.0239132
181.81 1 0.135139
181.81 2 0.0239132
181.91 1 0.135139
181.91 2 0.0239132
182.01 1 0.135139
182.01 2 0.0239132
182.11 1 0.135139
182.11 2 0.0239132
182.21 1 0.135139
182.21 2 0.0239132
182.31 1 0.135139
182.31 2 0.0239132
182.41 1 0.135139
182.41 2 0.0239132
182.51 1 0.135139
182.51 2 0.0239132
182.61 1 0.135139
182.61 2 0.0239132
182.71 1 0.135139
182.71 2 0.0239132
182.81 1 0.135139
182.81 2 0.0239132
182.91 1 0.135139
182.91 2 0.0239132
183.01 1 0.135139
183.01 2 0.0239132
183.11 1 0.135139
183.11 2 0.0239132
183.21 1 0.135139
183.21 2 0.0239132
183.31 1 0.135139
183.31 2 0.0239132
183.41 1 0.135139
183.41 2 0.0239132
183.51 1 0.135139
183.51 2 0.0239132
183.61 1 0.135139
183.61 2 0.0239132
183.71 1 0.135139
183.71 2 0.0239132
183.81 1 0.135139
183.81 2 0.0239132
183.91 1 0.135139
183.91 2 0.0239132
184.01 1 0.135139
184.01 2 0.0239132
184.11 1 0.135139
184.11 2 0.0239132
184.21 1 0.135139
184.21 2 0.0239132
184.31 1 0.135139
184.31 2 0.0239132
184.41 1 0.135139
184.41 2 0.0239132
184.51 1 0.135139
184.51 2 0.0239132
184.61 1 0.135139
184.61 2 0.0239132
184.71 1 0.135139
184.71 2 0.0239132
184.81 1 0.135139
184.81 2 0.0239132
184.91 1 0.135139
184.91 2 0.0239132
185.01 1 0.135139
185.01 2 0.0239132
185.11 1 0.135139
185.11 2 0.0239132
185.21 1 0.135139
185.21 2 0.0239132
185.31 1 0.135139
185.31 2 0.0239132
185.41 1 0.135139
185.41 2 0.0239132
185.51 1 0.135139
185.51 2 0.0239132
185.61 1 0.135139
185.61 2 0.0239132
185.71 1 0.135139
185.71 2 0.0239132
185.81 1 0.135139
185.81 2 0.0239132
185.91 1 0.135139
185.91 2 0.0239132
186.01 1 0.135139
186.01 2 0.0239132
186.11 1 0.135139
186.11 2 0.0239132
186.21 1 0.135139
186.21 2 0.0239132
186.31 1 0.135139
186.31 2 0.0239132
186.41 1 0.135139
186.41 2 0.0239132
186.51 1 0.135139
186.51 2 0.0239132
186.61 1 0.135139
186.61 2 0.0239132
186.71 1 0.135139
186.71 2 0.0239132
186.81 1 0.135139
186.81 2 0.0239132
186.91 1 0.135139
186.91 2 0.0239132
187.01 1 0.135139
187.01 2 0.0239132
187.11 1 0.135139
187.11 2 0.0239132
187.21 1 0.135139
187.21 2 0.0239132
187.31 1 0.135139
187.31 2 0.0239132
187.41 1 0.135139
187.41 2 0.0239132
187.51 1 0.135139
187.51 2 0.0239132
187.61 1 0.135139
187.61 2 0.0239132
187.71 1 0.135139
187.71 2 0.0239132
187.81 1 0.135139
187.81 2 0.0239132
187.91 1 0.135139
187.91 2 0.0239132
188.01 1 0.135139
188.01 2 0.0239132
188.11 1 0.135139
188.11 2 0.0239132
188.21 1 0.135139
188.21 2 0.0239132
188.31 1 0.135139
188.31 2 0.0239132
188.41 1 0.135139
188.41 2 0.0239132
188.51 1 0.135139
188.51 2 0.0239132
188.61 1 0.135139
188.61 2 0.0239132
188.71 1 0.135139
188.71 2 0.0239132
188.81 1 0.135139
188.81 2 0.0239132
188.91 1 0.135139
188.91 2 0.0239132
189.01 1 0.135139
189.01 2 0.0239132
189.11 1 0.135139
189.11 2 0.0239132
189.21 1 0.135139
189.21 2 0.0239132
189.31 1 0.135139
189.31 2 0.0239132
189.41 1 0.135139
189.41 2 0.0239132
189.51 1 0.135139
189.51 2 0.0239132
189.61 1 0.135139
189.61 2 0.0239132
189.71 1 0.135139
189.71 2 0.0239132
189.81 1 0.135139
189.81 2 0.0239132
189.91 1 0.135139
189.91 2 0.0239132
190.01 1 0.135139
190.01 2 0.0239132
190.11 1 0.135139
190.11 2 0.0239132
190.21 1 0.135139
190.21 2 0.0239132
190.31 1 0.135139
190.31 2 0.0239132
190.41 1 0.135139
190.41 2 0.0239132
190.51 1 0.135139
190.51 2 0.0239132
190.61 1 0.135139
190.61 2 0.0239132
190.71 1 0.135139
190.71 2 0.0239132
190.81 1 0.135139
190.81 2 0.0239132
190.91 1 0.135139
190.91 2 0.0239132
191.01 1 0.135139
191.01 2 0.0239132
191.11 1 0.135139
191.11 2 0.0239132
191.21 1 0.135139
191.21 2 0.0239132
191.31 1 0.135139
191.31 2 0.0239132
191.41 1 0.135139
191.41 2 0.0239132
191.51 1 0.135139
191.51 2 0.0239132
191.61 1 0.135139
191.61 2 0.0239132
191.71 1 0.135139
191.71 2 0.0239132
191.81 1 0.135139
191.81 2 0.0239132
191.91 1 0.135139
191.91 2 0.0239132
192.01 1 0.135139
192.01 2 0.0239132
192.11 1 0.135139
192.11 2 0.0239132
192.21 1 0.135139
192.21 2 0.0239132
192.31 1 0.135139
192.31 2 0.0239132
192.41 1 0.135139
192.41 2 0.0239132
192.51 1 0.135139
192.51 2 0.0239132
192.61 1 0.135139
192.61 2 0.0239132
192.71 1 0.135139
192.71 2 0.0239132
192.81 1 0.135139
192.81 2 0.0239132
192.91 1 0.135139
192.91 2 0.0239132
193.01 1 0.135139
193.01 2 0.0239132
193.11 1 0.135139
193.11 2 0.0239132
193.21 1 0.135139
193.21 2 0.0239132
193.31 1 0.135139
193.31 2 0.0239132
193.41 1 0.135139
193.41 2 0.0239132
193.51 1 0.135139
193.51 2 0.0239132
193.61 1 0.135139
193.61 2 0.0239132
193.71 1 0.135139
193.71 2 0.0239132
193.81 1 0.135139
193.81 2 0.0239132
193.91 1 0.135139
193.91 2 0.0239132
194.01 1 0.135139
194.01 2 0.0239132
194.11 1 0.135139
194.11 2 0.0239132
194.21 1 0.135139
194.21 2 0.0239132
194.31 1 0.135139
194.31 2 0.0239132
194.41 1 0.135139
194.41 2 0.0239132
194.51 1 0.135139
194.51 2 0.0239132
194.61 1 0.135139
194.61 2 0.0239132
194.71 1 0.135139
194.71 2 0.0239132
194.81 1 0.135139
194.81 2 0.0239132
194.91 1 0.135139
194.91 2 0.0239132
195.01 1 0.135139
195.01 2 0.0239132
195.11 1 0.135139
195.11 2 0.0239132
195.21 1 0.135139
195.21 2 0.0239132
195.31 1 0.135139
195.31 2 0.0239132
195.41 1 0.135139
195.41 2 0.0239132
195.51 1 0.135139
195.51 2 0.0239132
195.61 1 0.135139
195.61 2 0.0239132
195.71 1 0.135139
195.71 2 0.0239132
195.81 1 0.135139
195.81 2 0.0239132
195.91 1 0.135139
195.91 2 0.0239132
196.01 1 0.135139
196.01 2 0.0239132
196.11 1 0.135139
196.11 2 0.0239132
196.21 1 0.135139
196.21 2 0.0239132
196.31 1 0.135139
196.31 2 0.0239132
196.41 1 0.135139
196.41 2 0.0239132
196.51 1 0.135139
196.51 2 0.0239132
196.61 1 0.135139
196.61 2 0.0239132
196.71 1 0.135139
196.71 2 0.0239132
196.81 1 0.135139
196.81 2 0.0239132
196.91 1 0.135139
196.91 2 0.0239132
197.01 1 0.135139
197.01 2 0.0239132
197.11 1 0.135139
197.11 2 0.0239132
197.21 1 0.135139
197.21 2 0.0239132
197.31 1 0.135139
197.31 2 0.0239132
197.41 1 0.135139
197.41 2 0.0239132
197.51 1 0.135139
197.51 2 0.0239132
197.61 1 0.135139
197.61 2 0.0239132
197.71 1 0.135139
197.71 2 0.0239132
197.81 1 0.135139
197.81 2 0.0239132
197.91 1 0.135139
197.91 2 0.0239132
198.01 1 0.135139
198.01 2 0.0239132
198.11 1 0.135139
198.11 2 0.0239132
198.21 1 0.135139
198.21 2 0.0239132
198.31 1 0.135139
198.31 2 0.0239132
198.41 1 0.135139
198.41 2 0.0239132
198.51 1 0.135139
198.51 2 0.0239132
198.61 1 0.135139
198.61 2 0.0239132
198.71 1 0.135139
198.71 2 0.0239132
198.81 1 0.135139
198.81 2 0.0239132
198.91 1 0.135139
198.91 2 0.0239132
199.01 1 0.135139
199.01 2 0.0239132
199.11 1 0.135139
199.11 2 0.0239132
199.21 1 0.135139
199.21 2 0.0239132
199.31 1 0.135139
199.31 2 0.0239132
199.41 1 0.135139
199.41 2 0.0239132
199.51 1 0.135139
199.51 2 0.0239132
199.61 1 0.135139
199.61 2 0.0239132
199.71 1 0.135139
199.71 2 0.0239132
199.81 1 0.135139
199.81 2 0.0239132
199.91 1 0.135139
199.91 2 0.0239132
200.01 1 0.135139
200.01 2 0.0239132
200.11 1 0.135139
200.11 2 0.0239132
200.21 1 0.135139
200.21 2 0.0239132
200.31 1 0.135139
200.31 2 0.0239132
200.41 1 0.135139
200.41 2 0.0239132
200.51 1 0.135139
200.51 2 0.0239132
200.61 1 0.135139
200.61 2 0.0239132
200.71 1 0.135139
200.71 2 0.0239132
200.81 1 0.135139
200.81 2 0.0239132
200.91 1 0.135139
200.91 2 0.0239132
