0.114232 476
0.117831 952
0.121429 1428
0.125028 1904
0.128626 2380
0.132225 2856
0.135824 3332
0.139422 3808
0.143021 4284
0.14662 4760
0.219411 4284
0.219411 4760
0.223009 5236
0.226597 4284
0.226608 4760
0.230207 5236
0.233794 4284
0.233805 4760
0.237404 5236
0.240992 4284
0.241003 4760
0.244601 5236
0.248189 4284
0.2482 4760
0.251798 5236
0.255397 5712
0.258996 6188
0.262594 6664
0.266193 7140
0.269792 7616
0.27339 8092
0.276989 8568
0.280587 9044
0.324579 8092
0.324579 8568
0.328177 9044
0.331776 8092
0.331776 8568
0.335375 9044
0.342588 8568
0.342588 9044
0.342588 8568
0.346187 9044
0.346187 8568
0.349785 9044
0.349785 8092
0.353384 8568
0.353384 8092
0.356982 8568
0.356982 8092
0.360581 7616
0.367794 7140
0.371393 6664
0.374992 5712
0.37859 5236
0.382189 4760
0.385787 4284
0.429779 3808
0.433377 3332
0.436976 2856
0.440575 2380
0.447788 1904
0.451387 1428
0.451387 1904
0.454985 1428
0.454985 1904
0.458568 1428
0.458584 1904
0.462166 1428
0.462182 1904
0.465781 2380
0.46938 2856
0.472978 3332
0.556555 2856
0.556555 3332
0.560153 3808
0.563736 3332
0.563752 3808
0.56735 4284
0.56735 3332
0.570949 3808
0.574548 4284
0.574548 3332
0.578146 3808
0.581745 4284
0.585344 4760
0.588942 5236
0.592541 5712
0.596139 6188
0.599738 6664
0.603337 7140
0.606935 7616
0.610534 8092
0.614133 8568
0.617731 9044
0.665337 8568
0.665337 9044
0.665337 8568
0.668936 9044
0.668936 8568
0.672534 9044
0.672534 8092
0.676133 8568
0.676133 8092
0.679732 8568
0.679732 8092
0.68333 7616
0.686929 7140
0.694142 6664
0.697741 6188
0.701339 5236
0.704938 4760
0.708537 4284
0.712135 3808
0.715734 3332
0.719333 2856
0.722931 2380
0.770537 1904
0.774136 1428
0.774136 1904
0.777734 1428
0.777734 1904
0.781317 1428
0.781333 1904
0.784916 1428
0.784932 1904
0.78853 2380
0.792129 2856
0.795728 3332
0.799326 3808
0.879304 3332
0.879304 3808
0.882902 4284
0.886485 3808
0.886501 4284
0.8901 4760
0.8901 3808
0.893698 4284
0.897297 4760
0.897297 3808
0.900896 4284
0.904494 4760
0.904494 3808
0.908093 4284
0.911691 4760
0.91529 5236
0.918889 5712
0.922487 6188
0.926086 6664
0.929685 7140
0.933283 7616
0.936882 8092
0.94048 8568
0.944079 9044
0.98807 8092
0.98807 8568
0.991669 9044
0.995284 8568
0.995284 9044
1.0025 8568
1.0025 9044
1.0061 8092
1.0061 8568
1.00969 9044
1.00969 8092
1.01329 7616
1.01689 7140
1.02049 6664
1.02409 6188
1.02769 5712
1.0349 5236
1.0385 4760
1.0421 3808
1.0457 3332
1.0493 2856
1.09329 2380
1.1005 1428
1.1005 1904
1.10771 1428
1.10771 1904
1.1113 1428
1.11131 1904
1.11489 1428
1.11491 1904
1.20568 1428
1.20928 1904
1.21288 2380
1.21288 1904
1.21648 2380
1.22008 2856
1.22008 1904
1.22368 2380
1.22728 2856
1.23087 3332
1.23447 3808
1.23807 4284
1.24167 4760
1.24527 5236
1.24887 5712
1.25247 6188
1.25606 6664
1.25966 7140
1.26326 7616
1.26686 8092
1.27046 8568
1.27406 9044
1.27766 9520
1.31805 8568
1.31805 9044
1.32165 9520
1.32525 8568
1.32525 9044
1.32884 9520
1.33244 8568
1.33244 9044
1.33604 9520
1.33964 8568
1.33964 9044
1.34324 9520
1.34684 8568
1.34684 9044
1.35044 9520
1.35404 8568
1.35404 9044
1.35763 9520
1.36123 8568
1.36123 9044
1.36483 9520
1.36843 8568
1.36843 9044
1.37203 9520
1.37563 8568
1.37563 9044
1.37923 9520
1.38282 8568
1.38282 9044
1.38642 9520
1.42682 8568
1.42682 9044
1.43041 9520
1.43401 8568
1.43401 9044
1.43761 9520
1.44121 8568
1.44121 9044
1.44481 9520
1.45202 9044
1.45202 9520
1.45202 9044
1.45562 9520
1.45562 9044
1.45922 9520
1.45922 8568
1.46282 9044
1.46282 8568
1.46642 9044
1.46642 8568
1.47001 8092
1.47361 7616
1.48083 7140
1.48443 6664
1.48802 5712
1.49162 5236
1.53202 4760
1.53561 4284
1.53921 3808
1.54281 3332
1.54641 2856
1.55001 2380
1.55722 1904
1.56082 1428
1.56082 1904
1.56442 1428
1.56442 1904
1.568 1428
1.56802 1904
1.5716 1428
1.57162 1904
1.57521 2380
1.57881 2856
1.58241 3332
1.58601 3808
1.66599 3332
1.66599 3808
1.66959 4284
1.67319 4760
1.67403 4284
1.67678 4760
1.6768 4284
1.68038 4760
1.6804 3808
1.6804 4284
1.68398 4760
1.684 4284
1.6876 3808
1.69119 3332
1.77117 2856
1.77477 2380
1.77837 1904
1.78197 1428
1.78197 1904
1.78557 1428
1.78557 1904
1.7864 1428
1.78917 1904
1.79276 2380
1.79636 2856
1.79996 3332
1.80356 3808
1.80716 4284
1.81076 4760
1.81436 5236
1.81795 5712
1.82155 6188
1.82515 6664
1.82875 7140
1.83235 7616
1.83595 8092
1.83955 8568
1.84314 9044
1.84674 9520
1.88714 8568
1.88714 9044
1.89073 9520
1.89433 8568
1.89433 9044
1.89793 9520
1.90153 8568
1.90153 9044
1.90513 9520
1.90873 8568
1.90873 9044
1.91233 9520
1.91593 8568
1.91593 9044
1.91952 9520
1.92312 8568
1.92312 9044
1.92672 9520
1.93032 8568
1.93032 9044
1.93392 9520
1.93752 8568
1.93752 9044
1.94112 9520
1.94471 8568
1.94471 9044
1.94831 9520
1.95191 8568
1.95191 9044
1.95551 9520
1.9959 8568
1.9959 9044
1.9995 9520
2.0031 8568
2.0031 9044
2.0067 9520
2.0103 8568
2.0103 9044
2.0139 9520
2.02469 7616
2.02469 8092
2.02829 8568
2.03189 9044
2.03189 8092
2.03549 8568
2.03909 9044
2.03909 8092
2.04269 8568
2.04628 9044
2.04628 8092
2.04988 8568
2.05348 9044
2.05348 8092
2.05708 8568
2.06068 9044
2.06068 8092
2.06428 8568
2.06788 9044
2.07147 9520
2.10467 8568
2.10467 9044
2.10827 9520
2.11187 8568
2.11187 9044
2.11547 9520
2.11906 8568
2.11906 9044
2.12266 9520
2.13346 8568
2.13346 9044
2.13706 9520
2.14066 8568
2.14066 9044
2.14425 9520
2.14787 9044
2.14787 9520
2.15147 9044
2.15147 9520
2.15507 8568
2.15507 9044
2.15866 9520
2.16226 8568
2.16226 9044
2.16586 8568
2.16946 8092
2.17306 7616
2.17666 7140
2.20985 6664
2.21345 6188
2.21705 5712
2.22065 5236
2.22425 4760
2.22785 4284
2.23864 3808
2.24224 3332
2.24584 2856
2.24944 2380
2.25305 1904
2.25665 1428
2.25665 1904
2.26023 1428
2.26025 1904
2.26385 2380
2.26743 1428
2.26745 1904
2.27105 2380
2.27464 2856
2.27824 3332
2.28184 3808
2.28544 4284
2.28904 4760
2.29264 5236
2.29624 5712
2.29984 6188
2.30343 6664
2.30703 7140
2.31063 7616
2.31423 8092
2.31783 8568
2.32143 9044
2.32503 9520
2.32862 9996
2.36542 9044
2.36542 9520
2.36902 9996
2.37262 9044
2.37262 9520
2.37621 9996
2.37981 9044
2.37981 9520
2.38341 9996
2.38701 9044
2.38701 9520
2.39061 9996
2.39421 9044
2.39421 9520
2.39781 9996
2.4014 9044
2.4014 9520
2.405 9996
2.4086 9044
2.4086 9520
2.4122 9996
2.4158 9044
2.4158 9520
2.4194 9996
2.423 9044
2.423 9520
2.42659 9996
2.43019 9044
2.43019 9520
2.43379 9996
2.4742 9520
2.4742 9996
2.4742 9520
2.4778 9996
2.4778 9520
2.4814 9996
2.4814 9044
2.485 9520
2.485 9044
2.4886 9520
2.4886 9044
2.49219 8568
2.49579 8092
2.49939 7616
2.50299 7140
2.50659 6664
2.5138 6188
2.5174 5712
2.521 4760
2.5246 4284
2.5282 3808
2.53179 3332
2.53539 2856
2.53899 2380
2.5794 1904
2.583 1428
2.583 1904
2.5866 1428
2.5866 1904
2.59018 1428
2.5902 1904
2.59378 1428
2.5938 1904
2.59739 2380
2.60099 2856
2.60459 3332
2.60819 3808
2.61179 4284
2.61539 4760
2.61899 5236
2.68817 4760
2.68817 5236
2.69177 5712
2.69535 5236
2.69536 5712
2.69896 6188
2.69896 5236
2.70256 5712
2.70616 6188
2.70616 5236
2.70976 5712
2.71336 6188
2.71696 6664
2.71697 6188
2.71697 5712
2.72056 6188
2.72057 5712
2.72415 6188
2.72417 5236
2.72775 5712
2.73135 6188
2.73495 6664
2.73855 7140
2.74215 7616
2.74575 8092
2.74934 8568
2.75294 9044
2.75654 9520
2.76014 9996
2.79335 9520
2.79695 9996
2.79695 9520
2.80055 9044
2.80415 8568
2.80775 8092
2.81494 7140
2.81494 7616
2.81854 7140
2.82214 6664
2.82574 6188
2.82934 5712
2.83292 5236
2.84731 3332
2.85091 3808
2.85451 4284
2.85451 3332
2.85811 3808
2.86171 4284
2.86171 3332
2.86531 3808
2.89852 3332
2.89852 3808
2.90212 4284
2.90572 4760
2.90932 5236
2.91291 5712
2.91651 6188
2.92011 6664
2.92011 5712
2.92371 6188
2.92731 6664
2.93091 7140
2.93451 7616
2.9381 8092
2.9417 8568
2.9453 9044
2.9489 9520
2.9525 9996
2.9561 10472
2.95968 9520
2.9597 9996
2.96329 10472
2.96688 9520
2.96689 9996
2.97049 10472
3.00369 9520
3.00369 9996
3.00729 10472
3.01088 9520
3.01088 9996
3.01448 10472
3.01808 9520
3.01808 9996
3.02168 10472
3.02528 9520
3.02528 9996
3.02888 10472
3.03248 9520
3.03248 9996
3.03608 10472
3.03967 9520
3.03967 9996
3.04327 10472
3.04687 9520
3.04687 9996
3.05047 10472
3.05407 9520
3.05407 9996
3.05767 10472
3.06127 9520
3.06127 9996
3.06486 10472
3.06846 9520
3.06846 9996
3.07206 10472
3.07566 9520
3.07566 9996
3.07926 10472
3.11245 9520
3.11245 9996
3.11605 10472
3.11965 9520
3.11965 9996
3.12325 10472
3.12685 9520
3.12685 9996
3.13045 10472
3.13405 9520
3.13405 9996
3.13764 10472
3.14124 9520
3.14124 9996
3.14484 10472
3.14844 9520
3.14844 9996
3.15204 10472
3.15564 9520
3.15564 9996
3.15924 10472
3.16283 9520
3.16283 9996
3.16643 10472
3.17003 9520
3.17003 9996
3.17363 10472
3.17723 9520
3.17723 9996
3.18083 10472
3.18443 9520
3.18443 9996
3.18803 10472
3.22122 9520
3.22122 9996
3.22482 10472
3.22842 9520
3.22842 9996
3.23202 10472
3.23562 9520
3.23562 9996
3.23921 10472
3.24281 9520
3.24281 9996
3.24641 10472
3.25001 9520
3.25001 9996
3.25361 10472
3.25721 9520
3.25721 9996
3.26081 10472
3.2644 9520
3.2644 9996
3.268 10472
3.27162 9996
3.27162 10472
3.27522 9996
3.27522 10472
3.27881 9520
3.27881 9996
3.28241 10472
3.28241 9996
3.28601 9520
3.28961 9044
3.29321 8568
3.3264 8092
3.33362 7616
3.33722 7140
3.34082 6188
3.34441 5712
3.34801 5236
3.35161 4760
3.35521 4284
3.35881 3808
3.36241 3332
3.36601 2856
3.3696 2380
3.3732 1904
3.37682 1428
3.37682 1904
3.38042 1428
3.38042 1904
3.384 1428
3.38401 1904
3.3876 1428
3.38761 1904
3.39121 2380
3.39481 2856
3.39841 3332
3.40201 3808
3.40561 4284
3.40921 4760
3.48199 4284
3.48199 4760
3.48558 5236
3.48917 4760
3.48918 5236
3.49278 5712
3.49278 4760
3.49638 5236
3.49998 5712
3.49998 4760
3.50358 5236
3.50718 5712
3.50718 4760
3.51077 5236
3.51437 5712
3.51437 4760
3.51797 5236
3.52157 5712
3.52517 6188
3.52877 6664
3.53237 7140
3.53596 7616
3.53956 8092
3.54316 8568
3.54676 9044
3.55036 9520
3.55396 9996
3.55756 10472
3.56116 10948
3.59075 9996
3.59075 10472
3.59435 10948
3.59795 9996
3.59795 10472
3.60155 10948
3.60515 9996
3.60515 10472
3.60875 10948
3.61234 9996
3.61234 10472
3.61594 10948
3.61954 9996
3.61954 10472
3.62314 10948
3.62674 9996
3.62674 10472
3.63034 10948
3.63394 9996
3.63394 10472
3.63753 10948
3.64113 9996
3.64113 10472
3.64473 10948
3.64833 9996
3.64833 10472
3.65193 10948
3.65553 9996
3.65553 10472
3.65913 10948
3.66272 9996
3.66272 10472
3.66632 10948
3.69592 9996
3.69592 10472
3.69952 10948
3.70312 9996
3.70312 10472
3.70672 10948
3.71031 9996
3.71031 10472
3.71391 10948
3.71751 9996
3.71751 10472
3.72111 10948
3.72471 9996
3.72471 10472
3.72831 10948
3.73191 9996
3.73191 10472
3.73551 10948
3.7391 9996
3.7391 10472
3.7427 10948
3.7463 9996
3.7463 10472
3.7499 10948
3.7535 9996
3.7535 10472
3.7571 10948
3.7607 9996
3.7607 10472
3.76429 10948
3.76789 9996
3.76789 10472
3.77149 10948
3.80109 9996
3.80109 10472
3.80469 10948
3.80829 9996
3.80829 10472
3.81188 10948
3.81548 9996
3.81548 10472
3.81908 10948
3.82268 9996
3.82268 10472
3.82628 10948
3.82988 9996
3.82988 10472
3.83348 10948
3.83707 9996
3.83707 10472
3.84067 10948
3.84427 9996
3.84427 10472
3.84787 10948
3.85147 9996
3.85147 10472
3.85507 10948
3.85867 9996
3.85867 10472
3.86226 10948
3.86948 10472
3.86948 10948
3.86948 10472
3.87308 10948
3.87308 10472
3.87668 10948
3.87668 9996
3.88027 10472
3.88387 10948
3.90627 10472
3.90987 10948
3.90987 10472
3.91347 9996
3.91707 9520
3.92067 9044
3.92427 8568
3.92786 8092
3.93146 7616
3.93506 7140
3.93866 6664
3.94226 6188
3.94586 5712
3.94946 5236
3.95305 4760
3.95665 4284
3.96025 3808
3.96385 3332
3.96745 2856
3.97466 2380
3.97826 1904
3.98544 1428
3.98904 1904
4.01505 1428
4.01505 1904
4.09061 1428
4.09061 1904
4.09421 2380
4.09781 2856
4.10141 3332
4.105 3808
4.1086 4284
4.1122 4760
4.1158 5236
4.1194 5712
4.12022 4760
4.123 5236
4.1266 5712
4.13019 6188
4.13379 6664
4.13739 7140
4.14099 7616
4.14459 8092
4.14819 8568
4.15179 9044
4.15539 9520
4.15898 9996
4.16258 10472
4.16618 10948
4.16978 11424
4.19938 10472
4.19938 10948
4.20298 11424
4.20657 10472
4.20657 10948
4.21017 11424
4.21739 10472
4.21739 10948
4.21739 10472
4.22098 10948
4.22098 10472
4.22458 10948
4.22458 9996
4.22818 10472
4.22818 9996
4.23178 10472
4.23178 9996
4.23538 9520
4.23898 9044
4.24258 8568
4.24617 8092
4.24977 7616
4.25337 7140
4.25697 6664
4.26057 6188
4.26417 5712
4.26777 5236
4.27136 4760
4.27496 4284
4.30456 3808
4.30816 3332
4.31176 2856
4.31536 2380
4.32257 1904
4.32977 952
4.32977 1428
4.33335 952
4.33337 1428
4.33696 1904
4.34056 2380
4.34416 2856
4.34776 3332
4.35136 3808
4.35496 4284
4.35856 4760
4.36215 5236
4.36575 5712
4.36935 6188
4.37295 6664
4.37655 7140
4.38015 7616
4.38375 8092
4.38734 8568
4.39094 9044
4.39454 9520
4.39814 9996
4.40174 10472
4.40534 10948
4.40894 11424
4.44213 9520
4.44213 9996
4.44573 10472
4.44933 10948
4.44933 9996
4.45293 10472
4.45653 10948
4.45653 9996
4.46013 10472
4.46372 10948
4.46372 9996
4.46732 10472
4.47092 10948
4.47092 9996
4.47452 10472
4.47812 10948
4.48172 11424
4.48173 10948
4.48173 10472
4.48532 10948
4.48891 11424
4.48895 10948
4.49251 11424
4.49254 10472
4.49611 10948
4.49614 9996
4.49971 10472
4.49974 9996
4.50334 9520
4.50694 9044
4.51054 8568
4.51414 8092
4.54733 7616
4.55093 7140
4.55453 6664
4.56174 6188
4.56534 5712
4.56894 4760
4.57254 4284
4.57614 3808
4.57974 3332
4.58333 2856
4.58693 2380
4.59053 1904
4.59413 1428
4.59413 1904
4.59773 1428
4.59773 1904
4.60131 1428
4.60133 1904
4.60489 1428
4.60493 1904
4.60852 2380
4.61212 2856
4.61572 3332
4.61932 3808
4.62292 4284
4.62652 4760
4.63012 5236
4.63372 5712
4.63731 6188
4.64091 6664
4.70648 5712
4.70648 6188
4.71006 5712
4.71008 6188
4.71368 6664
4.71369 5712
4.71728 6188
4.72087 6664
4.72091 6188
4.72447 6664
4.7245 6188
4.72807 6664
4.7281 5712
4.7281 6188
4.73167 6664
4.7317 6188
4.7353 5712
4.7389 5236
4.7425 4760
4.7461 4284
4.81166 3808
4.81526 3332
4.81886 2856
4.82246 2380
4.82606 1904
4.82966 1428
4.82966 1904
4.83326 1428
4.83326 1904
4.83409 1428
4.83685 1904
4.84045 2380
4.84405 2856
4.84765 3332
4.85125 3808
4.85485 4284
4.85845 4760
4.86204 5236
4.86564 5712
4.86924 6188
4.87284 6664
4.87644 7140
4.88004 7616
4.88364 8092
4.88723 8568
4.89083 9044
4.89443 9520
4.89803 9996
4.90163 10472
4.90523 10948
4.90883 11424
4.93482 10472
4.93482 10948
4.93842 11424
4.94202 10472
4.94202 10948
4.94562 11424
4.94922 10472
4.94922 10948
4.95282 11424
4.95642 10472
4.95642 10948
4.96001 11424
4.96361 10472
4.96361 10948
4.96721 11424
4.97081 10472
4.97081 10948
4.97441 11424
4.97801 10472
4.97801 10948
4.98161 11424
4.98521 10472
4.98521 10948
4.9888 11424
4.9924 10472
4.9924 10948
4.996 11424
4.9996 10472
4.9996 10948
5.0032 11424
5.0068 10472
5.0068 10948
5.0104 11424
5.01399 10472
5.01399 10948
5.01759 11424
5.04359 10472
5.04359 10948
5.04719 11424
5.05079 10472
5.05079 10948
5.05439 11424
5.0616 10948
5.0616 11424
5.0616 10948
5.0652 11424
5.0652 10948
5.0688 11424
5.0688 10472
5.0724 10948
5.0724 10472
5.07599 10948
5.07961 10472
5.08321 9996
5.08681 9044
5.09041 8568
5.09762 8092
5.10122 7616
5.10482 6664
5.11561 6188
5.11921 5712
5.12281 4284
5.12281 4760
5.12641 5236
5.13001 5712
5.1336 6188
5.1372 6664
5.1408 7140
5.1444 7616
5.148 8092
5.14881 7616
5.1516 8092
5.15241 7616
5.1552 8092
5.156 7616
5.1588 8092
5.1596 7616
5.16239 8092
5.16599 8568
5.16959 9044
5.17041 8092
5.17319 8568
5.17401 8092
5.17679 8568
5.17761 8092
5.18039 8568
5.18121 8092
5.18399 8568
5.18758 9044
5.19118 9520
5.19478 9996
5.19838 10472
5.20198 10948
5.20558 11424
5.20918 11900
5.21277 12376
5.21637 12852
5.21997 13328
5.22357 13804
5.22717 14280
5.22801 13804
5.23077 14280
5.23159 13804
5.23437 14280
5.23519 13804
5.23796 14280
5.23877 13804
5.24156 14280
5.24516 14756
5.24876 15232
5.24958 14756
5.24958 14280
5.25236 14756
5.25596 15232
5.25678 13804
5.25956 14280
5.26038 13804
5.26316 14280
5.26398 13804
5.26675 14280
5.26758 13804
5.27118 13328
5.27837 12376
5.27837 12852
5.28197 12376
5.28557 11900
5.28917 11424
5.29277 10948
5.29637 10472
5.29997 9996
5.31078 9044
5.31438 8092
5.31797 7616
5.32157 7140
5.32517 6664
5.32877 6188
5.33237 5712
5.33597 5236
5.33957 4760
5.34316 4284
5.34676 3808
5.35396 2856
5.35756 2380
5.36116 1904
5.36834 2380
5.36834 1904
5.37194 2380
5.37194 1904
5.37554 2380
5.37914 2856
5.38273 3332
5.38356 2856
5.38633 3332
5.38993 3808
5.39353 4284
5.39713 4760
5.40073 5236
5.40433 5712
5.40792 6188
5.41152 6664
5.46991 6188
5.46991 6664
5.47351 7140
5.47711 7616
5.4807 8092
5.4843 8568
5.48432 8092
5.48432 7616
5.4879 8092
5.48792 7616
5.4915 8092
5.49152 6664
5.49152 7140
5.4951 7616
5.49512 7140
5.49871 6664
5.50231 6188
5.50591 5712
5.50951 5236
5.51311 4760
5.51671 4284
5.57509 3808
5.57869 3332
5.58229 2856
5.58589 2380
5.58949 1904
5.59309 1428
5.59309 1904
5.59668 1428
5.59668 1904
5.59753 1428
5.60027 952
5.60028 1428
5.60388 1904
5.60748 2380
5.61108 2856
5.61468 3332
5.61828 3808
5.62187 4284
5.62547 4760
5.62907 5236
5.63267 5712
5.63627 6188
5.63987 6664
5.64347 7140
5.64707 7616
5.65066 8092
5.65426 8568
5.65786 9044
5.66146 9520
5.66506 9996
5.66866 10472
5.67226 10948
5.67585 11424
5.67945 11900
5.68305 12376
5.68665 12852
5.69025 13328
5.69385 13804
5.69745 14280
5.70104 14756
5.70185 13804
5.70464 14280
5.70824 14756
5.70905 13804
5.71184 14280
5.71544 14756
5.71625 13804
5.71904 14280
5.72264 14756
5.72344 13804
5.72623 14280
5.72983 14756
5.73064 13804
5.73343 14280
5.73703 14756
5.73784 13804
5.74063 14280
5.74423 14756
5.74504 13804
5.74783 14280
5.75143 14756
5.75223 13804
5.75502 14280
5.75862 14756
5.75943 13804
5.76222 14280
5.76582 14756
5.76663 13804
5.76942 14280
5.77302 14756
5.77382 13804
5.77662 14280
5.78021 14756
5.78102 13804
5.78381 14280
5.78741 14756
5.78822 13804
5.79101 14280
5.79461 14756
5.79542 13804
5.79821 14280
5.80181 14756
5.80261 13804
5.8054 14280
5.809 14756
5.80981 13804
5.8126 14280
5.8162 14756
5.81701 13804
5.8198 14280
5.8234 14756
5.827 15232
5.83059 15708
5.8314 13804
5.83419 14280
5.83779 14756
5.8386 13804
5.84139 14280
5.84499 14756
5.8458 13804
5.84859 14280
5.85219 14756
5.85579 15232
5.85661 14756
5.85661 14280
5.85938 14756
5.86021 14280
5.86298 14756
5.86381 13804
5.86658 14280
5.86741 13804
5.87018 14280
5.871 13804
5.87822 13328
5.88182 12852
5.88541 11900
5.88901 11424
5.89261 10948
5.89621 10472
5.89981 9996
5.90341 9520
5.90701 9044
5.9106 8568
5.9142 8092
5.9214 7140
5.925 6664
5.9286 6188
5.9322 5712
5.93579 5236
5.93939 4760
5.94299 4284
5.94659 3808
5.95379 2856
5.95739 2380
5.96099 1904
5.96458 1428
5.96458 1904
5.96818 1428
5.96818 1904
5.97177 1428
5.97178 1904
5.97536 1428
5.97538 1904
5.97898 2380
5.98258 2856
6.06975 2380
6.06975 2856
6.07335 3332
6.07693 2856
6.07695 3332
6.08055 3808
6.08056 3332
6.08415 3808
6.08416 3332
6.08775 3808
6.08776 2856
6.08776 3332
6.09134 3808
6.17494 3332
6.17853 2856
6.18213 2380
6.18935 1904
6.19295 1428
6.19295 1904
6.19378 1428
6.19653 952
6.19654 1428
6.20014 1904
6.29813 1428
6.29813 1904
6.29896 1428
6.30173 1904
6.30531 952
6.30533 1428
6.30892 1904
6.31252 2380
6.31612 2856
6.31972 3332
6.32332 3808
6.32692 4284
6.33052 4760
6.33412 5236
6.33771 5712
6.34131 6188
6.34491 6664
6.34851 7140
6.35211 7616
6.35571 8092
6.35931 8568
6.3629 9044
6.3665 9520
6.3701 9996
6.3737 10472
6.3773 10948
6.3809 11424
6.3845 11900
6.38809 12376
6.39169 12852
6.39529 13328
6.39889 13804
6.40249 14280
6.40609 14756
6.4069 13804
6.40969 14280
6.41329 14756
6.41409 13804
6.41688 14280
6.42048 14756
6.42408 15232
6.4249 14756
6.4249 14280
6.42768 14756
6.4285 14280
6.43128 14756
6.4321 13804
6.43488 14280
6.4357 13804
6.43848 14280
6.4393 13804
6.4429 13328
6.4465 12852
6.4501 12376
6.45369 11900
6.45729 11424
6.46089 10948
6.46449 10472
6.46809 9996
6.47169 9520
6.47529 9044
6.47888 8568
6.48248 8092
6.48608 7616
6.48968 7140
6.49328 6664
6.49688 6188
6.50048 5712
6.50407 5236
6.50767 4760
6.51127 4284
6.51487 3808
6.51847 3332
6.52207 2856
6.52567 2380
6.52926 1904
6.53286 1428
6.53286 1904
6.53646 1428
6.53646 1904
6.54004 1428
6.54006 1904
6.54366 2380
6.54726 2856
6.55086 3332
6.55446 3808
6.55805 4284
6.56165 4760
6.56525 5236
6.56885 5712
6.57245 6188
6.57605 6664
6.57965 7140
6.58324 7616
6.58684 8092
6.59044 8568
6.59404 9044
6.59764 9520
6.60124 9996
6.60484 10472
6.60843 10948
6.61203 11424
6.61563 11900
6.61923 12376
6.62283 12852
6.62643 13328
6.63003 13804
6.63362 14280
6.63722 14756
6.63803 13804
6.64082 14280
6.64442 14756
6.64523 13804
6.64802 14280
6.65162 14756
6.65243 13804
6.65522 14280
6.65882 14756
6.66241 15232
6.66601 15708
6.66682 13804
6.66961 14280
6.67321 14756
6.67402 13804
6.67681 14280
6.68041 14756
6.68122 13804
6.68401 14280
6.6876 14756
6.68841 13804
6.6912 14280
6.6948 14756
6.69561 13804
6.6984 14280
6.702 14756
6.70281 13804
6.7056 14280
6.7092 14756
6.71 13804
6.71279 14280
6.71639 14756
6.7172 13804
6.71999 14280
6.72359 14756
6.7244 13804
6.72719 14280
6.73079 14756
6.7316 13804
6.73439 14280
6.73799 14756
6.73879 13804
6.74158 14280
6.74518 14756
6.74599 13804
6.74878 14280
6.75238 14756
6.75319 13804
6.75598 14280
6.75958 14756
6.76038 13804
6.76318 14280
6.76677 14756
6.76758 13804
6.77037 14280
6.77397 14756
6.77478 13804
6.77757 14280
6.78117 14756
6.78198 13804
6.78477 14280
6.78837 14756
6.78917 13804
6.79196 14280
6.79556 14756
6.79637 13804
6.79916 14280
6.80276 14756
6.80357 13804
6.80636 14280
6.80996 14756
6.81077 13804
6.81356 14280
6.81715 14756
6.81796 13804
6.82075 14280
6.82435 14756
6.82516 13804
6.82795 14280
6.83155 14756
6.83236 13804
6.83515 14280
6.83875 14756
6.84235 15232
6.84317 14756
6.84317 14280
6.84594 14756
6.84677 14280
6.84954 14756
6.85037 13804
6.85314 14280
6.85396 13804
6.85674 14280
6.85756 13804
6.86476 12852
6.86476 13328
6.86836 12852
6.87196 12376
6.87556 11900
6.87916 11424
6.88275 10948
6.88635 10472
6.88995 9996
6.89355 9520
6.89715 9044
6.90075 8568
6.90435 8092
6.90794 7616
6.91154 7140
6.91514 6664
6.91874 6188
6.92234 5712
6.92594 5236
6.92954 4760
6.93313 4284
6.93673 3808
6.94033 3332
6.94393 2856
6.94753 2380
6.95113 1904
6.95473 1428
6.95473 1904
6.95831 1428
6.95833 1904
6.96192 2380
6.96552 2856
6.96912 3332
6.96993 2380
6.97272 2856
6.97632 3332
6.97992 3808
6.98352 4284
6.98711 4760
6.99071 5236
6.99431 5712
6.99791 6188
7.00151 6664
7.00511 7140
7.00871 7616
7.0123 8092
7.0159 8568
7.0195 9044
7.0231 9520
7.0267 9996
7.0303 10472
7.0339 10948
7.03749 11424
7.04109 11900
7.04469 12376
7.04829 12852
7.05189 13328
7.05549 13804
7.05909 14280
7.06269 14756
7.06349 13804
7.06628 14280
7.06988 14756
7.07069 13804
7.07348 14280
7.07708 14756
7.07789 13804
7.08068 14280
7.08428 14756
7.08508 13804
7.08788 14280
7.09147 14756
7.09228 13804
7.09507 14280
7.09867 14756
7.09948 13804
7.10227 14280
7.10587 14756
7.10668 13804
7.10947 14280
7.11307 14756
7.11387 13804
7.11666 14280
7.12026 14756
7.12107 13804
7.12386 14280
7.12746 14756
7.12827 13804
7.13106 14280
7.13466 14756
7.13547 13804
7.13826 14280
7.14185 14756
7.14266 13804
7.14545 14280
7.14905 14756
7.14986 13804
7.15265 14280
7.15625 14756
7.15706 13804
7.15985 14280
7.16345 14756
7.16425 13804
7.16705 14280
7.17064 14756
7.17145 13804
7.17424 14280
7.17784 14756
7.17865 13804
7.18144 14280
7.18504 14756
7.18585 13804
7.18864 14280
7.19224 14756
7.19304 13804
7.19583 14280
7.19943 14756
7.20303 15232
7.20386 14756
7.20386 14280
7.20663 14756
7.20745 14280
7.21023 14756
7.21105 13804
7.21383 14280
7.21465 13804
7.21743 14280
7.21825 13804
7.22185 13328
7.22545 12852
7.22905 12376
7.23264 11900
7.23624 11424
7.23984 10948
7.24344 10472
7.24704 9996
7.25064 9520
7.25424 9044
7.26143 8092
7.26143 8568
7.26503 8092
7.26863 7616
7.27223 7140
7.27583 6664
7.27943 6188
7.28303 5712
7.28662 5236
7.29022 4760
7.29382 4284
7.29742 3808
7.30462 2856
7.30462 3332
7.30822 2856
7.31181 2380
7.31541 1904
7.319 1428
7.319 1904
7.32259 2380
7.32619 2856
7.32979 3332
7.33339 3808
7.33699 4284
7.34059 4760
7.34419 5236
7.34778 5712
7.35138 6188
7.35498 6664
7.35858 7140
7.36218 7616
7.36578 8092
7.3666 7140
7.36938 7616
7.37297 8092
7.37657 8568
7.38017 9044
7.38377 9520
7.38737 9996
7.39097 10472
7.39457 10948
7.39817 11424
7.40176 11900
7.40536 12376
7.40896 12852
7.41256 13328
7.41616 13804
7.41976 14280
7.42336 14756
7.42416 13804
7.42695 14280
7.43055 14756
7.43136 13804
7.43415 14280
7.43775 14756
7.43856 13804
7.44135 14280
7.44495 14756
7.44576 13804
7.44855 14280
7.45214 14756
7.45295 13804
7.45574 14280
7.45934 14756
7.46015 13804
7.46294 14280
7.46654 14756
7.46735 13804
7.47014 14280
7.47374 14756
7.47454 13804
7.47733 14280
7.48093 14756
7.48174 13804
7.48453 14280
7.48813 14756
7.48894 13804
7.49173 14280
7.49533 14756
7.49614 13804
7.49893 14280
7.50253 14756
7.50333 13804
7.50612 14280
7.50972 14756
7.51332 15232
7.51692 15708
7.51773 13804
7.52052 14280
7.52412 14756
7.52492 13804
7.52772 14280
7.53131 14756
7.53212 13804
7.53491 14280
7.53851 14756
7.53932 13804
7.54211 14280
7.54571 14756
7.54652 13804
7.54931 14280
7.55291 14756
7.55371 13804
7.5565 14280
7.5601 14756
7.56091 13804
7.5637 14280
7.5673 14756
7.56811 13804
7.5709 14280
7.5745 14756
7.57532 14280
7.5781 14756
7.57892 14280
7.58169 14756
7.58252 13804
7.58252 14280
7.58529 14756
7.58612 14280
7.58972 13804
7.59331 13328
7.59691 12852
7.60051 12376
7.60411 11900
7.60771 11424
7.61131 10948
7.61491 10472
7.61851 9996
7.6221 9520
7.6257 9044
7.6293 8568
7.6329 8092
7.6365 7616
7.6401 7140
7.6437 6664
7.64729 6188
7.65089 5712
7.65449 5236
7.65809 4760
7.66169 4284
7.66529 3808
7.66889 3332
7.67248 2856
7.67608 2380
7.67968 1904
7.68328 1428
7.68328 1904
7.68688 1428
7.68688 1904
7.68771 1428
7.69048 1904
7.69408 2380
7.69767 2856
7.70127 3332
7.70487 3808
7.70847 4284
7.71207 4760
7.71567 5236
7.71927 5712
7.72287 6188
7.72646 6664
7.73006 7140
7.73366 7616
7.73726 8092
7.74086 8568
7.74446 9044
7.74806 9520
7.75165 9996
7.75525 10472
7.75885 10948
7.76245 11424
7.76605 11900
7.76965 12376
7.77325 12852
7.77684 13328
7.78044 13804
7.78404 14280
7.78764 14756
7.78845 13804
7.79124 14280
7.79484 14756
7.79565 13804
7.79844 14280
7.80203 14756
7.80284 13804
7.80563 14280
7.80923 14756
7.81283 15232
7.81643 15708
7.81724 13804
7.82003 14280
7.82363 14756
7.82443 13804
7.82723 14280
7.83082 14756
7.83163 13804
7.83442 14280
7.83802 14756
7.83883 13804
7.84162 14280
7.84522 14756
7.84604 14280
7.84882 14756
7.84964 14280
7.85242 14756
7.85324 13804
7.85324 14280
7.85601 14756
7.85684 14280
7.86044 13804
7.86404 13328
7.86763 12852
7.87123 12376
7.87483 11900
7.87843 11424
7.88203 10948
7.88563 10472
7.88923 9996
7.89282 9520
7.89642 9044
7.90002 8568
7.90362 8092
7.90722 7616
7.91082 7140
7.91442 6664
7.91801 6188
7.92161 5712
7.92521 5236
7.92881 4760
7.93241 4284
7.93601 3808
7.93961 3332
7.94321 2856
7.9468 2380
7.9504 1904
7.954 1428
7.954 1904
7.9576 1428
7.9576 1904
7.95843 1428
7.9612 1904
7.9648 2380
7.9684 2856
7.97199 3332
7.97559 3808
7.97919 4284
7.98279 4760
7.98639 5236
7.98999 5712
7.99359 6188
7.99718 6664
8.00078 7140
8.00438 7616
8.00798 8092
8.01158 8568
8.01518 9044
8.01878 9520
8.02237 9996
8.02597 10472
8.02957 10948
8.03317 11424
8.03677 11900
8.04037 12376
8.04397 12852
8.04757 13328
8.05116 13804
8.05476 14280
8.05836 14756
8.05917 13804
8.06196 14280
8.06556 14756
8.06637 13804
8.06916 14280
8.07276 14756
8.07356 13804
8.07635 14280
8.07995 14756
8.08076 13804
8.08355 14280
8.08715 14756
8.08796 13804
8.09075 14280
8.09435 14756
8.09516 13804
8.09795 14280
8.10154 14756
8.10235 13804
8.10514 14280
8.10874 14756
8.11234 15232
8.11594 15708
8.11675 13804
8.11954 14280
8.12314 14756
8.12394 13804
8.12673 14280
8.13033 14756
8.13114 13804
8.13393 14280
8.13753 14756
8.13834 13804
8.14113 14280
8.14473 14756
8.14554 13804
8.14833 14280
8.15193 14756
8.15273 13804
8.15552 14280
8.15912 14756
8.15993 13804
8.16272 14280
8.16632 14756
8.16713 13804
8.16992 14280
8.17352 14756
8.17432 13804
8.17712 14280
8.18071 14756
8.18152 13804
8.18431 14280
8.18791 14756
8.18872 13804
8.19151 14280
8.19511 14756
8.19592 13804
8.19871 14280
8.20231 14756
8.20311 13804
8.2059 14280
8.2095 14756
8.21031 13804
8.2131 14280
8.2167 14756
8.21751 13804
8.2203 14280
8.2239 14756
8.22471 13804
8.2275 14280
8.2311 14756
8.2319 13804
8.23469 14280
8.23829 14756
8.2391 13804
8.24189 14280
8.24549 14756
8.2463 13804
8.24909 14280
8.25269 14756
8.25349 13804
8.25629 14280
8.25988 14756
8.26069 13804
8.26348 14280
8.26708 14756
8.26789 13804
8.27068 14280
8.27428 14756
8.27509 13804
8.27788 14280
8.28148 14756
8.28228 13804
8.28507 14280
8.28867 14756
8.28948 13804
8.29227 14280
8.29587 14756
8.29668 13804
8.29947 14280
8.30307 14756
8.30388 13804
8.30667 14280
8.31026 14756
8.31107 13804
8.31386 14280
8.31746 14756
8.31827 13804
8.32106 14280
8.32466 14756
8.32547 13804
8.32826 14280
8.33186 14756
8.33266 13804
8.33546 14280
8.33905 14756
8.33986 13804
8.34265 14280
8.34625 14756
8.34985 15232
8.35067 14756
8.35067 14280
8.35345 14756
8.35427 14280
8.35705 14756
8.35787 13804
8.36065 14280
8.36147 13804
8.36424 14280
8.36507 13804
8.36867 13328
8.37227 12852
8.37586 12376
8.38308 11900
8.38668 11424
8.39027 10472
8.39387 9996
8.39747 9520
8.40107 9044
8.40467 8568
8.40827 8092
8.41187 7616
8.41546 7140
8.41906 6664
8.42266 6188
8.42626 5712
8.42986 5236
8.43346 4760
8.43706 4284
8.44066 3808
8.44425 3332
8.44785 2856
8.45145 2380
8.45505 1904
8.45865 1428
8.45865 1904
8.46225 1428
8.46225 1904
8.46583 1428
8.46585 1904
8.46943 1428
8.46944 1904
8.47304 2380
8.47664 2856
8.48024 3332
8.48384 3808
8.48744 4284
8.49104 4760
8.56382 4284
8.56382 4760
8.56741 5236
8.571 4760
8.57101 5236
8.57461 5712
8.57461 4760
8.57821 5236
8.58181 5712
8.58181 4760
8.58541 5236
8.58901 5712
8.58901 4760
8.59261 5236
8.5962 5712
8.5962 4760
8.5998 5236
8.6034 5712
8.607 6188
8.6106 6664
8.6142 7140
8.6178 7616
8.62139 8092
8.62499 8568
8.62859 9044
8.63219 9520
8.63579 9996
8.63939 10472
8.64299 10948
8.64658 11424
8.65018 11900
8.65378 12376
8.65738 12852
8.66098 13328
8.66458 13804
8.66818 14280
8.67177 14756
8.67258 13804
8.67537 14280
8.67897 14756
8.67978 13804
8.68257 14280
8.68617 14756
8.68698 13804
8.68977 14280
8.69337 14756
8.69417 13804
8.69697 14280
8.70056 14756
8.70137 13804
8.70416 14280
8.70776 14756
8.70857 13804
8.71136 14280
8.71496 14756
8.71578 14280
8.71856 14756
8.71938 14280
8.72216 14756
8.72298 13804
8.72298 14280
8.72575 14756
8.72658 14280
8.73018 13804
8.73378 13328
8.73737 12852
8.74097 12376
8.74457 11900
8.74817 11424
8.75177 10948
8.75537 10472
8.75897 9996
8.76256 9520
8.76616 9044
8.76976 8568
8.77336 8092
8.77696 7616
8.78056 7140
8.78416 6664
8.78775 6188
8.79135 5712
8.79495 5236
8.79855 4760
8.80215 4284
8.80575 3808
8.80935 3332
8.81295 2856
8.81654 2380
8.82376 1904
8.82736 1428
8.82736 1904
8.82819 1428
8.83094 952
8.83095 1428
8.83455 1904
8.93254 1428
8.93254 1904
8.93337 1428
8.93614 1904
8.93972 952
8.93974 1428
8.94334 1904
8.94693 2380
8.95053 2856
8.95413 3332
8.95773 3808
8.96133 4284
8.96493 4760
8.96853 5236
8.97212 5712
8.97572 6188
8.97932 6664
8.98292 7140
8.98652 7616
8.99012 8092
8.99372 8568
8.99731 9044
9.00091 9520
9.00451 9996
9.00811 10472
9.01171 10948
9.01531 11424
9.01891 11900
9.02251 12376
9.0261 12852
9.0297 13328
9.0333 13804
9.0369 14280
9.0405 14756
9.04131 13804
9.0441 14280
9.0477 14756
9.0485 13804
9.05129 14280
9.05489 14756
9.0557 13804
9.05849 14280
9.06209 14756
9.0629 13804
9.06569 14280
9.06929 14756
9.0701 13804
9.07289 14280
9.07648 14756
9.07729 13804
9.08008 14280
9.08368 14756
9.08449 13804
9.08728 14280
9.09088 14756
9.09448 15232
9.09808 15708
9.09888 13804
9.10168 14280
9.10527 14756
9.10608 13804
9.10887 14280
9.11247 14756
9.11328 13804
9.11607 14280
9.11967 14756
9.12048 13804
9.12327 14280
9.12687 14756
9.13046 15232
9.13129 14756
9.13129 14280
9.13406 14756
9.13489 14280
9.13766 14756
9.13849 13804
9.14126 14280
9.14208 13804
9.14486 14280
9.14568 13804
9.14928 13328
9.15648 12376
9.15648 12852
9.16368 11900
9.16368 12376
9.16727 11900
9.17087 11424
9.17447 10948
9.17807 10472
9.18167 9996
9.18527 9520
9.18887 9044
9.19246 8568
9.19606 8092
9.20326 7140
9.20326 7616
9.20686 7140
9.21046 6664
9.21406 6188
9.21765 5712
9.22125 5236
9.22485 4760
9.22845 4284
9.23205 3808
9.23565 3332
9.23925 2856
9.24285 2380
9.24643 1904
9.24643 2380
9.25003 2856
9.25363 3332
9.25722 3808
9.26082 4284
9.26442 4760
9.26802 5236
9.26886 4760
9.26886 4284
9.27162 4760
9.27522 5236
9.27882 5712
9.28241 6188
9.28601 6664
9.28961 7140
9.29321 7616
9.29681 8092
9.30041 8568
9.30401 9044
9.3076 9520
9.30844 9044
9.3112 9520
9.3148 9996
9.3184 10472
9.322 10948
9.3256 11424
9.3292 11900
9.33279 12376
9.33639 12852
9.33999 13328
9.34359 13804
9.34719 14280
9.35079 14756
9.35161 13804
9.35439 14280
9.35521 13804
9.35799 14280
9.35881 13804
9.36241 13328
9.36601 12852
9.36961 12376
9.3732 11900
9.3768 11424
9.3804 10948
9.384 10472
9.3876 9996
9.3912 9520
9.3948 9044
9.39839 8568
9.40199 8092
9.40559 7616
9.40919 7140
9.41279 6664
9.41639 6188
9.41999 5712
9.4272 5236
9.4308 4760
9.43801 3808
9.44161 3332
9.44521 2380
9.44881 1904
9.45241 1428
9.45241 1904
9.456 1428
9.456 1904
9.45959 1428
9.4596 1904
9.46319 1428
9.4632 1904
9.4668 2380
9.4704 2856
9.474 3332
9.4776 3808
9.48119 4284
9.48479 4760
9.48839 5236
9.49199 5712
9.49559 6188
9.49919 6664
9.50279 7140
9.50638 7616
9.50998 8092
9.51358 8568
9.51718 9044
9.52078 9520
9.55759 9044
9.56117 8568
9.56119 9044
9.56479 9520
9.56837 8568
9.56839 9044
9.57198 9520
9.57557 8568
9.57558 9044
9.57918 9520
9.58276 8568
9.58278 9044
9.58638 9520
9.58996 8568
9.58998 9044
9.59358 9520
9.59716 8568
9.59717 9044
9.60077 9520
9.60436 8568
9.60437 9044
9.60797 9520
9.61155 8568
9.61157 9044
9.61517 9520
9.61877 9996
9.62236 10472
9.62595 8568
9.62596 9044
9.62956 9520
9.63316 9996
9.63676 10472
9.64036 10948
9.64396 11424
9.64755 11900
9.65115 12376
9.65475 12852
9.65835 13328
9.66195 13804
9.66555 14280
9.66915 14756
9.66995 13804
9.67275 14280
9.67634 14756
9.67715 13804
9.67994 14280
9.68354 14756
9.68714 15232
9.69074 15708
9.69155 13804
9.69434 14280
9.69794 14756
9.69876 14280
9.70153 14756
9.70236 14280
9.70513 14756
9.70596 13804
9.70596 14280
9.70873 14756
9.70956 14280
9.71315 13804
9.71675 13328
9.72035 12852
9.72395 12376
9.72755 11900
9.73115 11424
9.73475 10948
9.73834 10472
9.74194 9996
9.74554 9520
9.74914 9044
9.75274 8568
9.75634 8092
9.75994 7616
9.76353 7140
9.76713 6664
9.77073 6188
9.77433 5712
9.77793 5236
9.78153 4760
9.78513 4284
9.78873 3808
9.79232 3332
9.79592 2856
9.79952 2380
9.80312 1904
9.81033 1428
9.81033 1904
9.81116 1428
9.81393 1904
9.91552 952
9.91552 1428
9.91635 952
9.91912 1428
9.92271 1904
9.92631 2380
9.92991 2856
9.93351 3332
9.93711 3808
9.94071 4284
9.94431 4760
9.9479 5236
9.9515 5712
9.9551 6188
9.9587 6664
9.9623 7140
9.9659 7616
9.9695 8092
9.97309 8568
9.97669 9044
9.98029 9520
9.98389 9996
9.98749 10472
9.99109 10948
9.99469 11424
9.99829 11900
10.0019 12376
10.0055 12852
10.0091 13328
10.0127 13804
10.0163 14280
10.0199 14756
10.0207 13804
10.0235 14280
10.0271 14756
10.0279 13804
10.0307 14280
10.0343 14756
10.0351 13804
10.0379 14280
10.0415 14756
10.0423 13804
10.0451 14280
10.0487 14756
10.0495 13804
10.0523 14280
10.0559 14756
10.0567 13804
10.0595 14280
10.0631 14756
10.0639 13804
10.0667 14280
10.0703 14756
10.0711 13804
10.0739 14280
10.0775 14756
10.0783 13804
10.0811 14280
10.0847 14756
10.0855 14280
10.0883 14756
10.0891 14280
10.0918 14756
10.0927 13804
10.0927 14280
10.0954 14756
10.0963 14280
10.0999 13804
10.1035 13328
10.1071 12852
10.1107 12376
10.1143 11900
10.1179 11424
10.1215 10948
10.1251 10472
10.1287 9996
10.1323 9520
10.1359 9044
10.1395 8568
10.1431 8092
10.1467 7616
10.1503 7140
10.1539 6664
10.1574 6188
10.161 5712
10.1646 5236
10.1682 4760
10.1718 4284
10.179 3332
10.1826 2856
10.1862 2380
10.1898 1904
10.1934 1428
10.1934 1904
10.197 1428
10.197 1904
10.2783 0
10.2783 476
10.2986 0
10.2986 476
10.3022 952
10.3058 1428
10.3094 1904
10.3834 1428
10.3834 1904
10.5834 0
10.5834 476
10.9834 0
10.9834 476
11.7834 0
11.7834 476
13.3834 0
13.3834 476
16.5834 0
16.5834 476
22.9834 0
22.9834 476
35.7834 0
