0.010001 1 -0
0.110001 1 0.00820042
0.110001 2 -0
0.210001 1 0.522903
0.210001 2 0.00820042
0.310001 1 0.688163
0.310001 2 0.0233575
0.410001 1 0.936307
0.410001 2 0.0371035
0.510001 1 1.04249
0.510001 2 0.0496242
0.610001 1 1.12815
0.610001 2 0.0600514
0.710001 1 1.02895
0.710001 2 0.0536493
0.810001 1 1.08499
0.810001 2 0.0494488
0.910001 1 1.16946
0.910001 2 0.0524611
1.01 1 1.22776
1.01 2 0.0544684
1.11 1 1.27101
1.11 2 0.0584375
1.21 1 1.31521
1.21 2 0.060316
1.31 1 1.35025
1.31 2 0.0612879
1.41 1 1.38219
1.41 2 0.0627279
1.51 1 1.40224
1.51 2 0.064867
1.61 1 1.43493
1.61 2 0.0672013
1.71 1 1.41232
1.71 2 0.0638931
1.81 1 1.4312
1.81 2 0.0643125
1.91 1 1.44572
1.91 2 0.0661914
2.01 1 1.46321
2.01 2 0.0666624
2.11 1 1.4776
2.11 2 0.0673082
2.21 1 1.4904
2.21 2 0.0678304
2.31 1 1.50362
2.31 2 0.0681685
2.41 1 1.51246
2.41 2 0.0683978
2.51 1 1.54519
2.51 2 0.0684839
2.61 1 1.5551
2.61 2 0.068386
2.71 1 1.56175
2.71 2 0.0683383
2.81 1 1.57245
2.81 2 0.0684752
2.91 1 1.57719
2.91 2 0.0685464
3.01 1 1.58411
3.01 2 0.0694074
3.11 1 1.59029
3.11 2 0.0693702
3.21 1 1.59863
3.21 2 0.0695859
3.31 1 1.59984
3.31 2 0.0707642
3.41 1 1.56402
3.41 2 0.0700392
3.51 1 1.59136
3.51 2 0.0696876
3.61 1 1.60456
3.61 2 0.0699336
3.71 1 1.6168
3.71 2 0.0701168
3.81 1 1.62133
3.81 2 0.0703671
3.91 1 1.62106
3.91 2 0.0719211
4.01 1 1.59353
4.01 2 0.0721703
4.11 1 1.60143
4.11 2 0.0712989
4.21 1 1.61099
4.21 2 0.0716152
4.31 1 1.61889
4.31 2 0.0717944
4.41 1 1.63874
4.41 2 0.0720547
4.51 1 1.64905
4.51 2 0.0722332
4.61 1 1.65798
4.61 2 0.0724493
4.71 1 1.66585
4.71 2 0.0726753
4.81 1 1.67127
4.81 2 0.0727685
4.91 1 1.67451
4.91 2 0.0726834
5.01 1 1.68048
5.01 2 0.0733818
5.11 1 1.68589
5.11 2 0.0736739
5.21 1 1.6916
5.21 2 0.0738947
5.31 1 1.69632
5.31 2 0.0740044
5.41 1 1.701
5.41 2 0.0741165
5.51 1 1.71536
5.51 2 0.0743039
5.61 1 1.71993
5.61 2 0.0747661
5.71 1 1.7152
5.71 2 0.0754259
5.81 1 1.70243
5.81 2 0.0743578
5.91 1 1.70765
5.91 2 0.0745224
6.01 1 1.71116
6.01 2 0.0752323
6.11 1 1.68911
6.11 2 0.0759318
6.21 1 1.6939
6.21 2 0.0751841
6.31 1 1.7024
6.31 2 0.0760914
6.41 1 1.68657
6.41 2 0.0754134
6.51 1 1.69412
6.51 2 0.0757051
6.61 1 1.70099
6.61 2 0.0759814
6.71 1 1.70765
6.71 2 0.0761766
6.81 1 1.71493
6.81 2 0.0763605
6.91 1 1.72692
6.91 2 0.0765615
7.01 1 1.73474
7.01 2 0.0767679
7.11 1 1.74138
7.11 2 0.0769031
7.21 1 1.74838
7.21 2 0.077105
7.31 1 1.75385
7.31 2 0.0772409
7.41 1 1.75918
7.41 2 0.0774448
7.51 1 1.76473
7.51 2 0.0778534
7.61 1 1.76978
7.61 2 0.0780658
7.71 1 1.77371
7.71 2 0.0784054
7.81 1 1.7796
7.81 2 0.0791523
7.91 1 1.76661
7.91 2 0.0782743
8.01 1 1.77153
8.01 2 0.0784221
8.11 1 1.77497
8.11 2 0.0788141
8.21 1 1.77828
8.21 2 0.0796322
8.31 1 1.7611
8.31 2 0.0798347
8.41 1 1.74438
8.41 2 0.0790409
8.51 1 1.75021
8.51 2 0.0784744
8.61 1 1.76065
8.61 2 0.0786105
8.71 1 1.76715
8.71 2 0.0787959
8.81 1 1.7735
8.81 2 0.0789699
8.91 1 1.7797
8.91 2 0.0791642
9.01 1 1.78482
9.01 2 0.0793026
9.11 1 1.79072
9.11 2 0.0794965
9.21 1 1.79479
9.21 2 0.0796349
9.31 1 1.7997
9.31 2 0.0801882
9.41 1 1.78316
9.41 2 0.0806671
9.51 1 1.79158
9.51 2 0.0800932
9.61 1 1.79713
9.61 2 0.0801818
9.71 1 1.80131
9.71 2 0.0802905
9.81 1 1.80539
9.81 2 0.0804354
9.91 1 1.80907
9.91 2 0.0809935
10.01 1 1.79425
10.01 2 0.0811416
10.11 1 1.79819
10.11 2 0.0807947
10.21 1 1.80392
10.21 2 0.0816047
10.31 1 1.78813
10.31 2 0.0817474
10.41 1 1.77637
10.41 2 0.0810766
10.51 1 1.78203
10.51 2 0.080613
10.61 1 1.76717
10.61 2 0.0806596
10.71 1 1.75312
10.71 2 0.079963
10.81 1 1.73901
10.81 2 0.0793231
10.91 1 1.72503
10.91 2 0.0786709
11.01 1 1.71108
11.01 2 0.0780152
11.11 1 1.71183
11.11 2 0.0774143
11.21 1 1.69853
11.21 2 0.0767998
11.31 1 1.68536
11.31 2 0.0761815
11.41 1 1.67293
11.41 2 0.0756162
11.51 1 1.66038
11.51 2 0.0750362
11.61 1 1.64795
11.61 2 0.0744497
11.71 1 1.63557
11.71 2 0.0744522
11.81 1 1.62345
11.81 2 0.0739247
11.91 1 1.6117
11.91 2 0.0734337
12.01 1 1.60142
12.01 2 0.0729192
12.11 1 1.60904
12.11 2 0.0727311
12.21 1 1.61092
12.21 2 0.0732843
12.31 1 1.60418
12.31 2 0.0727398
12.41 1 1.61102
12.41 2 0.0729691
12.51 1 1.61774
12.51 2 0.0733122
12.61 1 1.62455
12.61 2 0.0735628
12.71 1 1.63156
12.71 2 0.0737846
12.81 1 1.63804
12.81 2 0.0740059
12.91 1 1.64465
12.91 2 0.0741742
13.01 1 1.65098
13.01 2 0.0743918
13.11 1 1.65734
13.11 2 0.07455
13.21 1 1.66291
13.21 2 0.0747508
13.31 1 1.66779
13.31 2 0.0753524
13.41 1 1.65877
13.41 2 0.0756013
13.51 1 1.65902
13.51 2 0.0753149
13.61 1 1.66574
13.61 2 0.0756373
13.71 1 1.65525
13.71 2 0.0759459
13.81 1 1.66341
13.81 2 0.0755908
13.91 1 1.67084
13.91 2 0.0758391
14.01 1 1.67766
14.01 2 0.0760789
14.11 1 1.68472
14.11 2 0.0763396
14.21 1 1.69184
14.21 2 0.0766017
14.31 1 1.69866
14.31 2 0.0768454
14.41 1 1.70511
14.41 2 0.0770577
14.51 1 1.71047
14.51 2 0.0772284
14.61 1 1.71711
14.61 2 0.0774082
14.71 1 1.72302
14.71 2 0.0776263
14.81 1 1.72913
14.81 2 0.077847
14.91 1 1.73561
14.91 2 0.0780699
15.01 1 1.74191
15.01 2 0.0782677
15.11 1 1.74759
15.11 2 0.0785543
15.21 1 1.75074
15.21 2 0.0791466
15.31 1 1.74405
15.31 2 0.0787119
15.41 1 1.74938
15.41 2 0.0789645
15.51 1 1.7546
15.51 2 0.0795379
15.61 1 1.74531
15.61 2 0.0796844
15.71 1 1.75141
15.71 2 0.0793721
15.81 1 1.75729
15.81 2 0.0795621
15.91 1 1.76351
15.91 2 0.0797714
16.01 1 1.7695
16.01 2 0.0799757
16.11 1 1.7746
16.11 2 0.0801708
16.21 1 1.77905
16.21 2 0.0806658
16.31 1 1.77005
16.31 2 0.0808729
16.41 1 1.77604
16.41 2 0.0805621
16.51 1 1.78171
16.51 2 0.0807439
16.61 1 1.7872
16.61 2 0.0809349
16.71 1 1.79201
16.71 2 0.0811172
16.81 1 1.79689
16.81 2 0.0815577
16.91 1 1.78783
16.91 2 0.0818058
17.01 1 1.79373
17.01 2 0.0814892
17.11 1 1.79899
17.11 2 0.0816553
17.21 1 1.80338
17.21 2 0.0818503
17.31 1 1.80617
17.31 2 0.0824204
17.41 1 1.79908
17.41 2 0.0824723
17.51 1 1.80486
17.51 2 0.082207
17.61 1 1.81028
17.61 2 0.0823873
17.71 1 1.81568
17.71 2 0.0825756
17.81 1 1.82112
17.81 2 0.0827311
17.91 1 1.82527
17.91 2 0.082852
18.01 1 1.8305
18.01 2 0.0830398
18.11 1 1.83425
18.11 2 0.0831283
18.21 1 1.83726
18.21 2 0.0837328
18.31 1 1.82969
18.31 2 0.0838497
18.41 1 1.83506
18.41 2 0.0835692
18.51 1 1.83993
18.51 2 0.0837503
18.61 1 1.84419
18.61 2 0.0842575
18.71 1 1.83663
18.71 2 0.0844154
18.81 1 1.84145
18.81 2 0.08421
18.91 1 1.84314
18.91 2 0.0846745
19.01 1 1.83721
19.01 2 0.0842687
19.11 1 1.84227
19.11 2 0.0844258
19.21 1 1.84749
19.21 2 0.0846085
19.31 1 1.85253
19.31 2 0.0847702
19.41 1 1.85747
19.41 2 0.0849281
19.51 1 1.86131
19.51 2 0.0850646
19.61 1 1.86559
19.61 2 0.0853903
19.71 1 1.86633
19.71 2 0.0857621
19.81 1 1.85963
19.81 2 0.0854289
19.91 1 1.85749
19.91 2 0.0851903
20.01 1 1.86158
20.01 2 0.0853223
20.11 1 1.86631
20.11 2 0.0853923
20.21 1 1.8712
20.21 2 0.0855428
20.31 1 1.87499
20.31 2 0.0856578
20.41 1 1.87953
20.41 2 0.085825
20.51 1 1.88438
20.51 2 0.0859429
20.61 1 1.88817
20.61 2 0.086064
20.71 1 1.89267
20.71 2 0.0862151
20.81 1 1.89672
20.81 2 0.0864132
20.91 1 1.89849
20.91 2 0.0868758
21.01 1 1.89324
21.01 2 0.0868592
21.11 1 1.89727
21.11 2 0.0866736
21.21 1 1.89945
21.21 2 0.087116
21.31 1 1.89332
21.31 2 0.0871531
21.41 1 1.89756
21.41 2 0.0869144
21.51 1 1.90198
21.51 2 0.0870318
21.61 1 1.90543
21.61 2 0.0871341
21.71 1 1.90977
21.71 2 0.0872833
21.81 1 1.91394
21.81 2 0.087414
21.91 1 1.91804
21.91 2 0.0875417
22.01 1 1.92206
22.01 2 0.0876841
22.11 1 1.92635
22.11 2 0.0878085
22.21 1 1.92938
22.21 2 0.0880077
22.31 1 1.9296
22.31 2 0.0883553
22.41 1 1.92523
22.41 2 0.0880025
22.51 1 1.92928
22.51 2 0.0883771
22.61 1 1.92129
22.61 2 0.0885358
22.71 1 1.91366
22.71 2 0.0881756
22.81 1 1.91753
22.81 2 0.0878406
22.91 1 1.9211
22.91 2 0.0880395
23.01 1 1.92295
23.01 2 0.0884375
23.11 1 1.91763
23.11 2 0.0880949
23.21 1 1.92083
23.21 2 0.0882884
23.31 1 1.92265
23.31 2 0.0887421
23.41 1 1.91669
23.41 2 0.0883789
23.51 1 1.91482
23.51 2 0.0882551
23.61 1 1.91833
23.61 2 0.0885065
23.71 1 1.91937
23.71 2 0.0888191
23.81 1 1.91495
23.81 2 0.0885091
23.91 1 1.91873
23.91 2 0.0886232
24.01 1 1.92245
24.01 2 0.0887346
24.11 1 1.9261
24.11 2 0.0888456
24.21 1 1.92992
24.21 2 0.0889545
24.31 1 1.93358
24.31 2 0.0890576
24.41 1 1.93717
24.41 2 0.0891671
24.51 1 1.94091
24.51 2 0.0892776
24.61 1 1.94448
24.61 2 0.0893919
24.71 1 1.94799
24.71 2 0.089485
24.81 1 1.95141
24.81 2 0.0895757
24.91 1 1.95503
24.91 2 0.0896798
25.01 1 1.95849
25.01 2 0.0897954
25.11 1 1.9619
25.11 2 0.0899053
25.21 1 1.96521
25.21 2 0.0899902
25.31 1 1.96812
25.31 2 0.0901092
25.41 1 1.97061
25.41 2 0.0905123
25.51 1 1.96499
25.51 2 0.0906069
25.61 1 1.96253
25.61 2 0.0903391
25.71 1 1.96569
25.71 2 0.090208
25.81 1 1.96797
25.81 2 0.0905709
25.91 1 1.96165
25.91 2 0.0906514
26.01 1 1.96499
26.01 2 0.0905934
26.11 1 1.958
26.11 2 0.0907636
26.21 1 1.96122
26.21 2 0.0906119
26.31 1 1.95928
26.31 2 0.09086
26.41 1 1.95352
26.41 2 0.0905404
26.51 1 1.94688
26.51 2 0.0902371
26.61 1 1.94049
26.61 2 0.089928
26.71 1 1.9357
26.71 2 0.0898262
26.81 1 1.9357
26.81 2 0.0898262
26.91 1 1.92157
26.91 2 0.0898262
27.01 1 1.91467
27.01 2 0.0889581
27.11 1 1.90852
27.11 2 0.088628
27.21 1 1.90227
27.21 2 0.0883274
27.31 1 1.89604
27.31 2 0.0880316
27.41 1 1.8898
27.41 2 0.0877324
27.51 1 1.89005
27.51 2 0.0874514
27.61 1 1.88397
27.61 2 0.0871641
27.71 1 1.87789
27.71 2 0.0868718
27.81 1 1.87204
27.81 2 0.0865976
27.91 1 1.86611
27.91 2 0.086317
28.01 1 1.86016
28.01 2 0.0860248
28.11 1 1.85445
28.11 2 0.0860315
28.21 1 1.84866
28.21 2 0.0857638
28.31 1 1.84285
28.31 2 0.0854896
28.41 1 1.83727
28.41 2 0.0851988
28.51 1 1.83152
28.51 2 0.0849375
28.61 1 1.82559
28.61 2 0.0846579
28.71 1 1.82594
28.71 2 0.0843853
28.81 1 1.82049
28.81 2 0.0841185
28.91 1 1.81495
28.91 2 0.0838567
29.01 1 1.8094
29.01 2 0.0835903
29.11 1 1.80408
29.11 2 0.0833328
29.21 1 1.79867
29.21 2 0.0833411
29.31 1 1.79325
29.31 2 0.0830851
29.41 1 1.78804
29.41 2 0.0828245
29.51 1 1.78275
29.51 2 0.0825811
29.61 1 1.77745
29.61 2 0.0823307
29.71 1 1.7721
29.71 2 0.0820758
29.81 1 1.77236
29.81 2 0.0818379
29.91 1 1.76718
29.91 2 0.0815929
30.01 1 1.76199
30.01 2 0.0813435
30.11 1 1.75702
30.11 2 0.0811109
30.21 1 1.75195
30.21 2 0.0808712
30.31 1 1.74687
30.31 2 0.0806123
30.41 1 1.74201
30.41 2 0.0806272
30.51 1 1.73705
30.51 2 0.0803997
30.61 1 1.73194
30.61 2 0.0801556
30.71 1 1.72665
30.71 2 0.0799132
30.81 1 1.72162
30.81 2 0.0796537
30.91 1 1.72162
30.91 2 0.0794147
31.01 1 1.7164
31.01 2 0.0791683
31.11 1 1.71157
31.11 2 0.0789363
31.21 1 1.70695
31.21 2 0.0787206
31.31 1 1.70224
31.31 2 0.0784975
31.41 1 1.69751
31.41 2 0.0782699
31.51 1 1.69299
31.51 2 0.0782702
31.61 1 1.68813
31.61 2 0.0780591
31.71 1 1.68351
31.71 2 0.0778483
31.81 1 1.67948
31.81 2 0.0776402
31.91 1 1.67573
31.91 2 0.0774209
32.01 1 1.67098
32.01 2 0.0772463
32.11 1 1.66649
32.11 2 0.0770249
32.21 1 1.6617
32.21 2 0.0768122
32.31 1 1.66201
32.31 2 0.0765968
32.41 1 1.65773
32.41 2 0.0763971
32.51 1 1.65336
32.51 2 0.0761898
32.61 1 1.64873
32.61 2 0.0759823
32.71 1 1.64414
32.71 2 0.0757903
32.81 1 1.64004
32.81 2 0.0755741
32.91 1 1.63695
32.91 2 0.0754141
33.01 1 1.63344
33.01 2 0.0754253
33.11 1 1.63016
33.11 2 0.0752628
33.21 1 1.62688
33.21 2 0.0751077
33.31 1 1.62773
33.31 2 0.0749677
33.41 1 1.62461
33.41 2 0.0748152
33.51 1 1.62104
33.51 2 0.0746846
33.61 1 1.61728
33.61 2 0.0745554
33.71 1 1.61494
33.71 2 0.0743841
33.81 1 1.61232
33.81 2 0.0742506
33.91 1 1.60959
33.91 2 0.0741102
34.01 1 1.60702
34.01 2 0.0741277
34.11 1 1.60446
34.11 2 0.0739969
34.21 1 1.60178
34.21 2 0.0738453
34.31 1 1.59862
34.31 2 0.0737046
34.41 1 1.59633
34.41 2 0.0735608
34.51 1 1.59384
34.51 2 0.0734218
34.61 1 1.59134
34.61 2 0.0732941
34.71 1 1.5886
34.71 2 0.0731683
34.81 1 1.58596
34.81 2 0.0730415
34.91 1 1.58622
34.91 2 0.072917
35.01 1 1.5838
35.01 2 0.0727935
35.11 1 1.58115
35.11 2 0.0726869
35.21 1 1.57874
35.21 2 0.072594
35.31 1 1.57584
35.31 2 0.0724278
35.41 1 1.57378
35.41 2 0.0723388
35.51 1 1.57172
35.51 2 0.0723577
35.61 1 1.56954
35.61 2 0.0722473
35.71 1 1.56714
35.71 2 0.0721509
35.81 1 1.56501
35.81 2 0.0720454
35.91 1 1.5632
35.91 2 0.0719358
36.01 1 1.56074
36.01 2 0.0718792
36.11 1 1.5612
36.11 2 0.0717835
36.21 1 1.55853
36.21 2 0.0716413
36.31 1 1.55671
36.31 2 0.0715412
36.41 1 1.55483
36.41 2 0.0714391
36.51 1 1.55291
36.51 2 0.0713944
36.61 1 1.55034
36.61 2 0.0714453
36.71 1 1.54829
36.71 2 0.071307
36.81 1 1.54645
36.81 2 0.0712137
36.91 1 1.54461
36.91 2 0.0711103
37.01 1 1.54272
37.01 2 0.0710069
37.11 1 1.54095
37.11 2 0.0709188
37.21 1 1.54148
37.21 2 0.0708197
37.31 1 1.53969
37.31 2 0.0707318
37.41 1 1.53801
37.41 2 0.0707024
37.51 1 1.53596
37.51 2 0.0706309
37.61 1 1.53359
37.61 2 0.0704968
37.71 1 1.53235
37.71 2 0.0704102
37.81 1 1.53112
37.81 2 0.0703288
37.91 1 1.52989
37.91 2 0.0702471
38.01 1 1.52847
38.01 2 0.0702951
38.11 1 1.52678
38.11 2 0.0702677
38.21 1 1.52351
38.21 2 0.0702209
38.31 1 1.52237
38.31 2 0.0701011
38.41 1 1.52112
38.41 2 0.0700301
38.51 1 1.52241
38.51 2 0.0699691
38.61 1 1.521
38.61 2 0.0699575
38.71 1 1.51927
38.71 2 0.0699127
38.81 1 1.51629
38.81 2 0.0697698
38.91 1 1.51461
38.91 2 0.0696363
39.01 1 1.51401
39.01 2 0.0695704
39.11 1 1.51324
39.11 2 0.0696356
39.21 1 1.51239
39.21 2 0.0695845
39.31 1 1.51121
39.31 2 0.069535
39.41 1 1.51044
39.41 2 0.0694807
39.51 1 1.50962
39.51 2 0.069422
39.61 1 1.51068
39.61 2 0.0693842
39.71 1 1.51006
39.71 2 0.0693254
39.81 1 1.50927
39.81 2 0.0692555
39.91 1 1.50842
39.91 2 0.069282
40.01 1 1.50618
40.01 2 0.0693152
40.11 1 1.50529
40.11 2 0.0692154
40.21 1 1.50441
40.21 2 0.0691748
40.31 1 1.50361
40.31 2 0.0691263
40.41 1 1.50244
40.41 2 0.0691173
40.51 1 1.50381
40.51 2 0.069132
40.61 1 1.50188
40.61 2 0.0689913
40.71 1 1.5015
40.71 2 0.0689486
40.81 1 1.5011
40.81 2 0.068906
40.91 1 1.50061
40.91 2 0.0689614
41.01 1 1.49998
41.01 2 0.0689264
41.11 1 1.49938
41.11 2 0.0688854
41.21 1 1.49889
41.21 2 0.0688512
41.31 1 1.49826
41.31 2 0.0688168
41.41 1 1.49773
41.41 2 0.0687844
41.51 1 1.49713
41.51 2 0.0687509
41.61 1 1.49658
41.61 2 0.0687169
41.71 1 1.49598
41.71 2 0.0686851
41.81 1 1.49745
41.81 2 0.0686463
41.91 1 1.49698
41.91 2 0.0686113
42.01 1 1.49663
42.01 2 0.0685788
42.11 1 1.49627
42.11 2 0.0685392
42.21 1 1.49581
42.21 2 0.0684998
42.31 1 1.49524
42.31 2 0.0684512
42.41 1 1.49487
42.41 2 0.0684091
42.51 1 1.49442
42.51 2 0.0683817
42.61 1 1.49399
42.61 2 0.068343
42.71 1 1.49349
42.71 2 0.0683758
42.81 1 1.49291
42.81 2 0.0683443
42.91 1 1.49239
42.91 2 0.0683131
43.01 1 1.49226
43.01 2 0.0682832
43.11 1 1.49146
43.11 2 0.0682351
43.21 1 1.49087
43.21 2 0.0682044
43.31 1 1.49037
43.31 2 0.068175
43.41 1 1.48963
43.41 2 0.0681923
43.51 1 1.49052
43.51 2 0.0681845
43.61 1 1.48904
43.61 2 0.0680635
43.71 1 1.48898
43.71 2 0.0680384
43.81 1 1.48891
43.81 2 0.0680176
43.91 1 1.48871
43.91 2 0.0680654
44.01 1 1.48833
44.01 2 0.0680472
44.11 1 1.48806
44.11 2 0.0680292
44.21 1 1.48777
44.21 2 0.0680085
44.31 1 1.48752
44.31 2 0.0679989
44.41 1 1.48726
44.41 2 0.0679811
44.51 1 1.48877
44.51 2 0.0679505
44.61 1 1.48883
44.61 2 0.0679288
44.71 1 1.48879
44.71 2 0.0678998
44.81 1 1.48872
44.81 2 0.0678818
44.91 1 1.48878
44.91 2 0.0678531
45.01 1 1.48854
45.01 2 0.0678923
45.11 1 1.48832
45.11 2 0.0678736
45.21 1 1.488
45.21 2 0.0678538
45.31 1 1.48779
45.31 2 0.0678448
45.41 1 1.48742
45.41 2 0.0678285
45.51 1 1.48729
45.51 2 0.0678015
45.61 1 1.48869
45.61 2 0.0677766
45.71 1 1.48865
45.71 2 0.0677506
45.81 1 1.48859
45.81 2 0.0677266
45.91 1 1.48865
45.91 2 0.0676841
46.01 1 1.48861
46.01 2 0.0676597
46.11 1 1.48855
46.11 2 0.0676356
46.21 1 1.48831
46.21 2 0.0676846
46.31 1 1.48802
46.31 2 0.0676761
46.41 1 1.48779
46.41 2 0.0676533
46.51 1 1.48746
46.51 2 0.0676346
46.61 1 1.48727
46.61 2 0.0676263
46.71 1 1.48702
46.71 2 0.067611
46.81 1 1.48846
46.81 2 0.0675826
46.91 1 1.48852
46.91 2 0.0675628
47.01 1 1.48848
47.01 2 0.067536
47.11 1 1.48826
47.11 2 0.0675144
47.21 1 1.48754
47.21 2 0.0675519
47.31 1 1.48554
47.31 2 0.067583
47.41 1 1.485
47.41 2 0.0675463
47.51 1 1.48544
47.51 2 0.0675421
47.61 1 1.48422
47.61 2 0.0674556
47.71 1 1.48397
47.71 2 0.0674216
47.81 1 1.48391
47.81 2 0.067409
47.91 1 1.48397
47.91 2 0.0673861
48.01 1 1.48385
48.01 2 0.0673614
48.11 1 1.48354
48.11 2 0.0674052
48.21 1 1.4831
48.21 2 0.0673876
48.31 1 1.48314
48.31 2 0.0674138
48.41 1 1.48328
48.41 2 0.0674353
48.51 1 1.48198
48.51 2 0.0673638
48.61 1 1.48157
48.61 2 0.0674124
48.71 1 1.4802
48.71 2 0.0674288
48.81 1 1.48031
48.81 2 0.0673673
48.91 1 1.48043
48.91 2 0.0673713
49.01 1 1.48054
49.01 2 0.0673753
49.11 1 1.48077
49.11 2 0.0673712
49.21 1 1.48096
49.21 2 0.0673447
49.31 1 1.48212
49.31 2 0.06734
49.41 1 1.48237
49.41 2 0.0673668
49.51 1 1.48195
49.51 2 0.0674145
49.61 1 1.4807
49.61 2 0.0672982
49.71 1 1.48075
49.71 2 0.0673779
49.81 1 1.47838
49.81 2 0.0674347
49.91 1 1.47894
49.91 2 0.0673703
50.01 1 1.47967
50.01 2 0.0673839
50.11 1 1.48135
50.11 2 0.0673847
50.21 1 1.48218
50.21 2 0.0673861
50.31 1 1.48273
50.31 2 0.0673838
50.41 1 1.48334
50.41 2 0.0674057
50.51 1 1.48388
50.51 2 0.0674239
50.61 1 1.48443
50.61 2 0.0674729
50.71 1 1.48504
50.71 2 0.067488
50.81 1 1.48549
50.81 2 0.0675127
50.91 1 1.4861
50.91 2 0.0675342
51.01 1 1.48692
51.01 2 0.0675611
51.11 1 1.48764
51.11 2 0.0676344
51.21 1 1.48646
51.21 2 0.0675308
51.31 1 1.48698
51.31 2 0.0675932
51.41 1 1.48717
51.41 2 0.067609
51.51 1 1.48769
51.51 2 0.0676141
51.61 1 1.48813
51.61 2 0.0676097
51.71 1 1.48872
51.71 2 0.067623
51.81 1 1.49032
51.81 2 0.0676363
51.91 1 1.49103
51.91 2 0.0676577
52.01 1 1.49183
52.01 2 0.0676708
52.11 1 1.49227
52.11 2 0.0676839
52.21 1 1.49241
52.21 2 0.0677321
52.31 1 1.49273
52.31 2 0.0678392
52.41 1 1.4911
52.41 2 0.0677614
52.51 1 1.49078
52.51 2 0.0676981
52.61 1 1.49156
52.61 2 0.0677056
52.71 1 1.49199
52.71 2 0.0677168
52.81 1 1.49235
52.81 2 0.0677308
52.91 1 1.49237
52.91 2 0.0678204
53.01 1 1.4907
53.01 2 0.067855
53.11 1 1.49095
53.11 2 0.0678363
53.21 1 1.49133
53.21 2 0.0678684
53.31 1 1.49052
53.31 2 0.0677902
53.41 1 1.49138
53.41 2 0.067793
53.51 1 1.49196
53.51 2 0.0677952
53.61 1 1.49262
53.61 2 0.067822
53.71 1 1.49258
53.71 2 0.0679289
53.81 1 1.49089
53.81 2 0.0679452
53.91 1 1.49154
53.91 2 0.0678943
54.01 1 1.49184
54.01 2 0.067911
54.11 1 1.49249
54.11 2 0.0679192
54.21 1 1.49312
54.21 2 0.0679353
54.31 1 1.49466
54.31 2 0.0680176
54.41 1 1.49424
54.41 2 0.0680415
54.51 1 1.49363
54.51 2 0.0679624
54.61 1 1.49468
54.61 2 0.0679911
54.71 1 1.49562
54.71 2 0.068013
54.81 1 1.49627
54.81 2 0.0680337
54.91 1 1.49634
54.91 2 0.0681759
55.01 1 1.49483
55.01 2 0.0681684
55.11 1 1.49565
55.11 2 0.0681157
55.21 1 1.49655
55.21 2 0.068131
55.31 1 1.49733
55.31 2 0.0681584
55.41 1 1.49815
55.41 2 0.0682217
55.51 1 1.49861
55.51 2 0.0682948
55.61 1 1.49801
55.61 2 0.0682074
55.71 1 1.49883
55.71 2 0.0682159
55.81 1 1.49931
55.81 2 0.0682453
55.91 1 1.49966
55.91 2 0.0683515
56.01 1 1.49829
56.01 2 0.0683044
56.11 1 1.49928
56.11 2 0.0683354
56.21 1 1.50025
56.21 2 0.0683702
56.31 1 1.50113
56.31 2 0.0684011
56.41 1 1.50216
56.41 2 0.0685007
56.51 1 1.49996
56.51 2 0.0685062
56.61 1 1.50182
56.61 2 0.0684604
56.71 1 1.50303
56.71 2 0.0684823
56.81 1 1.50416
56.81 2 0.0685208
56.91 1 1.50547
56.91 2 0.0685576
57.01 1 1.50671
57.01 2 0.0686269
57.11 1 1.50689
57.11 2 0.068755
57.21 1 1.50638
57.21 2 0.0686705
57.31 1 1.50773
57.31 2 0.0687125
57.41 1 1.50862
57.41 2 0.0687488
57.51 1 1.50978
57.51 2 0.0688203
57.61 1 1.51019
57.61 2 0.0689675
57.71 1 1.50871
57.71 2 0.0688623
57.81 1 1.50906
57.81 2 0.0688476
57.91 1 1.51049
57.91 2 0.0688964
58.01 1 1.51159
58.01 2 0.0689659
58.11 1 1.51307
58.11 2 0.0690041
58.21 1 1.51455
58.21 2 0.0690565
58.31 1 1.51608
58.31 2 0.0691004
58.41 1 1.51779
58.41 2 0.0691536
58.51 1 1.51935
58.51 2 0.0692003
58.61 1 1.52094
58.61 2 0.0692473
58.71 1 1.52201
58.71 2 0.0693702
58.81 1 1.52001
58.81 2 0.0694424
58.91 1 1.52123
58.91 2 0.0693794
59.01 1 1.52269
59.01 2 0.0694159
59.11 1 1.52461
59.11 2 0.0694572
59.21 1 1.52614
59.21 2 0.0695022
59.31 1 1.52755
59.31 2 0.069594
59.41 1 1.5275
59.41 2 0.0697058
59.51 1 1.52682
59.51 2 0.0696141
59.61 1 1.52837
59.61 2 0.0696689
59.71 1 1.52992
59.71 2 0.0697236
59.81 1 1.53147
59.81 2 0.0697952
59.91 1 1.53278
59.91 2 0.0698418
60.01 1 1.53434
60.01 2 0.069888
60.11 1 1.53609
60.11 2 0.0699414
60.21 1 1.5378
60.21 2 0.0699934
60.31 1 1.53933
60.31 2 0.0700465
60.41 1 1.5409
60.41 2 0.0701039
60.51 1 1.54203
60.51 2 0.0701545
60.61 1 1.5436
60.61 2 0.0702514
60.71 1 1.54396
60.71 2 0.0703446
60.81 1 1.54327
60.81 2 0.0702684
60.91 1 1.54394
60.91 2 0.0704228
61.01 1 1.54251
61.01 2 0.0704429
61.11 1 1.54421
61.11 2 0.0704001
61.21 1 1.54589
61.21 2 0.0704608
61.31 1 1.5476
61.31 2 0.0705136
61.41 1 1.54927
61.41 2 0.0705674
61.51 1 1.55098
61.51 2 0.0706239
61.61 1 1.5528
61.61 2 0.07069
61.71 1 1.55364
61.71 2 0.0708415
61.81 1 1.55222
61.81 2 0.0708654
61.91 1 1.55388
61.91 2 0.0708323
62.01 1 1.55536
62.01 2 0.0709264
62.11 1 1.55434
62.11 2 0.0710326
62.21 1 1.55506
62.21 2 0.0709732
62.31 1 1.55295
62.31 2 0.0710465
62.41 1 1.55244
62.41 2 0.0709463
62.51 1 1.55086
62.51 2 0.070861
62.61 1 1.54949
62.61 2 0.0707473
62.71 1 1.55116
62.71 2 0.0708112
62.81 1 1.5526
62.81 2 0.0709038
62.91 1 1.55333
62.91 2 0.0710363
63.01 1 1.55249
63.01 2 0.0709494
63.11 1 1.55405
63.11 2 0.0709984
63.21 1 1.55564
63.21 2 0.071067
63.31 1 1.55728
63.31 2 0.0711241
63.41 1 1.55883
63.41 2 0.0711768
63.51 1 1.56018
63.51 2 0.0712293
63.61 1 1.5618
63.61 2 0.0712758
63.71 1 1.56338
63.71 2 0.0713293
63.81 1 1.56524
63.81 2 0.0713814
63.91 1 1.56688
63.91 2 0.0714362
64.01 1 1.56844
64.01 2 0.0714885
64.11 1 1.56969
64.11 2 0.0715353
64.21 1 1.57119
64.21 2 0.0715885
64.31 1 1.57282
64.31 2 0.0716437
64.41 1 1.57433
64.41 2 0.0716996
64.51 1 1.57605
64.51 2 0.071778
64.61 1 1.57651
64.61 2 0.071918
64.71 1 1.57552
64.71 2 0.0718224
64.81 1 1.57721
64.81 2 0.0718866
64.91 1 1.57882
64.91 2 0.071958
65.01 1 1.57987
65.01 2 0.0721198
65.11 1 1.57853
65.11 2 0.0721279
65.21 1 1.58023
65.21 2 0.0721787
65.31 1 1.57826
65.31 2 0.0722471
65.41 1 1.58016
65.41 2 0.072184
65.51 1 1.58192
65.51 2 0.0722911
65.61 1 1.58256
65.61 2 0.0724355
65.71 1 1.58173
65.71 2 0.0723494
65.81 1 1.5836
65.81 2 0.0724154
65.91 1 1.58528
65.91 2 0.0724696
66.01 1 1.58684
66.01 2 0.07263
66.11 1 1.5852
66.11 2 0.0726842
66.21 1 1.58694
66.21 2 0.0726358
66.31 1 1.58807
66.31 2 0.0728062
66.41 1 1.58652
66.41 2 0.0728424
66.51 1 1.58784
66.51 2 0.072793
66.61 1 1.58975
66.61 2 0.0728363
66.71 1 1.59159
66.71 2 0.0729027
66.81 1 1.59342
66.81 2 0.0729669
66.91 1 1.5952
66.91 2 0.073034
67.01 1 1.59698
67.01 2 0.0731429
67.11 1 1.59757
67.11 2 0.0732734
67.21 1 1.59668
67.21 2 0.0731834
67.31 1 1.59844
67.31 2 0.0732771
67.41 1 1.59905
67.41 2 0.0734217
67.51 1 1.5978
67.51 2 0.0733178
67.61 1 1.59967
67.61 2 0.0733752
67.71 1 1.60147
67.71 2 0.0734412
67.81 1 1.60311
67.81 2 0.0735184
67.91 1 1.60417
67.91 2 0.0736863
68.01 1 1.60285
68.01 2 0.0736004
68.11 1 1.60453
68.11 2 0.0737116
68.21 1 1.60487
68.21 2 0.0738378
68.31 1 1.60328
68.31 2 0.073755
68.41 1 1.60313
68.41 2 0.0737037
68.51 1 1.60492
68.51 2 0.0738346
68.61 1 1.6028
68.61 2 0.0739162
68.71 1 1.60465
68.71 2 0.0738504
68.81 1 1.60637
68.81 2 0.0739035
68.91 1 1.60801
68.91 2 0.0739584
69.01 1 1.60925
69.01 2 0.0741078
69.11 1 1.60773
69.11 2 0.0741328
69.21 1 1.60956
69.21 2 0.0740892
69.31 1 1.61115
69.31 2 0.0741512
69.41 1 1.61253
69.41 2 0.0742949
69.51 1 1.61091
69.51 2 0.0743614
69.61 1 1.61149
69.61 2 0.0743136
69.71 1 1.61322
69.71 2 0.0743228
69.81 1 1.61481
69.81 2 0.074385
69.91 1 1.61668
69.91 2 0.0745107
70.01 1 1.61457
70.01 2 0.0745927
70.11 1 1.61627
70.11 2 0.0745246
70.21 1 1.61801
70.21 2 0.0745838
70.31 1 1.61972
70.31 2 0.0746376
70.41 1 1.62142
70.41 2 0.0746923
70.51 1 1.62299
70.51 2 0.0747501
70.61 1 1.62436
70.61 2 0.0749043
70.71 1 1.62271
70.71 2 0.0749388
70.81 1 1.62438
70.81 2 0.0748833
70.91 1 1.6261
70.91 2 0.0749324
71.01 1 1.62769
71.01 2 0.0749851
71.11 1 1.62937
71.11 2 0.0750377
71.21 1 1.63092
71.21 2 0.0751035
71.31 1 1.63142
71.31 2 0.0752616
71.41 1 1.6307
71.41 2 0.0752644
71.51 1 1.631
71.51 2 0.0752318
71.61 1 1.63266
71.61 2 0.0752384
71.71 1 1.63431
71.71 2 0.0752945
71.81 1 1.63602
71.81 2 0.0753504
71.91 1 1.63766
71.91 2 0.0754099
72.01 1 1.63926
72.01 2 0.0754632
72.11 1 1.64089
72.11 2 0.0755136
72.21 1 1.64246
72.21 2 0.0755605
72.31 1 1.64402
72.31 2 0.0756292
72.41 1 1.64501
72.41 2 0.075785
72.51 1 1.64361
72.51 2 0.0757981
72.61 1 1.64529
72.61 2 0.0757567
72.71 1 1.6469
72.71 2 0.0758117
72.81 1 1.64844
72.81 2 0.0758576
72.91 1 1.64993
72.91 2 0.0759108
73.01 1 1.65159
73.01 2 0.076029
73.11 1 1.6517
73.11 2 0.0761169
73.21 1 1.65116
73.21 2 0.076044
73.31 1 1.65258
73.31 2 0.0761287
73.41 1 1.65312
73.41 2 0.0762505
73.51 1 1.65202
73.51 2 0.0761666
73.61 1 1.65345
73.61 2 0.0762513
73.71 1 1.65382
73.71 2 0.0763588
73.81 1 1.65309
73.81 2 0.0762806
73.91 1 1.65466
73.91 2 0.0763359
74.01 1 1.65588
74.01 2 0.0764014
74.11 1 1.65668
74.11 2 0.0765853
74.21 1 1.65489
74.21 2 0.0764965
74.31 1 1.65365
74.31 2 0.0764146
74.41 1 1.65515
74.41 2 0.0765052
74.51 1 1.65545
74.51 2 0.076603
74.61 1 1.65477
74.61 2 0.0765298
74.71 1 1.65502
74.71 2 0.0765607
74.81 1 1.65444
74.81 2 0.0764906
74.91 1 1.65599
74.91 2 0.0765431
75.01 1 1.65753
75.01 2 0.0765949
75.11 1 1.65903
75.11 2 0.0766727
75.21 1 1.65973
75.21 2 0.0768084
75.31 1 1.6587
75.31 2 0.0767208
75.41 1 1.66022
75.41 2 0.0767783
75.51 1 1.66179
75.51 2 0.0768265
75.61 1 1.66328
75.61 2 0.0768758
75.71 1 1.6648
75.71 2 0.076929
75.81 1 1.6663
75.81 2 0.0769797
75.91 1 1.66785
75.91 2 0.077037
76.01 1 1.66937
76.01 2 0.0770845
76.11 1 1.67084
76.11 2 0.0771339
76.21 1 1.67231
76.21 2 0.0771841
76.31 1 1.67386
76.31 2 0.0772335
76.41 1 1.67528
76.41 2 0.0772851
76.51 1 1.67677
76.51 2 0.0773373
76.61 1 1.67816
76.61 2 0.0773874
76.71 1 1.67949
76.71 2 0.0775117
76.81 1 1.67774
76.81 2 0.0775627
76.91 1 1.67922
76.91 2 0.0775521
77.01 1 1.67796
77.01 2 0.0776373
77.11 1 1.67891
77.11 2 0.0775684
77.21 1 1.68038
77.21 2 0.0776135
77.31 1 1.68182
77.31 2 0.0776654
77.41 1 1.68334
77.41 2 0.0777194
77.51 1 1.6848
77.51 2 0.0777685
77.61 1 1.68626
77.61 2 0.0778099
77.71 1 1.68769
77.71 2 0.0778495
77.81 1 1.68918
77.81 2 0.0779043
77.91 1 1.69063
77.91 2 0.0779547
78.01 1 1.69197
78.01 2 0.0780262
78.11 1 1.69264
78.11 2 0.0781591
78.21 1 1.69153
78.21 2 0.078072
78.31 1 1.69287
78.31 2 0.0781403
78.41 1 1.69353
78.41 2 0.0782748
78.51 1 1.69243
78.51 2 0.0781879
78.61 1 1.69385
78.61 2 0.078231
78.71 1 1.69515
78.71 2 0.0782908
78.81 1 1.69596
78.81 2 0.0784345
78.91 1 1.6947
78.91 2 0.0783419
79.01 1 1.69605
79.01 2 0.0783783
79.11 1 1.69724
79.11 2 0.0784133
79.21 1 1.69866
79.21 2 0.0784622
79.31 1 1.70006
79.31 2 0.0785043
79.41 1 1.7014
79.41 2 0.0785522
79.51 1 1.70273
79.51 2 0.078619
79.61 1 1.70258
79.61 2 0.0787407
79.71 1 1.70221
79.71 2 0.0786568
79.81 1 1.70354
79.81 2 0.0786999
79.91 1 1.70493
79.91 2 0.0787444
80.01 1 1.70628
80.01 2 0.0788033
80.11 1 1.70704
80.11 2 0.0789419
80.21 1 1.70514
80.21 2 0.0788466
80.31 1 1.70378
80.31 2 0.0787761
80.41 1 1.7051
80.41 2 0.0787904
80.51 1 1.70637
80.51 2 0.0788317
80.61 1 1.70779
80.61 2 0.0789465
80.71 1 1.70583
80.71 2 0.0790093
80.81 1 1.70709
80.81 2 0.0789872
80.91 1 1.70742
80.91 2 0.0790927
81.01 1 1.70634
81.01 2 0.079022
81.11 1 1.70641
81.11 2 0.078998
81.21 1 1.70756
81.21 2 0.0791184
81.31 1 1.70599
81.31 2 0.0791587
81.41 1 1.70734
81.41 2 0.0791071
81.51 1 1.70873
81.51 2 0.079149
81.61 1 1.71005
81.61 2 0.0791914
81.71 1 1.71122
81.71 2 0.079242
81.81 1 1.71197
81.81 2 0.0793726
81.91 1 1.71023
81.91 2 0.0793936
82.01 1 1.70845
82.01 2 0.0793232
82.11 1 1.70702
82.11 2 0.0792409
82.21 1 1.70587
82.21 2 0.0791521
82.31 1 1.70459
82.31 2 0.0790742
82.41 1 1.70328
82.41 2 0.0790102
82.51 1 1.70203
82.51 2 0.0789435
82.61 1 1.70068
82.61 2 0.0788758
82.71 1 1.70035
82.71 2 0.0788095
82.81 1 1.69905
82.81 2 0.0787749
82.91 1 1.69781
82.91 2 0.0787138
83.01 1 1.69655
83.01 2 0.0786508
83.11 1 1.69526
83.11 2 0.0785851
83.21 1 1.69391
83.21 2 0.0785628
83.31 1 1.69254
83.31 2 0.0785023
83.41 1 1.6919
83.41 2 0.0784399
83.51 1 1.69068
83.51 2 0.0783747
83.61 1 1.68944
83.61 2 0.0783147
83.71 1 1.68817
83.71 2 0.0782453
83.81 1 1.68753
83.81 2 0.0781686
83.91 1 1.68621
83.91 2 0.0781532
84.01 1 1.68453
84.01 2 0.0781012
84.11 1 1.68343
84.11 2 0.0780293
84.21 1 1.68186
84.21 2 0.077954
84.31 1 1.68148
84.31 2 0.0778773
84.41 1 1.68047
84.41 2 0.0778887
84.51 1 1.67958
84.51 2 0.0778433
84.61 1 1.6787
84.61 2 0.0777973
84.71 1 1.67893
84.71 2 0.0777748
84.81 1 1.67782
84.81 2 0.0777392
84.91 1 1.6765
84.91 2 0.0776643
85.01 1 1.67578
85.01 2 0.07762
85.11 1 1.67511
85.11 2 0.0775774
85.21 1 1.67445
85.21 2 0.0775399
85.31 1 1.67381
85.31 2 0.0775557
85.41 1 1.673
85.41 2 0.0775143
85.51 1 1.67223
85.51 2 0.077471
85.61 1 1.67152
85.61 2 0.0774261
85.71 1 1.6708
85.71 2 0.0773896
85.81 1 1.6701
85.81 2 0.0773531
85.91 1 1.66938
85.91 2 0.0773168
86.01 1 1.66886
86.01 2 0.0772805
86.11 1 1.66819
86.11 2 0.0772444
86.21 1 1.66843
86.21 2 0.0772352
86.31 1 1.66752
86.31 2 0.0772048
86.41 1 1.66635
86.41 2 0.0771266
86.51 1 1.66568
86.51 2 0.0770817
86.61 1 1.66504
86.61 2 0.0770764
86.71 1 1.66356
86.71 2 0.0771041
86.81 1 1.66298
86.81 2 0.0770471
86.91 1 1.66244
86.91 2 0.0770072
87.01 1 1.66298
87.01 2 0.07698
87.11 1 1.66253
87.11 2 0.0769478
87.21 1 1.66204
87.21 2 0.0769123
87.31 1 1.66161
87.31 2 0.0768781
87.41 1 1.66116
87.41 2 0.0768462
87.51 1 1.66067
87.51 2 0.0768147
87.61 1 1.6602
87.61 2 0.0768334
87.71 1 1.6596
87.71 2 0.0768071
87.81 1 1.65903
87.81 2 0.0767704
87.91 1 1.65846
87.91 2 0.0767331
88.01 1 1.65793
88.01 2 0.076707
88.11 1 1.6583
88.11 2 0.0766737
88.21 1 1.65782
88.21 2 0.0766503
88.31 1 1.6574
88.31 2 0.0766223
88.41 1 1.65696
88.41 2 0.0765884
88.51 1 1.65648
88.51 2 0.0765563
88.61 1 1.65598
88.61 2 0.0765211
88.71 1 1.65519
88.71 2 0.0765356
88.81 1 1.6547
88.81 2 0.0765289
88.91 1 1.65377
88.91 2 0.0764569
89.01 1 1.65333
89.01 2 0.0764349
89.11 1 1.65277
89.11 2 0.0764064
89.21 1 1.65236
89.21 2 0.0764173
89.31 1 1.65087
89.31 2 0.0764013
89.41 1 1.65056
89.41 2 0.0763533
89.51 1 1.65121
89.51 2 0.0763286
89.61 1 1.65098
89.61 2 0.0763059
89.71 1 1.6508
89.71 2 0.0762802
89.81 1 1.65058
89.81 2 0.0762611
89.91 1 1.65035
89.91 2 0.07623
90.01 1 1.65018
90.01 2 0.0762126
90.11 1 1.64982
90.11 2 0.0762335
90.21 1 1.64948
90.21 2 0.0762112
90.31 1 1.6492
90.31 2 0.0761912
90.41 1 1.64886
90.41 2 0.0761726
90.51 1 1.64858
90.51 2 0.0761508
90.61 1 1.64826
90.61 2 0.0761272
90.71 1 1.64895
90.71 2 0.0761033
90.81 1 1.64874
90.81 2 0.0760856
90.91 1 1.64852
90.91 2 0.0760631
91.01 1 1.64835
91.01 2 0.0760422
91.11 1 1.648
91.11 2 0.0760143
91.21 1 1.64767
91.21 2 0.0760329
91.31 1 1.64736
91.31 2 0.0760089
91.41 1 1.64678
91.41 2 0.0759897
91.51 1 1.64651
91.51 2 0.0759665
91.61 1 1.64633
91.61 2 0.0759573
91.71 1 1.64583
91.71 2 0.0759648
91.81 1 1.6457
91.81 2 0.0759301
91.91 1 1.64543
91.91 2 0.0759126
92.01 1 1.64507
92.01 2 0.0758933
92.11 1 1.64472
92.11 2 0.0758711
92.21 1 1.64436
92.21 2 0.0758894
92.31 1 1.6428
92.31 2 0.0758656
92.41 1 1.64253
92.41 2 0.0758164
92.51 1 1.6432
92.51 2 0.0757863
92.61 1 1.64299
92.61 2 0.0757649
92.71 1 1.64282
92.71 2 0.0757451
92.81 1 1.64253
92.81 2 0.0757234
92.91 1 1.6421
92.91 2 0.0757328
93.01 1 1.64086
93.01 2 0.0757584
93.11 1 1.64051
93.11 2 0.0757044
93.21 1 1.64018
93.21 2 0.0756902
93.31 1 1.63985
93.31 2 0.0757026
93.41 1 1.63967
93.41 2 0.075656
93.51 1 1.63918
93.51 2 0.0756174
93.61 1 1.63903
93.61 2 0.0755989
93.71 1 1.63894
93.71 2 0.0755794
93.81 1 1.63872
93.81 2 0.07556
93.91 1 1.63836
93.91 2 0.0755773
94.01 1 1.63716
94.01 2 0.0756027
94.11 1 1.63694
94.11 2 0.075555
94.21 1 1.6367
94.21 2 0.0755636
94.31 1 1.63693
94.31 2 0.075566
94.41 1 1.63609
94.41 2 0.0755035
94.51 1 1.63595
94.51 2 0.0754888
94.61 1 1.63573
94.61 2 0.075483
94.71 1 1.63463
94.71 2 0.0754989
94.81 1 1.63419
94.81 2 0.0754767
94.91 1 1.63383
94.91 2 0.0754934
95.01 1 1.63239
95.01 2 0.0754504
95.11 1 1.63092
95.11 2 0.0753789
95.21 1 1.62943
95.21 2 0.0753125
95.31 1 1.63012
95.31 2 0.075288
95.41 1 1.63007
95.41 2 0.0753166
95.51 1 1.62889
95.51 2 0.0753357
95.61 1 1.6288
95.61 2 0.0752915
95.71 1 1.62885
95.71 2 0.0752848
95.81 1 1.62888
95.81 2 0.0752806
95.91 1 1.62894
95.91 2 0.0752715
96.01 1 1.62897
96.01 2 0.0752689
96.11 1 1.62962
96.11 2 0.0752558
96.21 1 1.62955
96.21 2 0.0752572
96.31 1 1.62923
96.31 2 0.0752809
96.41 1 1.62848
96.41 2 0.0752162
96.51 1 1.62851
96.51 2 0.0752057
96.61 1 1.62855
96.61 2 0.075202
96.71 1 1.62857
96.71 2 0.075226
96.81 1 1.62858
96.81 2 0.0752188
96.91 1 1.62857
96.91 2 0.0752151
97.01 1 1.6285
97.01 2 0.0752542
97.11 1 1.62716
97.11 2 0.0752412
97.21 1 1.6273
97.21 2 0.0751976
97.31 1 1.62801
97.31 2 0.0751923
97.41 1 1.62809
97.41 2 0.0751802
97.51 1 1.62812
97.51 2 0.0752211
97.61 1 1.62702
97.61 2 0.075241
97.71 1 1.62715
97.71 2 0.0751977
97.81 1 1.62726
97.81 2 0.0751966
97.91 1 1.62741
97.91 2 0.0751953
98.01 1 1.62816
98.01 2 0.0751883
98.11 1 1.62842
98.11 2 0.075185
98.21 1 1.62864
98.21 2 0.0751856
98.31 1 1.62881
98.31 2 0.0751807
98.41 1 1.62897
98.41 2 0.0751693
98.51 1 1.6291
98.51 2 0.0751675
98.61 1 1.6292
98.61 2 0.0751952
98.71 1 1.62934
98.71 2 0.0751946
98.81 1 1.62928
98.81 2 0.0751943
98.91 1 1.62942
98.91 2 0.0751885
99.01 1 1.62949
99.01 2 0.0752065
99.11 1 1.62992
99.11 2 0.0752328
99.21 1 1.62925
99.21 2 0.0751705
99.31 1 1.62946
99.31 2 0.0751724
99.41 1 1.6296
99.41 2 0.0751712
99.51 1 1.62965
99.51 2 0.0752063
99.61 1 1.62837
99.61 2 0.0752374
99.71 1 1.62863
99.71 2 0.0751973
99.81 1 1.62893
99.81 2 0.0751988
99.91 1 1.62962
99.91 2 0.0752002
100.01 1 1.62994
100.01 2 0.0752021
100.11 1 1.63025
100.11 2 0.0751991
100.21 1 1.63053
100.21 2 0.0752032
100.31 1 1.63084
100.31 2 0.0752054
100.41 1 1.63115
100.41 2 0.0752065
100.51 1 1.63137
100.51 2 0.0752087
100.61 1 1.63162
100.61 2 0.0752111
100.71 1 1.63184
100.71 2 0.0752179
100.81 1 1.63208
100.81 2 0.075223
100.91 1 1.6323
100.91 2 0.0752412
101.01 1 1.63253
101.01 2 0.0752462
101.11 1 1.63281
101.11 2 0.0752504
101.21 1 1.63303
101.21 2 0.0752512
101.31 1 1.63321
101.31 2 0.0752568
101.41 1 1.63295
101.41 2 0.0752943
101.51 1 1.63264
101.51 2 0.0752707
101.61 1 1.63287
101.61 2 0.0752582
101.71 1 1.63308
101.71 2 0.0752592
101.81 1 1.63329
101.81 2 0.0752641
101.91 1 1.63352
101.91 2 0.0752679
102.01 1 1.63379
102.01 2 0.0752722
102.11 1 1.63404
102.11 2 0.075274
102.21 1 1.63426
102.21 2 0.0752757
102.31 1 1.63499
102.31 2 0.0752774
102.41 1 1.6353
102.41 2 0.0752758
102.51 1 1.6356
102.51 2 0.0752779
102.61 1 1.63587
102.61 2 0.0752805
102.71 1 1.63617
102.71 2 0.0752815
102.81 1 1.63642
102.81 2 0.075277
102.91 1 1.63647
102.91 2 0.0752719
103.01 1 1.6367
103.01 2 0.0752742
103.11 1 1.6371
103.11 2 0.0752763
103.21 1 1.63721
103.21 2 0.0752965
103.31 1 1.6372
103.31 2 0.0753467
103.41 1 1.63611
103.41 2 0.0753492
103.51 1 1.63516
103.51 2 0.0752951
103.61 1 1.63538
103.61 2 0.0752688
103.71 1 1.63564
103.71 2 0.0752636
103.81 1 1.63585
103.81 2 0.075265
103.91 1 1.6366
103.91 2 0.0752663
104.01 1 1.63689
104.01 2 0.0752654
104.11 1 1.63715
104.11 2 0.0752639
104.21 1 1.63745
104.21 2 0.0752656
104.31 1 1.63774
104.31 2 0.0752669
104.41 1 1.638
104.41 2 0.0752711
104.51 1 1.63821
104.51 2 0.075276
104.61 1 1.63847
104.61 2 0.075278
104.71 1 1.63867
104.71 2 0.0752768
104.81 1 1.63883
104.81 2 0.0753004
104.91 1 1.63895
104.91 2 0.075317
105.01 1 1.63916
105.01 2 0.0753454
105.11 1 1.63859
105.11 2 0.0752955
105.21 1 1.63883
105.21 2 0.0752972
105.31 1 1.63912
105.31 2 0.0752988
105.41 1 1.63934
105.41 2 0.0753013
105.51 1 1.63954
105.51 2 0.0753055
105.61 1 1.63975
105.61 2 0.0753103
105.71 1 1.63993
105.71 2 0.0753137
105.81 1 1.63956
105.81 2 0.0753779
105.91 1 1.63895
105.91 2 0.0753527
106.01 1 1.63929
106.01 2 0.075337
106.11 1 1.63957
106.11 2 0.0753455
106.21 1 1.63989
106.21 2 0.0753505
106.31 1 1.64058
106.31 2 0.0753564
106.41 1 1.64086
106.41 2 0.0754027
106.51 1 1.63982
106.51 2 0.0754241
106.61 1 1.64008
106.61 2 0.0754042
106.71 1 1.64046
106.71 2 0.0754459
106.81 1 1.63979
106.81 2 0.0753856
106.91 1 1.6402
106.91 2 0.0753918
107.01 1 1.64059
107.01 2 0.0754037
107.11 1 1.64091
107.11 2 0.0754192
107.21 1 1.6409
107.21 2 0.0754983
107.31 1 1.64003
107.31 2 0.0754397
107.41 1 1.6405
107.41 2 0.075456
107.51 1 1.6409
107.51 2 0.0754848
107.61 1 1.64137
107.61 2 0.0755462
107.71 1 1.64058
107.71 2 0.0754855
107.81 1 1.64062
107.81 2 0.0754799
107.91 1 1.64083
107.91 2 0.075566
108.01 1 1.63996
108.01 2 0.0755092
108.11 1 1.64063
108.11 2 0.0755301
108.21 1 1.64126
108.21 2 0.0755521
108.31 1 1.64196
108.31 2 0.0755713
108.41 1 1.64265
108.41 2 0.0755914
108.51 1 1.64321
108.51 2 0.0756136
108.61 1 1.64191
108.61 2 0.0756181
108.71 1 1.64065
108.71 2 0.0755523
108.81 1 1.63952
108.81 2 0.075494
108.91 1 1.6402
108.91 2 0.0754549
109.01 1 1.64087
109.01 2 0.0754689
109.11 1 1.64158
109.11 2 0.0754838
109.21 1 1.64238
109.21 2 0.0754958
109.31 1 1.64293
109.31 2 0.0755323
109.41 1 1.64305
109.41 2 0.0756142
109.51 1 1.64202
109.51 2 0.075558
109.61 1 1.6416
109.61 2 0.0755121
109.71 1 1.64227
109.71 2 0.0755293
109.81 1 1.64286
109.81 2 0.0755618
109.91 1 1.64348
109.91 2 0.0756262
110.01 1 1.64215
110.01 2 0.0756567
110.11 1 1.64292
110.11 2 0.0756085
110.21 1 1.64349
110.21 2 0.0756124
110.31 1 1.64431
110.31 2 0.0756364
110.41 1 1.64507
110.41 2 0.0756603
110.51 1 1.6458
110.51 2 0.075685
110.61 1 1.64653
110.61 2 0.0757091
110.71 1 1.64729
110.71 2 0.0757299
110.81 1 1.64787
110.81 2 0.0757443
110.91 1 1.64859
110.91 2 0.0757704
111.01 1 1.64935
111.01 2 0.0757908
111.11 1 1.65008
111.11 2 0.0758
111.21 1 1.65073
111.21 2 0.0758259
111.31 1 1.65148
111.31 2 0.0758464
111.41 1 1.65221
111.41 2 0.0758675
111.51 1 1.65296
111.51 2 0.0758935
111.61 1 1.65368
111.61 2 0.0759159
111.71 1 1.65436
111.71 2 0.0759321
111.81 1 1.65513
111.81 2 0.0759492
111.91 1 1.65578
111.91 2 0.0759939
112.01 1 1.65589
112.01 2 0.0760586
112.11 1 1.65518
112.11 2 0.0760039
112.21 1 1.65517
112.21 2 0.0759855
112.31 1 1.65597
112.31 2 0.0760145
112.41 1 1.65681
112.41 2 0.0760435
112.51 1 1.65759
112.51 2 0.0760733
112.61 1 1.65841
112.61 2 0.0760989
112.71 1 1.65923
112.71 2 0.0761248
112.81 1 1.66006
112.81 2 0.0761469
112.91 1 1.66087
112.91 2 0.0761769
113.01 1 1.66177
113.01 2 0.0761985
113.11 1 1.66258
113.11 2 0.0762597
113.21 1 1.66268
113.21 2 0.0763145
113.31 1 1.66222
113.31 2 0.0762722
113.41 1 1.66261
113.41 2 0.0763568
113.51 1 1.66174
113.51 2 0.0763615
113.61 1 1.66263
113.61 2 0.0763309
113.71 1 1.66345
113.71 2 0.0763751
113.81 1 1.66384
113.81 2 0.0764526
113.91 1 1.66308
113.91 2 0.0763917
114.01 1 1.66404
114.01 2 0.076424
114.11 1 1.66502
114.11 2 0.0764513
114.21 1 1.66582
114.21 2 0.0764827
114.31 1 1.66678
114.31 2 0.0765094
114.41 1 1.66778
114.41 2 0.0765402
114.51 1 1.66854
114.51 2 0.0765638
114.61 1 1.66951
114.61 2 0.0765945
114.71 1 1.67039
114.71 2 0.0766327
114.81 1 1.67137
114.81 2 0.076705
114.91 1 1.67009
114.91 2 0.0767478
115.01 1 1.67108
115.01 2 0.0766981
115.11 1 1.67196
115.11 2 0.0767294
115.21 1 1.67294
115.21 2 0.0767633
115.31 1 1.67397
115.31 2 0.0768008
115.41 1 1.67497
115.41 2 0.0768357
115.51 1 1.67595
115.51 2 0.0768694
115.61 1 1.67691
115.61 2 0.0768961
115.71 1 1.67793
115.71 2 0.0769299
115.81 1 1.67892
115.81 2 0.0769635
115.91 1 1.6799
115.91 2 0.0769977
116.01 1 1.68087
116.01 2 0.0770307
116.11 1 1.6818
116.11 2 0.0770652
116.21 1 1.68254
116.21 2 0.0771562
116.31 1 1.68153
116.31 2 0.0771781
116.41 1 1.68249
116.41 2 0.077145
116.51 1 1.68336
116.51 2 0.0771744
116.61 1 1.68421
116.61 2 0.0772632
116.71 1 1.6831
116.71 2 0.0773025
116.81 1 1.68207
116.81 2 0.0772497
116.91 1 1.68302
116.91 2 0.0772131
117.01 1 1.68384
117.01 2 0.0772589
117.11 1 1.68431
117.11 2 0.0773613
117.21 1 1.68329
117.21 2 0.0772991
117.31 1 1.68289
117.31 2 0.0773105
117.41 1 1.68385
117.41 2 0.0772966
117.51 1 1.68477
117.51 2 0.0773561
117.61 1 1.68505
117.61 2 0.0774252
117.71 1 1.68379
117.71 2 0.0773646
117.81 1 1.68312
117.81 2 0.0773053
117.91 1 1.68408
117.91 2 0.0773394
118.01 1 1.68506
118.01 2 0.0773712
118.11 1 1.68602
118.11 2 0.0774049
118.21 1 1.68697
118.21 2 0.0774373
118.31 1 1.68787
118.31 2 0.0774699
118.41 1 1.68882
118.41 2 0.0775022
118.51 1 1.68975
118.51 2 0.077545
118.61 1 1.69015
118.61 2 0.077629
118.71 1 1.68946
118.71 2 0.0775693
118.81 1 1.69041
118.81 2 0.0776035
118.91 1 1.69136
118.91 2 0.0776368
119.01 1 1.69222
119.01 2 0.0776688
119.11 1 1.69313
119.11 2 0.0777316
119.21 1 1.6933
119.21 2 0.0777935
119.31 1 1.69278
119.31 2 0.0777649
119.41 1 1.69316
119.41 2 0.077844
119.51 1 1.69245
119.51 2 0.0777853
119.61 1 1.69338
119.61 2 0.0778205
119.71 1 1.69434
119.71 2 0.0778534
119.81 1 1.69519
119.81 2 0.0778817
119.91 1 1.69612
119.91 2 0.0779419
120.01 1 1.6963
120.01 2 0.0780012
120.11 1 1.69589
120.11 2 0.0779562
120.21 1 1.6965
120.21 2 0.0779877
120.31 1 1.69526
120.31 2 0.0779943
120.41 1 1.69404
120.41 2 0.077937
120.51 1 1.69303
120.51 2 0.0778803
120.61 1 1.69392
120.61 2 0.0778322
120.71 1 1.6948
120.71 2 0.0778591
120.81 1 1.69572
120.81 2 0.07789
120.91 1 1.69664
120.91 2 0.0779209
121.01 1 1.69746
121.01 2 0.077981
121.11 1 1.69773
121.11 2 0.0780552
121.21 1 1.69711
121.21 2 0.078001
121.31 1 1.69752
121.31 2 0.0780118
121.41 1 1.69844
121.41 2 0.0780429
121.51 1 1.69935
121.51 2 0.0780722
121.61 1 1.70026
121.61 2 0.0780998
121.71 1 1.70118
121.71 2 0.0781328
121.81 1 1.70207
121.81 2 0.0781648
121.91 1 1.70292
121.91 2 0.0782061
122.01 1 1.70344
122.01 2 0.078298
122.11 1 1.70262
122.11 2 0.0782394
122.21 1 1.70347
122.21 2 0.078276
122.31 1 1.70402
122.31 2 0.0783681
122.41 1 1.70317
122.41 2 0.0783733
122.51 1 1.70401
122.51 2 0.078354
122.61 1 1.70405
122.61 2 0.0784361
122.71 1 1.70371
122.71 2 0.0783804
122.81 1 1.70462
122.81 2 0.0784046
122.91 1 1.70547
122.91 2 0.0784334
123.01 1 1.70636
123.01 2 0.0784662
123.11 1 1.70729
123.11 2 0.0784958
123.21 1 1.70819
123.21 2 0.0785212
123.31 1 1.70906
123.31 2 0.0785502
123.41 1 1.70993
123.41 2 0.0785819
123.51 1 1.71086
123.51 2 0.0786091
123.61 1 1.71172
123.61 2 0.078636
123.71 1 1.71255
123.71 2 0.0786699
123.81 1 1.71308
123.81 2 0.0787583
123.91 1 1.71224
123.91 2 0.0787616
124.01 1 1.71313
124.01 2 0.07873
124.11 1 1.71401
124.11 2 0.0787599
124.21 1 1.71489
124.21 2 0.0787903
124.31 1 1.7158
124.31 2 0.0788158
124.41 1 1.71667
124.41 2 0.0788396
124.51 1 1.71755
124.51 2 0.0788664
124.61 1 1.71836
124.61 2 0.0788929
124.71 1 1.71918
124.71 2 0.0789717
124.81 1 1.71811
124.81 2 0.0790038
124.91 1 1.7189
124.91 2 0.0789841
125.01 1 1.71922
125.01 2 0.079055
125.11 1 1.71865
125.11 2 0.0790058
125.21 1 1.71952
125.21 2 0.0790298
125.31 1 1.72037
125.31 2 0.0790676
125.41 1 1.72086
125.41 2 0.0791559
125.51 1 1.72007
125.51 2 0.0791012
125.61 1 1.72094
125.61 2 0.0791298
125.71 1 1.72177
125.71 2 0.0791683
125.81 1 1.7223
125.81 2 0.0792552
125.91 1 1.72136
125.91 2 0.0792597
126.01 1 1.72214
126.01 2 0.0792706
126.11 1 1.72112
126.11 2 0.0792965
126.21 1 1.72197
126.21 2 0.0792616
126.31 1 1.72286
126.31 2 0.0792934
126.41 1 1.72373
126.41 2 0.0793196
126.51 1 1.72459
126.51 2 0.0793439
126.61 1 1.72544
126.61 2 0.0793722
126.71 1 1.72615
126.71 2 0.0794284
126.81 1 1.72643
126.81 2 0.0795204
126.91 1 1.72527
126.91 2 0.0794672
127.01 1 1.72458
127.01 2 0.0794226
127.11 1 1.72507
127.11 2 0.0795103
127.21 1 1.72426
127.21 2 0.0794543
127.31 1 1.72506
127.31 2 0.0794781
127.41 1 1.72573
127.41 2 0.0795564
127.51 1 1.72473
127.51 2 0.0795791
127.61 1 1.72559
127.61 2 0.0795434
127.71 1 1.72642
127.71 2 0.0795625
127.81 1 1.72719
127.81 2 0.0796185
127.91 1 1.72701
127.91 2 0.0796813
128.01 1 1.72683
128.01 2 0.0796374
128.11 1 1.72734
128.11 2 0.0796794
128.21 1 1.72625
128.21 2 0.079729
128.31 1 1.72634
128.31 2 0.0796842
128.41 1 1.72595
128.41 2 0.0796579
128.51 1 1.72634
128.51 2 0.0797347
128.61 1 1.72561
128.61 2 0.0796805
128.71 1 1.72641
128.71 2 0.0797334
128.81 1 1.7266
128.81 2 0.0797929
128.91 1 1.72534
128.91 2 0.0797345
129.01 1 1.7246
129.01 2 0.0796862
129.11 1 1.72508
129.11 2 0.0797728
129.21 1 1.72412
129.21 2 0.0797241
129.31 1 1.72316
129.31 2 0.0797218
129.41 1 1.72316
129.41 2 0.0797218
129.51 1 1.72056
129.51 2 0.0797218
129.61 1 1.72056
129.61 2 0.0797218
129.71 1 1.72056
129.71 2 0.0797218
129.81 1 1.72056
129.81 2 0.0797218
129.91 1 1.71532
129.91 2 0.0797218
130.01 1 1.71532
130.01 2 0.0797218
130.11 1 1.71532
130.11 2 0.0797218
130.21 1 1.71532
130.21 2 0.0797218
130.31 1 1.71532
130.31 2 0.0797218
130.41 1 1.71532
130.41 2 0.0797218
130.51 1 1.71532
130.51 2 0.0797218
130.61 1 1.71532
130.61 2 0.0797218
130.71 1 1.70487
130.71 2 0.0797218
130.81 1 1.70487
130.81 2 0.0797218
130.91 1 1.70487
130.91 2 0.0797218
131.01 1 1.70487
131.01 2 0.0797218
131.11 1 1.70487
131.11 2 0.0797218
131.21 1 1.70487
131.21 2 0.0797218
131.31 1 1.70487
131.31 2 0.0797218
131.41 1 1.70487
131.41 2 0.0797218
131.51 1 1.70487
131.51 2 0.0797218
131.61 1 1.70487
131.61 2 0.0797218
131.71 1 1.70487
131.71 2 0.0797218
131.81 1 1.70487
131.81 2 0.0797218
131.91 1 1.70487
131.91 2 0.0797218
132.01 1 1.70487
132.01 2 0.0797218
132.11 1 1.70487
132.11 2 0.0797218
132.21 1 1.70487
132.21 2 0.0797218
132.31 1 1.6843
132.31 2 0.0797218
132.41 1 1.6843
132.41 2 0.0797218
132.51 1 1.6843
132.51 2 0.0797218
132.61 1 1.6843
132.61 2 0.0797218
132.71 1 1.6843
132.71 2 0.0797218
132.81 1 1.6843
132.81 2 0.0797218
132.91 1 1.6843
132.91 2 0.0797218
133.01 1 1.6843
133.01 2 0.0797218
133.11 1 1.6843
133.11 2 0.0797218
133.21 1 1.6843
133.21 2 0.0797218
133.31 1 1.6843
133.31 2 0.0797218
133.41 1 1.6843
133.41 2 0.0797218
133.51 1 1.6843
133.51 2 0.0797218
133.61 1 1.6843
133.61 2 0.0797218
133.71 1 1.6843
133.71 2 0.0797218
133.81 1 1.6843
133.81 2 0.0797218
133.91 1 1.6843
133.91 2 0.0797218
134.01 1 1.6843
134.01 2 0.0797218
134.11 1 1.6843
134.11 2 0.0797218
134.21 1 1.6843
134.21 2 0.0797218
134.31 1 1.6843
134.31 2 0.0797218
134.41 1 1.6843
134.41 2 0.0797218
134.51 1 1.6843
134.51 2 0.0797218
134.61 1 1.6843
134.61 2 0.0797218
134.71 1 1.6843
134.71 2 0.0797218
134.81 1 1.6843
134.81 2 0.0797218
134.91 1 1.6843
134.91 2 0.0797218
135.01 1 1.6843
135.01 2 0.0797218
135.11 1 1.6843
135.11 2 0.0797218
135.21 1 1.6843
135.21 2 0.0797218
135.31 1 1.6843
135.31 2 0.0797218
135.41 1 1.6843
135.41 2 0.0797218
135.51 1 1.64456
135.51 2 0.0797218
135.61 1 1.64456
135.61 2 0.0797218
135.71 1 1.64456
135.71 2 0.0797218
135.81 1 1.64456
135.81 2 0.0797218
135.91 1 1.64456
135.91 2 0.0797218
136.01 1 1.64456
136.01 2 0.0797218
136.11 1 1.64456
136.11 2 0.0797218
136.21 1 1.64456
136.21 2 0.0797218
136.31 1 1.64456
136.31 2 0.0797218
136.41 1 1.64456
136.41 2 0.0797218
136.51 1 1.64456
136.51 2 0.0797218
136.61 1 1.64456
136.61 2 0.0797218
136.71 1 1.64456
136.71 2 0.0797218
136.81 1 1.64456
136.81 2 0.0797218
136.91 1 1.64456
136.91 2 0.0797218
137.01 1 1.64456
137.01 2 0.0797218
137.11 1 1.64456
137.11 2 0.0797218
137.21 1 1.64456
137.21 2 0.0797218
137.31 1 1.64456
137.31 2 0.0797218
137.41 1 1.64456
137.41 2 0.0797218
137.51 1 1.64456
137.51 2 0.0797218
137.61 1 1.64456
137.61 2 0.0797218
137.71 1 1.64456
137.71 2 0.0797218
137.81 1 1.64456
137.81 2 0.0797218
137.91 1 1.64456
137.91 2 0.0797218
138.01 1 1.64456
138.01 2 0.0797218
138.11 1 1.64456
138.11 2 0.0797218
138.21 1 1.64456
138.21 2 0.0797218
138.31 1 1.64456
138.31 2 0.0797218
138.41 1 1.64456
138.41 2 0.0797218
138.51 1 1.64456
138.51 2 0.0797218
138.61 1 1.64456
138.61 2 0.0797218
138.71 1 1.64456
138.71 2 0.0797218
138.81 1 1.64456
138.81 2 0.0797218
138.91 1 1.64456
138.91 2 0.0797218
139.01 1 1.64456
139.01 2 0.0797218
139.11 1 1.64456
139.11 2 0.0797218
139.21 1 1.64456
139.21 2 0.0797218
139.31 1 1.64456
139.31 2 0.0797218
139.41 1 1.64456
139.41 2 0.0797218
139.51 1 1.64456
139.51 2 0.0797218
139.61 1 1.64456
139.61 2 0.0797218
139.71 1 1.64456
139.71 2 0.0797218
139.81 1 1.64456
139.81 2 0.0797218
139.91 1 1.64456
139.91 2 0.0797218
140.01 1 1.64456
140.01 2 0.0797218
140.11 1 1.64456
140.11 2 0.0797218
140.21 1 1.64456
140.21 2 0.0797218
140.31 1 1.64456
140.31 2 0.0797218
140.41 1 1.64456
140.41 2 0.0797218
140.51 1 1.64456
140.51 2 0.0797218
140.61 1 1.64456
140.61 2 0.0797218
140.71 1 1.64456
140.71 2 0.0797218
140.81 1 1.64456
140.81 2 0.0797218
140.91 1 1.64456
140.91 2 0.0797218
141.01 1 1.64456
141.01 2 0.0797218
141.11 1 1.64456
141.11 2 0.0797218
141.21 1 1.64456
141.21 2 0.0797218
141.31 1 1.64456
141.31 2 0.0797218
141.41 1 1.64456
141.41 2 0.0797218
141.51 1 1.64456
141.51 2 0.0797218
141.61 1 1.64456
141.61 2 0.0797218
141.71 1 1.64456
141.71 2 0.0797218
141.81 1 1.64456
141.81 2 0.0797218
141.91 1 1.57041
141.91 2 0.0797218
142.01 1 1.57041
142.01 2 0.0797218
142.11 1 1.57041
142.11 2 0.0797218
142.21 1 1.57041
142.21 2 0.0797218
142.31 1 1.57041
142.31 2 0.0797218
142.41 1 1.57041
142.41 2 0.0797218
142.51 1 1.57041
142.51 2 0.0797218
142.61 1 1.57041
142.61 2 0.0797218
142.71 1 1.57041
142.71 2 0.0797218
142.81 1 1.57041
142.81 2 0.0797218
142.91 1 1.57041
142.91 2 0.0797218
143.01 1 1.57041
143.01 2 0.0797218
143.11 1 1.57041
143.11 2 0.0797218
143.21 1 1.57041
143.21 2 0.0797218
143.31 1 1.57041
143.31 2 0.0797218
143.41 1 1.57041
143.41 2 0.0797218
143.51 1 1.57041
143.51 2 0.0797218
143.61 1 1.57041
143.61 2 0.0797218
143.71 1 1.57041
143.71 2 0.0797218
143.81 1 1.57041
143.81 2 0.0797218
143.91 1 1.57041
143.91 2 0.0797218
144.01 1 1.57041
144.01 2 0.0797218
144.11 1 1.57041
144.11 2 0.0797218
144.21 1 1.57041
144.21 2 0.0797218
144.31 1 1.57041
144.31 2 0.0797218
144.41 1 1.57041
144.41 2 0.0797218
144.51 1 1.57041
144.51 2 0.0797218
144.61 1 1.57041
144.61 2 0.0797218
144.71 1 1.57041
144.71 2 0.0797218
144.81 1 1.57041
144.81 2 0.0797218
144.91 1 1.57041
144.91 2 0.0797218
145.01 1 1.57041
145.01 2 0.0797218
145.11 1 1.57041
145.11 2 0.0797218
145.21 1 1.57041
145.21 2 0.0797218
145.31 1 1.57041
145.31 2 0.0797218
145.41 1 1.57041
145.41 2 0.0797218
145.51 1 1.57041
145.51 2 0.0797218
145.61 1 1.57041
145.61 2 0.0797218
145.71 1 1.57041
145.71 2 0.0797218
145.81 1 1.57041
145.81 2 0.0797218
145.91 1 1.57041
145.91 2 0.0797218
146.01 1 1.57041
146.01 2 0.0797218
146.11 1 1.57041
146.11 2 0.0797218
146.21 1 1.57041
146.21 2 0.0797218
146.31 1 1.57041
146.31 2 0.0797218
146.41 1 1.57041
146.41 2 0.0797218
146.51 1 1.57041
146.51 2 0.0797218
146.61 1 1.57041
146.61 2 0.0797218
146.71 1 1.57041
146.71 2 0.0797218
146.81 1 1.57041
146.81 2 0.0797218
146.91 1 1.57041
146.91 2 0.0797218
147.01 1 1.57041
147.01 2 0.0797218
147.11 1 1.57041
147.11 2 0.0797218
147.21 1 1.57041
147.21 2 0.0797218
147.31 1 1.57041
147.31 2 0.0797218
147.41 1 1.57041
147.41 2 0.0797218
147.51 1 1.57041
147.51 2 0.0797218
147.61 1 1.57041
147.61 2 0.0797218
147.71 1 1.57041
147.71 2 0.0797218
147.81 1 1.57041
147.81 2 0.0797218
147.91 1 1.57041
147.91 2 0.0797218
148.01 1 1.57041
148.01 2 0.0797218
148.11 1 1.57041
148.11 2 0.0797218
148.21 1 1.57041
148.21 2 0.0797218
148.31 1 1.57041
148.31 2 0.0797218
148.41 1 1.57041
148.41 2 0.0797218
148.51 1 1.57041
148.51 2 0.0797218
148.61 1 1.57041
148.61 2 0.0797218
148.71 1 1.57041
148.71 2 0.0797218
148.81 1 1.57041
148.81 2 0.0797218
148.91 1 1.57041
148.91 2 0.0797218
149.01 1 1.57041
149.01 2 0.0797218
149.11 1 1.57041
149.11 2 0.0797218
149.21 1 1.57041
149.21 2 0.0797218
149.31 1 1.57041
149.31 2 0.0797218
149.41 1 1.57041
149.41 2 0.0797218
149.51 1 1.57041
149.51 2 0.0797218
149.61 1 1.57041
149.61 2 0.0797218
149.71 1 1.57041
149.71 2 0.0797218
149.81 1 1.57041
149.81 2 0.0797218
149.91 1 1.57041
149.91 2 0.0797218
150.01 1 1.57041
150.01 2 0.0797218
150.11 1 1.57041
150.11 2 0.0797218
150.21 1 1.57041
150.21 2 0.0797218
150.31 1 1.57041
150.31 2 0.0797218
150.41 1 1.57041
150.41 2 0.0797218
150.51 1 1.57041
150.51 2 0.0797218
150.61 1 1.57041
150.61 2 0.0797218
150.71 1 1.57041
150.71 2 0.0797218
150.81 1 1.57041
150.81 2 0.0797218
150.91 1 1.57041
150.91 2 0.0797218
151.01 1 1.57041
151.01 2 0.0797218
151.11 1 1.57041
151.11 2 0.0797218
151.21 1 1.57041
151.21 2 0.0797218
151.31 1 1.57041
151.31 2 0.0797218
151.41 1 1.57041
151.41 2 0.0797218
151.51 1 1.57041
151.51 2 0.0797218
151.61 1 1.57041
151.61 2 0.0797218
151.71 1 1.57041
151.71 2 0.0797218
151.81 1 1.57041
151.81 2 0.0797218
151.91 1 1.57041
151.91 2 0.0797218
152.01 1 1.57041
152.01 2 0.0797218
152.11 1 1.57041
152.11 2 0.0797218
152.21 1 1.57041
152.21 2 0.0797218
152.31 1 1.57041
152.31 2 0.0797218
152.41 1 1.57041
152.41 2 0.0797218
152.51 1 1.57041
152.51 2 0.0797218
152.61 1 1.57041
152.61 2 0.0797218
152.71 1 1.57041
152.71 2 0.0797218
152.81 1 1.57041
152.81 2 0.0797218
152.91 1 1.57041
152.91 2 0.0797218
153.01 1 1.57041
153.01 2 0.0797218
153.11 1 1.57041
153.11 2 0.0797218
153.21 1 1.57041
153.21 2 0.0797218
153.31 1 1.57041
153.31 2 0.0797218
153.41 1 1.57041
153.41 2 0.0797218
153.51 1 1.57041
153.51 2 0.0797218
153.61 1 1.57041
153.61 2 0.0797218
153.71 1 1.57041
153.71 2 0.0797218
153.81 1 1.57041
153.81 2 0.0797218
153.91 1 1.57041
153.91 2 0.0797218
154.01 1 1.57041
154.01 2 0.0797218
154.11 1 1.57041
154.11 2 0.0797218
154.21 1 1.57041
154.21 2 0.0797218
154.31 1 1.57041
154.31 2 0.0797218
154.41 1 1.57041
154.41 2 0.0797218
154.51 1 1.57041
154.51 2 0.0797218
154.61 1 1.57041
154.61 2 0.0797218
154.71 1 1.57041
154.71 2 0.0797218
154.81 1 1.57041
154.81 2 0.0797218
154.91 1 1.57041
154.91 2 0.0797218
155.01 1 1.57041
155.01 2 0.0797218
155.11 1 1.57041
155.11 2 0.0797218
155.21 1 1.57041
155.21 2 0.0797218
155.31 1 1.57041
155.31 2 0.0797218
155.41 1 1.57041
155.41 2 0.0797218
155.51 1 1.57041
155.51 2 0.0797218
155.61 1 1.57041
155.61 2 0.0797218
155.71 1 1.57041
155.71 2 0.0797218
155.81 1 1.57041
155.81 2 0.0797218
155.91 1 1.57041
155.91 2 0.0797218
156.01 1 1.57041
156.01 2 0.0797218
156.11 1 1.57041
156.11 2 0.0797218
156.21 1 1.57041
156.21 2 0.0797218
156.31 1 1.57041
156.31 2 0.0797218
156.41 1 1.57041
156.41 2 0.0797218
156.51 1 1.57041
156.51 2 0.0797218
156.61 1 1.57041
156.61 2 0.0797218
156.71 1 1.57041
156.71 2 0.0797218
156.81 1 1.57041
156.81 2 0.0797218
156.91 1 1.57041
156.91 2 0.0797218
157.01 1 1.57041
157.01 2 0.0797218
157.11 1 1.57041
157.11 2 0.0797218
157.21 1 1.57041
157.21 2 0.0797218
157.31 1 1.57041
157.31 2 0.0797218
157.41 1 1.57041
157.41 2 0.0797218
157.51 1 1.57041
157.51 2 0.0797218
157.61 1 1.57041
157.61 2 0.0797218
157.71 1 1.57041
157.71 2 0.0797218
157.81 1 1.57041
157.81 2 0.0797218
157.91 1 1.57041
157.91 2 0.0797218
158.01 1 1.57041
158.01 2 0.0797218
158.11 1 1.57041
158.11 2 0.0797218
158.21 1 1.57041
158.21 2 0.0797218
158.31 1 1.57041
158.31 2 0.0797218
158.41 1 1.57041
158.41 2 0.0797218
158.51 1 1.57041
158.51 2 0.0797218
158.61 1 1.57041
158.61 2 0.0797218
158.71 1 1.57041
158.71 2 0.0797218
158.81 1 1.57041
158.81 2 0.0797218
158.91 1 1.57041
158.91 2 0.0797218
159.01 1 1.57041
159.01 2 0.0797218
159.11 1 1.57041
159.11 2 0.0797218
159.21 1 1.57041
159.21 2 0.0797218
159.31 1 1.57041
159.31 2 0.0797218
159.41 1 1.57041
159.41 2 0.0797218
159.51 1 1.57041
159.51 2 0.0797218
159.61 1 1.57041
159.61 2 0.0797218
159.71 1 1.57041
159.71 2 0.0797218
159.81 1 1.57041
159.81 2 0.0797218
159.91 1 1.57041
159.91 2 0.0797218
160.01 1 1.57041
160.01 2 0.0797218
160.11 1 1.57041
160.11 2 0.0797218
160.21 1 1.57041
160.21 2 0.0797218
160.31 1 1.57041
160.31 2 0.0797218
160.41 1 1.57041
160.41 2 0.0797218
160.51 1 1.57041
160.51 2 0.0797218
160.61 1 1.57041
160.61 2 0.0797218
160.71 1 1.57041
160.71 2 0.0797218
160.81 1 1.57041
160.81 2 0.0797218
160.91 1 1.57041
160.91 2 0.0797218
161.01 1 1.57041
161.01 2 0.0797218
161.11 1 1.57041
161.11 2 0.0797218
161.21 1 1.57041
161.21 2 0.0797218
161.31 1 1.57041
161.31 2 0.0797218
161.41 1 1.57041
161.41 2 0.0797218
161.51 1 1.57041
161.51 2 0.0797218
161.61 1 1.57041
161.61 2 0.0797218
161.71 1 1.57041
161.71 2 0.0797218
161.81 1 1.57041
161.81 2 0.0797218
161.91 1 1.57041
161.91 2 0.0797218
162.01 1 1.57041
162.01 2 0.0797218
162.11 1 1.57041
162.11 2 0.0797218
162.21 1 1.57041
162.21 2 0.0797218
162.31 1 1.57041
162.31 2 0.0797218
162.41 1 1.57041
162.41 2 0.0797218
162.51 1 1.57041
162.51 2 0.0797218
162.61 1 1.57041
162.61 2 0.0797218
162.71 1 1.57041
162.71 2 0.0797218
162.81 1 1.57041
162.81 2 0.0797218
162.91 1 1.57041
162.91 2 0.0797218
163.01 1 1.57041
163.01 2 0.0797218
163.11 1 1.57041
163.11 2 0.0797218
163.21 1 1.57041
163.21 2 0.0797218
163.31 1 1.57041
163.31 2 0.0797218
163.41 1 1.57041
163.41 2 0.0797218
163.51 1 1.57041
163.51 2 0.0797218
163.61 1 1.57041
163.61 2 0.0797218
163.71 1 1.57041
163.71 2 0.0797218
163.81 1 1.57041
163.81 2 0.0797218
163.91 1 1.57041
163.91 2 0.0797218
164.01 1 1.57041
164.01 2 0.0797218
164.11 1 1.57041
164.11 2 0.0797218
164.21 1 1.57041
164.21 2 0.0797218
164.31 1 1.57041
164.31 2 0.0797218
164.41 1 1.57041
164.41 2 0.0797218
164.51 1 1.57041
164.51 2 0.0797218
164.61 1 1.57041
164.61 2 0.0797218
164.71 1 1.57041
164.71 2 0.0797218
164.81 1 1.57041
164.81 2 0.0797218
164.91 1 1.57041
164.91 2 0.0797218
165.01 1 1.57041
165.01 2 0.0797218
165.11 1 1.57041
165.11 2 0.0797218
165.21 1 1.57041
165.21 2 0.0797218
165.31 1 1.57041
165.31 2 0.0797218
165.41 1 1.57041
165.41 2 0.0797218
165.51 1 1.57041
165.51 2 0.0797218
165.61 1 1.57041
165.61 2 0.0797218
165.71 1 1.57041
165.71 2 0.0797218
165.81 1 1.57041
165.81 2 0.0797218
165.91 1 1.57041
165.91 2 0.0797218
166.01 1 1.57041
166.01 2 0.0797218
166.11 1 1.57041
166.11 2 0.0797218
166.21 1 1.57041
166.21 2 0.0797218
166.31 1 1.57041
166.31 2 0.0797218
166.41 1 1.57041
166.41 2 0.0797218
166.51 1 1.57041
166.51 2 0.0797218
166.61 1 1.57041
166.61 2 0.0797218
166.71 1 1.57041
166.71 2 0.0797218
166.81 1 1.57041
166.81 2 0.0797218
166.91 1 1.57041
166.91 2 0.0797218
167.01 1 1.57041
167.01 2 0.0797218
167.11 1 1.57041
167.11 2 0.0797218
167.21 1 1.57041
167.21 2 0.0797218
167.31 1 1.57041
167.31 2 0.0797218
167.41 1 1.57041
167.41 2 0.0797218
167.51 1 1.57041
167.51 2 0.0797218
167.61 1 1.57041
167.61 2 0.0797218
167.71 1 1.57041
167.71 2 0.0797218
167.81 1 1.57041
167.81 2 0.0797218
167.91 1 1.57041
167.91 2 0.0797218
168.01 1 1.57041
168.01 2 0.0797218
168.11 1 1.57041
168.11 2 0.0797218
168.21 1 1.57041
168.21 2 0.0797218
168.31 1 1.57041
168.31 2 0.0797218
168.41 1 1.57041
168.41 2 0.0797218
168.51 1 1.57041
168.51 2 0.0797218
168.61 1 1.57041
168.61 2 0.0797218
168.71 1 1.57041
168.71 2 0.0797218
168.81 1 1.57041
168.81 2 0.0797218
168.91 1 1.57041
168.91 2 0.0797218
169.01 1 1.57041
169.01 2 0.0797218
169.11 1 1.57041
169.11 2 0.0797218
169.21 1 1.57041
169.21 2 0.0797218
169.31 1 1.57041
169.31 2 0.0797218
169.41 1 1.57041
169.41 2 0.0797218
169.51 1 1.57041
169.51 2 0.0797218
169.61 1 1.57041
169.61 2 0.0797218
169.71 1 1.57041
169.71 2 0.0797218
169.81 1 1.57041
169.81 2 0.0797218
169.91 1 1.57041
169.91 2 0.0797218
170.01 1 1.57041
170.01 2 0.0797218
170.11 1 1.57041
170.11 2 0.0797218
170.21 1 1.57041
170.21 2 0.0797218
170.31 1 1.57041
170.31 2 0.0797218
170.41 1 1.57041
170.41 2 0.0797218
170.51 1 1.57041
170.51 2 0.0797218
170.61 1 1.57041
170.61 2 0.0797218
170.71 1 1.57041
170.71 2 0.0797218
170.81 1 1.57041
170.81 2 0.0797218
170.91 1 1.57041
170.91 2 0.0797218
171.01 1 1.57041
171.01 2 0.0797218
171.11 1 1.57041
171.11 2 0.0797218
171.21 1 1.57041
171.21 2 0.0797218
171.31 1 1.57041
171.31 2 0.0797218
171.41 1 1.57041
171.41 2 0.0797218
171.51 1 1.57041
171.51 2 0.0797218
171.61 1 1.57041
171.61 2 0.0797218
171.71 1 1.57041
171.71 2 0.0797218
171.81 1 1.57041
171.81 2 0.0797218
171.91 1 1.57041
171.91 2 0.0797218
172.01 1 1.57041
172.01 2 0.0797218
172.11 1 1.57041
172.11 2 0.0797218
172.21 1 1.57041
172.21 2 0.0797218
172.31 1 1.57041
172.31 2 0.0797218
172.41 1 1.57041
172.41 2 0.0797218
172.51 1 1.57041
172.51 2 0.0797218
172.61 1 1.57041
172.61 2 0.0797218
172.71 1 1.57041
172.71 2 0.0797218
172.81 1 1.57041
172.81 2 0.0797218
172.91 1 1.57041
172.91 2 0.0797218
173.01 1 1.57041
173.01 2 0.0797218
173.11 1 1.57041
173.11 2 0.0797218
173.21 1 1.57041
173.21 2 0.0797218
173.31 1 1.57041
173.31 2 0.0797218
173.41 1 1.57041
173.41 2 0.0797218
173.51 1 1.57041
173.51 2 0.0797218
173.61 1 1.57041
173.61 2 0.0797218
173.71 1 1.57041
173.71 2 0.0797218
173.81 1 1.57041
173.81 2 0.0797218
173.91 1 1.57041
173.91 2 0.0797218
174.01 1 1.57041
174.01 2 0.0797218
174.11 1 1.57041
174.11 2 0.0797218
174.21 1 1.57041
174.21 2 0.0797218
174.31 1 1.57041
174.31 2 0.0797218
174.41 1 1.57041
174.41 2 0.0797218
174.51 1 1.57041
174.51 2 0.0797218
174.61 1 1.57041
174.61 2 0.0797218
174.71 1 1.57041
174.71 2 0.0797218
174.81 1 1.57041
174.81 2 0.0797218
174.91 1 1.57041
174.91 2 0.0797218
175.01 1 1.57041
175.01 2 0.0797218
175.11 1 1.57041
175.11 2 0.0797218
175.21 1 1.57041
175.21 2 0.0797218
175.31 1 1.57041
175.31 2 0.0797218
175.41 1 1.57041
175.41 2 0.0797218
175.51 1 1.57041
175.51 2 0.0797218
175.61 1 1.57041
175.61 2 0.0797218
175.71 1 1.57041
175.71 2 0.0797218
175.81 1 1.57041
175.81 2 0.0797218
175.91 1 1.57041
175.91 2 0.0797218
176.01 1 1.57041
176.01 2 0.0797218
176.11 1 1.57041
176.11 2 0.0797218
176.21 1 1.57041
176.21 2 0.0797218
176.31 1 1.57041
176.31 2 0.0797218
176.41 1 1.57041
176.41 2 0.0797218
176.51 1 1.57041
176.51 2 0.0797218
176.61 1 1.57041
176.61 2 0.0797218
176.71 1 1.57041
176.71 2 0.0797218
176.81 1 1.57041
176.81 2 0.0797218
176.91 1 1.57041
176.91 2 0.0797218
177.01 1 1.57041
177.01 2 0.0797218
177.11 1 1.57041
177.11 2 0.0797218
177.21 1 1.57041
177.21 2 0.0797218
177.31 1 1.57041
177.31 2 0.0797218
177.41 1 1.57041
177.41 2 0.0797218
177.51 1 1.57041
177.51 2 0.0797218
177.61 1 1.57041
177.61 2 0.0797218
177.71 1 1.57041
177.71 2 0.0797218
177.81 1 1.57041
177.81 2 0.0797218
177.91 1 1.57041
177.91 2 0.0797218
178.01 1 1.57041
178.01 2 0.0797218
178.11 1 1.57041
178.11 2 0.0797218
178.21 1 1.57041
178.21 2 0.0797218
178.31 1 1.57041
178.31 2 0.0797218
178.41 1 1.57041
178.41 2 0.0797218
178.51 1 1.57041
178.51 2 0.0797218
178.61 1 1.57041
178.61 2 0.0797218
178.71 1 1.57041
178.71 2 0.0797218
178.81 1 1.57041
178.81 2 0.0797218
178.91 1 1.57041
178.91 2 0.0797218
179.01 1 1.57041
179.01 2 0.0797218
179.11 1 1.57041
179.11 2 0.0797218
179.21 1 1.57041
179.21 2 0.0797218
179.31 1 1.57041
179.31 2 0.0797218
179.41 1 1.57041
179.41 2 0.0797218
179.51 1 1.57041
179.51 2 0.0797218
179.61 1 1.57041
179.61 2 0.0797218
179.71 1 1.57041
179.71 2 0.0797218
179.81 1 1.57041
179.81 2 0.0797218
179.91 1 1.57041
179.91 2 0.0797218
180.01 1 1.57041
180.01 2 0.0797218
180.11 1 1.57041
180.11 2 0.0797218
180.21 1 1.57041
180.21 2 0.0797218
180.31 1 1.57041
180.31 2 0.0797218
180.41 1 1.57041
180.41 2 0.0797218
180.51 1 1.57041
180.51 2 0.0797218
180.61 1 1.57041
180.61 2 0.0797218
180.71 1 1.57041
180.71 2 0.0797218
180.81 1 1.57041
180.81 2 0.0797218
180.91 1 1.57041
180.91 2 0.0797218
181.01 1 1.57041
181.01 2 0.0797218
181.11 1 1.57041
181.11 2 0.0797218
181.21 1 1.57041
181.21 2 0.0797218
181.31 1 1.57041
181.31 2 0.0797218
181.41 1 1.57041
181.41 2 0.0797218
181.51 1 1.57041
181.51 2 0.0797218
181.61 1 1.57041
181.61 2 0.0797218
181.71 1 1.57041
181.71 2 0.0797218
181.81 1 1.57041
181.81 2 0.0797218
181.91 1 1.57041
181.91 2 0.0797218
182.01 1 1.57041
182.01 2 0.0797218
182.11 1 1.57041
182.11 2 0.0797218
182.21 1 1.57041
182.21 2 0.0797218
182.31 1 1.57041
182.31 2 0.0797218
182.41 1 1.57041
182.41 2 0.0797218
182.51 1 1.57041
182.51 2 0.0797218
182.61 1 1.57041
182.61 2 0.0797218
182.71 1 1.57041
182.71 2 0.0797218
182.81 1 1.57041
182.81 2 0.0797218
182.91 1 1.57041
182.91 2 0.0797218
183.01 1 1.57041
183.01 2 0.0797218
183.11 1 1.57041
183.11 2 0.0797218
183.21 1 1.57041
183.21 2 0.0797218
183.31 1 1.57041
183.31 2 0.0797218
183.41 1 1.57041
183.41 2 0.0797218
183.51 1 1.57041
183.51 2 0.0797218
183.61 1 1.57041
183.61 2 0.0797218
183.71 1 1.57041
183.71 2 0.0797218
183.81 1 1.57041
183.81 2 0.0797218
183.91 1 1.57041
183.91 2 0.0797218
184.01 1 1.57041
184.01 2 0.0797218
184.11 1 1.57041
184.11 2 0.0797218
184.21 1 1.57041
184.21 2 0.0797218
184.31 1 1.57041
184.31 2 0.0797218
184.41 1 1.57041
184.41 2 0.0797218
184.51 1 1.57041
184.51 2 0.0797218
184.61 1 1.57041
184.61 2 0.0797218
184.71 1 1.57041
184.71 2 0.0797218
184.81 1 1.57041
184.81 2 0.0797218
184.91 1 1.57041
184.91 2 0.0797218
185.01 1 1.57041
185.01 2 0.0797218
185.11 1 1.57041
185.11 2 0.0797218
185.21 1 1.57041
185.21 2 0.0797218
185.31 1 1.57041
185.31 2 0.0797218
185.41 1 1.57041
185.41 2 0.0797218
185.51 1 1.57041
185.51 2 0.0797218
185.61 1 1.57041
185.61 2 0.0797218
185.71 1 1.57041
185.71 2 0.0797218
185.81 1 1.57041
185.81 2 0.0797218
185.91 1 1.57041
185.91 2 0.0797218
186.01 1 1.57041
186.01 2 0.0797218
186.11 1 1.57041
186.11 2 0.0797218
186.21 1 1.57041
186.21 2 0.0797218
186.31 1 1.57041
186.31 2 0.0797218
186.41 1 1.57041
186.41 2 0.0797218
186.51 1 1.57041
186.51 2 0.0797218
186.61 1 1.57041
186.61 2 0.0797218
186.71 1 1.57041
186.71 2 0.0797218
186.81 1 1.57041
186.81 2 0.0797218
186.91 1 1.57041
186.91 2 0.0797218
187.01 1 1.57041
187.01 2 0.0797218
187.11 1 1.57041
187.11 2 0.0797218
187.21 1 1.57041
187.21 2 0.0797218
187.31 1 1.57041
187.31 2 0.0797218
187.41 1 1.57041
187.41 2 0.0797218
187.51 1 1.57041
187.51 2 0.0797218
187.61 1 1.57041
187.61 2 0.0797218
187.71 1 1.57041
187.71 2 0.0797218
187.81 1 1.57041
187.81 2 0.0797218
187.91 1 1.57041
187.91 2 0.0797218
188.01 1 1.57041
188.01 2 0.0797218
188.11 1 1.57041
188.11 2 0.0797218
188.21 1 1.57041
188.21 2 0.0797218
188.31 1 1.57041
188.31 2 0.0797218
188.41 1 1.57041
188.41 2 0.0797218
188.51 1 1.57041
188.51 2 0.0797218
188.61 1 1.57041
188.61 2 0.0797218
188.71 1 1.57041
188.71 2 0.0797218
188.81 1 1.57041
188.81 2 0.0797218
188.91 1 1.57041
188.91 2 0.0797218
189.01 1 1.57041
189.01 2 0.0797218
189.11 1 1.57041
189.11 2 0.0797218
189.21 1 1.57041
189.21 2 0.0797218
189.31 1 1.57041
189.31 2 0.0797218
189.41 1 1.57041
189.41 2 0.0797218
189.51 1 1.57041
189.51 2 0.0797218
189.61 1 1.57041
189.61 2 0.0797218
189.71 1 1.57041
189.71 2 0.0797218
189.81 1 1.57041
189.81 2 0.0797218
189.91 1 1.57041
189.91 2 0.0797218
190.01 1 1.57041
190.01 2 0.0797218
190.11 1 1.57041
190.11 2 0.0797218
190.21 1 1.57041
190.21 2 0.0797218
190.31 1 1.57041
190.31 2 0.0797218
190.41 1 1.57041
190.41 2 0.0797218
190.51 1 1.57041
190.51 2 0.0797218
190.61 1 1.57041
190.61 2 0.0797218
190.71 1 1.57041
190.71 2 0.0797218
190.81 1 1.57041
190.81 2 0.0797218
190.91 1 1.57041
190.91 2 0.0797218
191.01 1 1.57041
191.01 2 0.0797218
191.11 1 1.57041
191.11 2 0.0797218
191.21 1 1.57041
191.21 2 0.0797218
191.31 1 1.57041
191.31 2 0.0797218
191.41 1 1.57041
191.41 2 0.0797218
191.51 1 1.57041
191.51 2 0.0797218
191.61 1 1.57041
191.61 2 0.0797218
191.71 1 1.57041
191.71 2 0.0797218
191.81 1 1.57041
191.81 2 0.0797218
191.91 1 1.57041
191.91 2 0.0797218
192.01 1 1.57041
192.01 2 0.0797218
192.11 1 1.57041
192.11 2 0.0797218
192.21 1 1.57041
192.21 2 0.0797218
192.31 1 1.57041
192.31 2 0.0797218
192.41 1 1.57041
192.41 2 0.0797218
192.51 1 1.57041
192.51 2 0.0797218
192.61 1 1.57041
192.61 2 0.0797218
192.71 1 1.57041
192.71 2 0.0797218
192.81 1 1.57041
192.81 2 0.0797218
192.91 1 1.57041
192.91 2 0.0797218
193.01 1 1.57041
193.01 2 0.0797218
193.11 1 1.57041
193.11 2 0.0797218
193.21 1 1.57041
193.21 2 0.0797218
193.31 1 1.57041
193.31 2 0.0797218
193.41 1 1.57041
193.41 2 0.0797218
193.51 1 1.57041
193.51 2 0.0797218
193.61 1 1.57041
193.61 2 0.0797218
193.71 1 1.57041
193.71 2 0.0797218
193.81 1 1.57041
193.81 2 0.0797218
193.91 1 1.57041
193.91 2 0.0797218
194.01 1 1.57041
194.01 2 0.0797218
194.11 1 1.57041
194.11 2 0.0797218
194.21 1 1.57041
194.21 2 0.0797218
194.31 1 1.57041
194.31 2 0.0797218
194.41 1 1.57041
194.41 2 0.0797218
194.51 1 1.57041
194.51 2 0.0797218
194.61 1 1.57041
194.61 2 0.0797218
194.71 1 1.57041
194.71 2 0.0797218
194.81 1 1.57041
194.81 2 0.0797218
194.91 1 1.57041
194.91 2 0.0797218
195.01 1 1.57041
195.01 2 0.0797218
195.11 1 1.57041
195.11 2 0.0797218
195.21 1 1.57041
195.21 2 0.0797218
195.31 1 1.57041
195.31 2 0.0797218
195.41 1 1.57041
195.41 2 0.0797218
195.51 1 1.57041
195.51 2 0.0797218
195.61 1 1.57041
195.61 2 0.0797218
195.71 1 1.57041
195.71 2 0.0797218
195.81 1 1.57041
195.81 2 0.0797218
195.91 1 1.57041
195.91 2 0.0797218
196.01 1 1.57041
196.01 2 0.0797218
196.11 1 1.57041
196.11 2 0.0797218
196.21 1 1.57041
196.21 2 0.0797218
196.31 1 1.57041
196.31 2 0.0797218
196.41 1 1.57041
196.41 2 0.0797218
196.51 1 1.57041
196.51 2 0.0797218
196.61 1 1.57041
196.61 2 0.0797218
196.71 1 1.57041
196.71 2 0.0797218
196.81 1 1.57041
196.81 2 0.0797218
196.91 1 1.57041
196.91 2 0.0797218
197.01 1 1.57041
197.01 2 0.0797218
197.11 1 1.57041
197.11 2 0.0797218
197.21 1 1.57041
197.21 2 0.0797218
197.31 1 1.57041
197.31 2 0.0797218
197.41 1 1.57041
197.41 2 0.0797218
197.51 1 1.57041
197.51 2 0.0797218
197.61 1 1.57041
197.61 2 0.0797218
197.71 1 1.57041
197.71 2 0.0797218
197.81 1 1.57041
197.81 2 0.0797218
197.91 1 1.57041
197.91 2 0.0797218
198.01 1 1.57041
198.01 2 0.0797218
198.11 1 1.57041
198.11 2 0.0797218
198.21 1 1.57041
198.21 2 0.0797218
198.31 1 1.57041
198.31 2 0.0797218
198.41 1 1.57041
198.41 2 0.0797218
198.51 1 1.57041
198.51 2 0.0797218
198.61 1 1.57041
198.61 2 0.0797218
198.71 1 1.57041
198.71 2 0.0797218
198.81 1 1.57041
198.81 2 0.0797218
198.91 1 1.57041
198.91 2 0.0797218
199.01 1 1.57041
199.01 2 0.0797218
199.11 1 1.57041
199.11 2 0.0797218
199.21 1 1.57041
199.21 2 0.0797218
199.31 1 1.57041
199.31 2 0.0797218
199.41 1 1.57041
199.41 2 0.0797218
199.51 1 1.57041
199.51 2 0.0797218
199.61 1 1.57041
199.61 2 0.0797218
199.71 1 1.57041
199.71 2 0.0797218
199.81 1 1.57041
199.81 2 0.0797218
199.91 1 1.57041
199.91 2 0.0797218
200.01 1 1.57041
200.01 2 0.0797218
200.11 1 1.57041
200.11 2 0.0797218
200.21 1 1.57041
200.21 2 0.0797218
200.31 1 1.57041
200.31 2 0.0797218
200.41 1 1.57041
200.41 2 0.0797218
200.51 1 1.57041
200.51 2 0.0797218
200.61 1 1.57041
200.61 2 0.0797218
200.71 1 1.57041
200.71 2 0.0797218
200.81 1 1.57041
200.81 2 0.0797218
200.91 1 1.57041
200.91 2 0.0797218
