0.010001 1 -0
0.110001 1 0.00819798
0.110001 2 -0
0.210001 1 0.216719
0.210001 2 0.00819798
0.310001 1 0.286201
0.310001 2 0.0129567
0.410001 1 0.378056
0.410001 2 0.0186896
0.510001 1 0.438463
0.510001 2 0.0224643
0.610001 1 0.478403
0.610001 2 0.024742
0.710001 1 0.503612
0.710001 2 0.0262658
0.810001 1 0.525298
0.810001 2 0.027357
0.910001 1 0.539778
0.910001 2 0.0281768
1.01 1 0.553453
1.01 2 0.0286147
1.11 1 0.586122
1.11 2 0.0289703
1.21 1 0.595451
1.21 2 0.029427
1.31 1 0.603235
1.31 2 0.0296606
1.41 1 0.609829
1.41 2 0.0298601
1.51 1 0.615486
1.51 2 0.0300325
1.61 1 0.620393
1.61 2 0.0302991
1.71 1 0.624689
1.71 2 0.030424
1.81 1 0.628482
1.81 2 0.0305349
1.91 1 0.630931
1.91 2 0.0307294
2.01 1 0.633131
2.01 2 0.0308133
2.11 1 0.634287
2.11 2 0.0315122
2.21 1 0.636133
2.21 2 0.0316339
2.31 1 0.63706
2.31 2 0.031744
2.41 1 0.638635
2.41 2 0.0318441
2.51 1 0.640081
2.51 2 0.0319355
2.61 1 0.640753
2.61 2 0.0320194
2.71 1 0.642012
2.71 2 0.0320965
2.81 1 0.642568
2.81 2 0.0321677
2.91 1 0.643678
2.91 2 0.0322336
3.01 1 0.644142
3.01 2 0.032239
3.11 1 0.65365
3.11 2 0.0322981
3.21 1 0.654841
3.21 2 0.0323012
3.31 1 0.655955
3.31 2 0.032304
3.41 1 0.656999
3.41 2 0.0323067
3.51 1 0.657981
3.51 2 0.0323569
3.61 1 0.658905
3.61 2 0.0323579
3.71 1 0.659776
3.71 2 0.032359
3.81 1 0.660599
3.81 2 0.0324036
3.91 1 0.661378
3.91 2 0.0324034
4.01 1 0.661292
4.01 2 0.0324032
4.11 1 0.661613
4.11 2 0.0327302
4.21 1 0.661526
4.21 2 0.0327615
4.31 1 0.661826
4.31 2 0.0327912
4.41 1 0.661738
4.41 2 0.0328194
4.51 1 0.66202
4.51 2 0.0328463
4.61 1 0.66229
4.61 2 0.032872
4.71 1 0.662198
4.71 2 0.0328965
4.81 1 0.662453
4.81 2 0.0329199
4.91 1 0.662361
4.91 2 0.0329423
5.01 1 0.662602
5.01 2 0.0329638
5.11 1 0.667804
5.11 2 0.0329527
5.21 1 0.668246
5.21 2 0.0329421
5.31 1 0.668669
5.31 2 0.0329319
5.41 1 0.669076
5.41 2 0.0329519
5.51 1 0.669468
5.51 2 0.0329419
5.61 1 0.669845
5.61 2 0.0329323
5.71 1 0.670208
5.71 2 0.0329512
5.81 1 0.670557
5.81 2 0.0329418
5.91 1 0.670894
5.91 2 0.0329326
6.01 1 0.670951
6.01 2 0.0329238
6.11 1 0.670741
6.11 2 0.0329416
6.21 1 0.670798
6.21 2 0.0331508
6.31 1 0.670597
6.31 2 0.0331644
6.41 1 0.670655
6.41 2 0.0331775
6.51 1 0.670711
6.51 2 0.0331902
6.61 1 0.67052
6.61 2 0.0332024
6.71 1 0.670577
6.71 2 0.0332143
6.81 1 0.670394
6.81 2 0.0332258
6.91 1 0.67045
6.91 2 0.033237
7.01 1 0.670274
7.01 2 0.0332478
7.11 1 0.670331
7.11 2 0.0332359
7.21 1 0.674168
7.21 2 0.0332244
7.31 1 0.67439
7.31 2 0.0332349
7.41 1 0.674605
7.41 2 0.0332237
7.51 1 0.674814
7.51 2 0.0332128
7.61 1 0.675017
7.61 2 0.0332231
7.71 1 0.675215
7.71 2 0.0332125
7.81 1 0.675407
7.81 2 0.0332022
7.91 1 0.675594
7.91 2 0.0331921
8.01 1 0.675577
8.01 2 0.0332022
8.11 1 0.67556
8.11 2 0.0331923
8.21 1 0.675349
8.21 2 0.0333482
8.31 1 0.675335
8.31 2 0.0333559
8.41 1 0.675322
8.41 2 0.0333634
8.51 1 0.675121
8.51 2 0.0333708
8.61 1 0.67511
8.61 2 0.0333779
8.71 1 0.674916
8.71 2 0.0333849
8.81 1 0.674908
8.81 2 0.0333917
8.91 1 0.674721
8.91 2 0.0333984
9.01 1 0.674715
9.01 2 0.0334049
9.11 1 0.674534
9.11 2 0.0333939
9.21 1 0.677506
9.21 2 0.0334003
9.31 1 0.677642
9.31 2 0.0333897
9.41 1 0.677775
9.41 2 0.0333793
9.51 1 0.677904
9.51 2 0.0333691
9.61 1 0.678031
9.61 2 0.0333755
9.71 1 0.678156
9.71 2 0.0333655
9.81 1 0.678277
9.81 2 0.0333558
9.91 1 0.678396
9.91 2 0.0333621
10.01 1 0.678512
10.01 2 0.0333526
10.11 1 0.678312
10.11 2 0.0333433
10.21 1 0.676553
10.21 2 0.0334674
10.31 1 0.670798
10.31 2 0.033365
10.41 1 0.665318
10.41 2 0.0330887
10.51 1 0.659951
10.51 2 0.0328183
10.61 1 0.654695
10.61 2 0.0325534
10.71 1 0.649545
10.71 2 0.032294
10.81 1 0.644398
10.81 2 0.0320399
10.91 1 0.6445
10.91 2 0.0317909
11.01 1 0.639554
11.01 2 0.0315468
11.11 1 0.634707
11.11 2 0.0313076
11.21 1 0.629954
11.21 2 0.031073
11.31 1 0.625293
11.31 2 0.030843
11.41 1 0.620721
11.41 2 0.0306115
11.51 1 0.616236
11.51 2 0.0306174
11.61 1 0.611835
11.61 2 0.030396
11.71 1 0.607517
11.71 2 0.0301788
11.81 1 0.603278
11.81 2 0.0299657
11.91 1 0.599116
11.91 2 0.0297565
12.01 1 0.594894
12.01 2 0.0295511
12.11 1 0.590722
12.11 2 0.0293495
12.21 1 0.591018
12.21 2 0.0291515
12.31 1 0.587076
12.31 2 0.028957
12.41 1 0.583205
12.41 2 0.0287659
12.51 1 0.579401
12.51 2 0.0285781
12.61 1 0.575663
12.61 2 0.0283865
12.71 1 0.571989
12.71 2 0.0282051
12.81 1 0.568378
12.81 2 0.0282124
12.91 1 0.564827
12.91 2 0.0280341
13.01 1 0.561337
13.01 2 0.0278589
13.11 1 0.557904
13.11 2 0.0276867
13.21 1 0.554374
13.21 2 0.0275173
13.31 1 0.551049
13.31 2 0.0273506
13.41 1 0.551207
13.41 2 0.0271867
13.51 1 0.54794
13.51 2 0.0270255
13.61 1 0.544725
13.61 2 0.0268669
13.71 1 0.541562
13.71 2 0.0267107
13.81 1 0.538449
13.81 2 0.0265571
13.91 1 0.535384
13.91 2 0.0263978
14.01 1 0.532368
14.01 2 0.0264059
14.11 1 0.529398
14.11 2 0.026257
14.21 1 0.526473
14.21 2 0.0261104
14.31 1 0.523594
14.31 2 0.0259661
14.41 1 0.520757
14.41 2 0.025824
14.51 1 0.517793
14.51 2 0.025684
14.61 1 0.517963
14.61 2 0.0255461
14.71 1 0.515211
14.71 2 0.0254103
14.81 1 0.5125
14.81 2 0.0252765
14.91 1 0.509828
14.91 2 0.0251446
15.01 1 0.507195
15.01 2 0.0250147
15.11 1 0.5046
15.11 2 0.0248781
15.21 1 0.502042
15.21 2 0.0248866
15.31 1 0.499521
15.31 2 0.0247604
15.41 1 0.497036
15.41 2 0.024636
15.51 1 0.494585
15.51 2 0.0245133
15.61 1 0.492169
15.61 2 0.0243924
15.71 1 0.489641
15.71 2 0.0242731
15.81 1 0.487115
15.81 2 0.0241555
15.91 1 0.487436
15.91 2 0.0240395
16.01 1 0.485117
16.01 2 0.0239251
16.11 1 0.482831
16.11 2 0.0238123
16.21 1 0.480575
16.21 2 0.0237009
16.31 1 0.47835
16.31 2 0.0235911
16.41 1 0.476154
16.41 2 0.023474
16.51 1 0.473987
16.51 2 0.0234827
16.61 1 0.471848
16.61 2 0.0233758
16.71 1 0.469738
16.71 2 0.0232703
16.81 1 0.467654
16.81 2 0.0231661
16.91 1 0.465598
16.91 2 0.0230633
17.01 1 0.463388
17.01 2 0.0229618
17.11 1 0.463568
17.11 2 0.0228616
17.21 1 0.461563
17.21 2 0.0227627
17.31 1 0.459584
17.31 2 0.022665
17.41 1 0.45763
17.41 2 0.0225686
17.51 1 0.4557
17.51 2 0.0224733
17.61 1 0.453794
17.61 2 0.0223704
17.71 1 0.451912
17.71 2 0.0223793
17.81 1 0.450053
17.81 2 0.0222864
17.91 1 0.448216
17.91 2 0.0221946
18.01 1 0.446401
18.01 2 0.022104
18.11 1 0.444609
18.11 2 0.0220144
18.21 1 0.442657
18.21 2 0.0219259
18.31 1 0.440774
18.31 2 0.0218385
18.41 1 0.441087
18.41 2 0.0217521
18.51 1 0.439357
18.51 2 0.0216668
18.61 1 0.437648
18.61 2 0.0215824
18.71 1 0.435959
18.71 2 0.0214991
18.81 1 0.434289
18.81 2 0.0214078
18.91 1 0.432638
18.91 2 0.0213264
19.01 1 0.431007
19.01 2 0.0213352
19.11 1 0.429394
19.11 2 0.0212547
19.21 1 0.427799
19.21 2 0.0211751
19.31 1 0.426223
19.31 2 0.0210964
19.41 1 0.424535
19.41 2 0.0210186
19.51 1 0.422943
19.51 2 0.0209416
19.61 1 0.423122
19.61 2 0.0208656
19.71 1 0.421598
19.71 2 0.0207903
19.81 1 0.42009
19.81 2 0.0207159
19.91 1 0.418599
19.91 2 0.0206423
20.01 1 0.417124
20.01 2 0.0205695
20.11 1 0.415665
20.11 2 0.0204888
20.21 1 0.414222
20.21 2 0.0204975
20.31 1 0.412794
20.31 2 0.0204263
20.41 1 0.411382
20.41 2 0.0203558
20.51 1 0.409984
20.51 2 0.0202861
20.61 1 0.408601
20.61 2 0.0202172
20.71 1 0.407056
20.71 2 0.0201489
20.81 1 0.407233
20.81 2 0.0200814
20.91 1 0.405879
20.91 2 0.0200146
21.01 1 0.40454
21.01 2 0.0199485
21.11 1 0.403214
21.11 2 0.019883
21.21 1 0.401901
21.21 2 0.0198183
21.31 1 0.400602
21.31 2 0.0197455
21.41 1 0.399317
21.41 2 0.0196821
21.51 1 0.398044
21.51 2 0.0196907
21.61 1 0.396785
21.61 2 0.0196279
21.71 1 0.395537
21.71 2 0.0195658
21.81 1 0.394303
21.81 2 0.0195042
21.91 1 0.392961
21.91 2 0.0194433
22.01 1 0.391577
22.01 2 0.0193829
22.11 1 0.39187
22.11 2 0.0193232
22.21 1 0.390672
22.21 2 0.0192641
22.31 1 0.389485
22.31 2 0.0192055
22.41 1 0.38831
22.41 2 0.0191475
22.51 1 0.387146
22.51 2 0.0190901
22.61 1 0.385993
22.61 2 0.0190247
22.71 1 0.384852
22.71 2 0.0190332
22.81 1 0.383721
22.81 2 0.0189769
22.91 1 0.382602
22.91 2 0.0189211
23.01 1 0.381492
23.01 2 0.0188658
23.11 1 0.380393
23.11 2 0.0188111
23.21 1 0.379134
23.21 2 0.0187568
23.31 1 0.379305
23.31 2 0.0187031
23.41 1 0.378227
23.41 2 0.0186499
23.51 1 0.377158
23.51 2 0.0185972
23.61 1 0.3761
23.61 2 0.0185449
23.71 1 0.375051
23.71 2 0.0184932
23.81 1 0.374012
23.81 2 0.0184336
23.91 1 0.372983
23.91 2 0.0184419
24.01 1 0.371962
24.01 2 0.0183911
24.11 1 0.370951
24.11 2 0.0183407
24.21 1 0.369949
24.21 2 0.0182908
24.31 1 0.368956
24.31 2 0.0182414
24.41 1 0.367805
24.41 2 0.0181924
24.51 1 0.366719
24.51 2 0.0181438
24.61 1 0.366997
24.61 2 0.0180957
24.71 1 0.36603
24.71 2 0.018048
24.81 1 0.365072
24.81 2 0.0180007
24.91 1 0.364122
24.91 2 0.0179538
25.01 1 0.36318
25.01 2 0.0179073
25.11 1 0.362247
25.11 2 0.0178531
25.21 1 0.361321
25.21 2 0.0178613
25.31 1 0.360404
25.31 2 0.0178156
25.41 1 0.359494
25.41 2 0.0177703
25.51 1 0.358593
25.51 2 0.0177254
25.61 1 0.357591
25.61 2 0.0176809
25.71 1 0.356648
25.71 2 0.0176368
25.81 1 0.356812
25.81 2 0.017593
25.91 1 0.355933
25.91 2 0.0175497
26.01 1 0.355061
26.01 2 0.0175066
26.11 1 0.354197
26.11 2 0.017464
26.21 1 0.35334
26.21 2 0.0174217
26.31 1 0.352489
26.31 2 0.0173718
26.41 1 0.351646
26.41 2 0.0173797
26.51 1 0.35081
26.51 2 0.0173381
26.61 1 0.349981
26.61 2 0.0172968
26.71 1 0.349158
26.71 2 0.0172559
26.81 1 0.348342
26.81 2 0.0172153
26.91 1 0.347373
26.91 2 0.0171751
27.01 1 0.346467
27.01 2 0.0171351
27.11 1 0.34673
27.11 2 0.0170955
27.21 1 0.345934
27.21 2 0.0170562
27.31 1 0.345144
27.31 2 0.0170172
27.41 1 0.34436
27.41 2 0.0169785
27.51 1 0.343583
27.51 2 0.0169324
27.61 1 0.342811
27.61 2 0.0168943
27.71 1 0.342046
27.71 2 0.0169021
27.81 1 0.341287
27.81 2 0.0168643
27.91 1 0.340533
27.91 2 0.0168269
28.01 1 0.339786
28.01 2 0.0167897
28.11 1 0.338944
28.11 2 0.0167528
28.21 1 0.338152
28.21 2 0.0167162
28.31 1 0.338308
28.31 2 0.0166799
28.41 1 0.337578
28.41 2 0.0166438
28.51 1 0.336853
28.51 2 0.016608
28.61 1 0.336134
28.61 2 0.0165725
28.71 1 0.33542
28.71 2 0.0165373
28.81 1 0.334712
28.81 2 0.0164948
28.91 1 0.334009
28.91 2 0.0165024
29.01 1 0.333311
29.01 2 0.0164677
29.11 1 0.332618
29.11 2 0.0164332
29.21 1 0.331931
29.21 2 0.016399
29.31 1 0.331249
29.31 2 0.0163651
29.41 1 0.330419
29.41 2 0.0163315
29.51 1 0.330571
29.51 2 0.016298
29.61 1 0.329899
29.61 2 0.0162649
29.71 1 0.329232
29.71 2 0.0162319
29.81 1 0.328569
29.81 2 0.0161992
29.91 1 0.327912
29.91 2 0.0161668
30.01 1 0.327259
30.01 2 0.0161271
30.11 1 0.326611
30.11 2 0.0161346
30.21 1 0.325967
30.21 2 0.0161026
30.31 1 0.325329
30.31 2 0.0160708
30.41 1 0.324694
30.41 2 0.0160393
30.51 1 0.324065
30.51 2 0.016008
30.61 1 0.323346
30.61 2 0.0159769
30.71 1 0.322576
30.71 2 0.0159461
30.81 1 0.322819
30.81 2 0.0159154
30.91 1 0.322202
30.91 2 0.015885
31.01 1 0.32159
31.01 2 0.0158548
31.11 1 0.320982
31.11 2 0.0158248
31.21 1 0.320379
31.21 2 0.015795
31.31 1 0.319779
31.31 2 0.0157582
31.41 1 0.319184
31.41 2 0.0157654
31.51 1 0.318593
31.51 2 0.0157361
31.61 1 0.318006
31.61 2 0.0157069
31.71 1 0.317423
31.71 2 0.0156779
31.81 1 0.316753
31.81 2 0.0156492
31.91 1 0.316124
31.91 2 0.0156206
32.01 1 0.316269
32.01 2 0.0155922
32.11 1 0.315698
32.11 2 0.015564
32.21 1 0.315131
32.21 2 0.015536
32.31 1 0.314567
32.31 2 0.0155082
32.41 1 0.314008
32.41 2 0.0154806
32.51 1 0.313452
32.51 2 0.0154461
32.61 1 0.3129
32.61 2 0.0154532
32.71 1 0.312351
32.71 2 0.0154259
32.81 1 0.311806
32.81 2 0.0153988
32.91 1 0.311265
32.91 2 0.0153719
33.01 1 0.310727
33.01 2 0.0153452
33.11 1 0.310051
33.11 2 0.0153187
33.21 1 0.309433
33.21 2 0.0152923
33.31 1 0.309663
33.31 2 0.0152662
33.41 1 0.309135
33.41 2 0.0152401
33.51 1 0.308612
33.51 2 0.0152143
33.61 1 0.308091
33.61 2 0.0151886
33.71 1 0.307574
33.71 2 0.0151562
33.81 1 0.307061
33.81 2 0.0151308
33.91 1 0.30655
33.91 2 0.0151377
34.01 1 0.306043
34.01 2 0.0151125
34.11 1 0.305539
34.11 2 0.0150875
34.21 1 0.305038
34.21 2 0.0150627
34.31 1 0.304455
34.31 2 0.0150379
34.41 1 0.303908
34.41 2 0.0150134
34.51 1 0.304047
34.51 2 0.014989
34.61 1 0.303555
34.61 2 0.0149648
34.71 1 0.303067
34.71 2 0.0149407
34.81 1 0.302582
34.81 2 0.0149167
34.91 1 0.3021
34.91 2 0.0148929
35.01 1 0.301621
35.01 2 0.0148625
35.11 1 0.301145
35.11 2 0.0148693
35.21 1 0.300672
35.21 2 0.0148458
35.31 1 0.300202
35.31 2 0.0148224
35.41 1 0.299734
35.41 2 0.0147992
35.51 1 0.29927
35.51 2 0.0147762
35.61 1 0.298672
35.61 2 0.0147533
35.71 1 0.298808
35.71 2 0.0147305
35.81 1 0.298349
35.81 2 0.0147078
35.91 1 0.297893
35.91 2 0.0146853
36.01 1 0.29744
36.01 2 0.014663
36.11 1 0.29699
36.11 2 0.0146407
36.21 1 0.296542
36.21 2 0.014612
36.31 1 0.296097
36.31 2 0.0146186
36.41 1 0.295654
36.41 2 0.0145966
36.51 1 0.295214
36.51 2 0.0145748
36.61 1 0.294777
36.61 2 0.0145531
36.71 1 0.294342
36.71 2 0.0145315
36.81 1 0.29383
36.81 2 0.0145101
36.91 1 0.293268
36.91 2 0.0144888
37.01 1 0.293481
37.01 2 0.0144676
37.11 1 0.293054
37.11 2 0.0144465
37.21 1 0.292629
37.21 2 0.0144255
37.31 1 0.292207
37.31 2 0.0144047
37.41 1 0.291788
37.41 2 0.014384
37.51 1 0.291371
37.51 2 0.014357
37.61 1 0.290956
37.61 2 0.0143634
37.71 1 0.290544
37.71 2 0.014343
37.81 1 0.290134
37.81 2 0.0143226
37.91 1 0.289726
37.91 2 0.0143024
38.01 1 0.289321
38.01 2 0.0142823
38.11 1 0.288788
38.11 2 0.0142623
38.21 1 0.288918
38.21 2 0.0142424
38.31 1 0.288517
38.31 2 0.0142226
38.41 1 0.288119
38.41 2 0.0142029
38.51 1 0.287723
38.51 2 0.0141834
38.61 1 0.287329
38.61 2 0.014164
38.71 1 0.286937
38.71 2 0.0141383
38.81 1 0.286548
38.81 2 0.0141446
38.91 1 0.286161
38.91 2 0.0141254
39.01 1 0.285775
39.01 2 0.0141063
39.11 1 0.285392
39.11 2 0.0140873
39.21 1 0.285012
39.21 2 0.0140684
39.31 1 0.284506
39.31 2 0.0140496
39.41 1 0.284053
39.41 2 0.0140309
39.51 1 0.284256
39.51 2 0.0140123
39.61 1 0.283882
39.61 2 0.0139938
39.71 1 0.283509
39.71 2 0.0139754
39.81 1 0.283139
39.81 2 0.0139572
39.91 1 0.28277
39.91 2 0.0139328
40.01 1 0.282404
40.01 2 0.0139147
40.11 1 0.282039
40.11 2 0.0139209
40.21 1 0.281677
40.21 2 0.0139029
40.31 1 0.281316
40.31 2 0.013885
40.41 1 0.280958
40.41 2 0.0138672
40.51 1 0.280526
40.51 2 0.0138495
40.61 1 0.280122
40.61 2 0.0138319
40.71 1 0.280246
40.71 2 0.0138144
40.81 1 0.279893
40.81 2 0.013797
40.91 1 0.279542
40.91 2 0.0137797
41.01 1 0.279193
41.01 2 0.0137624
41.11 1 0.278846
41.11 2 0.0137453
41.21 1 0.278501
41.21 2 0.0137222
41.31 1 0.278157
41.31 2 0.0137283
41.41 1 0.277815
41.41 2 0.0137113
41.51 1 0.277475
41.51 2 0.0136944
41.61 1 0.277137
41.61 2 0.0136777
41.71 1 0.2768
41.71 2 0.013661
41.81 1 0.276344
41.81 2 0.0136444
41.91 1 0.276466
41.91 2 0.0136278
42.01 1 0.276133
42.01 2 0.0136114
42.11 1 0.275801
42.11 2 0.0135951
42.21 1 0.275472
42.21 2 0.0135788
42.31 1 0.275144
42.31 2 0.0135626
42.41 1 0.274818
42.41 2 0.0135406
42.51 1 0.274493
42.51 2 0.0135465
42.61 1 0.274171
42.61 2 0.0135305
42.71 1 0.273849
42.71 2 0.0135146
42.81 1 0.27353
42.81 2 0.0134987
42.91 1 0.273212
42.91 2 0.0134829
43.01 1 0.272825
43.01 2 0.0134673
43.11 1 0.272391
43.11 2 0.0134516
43.21 1 0.272581
43.21 2 0.0134361
43.31 1 0.272268
43.31 2 0.0134207
43.41 1 0.271956
43.41 2 0.0134053
43.51 1 0.271646
43.51 2 0.01339
43.61 1 0.271338
43.61 2 0.0133748
43.71 1 0.271031
43.71 2 0.0133538
43.81 1 0.270725
43.81 2 0.0133596
43.91 1 0.270421
43.91 2 0.0133445
44.01 1 0.270119
44.01 2 0.0133295
44.11 1 0.269818
44.11 2 0.0133146
44.21 1 0.269519
44.21 2 0.0132998
44.31 1 0.269104
44.31 2 0.013285
44.41 1 0.269221
44.41 2 0.0132703
44.51 1 0.268924
44.51 2 0.0132557
44.61 1 0.268629
44.61 2 0.0132411
44.71 1 0.268336
44.71 2 0.0132266
44.81 1 0.268043
44.81 2 0.0132122
44.91 1 0.267753
44.91 2 0.0131922
45.01 1 0.267463
45.01 2 0.0131978
45.11 1 0.267175
45.11 2 0.0131836
45.21 1 0.266889
45.21 2 0.0131693
45.31 1 0.266604
45.31 2 0.0131552
45.41 1 0.26632
45.41 2 0.0131411
45.51 1 0.265923
45.51 2 0.0131271
45.61 1 0.265575
45.61 2 0.0131132
45.71 1 0.265756
45.71 2 0.0130993
45.81 1 0.265476
45.81 2 0.0130855
45.91 1 0.265198
45.91 2 0.0130718
46.01 1 0.264921
46.01 2 0.0130581
46.11 1 0.264645
46.11 2 0.0130389
46.21 1 0.264371
46.21 2 0.0130254
46.31 1 0.264097
46.31 2 0.0130309
46.41 1 0.263825
46.41 2 0.0130174
46.51 1 0.263555
46.51 2 0.013004
46.61 1 0.263285
46.61 2 0.0129907
46.71 1 0.262951
46.71 2 0.0129774
46.81 1 0.262639
46.81 2 0.0129641
46.91 1 0.26275
46.91 2 0.012951
47.01 1 0.262484
47.01 2 0.0129378
47.11 1 0.26222
47.11 2 0.0129248
47.21 1 0.261957
47.21 2 0.0129118
47.31 1 0.261695
47.31 2 0.0128989
47.41 1 0.261434
47.41 2 0.0128806
47.51 1 0.261174
47.51 2 0.012886
47.61 1 0.260916
47.61 2 0.0128732
47.71 1 0.260659
47.71 2 0.0128604
47.81 1 0.260403
47.81 2 0.0128477
47.91 1 0.260148
47.91 2 0.0128351
48.01 1 0.259785
48.01 2 0.0128225
48.11 1 0.259894
48.11 2 0.01281
48.21 1 0.259641
48.21 2 0.0127975
48.31 1 0.25939
48.31 2 0.0127851
48.41 1 0.25914
48.41 2 0.0127728
48.51 1 0.25889
48.51 2 0.0127605
48.61 1 0.258642
48.61 2 0.0127429
48.71 1 0.258395
48.71 2 0.0127482
48.81 1 0.258149
48.81 2 0.012736
48.91 1 0.257905
48.91 2 0.0127239
49.01 1 0.257661
49.01 2 0.0127118
49.11 1 0.257418
49.11 2 0.0126998
49.21 1 0.257114
49.21 2 0.0126878
49.31 1 0.256766
49.31 2 0.0126759
49.41 1 0.256936
49.41 2 0.012664
49.51 1 0.256697
49.51 2 0.0126522
49.61 1 0.256458
49.61 2 0.0126404
49.71 1 0.256221
49.71 2 0.0126287
49.81 1 0.255985
49.81 2 0.0126171
49.91 1 0.255749
49.91 2 0.0126002
50.01 1 0.255515
50.01 2 0.0126055
50.11 1 0.255282
50.11 2 0.0125939
50.21 1 0.25505
50.21 2 0.0125824
50.31 1 0.254819
50.31 2 0.0125709
50.41 1 0.254588
50.41 2 0.0125595
50.51 1 0.254254
50.51 2 0.0125482
50.61 1 0.254359
50.61 2 0.0125368
50.71 1 0.254131
50.71 2 0.0125256
50.81 1 0.253904
50.81 2 0.0125144
50.91 1 0.253677
50.91 2 0.0125032
51.01 1 0.253452
51.01 2 0.0124921
51.11 1 0.253228
51.11 2 0.0124759
51.21 1 0.253004
51.21 2 0.012481
51.31 1 0.252782
51.31 2 0.01247
51.41 1 0.25256
51.41 2 0.012459
51.51 1 0.25234
51.51 2 0.0124481
51.61 1 0.25212
51.61 2 0.0124372
51.71 1 0.251798
51.71 2 0.0124263
51.81 1 0.25152
51.81 2 0.0124155
51.91 1 0.251684
51.91 2 0.0124048
52.01 1 0.251467
52.01 2 0.0123941
52.11 1 0.251251
52.11 2 0.0123834
52.21 1 0.251036
52.21 2 0.0123728
52.31 1 0.250821
52.31 2 0.0123572
52.41 1 0.250608
52.41 2 0.0123467
52.51 1 0.250396
52.51 2 0.0123517
52.61 1 0.250184
52.61 2 0.0123412
52.71 1 0.249973
52.71 2 0.0123308
52.81 1 0.249764
52.81 2 0.0123204
52.91 1 0.249496
52.91 2 0.0123101
53.01 1 0.249245
53.01 2 0.0122997
53.11 1 0.249347
53.11 2 0.0122895
53.21 1 0.249139
53.21 2 0.0122792
53.31 1 0.248933
53.31 2 0.0122691
53.41 1 0.248728
53.41 2 0.0122589
53.51 1 0.248523
53.51 2 0.0122488
53.61 1 0.248319
53.61 2 0.0122338
53.71 1 0.248116
53.71 2 0.0122388
53.81 1 0.247914
53.81 2 0.0122287
53.91 1 0.247712
53.91 2 0.0122188
54.01 1 0.247512
54.01 2 0.0122088
54.11 1 0.247312
54.11 2 0.0121989
54.21 1 0.247013
54.21 2 0.0121891
54.31 1 0.247113
54.31 2 0.0121792
54.41 1 0.246915
54.41 2 0.0121695
54.51 1 0.246717
54.51 2 0.0121597
54.61 1 0.246521
54.61 2 0.01215
54.71 1 0.246325
54.71 2 0.0121403
54.81 1 0.24613
54.81 2 0.0121259
54.91 1 0.245936
54.91 2 0.0121163
55.01 1 0.245742
55.01 2 0.0121211
55.11 1 0.245549
55.11 2 0.0121116
55.21 1 0.245357
55.21 2 0.0121021
55.31 1 0.245166
55.31 2 0.0120926
55.41 1 0.244919
55.41 2 0.0120832
55.51 1 0.244632
55.51 2 0.0120738
55.61 1 0.244786
55.61 2 0.0120644
55.71 1 0.244597
55.71 2 0.0120551
55.81 1 0.244409
55.81 2 0.0120458
55.91 1 0.244221
55.91 2 0.0120365
56.01 1 0.244034
56.01 2 0.0120273
56.11 1 0.243848
56.11 2 0.0120134
56.21 1 0.243663
56.21 2 0.0120181
56.31 1 0.243478
56.31 2 0.012009
56.41 1 0.243295
56.41 2 0.0119999
56.51 1 0.243111
56.51 2 0.0119908
56.61 1 0.242929
56.61 2 0.0119817
56.71 1 0.242651
56.71 2 0.0119727
56.81 1 0.242747
56.81 2 0.0119638
56.91 1 0.242566
56.91 2 0.0119548
57.01 1 0.242386
57.01 2 0.0119459
57.11 1 0.242206
57.11 2 0.0119371
57.21 1 0.242027
57.21 2 0.0119282
57.31 1 0.241848
57.31 2 0.0119147
57.41 1 0.241671
57.41 2 0.0119194
57.51 1 0.241494
57.51 2 0.0119107
57.61 1 0.241317
57.61 2 0.0119019
57.71 1 0.241142
57.71 2 0.0118932
57.81 1 0.240967
57.81 2 0.0118845
57.91 1 0.240698
57.91 2 0.0118759
58.01 1 0.24047
58.01 2 0.0118673
58.11 1 0.240619
58.11 2 0.0118587
58.21 1 0.240446
58.21 2 0.0118502
58.31 1 0.240273
58.31 2 0.0118417
58.41 1 0.240101
58.41 2 0.0118332
58.51 1 0.23993
58.51 2 0.0118248
58.61 1 0.23976
58.61 2 0.0118117
58.71 1 0.23959
58.71 2 0.0118163
58.81 1 0.239421
58.81 2 0.011808
58.91 1 0.239252
58.91 2 0.0117996
59.01 1 0.239084
59.01 2 0.0117913
59.11 1 0.238863
59.11 2 0.011783
59.21 1 0.238657
59.21 2 0.0117747
59.31 1 0.23875
59.31 2 0.0117665
59.41 1 0.238584
59.41 2 0.0117583
59.51 1 0.238418
59.51 2 0.0117501
59.61 1 0.238253
59.61 2 0.011742
59.71 1 0.238089
59.71 2 0.0117339
59.81 1 0.237925
59.81 2 0.0117213
59.91 1 0.237762
59.91 2 0.0117258
60.01 1 0.2376
60.01 2 0.0117178
60.11 1 0.237438
60.11 2 0.0117097
60.21 1 0.237276
60.21 2 0.0117018
60.31 1 0.237116
60.31 2 0.0116938
60.41 1 0.236864
60.41 2 0.0116859
60.51 1 0.236955
60.51 2 0.0116779
60.61 1 0.236796
60.61 2 0.0116701
60.71 1 0.236637
60.71 2 0.0116622
60.81 1 0.236478
60.81 2 0.0116544
60.91 1 0.23632
60.91 2 0.0116466
61.01 1 0.236163
61.01 2 0.0116344
61.11 1 0.236006
61.11 2 0.0116267
61.21 1 0.23585
61.21 2 0.0116311
61.31 1 0.235694
61.31 2 0.0116234
61.41 1 0.235539
61.41 2 0.0116157
61.51 1 0.235385
61.51 2 0.0116081
61.61 1 0.235179
61.61 2 0.0116004
61.71 1 0.234936
61.71 2 0.0115928
61.81 1 0.235077
61.81 2 0.0115852
61.91 1 0.234924
61.91 2 0.0115777
62.01 1 0.234772
62.01 2 0.0115702
62.11 1 0.23462
62.11 2 0.0115627
62.21 1 0.234469
62.21 2 0.0115552
62.31 1 0.234318
62.31 2 0.0115434
62.41 1 0.234167
62.41 2 0.0115478
62.51 1 0.234018
62.51 2 0.0115404
62.61 1 0.233868
62.61 2 0.011533
62.71 1 0.23372
62.71 2 0.0115256
62.81 1 0.233571
62.81 2 0.0115183
62.91 1 0.233336
62.91 2 0.0115109
63.01 1 0.233424
63.01 2 0.0115037
63.11 1 0.233277
63.11 2 0.0114964
63.21 1 0.23313
63.21 2 0.0114891
63.31 1 0.232984
63.31 2 0.0114819
63.41 1 0.232838
63.41 2 0.0114747
63.51 1 0.232693
63.51 2 0.0114633
63.61 1 0.232548
63.61 2 0.0114676
63.71 1 0.232404
63.71 2 0.0114604
63.81 1 0.23226
63.81 2 0.0114533
63.91 1 0.232117
63.91 2 0.0114462
64.01 1 0.231974
64.01 2 0.0114392
64.11 1 0.231745
64.11 2 0.0114321
64.21 1 0.231554
64.21 2 0.0114251
64.31 1 0.23169
64.31 2 0.0114181
64.41 1 0.231549
64.41 2 0.0114111
64.51 1 0.231408
64.51 2 0.0114042
64.61 1 0.231268
64.61 2 0.0113973
64.71 1 0.231128
64.71 2 0.0113904
64.81 1 0.230989
64.81 2 0.0113793
64.91 1 0.23085
64.91 2 0.0113835
65.01 1 0.230711
65.01 2 0.0113766
65.11 1 0.230573
65.11 2 0.0113698
65.21 1 0.230436
65.21 2 0.011363
65.31 1 0.23025
65.31 2 0.0113562
65.41 1 0.230077
65.41 2 0.0113494
65.51 1 0.230162
65.51 2 0.0113427
65.61 1 0.230026
65.61 2 0.011336
65.71 1 0.22989
65.71 2 0.0113293
65.81 1 0.229755
65.81 2 0.0113226
65.91 1 0.22962
65.91 2 0.0113159
66.01 1 0.229486
66.01 2 0.0113051
66.11 1 0.229352
66.11 2 0.0113093
66.21 1 0.229219
66.21 2 0.0113027
66.31 1 0.229085
66.31 2 0.0112961
66.41 1 0.228953
66.41 2 0.0112896
66.51 1 0.228821
66.51 2 0.011283
66.61 1 0.228605
66.61 2 0.0112765
66.71 1 0.228426
66.71 2 0.01127
66.81 1 0.228558
66.81 2 0.0112635
66.91 1 0.228427
66.91 2 0.011257
67.01 1 0.228296
67.01 2 0.0112506
67.11 1 0.228166
67.11 2 0.0112442
67.21 1 0.228037
67.21 2 0.0112337
67.31 1 0.227907
67.31 2 0.0112273
67.41 1 0.227779
67.41 2 0.0112314
67.51 1 0.22765
67.51 2 0.0112251
67.61 1 0.227522
67.61 2 0.0112187
67.71 1 0.227395
67.71 2 0.0112124
67.81 1 0.22722
67.81 2 0.0112061
67.91 1 0.227058
67.91 2 0.0111998
68.01 1 0.227141
68.01 2 0.0111936
68.11 1 0.227015
68.11 2 0.0111874
68.21 1 0.226889
68.21 2 0.0111811
68.31 1 0.226763
68.31 2 0.0111749
68.41 1 0.226638
68.41 2 0.0111688
68.51 1 0.226513
68.51 2 0.0111586
68.61 1 0.226389
68.61 2 0.0111626
68.71 1 0.226265
68.71 2 0.0111565
68.81 1 0.226142
68.81 2 0.0111504
68.91 1 0.226018
68.91 2 0.0111443
69.01 1 0.225896
69.01 2 0.0111382
69.11 1 0.225692
69.11 2 0.0111321
69.21 1 0.225773
69.21 2 0.0111261
69.31 1 0.225651
69.31 2 0.0111201
69.41 1 0.22553
69.41 2 0.0111141
69.51 1 0.225408
69.51 2 0.0111081
69.61 1 0.225288
69.61 2 0.0111021
69.71 1 0.225167
69.71 2 0.0110922
69.81 1 0.225047
69.81 2 0.0110962
69.91 1 0.224927
69.91 2 0.0110903
70.01 1 0.224808
70.01 2 0.0110843
70.11 1 0.224689
70.11 2 0.0110785
70.21 1 0.22457
70.21 2 0.0110726
70.31 1 0.224406
70.31 2 0.0110667
70.41 1 0.224209
70.41 2 0.0110609
70.51 1 0.224334
70.51 2 0.0110551
70.61 1 0.224217
70.61 2 0.0110493
70.71 1 0.2241
70.71 2 0.0110435
70.81 1 0.223983
70.81 2 0.0110377
70.91 1 0.223866
70.91 2 0.011032
71.01 1 0.22375
71.01 2 0.0110223
71.11 1 0.223635
71.11 2 0.0110263
71.21 1 0.223519
71.21 2 0.0110205
71.31 1 0.223404
71.31 2 0.0110149
71.41 1 0.22329
71.41 2 0.0110092
71.51 1 0.223175
71.51 2 0.0110035
71.61 1 0.222982
71.61 2 0.0109979
71.71 1 0.223061
71.71 2 0.0109923
71.81 1 0.222948
71.81 2 0.0109866
71.91 1 0.222834
71.91 2 0.0109811
72.01 1 0.222722
72.01 2 0.0109755
72.11 1 0.222609
72.11 2 0.0109699
72.21 1 0.222497
72.21 2 0.0109605
72.31 1 0.222385
72.31 2 0.0109644
72.41 1 0.222273
72.41 2 0.0109589
72.51 1 0.222162
72.51 2 0.0109534
72.61 1 0.222051
72.61 2 0.0109479
72.71 1 0.221941
72.71 2 0.0109424
72.81 1 0.221752
72.81 2 0.0109369
72.91 1 0.221598
72.91 2 0.0109315
73.01 1 0.22172
73.01 2 0.0109261
73.11 1 0.221611
73.11 2 0.0109207
73.21 1 0.221501
73.21 2 0.0109153
73.31 1 0.221393
73.31 2 0.0109099
73.41 1 0.221284
73.41 2 0.0109007
73.51 1 0.221176
73.51 2 0.0108954
73.61 1 0.221068
73.61 2 0.0108992
73.71 1 0.22096
73.71 2 0.0108939
73.81 1 0.220853
73.81 2 0.0108885
73.91 1 0.220746
73.91 2 0.0108833
74.01 1 0.220595
74.01 2 0.010878
74.11 1 0.220456
74.11 2 0.0108727
74.21 1 0.220533
74.21 2 0.0108675
74.31 1 0.220426
74.31 2 0.0108622
74.41 1 0.220321
74.41 2 0.010857
74.51 1 0.220215
74.51 2 0.0108518
74.61 1 0.22011
74.61 2 0.0108466
74.71 1 0.220005
74.71 2 0.0108377
74.81 1 0.219901
74.81 2 0.0108414
74.91 1 0.219796
74.91 2 0.0108363
75.01 1 0.219693
75.01 2 0.0108311
75.11 1 0.219589
75.11 2 0.010826
75.21 1 0.219486
75.21 2 0.0108209
75.31 1 0.219307
75.31 2 0.0108158
75.41 1 0.219383
75.41 2 0.0108107
75.51 1 0.21928
75.51 2 0.0108056
75.61 1 0.219177
75.61 2 0.0108006
75.71 1 0.219075
75.71 2 0.0107955
75.81 1 0.218973
75.81 2 0.0107905
75.91 1 0.218872
75.91 2 0.0107818
76.01 1 0.21877
76.01 2 0.0107855
76.11 1 0.21867
76.11 2 0.0107805
76.21 1 0.218569
76.21 2 0.0107755
76.31 1 0.218468
76.31 2 0.0107705
76.41 1 0.218368
76.41 2 0.0107656
76.51 1 0.218226
76.51 2 0.0107606
76.61 1 0.218052
76.61 2 0.0107557
76.71 1 0.218169
76.71 2 0.0107508
76.81 1 0.21807
76.81 2 0.0107459
76.91 1 0.217971
76.91 2 0.010741
77.01 1 0.217872
77.01 2 0.0107361
77.11 1 0.217773
77.11 2 0.0107313
77.21 1 0.217675
77.21 2 0.0107228
77.31 1 0.217577
77.31 2 0.0107264
77.41 1 0.21748
77.41 2 0.0107216
77.51 1 0.217383
77.51 2 0.0107168
77.61 1 0.217285
77.61 2 0.010712
77.71 1 0.217189
77.71 2 0.0107072
77.81 1 0.217019
77.81 2 0.0107024
77.91 1 0.217092
77.91 2 0.0106977
78.01 1 0.216996
78.01 2 0.0106929
78.11 1 0.2169
78.11 2 0.0106882
78.21 1 0.216804
78.21 2 0.0106835
78.31 1 0.216709
78.31 2 0.0106787
78.41 1 0.216614
78.41 2 0.0106705
78.51 1 0.216519
78.51 2 0.010674
78.61 1 0.216424
78.61 2 0.0106694
78.71 1 0.21633
78.71 2 0.0106647
78.81 1 0.216236
78.81 2 0.01066
78.91 1 0.216142
78.91 2 0.0106554
79.01 1 0.215976
79.01 2 0.0106508
79.11 1 0.215841
79.11 2 0.0106461
79.21 1 0.215955
79.21 2 0.0106415
79.31 1 0.215862
79.31 2 0.0106369
79.41 1 0.215769
79.41 2 0.0106324
79.51 1 0.215676
79.51 2 0.0106278
79.61 1 0.215584
79.61 2 0.0106197
79.71 1 0.215492
79.71 2 0.0106151
79.81 1 0.2154
79.81 2 0.0106187
79.91 1 0.215308
79.91 2 0.0106141
80.01 1 0.215217
80.01 2 0.0106096
80.11 1 0.215126
80.11 2 0.0106051
80.21 1 0.214994
80.21 2 0.0106006
80.31 1 0.214873
80.31 2 0.0105961
80.41 1 0.214944
80.41 2 0.0105917
80.51 1 0.214854
80.51 2 0.0105872
80.61 1 0.214764
80.61 2 0.0105828
80.71 1 0.214674
80.71 2 0.0105783
80.81 1 0.214585
80.81 2 0.0105739
80.91 1 0.214495
80.91 2 0.010566
81.01 1 0.214406
81.01 2 0.0105695
81.11 1 0.214317
81.11 2 0.0105651
81.21 1 0.214228
81.21 2 0.0105607
81.31 1 0.21414
81.31 2 0.0105563
81.41 1 0.214052
81.41 2 0.010552
81.51 1 0.213893
81.51 2 0.0105476
81.61 1 0.213964
81.61 2 0.0105433
81.71 1 0.213876
81.71 2 0.010539
81.81 1 0.213789
81.81 2 0.0105346
81.91 1 0.213701
81.91 2 0.0105303
82.01 1 0.213614
82.01 2 0.010526
82.11 1 0.213528
82.11 2 0.0105183
82.21 1 0.213441
82.21 2 0.0105218
82.31 1 0.213355
82.31 2 0.0105175
82.41 1 0.213269
82.41 2 0.0105132
82.51 1 0.213183
82.51 2 0.010509
82.61 1 0.213097
82.61 2 0.0105047
82.71 1 0.212972
82.71 2 0.0105005
82.81 1 0.212818
82.81 2 0.0104963
82.91 1 0.212927
82.91 2 0.0104921
83.01 1 0.212842
83.01 2 0.0104879
83.11 1 0.212757
83.11 2 0.0104837
83.21 1 0.212672
83.21 2 0.0104795
83.31 1 0.212588
83.31 2 0.0104754
83.41 1 0.212504
83.41 2 0.0104678
83.51 1 0.21242
83.51 2 0.0104712
83.61 1 0.212336
83.61 2 0.0104671
83.71 1 0.212253
83.71 2 0.010463
83.81 1 0.21217
83.81 2 0.0104588
83.91 1 0.212087
83.91 2 0.0104547
84.01 1 0.211935
84.01 2 0.0104506
84.11 1 0.212004
84.11 2 0.0104466
84.21 1 0.211921
84.21 2 0.0104425
84.31 1 0.211839
84.31 2 0.0104384
84.41 1 0.211757
84.41 2 0.0104344
84.51 1 0.211675
84.51 2 0.0104303
84.61 1 0.211593
84.61 2 0.0104229
84.71 1 0.211512
84.71 2 0.0104263
84.81 1 0.21143
84.81 2 0.0104223
84.91 1 0.211349
84.91 2 0.0104182
85.01 1 0.211268
85.01 2 0.0104142
85.11 1 0.211188
85.11 2 0.0104103
85.21 1 0.211039
85.21 2 0.0104063
85.31 1 0.210921
85.31 2 0.0104023
85.41 1 0.211027
85.41 2 0.0103983
85.51 1 0.210947
85.51 2 0.0103944
85.61 1 0.210867
85.61 2 0.0103904
85.71 1 0.210787
85.71 2 0.0103865
85.81 1 0.210708
85.81 2 0.0103793
85.91 1 0.210629
85.91 2 0.0103754
86.01 1 0.21055
86.01 2 0.0103787
86.11 1 0.210471
86.11 2 0.0103748
86.21 1 0.210392
86.21 2 0.0103709
86.31 1 0.210314
86.31 2 0.010367
86.41 1 0.210198
86.41 2 0.0103631
86.51 1 0.21009
86.51 2 0.0103593
86.61 1 0.210157
86.61 2 0.0103554
86.71 1 0.210079
86.71 2 0.0103516
86.81 1 0.210002
86.81 2 0.0103477
86.91 1 0.209924
86.91 2 0.0103439
87.01 1 0.209847
87.01 2 0.0103401
87.11 1 0.20977
87.11 2 0.010333
87.21 1 0.209693
87.21 2 0.0103363
87.31 1 0.209616
87.31 2 0.0103325
87.41 1 0.20954
87.41 2 0.0103287
87.51 1 0.209463
87.51 2 0.0103249
87.61 1 0.209387
87.61 2 0.0103212
87.71 1 0.209245
87.71 2 0.0103174
87.81 1 0.209311
87.81 2 0.0103137
87.91 1 0.209236
87.91 2 0.0103099
88.01 1 0.20916
88.01 2 0.0103062
88.11 1 0.209085
88.11 2 0.0103025
88.21 1 0.209009
88.21 2 0.0102988
88.31 1 0.208934
88.31 2 0.0102918
88.41 1 0.20886
88.41 2 0.0102881
88.51 1 0.208785
88.51 2 0.0102914
88.61 1 0.208711
88.61 2 0.0102877
88.71 1 0.208636
88.71 2 0.010284
88.81 1 0.208562
88.81 2 0.0102804
88.91 1 0.208451
88.91 2 0.0102767
89.01 1 0.208312
89.01 2 0.010273
89.11 1 0.208415
89.11 2 0.0102694
89.21 1 0.208341
89.21 2 0.0102658
89.31 1 0.208268
89.31 2 0.0102622
89.41 1 0.208194
89.41 2 0.0102585
89.51 1 0.208121
89.51 2 0.0102549
89.61 1 0.208049
89.61 2 0.0102482
89.71 1 0.207976
89.71 2 0.0102513
89.81 1 0.207903
89.81 2 0.0102478
89.91 1 0.207831
89.91 2 0.0102442
90.01 1 0.207759
90.01 2 0.0102406
90.11 1 0.207687
90.11 2 0.0102371
90.21 1 0.207551
90.21 2 0.0102335
90.31 1 0.207615
90.31 2 0.01023
90.41 1 0.207544
90.41 2 0.0102264
90.51 1 0.207472
90.51 2 0.0102229
90.61 1 0.207401
90.61 2 0.0102194
90.71 1 0.20733
90.71 2 0.0102159
90.81 1 0.207259
90.81 2 0.0102092
90.91 1 0.207188
90.91 2 0.0102124
91.01 1 0.207117
91.01 2 0.0102089
91.11 1 0.207047
91.11 2 0.0102054
91.21 1 0.206977
91.21 2 0.0102019
91.31 1 0.206907
91.31 2 0.0101985
91.41 1 0.206773
91.41 2 0.010195
91.51 1 0.206667
91.51 2 0.0101915
91.61 1 0.206767
91.61 2 0.0101881
91.71 1 0.206697
91.71 2 0.0101847
91.81 1 0.206628
91.81 2 0.0101812
91.91 1 0.206559
91.91 2 0.0101778
92.01 1 0.20649
92.01 2 0.0101713
92.11 1 0.206421
92.11 2 0.0101679
92.21 1 0.206352
92.21 2 0.010171
92.31 1 0.206283
92.31 2 0.0101676
92.41 1 0.206215
92.41 2 0.0101642
92.51 1 0.206147
92.51 2 0.0101609
92.61 1 0.206043
92.61 2 0.0101575
92.71 1 0.205948
92.71 2 0.0101541
92.81 1 0.20601
92.81 2 0.0101508
92.91 1 0.205943
92.91 2 0.0101474
93.01 1 0.205875
93.01 2 0.0101441
93.11 1 0.205808
93.11 2 0.0101407
93.21 1 0.20574
93.21 2 0.0101374
93.31 1 0.205673
93.31 2 0.010131
93.41 1 0.205606
93.41 2 0.0101341
93.51 1 0.205539
93.51 2 0.0101308
93.61 1 0.205472
93.61 2 0.0101275
93.71 1 0.205406
93.71 2 0.0101242
93.81 1 0.205339
93.81 2 0.0101209
93.91 1 0.205211
93.91 2 0.0101177
94.01 1 0.205273
94.01 2 0.0101144
94.11 1 0.205207
94.11 2 0.0101111
94.21 1 0.205141
94.21 2 0.0101079
94.31 1 0.205075
94.31 2 0.0101046
94.41 1 0.20501
94.41 2 0.0101014
94.51 1 0.204944
94.51 2 0.0100951
94.61 1 0.204879
94.61 2 0.0100919
94.71 1 0.204814
94.71 2 0.0100949
94.81 1 0.204749
94.81 2 0.0100917
94.91 1 0.204684
94.91 2 0.0100885
95.01 1 0.204619
95.01 2 0.0100853
95.11 1 0.20452
95.11 2 0.0100821
95.21 1 0.204394
95.21 2 0.0100789
95.31 1 0.20449
95.31 2 0.0100757
95.41 1 0.204426
95.41 2 0.0100726
95.51 1 0.204362
95.51 2 0.0100694
95.61 1 0.204298
95.61 2 0.0100662
95.71 1 0.204234
95.71 2 0.0100631
95.81 1 0.20417
95.81 2 0.0100569
95.91 1 0.204107
95.91 2 0.0100599
96.01 1 0.204043
96.01 2 0.0100568
96.11 1 0.20398
96.11 2 0.0100537
96.21 1 0.203917
96.21 2 0.0100506
96.31 1 0.203854
96.31 2 0.0100474
96.41 1 0.20373
96.41 2 0.0100443
96.51 1 0.203791
96.51 2 0.0100412
96.61 1 0.203728
96.61 2 0.0100381
96.71 1 0.203666
96.71 2 0.010035
96.81 1 0.203603
96.81 2 0.010032
96.91 1 0.203541
96.91 2 0.0100289
97.01 1 0.203479
97.01 2 0.0100228
97.11 1 0.203417
97.11 2 0.0100258
97.21 1 0.203355
97.21 2 0.0100228
97.31 1 0.203293
97.31 2 0.0100197
97.41 1 0.203231
97.41 2 0.0100167
97.51 1 0.20317
97.51 2 0.0100136
97.61 1 0.203049
97.61 2 0.0100106
97.71 1 0.202954
97.71 2 0.0100076
97.81 1 0.203048
97.81 2 0.0100045
97.91 1 0.202987
97.91 2 0.0100015
98.01 1 0.202926
98.01 2 0.00999852
98.11 1 0.202865
98.11 2 0.00999552
98.21 1 0.202804
98.21 2 0.00999253
98.31 1 0.202744
98.31 2 0.0099866
98.41 1 0.202683
98.41 2 0.00998954
98.51 1 0.202623
98.51 2 0.00998657
98.61 1 0.202563
98.61 2 0.00998359
98.71 1 0.202503
98.71 2 0.00998063
98.81 1 0.20241
98.81 2 0.00997767
98.91 1 0.202324
98.91 2 0.00997471
99.01 1 0.202383
99.01 2 0.00997177
99.11 1 0.202324
99.11 2 0.00996883
99.21 1 0.202264
99.21 2 0.00996589
99.31 1 0.202205
99.31 2 0.00996297
99.41 1 0.202146
99.41 2 0.00996004
99.51 1 0.202087
99.51 2 0.00995422
99.61 1 0.202028
99.61 2 0.00995713
99.71 1 0.201969
99.71 2 0.00995422
99.81 1 0.20191
99.81 2 0.00995132
99.91 1 0.201852
99.91 2 0.00994842
100.01 1 0.201793
100.01 2 0.00994553
100.11 1 0.201676
100.11 2 0.00994265
100.21 1 0.201585
100.21 2 0.00993978
100.31 1 0.201677
100.31 2 0.0099369
100.41 1 0.201619
100.41 2 0.00993404
100.51 1 0.201561
100.51 2 0.00993118
100.61 1 0.201503
100.61 2 0.00992833
100.71 1 0.201446
100.71 2 0.00992261
100.81 1 0.201388
100.81 2 0.00991977
100.91 1 0.201331
100.91 2 0.00992265
101.01 1 0.201273
101.01 2 0.00991981
101.11 1 0.201216
101.11 2 0.00991698
101.21 1 0.201159
101.21 2 0.00991416
101.31 1 0.20107
101.31 2 0.00991135
101.41 1 0.200987
101.41 2 0.00990854
101.51 1 0.201045
101.51 2 0.00990574
101.61 1 0.200989
101.61 2 0.00990294
101.71 1 0.200932
101.71 2 0.00990015
101.81 1 0.200876
101.81 2 0.00989736
101.91 1 0.200819
101.91 2 0.00989458
102.01 1 0.200763
102.01 2 0.00988897
102.11 1 0.200707
102.11 2 0.00989181
102.21 1 0.200651
102.21 2 0.00988904
102.31 1 0.200595
102.31 2 0.00988628
102.41 1 0.20054
102.41 2 0.00988353
102.51 1 0.200484
102.51 2 0.00988078
102.61 1 0.200371
102.61 2 0.00987803
102.71 1 0.200429
102.71 2 0.00987529
102.81 1 0.200373
102.81 2 0.00987256
102.91 1 0.200318
102.91 2 0.00986984
103.01 1 0.200263
103.01 2 0.00986712
103.11 1 0.200208
103.11 2 0.0098644
103.21 1 0.200153
103.21 2 0.00985888
103.31 1 0.200098
103.31 2 0.00986169
103.41 1 0.200044
103.41 2 0.00985899
103.51 1 0.199989
103.51 2 0.00985629
103.61 1 0.199935
103.61 2 0.0098536
103.71 1 0.19988
103.71 2 0.00985091
103.81 1 0.199794
103.81 2 0.00984823
103.91 1 0.199683
103.91 2 0.00984555
104.01 1 0.199772
104.01 2 0.00984289
104.11 1 0.199718
104.11 2 0.00984022
104.21 1 0.199664
104.21 2 0.00983756
104.31 1 0.19961
104.31 2 0.00983491
104.41 1 0.199557
104.41 2 0.00983226
104.51 1 0.199503
104.51 2 0.00982684
104.61 1 0.19945
104.61 2 0.00982962
104.71 1 0.199396
104.71 2 0.00982698
104.81 1 0.199343
104.81 2 0.00982435
104.91 1 0.19929
104.91 2 0.00982173
105.01 1 0.199237
105.01 2 0.00981911
105.11 1 0.199128
105.11 2 0.00981649
105.21 1 0.199184
105.21 2 0.00981388
105.31 1 0.199132
105.31 2 0.00981128
105.41 1 0.199079
105.41 2 0.00980868
105.51 1 0.199026
105.51 2 0.00980609
105.61 1 0.198974
105.61 2 0.0098035
105.71 1 0.198922
105.71 2 0.00979816
105.81 1 0.198869
105.81 2 0.00980092
105.91 1 0.198817
105.91 2 0.00979834
106.01 1 0.198765
106.01 2 0.00979577
106.11 1 0.198713
106.11 2 0.0097932
106.21 1 0.198662
106.21 2 0.00979064
106.31 1 0.198554
106.31 2 0.00978809
106.41 1 0.198472
106.41 2 0.00978553
106.51 1 0.198558
106.51 2 0.00978299
106.61 1 0.198507
106.61 2 0.00978045
106.71 1 0.198455
106.71 2 0.00977791
106.81 1 0.198404
106.81 2 0.00977538
106.91 1 0.198353
106.91 2 0.00977013
107.01 1 0.198302
107.01 2 0.00976762
107.11 1 0.198251
107.11 2 0.00977034
107.21 1 0.1982
107.21 2 0.00976782
107.31 1 0.198149
107.31 2 0.00976531
107.41 1 0.198099
107.41 2 0.00976281
107.51 1 0.198017
107.51 2 0.00976031
107.61 1 0.197943
107.61 2 0.00975782
107.71 1 0.197998
107.71 2 0.00975533
107.81 1 0.197947
107.81 2 0.00975284
107.91 1 0.197897
107.91 2 0.00975036
108.01 1 0.197847
108.01 2 0.00974789
108.11 1 0.197797
108.11 2 0.00974542
108.21 1 0.197747
108.21 2 0.00974026
108.31 1 0.197697
108.31 2 0.00974296
108.41 1 0.197648
108.41 2 0.0097405
108.51 1 0.197598
108.51 2 0.00973804
108.61 1 0.197548
108.61 2 0.00973559
108.71 1 0.197499
108.71 2 0.00973315
108.81 1 0.197395
108.81 2 0.00973071
108.91 1 0.19745
108.91 2 0.00972827
109.01 1 0.1974
109.01 2 0.00972584
109.11 1 0.197351
109.11 2 0.00972342
109.21 1 0.197302
109.21 2 0.009721
109.31 1 0.197253
109.31 2 0.00971858
109.41 1 0.197204
109.41 2 0.0097135
109.51 1 0.197156
109.51 2 0.00971617
109.61 1 0.197107
109.61 2 0.00971377
109.71 1 0.197058
109.71 2 0.00971137
109.81 1 0.19701
109.81 2 0.00970897
109.91 1 0.196962
109.91 2 0.00970658
110.01 1 0.196883
110.01 2 0.00970419
110.11 1 0.196781
110.11 2 0.00970181
110.21 1 0.196865
110.21 2 0.00969943
110.31 1 0.196817
110.31 2 0.00969706
110.41 1 0.196769
110.41 2 0.00969469
110.51 1 0.196721
110.51 2 0.00969233
110.61 1 0.196673
110.61 2 0.00968997
110.71 1 0.196626
110.71 2 0.00968498
110.81 1 0.196578
110.81 2 0.00968762
110.91 1 0.196531
110.91 2 0.00968527
111.01 1 0.196483
111.01 2 0.00968292
111.11 1 0.196436
111.11 2 0.00968058
111.21 1 0.196389
111.21 2 0.00967825
111.31 1 0.196288
111.31 2 0.00967591
111.41 1 0.196342
111.41 2 0.00967359
111.51 1 0.196294
111.51 2 0.00967127
111.61 1 0.196247
111.61 2 0.00966895
111.71 1 0.196201
111.71 2 0.00966664
111.81 1 0.196154
111.81 2 0.00966433
111.91 1 0.196107
111.91 2 0.00965941
112.01 1 0.196061
112.01 2 0.00966202
112.11 1 0.196014
112.11 2 0.00965972
112.21 1 0.195968
112.21 2 0.00965743
112.31 1 0.195921
112.31 2 0.00965514
112.41 1 0.195875
112.41 2 0.00965285
112.51 1 0.195776
112.51 2 0.00965057
112.61 1 0.195701
112.61 2 0.00964829
112.71 1 0.195783
112.71 2 0.00964602
112.81 1 0.195737
112.81 2 0.00964375
112.91 1 0.195691
112.91 2 0.00964149
113.01 1 0.195645
113.01 2 0.00963923
113.11 1 0.1956
113.11 2 0.00963438
113.21 1 0.195554
113.21 2 0.00963213
113.31 1 0.195508
113.31 2 0.00963472
113.41 1 0.195463
113.41 2 0.00963248
113.51 1 0.195418
113.51 2 0.00963023
113.61 1 0.195372
113.61 2 0.00962799
113.71 1 0.195298
113.71 2 0.00962576
113.81 1 0.19523
113.81 2 0.00962353
113.91 1 0.195282
113.91 2 0.00962131
114.01 1 0.195237
114.01 2 0.00961908
114.11 1 0.195192
114.11 2 0.00961687
114.21 1 0.195147
114.21 2 0.00961466
114.31 1 0.195103
114.31 2 0.00961245
114.41 1 0.195058
114.41 2 0.00960768
114.51 1 0.195013
114.51 2 0.00961024
114.61 1 0.194969
114.61 2 0.00960804
114.71 1 0.194924
114.71 2 0.00960585
114.81 1 0.19488
114.81 2 0.00960366
114.91 1 0.194836
114.91 2 0.00960147
115.01 1 0.19474
115.01 2 0.00959928
115.11 1 0.194792
115.11 2 0.00959711
115.21 1 0.194748
115.21 2 0.00959493
115.31 1 0.194704
115.31 2 0.00959276
115.41 1 0.19466
115.41 2 0.00959059
115.51 1 0.194616
115.51 2 0.00958843
115.61 1 0.194572
115.61 2 0.00958373
115.71 1 0.194529
115.71 2 0.00958627
115.81 1 0.194485
115.81 2 0.00958412
115.91 1 0.194441
115.91 2 0.00958197
116.01 1 0.194398
116.01 2 0.00957982
116.11 1 0.194355
116.11 2 0.00957768
116.21 1 0.194283
116.21 2 0.00957554
116.31 1 0.194188
116.31 2 0.0095734
116.41 1 0.194268
116.41 2 0.00957127
116.51 1 0.194225
116.51 2 0.00956915
116.61 1 0.194182
116.61 2 0.00956702
116.71 1 0.194139
116.71 2 0.0095649
116.81 1 0.194096
116.81 2 0.00956279
116.91 1 0.194054
116.91 2 0.00955817
117.01 1 0.194011
117.01 2 0.00956068
117.11 1 0.193968
117.11 2 0.00955857
117.21 1 0.193926
117.21 2 0.00955647
117.31 1 0.193883
117.31 2 0.00955437
117.41 1 0.193841
117.41 2 0.00955228
117.51 1 0.193748
117.51 2 0.00955018
117.61 1 0.193799
117.61 2 0.0095481
117.71 1 0.193756
117.71 2 0.00954601
117.81 1 0.193714
117.81 2 0.00954393
117.91 1 0.193672
117.91 2 0.00954186
118.01 1 0.19363
118.01 2 0.00953979
118.11 1 0.193588
118.11 2 0.00953523
118.21 1 0.193547
118.21 2 0.00953772
118.31 1 0.193505
118.31 2 0.00953565
118.41 1 0.193463
118.41 2 0.00953359
118.51 1 0.193422
118.51 2 0.00953154
118.61 1 0.19338
118.61 2 0.00952948
118.71 1 0.193288
118.71 2 0.00952743
118.81 1 0.193219
118.81 2 0.00952539
118.91 1 0.193297
118.91 2 0.00952335
119.01 1 0.193256
119.01 2 0.00952131
119.11 1 0.193215
119.11 2 0.00951927
119.21 1 0.193174
119.21 2 0.00951724
119.31 1 0.193132
119.31 2 0.00951275
119.41 1 0.193091
119.41 2 0.00951073
119.51 1 0.193051
119.51 2 0.00951319
119.61 1 0.19301
119.61 2 0.00951117
119.71 1 0.192969
119.71 2 0.00950916
119.81 1 0.192928
119.81 2 0.00950715
119.91 1 0.19286
119.91 2 0.00950514
120.01 1 0.192797
120.01 2 0.00950313
120.11 1 0.192847
120.11 2 0.00950113
120.21 1 0.192807
120.21 2 0.00949913
120.31 1 0.192766
120.31 2 0.00949714
120.41 1 0.192726
120.41 2 0.00949515
120.51 1 0.192686
120.51 2 0.00949316
120.61 1 0.192645
120.61 2 0.00948874
120.71 1 0.192605
120.71 2 0.00949118
120.81 1 0.192565
120.81 2 0.0094892
120.91 1 0.192525
120.91 2 0.00948722
121.01 1 0.192485
121.01 2 0.00948525
121.11 1 0.192446
121.11 2 0.00948328
121.21 1 0.192356
121.21 2 0.00948132
121.31 1 0.192406
121.31 2 0.00947935
121.41 1 0.192366
121.41 2 0.0094774
121.51 1 0.192326
121.51 2 0.00947544
121.61 1 0.192287
121.61 2 0.00947349
121.71 1 0.192247
121.71 2 0.00947154
121.81 1 0.192208
121.81 2 0.00946718
121.91 1 0.192169
121.91 2 0.0094696
122.01 1 0.192129
122.01 2 0.00946766
122.11 1 0.19209
122.11 2 0.00946572
122.21 1 0.192051
122.21 2 0.00946379
122.31 1 0.192012
122.31 2 0.00946185
122.41 1 0.191946
122.41 2 0.00945993
122.51 1 0.191858
122.51 2 0.009458
122.61 1 0.191934
122.61 2 0.00945608
122.71 1 0.191895
122.71 2 0.00945417
122.81 1 0.191857
122.81 2 0.00945225
122.91 1 0.191818
122.91 2 0.00945034
123.01 1 0.191779
123.01 2 0.00944844
123.11 1 0.191741
123.11 2 0.00944414
123.21 1 0.191702
123.21 2 0.00944653
123.31 1 0.191664
123.31 2 0.00944463
123.41 1 0.191625
123.41 2 0.00944274
123.51 1 0.191587
123.51 2 0.00944084
123.61 1 0.191549
123.61 2 0.00943895
123.71 1 0.191462
123.71 2 0.00943707
123.81 1 0.191511
123.81 2 0.00943518
123.91 1 0.191473
123.91 2 0.0094333
124.01 1 0.191435
124.01 2 0.00943143
124.11 1 0.191397
124.11 2 0.00942955
124.21 1 0.191359
124.21 2 0.00942768
124.31 1 0.191321
124.31 2 0.00942344
124.41 1 0.191283
124.41 2 0.00942582
124.51 1 0.191245
124.51 2 0.00942395
124.61 1 0.191208
124.61 2 0.00942209
124.71 1 0.19117
124.71 2 0.00942024
124.81 1 0.191133
124.81 2 0.00941838
124.91 1 0.191047
124.91 2 0.00941653
125.01 1 0.190983
125.01 2 0.00941468
125.11 1 0.191058
125.11 2 0.00941284
125.21 1 0.191021
125.21 2 0.009411
125.31 1 0.190983
125.31 2 0.00940916
125.41 1 0.190946
125.41 2 0.00940733
125.51 1 0.190909
125.51 2 0.00940314
125.61 1 0.190872
125.61 2 0.00940131
125.71 1 0.190835
125.71 2 0.00940367
125.81 1 0.190798
125.81 2 0.00940184
125.91 1 0.190761
125.91 2 0.00940002
126.01 1 0.190725
126.01 2 0.0093982
126.11 1 0.190661
126.11 2 0.00939638
126.21 1 0.190604
126.21 2 0.00939457
126.31 1 0.190651
126.31 2 0.00939276
126.41 1 0.190615
126.41 2 0.00939096
126.51 1 0.190578
126.51 2 0.00938915
126.61 1 0.190542
126.61 2 0.00938735
126.71 1 0.190505
126.71 2 0.00938556
126.81 1 0.190469
126.81 2 0.00938143
126.91 1 0.190433
126.91 2 0.00938376
127.01 1 0.190396
127.01 2 0.00938197
127.11 1 0.19036
127.11 2 0.00938018
127.21 1 0.190324
127.21 2 0.0093784
127.31 1 0.190288
127.31 2 0.00937662
127.41 1 0.190205
127.41 2 0.00937484
127.51 1 0.190252
127.51 2 0.00937306
127.61 1 0.190216
127.61 2 0.00937129
127.71 1 0.19018
127.71 2 0.00936952
127.81 1 0.190144
127.81 2 0.00936776
127.91 1 0.190109
127.91 2 0.00936599
128.01 1 0.190073
128.01 2 0.00936192
128.11 1 0.190037
128.11 2 0.00936017
128.21 1 0.190002
128.21 2 0.00936247
128.31 1 0.189966
128.31 2 0.00936072
128.41 1 0.189931
128.41 2 0.00935897
128.51 1 0.189896
128.51 2 0.00935722
128.61 1 0.189834
128.61 2 0.00935547
128.71 1 0.189752
128.71 2 0.00935373
128.81 1 0.189825
128.81 2 0.00935199
128.91 1 0.18979
128.91 2 0.00935025
129.01 1 0.189755
129.01 2 0.00934852
129.11 1 0.18972
129.11 2 0.00934679
129.21 1 0.189685
129.21 2 0.00934506
129.31 1 0.18965
129.31 2 0.00934105
129.41 1 0.189615
129.41 2 0.00934334
129.51 1 0.18958
129.51 2 0.00934161
129.61 1 0.189545
129.61 2 0.0093399
129.71 1 0.18951
129.71 2 0.00933818
129.81 1 0.189476
129.81 2 0.00933647
129.91 1 0.189395
129.91 2 0.00933476
130.01 1 0.189441
130.01 2 0.00933305
130.11 1 0.189407
130.11 2 0.00933134
130.21 1 0.189372
130.21 2 0.00932964
130.31 1 0.189338
130.31 2 0.00932794
130.41 1 0.189303
130.41 2 0.00932624
130.51 1 0.189269
130.51 2 0.00932228
130.61 1 0.189235
130.61 2 0.00932455
130.71 1 0.189201
130.71 2 0.00932286
130.81 1 0.189166
130.81 2 0.00932117
130.91 1 0.189132
130.91 2 0.00931949
131.01 1 0.189098
131.01 2 0.00931781
131.11 1 0.189018
131.11 2 0.00931613
131.21 1 0.188959
131.21 2 0.00931445
131.31 1 0.18903
131.31 2 0.00931277
131.41 1 0.188997
131.41 2 0.0093111
131.51 1 0.188963
131.51 2 0.00930944
131.61 1 0.188929
131.61 2 0.00930777
131.71 1 0.188895
131.71 2 0.00930611
131.81 1 0.188862
131.81 2 0.0093022
131.91 1 0.188828
131.91 2 0.00930445
132.01 1 0.188795
132.01 2 0.00930279
132.11 1 0.188761
132.11 2 0.00930113
132.21 1 0.188728
132.21 2 0.00929948
132.31 1 0.188669
132.31 2 0.00929783
132.41 1 0.188616
132.41 2 0.00929619
132.51 1 0.188661
132.51 2 0.00929454
132.61 1 0.188628
132.61 2 0.0092929
132.71 1 0.188595
132.71 2 0.00929126
132.81 1 0.188561
132.81 2 0.00928963
132.91 1 0.188528
132.91 2 0.00928799
133.01 1 0.188495
133.01 2 0.00928413
133.11 1 0.188462
133.11 2 0.00928636
133.21 1 0.188429
133.21 2 0.00928474
133.31 1 0.188396
133.31 2 0.00928311
133.41 1 0.188364
133.41 2 0.00928149
133.51 1 0.188331
133.51 2 0.00927987
133.61 1 0.188253
133.61 2 0.00927825
133.71 1 0.188195
133.71 2 0.00927664
133.81 1 0.188266
133.81 2 0.00927503
133.91 1 0.188233
133.91 2 0.00927342
134.01 1 0.1882
134.01 2 0.00927181
134.11 1 0.188168
134.11 2 0.00927021
134.21 1 0.188135
134.21 2 0.00926639
134.31 1 0.188103
134.31 2 0.0092648
134.41 1 0.188071
134.41 2 0.00926701
134.51 1 0.188038
134.51 2 0.00926541
134.61 1 0.188006
134.61 2 0.00926382
134.71 1 0.187974
134.71 2 0.00926222
134.81 1 0.187917
134.81 2 0.00926064
134.91 1 0.187865
134.91 2 0.00925905
135.01 1 0.18791
135.01 2 0.00925747
135.11 1 0.187878
135.11 2 0.00925589
135.21 1 0.187846
135.21 2 0.00925431
135.31 1 0.187814
135.31 2 0.00925273
135.41 1 0.187782
135.41 2 0.00925116
135.51 1 0.18775
135.51 2 0.0092474
135.61 1 0.187718
135.61 2 0.00924959
135.71 1 0.187687
135.71 2 0.00924802
135.81 1 0.187655
135.81 2 0.00924645
135.91 1 0.187623
135.91 2 0.00924489
136.01 1 0.187592
136.01 2 0.00924333
136.11 1 0.187516
136.11 2 0.00924177
136.21 1 0.18756
136.21 2 0.00924022
136.31 1 0.187529
136.31 2 0.00923866
136.41 1 0.187497
136.41 2 0.00923711
136.51 1 0.187466
136.51 2 0.00923556
136.61 1 0.187435
136.61 2 0.00923402
136.71 1 0.187403
136.71 2 0.0092303
136.81 1 0.187372
136.81 2 0.00923247
136.91 1 0.187341
136.91 2 0.00923093
137.01 1 0.18731
137.01 2 0.0092294
137.11 1 0.187279
137.11 2 0.00922786
137.21 1 0.187248
137.21 2 0.00922633
137.31 1 0.187173
137.31 2 0.00922479
137.41 1 0.187117
137.41 2 0.00922327
137.51 1 0.187186
137.51 2 0.00922174
137.61 1 0.187155
137.61 2 0.00922022
137.71 1 0.187124
137.71 2 0.00921869
137.81 1 0.187093
137.81 2 0.00921718
137.91 1 0.187063
137.91 2 0.00921566
138.01 1 0.187032
138.01 2 0.00921199
138.11 1 0.187001
138.11 2 0.00921414
138.21 1 0.186971
138.21 2 0.00921263
138.31 1 0.18694
138.31 2 0.00921112
138.41 1 0.18691
138.41 2 0.00920962
138.51 1 0.186855
138.51 2 0.00920811
138.61 1 0.186805
138.61 2 0.00920661
138.71 1 0.186849
138.71 2 0.00920511
138.81 1 0.186818
138.81 2 0.00920361
138.91 1 0.186788
138.91 2 0.00920212
139.01 1 0.186758
139.01 2 0.00920062
139.11 1 0.186728
139.11 2 0.00919913
139.21 1 0.186698
139.21 2 0.00919551
139.31 1 0.186667
139.31 2 0.00919764
139.41 1 0.186637
139.41 2 0.00919616
139.51 1 0.186607
139.51 2 0.00919467
139.61 1 0.186577
139.61 2 0.00919319
139.71 1 0.186547
139.71 2 0.00919171
139.81 1 0.186474
139.81 2 0.00919024
139.91 1 0.186421
139.91 2 0.00918876
140.01 1 0.186488
140.01 2 0.00918729
140.11 1 0.186458
140.11 2 0.00918582
140.21 1 0.186428
140.21 2 0.00918435
140.31 1 0.186399
140.31 2 0.00918289
140.41 1 0.186369
140.41 2 0.0091793
140.51 1 0.186339
140.51 2 0.00917785
140.61 1 0.18631
140.61 2 0.00917996
140.71 1 0.18628
140.71 2 0.00917851
140.81 1 0.186251
140.81 2 0.00917705
140.91 1 0.186221
140.91 2 0.0091756
141.01 1 0.186168
141.01 2 0.00917414
141.11 1 0.18612
141.11 2 0.00917269
141.21 1 0.186163
141.21 2 0.00917125
141.31 1 0.186133
141.31 2 0.0091698
141.41 1 0.186104
141.41 2 0.00916836
141.51 1 0.186075
141.51 2 0.00916692
141.61 1 0.186046
141.61 2 0.00916548
141.71 1 0.186017
141.71 2 0.00916194
141.81 1 0.185988
141.81 2 0.00916404
141.91 1 0.185959
141.91 2 0.00916261
142.01 1 0.18593
142.01 2 0.00916118
142.11 1 0.185901
142.11 2 0.00915975
142.21 1 0.185872
142.21 2 0.00915832
142.31 1 0.185801
142.31 2 0.0091569
142.41 1 0.185843
142.41 2 0.00915547
142.51 1 0.185814
142.51 2 0.00915405
142.61 1 0.185785
142.61 2 0.00915263
142.71 1 0.185757
142.71 2 0.00915122
142.81 1 0.185728
142.81 2 0.0091498
142.91 1 0.1857
142.91 2 0.0091463
143.01 1 0.185671
143.01 2 0.00914839
143.11 1 0.185642
143.11 2 0.00914698
143.21 1 0.185614
143.21 2 0.00914557
143.31 1 0.185585
143.31 2 0.00914417
143.41 1 0.185557
143.41 2 0.00914276
143.51 1 0.185505
143.51 2 0.00914136
143.61 1 0.185435
143.61 2 0.00913996
143.71 1 0.1855
143.71 2 0.00913856
143.81 1 0.185472
143.81 2 0.00913717
143.91 1 0.185444
143.91 2 0.00913578
144.01 1 0.185416
144.01 2 0.00913439
144.11 1 0.185388
144.11 2 0.009133
144.21 1 0.18536
144.21 2 0.00912954
144.31 1 0.185331
144.31 2 0.00913161
144.41 1 0.185303
144.41 2 0.00913023
144.51 1 0.185275
144.51 2 0.00912884
144.61 1 0.185248
144.61 2 0.00912746
144.71 1 0.18522
144.71 2 0.00912608
144.81 1 0.18515
144.81 2 0.00912471
144.91 1 0.185192
144.91 2 0.00912333
145.01 1 0.185164
145.01 2 0.00912196
145.11 1 0.185136
145.11 2 0.00912059
145.21 1 0.185109
145.21 2 0.00911922
145.31 1 0.185081
145.31 2 0.00911786
145.41 1 0.185053
145.41 2 0.00911444
145.51 1 0.185026
145.51 2 0.00911649
145.61 1 0.184998
145.61 2 0.00911513
145.71 1 0.184971
145.71 2 0.00911377
145.81 1 0.184943
145.81 2 0.00911241
145.91 1 0.184916
145.91 2 0.00911106
146.01 1 0.184847
146.01 2 0.0091097
146.11 1 0.184796
146.11 2 0.00910835
146.21 1 0.184861
146.21 2 0.009107
146.31 1 0.184834
146.31 2 0.00910565
146.41 1 0.184806
146.41 2 0.00910431
146.51 1 0.184779
146.51 2 0.00910296
146.61 1 0.184752
146.61 2 0.00909959
146.71 1 0.184725
146.71 2 0.00909825
146.81 1 0.184698
146.81 2 0.00910028
146.91 1 0.184671
146.91 2 0.00909894
147.01 1 0.184644
147.01 2 0.00909761
147.11 1 0.184617
147.11 2 0.00909627
147.21 1 0.184567
147.21 2 0.00909494
147.31 1 0.184521
147.31 2 0.00909361
147.41 1 0.184563
147.41 2 0.00909229
147.51 1 0.184536
147.51 2 0.00909096
147.61 1 0.184509
147.61 2 0.00908964
147.71 1 0.184482
147.71 2 0.00908831
147.81 1 0.184455
147.81 2 0.00908699
147.91 1 0.184429
147.91 2 0.00908365
148.01 1 0.184402
148.01 2 0.00908567
148.11 1 0.184375
148.11 2 0.00908436
148.21 1 0.184349
148.21 2 0.00908304
148.31 1 0.184322
148.31 2 0.00908173
148.41 1 0.184296
148.41 2 0.00908042
148.51 1 0.184228
148.51 2 0.00907911
148.61 1 0.184269
148.61 2 0.00907781
148.71 1 0.184243
148.71 2 0.0090765
148.81 1 0.184216
148.81 2 0.0090752
148.91 1 0.18419
148.91 2 0.0090739
149.01 1 0.184164
149.01 2 0.0090726
149.11 1 0.184137
149.11 2 0.0090693
149.21 1 0.184111
149.21 2 0.0090713
149.31 1 0.184085
149.31 2 0.00907001
149.41 1 0.184059
149.41 2 0.00906871
149.51 1 0.184033
149.51 2 0.00906742
149.61 1 0.184007
149.61 2 0.00906613
149.71 1 0.183958
149.71 2 0.00906484
149.81 1 0.183892
149.81 2 0.00906356
149.91 1 0.183955
149.91 2 0.00906227
150.01 1 0.183929
150.01 2 0.00906099
150.11 1 0.183903
150.11 2 0.00905971
150.21 1 0.183877
150.21 2 0.00905843
150.31 1 0.183851
150.31 2 0.00905716
150.41 1 0.183825
150.41 2 0.00905389
150.51 1 0.183799
150.51 2 0.00905588
150.61 1 0.183773
150.61 2 0.00905461
150.71 1 0.183748
150.71 2 0.00905334
150.81 1 0.183722
150.81 2 0.00905207
150.91 1 0.183696
150.91 2 0.0090508
151.01 1 0.183631
151.01 2 0.00904954
151.11 1 0.183671
151.11 2 0.00904827
151.21 1 0.183645
151.21 2 0.00904701
151.31 1 0.18362
151.31 2 0.00904575
151.41 1 0.183594
151.41 2 0.00904449
151.51 1 0.183569
151.51 2 0.00904324
151.61 1 0.183543
151.61 2 0.00904001
151.71 1 0.183518
151.71 2 0.00904198
151.81 1 0.183493
151.81 2 0.00904073
151.91 1 0.183467
151.91 2 0.00903948
152.01 1 0.183442
152.01 2 0.00903823
152.11 1 0.183417
152.11 2 0.00903698
152.21 1 0.183352
152.21 2 0.00903573
152.31 1 0.183304
152.31 2 0.00903449
152.41 1 0.183366
152.41 2 0.00903325
152.51 1 0.183341
152.51 2 0.00903201
152.61 1 0.183316
152.61 2 0.00903077
152.71 1 0.183291
152.71 2 0.00902953
152.81 1 0.183266
152.81 2 0.00902634
152.91 1 0.183241
152.91 2 0.00902511
153.01 1 0.183216
153.01 2 0.00902706
153.11 1 0.183191
153.11 2 0.00902583
153.21 1 0.183166
153.21 2 0.0090246
153.31 1 0.183142
153.31 2 0.00902337
153.41 1 0.183095
153.41 2 0.00902215
153.51 1 0.183052
153.51 2 0.00902092
153.61 1 0.183092
153.61 2 0.0090197
153.71 1 0.183067
153.71 2 0.00901848
153.81 1 0.183042
153.81 2 0.00901726
153.91 1 0.183018
153.91 2 0.00901604
154.01 1 0.182993
154.01 2 0.00901483
154.11 1 0.182969
154.11 2 0.00901167
154.21 1 0.182944
154.21 2 0.00901361
154.31 1 0.182919
154.31 2 0.0090124
154.41 1 0.182895
154.41 2 0.00901119
154.51 1 0.18287
154.51 2 0.00900998
154.61 1 0.182846
154.61 2 0.00900877
154.71 1 0.182782
154.71 2 0.00900757
154.81 1 0.182822
154.81 2 0.00900636
154.91 1 0.182797
154.91 2 0.00900516
155.01 1 0.182773
155.01 2 0.00900396
155.11 1 0.182749
155.11 2 0.00900276
155.21 1 0.182724
155.21 2 0.00900156
155.31 1 0.1827
155.31 2 0.00899844
155.41 1 0.182676
155.41 2 0.00900037
155.51 1 0.182652
155.51 2 0.00899917
155.61 1 0.182628
155.61 2 0.00899798
155.71 1 0.182604
155.71 2 0.00899679
155.81 1 0.18258
155.81 2 0.0089956
155.91 1 0.182534
155.91 2 0.00899442
156.01 1 0.182471
156.01 2 0.00899323
156.11 1 0.182532
156.11 2 0.00899205
156.21 1 0.182508
156.21 2 0.00899086
156.31 1 0.182484
156.31 2 0.00898968
156.41 1 0.18246
156.41 2 0.0089885
156.51 1 0.182436
156.51 2 0.00898733
156.61 1 0.182412
156.61 2 0.00898424
156.71 1 0.182388
156.71 2 0.00898615
156.81 1 0.182365
156.81 2 0.00898498
156.91 1 0.182341
156.91 2 0.0089838
157.01 1 0.182317
157.01 2 0.00898263
157.11 1 0.182293
157.11 2 0.00898146
157.21 1 0.182231
157.21 2 0.0089803
157.31 1 0.18227
157.31 2 0.00897913
157.41 1 0.182246
157.41 2 0.00897797
157.51 1 0.182223
157.51 2 0.0089768
157.61 1 0.182199
157.61 2 0.00897564
157.71 1 0.182176
157.71 2 0.00897448
157.81 1 0.182152
157.81 2 0.00897142
157.91 1 0.182129
157.91 2 0.00897333
158.01 1 0.182105
158.01 2 0.00897217
158.11 1 0.182082
158.11 2 0.00897101
158.21 1 0.182059
158.21 2 0.00896986
158.31 1 0.182035
158.31 2 0.00896871
158.41 1 0.181974
158.41 2 0.00896756
158.51 1 0.181929
158.51 2 0.00896641
158.61 1 0.181989
158.61 2 0.00896526
158.71 1 0.181966
158.71 2 0.00896412
158.81 1 0.181942
158.81 2 0.00896298
158.91 1 0.181919
158.91 2 0.00896183
159.01 1 0.181896
159.01 2 0.00895881
159.11 1 0.181873
159.11 2 0.00895767
159.21 1 0.18185
159.21 2 0.00895955
159.31 1 0.181827
159.31 2 0.00895842
159.41 1 0.181804
159.41 2 0.00895728
159.51 1 0.181781
159.51 2 0.00895615
159.61 1 0.181737
159.61 2 0.00895501
159.71 1 0.181697
159.71 2 0.00895388
159.81 1 0.181735
159.81 2 0.00895275
159.91 1 0.181712
159.91 2 0.00895162
160.01 1 0.18169
160.01 2 0.0089505
160.11 1 0.181667
160.11 2 0.00894937
160.21 1 0.181644
160.21 2 0.00894825
160.31 1 0.181621
160.31 2 0.00894525
160.41 1 0.181599
160.41 2 0.00894713
160.51 1 0.181576
160.51 2 0.00894601
160.61 1 0.181553
160.61 2 0.00894489
160.71 1 0.181531
160.71 2 0.00894377
160.81 1 0.181508
160.81 2 0.00894265
160.91 1 0.181448
160.91 2 0.00894154
161.01 1 0.181486
161.01 2 0.00894043
161.11 1 0.181463
161.11 2 0.00893931
161.21 1 0.181441
161.21 2 0.0089382
161.31 1 0.181418
161.31 2 0.0089371
161.41 1 0.181396
161.41 2 0.00893599
161.51 1 0.181373
161.51 2 0.00893302
161.61 1 0.181351
161.61 2 0.00893192
161.71 1 0.181329
161.71 2 0.00893378
161.81 1 0.181306
161.81 2 0.00893268
161.91 1 0.181284
161.91 2 0.00893158
162.01 1 0.181262
162.01 2 0.00893048
162.11 1 0.181219
162.11 2 0.00892938
162.21 1 0.181159
162.21 2 0.00892828
162.31 1 0.181217
162.31 2 0.00892719
162.41 1 0.181195
162.41 2 0.00892609
162.51 1 0.181173
162.51 2 0.008925
162.61 1 0.181151
162.61 2 0.00892391
162.71 1 0.181129
162.71 2 0.00892282
162.81 1 0.181107
162.81 2 0.00891989
162.91 1 0.181085
162.91 2 0.00892173
163.01 1 0.181063
163.01 2 0.00892065
163.11 1 0.181041
163.11 2 0.00891956
163.21 1 0.181019
163.21 2 0.00891848
163.31 1 0.180997
163.31 2 0.0089174
163.41 1 0.180938
163.41 2 0.00891632
163.51 1 0.180975
163.51 2 0.00891524
163.61 1 0.180953
163.61 2 0.00891416
163.71 1 0.180932
163.71 2 0.00891308
163.81 1 0.18091
163.81 2 0.00891201
163.91 1 0.180888
163.91 2 0.00891093
164.01 1 0.180866
164.01 2 0.00890803
164.11 1 0.180845
164.11 2 0.00890986
164.21 1 0.180823
164.21 2 0.00890879
164.31 1 0.180801
164.31 2 0.00890772
164.41 1 0.18078
164.41 2 0.00890666
164.51 1 0.180758
164.51 2 0.00890559
164.61 1 0.180699
164.61 2 0.00890452
164.71 1 0.180657
164.71 2 0.00890346
164.81 1 0.180715
164.81 2 0.0089024
164.91 1 0.180694
164.91 2 0.00890134
165.01 1 0.180672
165.01 2 0.00890028
165.11 1 0.180651
165.11 2 0.00889922
165.21 1 0.180629
165.21 2 0.00889634
165.31 1 0.180608
165.31 2 0.00889529
165.41 1 0.180586
165.41 2 0.00889711
165.51 1 0.180565
165.51 2 0.00889605
165.61 1 0.180544
165.61 2 0.008895
165.71 1 0.180523
165.71 2 0.00889395
165.81 1 0.180481
165.81 2 0.0088929
165.91 1 0.180443
165.91 2 0.00889185
166.01 1 0.18048
166.01 2 0.00889081
166.11 1 0.180459
166.11 2 0.00888976
166.21 1 0.180438
166.21 2 0.00888872
166.31 1 0.180417
166.31 2 0.00888767
166.41 1 0.180396
166.41 2 0.00888663
166.51 1 0.180375
166.51 2 0.00888379
166.61 1 0.180353
166.61 2 0.00888559
166.71 1 0.180332
166.71 2 0.00888455
166.81 1 0.180311
166.81 2 0.00888352
166.91 1 0.18029
166.91 2 0.00888248
167.01 1 0.18027
167.01 2 0.00888145
167.11 1 0.180212
167.11 2 0.00888041
167.21 1 0.180249
167.21 2 0.00887938
167.31 1 0.180228
167.31 2 0.00887835
167.41 1 0.180207
167.41 2 0.00887732
167.51 1 0.180186
167.51 2 0.00887629
167.61 1 0.180165
167.61 2 0.00887527
167.71 1 0.180145
167.71 2 0.00887245
167.81 1 0.180124
167.81 2 0.00887142
167.91 1 0.180103
167.91 2 0.00887322
168.01 1 0.180082
168.01 2 0.0088722
168.11 1 0.180062
168.11 2 0.00887117
168.21 1 0.180041
168.21 2 0.00887015
168.31 1 0.18
168.31 2 0.00886914
168.41 1 0.179943
168.41 2 0.00886812
168.51 1 0.18
168.51 2 0.0088671
168.61 1 0.179979
168.61 2 0.00886609
168.71 1 0.179959
168.71 2 0.00886507
168.81 1 0.179938
168.81 2 0.00886406
168.91 1 0.179918
168.91 2 0.00886305
169.01 1 0.179897
169.01 2 0.00886026
169.11 1 0.179877
169.11 2 0.00886204
169.21 1 0.179856
169.21 2 0.00886103
169.31 1 0.179836
169.31 2 0.00886003
169.41 1 0.179816
169.41 2 0.00885902
169.51 1 0.179795
169.51 2 0.00885802
169.61 1 0.179739
169.61 2 0.00885702
169.71 1 0.179775
169.71 2 0.00885601
169.81 1 0.179755
169.81 2 0.00885501
169.91 1 0.179735
169.91 2 0.00885401
170.01 1 0.179714
170.01 2 0.00885302
170.11 1 0.179694
170.11 2 0.00885202
170.21 1 0.179674
170.21 2 0.00884925
170.31 1 0.179654
170.31 2 0.00885102
170.41 1 0.179634
170.41 2 0.00885003
170.51 1 0.179614
170.51 2 0.00884904
170.61 1 0.179594
170.61 2 0.00884805
170.71 1 0.179574
170.71 2 0.00884706
170.81 1 0.179518
170.81 2 0.00884607
170.91 1 0.179478
170.91 2 0.00884508
171.01 1 0.179534
171.01 2 0.00884409
171.11 1 0.179514
171.11 2 0.00884311
171.21 1 0.179494
171.21 2 0.00884212
171.31 1 0.179474
171.31 2 0.00884114
171.41 1 0.179454
171.41 2 0.00884016
171.51 1 0.179434
171.51 2 0.00883742
171.61 1 0.179414
171.61 2 0.00883918
171.71 1 0.179394
171.71 2 0.0088382
171.81 1 0.179375
171.81 2 0.00883722
171.91 1 0.179355
171.91 2 0.00883625
172.01 1 0.179315
172.01 2 0.00883527
172.11 1 0.17928
172.11 2 0.0088343
172.21 1 0.179315
172.21 2 0.00883332
172.31 1 0.179296
172.31 2 0.00883235
172.41 1 0.179276
172.41 2 0.00883138
172.51 1 0.179256
172.51 2 0.00883041
172.61 1 0.179237
172.61 2 0.00882945
172.71 1 0.179217
172.71 2 0.00882673
172.81 1 0.179198
172.81 2 0.00882848
172.91 1 0.179178
172.91 2 0.00882751
173.01 1 0.179159
173.01 2 0.00882655
173.11 1 0.179139
173.11 2 0.00882559
173.21 1 0.17912
173.21 2 0.00882462
173.31 1 0.179065
173.31 2 0.00882366
173.41 1 0.179026
173.41 2 0.0088227
173.51 1 0.179081
173.51 2 0.00882175
173.61 1 0.179061
173.61 2 0.00882079
173.71 1 0.179042
173.71 2 0.00881983
173.81 1 0.179023
173.81 2 0.00881888
173.91 1 0.179003
173.91 2 0.00881619
174.01 1 0.178984
174.01 2 0.00881524
174.11 1 0.178965
174.11 2 0.00881697
174.21 1 0.178946
174.21 2 0.00881602
174.31 1 0.178926
174.31 2 0.00881507
174.41 1 0.178907
174.41 2 0.00881412
174.51 1 0.178869
174.51 2 0.00881318
174.61 1 0.178834
174.61 2 0.00881223
174.71 1 0.178869
174.71 2 0.00881129
174.81 1 0.17885
174.81 2 0.00881034
174.91 1 0.178831
174.91 2 0.0088094
175.01 1 0.178812
175.01 2 0.00880846
175.11 1 0.178792
175.11 2 0.00880752
175.21 1 0.178773
175.21 2 0.00880486
175.31 1 0.178754
175.31 2 0.00880658
175.41 1 0.178735
175.41 2 0.00880564
175.51 1 0.178716
175.51 2 0.0088047
175.61 1 0.178698
175.61 2 0.00880377
175.71 1 0.178679
175.71 2 0.00880283
175.81 1 0.178625
175.81 2 0.0088019
175.91 1 0.17866
175.91 2 0.00880097
176.01 1 0.178641
176.01 2 0.00880004
176.11 1 0.178622
176.11 2 0.00879911
176.21 1 0.178603
176.21 2 0.00879818
176.31 1 0.178584
176.31 2 0.00879725
176.41 1 0.178566
176.41 2 0.00879461
176.51 1 0.178547
176.51 2 0.00879632
176.61 1 0.178528
176.61 2 0.0087954
176.71 1 0.178509
176.71 2 0.00879447
176.81 1 0.178491
176.81 2 0.00879355
176.91 1 0.178472
176.91 2 0.00879263
177.01 1 0.178434
177.01 2 0.00879171
177.11 1 0.178381
177.11 2 0.00879079
177.21 1 0.178435
177.21 2 0.00878987
177.31 1 0.178416
177.31 2 0.00878895
177.41 1 0.178398
177.41 2 0.00878804
177.51 1 0.178379
177.51 2 0.00878712
177.61 1 0.178361
177.61 2 0.00878621
177.71 1 0.178342
177.71 2 0.00878359
177.81 1 0.178324
177.81 2 0.00878529
177.91 1 0.178305
177.91 2 0.00878438
178.01 1 0.178287
178.01 2 0.00878347
178.11 1 0.178268
178.11 2 0.00878256
178.21 1 0.17825
178.21 2 0.00878165
178.31 1 0.178197
178.31 2 0.00878075
178.41 1 0.178232
178.41 2 0.00877984
178.51 1 0.178213
178.51 2 0.00877893
178.61 1 0.178195
178.61 2 0.00877803
178.71 1 0.178177
178.71 2 0.00877713
178.81 1 0.178158
178.81 2 0.00877623
178.91 1 0.17814
178.91 2 0.00877364
179.01 1 0.178122
179.01 2 0.00877532
179.11 1 0.178104
179.11 2 0.00877442
179.21 1 0.178086
179.21 2 0.00877353
179.31 1 0.178067
179.31 2 0.00877263
179.41 1 0.178049
179.41 2 0.00877173
179.51 1 0.177997
179.51 2 0.00877084
179.61 1 0.17796
179.61 2 0.00876994
179.71 1 0.178013
179.71 2 0.00876905
179.81 1 0.177995
179.81 2 0.00876816
179.91 1 0.177977
179.91 2 0.00876727
180.01 1 0.177959
180.01 2 0.00876638
180.11 1 0.177941
180.11 2 0.00876381
180.21 1 0.177923
180.21 2 0.00876292
180.31 1 0.177905
180.31 2 0.0087646
180.41 1 0.177887
180.41 2 0.00876371
180.51 1 0.177869
180.51 2 0.00876283
180.61 1 0.177851
180.61 2 0.00876194
180.71 1 0.177814
180.71 2 0.00876106
180.81 1 0.177781
180.81 2 0.00876018
180.91 1 0.177815
180.91 2 0.0087593
181.01 1 0.177798
181.01 2 0.00875842
181.11 1 0.17778
181.11 2 0.00875754
181.21 1 0.177762
181.21 2 0.00875666
181.31 1 0.177744
181.31 2 0.00875578
181.41 1 0.177726
181.41 2 0.00875324
181.51 1 0.177709
181.51 2 0.00875491
181.61 1 0.177691
181.61 2 0.00875403
181.71 1 0.177673
181.71 2 0.00875316
181.81 1 0.177656
181.81 2 0.00875228
181.91 1 0.177638
181.91 2 0.00875141
182.01 1 0.177587
182.01 2 0.00875054
182.11 1 0.17762
182.11 2 0.00874967
182.21 1 0.177603
182.21 2 0.0087488
182.31 1 0.177585
182.31 2 0.00874793
182.41 1 0.177568
182.41 2 0.00874707
182.51 1 0.17755
182.51 2 0.0087462
182.61 1 0.177533
182.61 2 0.00874368
182.71 1 0.177515
182.71 2 0.00874534
182.81 1 0.177498
182.81 2 0.00874447
182.91 1 0.17748
182.91 2 0.00874361
183.01 1 0.177463
183.01 2 0.00874275
183.11 1 0.177445
183.11 2 0.00874189
183.21 1 0.177409
183.21 2 0.00874103
183.31 1 0.177358
183.31 2 0.00874017
183.41 1 0.17741
183.41 2 0.00873931
183.51 1 0.177393
183.51 2 0.00873846
183.61 1 0.177376
183.61 2 0.0087376
183.71 1 0.177358
183.71 2 0.00873675
183.81 1 0.177341
183.81 2 0.00873589
183.91 1 0.177324
183.91 2 0.0087334
184.01 1 0.177307
184.01 2 0.00873504
184.11 1 0.177289
184.11 2 0.00873419
184.21 1 0.177272
184.21 2 0.00873334
184.31 1 0.177255
184.31 2 0.00873249
184.41 1 0.177238
184.41 2 0.00873164
184.51 1 0.177187
184.51 2 0.00873079
184.61 1 0.177221
184.61 2 0.00872995
184.71 1 0.177204
184.71 2 0.0087291
184.81 1 0.177186
184.81 2 0.00872826
184.91 1 0.177169
184.91 2 0.00872742
185.01 1 0.177152
185.01 2 0.00872657
185.11 1 0.177135
185.11 2 0.0087241
185.21 1 0.177118
185.21 2 0.00872573
185.31 1 0.177101
185.31 2 0.00872489
185.41 1 0.177084
185.41 2 0.00872405
185.51 1 0.177067
185.51 2 0.00872321
185.61 1 0.17705
185.61 2 0.00872238
185.71 1 0.177
185.71 2 0.00872154
185.81 1 0.176965
185.81 2 0.0087207
185.91 1 0.177016
185.91 2 0.00871987
186.01 1 0.177
186.01 2 0.00871904
186.11 1 0.176983
186.11 2 0.0087182
186.21 1 0.176966
186.21 2 0.00871737
186.31 1 0.176949
186.31 2 0.00871492
186.41 1 0.176932
186.41 2 0.00871409
186.51 1 0.176915
186.51 2 0.00871571
186.61 1 0.176899
186.61 2 0.00871488
186.71 1 0.176882
186.71 2 0.00871405
186.81 1 0.176865
186.81 2 0.00871323
186.91 1 0.17683
186.91 2 0.0087124
187.01 1 0.176799
187.01 2 0.00871158
187.11 1 0.176832
187.11 2 0.00871075
187.21 1 0.176815
187.21 2 0.00870993
187.31 1 0.176798
187.31 2 0.00870911
187.41 1 0.176782
187.41 2 0.00870829
187.51 1 0.176765
187.51 2 0.00870747
187.61 1 0.176749
187.61 2 0.00870503
187.71 1 0.176732
187.71 2 0.00870665
187.81 1 0.176715
187.81 2 0.00870583
187.91 1 0.176699
187.91 2 0.00870501
188.01 1 0.176682
188.01 2 0.0087042
188.11 1 0.176666
188.11 2 0.00870338
188.21 1 0.176617
188.21 2 0.00870257
188.31 1 0.176649
188.31 2 0.00870175
188.41 1 0.176633
188.41 2 0.00870094
188.51 1 0.176616
188.51 2 0.00870013
188.61 1 0.1766
188.61 2 0.00869932
188.71 1 0.176584
188.71 2 0.00869851
188.81 1 0.176567
188.81 2 0.0086961
188.91 1 0.176551
188.91 2 0.0086977
189.01 1 0.176535
189.01 2 0.00869689
189.11 1 0.176518
189.11 2 0.00869609
189.21 1 0.176502
189.21 2 0.00869528
189.31 1 0.176486
189.31 2 0.00869447
189.41 1 0.176451
189.41 2 0.00869367
189.51 1 0.176403
189.51 2 0.00869287
189.61 1 0.176453
189.61 2 0.00869207
189.71 1 0.176437
189.71 2 0.00869126
189.81 1 0.176421
189.81 2 0.00869046
189.91 1 0.176404
189.91 2 0.00868966
190.01 1 0.176388
190.01 2 0.00868887
190.11 1 0.176372
190.11 2 0.00868647
190.21 1 0.176356
190.21 2 0.00868807
190.31 1 0.17634
190.31 2 0.00868727
190.41 1 0.176324
190.41 2 0.00868648
190.51 1 0.176308
190.51 2 0.00868568
190.61 1 0.176292
190.61 2 0.00868489
190.71 1 0.176243
190.71 2 0.00868409
190.81 1 0.176276
190.81 2 0.0086833
190.91 1 0.176259
190.91 2 0.00868251
191.01 1 0.176243
191.01 2 0.00868172
191.11 1 0.176227
191.11 2 0.00868093
191.21 1 0.176211
191.21 2 0.00868014
191.31 1 0.176196
191.31 2 0.00867777
191.41 1 0.17618
191.41 2 0.00867935
191.51 1 0.176164
191.51 2 0.00867857
191.61 1 0.176148
191.61 2 0.00867778
191.71 1 0.176132
191.71 2 0.008677
191.81 1 0.176116
191.81 2 0.00867621
191.91 1 0.176068
191.91 2 0.00867543
192.01 1 0.176035
192.01 2 0.00867465
192.11 1 0.176084
192.11 2 0.00867386
192.21 1 0.176068
192.21 2 0.00867308
192.31 1 0.176053
192.31 2 0.0086723
192.41 1 0.176037
192.41 2 0.00867153
192.51 1 0.176021
192.51 2 0.00866917
192.61 1 0.176005
192.61 2 0.0086684
192.71 1 0.17599
192.71 2 0.00866997
192.81 1 0.175974
192.81 2 0.00866919
192.91 1 0.175958
192.91 2 0.00866842
193.01 1 0.175943
193.01 2 0.00866764
193.11 1 0.175909
193.11 2 0.00866687
193.21 1 0.175879
193.21 2 0.0086661
193.31 1 0.175911
193.31 2 0.00866533
193.41 1 0.175896
193.41 2 0.00866456
193.51 1 0.17588
193.51 2 0.00866379
193.61 1 0.175864
193.61 2 0.00866302
193.71 1 0.175849
193.71 2 0.00866225
193.81 1 0.175833
193.81 2 0.00865991
193.91 1 0.175818
193.91 2 0.00866148
194.01 1 0.175802
194.01 2 0.00866071
194.11 1 0.175787
194.11 2 0.00865995
194.21 1 0.175771
194.21 2 0.00865918
194.31 1 0.175756
194.31 2 0.00865842
194.41 1 0.175709
194.41 2 0.00865766
194.51 1 0.17574
194.51 2 0.00865689
194.61 1 0.175725
194.61 2 0.00865613
194.71 1 0.17571
194.71 2 0.00865537
194.81 1 0.175694
194.81 2 0.00865461
194.91 1 0.175679
194.91 2 0.00865385
195.01 1 0.175663
195.01 2 0.00865154
195.11 1 0.175648
195.11 2 0.00865309
195.21 1 0.175633
195.21 2 0.00865234
195.31 1 0.175617
195.31 2 0.00865158
195.41 1 0.175602
195.41 2 0.00865082
195.51 1 0.175587
195.51 2 0.00865007
195.61 1 0.175554
195.61 2 0.00864932
195.71 1 0.175508
195.71 2 0.00864856
195.81 1 0.175556
195.81 2 0.00864781
195.91 1 0.175541
195.91 2 0.00864706
196.01 1 0.175526
196.01 2 0.00864631
196.11 1 0.175511
196.11 2 0.00864556
196.21 1 0.175496
196.21 2 0.00864481
196.31 1 0.17548
196.31 2 0.00864252
196.41 1 0.175465
196.41 2 0.00864406
196.51 1 0.17545
196.51 2 0.00864332
196.61 1 0.175435
196.61 2 0.00864257
196.71 1 0.17542
196.71 2 0.00864182
196.81 1 0.175405
196.81 2 0.00864108
196.91 1 0.175359
196.91 2 0.00864033
197.01 1 0.17539
197.01 2 0.00863959
197.11 1 0.175375
197.11 2 0.00863885
197.21 1 0.17536
197.21 2 0.00863811
197.31 1 0.175345
197.31 2 0.00863737
197.41 1 0.17533
197.41 2 0.00863663
197.51 1 0.175315
197.51 2 0.00863435
197.61 1 0.1753
197.61 2 0.00863589
197.71 1 0.175285
197.71 2 0.00863515
197.81 1 0.17527
197.81 2 0.00863441
197.91 1 0.175255
197.91 2 0.00863368
198.01 1 0.17524
198.01 2 0.00863294
198.11 1 0.175194
198.11 2 0.00863221
198.21 1 0.175162
198.21 2 0.00863147
198.31 1 0.17521
198.31 2 0.00863074
198.41 1 0.175196
198.41 2 0.00863001
198.51 1 0.175181
198.51 2 0.00862927
198.61 1 0.175166
198.61 2 0.00862854
198.71 1 0.175151
198.71 2 0.00862628
198.81 1 0.175136
198.81 2 0.00862556
198.91 1 0.175122
198.91 2 0.00862708
199.01 1 0.175107
199.01 2 0.00862635
199.11 1 0.175092
199.11 2 0.00862563
199.21 1 0.175077
199.21 2 0.0086249
199.31 1 0.175046
199.31 2 0.00862417
199.41 1 0.175017
199.41 2 0.00862345
199.51 1 0.175048
199.51 2 0.00862272
199.61 1 0.175033
199.61 2 0.008622
199.71 1 0.175019
199.71 2 0.00862128
199.81 1 0.175004
199.81 2 0.00862055
199.91 1 0.174989
199.91 2 0.00861983
200.01 1 0.174975
200.01 2 0.00861759
200.11 1 0.174934
200.11 2 0.00861951
200.21 1 0.174948
200.21 2 0.00862038
200.31 1 0.174933
200.31 2 0.00861966
200.41 1 0.174919
200.41 2 0.00861894
200.51 1 0.174904
200.51 2 0.00861822
200.61 1 0.174859
200.61 2 0.0086175
200.71 1 0.17489
200.71 2 0.00861678
200.81 1 0.174875
200.81 2 0.00861607
200.91 1 0.174861
200.91 2 0.00861535
