0.0 0
0.114139 4760
0.114139 4760
0.218851 5236
0.226037 6188
0.233234 7140
0.240432 8092
0.247629 9044
0.359547 8568
0.366745 8092
0.370343 7616
0.373942 7140
0.377541 6664
0.381139 6188
0.384738 5712
0.435459 5236
0.439058 4760
0.442656 4284
0.446255 3808
0.449854 3332
0.453452 2856
0.457051 2380
0.46065 1904
0.464248 1428
0.464248 1904
0.464663 1428
0.464663 1904
0.464663 9044
0.713244 9520
0.713244 9044
0.716843 8568
0.720442 8092
0.72404 7616
0.727639 7140
0.731237 6664
0.734836 6188
0.738435 5712
0.742033 5236
0.745632 4760
0.781959 4284
0.785557 3808
0.789156 3332
0.792755 2856
0.799962 2380
0.807168 1904
0.810757 1428
0.810757 1904
0.821553 1428
0.821553 1904
0.915458 1428
0.915458 1904
0.915458 9520
1.05976 9996
1.05976 9044
1.06336 8092
1.06696 7140
1.07056 6188
1.07416 5236
1.07776 4284
1.08496 3332
1.12489 2380
1.12849 952
1.12849 1428
1.12849 1904
1.13209 476
1.13209 952
1.13209 1904
1.13568 476
1.13568 952
1.13568 1904
1.13928 476
1.13928 952
1.13928 1904
1.14288 476
1.14288 952
1.14288 1904
1.15009 476
1.15009 952
1.15009 1904
1.1573 476
1.1573 1428
1.1573 1904
1.16088 476
1.16088 1428
1.16088 1904
1.16448 952
1.16448 1428
1.16448 1904
1.16807 952
1.16807 5236
1.262 4760
1.262 9996
1.5038 9520
1.50739 9044
1.51099 8568
1.51459 8092
1.51819 7616
1.52179 7140
1.529 6664
1.53259 6188
1.53619 5236
1.53979 4284
1.54339 3332
1.58332 2380
1.58692 1428
1.58692 1904
1.59052 476
1.59052 952
1.59052 1904
1.59773 476
1.59773 952
1.59773 1904
1.60133 476
1.60133 952
1.60133 1904
1.60493 476
1.60493 952
1.60493 1904
1.60852 476
1.60852 5236
1.60894 4284
1.61211 3332
1.70604 2380
1.70963 1904
1.70963 9996
2.16444 9520
2.16803 9044
2.17163 8568
2.17523 8092
2.17883 7616
2.18243 7140
2.18603 6664
2.18963 6188
2.19322 5712
2.19682 5236
2.20042 4760
2.20402 4284
2.20762 3808
2.23675 3332
2.24035 2856
2.24755 2380
2.25115 1904
2.26194 1428
2.26194 1904
2.26956 1428
2.26956 1904
2.37426 9996
2.51136 9520
2.51136 9044
2.51496 8568
2.51856 8092
2.52215 7616
2.52575 7140
2.52935 6664
2.53295 6188
2.53655 5712
2.54015 5236
2.57966 4760
2.58326 4284
2.58727 3808
2.59087 3332
2.59447 2856
2.59807 2380
2.60527 1904
2.60887 1428
2.60887 1904
2.61247 1428
2.61247 1904
2.61606 1428
2.61606 1904
2.61606 9996
2.73517 9520
2.73877 9044
2.74237 8568
2.74597 8092
2.74957 7616
2.75317 7140
2.75677 6664
2.76036 6188
2.76396 5712
2.76756 5236
2.77116 4760
2.77837 4284
2.8219 3332
2.82911 2380
2.83271 952
2.83271 1428
2.83271 1904
2.83631 476
2.83631 952
2.83631 1904
2.83989 476
2.83989 7616
2.84032 6664
2.84349 5712
2.94102 5236
2.9446 4760
2.9446 9996
3.0601 10472
3.0601 9996
3.0637 9520
3.0673 9044
3.0709 8568
3.0745 8092
3.07809 7616
3.08169 7140
3.08529 6664
3.08889 6188
3.09249 5712
3.09969 5236
3.10328 4760
3.10688 4284
3.11408 3808
3.11768 3332
3.12128 2856
3.15761 2380
3.16121 1904
3.1648 1428
3.1648 1904
3.1648 10472
3.27311 9996
3.27671 9520
3.28031 9044
3.28391 8568
3.29111 8092
3.29471 7616
3.29831 6664
3.30191 5712
3.30551 4760
3.30911 3808
3.31271 2856
3.3163 1904
3.3199 952
3.3199 1428
3.3199 1904
3.3235 952
3.3235 1428
3.3235 1904
3.3271 952
3.3271 1428
3.3271 1904
3.3307 952
3.3307 1428
3.3307 1904
3.33791 952
3.33791 1428
3.33791 1904
3.3648 476
3.37423 4284
4.02765 4760
4.02765 4284
4.03125 3808
4.03484 3332
4.04925 2856
4.05285 2380
4.05644 1904
4.06363 1428
4.06363 1904
4.13235 1428
4.13235 1904
4.13235 4760
5.86515 5236
5.86515 4760
5.86875 4284
5.87235 3808
5.87954 3332
5.89035 2856
5.89395 2380
5.89755 1904
5.96625 1428
5.96625 1904
5.97027 1428
5.97027 1904
5.97027 5236
6.09255 4760
6.09615 4284
6.09975 3808
6.10335 3332
6.10695 2856
6.11055 2380
6.18647 1904
6.19007 1428
6.19007 1904
6.19366 1428
6.19366 1904
6.19725 1428
6.19725 1904
6.19725 5236
6.51857 4760
6.52217 4284
6.52577 3808
6.52937 3332
6.53297 2856
6.53657 2380
6.61609 1904
6.62371 1428
6.62371 1904
6.83312 5236
7.07133 4760
7.07493 3808
7.07852 2856
7.08212 1904
7.16164 952
7.16164 1428
7.16164 1904
7.16524 952
7.16524 1428
7.16524 1904
7.16884 952
7.16884 1428
7.16884 1904
7.17244 952
7.17244 1428
7.17244 1904
7.17603 952
7.17603 2380
7.17645 1904
7.17963 1428
7.17963 1904
7.27354 1428
7.27354 1904
7.27354 5236
7.49735 4760
7.49735 4284
7.50455 3808
7.50815 3332
7.51175 2380
7.59487 1428
7.59487 1904
7.59847 952
7.59847 1428
7.59847 1904
7.60206 952
7.60206 3332
7.60248 2856
7.60566 2380
7.69957 1904
7.69957 5236
8.14357 4760
8.14357 4284
8.14717 3808
8.15077 3332
8.2375 2856
8.2411 1904
8.2447 952
8.2447 1428
8.2447 1904
8.24828 952
8.24828 4284
8.34222 3808
8.34941 3332
8.34941 5236
8.36021 4760
8.36381 3808
8.36741 2856
8.37101 1904
8.45413 952
8.45413 1428
8.45413 1904
8.45772 952
8.45772 1428
8.45772 1904
8.46132 952
8.46132 1428
8.46132 1904
8.46492 952
8.46492 1428
8.46492 1904
8.46534 952
8.46534 1904
8.46851 1428
8.46851 1904
8.56602 1428
8.56602 1904
8.56602 5236
8.67433 5712
8.67433 5236
8.67793 4760
8.68153 4284
8.68513 3808
8.68873 3332
8.69233 2856
8.69953 2380
8.70313 1904
8.77545 952
8.77545 1428
8.77545 1904
8.77904 952
8.77904 5236
8.78264 4760
8.88015 4284
8.88015 5712
8.98487 6188
8.98487 5236
8.99207 4284
8.99567 3332
9.00648 1904
9.01368 476
9.01368 952
9.01368 1904
9.02088 4294966820
9.02088 10472
9.08959 8092
9.09318 6188
9.12559 4760
9.12919 3808
9.13278 3332
9.13278 6188
9.16877 5712
9.17237 5236
9.17957 4760
9.18317 4284
9.18677 3808
9.19037 3332
9.19396 2856
9.19439 2380
9.19789 1904
9.2303 1428
9.2303 1904
9.2339 1428
9.2339 1904
9.2663 1428
9.2663 1904
9.27391 1428
9.27391 1904
9.28429 1428
9.28429 1904
9.37862 1428
9.37862 1904
9.389 1428
9.389 1904
9.3926 1428
9.3926 1904
9.47391 476
9.48332 3332
10.2306 1904
10.4616 6188
10.6818 6664
10.6818 6188
10.6854 5712
10.689 5236
10.6926 4760
10.707 4284
10.7106 3332
10.7142 1904
10.7178 476
10.7178 4284
10.725 3332
10.7865 2380
10.7901 1428
10.7901 1904
10.8118 476
10.8118 952
10.8118 1904
10.8225 476
10.8225 1428
10.8225 1904
10.8261 952
10.8261 2856
10.8297 2380
10.8333 1904
10.9178 476
10.9272 1904
11.2319 2380
11.2319 1904
11.25 476
11.263 3808
11.6131 4284
11.6131 3808
11.6167 3332
11.6203 2856
11.6998 2380
11.7034 1904
11.707 1428
11.707 1904
11.7142 1428
11.7142 1904
11.7214 1428
11.7214 1904
11.7214 4284
11.8333 4760
11.8333 4284
11.8369 3808
11.8405 3332
11.8441 2856
11.8477 2380
11.9236 1904
11.9308 1428
11.9308 1904
11.9344 1428
11.9344 1904
11.938 1428
11.938 1904
11.938 4760
13.1473 5236
13.1473 4760
13.2232 4284
13.2268 3808
13.2304 3332
13.234 2856
13.2376 2380
13.2412 1904
13.2448 1428
13.2448 1904
13.2484 1428
13.2484 1904
13.252 1428
13.252 1904
13.252 5236
13.4578 5712
13.4578 5236
13.4686 4284
13.4722 3332
13.4794 2380
13.483 1428
13.483 1904
13.4866 952
13.4866 1428
13.4866 1904
13.4902 952
13.4902 1428
13.4902 1904
13.5589 952
13.5589 1428
13.5589 1904
13.5625 952
13.5625 1904
13.5661 1428
13.5661 1904
13.5949 1428
13.5949 1904
13.5949 5712
13.9486 6188
13.9486 5712
13.9522 5236
13.9558 4760
13.9849 4284
13.9885 3808
13.9921 3332
13.9957 2856
14.0389 2380
14.0461 1904
14.0497 1428
14.0497 1904
14.0533 1428
14.0533 1904
14.0533 6188
14.2555 6664
14.2555 6188
14.2591 5712
14.2627 5236
14.2663 4760
14.2699 4284
14.2735 3808
14.2771 3332
14.2807 2856
14.2843 2380
14.2879 1904
14.2915 1428
14.2915 1904
14.3602 1428
14.3602 1904
14.3602 6664
14.6092 6188
14.6128 5712
14.6164 5236
14.6236 4760
14.6815 4284
14.6851 3808
14.6995 2856
14.7031 1904
14.7067 952
14.7067 5712
14.7103 5236
14.7139 4760
14.7143 4284
14.7175 3808
14.7283 3332
14.8114 2856
14.8114 6664
15.1579 6188
15.1615 5712
15.1687 5236
15.1723 4760
15.241 4284
15.2446 3808
15.2482 3332
15.2518 2856
15.2554 2380
15.259 1904
15.2626 1428
15.2626 1904
15.263 1428
15.263 1904
15.263 6664
15.8077 7140
15.8077 6188
15.8113 5236
15.8149 3808
15.8185 2380
15.8221 952
15.8221 1428
15.8221 1904
15.8257 476
15.8257 952
15.8257 1904
15.8329 476
15.8329 1428
15.8329 1904
15.8437 476
15.8437 952
15.8437 1904
15.8473 476
15.8473 952
15.8473 1904
15.9125 476
15.9125 952
15.9125 1904
15.916 952
15.916 2380
15.952 1904
16.0172 1428
16.0172 1904
16.028 1428
16.028 1904
16.0567 1428
16.0567 1904
16.0567 7140
16.1327 6664
16.2697 7140
16.2697 6664
16.2733 6188
16.2769 5712
16.2805 5236
16.2841 4760
16.2877 4284
16.2913 3808
16.2949 3332
16.2985 2856
16.3057 2380
16.3093 1904
16.3421 1428
16.3421 1904
16.3708 1428
16.3708 1904
16.3749 1428
16.3749 1904
16.3749 7140
16.4468 6664
16.6054 6188
16.609 5712
16.6126 5236
16.6162 4760
16.6198 4284
16.6234 3808
16.627 3332
16.6562 2856
16.6994 2380
16.703 1904
16.7066 952
16.7066 1428
16.7066 1904
16.7102 952
16.7102 6664
16.7106 6188
16.7138 5712
16.8113 5236
16.8113 6664
17.2553 7616
17.2553 6664
17.2661 5712
17.2697 4760
17.2733 3808
17.2769 2856
17.2805 1904
17.2841 952
17.2841 1428
17.2841 1904
17.342 952
17.342 1428
17.342 1904
17.3492 952
17.3492 1904
17.3528 952
17.3528 2380
17.3564 1904
17.36 1428
17.36 1904
17.3636 1428
17.3636 1904
17.3636 7616
17.3708 6664
17.5838 7140
17.5838 6664
17.5874 6188
17.591 5712
17.5946 5236
17.5982 4760
17.6018 4284
17.609 3808
17.6126 3332
17.6162 2856
17.6198 2380
17.6813 1904
17.6849 1428
17.6849 1904
17.6885 1428
17.6885 1904
17.6885 7140
17.7137 6664
17.8076 6188
17.8112 5712
17.8148 5236
17.8184 4760
17.822 4284
17.8256 3808
17.8292 3332
17.8328 2856
17.8364 2380
17.9015 1904
17.9051 1428
17.9051 1904
17.9087 1428
17.9087 1904
17.9123 1428
17.9123 1904
17.9123 6664
18.1469 6188
18.1505 5712
18.1541 5236
18.1577 4760
18.1613 4284
18.2228 3808
18.2264 3332
18.23 2856
18.2336 2380
18.2408 1904
18.2444 1428
18.2444 1904
18.248 1428
18.248 1904
18.2516 1428
18.2516 1904
18.2516 6664
18.5765 7140
18.5765 6664
18.5801 5712
18.5837 4760
18.5873 3808
18.5909 2856
18.5945 1904
18.5981 952
18.5981 1428
18.5981 1904
18.6017 952
18.6017 1428
18.6017 1904
18.6053 952
18.6053 1428
18.6053 1904
18.6089 952
18.6089 1428
18.6089 1904
18.6125 952
18.6125 1428
18.6125 1904
18.6813 952
18.6813 2380
18.6849 1904
18.7932 1428
18.7932 1904
18.7932 7140
18.8979 6664
18.9195 7140
18.9195 6664
18.9231 6188
18.9267 5712
18.9303 5236
18.9339 4760
18.9375 4284
18.941 3808
19.0098 3332
19.0134 2856
19.0206 1428
19.0206 1904
19.0242 476
19.0242 5236
19.0278 4284
19.1253 3332
19.1293 2856
19.1325 2380
19.1361 1904
19.1397 1428
19.1397 1904
19.1433 1428
19.1433 1904
19.1469 1428
19.1469 1904
19.1505 1428
19.1505 1904
19.23 1428
19.23 1904
19.234 1428
19.234 1904
19.234 7140
19.2516 6664
19.483 6188
19.4866 5712
19.4902 5236
19.4938 4760
19.4974 4284
19.501 3808
19.5046 3332
19.5517 2856
19.5769 2380
19.5805 1904
19.5841 952
19.5841 1428
19.5841 1904
19.5877 952
19.5877 6664
19.5881 6188
19.5913 5712
19.6888 5236
19.6888 6664
19.909 7140
19.909 6664
19.9126 6188
19.9162 5712
19.9234 5236
19.927 4760
19.9306 3808
19.9378 2856
19.9414 1904
20.0066 476
20.0066 1428
20.0066 1904
20.0102 476
20.0102 952
20.0102 1904
20.0174 476
20.0174 952
20.0174 1904
20.0367 476
20.1113 1904
20.2569 2380
20.2569 1904
20.3414 476
20.3544 1904
21.1197 2380
21.1197 1904
21.1233 1428
21.1233 1904
21.2114 476
21.2208 3808
21.5781 3332
21.6613 2856
21.6649 2380
21.6721 1904
21.6757 1428
21.6757 1904
21.6793 1428
21.6793 1904
21.6828 1428
21.6828 1904
21.6828 3808
22.8922 4284
22.8922 3808
22.8958 3332
22.8993 2856
22.9753 2380
22.9789 1904
22.9825 1428
22.9825 1904
22.9933 1428
22.9933 1904
22.9969 1428
22.9969 1904
22.9969 4284
23.2966 1904
23.5312 4284
23.6467 3808
23.6503 3332
23.6539 2856
23.6575 2380
23.7406 1904
23.7442 1428
23.7442 1904
23.7478 1428
23.7478 1904
23.7514 1428
23.7514 1904
23.7514 4284
24.4843 4760
24.4843 4284
24.4879 3808
24.4915 3332
24.4951 2856
24.5023 2380
24.5059 1904
24.5818 1428
24.5818 1904
24.5854 1428
24.5854 1904
24.5926 1428
24.5926 1904
24.5926 4760
24.7948 5236
24.7948 4760
24.802 4284
24.8056 3808
24.8092 3332
24.8128 2856
24.8164 2380
24.82 1904
24.8236 1428
24.8236 1904
24.8272 1428
24.8272 1904
24.8995 1428
24.8995 1904
24.8995 5236
25.3327 5712
25.3327 5236
25.3363 4760
25.3399 4284
25.3435 3808
25.3471 3332
25.3507 2856
25.3543 2380
25.3579 1904
25.423 1428
25.423 1904
25.4266 1428
25.4266 1904
25.4374 1428
25.4374 1904
25.4374 5712
25.654 5236
25.6576 4760
25.6612 4284
25.6648 3808
25.6684 3332
25.672 2856
25.7444 2380
25.748 1904
25.7515 1428
25.7515 1904
25.7551 1428
25.7551 1904
25.7592 1428
25.7592 1904
25.8562 1428
25.8562 1904
25.8562 5712
25.9897 5236
25.9933 4760
25.9969 4284
26.0693 3808
26.0729 3332
26.0765 2380
26.0837 1428
26.0837 1904
26.0873 952
26.0873 1428
26.0873 1904
26.0909 952
26.0909 1428
26.0909 1904
26.0945 952
26.0945 4284
26.0949 3808
26.0981 3332
26.192 2856
26.192 5712
26.4374 5236
26.441 4760
26.5097 4284
26.5133 3808
26.5169 3332
26.5205 2856
26.5277 2380
26.5313 1904
26.5349 1428
26.5349 1904
26.5385 1428
26.5385 1904
26.5425 1428
26.5425 1904
26.5425 5712
26.9865 6188
26.9865 5712
26.9973 5236
27.0009 4760
27.0045 4284
27.0081 3808
27.0692 3332
27.0728 2856
27.0804 2380
27.084 1904
27.0876 952
27.0876 1428
27.0876 1904
27.0912 952
27.0912 5712
27.1923 5236
27.1923 6188
27.2031 6664
27.2031 6188
27.2067 5712
27.2103 5236
27.2139 4760
27.2175 4284
27.2211 3808
27.2247 3332
27.297 2856
27.3006 2380
27.3042 1904
27.3078 1428
27.3078 1904
27.3114 1428
27.3114 1904
27.3923 476
27.4125 1904
29.7677 2380
29.7677 1904
29.7713 1428
29.7713 1904
29.8594 476
29.8724 1904
30.2118 2380
30.2118 1904
30.3034 476
30.3093 1904
30.6212 476
30.6414 1904
34.2225 2380
34.2225 1904
34.2261 1428
34.2261 1904
34.3142 476
34.3236 1904
34.8795 2380
34.8795 1904
34.8831 1428
34.8831 1904
34.9712 476
34.9806 3808
35.2152 4284
35.2152 3808
35.2188 3332
35.2224 2856
35.226 2380
35.2296 1904
35.3163 1428
35.3163 1904
35.3199 1428
35.3199 1904
35.3199 4284
35.652 3808
35.6556 3332
35.7352 2856
35.7388 2380
35.746 1904
35.7496 1428
35.7496 1904
35.7532 1428
35.7532 1904
35.7567 1428
35.7567 1904
35.7567 4284
35.8795 3808
35.959 3332
35.9626 2856
35.9662 2380
35.9698 1904
35.9734 1428
35.9734 1904
35.9806 1428
35.9806 1904
35.9846 1428
35.9846 1904
35.9846 4284
36.1069 4760
36.1069 4284
36.1105 3808
36.1828 3332
36.1864 2856
36.1972 2380
36.2008 1904
36.2044 1428
36.2044 1904
36.208 1428
36.208 1904
36.2116 1428
36.2116 1904
36.2116 4760
36.5401 5236
36.5401 4760
36.5437 4284
36.5473 3808
36.5509 3332
36.5545 2856
36.6304 2380
36.634 1904
36.6412 1428
36.6412 1904
36.6448 1428
36.6448 1904
36.7459 1428
36.7459 1904
36.7495 1428
36.7495 1904
36.7495 5236
36.8794 5712
36.8794 5236
36.883 4760
36.9553 4284
36.9589 3808
36.9625 3332
36.9697 2856
36.9733 2380
36.9769 1428
36.9769 1904
36.9805 952
36.9805 1428
36.9805 1904
36.9841 952
36.9841 4760
36.9877 4284
37.0816 3808
37.0816 5712
37.3054 5236
37.309 4760
37.3126 4284
37.3162 3808
37.3198 3332
37.3234 2856
37.3994 2380
37.4029 1904
37.4101 1428
37.4101 1904
37.4101 5712
37.54 6188
37.54 5712
37.5436 5236
37.5472 4760
37.6088 4284
37.6124 3808
37.6232 3332
37.6268 2856
37.6303 2380
37.6339 1904
37.6376 1428
37.6376 1904
37.6412 1428
37.6412 1904
37.6447 1428
37.6447 1904
37.6447 6188
37.9517 6664
37.9517 6188
37.9553 5712
37.9589 5236
37.9625 4760
37.9661 4284
37.9697 3808
37.9733 3332
37.9769 2856
37.9841 2380
37.9877 1904
37.9913 1428
37.9913 1904
37.9949 1428
37.9949 1904
38.0564 1428
38.0564 1904
38.0996 6664
38.327 7140
38.327 6664
38.3306 6188
38.3342 5712
38.3378 5236
38.3414 4760
38.345 4284
38.4101 3808
38.4137 3332
38.4209 2856
38.4245 2380
38.4281 1428
38.4281 1904
38.4317 952
38.4317 1428
38.4317 1904
38.4321 952
38.4321 6188
38.4353 5712
38.5328 5236
38.5328 7140
38.5368 6664
38.6627 7140
38.6627 6664
38.6663 6188
38.6699 5712
38.6735 5236
38.6771 4760
38.6807 4284
38.7458 3808
38.7494 3332
38.753 2380
38.7602 1428
38.7602 1904
38.7638 952
38.7638 1428
38.7638 1904
38.7674 952
38.7674 5236
38.771 4760
38.8649 4284
38.8649 7140
38.8721 6664
38.9948 7140
38.9948 6664
38.9984 6188
39.002 5712
39.0056 5236
39.0092 4760
39.0128 4284
39.0164 3808
39.0779 3332
39.0887 2856
39.0923 2380
39.0959 1904
39.0995 1428
39.0995 1904
39.0995 7140
39.1934 6664
39.2186 7140
39.2186 6664
39.2222 6188
39.2258 5712
39.233 5236
39.2366 4760
39.2402 3808
39.2438 2856
39.2981 1904
39.3089 952
39.3089 1428
39.3089 1904
39.3125 952
39.3125 1428
39.3125 1904
39.3162 952
39.3162 1428
39.3162 1904
39.3198 952
39.3198 1428
39.3198 1904
39.3233 952
39.3233 3808
39.3269 3332
39.428 2856
39.428 7140
39.4316 6664
39.5687 7140
39.5687 6664
39.5723 6188
39.5759 5712
39.6375 5236
39.6411 4760
39.6446 4284
39.6519 3808
39.6555 3332
39.6591 2380
39.6627 1428
39.6627 1904
39.6699 952
39.6699 1904
39.6734 952
39.6734 5236
39.677 4760
39.7746 4284
39.7746 7140
39.7781 6664
39.8865 7140
39.8865 6664
39.8901 6188
39.8937 5712
39.8973 5236
39.9009 4760
39.9045 4284
39.9081 3808
39.9117 3332
39.9153 2856
39.9189 2380
39.9225 1904
39.984 1428
39.984 1904
39.9876 1428
39.9876 1904
39.9912 1428
39.9912 1904
39.9912 7140
40.0887 6664
40.233 6188
40.2366 5712
40.2402 5236
40.2981 4760
40.3017 4284
40.3161 3808
40.3197 3332
40.3233 2856
40.3305 2380
40.3341 1904
40.3377 952
40.3377 1428
40.3377 1904
40.3381 952
40.3381 6188
40.3413 5712
40.4424 5236
40.4424 6664
40.5759 6188
40.5831 5712
40.5867 5236
40.5903 4760
40.6518 4284
40.6554 3808
40.6698 3332
40.6734 2380
40.681 1428
40.681 1904
40.6842 1428
40.6842 1904
40.6878 1428
40.6878 1904
40.7745 952
40.7745 1428
40.7745 1904
40.7857 952
40.7857 2856
40.7925 2380
40.8792 1904
40.8792 6664
41.139 7616
41.139 7140
41.139 6664
41.1426 6188
41.1969 5712
41.2005 5236
41.2041 4760
41.2077 4284
41.2113 3808
41.2293 3332
41.2329 2856
41.2365 1904
41.2401 952
41.2401 6664
41.2437 6188
41.2442 5712
41.2473 5236
41.2509 4760
41.3448 4284
41.3448 7616
41.352 6664
41.4639 7140
41.4639 6664
41.4675 6188
41.4711 5712
41.4747 5236
41.4783 4760
41.4819 4284
41.4855 3808
41.4927 3332
41.5543 2856
41.5579 1904
41.5615 952
41.5615 1428
41.5615 1904
41.5651 952
41.5651 1428
41.5651 1904
41.5687 952
41.5687 5712
41.5722 5236
41.6662 4760
41.6662 7140
41.6734 6664
41.8141 6188
41.8141 5712
41.8828 5236
41.8864 4760
41.89 4284
41.8936 3808
41.8972 3332
41.9008 2856
41.9044 2380
41.908 1904
41.9116 1428
41.9116 1904
41.9187 1428
41.9187 1904
41.9192 1428
41.9192 1904
42.0235 6664
42.4711 6188
42.4711 5712
42.5398 5236
42.5434 4760
42.547 4284
42.5506 3808
42.5542 3332
42.5578 2856
42.565 2380
42.5686 1904
42.5722 1428
42.5722 1904
42.5758 1428
42.5758 1904
42.5758 6664
42.6949 6188
42.6985 5712
42.7021 5236
42.7057 4760
42.7093 4284
42.7129 3808
42.7165 3332
42.7492 2856
42.7528 2380
42.7924 1904
42.796 1428
42.796 1904
42.7996 1428
42.7996 1904
42.8032 1428
42.8032 1904
42.9007 1428
42.9007 1904
42.9043 1428
42.9043 1904
42.9043 6664
43.0162 7140
43.0162 6664
43.0198 6188
43.0234 5712
43.027 5236
43.0306 4760
43.0342 4284
43.0378 3808
43.0414 3332
43.045 2856
43.0486 2380
43.0522 1904
43.1122 476
43.1137 1904
43.3216 2380
43.3216 1904
43.3396 1428
43.3396 1904
43.3432 1428
43.3432 1904
43.4213 476
43.4263 3808
43.5598 4284
43.5598 3808
43.5634 3332
43.6358 2856
43.6502 2380
43.6537 1904
43.6574 1428
43.6574 1904
43.661 1428
43.661 1904
43.6645 1428
43.6645 1904
43.6645 4284
43.7621 1904
44.0066 476
44.0906 4284
44.726 4760
44.726 4284
44.7296 3808
44.7332 3332
44.7368 2856
44.744 2380
44.7548 1904
44.8343 1428
44.8343 1904
44.8631 1428
44.8631 1904
44.9426 1428
44.9426 1904
44.9678 1428
44.9678 1904
44.9793 476
45.0473 1904
45.3035 2380
45.3035 1904
45.3072 1428
45.3072 1904
45.4047 1428
45.4047 1904
45.4078 476
45.4082 3808
45.9709 4284
45.9709 3808
46.054 3332
46.0576 2856
46.0612 2380
46.0648 1904
46.0684 1428
46.0684 1904
46.072 1428
46.072 1904
46.0756 1428
46.0756 1904
46.0756 4284
46.285 4760
46.285 4284
46.2886 3808
46.2922 3332
46.2958 2856
46.303 2380
46.3066 1904
46.3825 1428
46.3825 1904
46.3902 1428
46.3902 1904
46.3902 4760
46.6284 4284
46.7003 3808
46.7039 3332
46.7115 2856
46.7151 2380
46.7223 1904
46.7259 1428
46.7259 1904
46.7295 1428
46.7295 1904
46.7331 1428
46.7331 1904
46.7331 4760
46.8522 5236
46.8522 4760
46.8558 4284
46.8594 3808
46.9353 3332
46.9389 2856
46.9425 2380
46.9461 1904
46.9497 1428
46.9497 1904
46.9533 1428
46.9533 1904
47.0544 1428
47.0544 1904
47.0544 5236
47.1591 4760
47.289 4284
47.2926 3808
47.2962 3332
47.3685 2856
47.3721 2380
47.3829 1904
47.3865 1428
47.3865 1904
47.3901 1428
47.3901 1904
47.3937 1428
47.3937 1904
47.3937 4760
47.5092 4284
47.5128 3808
47.5164 3332
47.5995 2856
47.6031 2380
47.6067 1904
47.6139 1428
47.6139 1904
47.6139 4760
48.0543 4284
48.0651 3808
48.0687 3332
48.0723 2856
48.0759 2380
48.1482 1904
48.1518 1428
48.1518 1904
48.1554 1428
48.1554 1904
48.159 1428
48.159 1904
48.159 4760
48.6174 5236
48.6174 4760
48.6933 4284
48.6969 3808
48.7005 3332
48.7077 2856
48.7113 2380
48.7149 1428
48.7149 1904
48.7221 952
48.7221 4760
48.7257 4284
48.8196 3808
48.8196 5236
48.8268 4760
48.8484 5236
48.8484 4284
48.852 3332
48.8556 2380
48.9243 1428
48.9243 1904
48.9279 952
48.9279 1428
48.9279 1904
48.9459 952
48.9459 1428
48.9459 1904
48.9495 952
48.9495 1428
48.9495 1904
48.9531 952
48.9531 1428
48.9531 1904
48.9536 952
48.9536 1428
48.9536 1904
48.9567 1428
48.9567 1904
48.9567 5236
49.0578 4760
49.0866 4284
49.0902 3808
49.1625 3332
49.1697 2856
49.1733 2380
49.1806 1904
49.1842 1428
49.1842 1904
49.1877 1428
49.1877 1904
49.1913 1428
49.1913 1904
49.1913 4760
49.3069 5712
49.3069 4760
49.3105 3808
49.3141 2856
49.3176 1904
49.3972 952
49.3972 1428
49.3972 1904
49.4044 952
49.4044 1428
49.4044 1904
49.4116 952
49.4116 1428
49.4116 1904
49.4152 1428
49.4152 1904
49.4188 1428
49.4188 1904
49.5163 1428
49.5163 1904
49.5235 1428
49.5235 1904
49.5271 1428
49.5271 1904
49.6282 1428
49.6282 1904
49.63 476
49.6318 1904
50.4982 2380
50.4982 1904
50.5018 1428
50.5018 1904
50.5899 476
50.5993 3808
51.1588 3332
51.1624 2856
51.166 2380
51.2527 1904
51.2599 1428
51.2599 1904
51.2635 1428
51.2635 1904
51.2635 3808
51.4729 4284
51.4729 3332
51.4765 2380
51.4801 1428
51.4801 1904
51.4909 952
51.4909 1428
51.4909 1904
51.4945 952
51.4945 1428
51.4945 1904
51.5741 952
51.5741 1428
51.5741 1904
51.5776 952
51.5776 1428
51.5776 1904
51.5812 1428
51.5812 1904
51.5812 4284
52.1192 3808
52.1228 3332
52.1264 2856
52.2059 2380
52.2131 1904
52.2203 1428
52.2203 1904
52.2243 1428
52.2243 1904
52.2243 4284
52.8341 4760
52.8341 4284
52.8377 3808
52.8665 3332
52.8701 2856
52.8737 2380
52.8773 1904
52.8845 1428
52.8845 1904
52.9424 1428
52.9424 1904
52.9424 4760
53.1626 5712
53.1626 5236
53.1626 4760
53.1662 4284
53.1698 3808
53.1734 3332
53.177 2856
53.1806 2380
53.2094 1904
53.2601 1428
53.2601 1904
53.2673 1428
53.2673 1904
53.2673 5712
53.2745 4760
53.4983 5236
53.4983 4760
53.5019 3808
53.5055 2856
53.5091 1904
53.585 952
53.585 1428
53.585 1904
53.5886 952
53.5886 1428
53.5886 1904
53.5994 952
53.5994 1904
53.603 952
53.603 1904
53.6066 1428
53.6066 1904
53.7041 1428
53.7041 1904
53.7041 5236
53.7077 4760
53.9171 5236
53.9171 4760
53.9207 4284
53.9243 3808
53.9315 3332
53.9423 2380
53.9459 1428
53.9459 1904
54.0182 952
54.0182 4284
54.0223 3808
54.0254 3332
54.047 2856
54.1301 2380
54.1337 1904
54.1373 1428
54.1373 1904
54.1409 1428
54.1409 1904
54.1518 1428
54.1518 1904
54.1518 5236
54.242 4760
54.5886 4284
54.5922 3808
54.5958 3332
54.5994 2856
54.603 2380
54.6825 1904
54.6861 1428
54.6861 1904
54.6897 1428
54.6897 1904
54.6933 1428
54.6933 1904
54.6933 4760
55.0506 5236
55.0506 4760
55.0542 4284
55.0578 3808
55.1121 3332
55.1157 2856
55.1409 2380
55.1445 1904
55.1481 1428
55.1481 1904
55.1517 1428
55.1517 1904
55.2362 476
55.2528 1904
55.8824 2380
55.8824 1904
55.886 1428
55.886 1904
55.9741 476
55.9835 1904
56.2109 2380
56.2109 1904
56.3026 476
56.312 1904
56.6203 2380
56.6203 1904
56.6297 1428
56.6297 1904
56.7176 476
56.7214 1904
58.2448 2380
58.2448 1904
58.2484 1428
58.2484 1904
58.3365 476
58.3459 3808
59.3242 4760
59.3242 3332
59.3278 1904
59.4217 476
59.4217 952
59.4217 1904
59.4253 476
59.4253 952
59.4253 1904
59.4289 476
59.4289 952
59.4289 1904
59.4325 952
59.4325 1428
59.4325 1904
59.5264 1428
59.5264 1904
59.5264 4760
59.7358 5712
59.7358 5236
59.7358 4760
59.7394 4284
59.743 3808
59.7466 3332
59.7538 2856
59.7574 2380
59.761 1904
59.7646 1428
59.7646 1904
59.8441 1428
59.8441 1904
59.8441 5712
59.8693 4760
59.9525 5236
59.9525 4760
59.9596 4284
59.9632 3808
59.9668 3332
59.9704 2856
59.974 2380
59.9777 1904
60.0536 1428
60.0536 1904
60.0572 1428
60.0572 1904
60.0572 5236
60.0643 4760
60.2774 5236
60.2774 4760
60.281 4284
60.2846 3808
60.2954 3332
60.299 2856
60.3026 2380
60.3062 1904
60.3749 1428
60.3749 1904
60.3785 1428
60.3785 1904
60.3821 1428
60.3821 1904
60.3821 5236
60.4796 4760
60.725 5236
60.725 4760
60.7973 4284
60.8009 3808
60.8081 3332
60.8117 2856
60.8153 2380
60.8225 1904
60.8261 1428
60.8261 1904
60.8297 1428
60.8297 1904
60.8333 1428
60.8333 1904
60.9308 1428
60.9308 1904
60.9344 1428
60.9344 1904
60.9344 5236
60.938 4760
61.0535 4284
61.0571 3808
61.0607 3332
61.0643 2856
61.0679 2380
61.1474 1904
61.151 1428
61.151 1904
61.1546 1428
61.1546 1904
61.1582 1428
61.1582 1904
61.1582 4760
61.2845 4284
61.3604 3808
61.364 3332
61.3676 2856
61.3712 2380
61.3784 1904
61.382 1428
61.382 1904
61.3892 1428
61.3892 1904
61.3897 1428
61.3897 1904
61.4939 4760
61.6962 5236
61.6962 4760
61.6998 4284
61.7069 3808
61.7105 3332
61.7177 2856
61.7213 2380
61.7249 1904
61.7285 1428
61.7285 1904
61.7357 1428
61.7357 1904
61.7357 5236
61.8009 4760
62.0714 4284
62.075 3808
62.0786 3332
62.0822 2856
62.0858 2380
62.1653 1904
62.1689 1428
62.1689 1904
62.1725 1428
62.1725 1904
62.1761 1428
62.1761 1904
62.1761 4760
62.519 4284
62.595 3808
62.5986 3332
62.6022 2856
62.613 2380
62.6166 1904
62.6202 1428
62.6202 1904
62.6237 1428
62.6237 1904
62.6237 4760
62.8368 5236
62.8368 4760
62.8404 4284
62.844 3808
62.8512 3332
62.8548 2856
62.8584 1904
62.9307 952
62.9307 1428
62.9307 1904
62.9379 952
62.9379 1428
62.9379 1904
62.9415 952
62.9415 3808
62.9451 3332
63.0354 2856
63.0354 5236
63.0462 4760
63.1653 4284
63.1689 3808
63.2448 3332
63.2556 2856
63.2592 2380
63.2628 1428
63.2628 1904
63.27 952
63.27 5236
63.27 4760
63.2704 4284
63.2736 3808
63.3675 3332
63.3675 4760
63.8043 5236
63.8043 4760
63.8115 4284
63.8151 3808
63.8187 3332
63.8223 2856
63.8259 2380
63.8295 1904
63.9018 1428
63.9018 1904
63.9054 1428
63.9054 1904
63.909 1428
63.909 1904
63.909 5236
64.0065 4760
64.2375 5236
64.2375 4760
64.2411 4284
64.2483 3808
64.2519 3332
64.3207 2856
64.3243 2380
64.3279 1904
64.3386 1428
64.3386 1904
64.3427 1428
64.3427 1904
64.3427 5236
64.353 4760
64.5876 4284
64.5876 3808
64.6743 3332
64.6779 2856
64.6815 2380
64.6851 1904
64.6887 1428
64.6887 1904
64.6923 1428
64.6923 1904
64.6923 4760
65.2123 5236
65.2123 4284
65.2338 3332
65.2374 2380
65.241 1428
65.241 1904
65.2446 952
65.2446 1428
65.2446 1904
65.2554 952
65.2554 1428
65.2554 1904
65.259 952
65.259 1428
65.259 1904
65.3134 952
65.3134 1428
65.3134 1904
65.317 952
65.317 1428
65.317 1904
65.3638 1428
65.3638 1904
65.4181 1428
65.4181 1904
65.4217 1428
65.4217 1904
65.4217 5236
65.5264 4760
65.8549 5236
65.8549 4760
65.8585 4284
65.8621 3808
65.8657 3332
65.8729 2856
65.8765 2380
65.9524 1428
65.9524 1904
65.956 952
65.956 1428
65.956 1904
65.9596 952
65.9596 4284
65.9632 3808
66.0571 3332
66.0571 5236
66.0643 4760
66.1654 5236
66.1654 4760
66.169 4284
66.1726 3808
66.1762 3332
66.1798 2856
66.1834 2380
66.187 1904
66.1906 1428
66.1906 1904
66.2701 1428
66.2701 1904
66.2705 1428
66.2705 1904
66.2705 5236
66.3748 4760
66.3856 5236
66.3856 4760
66.3892 4284
66.3928 3808
66.3964 3332
66.4 2856
66.4036 2380
66.4795 1904
66.4831 1428
66.4831 1904
66.4867 1428
66.4867 1904
66.4908 1428
66.4908 1904
66.4908 5236
66.5914 4760
66.924 4284
66.924 3808
66.9276 3332
66.9312 2856
66.9348 2380
67.0246 1904
67.0282 1428
67.0282 1904
67.0282 4760
67.8947 5236
67.8947 4760
67.8982 4284
67.9018 3808
67.9198 3332
67.9234 2856
67.927 2380
67.9306 1904
67.9922 1428
67.9922 1904
67.9958 1428
67.9958 1904
68.003 1428
68.003 1904
68.0223 476
68.0969 1904
68.6519 476
68.6613 1904
69.1862 2380
69.1862 1904
69.1898 1428
69.1898 1904
69.2873 1428
69.2873 1904
69.2914 1428
69.2914 1904
69.2914 2380
70.1394 1904
70.143 1428
70.143 1904
70.2405 1428
70.2405 1904
70.2445 1428
70.2445 1904
70.2445 2380
70.4571 2856
70.4571 2380
70.4607 1904
70.4643 1428
70.4643 1904
70.4679 1428
70.4679 1904
70.5618 1428
70.5618 1904
70.5618 2856
70.8975 3332
70.8975 2856
70.9878 2380
70.9914 1904
70.995 1428
70.995 1904
70.9986 1428
70.9986 1904
71.0022 1428
71.0022 1904
71.0022 3332
71.2188 2856
71.2224 2380
71.3127 1904
71.3163 1428
71.3163 1904
71.3199 1428
71.3199 1904
71.3235 1428
71.3235 1904
71.3235 3332
71.5329 3808
71.5329 3332
71.5365 2856
71.5437 2380
71.5473 1904
71.6304 1428
71.6304 1904
71.634 1428
71.634 1904
71.638 1428
71.638 1904
71.638 3808
71.8547 4760
71.8547 4284
71.8583 3808
71.8619 3332
71.9482 2856
71.9522 2380
71.9594 1904
71.963 1428
71.963 1904
71.9666 1428
71.9666 1904
72.0641 1428
72.0641 1904
72.0641 4760
72.4106 5236
72.4106 4760
72.4142 4284
72.4178 3808
72.4937 3332
72.4973 2856
72.5045 2380
72.5081 1904
72.5117 952
72.5117 1428
72.5117 1904
72.5153 952
72.5153 4760
72.5189 4284
72.6164 3808
72.6164 5236
72.62 4760
72.7463 5236
72.7463 4760
72.7499 4284
72.7535 3808
72.8294 3332
72.8366 2856
72.8402 2380
72.8438 1428
72.8438 1904
72.8474 952
72.8474 1428
72.8474 1904
72.851 952
72.851 4284
72.8546 3808
72.9485 3332
72.9485 5236
72.9557 4760
72.9737 4284
73.0532 3808
73.0568 3332
73.064 2856
73.0676 2380
73.0712 1428
73.0712 1904
73.0748 952
73.0748 1428
73.0748 1904
73.0784 952
73.0784 4284
73.0788 3808
73.082 3332
73.1759 2856
73.1759 4760
73.2914 4284
73.295 3808
73.2986 3332
73.3022 2856
73.3058 2380
73.3094 1904
73.3854 1428
73.3854 1904
73.3925 1428
73.3925 1904
73.3966 1428
73.3966 1904
73.3966 4760
73.526 4284
73.5948 3808
73.5984 3332
73.6092 2856
73.6128 2380
73.62 1904
73.6236 1428
73.6236 1904
73.6272 1428
73.6272 1904
73.6307 1428
73.6307 1904
73.6307 4760
74.0532 5236
74.0532 4760
74.0568 4284
74.0604 3808
74.0784 3332
74.082 2856
74.0892 2380
74.0928 1904
74.0964 1428
74.0964 1904
74.1543 1428
74.1543 1904
74.1583 1428
74.1583 1904
74.1583 5236
74.2011 4760
74.2878 4284
74.2914 3808
74.3058 3332
74.3745 2856
74.3817 2380
74.3853 1428
74.3853 1904
74.3889 952
74.3889 1428
74.3889 1904
74.3925 952
74.3925 4284
74.3929 3808
74.3961 3332
74.49 2856
74.49 4760
74.7246 5236
74.7246 4760
74.8077 4284
74.8113 3808
74.8149 2856
74.8185 1904
74.8257 952
74.8257 1904
74.8293 952
74.8293 3332
74.8329 2856
74.9124 2380
74.9304 1904
74.9304 5236
74.934 4760
75.3708 5236
75.3708 4760
75.3744 4284
75.378 3808
75.3816 3332
75.3852 2856
75.3888 2380
75.4683 1904
75.4719 1428
75.4719 1904
75.4755 1428
75.4755 1904
75.4755 5236
75.573 4760
75.6885 6188
75.6885 5712
75.6885 4760
75.6957 4284
75.6993 3808
75.7029 3332
75.7065 2856
75.7101 2380
75.7946 476
75.7969 1904
76.6538 2380
76.6538 1904
76.7549 1428
76.7549 1904
76.759 1428
76.759 1904
76.759 2380
76.9788 3332
76.9788 2856
76.9824 2380
77.0727 1904
77.0835 1428
77.0835 1904
77.0835 3332
77.82 3808
77.82 3332
77.8236 2856
77.8308 2380
77.8344 1904
77.9139 1428
77.9139 1904
77.9175 1428
77.9175 1904
77.9247 1428
77.9247 1904
77.9247 3808
78.2604 3332
78.3399 2856
78.3435 2380
78.3543 1904
78.3579 1428
78.3579 1904
78.3615 1428
78.3615 1904
78.3655 1428
78.3655 1904
78.3655 3808
78.8239 3332
78.907 2856
78.907 1904
78.9178 1428
78.9178 1904
78.9214 1428
78.9214 1904
78.925 1428
78.925 1904
78.9286 1428
78.9286 1904
78.9286 3808
78.929 1904
79.1344 3808
79.5676 4284
79.5676 3808
79.5712 3332
79.5748 2856
79.582 2380
79.5856 1904
79.6687 1428
79.6687 1904
79.7734 4284
79.8889 4760
79.8889 4284
79.8925 3808
79.8997 3332
79.9033 2856
79.9806 476
79.9864 1904
81.9682 2380
81.9682 1904
81.9718 1428
81.9718 1904
82.0599 476
82.0693 1904
83.2404 476
83.2499 1904
83.5546 476
83.5712 1904
84.4484 2380
84.4484 1904
84.5185 1428
84.5185 1904
84.5401 476
84.5531 3808
84.9899 4284
84.9899 3808
84.9935 2856
85.0007 1904
85.0043 952
85.0043 1428
85.0043 1904
85.0079 952
85.0079 1428
85.0079 1904
85.0528 952
85.0528 2380
85.0564 1904
85.0946 1428
85.0946 1904
85.0982 1428
85.0982 1904
85.1126 1428
85.1126 1904
85.1126 4284
85.7929 4760
85.7929 4284
85.8037 3808
85.8455 3332
85.8491 1904
85.8527 476
85.8527 952
85.8527 1904
85.8563 476
85.8563 952
85.8563 1904
85.8976 476
85.8976 2380
85.9574 1428
85.9574 1904
85.961 1428
85.961 1904
85.961 4760
86.0658 5236
86.0658 4760
86.0694 4284
86.0729 3808
86.0765 3332
86.0801 2856
86.0837 2380
86.0873 1904
86.1107 1428
86.1107 1904
86.1705 1428
86.1705 1904
86.2752 5236
86.3201 4760
86.6073 5236
86.6073 4760
86.6109 4284
86.6145 3808
86.6181 3332
86.6976 2856
86.7012 2380
86.7048 1904
86.7084 1428
86.7084 1904
86.712 1428
86.712 1904
86.7124 1428
86.7124 1904
86.7124 5236
86.8131 4760
87.2427 5236
87.2427 4760
87.2499 4284
87.2535 3808
87.2571 3332
87.2607 2856
87.2643 2380
87.2679 1904
87.2715 1428
87.2715 1904
87.3438 1428
87.3438 1904
87.3474 1428
87.3474 1904
87.3474 5236
87.3762 4760
87.564 5712
87.564 5236
87.564 4760
87.5676 4284
87.5712 3808
87.5748 3332
87.5784 2856
87.582 2380
87.5856 1904
87.6615 1428
87.6615 1904
87.6687 1428
87.6687 1904
87.6687 5712
87.6759 4760
88.0044 3808
88.008 2856
88.0116 1904
88.0152 952
88.0152 1428
88.0152 1904
88.0188 952
88.0188 1428
88.0188 1904
88.1019 952
88.1019 1428
88.1019 1904
88.1055 952
88.1055 1428
88.1055 1904
88.1091 952
88.1091 1904
88.1095 1428
88.1095 1904
88.1127 1428
88.1127 1904
88.1127 4760
88.3293 5236
88.3293 4760
88.3329 4284
88.3365 3332
88.3401 2380
88.3437 1428
88.3437 1904
88.3473 952
88.3473 1428
88.3473 1904
88.4233 952
88.4233 1428
88.4233 1904
88.4269 952
88.4269 1428
88.4269 1904
88.4341 952
88.4341 2380
88.4377 1904
88.528 1428
88.528 1904
88.528 5236
88.5388 4760
89.0839 5236
89.0839 4760
89.0911 4284
89.0947 3808
89.0983 3332
89.1019 2856
89.1055 2380
89.1814 1904
89.185 1428
89.185 1904
89.1886 1428
89.1886 1904
89.1886 5236
89.1958 4760
89.3149 5236
89.3149 4760
89.3185 4284
89.3221 3808
89.398 3332
89.4016 2856
89.4052 2380
89.4088 1904
89.4124 1428
89.4124 1904
89.4196 1428
89.4196 1904
89.5243 5236
89.6218 4760
89.7589 4284
89.7589 3808
89.7625 3332
89.7661 2856
89.7697 2380
89.8528 1904
89.8564 1428
89.8564 1904
89.86 1428
89.86 1904
89.8636 1428
89.8636 1904
89.8636 4760
90.3979 5236
90.3979 4284
90.4015 3332
90.4051 2380
90.4087 1428
90.4087 1904
90.4159 952
90.4159 1428
90.4159 1904
90.4195 952
90.4195 1428
90.4195 1904
90.4954 952
90.4954 1428
90.4954 1904
90.499 952
90.499 1904
90.503 1428
90.503 1904
90.5062 1428
90.5062 1904
90.5062 5236
90.6037 4760
91.1601 5236
91.1601 4284
91.1637 3332
91.1673 2380
91.1709 1428
91.1709 1904
91.1781 952
91.1781 1428
91.1781 1904
91.1817 952
91.1817 1428
91.1817 1904
91.2576 952
91.2576 1428
91.2576 1904
91.2612 952
91.2612 1904
91.2652 1428
91.2652 1904
91.2684 1428
91.2684 1904
91.3731 5236
91.3767 4760
91.4814 5236
91.4814 4760
91.485 4284
91.4886 3808
91.4922 3332
91.4958 2856
91.4994 2380
91.503 1904
91.5066 1428
91.5066 1904
91.5731 476
91.5825 1904
91.8279 2380
91.8279 1904
91.9146 1428
91.9146 1904
91.9196 476
91.929 1904
92.4647 476
92.5694 2380
93.2048 1904
93.2084 1428
93.2084 1904
93.3059 1428
93.3059 1904
93.3099 1428
93.3099 1904
93.3099 2380
93.5225 2856
93.5225 2380
93.5261 1904
93.5297 1428
93.5297 1904
93.6272 1428
93.6272 1904
93.7319 2856
94.3745 3332
94.3745 2856
94.3781 2380
94.4684 1904
94.472 1428
94.472 1904
94.4828 1428
94.4828 1904
94.5767 1428
94.5767 1904
94.5767 3332
94.6958 3808
94.6958 3332
94.7861 2856
94.7897 2380
94.7933 1428
94.7933 1904
94.7969 952
94.7969 1428
94.7969 1904
94.8005 952
94.8005 2856
94.8041 2380
94.898 1904
94.898 3808
95.0136 3332
95.0172 2856
95.0208 2380
95.1075 1904
95.1111 1428
95.1111 1904
95.1183 1428
95.1183 1904
95.1187 1428
95.1187 1904
95.223 3808
95.3349 4284
95.3349 3808
95.3385 3332
95.3421 2856
95.3457 2380
95.4324 1904
95.436 1428
95.436 1904
95.4396 1428
95.4396 1904
95.44 1428
95.44 1904
95.44 4284
95.6634 4760
95.6634 3808
95.667 2380
95.6706 952
95.6706 1428
95.6706 1904
95.7573 476
95.7573 952
95.7573 1904
95.7609 476
95.7609 952
95.7609 1904
95.7645 476
95.7645 952
95.7645 1904
95.7681 476
95.7681 952
95.7681 1904
95.7717 952
95.7717 1904
95.8656 1428
95.8656 1904
95.8656 4760
95.9883 4284
95.9919 3808
95.9955 3332
95.9991 2856
96.0027 2380
96.0822 1904
96.0858 1428
96.0858 1904
96.0894 1428
96.0894 1904
96.0934 1428
96.0934 1904
96.0934 4760
96.328 4284
96.3316 3808
96.3352 3332
96.4111 2856
96.4147 2380
96.4219 1904
96.4255 1428
96.4255 1904
96.4291 1428
96.4291 1904
96.4327 1428
96.4327 1904
96.4327 4760
96.5375 5236
96.5375 4760
96.5411 4284
96.5447 3808
96.5483 3332
96.5519 2856
96.5554 2380
96.559 1904
96.6327 476
96.635 1904
97.0767 2380
97.0767 1904
97.0803 1428
97.0803 1904
97.1779 1428
97.1779 1904
97.1819 1428
97.1819 1904
97.1819 2380
97.4017 2856
97.4017 2380
97.4053 1904
97.4125 1428
97.4125 1904
97.5064 1428
97.5064 1904
97.5064 2856
98.1634 3332
98.1634 2856
98.2551 476
98.2609 1904
99.5362 476
99.5367 3332
99.7672 3808
99.7672 3332
99.7744 2380
99.778 1428
99.778 1904
99.8683 952
99.8683 2856
99.8719 2380
99.8724 1904
99.8755 1428
99.8755 1904
99.973 1428
99.973 1904
99.973 3808
100.193 4284
100.193 3808
100.197 3332
100.2 2856
100.204 2380
100.208 1904
100.294 1428
100.294 1904
100.298 1428
100.298 1904
100.298 4284
100.735 5236
100.735 4760
100.738 4284
100.821 3808
100.825 3332
100.832 2856
100.839 2380
100.839 5236
101.031 5712
101.031 4760
101.034 3808
101.052 2856
101.063 1904
101.067 952
101.067 1428
101.067 1904
101.07 952
101.07 1428
101.07 1904
101.074 952
101.074 1428
101.074 1904
101.078 952
101.078 1904
101.081 1428
101.081 1904
101.136 1428
101.136 1904
101.139 1428
101.139 1904
101.139 5712
101.182 5236
101.374 5712
101.374 5236
101.377 4760
101.395 4284
101.399 3808
101.457 3332
101.461 2856
101.464 2380
101.468 1904
101.471 1428
101.471 1904
101.475 1428
101.475 1904
101.478 1428
101.478 1904
101.478 5712
101.576 5236
102.002 5712
102.002 5236
102.009 4760
102.013 4284
102.016 3332
102.02 2380
102.027 1428
102.027 1904
102.031 952
102.031 1428
102.031 1904
102.034 952
102.034 1428
102.034 1904
102.038 952
102.038 3332
102.042 2856
102.107 2380
102.11 1904
102.139 1428
102.139 1904
102.139 5712
102.143 5236
102.262 4760
102.265 4284
102.269 3808
102.273 3332
102.276 2856
102.28 2380
102.356 1904
102.359 1428
102.359 1904
102.363 1428
102.363 1904
102.367 1428
102.367 1904
102.367 5236
102.598 6664
102.598 6188
102.598 5236
102.601 4760
102.605 4284
102.608 3808
102.684 3332
102.688 2856
102.688 1904
102.691 1428
102.691 1904
102.695 1428
102.695 1904
102.702 1428
102.702 1904
102.702 6664
102.709 1904
102.904 6664
102.919 3808
102.919 3332
103.009 2856
103.013 2380
103.02 1904
103.024 1428
103.024 1904
103.024 6664
103.378 7140
103.378 6664
103.381 6188
103.385 5712
103.446 5236
103.45 4760
103.454 4284
103.457 3808
103.464 3332
103.468 2856
103.472 1904
103.475 952
103.475 1428
103.475 1904
103.479 952
103.479 1428
103.479 1904
103.482 952
103.482 5712
103.486 5236
103.58 4760
103.58 7140
103.594 6664
103.594 6188
103.598 5712
103.601 5236
103.605 4760
103.609 4284
103.612 3808
103.616 3332
103.685 2856
103.688 2380
103.692 1904
103.699 1428
103.699 1904
103.699 1428
103.699 1904
103.699 7140
104.056 7616
104.056 7140
104.06 6664
104.118 6188
104.121 5712
104.125 5236
104.129 4760
104.132 4284
104.136 3808
104.139 3332
104.143 2856
104.147 2380
104.15 1904
104.154 1428
104.154 1904
104.157 1428
104.157 1904
104.161 1428
104.161 1904
104.161 7616
104.41 7140
104.414 6664
104.417 6188
104.472 5712
104.475 5236
104.479 4760
104.482 4284
104.486 3808
104.49 3332
104.493 2856
104.497 2380
104.504 1904
104.508 1428
104.508 1904
104.511 1428
104.511 1904
104.515 1428
104.515 1904
104.515 7616
104.742 8092
104.742 7616
104.746 7140
104.749 6664
104.753 6188
104.757 5712
104.76 5236
104.764 4760
104.767 4284
104.771 3808
104.825 3332
104.829 2856
104.836 2380
104.843 1904
104.847 1428
104.847 1904
104.847 8092
104.959 7616
104.962 7140
104.966 6664
104.97 6188
104.98 5712
104.984 4760
104.988 3808
104.991 2856
104.995 1904
104.998 952
104.998 1428
104.998 1904
105.053 952
105.053 1428
105.053 1904
105.056 952
105.056 1428
105.056 1904
105.06 952
105.06 1428
105.06 1904
105.063 952
105.063 4760
105.064 4284
105.067 3808
105.085 3332
105.165 2856
105.165 8092
105.309 7616
105.309 7140
105.316 6664
105.32 6188
105.323 5236
105.327 4284
105.385 3332
105.392 2380
105.396 1428
105.396 1904
105.399 952
105.399 1428
105.399 1904
105.403 952
105.403 1428
105.403 1904
105.41 952
105.41 1428
105.41 1904
105.414 952
105.414 3332
105.515 2856
105.526 2380
105.53 1428
105.53 1904
105.533 952
105.533 1428
105.533 1904
105.614 476
105.619 1428
105.619 1904
106.166 476
106.175 1904
107.04 2380
107.04 1904
107.043 1428
107.043 1904
107.131 476
107.141 3808
107.368 4284
107.368 3332
107.372 2380
107.375 1428
107.375 1904
107.386 952
107.386 1428
107.386 1904
107.39 952
107.39 1428
107.39 1904
107.467 476
107.469 1428
107.469 1904
108.344 2380
108.344 1904
108.348 1428
108.348 1904
108.436 476
108.449 4284
108.684 3808
108.691 3332
108.695 2856
108.778 2380
108.789 1904
108.789 4284
109.002 4760
109.002 4284
109.005 3808
109.009 3332
109.012 2856
109.02 2380
109.023 1904
109.027 1428
109.027 1904
109.034 1428
109.034 1904
109.106 1428
109.106 1904
109.106 4760
109.536 5236
109.536 4760
109.539 4284
109.554 3808
109.561 3332
109.565 2856
109.568 1904
109.637 952
109.637 1428
109.637 1904
109.641 952
109.641 4284
109.644 3808
109.659 3332
109.742 2856
109.742 5236
110.186 5712
110.186 5236
110.189 4760
110.193 4284
110.196 3808
110.2 3332
110.204 2856
110.272 2380
110.276 1904
110.28 1428
110.28 1904
110.294 1428
110.294 1904
110.384 1428
110.384 1904
110.386 476
110.399 1904
110.926 2856
110.926 2380
111.023 1904
111.034 1428
111.034 1904
111.034 2856
111.37 3332
111.37 2380
111.373 1428
111.373 1904
111.465 476
111.475 1904
112.009 2380
112.009 1904
112.012 1428
112.012 1904
112.11 1428
112.11 1904
112.114 1428
112.114 1904
112.114 2380
112.54 2856
112.54 2380
112.543 1904
112.547 1428
112.547 1904
112.55 1428
112.55 1904
112.644 1428
112.644 1904
112.644 2856
113.081 3332
113.081 2856
113.085 2380
113.088 1904
113.095 1428
113.095 1904
113.186 1428
113.186 1904
113.186 3332
113.312 2856
113.316 2380
113.402 1904
113.406 1428
113.406 1904
113.41 1428
113.41 1904
113.413 1428
113.413 1904
113.413 3332
114.041 3808
114.041 3332
114.045 2856
114.052 2380
114.056 1904
114.059 952
114.059 1428
114.059 1904
114.146 952
114.146 3332
114.15 2856
114.164 2380
114.164 3808
114.272 4284
114.272 3808
114.276 3332
114.356 2856
114.366 2380
114.37 1904
114.374 1428
114.374 1904
114.377 1428
114.377 1904
114.377 4284
114.601 4760
114.601 4284
114.605 3808
114.68 3332
114.684 2856
114.691 2380
114.695 1904
114.698 1428
114.698 1904
114.702 1428
114.702 1904
114.706 1428
114.706 1904
114.706 4760
114.818 5236
114.818 4760
114.821 4284
114.825 3808
114.828 3332
114.832 2856
114.908 2380
114.911 1904
114.915 1428
114.915 1904
114.919 1428
114.919 1904
114.922 1428
114.922 1904
114.922 5236
115.125 5712
115.125 5236
115.128 4760
115.132 4284
115.135 3808
115.139 3332
115.15 2856
115.157 2380
115.161 1904
115.164 1428
115.164 1904
115.229 1428
115.229 1904
115.233 952
115.233 1428
115.233 1904
115.265 952
115.265 1904
115.269 1428
115.269 1904
115.338 1428
115.338 1904
115.338 5712
115.467 6188
115.467 5712
115.471 5236
115.475 4760
115.482 4284
115.485 3808
115.551 3332
115.554 2856
115.558 2380
115.561 1904
115.565 1428
115.565 1904
115.569 1428
115.569 1904
115.572 1428
115.572 1904
115.572 6188
115.803 6664
115.803 6188
115.807 5712
115.814 5236
115.879 4760
115.883 3808
115.886 2856
115.893 1904
115.897 952
115.897 1428
115.897 1904
115.901 952
115.901 1428
115.901 1904
115.904 952
115.904 1428
115.904 1904
115.908 952
115.908 3332
115.911 2856
116.005 2380
116.005 6664
116.345 7140
116.345 6664
116.348 6188
116.352 5712
116.355 5236
116.359 4760
116.363 4284
116.366 3808
116.37 3332
116.435 2856
116.439 2380
116.442 1904
116.446 1428
116.446 1904
116.449 1428
116.449 1904
116.449 7140
116.883 7616
116.883 7140
116.886 6664
116.89 6188
116.893 5712
116.897 5236
116.901 4760
116.904 4284
116.908 3808
116.911 3332
116.915 2856
116.973 2380
116.98 1904
116.984 1428
116.984 1904
116.987 1428
116.987 1904
116.991 1428
116.991 1904
117.088 1428
117.088 1904
117.092 1428
117.092 1904
117.092 7616
117.583 8092
117.583 7616
117.586 7140
117.641 6188
117.644 5236
117.648 4284
117.652 3332
117.655 2380
117.659 1428
117.659 1904
117.662 952
117.662 1428
117.662 1904
117.666 952
117.666 1428
117.666 1904
117.673 952
117.673 1428
117.673 1904
117.677 952
117.677 1428
117.677 1904
117.68 952
117.68 1428
117.68 1904
117.684 952
117.684 2856
117.688 2380
117.691 1904
117.789 1428
117.789 1904
117.789 8092
118.005 8568
118.005 8092
118.012 7616
118.016 7140
118.02 6188
118.023 5236
118.027 4284
118.034 3332
118.038 2380
118.045 1428
118.045 1904
118.048 952
118.048 1428
118.048 1904
118.052 952
118.052 1428
118.052 1904
118.103 952
118.103 1428
118.103 1904
118.106 952
118.106 1428
118.106 1904
118.11 952
118.11 2856
118.114 2380
118.211 1904
118.215 1428
118.215 1904
118.215 8568
118.218 8092
118.529 8568
118.529 8092
118.536 7616
118.543 7140
118.547 6664
118.55 5712
118.554 4760
118.558 3808
118.561 2856
118.565 1904
118.568 952
118.568 1428
118.568 1904
118.576 952
118.576 1428
118.576 1904
118.579 952
118.579 1428
118.579 1904
118.583 952
118.583 1428
118.583 1904
118.59 952
118.59 1428
118.59 1904
118.633 952
118.633 4284
118.637 3808
118.641 3332
118.695 2856
118.695 8568
118.738 8092
118.803 8568
118.803 8092
118.807 7616
118.814 7140
118.817 6664
118.821 6188
118.828 5712
118.832 5236
118.835 4760
118.839 4284
118.85 3808
118.857 3332
118.861 2856
118.864 2380
118.904 1904
118.908 1428
118.908 1904
118.908 8568
118.918 8092
119.128 8568
119.128 8092
119.131 7616
119.135 6664
119.139 5712
119.142 4760
119.149 3808
119.153 2856
119.157 1428
119.157 1904
119.16 476
119.16 952
119.16 1904
119.164 476
119.164 952
119.164 1904
119.171 476
119.171 952
119.171 1904
119.175 476
119.175 952
119.175 1904
119.222 476
119.222 952
119.222 1904
119.225 476
119.225 2380
119.229 1428
119.229 1904
119.233 952
119.233 1904
119.236 952
119.236 1428
119.236 1904
119.327 952
119.327 3808
119.33 3332
119.331 2856
119.331 8568
119.341 8092
119.467 7616
119.471 7140
119.474 6664
119.478 6188
119.482 5712
119.485 5236
119.489 4760
119.492 4284
119.543 3808
119.547 3332
119.55 2856
119.561 2380
119.565 1904
119.568 952
119.568 1428
119.568 1904
119.572 952
119.572 8092
119.572 7616
119.576 7140
119.673 6664
119.673 8092
119.936 8568
119.936 8092
119.94 7616
119.991 7140
119.994 6664
119.998 6188
120.002 5712
120.005 5236
120.009 4760
120.012 4284
120.016 3808
120.02 3332
120.027 2856
120.03 2380
120.034 1428
120.034 1904
120.038 952
120.038 1428
120.038 1904
120.041 952
120.041 7616
120.045 7140
120.139 6664
120.139 8568
120.146 8092
120.182 7616
120.182 7140
120.185 6664
120.189 6188
120.243 5712
120.247 5236
120.251 4760
120.254 4284
120.261 3808
120.265 3332
120.269 2856
120.276 2380
120.279 1904
120.283 1428
120.283 1904
120.287 1428
120.287 1904
120.287 8092
120.395 8568
120.395 8092
120.398 7616
120.402 7140
120.406 6664
120.413 6188
120.416 5712
120.42 4760
120.424 3808
120.427 2856
120.431 1904
120.434 952
120.434 1428
120.434 1904
120.442 952
120.442 1428
120.442 1904
120.471 952
120.471 1428
120.471 1904
120.487 476
120.496 1904
123.115 2380
123.115 1904
123.207 476
123.216 1904
124.079 2380
124.079 1904
124.083 1428
124.083 1904
124.171 476
124.18 1904
124.841 2380
124.841 1904
124.844 1428
124.844 1904
124.932 476
124.942 1904
125.606 2380
125.606 1904
125.61 1428
125.61 1904
125.698 476
125.711 4284
125.841 3808
125.845 3332
125.848 2856
125.852 2380
125.935 1904
125.938 1428
125.938 1904
125.942 1428
125.942 1904
125.946 1428
125.946 1904
125.946 4284
126.48 4760
126.48 3808
126.484 2856
126.487 1904
126.57 952
126.57 1428
126.57 1904
126.574 952
126.574 1428
126.574 1904
126.578 952
126.578 1428
126.578 1904
126.585 952
126.585 2380
126.585 1904
126.682 1428
126.682 1904
126.689 1428
126.689 1904
126.689 4760
127.007 5236
127.007 4284
127.011 3332
127.014 2380
127.018 1428
127.018 1904
127.025 952
127.025 1428
127.025 1904
127.029 952
127.029 1428
127.029 1904
127.032 952
127.032 1428
127.032 1904
127.036 952
127.036 1904
127.04 1428
127.04 1904
127.112 1428
127.112 1904
127.115 1428
127.115 1904
127.115 5236
127.253 4760
127.256 4284
127.328 3808
127.332 3332
127.343 2856
127.35 2380
127.354 1904
127.357 1428
127.357 1904
127.358 1428
127.358 1904
127.358 5236
127.57 5712
127.57 5236
127.574 4760
127.577 4284
127.581 3808
127.585 3332
127.588 2856
127.595 2380
127.599 1904
127.664 1428
127.664 1904
127.668 1428
127.668 1904
127.675 1428
127.675 1904
127.675 5712
128.032 6188
128.032 5712
128.101 5236
128.105 4760
128.112 4284
128.115 3808
128.119 2856
128.123 1904
128.126 952
128.126 1428
128.126 1904
128.133 952
128.133 1428
128.133 1904
128.137 952
128.137 3808
128.141 3332
128.238 2856
128.242 2380
128.245 1904
128.252 1428
128.252 1904
128.256 1428
128.256 1904
128.337 476
128.343 2856
129.021 3332
129.021 2856
129.09 2380
129.094 1904
129.119 1428
129.119 1904
129.122 1428
129.122 1904
129.126 1428
129.126 1904
129.126 3332
129.971 3808
129.971 3332
130.061 2856
130.065 2380
130.068 1428
130.068 1904
130.072 952
130.072 1428
130.072 1904
130.076 952
130.076 2856
130.173 2380
130.173 3808
131.364 4284
131.364 3808
131.368 2856
131.375 1904
131.382 952
131.382 1904
131.466 952
131.466 2380
131.469 1904
131.473 1428
131.473 1904
131.487 1428
131.487 1904
131.487 4284
131.599 4760
131.599 4284
131.603 3808
131.606 3332
131.61 2856
131.686 2380
131.689 1904
131.697 1428
131.697 1904
131.7 1428
131.7 1904
131.801 4760
131.91 5236
131.91 4760
131.913 4284
131.917 3808
131.92 3332
131.924 2856
131.928 2380
131.931 1904
131.935 1428
131.935 1904
132.001 476
132.011 6664
132.382 6188
132.437 5712
132.44 5236
132.451 4760
132.458 4284
132.462 3808
132.469 2856
132.476 1904
132.48 952
132.48 1428
132.48 1904
132.483 952
132.483 1428
132.483 1904
132.487 952
132.487 4760
132.488 4284
132.574 3808
132.574 6664
132.61 6188
132.678 5712
132.682 5236
132.686 4760
132.689 4284
132.693 3808
132.696 3332
132.7 2856
132.704 2380
132.707 1904
132.711 1428
132.711 1904
132.714 1428
132.714 1904
132.715 1428
132.715 1904
132.715 6664
132.816 1904
133.068 6664
133.187 6188
133.187 5712
133.191 5236
133.194 4760
133.198 4284
133.202 3808
133.205 3332
133.212 2856
133.281 2380
133.292 1904
133.292 1428
133.292 1904
133.397 6664
133.642 6188
133.646 5712
133.649 5236
133.714 4760
133.718 4284
133.729 3808
133.732 3332
133.736 1904
133.74 476
133.74 952
133.74 1904
133.747 476
133.747 952
133.747 1904
133.747 476
133.747 4760
133.75 3808
133.844 2856
133.851 2380
133.851 6664
134.296 7140
134.296 6664
134.299 6188
134.31 5236
134.314 4284
134.317 3332
134.321 2380
134.324 1428
134.324 1904
134.328 952
134.328 1428
134.328 1904
134.386 952
134.386 1428
134.386 1904
134.389 952
134.389 1428
134.389 1904
134.393 952
134.393 1428
134.393 1904
134.397 952
134.397 2856
134.4 2380
134.401 1904
134.404 1428
134.404 1904
134.498 1428
134.498 1904
134.498 7140
134.714 7616
134.714 7140
134.718 6664
134.722 6188
134.729 5712
134.732 5236
134.743 4284
134.747 3332
134.75 2380
134.754 1428
134.754 1904
134.758 952
134.758 1428
134.758 1904
134.761 952
134.761 1428
134.761 1904
134.815 952
134.815 4760
134.819 4284
134.823 3808
134.92 3332
134.927 2856
134.931 2380
134.935 1904
134.938 1428
134.938 1904
134.942 1428
134.942 1904
135.015 476
135.025 4760
135.249 5236
135.249 4760
135.252 4284
135.267 3808
135.27 3332
135.274 2856
135.277 2380
135.281 1904
135.33 1428
135.33 1904
135.337 1428
135.337 1904
135.337 5236
135.864 6188
135.864 5712
135.875 5236
135.878 3808
135.885 2380
135.893 952
135.893 1904
135.896 476
135.896 2856
135.9 1904
135.969 952
135.969 1904
135.972 952
135.972 1428
135.972 1904
135.976 952
135.976 1428
135.976 1904
135.979 952
135.979 1428
135.979 1904
136.005 952
136.005 7140
136.149 6664
136.149 6188
136.152 5712
136.189 5236
136.192 4760
136.218 4284
136.221 3808
136.232 3332
136.243 2856
136.246 2380
136.25 952
136.25 1428
136.25 1904
136.254 476
136.254 5712
136.254 4760
136.257 3808
136.355 2856
136.359 2380
136.359 7140
136.38 5712
136.38 5236
136.459 4760
136.463 3808
136.467 2856
136.471 1904
136.474 952
136.474 1428
136.474 1904
136.478 952
136.478 1428
136.478 1904
136.481 952
136.481 1428
136.481 1904
136.485 952
136.485 2380
136.485 1904
136.489 1428
136.489 1904
136.589 1428
136.589 1904
136.589 7140
136.737 6664
136.744 6188
136.802 5712
136.806 5236
136.809 4760
136.813 4284
136.817 3808
136.82 3332
136.824 2856
136.827 2380
136.831 1904
136.838 1428
136.838 1904
136.842 1428
136.842 1904
136.842 7140
136.993 6664
137.055 6188
137.059 5712
137.062 4760
137.066 3808
137.069 2856
137.076 1904
137.08 952
137.08 1428
137.08 1904
137.087 952
137.087 1428
137.087 1904
137.091 952
137.091 1428
137.091 1904
137.094 952
137.094 1428
137.094 1904
137.098 952
137.098 3332
137.099 2856
137.102 2380
137.196 1904
137.196 7140
137.434 7616
137.434 7140
137.437 6664
137.445 6188
137.448 5712
137.455 4760
137.459 3808
137.51 2380
137.513 952
137.513 1428
137.513 1904
137.521 476
137.521 952
137.521 1904
137.524 476
137.524 952
137.524 1904
137.531 476
137.531 952
137.531 1904
137.535 476
137.535 3332
137.539 2380
137.539 1428
137.539 1904
137.542 952
137.542 1428
137.542 1904
137.636 952
137.636 2380
137.64 1904
137.64 1428
137.64 1904
137.64 7616
137.863 8092
137.863 7616
137.867 7140
137.871 6664
137.874 6188
137.878 5712
137.881 5236
137.885 4760
137.889 4284
137.892 3808
137.896 3332
137.899 2856
137.903 2380
137.907 1904
137.961 1428
137.961 1904
137.965 1428
137.965 1904
137.968 1428
137.968 1904
137.968 8092
138.066 7616
138.441 8092
138.441 7616
138.492 7140
138.495 6664
138.502 6188
138.506 5712
138.51 5236
138.513 4760
138.517 4284
138.52 3808
138.524 3332
138.528 2856
138.531 2380
138.535 1904
138.538 1428
138.538 1904
138.542 1428
138.542 1904
138.549 1428
138.549 1904
138.627 476
138.643 1904
139.172 2380
139.172 1904
139.263 476
139.269 1904
139.91 476
139.919 1904
140.349 2380
140.349 1904
140.352 1428
140.352 1904
140.45 1428
140.45 1904
140.454 1428
140.454 1904
140.454 2380
141.295 2856
141.295 2380
141.309 1904
141.313 1428
141.313 1904
141.316 1428
141.316 1904
141.403 1428
141.403 1904
141.414 1428
141.414 1904
141.414 2856
141.634 2380
141.728 1904
141.731 1428
141.731 1904
141.735 1428
141.735 1904
141.739 1428
141.739 1904
141.739 2856
141.944 3332
141.944 2380
141.955 1428
141.955 1904
142.046 952
142.046 1904
142.049 952
142.049 1428
142.049 1904
142.053 1428
142.053 1904
142.053 3332
142.262 3808
142.262 3332
142.266 2856
142.269 1904
142.273 952
142.273 1428
142.273 1904
142.277 952
142.277 1428
142.277 1904
142.367 952
142.367 2380
142.37 1904
142.472 1428
142.472 1904
142.472 3808
142.587 3332
142.591 2856
142.594 2380
142.681 1904
142.685 1428
142.685 1904
142.688 1428
142.688 1904
142.692 1428
142.692 1904
142.692 3808
142.901 4284
142.901 3808
142.905 3332
142.912 2380
142.916 1428
142.916 1904
142.919 952
142.919 1428
142.919 1904
142.999 952
142.999 2856
143.002 2380
143.006 1904
143.01 1428
143.01 1904
143.103 1428
143.103 1904
143.103 4284
143.316 4760
143.316 4284
143.32 3808
143.331 2856
143.334 1904
143.338 952
143.338 1428
143.338 1904
143.342 952
143.342 2856
143.345 2380
143.421 1904
143.425 1428
143.425 1904
143.436 1428
143.436 1904
143.436 4760
143.88 5236
143.88 4760
143.883 4284
143.887 3808
143.89 3332
143.894 2856
143.966 2380
143.97 1904
143.981 1428
143.981 1904
143.985 1428
143.985 1904
143.985 5236
144.316 5712
144.316 5236
144.32 4760
144.324 3808
144.327 2856
144.331 1904
144.403 952
144.403 1428
144.403 1904
144.407 952
144.407 1428
144.407 1904
144.41 952
144.41 1428
144.41 1904
144.414 952
144.414 1428
144.414 1904
144.421 952
144.421 2380
144.425 1904
144.515 1428
144.515 1904
144.515 5712
144.63 6188
144.63 5712
144.634 5236
144.638 4760
144.641 4284
144.648 3808
144.652 3332
144.656 2380
144.659 1428
144.659 1904
144.732 952
144.732 1904
144.735 952
144.735 4284
144.739 3808
144.84 3332
144.84 6188
145.071 5712
145.074 5236
145.078 4760
145.082 4284
145.154 3808
145.158 3332
145.161 2856
145.165 2380
145.168 1904
145.172 1428
145.172 1904
145.176 1428
145.176 1904
145.176 1428
145.176 1904
145.176 6188
145.399 5712
145.407 5236
145.41 4760
145.414 4284
145.421 3808
145.425 3332
145.428 2856
145.432 2380
145.486 1904
145.5 1428
145.5 1904
145.511 1428
145.511 1904
145.511 6188
145.641 7140
145.641 6664
145.645 6188
145.724 5712
145.728 4760
145.732 3332
145.735 1904
145.739 476
145.739 952
145.739 1904
145.746 476
145.746 3808
145.757 2856
145.829 1428
145.829 1904
145.833 476
145.833 952
145.833 1904
145.851 476
145.851 1428
145.851 1904
145.854 952
145.854 3808
145.854 7140
145.999 7616
145.999 6664
146.002 5236
146.006 3808
146.042 2380
146.067 952
146.067 1428
146.067 1904
146.071 476
146.071 952
146.071 1904
146.078 476
146.078 1428
146.078 1904
146.085 476
146.085 952
146.085 1904
146.089 476
146.089 952
146.089 1904
146.092 476
146.092 952
146.092 1904
146.1 476
146.1 1428
146.1 1904
146.103 952
146.103 1428
146.103 1904
146.104 952
146.104 1904
146.107 952
146.107 1904
146.197 1428
146.197 1904
146.197 7616
146.414 8092
146.414 7616
146.417 7140
146.421 6664
146.432 6188
146.435 5712
146.439 5236
146.443 4760
146.446 4284
146.453 3808
146.457 3332
146.461 2380
146.464 1428
146.464 1904
146.468 952
146.468 1428
146.468 1904
146.515 952
146.515 6664
146.518 6188
146.519 5712
146.522 5236
146.62 4760
146.62 8092
146.627 7616
146.959 7140
146.962 6664
146.966 6188
146.97 5712
146.973 5236
146.977 4760
146.98 4284
146.984 3808
146.988 3332
146.991 2856
146.995 2380
147.056 1904
147.06 1428
147.06 1904
147.064 1428
147.064 1904
147.067 1428
147.067 1904
147.165 1428
147.165 1904
147.168 1428
147.168 1904
147.168 7616
147.316 7140
147.32 6664
147.378 6188
147.381 5712
147.385 5236
147.389 4760
147.392 4284
147.396 3808
147.407 3332
147.41 2856
147.414 2380
147.417 1904
147.421 1428
147.421 1904
147.421 1428
147.421 1904
147.421 7616
147.681 7140
147.695 6664
147.699 6188
147.742 5712
147.749 5236
147.753 4760
147.764 3808
147.767 2856
147.771 1904
147.775 952
147.775 1428
147.775 1904
147.778 952
147.778 1428
147.778 1904
147.782 952
147.782 1428
147.782 1904
147.785 952
147.785 1428
147.785 1904
147.786 952
147.786 4284
147.789 3808
147.887 3332
147.887 7616
147.995 8092
147.995 7616
147.998 7140
148.002 6188
148.006 5236
148.009 4284
148.013 3332
148.02 2380
148.024 1904
148.027 1428
148.027 1904
148.031 1428
148.031 1904
148.034 1428
148.034 1904
148.038 1428
148.038 1904
148.042 1428
148.042 1904
148.045 1428
148.045 1904
148.1 1428
148.1 1904
148.103 1428
148.103 1904
148.125 1428
148.125 1904
148.125 8092
148.15 7616
148.554 8092
148.554 7616
148.565 7140
148.569 6664
148.572 6188
148.576 5712
148.58 5236
148.583 4760
148.587 4284
148.59 3808
148.594 3332
148.598 2856
148.601 2380
148.605 1904
148.608 1428
148.608 1904
148.655 1428
148.655 1904
148.659 1428
148.659 1904
148.659 8092
148.713 7616
148.764 8092
148.764 7616
148.767 7140
148.771 6664
148.778 6188
148.782 5712
148.785 4760
148.789 3808
148.793 2856
148.796 1904
148.8 952
148.8 1428
148.8 1904
148.803 952
148.803 1428
148.803 1904
148.807 952
148.807 1428
148.807 1904
148.811 952
148.811 1428
148.811 1904
148.859 476
148.872 3332
149.666 3808
149.666 3332
149.67 2856
149.697 2380
149.7 1904
149.764 1428
149.764 1904
149.767 1428
149.767 1904
149.774 1428
149.774 1904
149.797 476
149.872 1904
151.381 2380
151.381 1904
151.407 1428
151.407 1904
151.473 476
151.482 1904
151.837 2380
151.837 1904
151.923 1428
151.923 1904
151.928 476
151.938 1904
153.002 1428
153.103 952
153.103 4284
153.107 3808
153.648 4284
153.648 3808
153.652 3332
153.655 2856
153.738 2380
153.742 1904
153.749 1428
153.749 1904
153.753 1428
153.753 1904
153.753 4284
154.085 4760
154.085 4284
154.089 3808
154.092 3332
154.096 2856
154.099 2380
154.103 1904
154.175 1428
154.175 1904
154.179 1428
154.179 1904
154.19 1428
154.19 1904
154.19 4760
154.428 4284
154.428 3808
154.431 3332
154.515 2856
154.518 2380
154.522 1904
154.525 1428
154.525 1904
154.529 1428
154.529 1904
154.533 1428
154.533 1904
154.533 4760
154.76 4284
154.764 3808
154.768 3332
154.843 2856
154.847 2380
154.854 1904
154.858 1428
154.858 1904
154.865 1428
154.865 1904
154.865 4760
155.331 5712
155.331 5236
155.334 4760
155.403 4284
155.41 3808
155.417 3332
155.428 2856
155.435 2380
155.439 1904
155.443 1428
155.443 1904
155.446 1428
155.446 1904
155.515 1428
155.515 1904
155.54 1428
155.54 1904
155.54 5712
155.977 6188
155.977 5712
155.98 5236
155.984 4760
155.988 4284
155.991 3808
155.998 3332
156.002 2856
156.006 2380
156.074 1904
156.078 1428
156.078 1904
156.082 1428
156.082 1904
156.082 6188
156.194 5712
156.197 5236
156.204 4760
156.208 4284
156.211 3808
156.215 3332
156.219 2856
156.287 2380
156.295 1904
156.298 1428
156.298 1904
156.309 1428
156.309 1904
156.403 1428
156.403 1904
156.403 6188
156.544 6664
156.544 6188
156.547 5712
156.612 5236
156.616 4760
156.62 4284
156.623 3808
156.627 3332
156.63 2856
156.634 2380
156.638 1904
156.645 1428
156.645 1904
156.648 1428
156.648 1904
156.749 1428
156.749 1904
156.753 1428
156.753 1904
156.753 6664
156.876 6188
156.879 5712
156.883 5236
156.887 4760
156.89 4284
156.894 3808
156.897 3332
156.959 2856
156.962 2380
156.97 1904
156.973 1428
156.973 1904
156.977 1428
156.977 1904
156.981 1428
156.981 1904
156.981 6664
157.309 6188
157.313 5712
157.317 5236
157.32 4760
157.327 4284
157.331 3808
157.335 3332
157.338 2856
157.403 2380
157.407 1904
157.414 1428
157.414 1904
157.414 6664
157.631 7140
157.631 6664
157.634 6188
157.638 5712
157.641 5236
157.645 4760
157.656 4284
157.659 3808
157.663 3332
157.67 2856
157.674 2380
157.677 1904
157.732 1428
157.732 1904
157.736 1428
157.736 1904
157.736 7140
157.865 6664
157.869 6188
157.872 5712
157.876 5236
157.88 4760
157.883 4284
157.887 3808
157.89 3332
157.948 2856
157.952 2380
157.959 1904
157.963 1428
157.963 1904
157.966 1428
157.966 1904
157.97 1428
157.97 1904
157.97 7140
158.1 6664
158.1 6188
158.103 5712
158.107 5236
158.111 4760
158.114 4284
158.176 3808
158.179 3332
158.183 2380
158.194 1428
158.194 1904
158.197 952
158.197 1428
158.197 1904
158.201 952
158.201 1428
158.201 1904
158.205 952
158.205 5236
158.205 4760
158.208 4284
158.306 3808
158.309 3332
158.309 7140
158.631 7616
158.631 7140
158.634 6664
158.638 6188
158.641 5712
158.645 5236
158.649 4760
158.67 4284
158.674 3808
158.677 2856
158.728 1904
158.732 952
158.732 1428
158.732 1904
158.735 952
158.735 6188
158.739 5712
158.775 5236
158.779 4760
158.84 4284
158.84 7616
159.049 8092
159.049 7616
159.049 1904
159.053 1428
159.053 1904
159.057 1428
159.057 1904
159.064 1428
159.064 1904
159.067 1428
159.067 1904
159.071 1428
159.071 1904
159.075 1428
159.075 1904
159.089 1428
159.089 1904
159.093 1428
159.093 1904
159.096 1428
159.096 1904
159.103 1428
159.103 1904
159.111 1428
159.111 1904
159.154 1428
159.154 1904
159.154 8092
159.201 1904
159.306 8092
159.443 7616
159.446 7140
159.45 6664
159.454 6188
159.457 5712
159.461 5236
159.511 4760
159.515 4284
159.519 3808
159.522 3332
159.526 2856
159.529 2380
159.537 1904
159.54 1428
159.54 1904
159.544 1428
159.544 1904
159.547 1428
159.547 1904
159.547 8092
159.995 8568
159.995 8092
159.999 7616
160.002 7140
160.006 6664
160.017 6188
160.02 5712
160.024 5236
160.027 4760
160.075 4284
160.078 3808
160.082 2856
160.085 1904
160.089 952
160.089 1428
160.089 1904
160.093 952
160.093 1428
160.093 1904
160.096 952
160.096 1428
160.096 1904
160.1 952
160.1 6188
160.103 5712
160.197 5236
160.197 8568
160.414 9044
160.414 8568
160.417 8092
160.421 7616
160.425 7140
160.428 6664
160.432 6188
160.435 5712
160.439 5236
160.446 4760
160.45 4284
160.453 3332
160.457 2380
160.464 1428
160.464 1904
160.468 952
160.468 1428
160.468 1904
160.471 952
160.471 1428
160.471 1904
160.515 952
160.515 6664
160.519 6188
160.519 5712
160.522 5236
160.576 4760
160.576 9044
160.641 9520
160.641 8568
160.645 7616
160.648 6664
160.652 5712
160.681 4760
160.684 3808
160.688 2856
160.692 1904
160.695 952
160.695 1428
160.695 1904
160.699 952
160.699 1428
160.699 1904
160.702 952
160.702 1428
160.702 1904
160.706 952
160.706 1428
160.706 1904
160.71 952
160.71 1428
160.71 1904
160.739 952
160.739 1428
160.739 1904
160.742 952
160.742 1428
160.742 1904
160.746 952
160.746 1428
160.746 1904
160.746 952
160.746 1428
160.746 1904
160.75 1428
160.75 1904
160.75 9520
161.017 9044
161.02 8568
161.024 8092
161.064 7616
161.067 7140
161.074 6664
161.078 6188
161.082 5712
161.085 5236
161.089 4760
161.092 4284
161.096 3808
161.1 3332
161.103 2856
161.11 2380
161.114 1904
161.118 1428
161.118 1904
161.121 1428
161.121 1904
161.121 9520
161.262 9996
161.262 9520
161.266 9044
161.269 8568
161.273 8092
161.276 7616
161.28 7140
161.284 6664
161.287 6188
161.331 5712
161.334 5236
161.338 4760
161.341 4284
161.345 3808
161.349 3332
161.352 2856
161.356 2380
161.36 1904
161.37 1428
161.37 1904
161.435 1428
161.435 1904
161.448 476
161.475 1904
161.804 2380
161.804 1904
161.857 476
161.866 3332
162.23 2380
162.23 2856
162.233 1904
162.24 952
162.24 1428
162.24 1904
162.321 476
162.331 1904
162.747 2856
162.747 2380
162.751 1904
162.764 476
162.852 4284
164.144 3808
164.148 3332
164.235 2856
164.238 2380
164.242 1904
164.249 1428
164.249 1904
164.25 1428
164.25 1904
164.354 1428
164.354 1904
164.354 1428
164.354 1904
164.354 4284
164.581 4760
164.581 3808
164.585 2856
164.588 1904
164.668 952
164.668 1428
164.668 1904
164.679 952
164.679 1428
164.679 1904
164.682 952
164.682 1428
164.682 1904
164.686 952
164.686 1428
164.686 1904
164.787 952
164.787 4760
164.791 4284
164.794 3808
164.892 3332
164.892 4760
164.913 4284
164.917 3808
164.996 3332
165 2856
165.007 2380
165.011 1904
165.014 1428
165.014 1904
165.018 1428
165.018 1904
165.018 4760
165.238 5236
165.238 4760
165.242 4284
165.245 3808
165.249 3332
165.325 2856
165.329 2380
165.336 1904
165.339 1428
165.339 1904
165.343 1428
165.343 1904
165.343 5236
165.466 4760
165.469 4284
165.534 3808
165.538 3332
165.556 2856
165.56 2380
165.563 1904
165.567 1428
165.567 1904
165.571 1428
165.571 1904
165.571 5236
165.783 5712
165.783 5236
165.787 4760
165.791 4284
165.794 3808
165.805 3332
165.809 2856
165.812 2380
165.816 1904
165.881 1428
165.881 1904
165.885 1428
165.885 1904
165.888 1428
165.888 1904
165.888 5712
167.069 6188
167.069 5712
167.094 5236
167.097 4760
167.101 4284
167.105 3808
167.115 3332
167.119 2856
167.126 2380
167.13 1904
167.133 1428
167.133 1904
167.174 1428
167.174 1904
167.174 6188
167.311 5712
167.314 5236
167.343 4760
167.346 4284
167.39 3808
167.394 3332
167.398 2380
167.405 1428
167.405 1904
167.408 952
167.408 1428
167.408 1904
167.412 952
167.412 1428
167.412 1904
167.416 952
167.416 4760
167.416 4284
167.419 3808
167.513 3332
167.513 6188
167.964 5712
167.968 5236
167.971 4760
167.975 4284
168.04 3808
168.044 3332
168.047 2856
168.051 2380
168.062 1904
168.065 1428
168.065 1904
168.069 1428
168.069 1904
168.17 1428
168.17 1904
168.174 1428
168.174 1904
168.174 6188
168.719 6664
168.719 5712
168.722 4760
168.73 3808
168.733 2856
168.798 1428
168.798 1904
168.809 476
168.809 952
168.809 1904
168.813 476
168.813 952
168.813 1904
168.816 476
168.816 952
168.816 1904
168.82 476
168.82 1428
168.82 1904
168.824 476
168.824 952
168.824 1904
168.824 476
168.824 1904
168.921 476
168.921 4760
168.925 4284
168.928 3808
168.928 6664
169.069 7140
169.069 6664
169.073 6188
169.13 5712
169.138 5236
169.145 4760
169.148 4284
169.152 3808
169.156 3332
169.163 2856
169.17 2380
169.174 1904
169.174 7140
169.387 7616
169.387 7140
169.405 6664
169.408 6188
169.412 5712
169.415 5236
169.419 4760
169.423 4284
169.426 3808
169.459 3332
169.463 2856
169.484 2380
169.488 1904
169.491 1428
169.491 1904
169.491 7616
169.715 8092
169.715 7140
169.719 6188
169.722 5236
169.73 4284
169.733 3332
169.737 2380
169.74 1428
169.74 1904
169.748 952
169.748 1428
169.748 1904
169.806 952
169.806 1428
169.806 1904
169.809 476
169.809 952
169.809 1904
169.82 476
169.82 952
169.82 1904
169.82 476
169.82 1428
169.82 1904
169.824 952
169.824 6188
169.925 5712
169.932 5236
169.935 4760
169.939 4284
169.943 3808
169.946 3332
169.95 2856
169.953 2380
169.961 1904
169.964 1428
169.964 1904
170.029 1428
170.029 1904
170.029 8092
170.148 7616
170.152 7140
170.156 6664
170.159 6188
170.163 5712
170.166 5236
170.17 4760
170.174 4284
170.177 3808
170.181 3332
170.184 2856
170.188 2380
170.242 1904
170.246 1428
170.246 1904
170.25 1428
170.25 1904
170.253 1428
170.253 1904
170.253 8092
170.513 7616
170.517 7140
170.56 6664
170.564 6188
170.567 5712
170.571 5236
170.574 4760
170.578 4284
170.582 3808
170.585 3332
170.589 2856
170.607 2380
170.61 1904
170.614 952
170.614 1428
170.614 1904
170.618 952
170.618 8092
170.618 7616
170.621 7140
170.719 6664
170.719 8092
170.748 7616
170.751 6664
170.755 5712
170.758 4760
170.762 3808
170.766 2856
170.769 1904
170.823 952
170.823 1428
170.823 1904
170.827 952
170.827 1428
170.827 1904
170.831 952
170.831 1428
170.831 1904
170.834 952
170.834 1428
170.834 1904
170.838 952
170.838 1428
170.838 1904
170.841 952
170.841 1428
170.841 1904
170.849 952
170.849 2856
170.852 2380
170.853 1904
170.946 1428
170.946 1904
170.946 8092
171.051 8568
171.051 8092
171.058 7616
171.062 7140
171.065 6664
171.069 6188
171.076 5712
171.08 5236
171.083 4284
171.087 3332
171.09 2380
171.094 1428
171.094 1904
171.101 952
171.101 1428
171.101 1904
171.105 952
171.105 1428
171.105 1904
171.146 476
171.156 4760
171.388 5236
171.388 4760
171.392 4284
171.395 3808
171.399 3332
171.402 2856
171.478 2380
171.482 1904
171.486 1428
171.486 1904
171.489 1428
171.489 1904
171.493 1428
171.493 1904
171.493 5236
171.825 4760
171.828 4284
171.832 3808
171.836 3332
171.839 2856
171.915 2380
171.919 1904
171.926 1428
171.926 1904
171.93 1428
171.93 1904
171.93 5236
172.157 4760
172.161 4284
172.164 3808
172.168 3332
172.247 2856
172.254 2380
172.258 1904
172.262 952
172.262 1428
172.262 1904
172.265 952
172.265 1428
172.265 1904
172.357 476
172.366 1904
172.885 476
172.891 1904
173.219 2380
173.219 1904
173.223 1428
173.223 1904
173.311 476
173.321 3808
173.765 4284
173.765 3808
173.768 3332
173.772 2856
173.779 2380
173.786 1904
173.866 1428
173.866 1904
173.87 1428
173.87 1904
173.87 4284
173.985 4760
173.985 4284
173.988 3332
173.992 2380
174.075 1428
174.075 1904
174.079 952
174.079 1428
174.079 1904
174.086 476
174.086 952
174.086 1904
174.089 476
174.089 1428
174.089 1904
174.093 952
174.093 1428
174.093 1904
174.191 952
174.191 3332
174.194 2856
174.195 2380
174.195 4760
174.299 5236
174.302 4760
174.306 4284
174.31 3808
174.317 3332
174.321 2856
174.324 1904
174.328 952
174.328 1428
174.328 1904
174.407 952
174.407 4284
174.411 3808
174.512 3332
174.512 5236
174.645 4760
174.649 4284
174.721 3808
174.725 3332
174.729 2856
174.732 2380
174.739 1904
174.743 1428
174.743 1904
174.747 1428
174.747 1904
174.75 1428
174.75 1904
174.75 5236
175.187 4760
175.191 4284
175.194 3808
175.201 3332
175.266 2856
175.27 1904
175.274 952
175.274 1428
175.274 1904
175.288 952
175.288 4284
175.292 3808
175.292 3332
175.295 2856
175.378 2380
175.378 5236
175.84 4760
175.844 4284
175.902 3808
175.905 3332
175.923 2856
175.927 2380
175.934 1904
175.938 1428
175.938 1904
175.945 1428
175.945 1904
175.945 5236
176.382 4760
176.385 4284
176.389 3808
176.393 3332
176.461 2856
176.476 2380
176.479 1904
176.483 952
176.483 1428
176.483 1904
176.487 952
176.487 5236
176.487 4760
176.49 4284
176.588 3808
176.588 5236
176.913 5712
176.913 5236
176.916 4760
176.92 4284
176.923 3808
176.931 3332
176.934 2856
176.941 2380
176.945 1904
177.01 1428
177.01 1904
177.014 1428
177.014 1904
177.018 1428
177.018 1904
177.018 5712
177.115 1904
177.252 5712
177.368 5236
177.371 4760
177.375 4284
177.379 3808
177.386 3332
177.389 2856
177.465 1904
177.469 952
177.469 1428
177.469 1904
177.473 952
177.473 4760
177.473 4284
177.476 3332
177.574 2380
177.577 1904
177.578 1428
177.578 1904
177.581 1428
177.581 1904
177.581 5712
178.032 5236
178.036 4760
178.046 4284
178.05 3808
178.057 3332
178.119 2856
178.122 1904
178.13 952
178.13 1428
178.13 1904
178.133 952
178.133 1428
178.133 1904
178.137 952
178.137 4760
178.137 4284
178.14 3808
178.234 3332
178.234 5712
178.487 6188
178.487 5712
178.559 5236
178.563 4760
178.566 3808
178.57 2856
178.574 1904
178.581 952
178.581 1428
178.581 1904
178.584 952
178.584 1428
178.584 1904
178.588 476
178.588 952
178.588 1904
178.592 476
178.592 2380
178.595 1428
178.595 1904
178.693 952
178.693 3808
178.696 3332
178.697 2856
178.697 6188
179.032 5712
179.032 5236
179.036 4284
179.039 3332
179.043 2380
179.046 1428
179.046 1904
179.126 952
179.126 1904
179.13 952
179.13 1428
179.13 1904
179.133 952
179.133 1428
179.133 1904
179.137 952
179.137 2380
179.137 1904
179.14 1428
179.14 1904
179.234 1428
179.234 1904
179.234 6188
179.895 5712
179.898 5236
179.902 4760
179.906 4284
179.974 3808
179.978 3332
179.982 2856
179.992 2380
179.996 1904
180 1428
180 1904
180.003 1428
180.003 1904
180.079 1428
180.079 1904
180.104 1428
180.104 1904
180.104 6188
180.238 6664
180.238 6188
180.241 5712
180.245 5236
180.249 4760
180.317 4284
180.321 3808
180.324 2856
180.328 1904
180.332 952
180.332 1428
180.332 1904
180.335 952
180.335 1428
180.335 1904
180.339 952
180.339 1428
180.339 1904
180.342 952
180.342 4284
180.346 3808
180.44 3332
180.44 6664
180.57 7140
180.57 6664
180.573 6188
180.577 5712
180.581 5236
180.584 4760
180.588 4284
180.591 3808
180.653 3332
180.657 2856
180.66 2380
180.664 1904
180.667 1428
180.667 1904
180.671 1428
180.671 1904
180.675 1428
180.675 1904
180.675 7140
180.786 7616
180.786 7140
180.79 6664
180.794 6188
180.797 5712
180.801 5236
180.804 4760
180.808 4284
180.812 3808
180.815 3332
180.819 2856
180.877 2380
180.88 1904
180.884 1428
180.884 1904
180.888 1428
180.888 1904
180.891 1428
180.891 1904
180.891 7616
181.147 6664
181.147 6188
181.205 5712
181.209 5236
181.212 4760
181.216 4284
181.22 3808
181.223 3332
181.227 2856
181.241 2380
181.245 1904
181.248 1428
181.248 1904
181.252 1428
181.252 1904
181.252 7616
181.703 7140
181.707 6664
181.71 6188
181.714 5712
181.718 5236
181.721 4760
181.725 4284
181.732 3808
181.74 3332
181.743 2380
181.801 1428
181.801 1904
181.804 952
181.804 1428
181.804 1904
181.808 952
181.808 6188
181.812 5712
181.906 5236
181.906 7616
181.935 7140
181.938 6664
181.942 6188
182.01 5712
182.014 5236
182.017 4284
182.021 3332
182.025 2380
182.028 1428
182.028 1904
182.032 952
182.032 1428
182.032 1904
182.035 952
182.035 1428
182.035 1904
182.039 952
182.039 1428
182.039 1904
182.039 952
182.039 4284
182.043 3808
182.115 3332
182.144 2856
182.144 7616
182.302 7140
182.357 6664
182.36 6188
182.364 5712
182.368 5236
182.371 4760
182.382 4284
182.386 3808
182.389 3332
182.396 2856
182.4 2380
182.404 1904
182.407 1428
182.407 1904
182.407 7616
182.736 7140
182.739 6664
182.743 6188
182.75 5712
182.761 5236
182.764 4760
182.775 4284
182.779 3332
182.83 2380
182.833 1428
182.833 1904
182.837 952
182.837 1428
182.837 1904
182.84 952
182.84 6188
182.841 5712
182.844 5236
182.855 4760
182.88 4284
182.945 3808
182.945 7616
183.057 8092
183.057 7616
183.061 7140
183.064 6664
183.071 6188
183.075 5712
183.082 4760
183.086 3808
183.089 2856
183.093 1904
183.097 952
183.097 1428
183.097 1904
183.1 952
183.1 1428
183.1 1904
183.154 952
183.154 1428
183.154 1904
183.158 952
183.158 4284
183.162 3808
183.162 3332
183.165 2856
183.187 2380
183.187 8092
183.299 8568
183.299 8092
183.302 7616
183.306 7140
183.313 6664
183.317 6188
183.32 5236
183.324 4284
183.328 3332
183.331 2380
183.375 1428
183.375 1904
183.378 952
183.378 1428
183.378 1904
183.389 952
183.389 1904
183.396 952
183.396 1428
183.396 1904
183.4 952
183.4 4284
183.404 3808
183.407 3332
183.501 2856
183.501 8568
183.624 8092
183.624 7616
183.627 7140
183.631 6664
183.634 6188
183.638 5712
183.642 5236
183.645 4760
183.649 4284
183.652 3808
183.656 3332
183.66 2856
183.71 2380
183.714 1904
183.718 1428
183.718 1904
183.729 1428
183.729 1904
183.729 8568
183.869 8092
183.869 7616
183.873 7140
183.88 6664
183.884 6188
183.887 5712
183.927 5236
183.931 4760
183.942 4284
183.945 3808
183.949 3332
183.953 2856
183.963 2380
183.967 1904
183.971 1428
183.971 1904
183.975 1428
183.975 1904
183.975 8568
184.212 8092
184.216 7616
184.22 7140
184.223 6664
184.227 6188
184.23 5712
184.234 5236
184.238 4760
184.245 4284
184.296 3808
184.299 3332
184.306 2856
184.31 2380
184.314 1904
184.317 1428
184.317 1904
184.317 8568
184.422 9044
184.422 8568
184.425 8092
184.429 7616
184.433 7140
184.44 6664
184.443 6188
184.451 5712
184.454 5236
184.458 4284
184.461 3332
184.465 2380
184.469 1428
184.469 1904
184.472 952
184.472 1428
184.472 1904
184.476 952
184.476 1428
184.476 1904
184.505 952
184.505 1428
184.505 1904
184.517 476
184.527 5236
185.534 5712
185.534 4284
185.537 2856
185.566 1428
185.566 1904
185.57 476
185.57 952
185.57 1904
185.574 476
185.574 952
185.574 1904
185.577 476
185.577 952
185.577 1904
185.631 476
185.631 1904
185.635 952
185.635 1428
185.635 1904
185.638 952
185.638 1428
185.638 1904
185.639 952
185.639 1904
185.642 952
185.642 1428
185.642 1904
185.739 1428
185.739 1904
185.739 5712
186.097 5236
186.165 4760
186.169 4284
186.173 3808
186.176 3332
186.18 2856
186.183 2380
186.191 1904
186.194 1428
186.194 1904
186.198 1428
186.198 1904
186.201 1428
186.201 1904
186.201 5712
186.526 6664
186.526 6188
186.53 5712
186.534 5236
186.541 4760
186.544 4284
186.548 3332
186.624 2380
186.631 1428
186.631 1904
186.635 1428
186.635 1904
186.638 952
186.638 1428
186.638 1904
186.642 952
186.642 1428
186.642 1904
186.736 952
186.736 3332
186.743 2856
186.743 6664
186.844 7140
186.848 6664
186.851 6188
186.855 5712
186.858 5236
186.862 4760
186.866 4284
186.869 3808
186.873 3332
186.876 2856
186.88 2380
186.884 1904
186.887 1428
186.887 1904
186.943 476
186.949 8092
187.104 7616
187.107 7140
187.111 6664
187.118 6188
187.152 5712
187.173 5236
187.176 4760
187.18 4284
187.183 3808
187.187 3332
187.191 2856
187.198 2380
187.201 1904
187.205 1428
187.205 1904
187.209 1428
187.209 1904
187.209 8092
187.447 7616
187.45 7140
187.454 6664
187.458 6188
187.461 5712
187.465 5236
187.468 4760
187.472 4284
187.526 3808
187.53 3332
187.534 2380
187.541 1428
187.541 1904
187.544 952
187.544 1428
187.544 1904
187.548 952
187.548 1428
187.548 1904
187.552 952
187.552 6664
187.555 6188
187.649 5712
187.649 8092
187.681 7616
187.681 7140
187.685 6664
187.692 6188
187.761 5712
187.765 5236
187.768 3808
187.772 2380
187.775 952
187.775 1428
187.775 1904
187.779 476
187.779 952
187.779 1904
187.783 476
187.783 952
187.783 1904
187.786 476
187.786 952
187.786 1904
187.79 476
187.79 4284
187.797 3332
187.891 2380
187.895 1904
187.895 8092
188.032 7616
188.036 7140
188.039 6664
188.043 6188
188.046 5712
188.05 5236
188.054 4760
188.1 4284
188.111 3808
188.115 3332
188.119 2856
188.126 2380
188.129 1904
188.133 1428
188.133 1904
188.137 1428
188.137 1904
188.137 8092
188.274 9044
188.274 8568
188.277 8092
188.281 7616
188.285 7140
188.288 6664
188.321 6188
188.324 5712
188.346 5236
188.35 4760
188.353 4284
188.357 3808
188.36 3332
188.364 2856
188.368 2380
188.371 1904
188.378 1428
188.378 1904
188.378 9044
188.516 9520
188.516 9044
188.519 8092
188.526 7140
188.53 6188
188.534 4760
188.537 3332
188.541 1904
188.544 476
188.544 952
188.544 1904
188.588 476
188.588 952
188.588 1904
188.591 476
188.591 952
188.591 1904
188.595 476
188.595 952
188.595 1904
188.599 476
188.599 952
188.599 1904
188.602 476
188.602 952
188.602 1904
188.606 476
188.606 952
188.606 1904
188.609 476
188.609 952
188.609 1904
188.617 476
188.617 952
188.617 1904
188.62 476
188.62 1428
188.62 1904
188.624 952
188.624 1428
188.624 1904
188.714 952
188.714 2856
188.721 2380
188.721 9520
188.725 9044
188.848 1904
189.151 9520
189.375 9996
189.375 9520
189.378 9044
189.382 8568
189.386 8092
189.393 7616
189.396 7140
189.4 6188
189.404 5236
189.407 4284
189.411 3332
189.414 2380
189.418 1428
189.418 1904
189.422 952
189.422 1428
189.422 1904
189.425 952
189.425 1428
189.425 1904
189.429 952
189.429 1428
189.429 1904
189.472 952
189.472 1428
189.472 1904
189.476 952
189.476 1428
189.476 1904
189.48 952
189.48 4284
189.483 3332
189.581 2380
189.584 1904
189.585 1428
189.585 1904
189.588 1428
189.588 1904
189.588 9996
189.754 10472
189.754 9996
189.757 9520
189.761 9044
189.765 8568
189.801 8092
189.804 7616
189.808 7140
189.812 6664
189.815 6188
189.819 5712
189.822 5236
189.826 4760
189.833 4284
189.837 3808
189.84 3332
189.844 2856
189.848 2380
189.851 1904
189.855 1428
189.855 1904
189.858 1428
189.858 1904
189.858 10472
190.021 10948
190.021 9996
190.024 9044
190.028 8092
190.043 7140
190.046 6188
190.068 5236
190.071 4284
190.075 3332
190.079 2380
190.082 1428
190.082 1904
190.086 952
190.086 1428
190.086 1904
190.089 952
190.089 1428
190.089 1904
190.093 952
190.093 1428
190.093 1904
190.097 952
190.097 1428
190.097 1904
190.1 952
190.1 1428
190.1 1904
190.104 952
190.104 1428
190.104 1904
190.107 952
190.107 1428
190.107 1904
190.118 952
190.118 1428
190.118 1904
190.126 952
190.126 1904
190.129 1428
190.129 1904
190.234 1428
190.234 1904
190.234 10948
190.364 10472
190.367 9996
190.371 9520
190.374 9044
190.378 8568
190.382 8092
190.385 7616
190.389 7140
190.392 6664
190.396 6188
190.4 5712
190.403 5236
190.407 4760
190.41 4284
190.414 3808
190.443 3332
190.447 2856
190.45 2380
190.454 1904
190.461 1428
190.461 1904
190.465 1428
190.465 1904
190.468 1428
190.468 1904
190.468 10948
190.602 10472
190.602 9520
190.602 9996
190.605 9044
190.609 8092
190.613 7140
190.616 6188
190.62 5236
190.623 4284
190.627 3332
190.631 2380
190.638 1428
190.638 1904
190.641 952
190.641 1428
190.641 1904
190.671 476
190.671 952
190.671 1904
190.674 476
190.674 952
190.674 1904
190.678 476
190.678 952
190.678 1904
190.681 476
190.681 952
190.681 1904
190.689 476
190.689 952
190.689 1904
190.692 476
190.692 952
190.692 1904
190.699 476
190.699 1428
190.699 1904
190.703 952
190.703 1428
190.703 1904
190.707 952
190.707 7140
190.707 6664
190.71 6188
190.808 5712
190.808 10948
190.981 10472
190.981 9996
190.984 9520
190.988 9044
190.992 8568
191.021 8092
191.024 7616
191.028 7140
191.042 6664
191.046 6188
191.049 5712
191.053 5236
191.057 4760
191.06 4284
191.064 3808
191.067 3332
191.071 2856
191.075 2380
191.078 1904
191.082 1428
191.082 1904
191.085 1428
191.085 1904
191.085 10948
191.205 10472
191.208 9996
191.212 9520
191.215 9044
191.219 8568
191.223 8092
191.23 7616
191.233 7140
191.237 6188
191.241 5236
191.244 4284
191.248 3332
191.251 2380
191.255 1428
191.255 1904
191.259 952
191.259 1428
191.259 1904
191.262 952
191.262 1428
191.262 1904
191.266 952
191.266 1428
191.266 1904
191.298 952
191.298 1428
191.298 1904
191.302 952
191.302 1428
191.302 1904
191.306 952
191.306 1428
191.306 1904
191.309 952
191.309 5712
191.31 5236
191.313 4760
191.407 4284
191.407 10948
191.631 10472
191.634 9996
191.638 9520
191.641 9044
191.645 8568
191.649 8092
191.652 7616
191.656 7140
191.659 6664
191.663 6188
191.667 5712
191.67 5236
191.674 4760
191.677 4284
191.681 3808
191.685 3332
191.688 2856
191.692 2380
191.695 1904
191.728 1428
191.728 1904
191.732 1428
191.732 1904
191.736 1428
191.736 1904
191.736 10948
191.97 10472
191.974 9996
191.977 9520
191.981 9044
191.985 8568
191.988 8092
191.999 7616
192.003 6664
192.006 5712
192.01 4760
192.013 3808
192.042 2856
192.046 1904
192.05 952
192.05 1428
192.05 1904
192.061 952
192.061 1904
192.064 952
192.064 1428
192.064 1904
192.068 952
192.068 6188
192.075 5712
192.075 5236
192.079 4760
192.104 3808
192.173 2856
192.176 2380
192.18 1904
192.183 1428
192.183 1904
192.187 1428
192.187 1904
192.191 1428
192.191 1904
192.194 1428
192.194 1904
192.198 1428
192.198 1904
192.268 476
192.277 6188
192.432 6664
192.432 5712
192.477 4760
192.501 3808
192.505 2856
192.508 1904
192.512 952
192.512 1428
192.512 1904
192.515 952
192.515 1428
192.515 1904
192.519 952
192.519 1428
192.519 1904
192.53 952
192.53 1428
192.53 1904
192.533 952
192.533 1428
192.533 1904
192.537 952
192.537 1428
192.537 1904
192.541 1428
192.541 1904
192.625 476
192.642 1904
193.062 2380
193.062 1904
193.154 476
193.163 1904
193.905 476
193.91 1904
194.67 2380
194.67 1904
194.673 1428
194.673 1904
194.762 476
194.771 3808
195.013 3332
195.016 2856
195.107 2380
195.114 1904
195.117 1428
195.117 1904
195.121 1428
195.121 1904
195.222 1428
195.222 1904
195.226 1428
195.226 1904
195.229 1428
195.229 1904
195.317 476
195.327 3332
195.886 3808
195.886 3332
195.89 2856
195.973 2380
195.977 1904
195.984 1428
195.984 1904
195.988 1428
195.988 1904
195.992 1428
195.992 1904
195.992 3808
196.111 3332
196.193 2856
196.197 2380
196.205 1904
196.208 1428
196.208 1904
196.215 1428
196.215 1904
196.215 3808
196.865 4284
196.865 3808
196.869 3332
196.876 2856
196.88 2380
196.883 1904
196.964 476
196.966 1904
197.307 2380
197.307 1904
197.404 1428
197.404 1904
197.412 1428
197.412 1904
197.412 2380
197.524 2856
197.524 2380
197.625 1904
197.628 1428
197.628 1904
197.729 1428
197.729 1904
197.733 1428
197.733 1904
197.733 2856
198.827 3332
198.827 2380
198.83 1428
198.83 1904
198.922 476
198.924 1904
199.478 2380
199.478 1904
199.482 1428
199.482 1904
199.57 476
199.579 1904
