0.0 0
0.214162 0.204
0.41964 0.204125
0.433747 0.205109
0.447865 0.205971
0.461983 0.206724
0.4761 0.207509
0.625108 0.22507
0.646295 0.224436
1.07842 0.223007
1.09961 0.221631
1.26978 0.239927
1.2839 0.236436
1.29801 0.233507
1.73721 0.230943
2.1996 0.228575
2.38896 0.226504
2.40307 0.224816
2.42426 0.224214
2.91991 0.222687
3.06185 0.237351
3.07597 0.234182
3.09009 0.231534
3.1042 0.229218
3.11832 0.22719
3.13244 0.225417
3.14656 0.22374
3.16068 0.222272
3.17479 0.220988
3.81239 0.23324
4.02492 0.230585
4.69076 0.228262
4.79859 0.237979
4.90328 0.234856
5.01112 0.232124
5.11581 0.229609
5.22364 0.227408
5.32833 0.225607
5.43617 0.224031
5.54086 0.222527
5.75339 0.221336
5.96591 0.220169
5.98003 0.219273
6.17844 0.218489
6.19256 0.217678
6.39096 0.216968
6.40508 0.216472
6.60349 0.216038
6.61761 0.215533
6.81602 0.215217
6.83013 0.21494
7.02854 0.214572
7.04266 0.214251
7.24814 0.214969
7.91396 0.217223
7.92808 0.216695
8.11943 0.220608
8.13355 0.219532
8.15474 0.219466
8.78525 0.220408
8.79937 0.219482
8.81349 0.218671
8.82761 0.217837
8.84173 0.217108
8.99778 0.216469
9.43697 0.215911
9.44404 0.215547
9.62833 0.236478
9.64245 0.233544
9.65657 0.230851
9.67776 0.229369
10.0958 0.249448
10.1099 0.244767
10.1381 0.240796
10.1522 0.237322
10.5914 0.234282
10.7192 0.245746
10.7334 0.241653
10.7475 0.238071
10.7616 0.234812
10.7757 0.231961
10.7898 0.229466
10.8039 0.227283
10.9247 0.238747
10.9388 0.235404
10.9529 0.232478
10.9671 0.230044
10.9812 0.227913
10.9953 0.226049
11.0094 0.224418
11.1302 0.236366
11.1443 0.233445
11.1584 0.230889
11.1725 0.228653
11.1866 0.226571
11.2008 0.22475
11.2149 0.223156
11.3356 0.235137
11.3498 0.232245
11.3639 0.229714
11.378 0.2275
11.3921 0.225687
11.4062 0.224101
11.4203 0.222714
11.5411 0.234875
11.5552 0.23214
11.5693 0.229748
11.5835 0.227654
11.5976 0.225697
11.6117 0.223985
11.6258 0.222487
11.7466 0.234551
11.7607 0.231732
11.7748 0.229266
11.7889 0.227108
12.2211 0.248344
12.632 0.264301
12.6673 0.257888
12.6814 0.252277
12.6955 0.247243
12.7096 0.242837
12.7238 0.238983
13.17 0.235735
14.0202 0.257643
14.0343 0.252063
14.4806 0.251555
14.6366 0.26436
14.6507 0.257815
14.6648 0.252088
14.679 0.247077
14.6931 0.242818
14.8421 0.255966
14.8562 0.250595
14.8703 0.245895
14.8844 0.241784
14.8985 0.238061
15.0475 0.251678
15.6781 0.268093
15.6922 0.261207
15.7064 0.255181
15.7205 0.249908
15.7346 0.24517
15.8836 0.257898
17.2153 0.252286
17.4066 0.2695
17.4207 0.262313
17.4349 0.256024
17.449 0.250521
17.4631 0.245831
17.4772 0.241727
17.4913 0.238136
17.6192 0.234994
17.6333 0.232245
17.6474 0.229839
17.6615 0.227734
17.6756 0.225767
17.6897 0.224047
17.7039 0.222541
17.8317 0.221223
17.8458 0.22007
17.8599 0.219061
17.874 0.218304
17.8882 0.217641
17.9023 0.217061
17.9164 0.216553
18.0442 0.216109
18.6677 0.235095
18.6889 0.233083
18.703 0.230448
18.7171 0.228267
18.7312 0.226359
18.7453 0.224689
18.8732 0.235603
18.8943 0.233652
18.9084 0.231071
18.9226 0.228687
19.3194 0.244476
19.3759 0.240417
19.39 0.236865
19.4112 0.234756
19.8433 0.232037
19.8504 0.229657
19.8645 0.227575
20.0417 0.225628
20.0558 0.223925
20.0699 0.222434
20.0911 0.22213
20.5162 0.243989
20.5303 0.240115
20.5444 0.236726
20.5585 0.233635
20.5727 0.230931
20.5868 0.228564
20.6009 0.226494
20.7217 0.238057
20.7358 0.2348
20.7499 0.23195
20.764 0.229581
20.7781 0.227509
20.7922 0.225695
20.8064 0.224108
20.9271 0.236095
20.9412 0.233208
22.1098 0.231432
22.5278 0.251128
22.549 0.246237
22.7403 0.242082
22.7615 0.238447
22.9529 0.235141
22.967 0.232248
22.9811 0.229842
23.1654 0.227737
23.1795 0.225895
23.1936 0.224158
23.9382 0.222763
24.1508 0.221418
24.1649 0.220241
24.8571 0.226211
25.0696 0.224434
25.0837 0.22288
25.2821 0.221645
25.2963 0.220564
25.4947 0.219494
25.5088 0.218557
25.7072 0.217862
25.7213 0.217255
25.9197 0.216598
25.9338 0.216023
26.1322 0.215645
26.1464 0.215315
26.9612 0.23715
27.1737 0.234006
27.1878 0.231256
27.3862 0.228974
27.4004 0.226977
27.5988 0.225105
27.6129 0.223467
27.8184 0.223033
28.4771 0.223529
28.4913 0.222213
28.5054 0.221061
28.6897 0.219929
28.7038 0.218938
28.725 0.218945
29.3343 0.218202
29.3484 0.217552
29.3625 0.216858
29.8017 0.216251
29.8088 0.215719
29.8229 0.215254
30.0002 0.214973
30.0143 0.214726
30.0284 0.21451
30.0425 0.214322
30.0566 0.214031
30.0707 0.213777
30.2056 0.22868
30.2268 0.22747
30.6519 0.247661
30.667 0.243329
30.6811 0.239538
30.6952 0.23622
30.7093 0.233318
30.7234 0.230778
30.8573 0.243431
30.8724 0.239752
30.8866 0.236283
30.9007 0.233248
30.9148 0.230592
30.9289 0.228268
31.0699 0.242109
31.3399 0.240971
31.4959 0.237474
31.5171 0.234415
31.5312 0.231738
31.5453 0.229396
32.3031 0.227346
32.9618 0.227178
33.1744 0.225406
33.1885 0.223855
33.3869 0.222373
33.401 0.221202
33.5994 0.220176
33.6135 0.219154
33.819 0.21926
34.4778 0.220103
34.4919 0.21909
34.506 0.218328
34.6903 0.217662
34.7044 0.21708
34.7185 0.216445
34.7327 0.215889
34.9028 0.215403
34.9311 0.215103
35.1083 0.235215
35.5687 0.232313
35.7388 0.249274
36.178 0.24474
36.1851 0.240772
36.3694 0.258551
36.3835 0.252857
36.3976 0.24775
36.4118 0.243281
36.4259 0.239371
36.5819 0.235949
36.596 0.233081
36.6102 0.230571
36.6243 0.228374
36.7945 0.226453
36.8086 0.224646
36.8298 0.22394
37.4603 0.224323
37.4744 0.222907
37.4885 0.221669
37.5026 0.22046
37.5396 0.220528
37.6728 0.219462
37.694 0.219404
38.1332 0.238729
38.1473 0.235513
38.1701 0.232698
38.1843 0.230236
38.1984 0.228082
38.2125 0.226196
38.2266 0.224422
38.2407 0.222869
38.3387 0.23201
38.3598 0.229509
38.3827 0.227321
38.3968 0.225405
38.4109 0.22373
38.425 0.222389
38.8713 0.22209
38.8854 0.220954
38.8995 0.21996
38.9136 0.218965
39.0556 0.234094
39.0697 0.231332
39.0838 0.228916
39.0979 0.226801
39.1262 0.225076
39.1403 0.223567
39.1544 0.222246
39.261 0.232715
39.5795 0.239001
39.7002 0.235751
39.7143 0.232907
39.7355 0.231293
40.1747 0.228882
40.1888 0.226772
40.203 0.224925
40.3943 0.226059
40.4155 0.224427
40.6068 0.222874
40.628 0.221639
40.6421 0.220559
40.6562 0.219615
40.6774 0.219663
41.1166 0.218705
41.1307 0.217867
41.1449 0.217133
41.1731 0.216617
41.1872 0.216165
41.2013 0.215769
41.308 0.226923
41.3221 0.225183
41.3362 0.22366
41.3503 0.222327
41.3644 0.221161
41.3856 0.220016
41.3997 0.219014
41.4139 0.218137
41.428 0.21737
41.5205 0.216824
41.5346 0.216221
41.5487 0.215693
41.5629 0.215232
41.577 0.214828
41.5981 0.214599
41.6123 0.214399
41.6264 0.214224
41.6405 0.214071
41.733 0.213937
41.7471 0.21382
41.7613 0.213718
41.7754 0.213628
41.7895 0.21355
41.8107 0.213356
41.853 0.213311
41.9456 0.213147
41.9597 0.213004
41.9738 0.212878
41.9879 0.212769
42.002 0.212798
42.0232 0.212823
42.0656 0.21272
42.0797 0.21263
42.0938 0.212551
42.1581 0.212607
42.1722 0.212656
42.1863 0.212699
42.2004 0.212737
42.2145 0.212645
42.2357 0.212564
42.2781 0.212619
42.2993 0.213541
