0.0 0
0.214162 4294967295
0.41964 4294967295
0.433747 4294967295
0.447865 4294967295
0.461983 4294967295
0.4761 4294967295
0.667472 4294967295
0.674531 4294967295
0.681589 4294967295
0.695718 4294967295
0.702777 4294967295
0.709836 4294967295
0.716895 4294967295
0.723954 4294967295
0.731012 4294967295
0.738071 4294967295
0.74513 4294967295
0.74513 4294967295
0.74513 4294967295
0.830597 4294967295
0.830597 4294967295
0.830597 4294967295
0.837656 4294967295
0.837656 4294967295
0.837656 4294967295
0.851785 4294967295
0.851785 4294967295
0.851785 4294967295
0.858844 4294967295
0.858844 4294967295
0.858844 4294967295
0.865903 4294967295
0.865903 4294967295
0.865903 4294967295
0.87295 4294967295
0.87295 4294967295
0.873944 4294967295
0.880009 4294967295
1.06431 4294967295
1.06431 4294967295
1.32626 4294967295
1.32626 4294967295
1.33332 4294967295
1.34038 4294967295
1.34744 4294967295
1.3545 4294967295
1.36155 4294967295
1.36861 4294967295
1.37567 4294967295
1.38273 4294967295
1.38979 4294967295
1.47526 4294967295
1.48939 4294967295
1.49644 4294967295
1.5035 4294967295
1.51056 4294967295
1.51056 4294967295
1.51763 4294967295
1.51763 4294967295
1.51763 4294967295
1.52469 4294967295
1.52469 4294967295
1.52469 4294967295
1.53174 4294967295
1.53174 4294967295
1.5388 4294967295
1.7231 4294967295
1.7231 4294967295
1.76547 4294967295
1.76547 4294967295
1.77253 4294967295
1.77959 4294967295
1.78665 4294967295
1.79371 4294967295
1.80077 4294967295
1.80783 4294967295
1.82196 4294967295
1.9286 4294967295
1.9286 4294967295
1.9286 4294967295
1.93566 4294967295
1.93566 4294967295
1.93566 4294967295
1.94272 4294967295
1.94272 4294967295
1.94272 4294967295
1.94978 4294967295
1.94978 4294967295
1.94978 4294967295
1.95684 4294967295
1.95684 4294967295
1.95684 4294967295
1.96389 4294967295
1.96389 4294967295
1.96389 4294967295
1.97295 4294967295
1.97295 4294967295
1.978 4294967295
1.978 4294967295
1.978 4294967295
2.16937 4294967295
2.16937 4294967295
2.17843 4294967295
2.18548 4294967295
2.18548 4294967295
2.44544 4294967295
2.4525 4294967295
2.45956 4294967295
2.46662 4294967295
2.47367 4294967295
2.48073 4294967295
2.48779 4294967295
2.50191 4294967295
2.50897 4294967295
2.51603 4294967295
2.59444 4294967295
2.60149 4294967295
2.60855 4294967295
2.61561 4294967295
2.62974 4294967295
2.64387 4294967295
2.65092 4294967295
2.65092 4294967295
2.70739 4294967295
2.70739 4294967295
2.85638 4294967295
2.85638 4294967295
2.85638 4294967295
3.27439 4294967295
3.27439 4294967295
3.28145 4294967295
3.28851 4294967295
3.29557 4294967295
3.30262 4294967295
3.30968 4294967295
3.31674 4294967295
3.3238 4294967295
3.33086 4294967295
3.33792 4294967295
3.34498 4294967295
3.35204 4294967295
3.3591 4294967295
3.36615 4294967295
3.37321 4294967295
3.38027 4294967295
3.38733 4294967295
3.3944 4294967295
3.3944 4294967295
3.46228 4294967295
3.47281 4294967295
4.24453 4294967295
4.24453 4294967295
4.38766 4294967295
4.43588 4294967295
7.46068 4294967295
7.46068 4294967295
7.46773 4294967295
7.46773 4294967295
7.47986 4294967295
7.65908 4294967295
8.33903 4294967295
8.33903 4294967295
8.34608 4294967295
8.36021 4294967295
8.36727 4294967295
8.37433 4294967295
8.41026 4294967295
8.53038 4294967295
9.02603 4294967295
9.02603 4294967295
9.04016 4294967295
9.04721 4294967295
9.05427 4294967295
9.06839 4294967295
9.20327 4294967295
9.21033 4294967295
9.21033 4294967295
9.21033 4294967295
9.2174 4294967295
9.2174 4294967295
9.2174 4294967295
9.22446 4294967295
9.22446 4294967295
9.22446 4294967295
9.23151 4294967295
9.23151 4294967295
9.23856 4294967295
9.42287 4294967295
9.42287 4294967295
9.69893 4294967295
9.70599 4294967295
9.83381 4294967295
9.84087 4294967295
9.84793 4294967295
9.85499 4294967295
9.86205 4294967295
9.86911 4294967295
9.88323 4294967295
9.89029 4294967295
9.89029 4294967295
9.89735 4294967295
9.89735 4294967295
9.9044 4294967295
9.9044 4294967295
9.9044 4294967295
10.3083 4294967295
10.3083 4294967295
10.3083 4294967295
10.3154 4294967295
10.3154 4294967295
10.3224 4294967295
10.3224 4294967295
10.3436 4294967295
10.3436 4294967295
10.3507 4294967295
10.3507 4294967295
10.3577 4294967295
10.3577 4294967295
10.3648 4294967295
10.3648 4294967295
10.3718 4294967295
10.3718 4294967295
10.3789 4294967295
10.3789 4294967295
10.3859 4294967295
10.3859 4294967295
10.393 4294967295
10.393 4294967295
10.5138 4294967295
10.5138 4294967295
10.5138 4294967295
11.8172 4294967295
11.8172 4294967295
11.8242 4294967295
11.8313 4294967295
11.8383 4294967295
11.952 4294967295
11.9591 4294967295
11.9662 4294967295
11.9732 4294967295
11.9803 4294967295
11.9873 4294967295
11.9944 4294967295
12.0015 4294967295
12.0085 4294967295
12.0085 4294967295
12.0156 4294967295
12.0156 4294967295
12.0226 4294967295
12.0226 4294967295
12.0226 4294967295
12.2493 4294967295
12.2564 4294967295
12.2634 4294967295
12.2705 4294967295
12.2775 4294967295
12.2846 4294967295
12.2917 4294967295
12.2987 4294967295
12.3058 4294967295
12.4265 4294967295
12.4336 4294967295
12.4407 4294967295
12.4548 4294967295
12.4548 4294967295
12.4548 4294967295
12.752 4294967295
12.752 4294967295
12.8375 4294967295
12.8445 4294967295
12.8728 4294967295
12.8798 4294967295
12.8869 4294967295
12.8939 4294967295
12.901 4294967295
12.9081 4294967295
12.9151 4294967295
12.9504 4294967295
12.9575 4294967295
12.9575 4294967295
12.9645 4294967295
12.9645 4294967295
13.1559 4294967295
13.1559 4294967295
13.1559 4294967295
13.3755 4294967295
13.3755 4294967295
13.3826 4294967295
13.3896 4294967295
13.3967 4294967295
13.4037 4294967295
13.4108 4294967295
13.4249 4294967295
13.432 4294967295
13.439 4294967295
13.4532 4294967295
13.4673 4294967295
13.5669 4294967295
13.5669 4294967295
13.5669 4294967295
13.5739 4294967295
13.5739 4294967295
13.5739 4294967295
13.5745 4294967295
13.581 4294967295
14.2257 4294967295
14.2257 4294967295
14.2327 4294967295
14.2398 4294967295
14.2469 4294967295
14.2539 4294967295
14.261 4294967295
14.268 4294967295
14.2751 4294967295
14.2751 4294967295
14.2821 4294967295
14.2821 4294967295
14.4311 4294967295
14.4311 4294967295
14.4311 4294967295
15.0829 4294967295
15.0899 4294967295
15.104 4294967295
15.2672 4294967295
15.2813 4294967295
15.2883 4294967295
15.2883 4294967295
15.2883 4294967295
15.2904 4294967295
15.2904 4294967295
15.2954 4294967295
15.2954 4294967295
15.2954 4294967295
15.4727 4294967295
15.4727 4294967295
15.4797 4294967295
15.4868 4294967295
15.4868 4294967295
15.4938 4294967295
15.4938 4294967295
15.4938 4294967295
15.9118 4294967295
15.9118 4294967295
15.9189 4294967295
15.926 4294967295
15.933 4294967295
15.9401 4294967295
15.9471 4294967295
16.0961 4294967295
16.1032 4294967295
16.1102 4294967295
16.1102 4294967295
16.1183 4294967295
16.1183 4294967295
16.1183 4294967295
16.3581 4294967295
16.3581 4294967295
16.3652 4294967295
16.3722 4294967295
16.3793 4294967295
16.3863 4294967295
16.3863 4294967295
16.3863 4294967295
16.5071 4294967295
16.5071 4294967295
16.5071 4294967295
16.5424 4294967295
16.5424 4294967295
16.5495 4294967295
16.5495 4294967295
16.5495 4294967295
16.5565 4294967295
16.5565 4294967295
16.5565 4294967295
16.5636 4294967295
16.5636 4294967295
16.5706 4294967295
16.5706 4294967295
16.7479 4294967295
16.7549 4294967295
16.7549 4294967295
16.7549 4294967295
16.7832 4294967295
16.7902 4294967295
16.9604 4294967295
16.9675 4294967295
16.9816 4294967295
16.9957 4294967295
16.9957 4294967295
17.0028 4294967295
17.0028 4294967295
17.2012 4294967295
17.2012 4294967295
17.2012 4294967295
18.0725 4294967295
18.0725 4294967295
18.0795 4294967295
18.0936 4294967295
18.1007 4294967295
18.1078 4294967295
18.1148 4294967295
18.1219 4294967295
18.1289 4294967295
18.2567 4294967295
18.2638 4294967295
18.2779 4294967295
18.4622 4294967295
18.4622 4294967295
18.4834 4294967295
18.4834 4294967295
18.4834 4294967295
18.9579 4294967295
19.0786 4294967295
19.0857 4294967295
19.0928 4294967295
19.0998 4294967295
19.1139 4294967295
19.121 4294967295
19.1281 4294967295
19.1351 4294967295
19.1422 4294967295
19.1492 4294967295
19.1563 4294967295
19.1563 4294967295
19.1653 4294967295
19.1653 4294967295
19.1653 4294967295
19.4323 4294967295
19.4394 4294967295
19.4535 4294967295
19.5249 4294967295
19.5319 4294967295
19.5813 4294967295
19.5884 4294967295
19.5955 4294967295
19.5955 4294967295
19.6025 4294967295
19.6025 4294967295
19.6025 4294967295
19.6167 4294967295
19.6167 4294967295
19.6167 4294967295
19.6237 4294967295
19.6237 4294967295
19.6237 4294967295
19.6308 4294967295
19.6308 4294967295
19.6308 4294967295
19.6378 4294967295
19.6378 4294967295
19.6388 4294967295
19.6449 4294967295
19.8292 4294967295
19.8292 4294967295
20.1123 4294967295
20.1194 4294967295
20.1264 4294967295
20.1335 4294967295
20.2472 4294967295
20.2542 4294967295
20.2613 4294967295
20.2684 4294967295
20.2754 4294967295
20.2825 4294967295
20.2966 4294967295
20.3107 4294967295
20.3107 4294967295
20.3178 4294967295
20.3178 4294967295
20.3178 4294967295
20.9695 4294967295
20.9695 4294967295
20.9765 4294967295
20.9836 4294967295
20.9907 4294967295
20.9977 4294967295
21.0048 4294967295
21.0118 4294967295
21.0189 4294967295
21.1397 4294967295
21.1467 4294967295
21.1538 4294967295
21.1609 4294967295
21.175 4294967295
21.175 4294967295
21.3804 4294967295
21.593 4294967295
21.593 4294967295
21.6071 4294967295
21.6142 4294967295
21.6212 4294967295
21.6283 4294967295
21.6353 4294967295
21.6424 4294967295
21.6495 4294967295
21.6636 4294967295
21.6636 4294967295
21.6706 4294967295
21.6706 4294967295
21.6706 4294967295
21.6777 4294967295
21.6777 4294967295
21.6777 4294967295
21.6847 4294967295
21.6847 4294967295
21.6847 4294967295
21.7566 4294967295
21.7914 4294967295
22.131 4294967295
22.3153 4294967295
22.3224 4294967295
22.3224 4294967295
22.3365 4294967295
22.3365 4294967295
22.3365 4294967295
23.3921 4294967295
23.3921 4294967295
23.3991 4294967295
23.4062 4294967295
23.5061 4294967295
23.5834 4294967295
24.3774 4294967295
24.3774 4294967295
24.4462 4294967295
24.5688 4294967295
26.3589 4294967295
26.3589 4294967295
26.3826 4294967295
26.5503 4294967295
28.0309 4294967295
28.0309 4294967295
28.038 4294967295
28.038 4294967295
28.1108 4294967295
28.2293 4294967295
28.9022 4294967295
28.9022 4294967295
28.9093 4294967295
28.9163 4294967295
28.9304 4294967295
28.9375 4294967295
28.9446 4294967295
28.9446 4294967295
28.9755 4294967295
29.1006 4294967295
29.3908 4294967295
29.3908 4294967295
29.3979 4294967295
29.5398 4294967295
29.5469 4294967295
29.5539 4294967295
29.561 4294967295
29.568 4294967295
29.568 4294967295
29.5751 4294967295
29.5751 4294967295
29.5751 4294967295
29.5822 4294967295
29.5822 4294967295
29.5822 4294967295
29.5892 4294967295
29.5892 4294967295
29.5892 4294967295
29.5963 4294967295
29.5963 4294967295
29.6033 4294967295
29.7876 4294967295
29.7876 4294967295
30.255 4294967295
30.2621 4294967295
30.2692 4294967295
30.2762 4294967295
30.2833 4294967295
30.4111 4294967295
30.4182 4294967295
30.4323 4294967295
30.4394 4294967295
30.4464 4294967295
30.4464 4294967295
30.4535 4294967295
30.4535 4294967295
30.4615 4294967295
30.4615 4294967295
30.4615 4294967295
31.0991 4294967295
31.1062 4294967295
31.1132 4294967295
31.1203 4294967295
31.1344 4294967295
31.1415 4294967295
31.2824 4294967295
31.2904 4294967295
31.3046 4294967295
31.3046 4294967295
31.5736 4294967295
31.5736 4294967295
31.5806 4294967295
31.5877 4294967295
31.7014 4294967295
31.7226 4294967295
31.7296 4294967295
31.7367 4294967295
31.7437 4294967295
31.7508 4294967295
31.7579 4294967295
31.7649 4294967295
31.7649 4294967295
31.772 4294967295
31.772 4294967295
31.7861 4294967295
31.7861 4294967295
31.8851 4294967295
31.9704 4294967295
32.5156 4294967295
32.5156 4294967295
32.5227 4294967295
32.5227 4294967295
32.6296 4294967295
32.714 4294967295
34.0315 4294967295
34.0315 4294967295
34.0386 4294967295
34.0386 4294967295
34.0731 4294967295
34.23 4294967295
35.1507 4294967295
35.1507 4294967295
35.1577 4294967295
35.3138 4294967295
35.3209 4294967295
35.3209 4294967295
35.3209 4294967295
35.3279 4294967295
35.3279 4294967295
35.3279 4294967295
35.3491 4294967295
35.3491 4294967295
35.3562 4294967295
35.3571 4294967295
35.3571 4294967295
35.3632 4294967295
35.3632 4294967295
35.5334 4294967295
35.5334 4294967295
35.5334 4294967295
35.7671 4294967295
35.7671 4294967295
35.7812 4294967295
35.7883 4294967295
35.9443 4294967295
35.9514 4294967295
35.9514 4294967295
35.9585 4294967295
35.9585 4294967295
35.9585 4294967295
35.9655 4294967295
35.9655 4294967295
35.9655 4294967295
35.9726 4294967295
35.9726 4294967295
36.1639 4294967295
36.1639 4294967295
37.0141 4294967295
37.0141 4294967295
37.0211 4294967295
37.0282 4294967295
37.0352 4294967295
37.0423 4294967295
37.0493 4294967295
37.0564 4294967295
37.1287 4294967295
37.2054 4294967295
37.7451 4294967295
37.7451 4294967295
37.7521 4294967295
37.7592 4294967295
37.7663 4294967295
37.8783 4294967295
37.8995 4294967295
37.9065 4294967295
37.9065 4294967295
37.9065 4294967295
37.9136 4294967295
37.9136 4294967295
37.9136 4294967295
37.9277 4294967295
37.9277 4294967295
37.9348 4294967295
37.9418 4294967295
37.9418 4294967295
37.9506 4294967295
37.9506 4294967295
37.9576 4294967295
37.9576 4294967295
37.9576 4294967295
38.4533 4294967295
38.4533 4294967295
38.5441 4294967295
38.5512 4294967295
38.5724 4294967295
38.5881 4294967295
38.5952 4294967295
38.6023 4294967295
38.6093 4294967295
38.6164 4294967295
38.6234 4294967295
38.6234 4294967295
38.6234 4294967295
38.6305 4294967295
38.6305 4294967295
38.6305 4294967295
38.6376 4294967295
38.6376 4294967295
38.6376 4294967295
38.6446 4294967295
38.6446 4294967295
38.6446 4294967295
38.6517 4294967295
38.6517 4294967295
38.6517 4294967295
38.6658 4294967295
38.6658 4294967295
38.8501 4294967295
38.8501 4294967295
39.2893 4294967295
39.2893 4294967295
39.2963 4294967295
39.3034 4294967295
39.3105 4294967295
39.3316 4294967295
39.3387 4294967295
39.3457 4294967295
39.3528 4294967295
39.3599 4294967295
39.374 4294967295
39.381 4294967295
39.4665 4294967295
39.4736 4294967295
39.4806 4294967295
39.4877 4294967295
39.4877 4294967295
39.4947 4294967295
39.4947 4294967295
39.4947 4294967295
39.7567 4294967295
39.7638 4294967295
39.7708 4294967295
39.7779 4294967295
39.7991 4294967295
39.8061 4294967295
39.8132 4294967295
39.9057 4294967295
39.9128 4294967295
39.9198 4294967295
39.9198 4294967295
39.9269 4294967295
39.9269 4294967295
39.9269 4294967295
39.941 4294967295
39.941 4294967295
39.941 4294967295
39.9481 4294967295
39.9481 4294967295
39.9481 4294967295
39.9551 4294967295
39.9551 4294967295
39.9551 4294967295
39.9622 4294967295
39.9622 4294967295
39.9632 4294967295
39.9692 4294967295
40.0045 4294967295
40.1606 4294967295
40.1606 4294967295
40.1606 4294967295
40.1677 4294967295
40.4155 4294967295
40.6986 4294967295
40.7057 4294967295
40.7127 4294967295
40.7198 4294967295
40.7268 4294967295
40.8123 4294967295
40.8194 4294967295
40.8335 4294967295
40.8405 4294967295
40.8476 4294967295
40.8547 4294967295
40.8617 4294967295
40.8829 4294967295
40.89 4294967295
40.897 4294967295
40.897 4294967295
40.897 4294967295
40.9041 4294967295
40.9041 4294967295
40.9051 4294967295
40.9111 4294967295
41.1025 4294967295
41.1025 4294967295
42.3706 4294967295
42.3706 4294967295
42.3847 4294967295
42.3989 4294967295
42.4059 4294967295
42.413 4294967295
42.42 4294967295
42.4271 4294967295
42.4412 4294967295
42.4412 4294967295
42.4412 4294967295
42.4483 4294967295
42.4483 4294967295
42.4483 4294967295
42.4836 4294967295
42.4836 4294967295
42.4836 4294967295
42.4906 4294967295
42.4906 4294967295
42.4906 4294967295
42.5048 4294967295
42.5048 4294967295
42.5048 4294967295
42.5118 4294967295
42.5118 4294967295
42.5118 4294967295
42.5189 4294967295
42.5189 4294967295
42.5189 4294967295
42.5218 4294967295
42.5761 4294967295
42.9469 4294967295
