0.010001 1 -0
0.110001 1 0.00820216
0.110001 2 -0
0.210001 1 0.402459
0.210001 2 0.00820216
0.310001 1 0.559626
0.310001 2 0.0129273
0.410001 1 0.728337
0.410001 2 0.0228231
0.510001 1 0.837743
0.510001 2 0.0285334
0.610001 1 0.895506
0.610001 2 0.0395153
0.710001 1 0.937889
0.710001 2 0.0430256
0.810001 1 0.892446
0.810001 2 0.0400661
0.910001 1 0.917387
0.910001 2 0.0376322
1.01 1 0.963021
1.01 2 0.0384945
1.11 1 1.0018
1.11 2 0.0391938
1.21 1 1.02632
1.21 2 0.0395227
1.31 1 1.04591
1.31 2 0.0400261
1.41 1 1.06713
1.41 2 0.0404558
1.51 1 1.08303
1.51 2 0.0417323
1.61 1 1.09384
1.61 2 0.0420659
1.71 1 1.11057
1.71 2 0.0448701
1.81 1 1.06106
1.81 2 0.0455154
1.91 1 1.08185
1.91 2 0.0442927
2.01 1 1.11617
2.01 2 0.0444954
2.11 1 1.13106
2.11 2 0.0461138
2.21 1 1.09367
2.21 2 0.0473392
2.31 1 1.11758
2.31 2 0.045665
2.41 1 1.13471
2.41 2 0.0462031
2.51 1 1.15024
2.51 2 0.0464207
2.61 1 1.16445
2.61 2 0.0465805
2.71 1 1.17658
2.71 2 0.0467049
2.81 1 1.18665
2.81 2 0.0473797
2.91 1 1.19604
2.91 2 0.0474883
3.01 1 1.20589
3.01 2 0.0480484
3.11 1 1.2161
3.11 2 0.0481261
3.21 1 1.22514
3.21 2 0.0481986
3.31 1 1.23224
3.31 2 0.0482664
3.41 1 1.23761
3.41 2 0.0493878
3.51 1 1.24578
3.51 2 0.0500125
3.61 1 1.23353
3.61 2 0.0491503
3.71 1 1.24048
3.71 2 0.0496263
3.81 1 1.23181
3.81 2 0.0507175
3.91 1 1.21945
3.91 2 0.0495303
4.01 1 1.22667
4.01 2 0.049976
4.11 1 1.23573
4.11 2 0.0502586
4.21 1 1.24219
4.21 2 0.0502826
4.31 1 1.24832
4.31 2 0.0511454
4.41 1 1.25152
4.41 2 0.0516693
4.51 1 1.22745
4.51 2 0.0506702
4.61 1 1.21924
4.61 2 0.0497751
4.71 1 1.22341
4.71 2 0.0495689
4.81 1 1.2274
4.81 2 0.0499303
4.91 1 1.23368
4.91 2 0.0499084
5.01 1 1.24034
5.01 2 0.0502323
5.11 1 1.24735
5.11 2 0.0501974
5.21 1 1.25317
5.21 2 0.0501501
5.31 1 1.25622
5.31 2 0.0506586
5.41 1 1.26022
5.41 2 0.0514867
5.51 1 1.24837
5.51 2 0.0509737
5.61 1 1.24683
5.61 2 0.0504265
5.71 1 1.25083
5.71 2 0.0506726
5.81 1 1.2576
5.81 2 0.0508941
5.91 1 1.26181
5.91 2 0.0508362
6.01 1 1.26637
6.01 2 0.0510108
6.11 1 1.27128
6.11 2 0.0510995
6.21 1 1.27704
6.21 2 0.0510957
6.31 1 1.28185
6.31 2 0.0511702
6.41 1 1.28992
6.41 2 0.0511989
6.51 1 1.29506
6.51 2 0.0514064
6.61 1 1.30032
6.61 2 0.0514165
6.71 1 1.30271
6.71 2 0.0514444
6.81 1 1.30702
6.81 2 0.0517972
6.91 1 1.30783
6.91 2 0.0524132
7.01 1 1.30198
7.01 2 0.0519345
7.11 1 1.30673
7.11 2 0.0519454
7.21 1 1.31134
7.21 2 0.0520618
7.31 1 1.31691
7.31 2 0.0521884
7.41 1 1.31945
7.41 2 0.0523359
7.51 1 1.32022
7.51 2 0.0530537
7.61 1 1.31175
7.61 2 0.0524416
7.71 1 1.31764
7.71 2 0.0528658
7.81 1 1.32178
7.81 2 0.0529085
7.91 1 1.32641
7.91 2 0.0534905
8.01 1 1.32951
8.01 2 0.0539182
8.11 1 1.323
8.11 2 0.053304
8.21 1 1.32742
8.21 2 0.053412
8.31 1 1.33178
8.31 2 0.0534738
8.41 1 1.33283
8.41 2 0.0541714
8.51 1 1.32335
8.51 2 0.0542834
8.61 1 1.32743
8.61 2 0.0540404
8.71 1 1.33071
8.71 2 0.0545122
8.81 1 1.31735
8.81 2 0.0547203
8.91 1 1.32438
8.91 2 0.0543312
9.01 1 1.32687
9.01 2 0.0549505
9.11 1 1.31872
9.11 2 0.0550391
9.21 1 1.32239
9.21 2 0.0546439
9.31 1 1.32699
9.31 2 0.0547899
9.41 1 1.33129
9.41 2 0.0547886
9.51 1 1.33442
9.51 2 0.0549293
9.61 1 1.33839
9.61 2 0.0549537
9.71 1 1.34621
9.71 2 0.0549505
9.81 1 1.35021
9.81 2 0.0550854
9.91 1 1.35374
9.91 2 0.0550671
10.01 1 1.35677
10.01 2 0.055063
10.11 1 1.36063
10.11 2 0.0551926
10.21 1 1.36183
10.21 2 0.0552982
10.31 1 1.34977
10.31 2 0.0552001
10.41 1 1.33799
10.41 2 0.0546514
10.51 1 1.32695
10.51 2 0.054232
10.61 1 1.31587
10.61 2 0.0537432
10.71 1 1.30502
10.71 2 0.0532644
10.81 1 1.30554
10.81 2 0.0527954
10.91 1 1.2956
10.91 2 0.0524485
11.01 1 1.28542
11.01 2 0.0519971
11.11 1 1.27545
11.11 2 0.0515547
11.21 1 1.26567
11.21 2 0.0511399
11.31 1 1.25651
11.31 2 0.0511209
11.41 1 1.24711
11.41 2 0.0508041
11.51 1 1.23788
11.51 2 0.050386
11.61 1 1.22883
11.61 2 0.0499758
11.71 1 1.22021
11.71 2 0.0495733
11.81 1 1.21206
11.81 2 0.0492832
11.91 1 1.20321
11.91 2 0.0488946
12.01 1 1.20308
12.01 2 0.0485132
12.11 1 1.19467
12.11 2 0.0481387
12.21 1 1.18682
12.21 2 0.0478723
12.31 1 1.17871
12.31 2 0.0475515
12.41 1 1.17075
12.41 2 0.047195
12.51 1 1.16292
12.51 2 0.0471546
12.61 1 1.15563
12.61 2 0.0468052
12.71 1 1.14807
12.71 2 0.0465599
12.81 1 1.14064
12.81 2 0.0462217
12.91 1 1.13403
12.91 2 0.0458893
13.01 1 1.12683
13.01 2 0.0455625
13.11 1 1.12654
13.11 2 0.0453361
13.21 1 1.11947
13.21 2 0.0450194
13.31 1 1.11252
13.31 2 0.0447079
13.41 1 1.10569
13.41 2 0.0444015
13.51 1 1.09935
13.51 2 0.0441483
13.61 1 1.09273
13.61 2 0.0439252
13.71 1 1.08622
13.71 2 0.0438701
13.81 1 1.07981
13.81 2 0.0435778
13.91 1 1.07387
13.91 2 0.0432902
14.01 1 1.06875
14.01 2 0.0430963
14.11 1 1.06261
14.11 2 0.0428169
14.21 1 1.05657
14.21 2 0.0425419
14.31 1 1.05552
14.31 2 0.042271
14.41 1 1.04996
14.41 2 0.0420911
14.51 1 1.04412
14.51 2 0.0418278
14.61 1 1.03837
14.61 2 0.0416292
14.71 1 1.0327
14.71 2 0.0413727
14.81 1 1.02747
14.81 2 0.04112
14.91 1 1.02197
14.91 2 0.0411456
15.01 1 1.01654
15.01 2 0.040897
15.11 1 1.01241
15.11 2 0.040652
15.21 1 1.00712
15.21 2 0.0404106
15.31 1 1.00242
15.31 2 0.0402547
15.41 1 0.997273
15.41 2 0.0400196
15.51 1 0.995962
15.51 2 0.0397878
15.61 1 0.990912
15.61 2 0.0395593
15.71 1 0.986278
15.71 2 0.0393979
15.81 1 0.981366
15.81 2 0.0392601
15.91 1 0.97652
15.91 2 0.0390394
16.01 1 0.971741
16.01 2 0.0388218
16.11 1 0.967367
16.11 2 0.0387547
16.21 1 0.962462
16.21 2 0.0386188
16.31 1 0.959561
16.31 2 0.0384075
16.41 1 0.955012
16.41 2 0.0381989
16.51 1 0.950522
16.51 2 0.0379932
16.61 1 0.946559
16.61 2 0.037866
16.71 1 0.94505
16.71 2 0.0376652
16.81 1 0.940695
16.81 2 0.0376652
16.91 1 0.935998
16.91 2 0.0374433
17.01 1 0.931641
17.01 2 0.0372319
17.11 1 0.92721
17.11 2 0.0371167
17.21 1 0.923208
17.21 2 0.0369676
17.31 1 0.919758
17.31 2 0.0368106
17.41 1 0.925839
17.41 2 0.036661
17.51 1 0.925313
17.51 2 0.0366715
17.61 1 0.929865
17.61 2 0.0367623
17.71 1 0.934412
17.71 2 0.0368683
17.81 1 0.938251
17.81 2 0.0370364
17.91 1 0.941793
17.91 2 0.0371271
18.01 1 0.948001
18.01 2 0.037212
18.11 1 0.952622
18.11 2 0.0373146
18.21 1 0.95716
18.21 2 0.0374846
18.31 1 0.960998
18.31 2 0.037576
18.41 1 0.964918
18.41 2 0.0376878
18.51 1 0.969435
18.51 2 0.037894
18.61 1 0.973145
18.61 2 0.0379952
18.71 1 0.976937
18.71 2 0.0381508
18.81 1 0.981317
18.81 2 0.0382346
18.91 1 0.985305
18.91 2 0.0383321
19.01 1 0.989611
19.01 2 0.03848
19.11 1 0.993682
19.11 2 0.0385417
19.21 1 0.996941
19.21 2 0.0386344
19.31 1 1.00043
19.31 2 0.0388665
19.41 1 1.00271
19.41 2 0.0392077
19.51 1 1.00208
19.51 2 0.0390475
19.61 1 1.00523
19.61 2 0.0392803
19.71 1 1.00559
19.71 2 0.0396371
19.81 1 1.00654
19.81 2 0.0395558
19.91 1 1.01026
19.91 2 0.0396688
20.01 1 1.01425
20.01 2 0.0400697
20.11 1 1.01099
20.11 2 0.0402203
20.21 1 1.00757
20.21 2 0.0400735
20.31 1 1.01222
20.31 2 0.0400163
20.41 1 1.01729
20.41 2 0.0401105
20.51 1 1.02173
20.51 2 0.0402534
20.61 1 1.02556
20.61 2 0.0403506
20.71 1 1.03003
20.71 2 0.0404905
20.81 1 1.03317
20.81 2 0.0405902
20.91 1 1.03632
20.91 2 0.0410462
21.01 1 1.03358
21.01 2 0.0411572
21.11 1 1.03098
21.11 2 0.0410661
21.21 1 1.03477
21.21 2 0.0410237
21.31 1 1.03907
21.31 2 0.041114
21.41 1 1.04355
21.41 2 0.0412663
21.51 1 1.04813
21.51 2 0.04135
21.61 1 1.05225
21.61 2 0.0414998
21.71 1 1.05591
21.71 2 0.0416848
21.81 1 1.05602
21.81 2 0.0419829
21.91 1 1.05594
21.91 2 0.041882
22.01 1 1.05948
22.01 2 0.0420058
22.11 1 1.06077
22.11 2 0.0424176
22.21 1 1.06016
22.21 2 0.0423955
22.31 1 1.0642
22.31 2 0.0424093
22.41 1 1.0686
22.41 2 0.0425284
22.51 1 1.07269
22.51 2 0.042903
22.61 1 1.06885
22.61 2 0.0430208
22.71 1 1.07323
22.71 2 0.0431223
22.81 1 1.07372
22.81 2 0.0433733
22.91 1 1.07449
22.91 2 0.0432984
23.01 1 1.07894
23.01 2 0.0434308
23.11 1 1.08386
23.11 2 0.0435469
23.21 1 1.0889
23.21 2 0.043711
23.31 1 1.09374
23.31 2 0.0438736
23.41 1 1.0982
23.41 2 0.0439762
23.51 1 1.10311
23.51 2 0.0441363
23.61 1 1.10783
23.61 2 0.044295
23.71 1 1.11233
23.71 2 0.0444524
23.81 1 1.11696
23.81 2 0.0445486
23.91 1 1.12171
23.91 2 0.0447036
24.01 1 1.12602
24.01 2 0.044884
24.11 1 1.12804
24.11 2 0.0452466
24.21 1 1.12628
24.21 2 0.0452705
24.31 1 1.13077
24.31 2 0.0452404
24.41 1 1.13536
24.41 2 0.0453755
24.51 1 1.13884
24.51 2 0.0455069
24.61 1 1.14322
24.61 2 0.0455798
24.71 1 1.14776
24.71 2 0.0457255
24.81 1 1.15202
24.81 2 0.0458699
24.91 1 1.15618
24.91 2 0.0459592
25.01 1 1.16056
25.01 2 0.0460989
25.11 1 1.16446
25.11 2 0.046337
25.21 1 1.16567
25.21 2 0.0466428
25.31 1 1.16483
25.31 2 0.0465371
25.41 1 1.16891
25.41 2 0.0466242
25.51 1 1.17291
25.51 2 0.0468156
25.61 1 1.17508
25.61 2 0.0472285
25.71 1 1.17296
25.71 2 0.0470606
25.81 1 1.17701
25.81 2 0.0473512
25.91 1 1.17775
25.91 2 0.0475921
26.01 1 1.17727
26.01 2 0.0474374
26.11 1 1.18143
26.11 2 0.0475702
26.21 1 1.18557
26.21 2 0.0477
26.31 1 1.1895
26.31 2 0.0478265
26.41 1 1.19346
26.41 2 0.0479097
26.51 1 1.19709
26.51 2 0.0481499
26.61 1 1.1986
26.61 2 0.048476
26.71 1 1.19737
26.71 2 0.048326
26.81 1 1.20112
26.81 2 0.048452
26.91 1 1.2049
26.91 2 0.048527
27.01 1 1.20882
27.01 2 0.0486496
27.11 1 1.21272
27.11 2 0.048773
27.21 1 1.21642
27.21 2 0.0488767
27.31 1 1.22003
27.31 2 0.0489533
27.41 1 1.22384
27.41 2 0.0490597
27.51 1 1.22763
27.51 2 0.0491799
27.61 1 1.2311
27.61 2 0.0492825
27.71 1 1.23472
27.71 2 0.0493689
27.81 1 1.23843
27.81 2 0.0494745
27.91 1 1.24211
27.91 2 0.0495913
28.01 1 1.24548
28.01 2 0.0496593
28.11 1 1.24911
28.11 2 0.0497613
28.21 1 1.2526
28.21 2 0.049876
28.31 1 1.25618
28.31 2 0.0499898
28.41 1 1.25946
28.41 2 0.0500554
28.51 1 1.26298
28.51 2 0.0501538
28.61 1 1.26649
28.61 2 0.0502654
28.71 1 1.26975
28.71 2 0.0503762
28.81 1 1.27304
28.81 2 0.050412
28.91 1 1.27621
28.91 2 0.050495
29.01 1 1.2791
29.01 2 0.0508148
29.11 1 1.27628
29.11 2 0.050894
29.21 1 1.27967
29.21 2 0.0508509
29.31 1 1.28266
29.31 2 0.0509115
29.41 1 1.286
29.41 2 0.051006
29.51 1 1.28906
29.51 2 0.051131
29.61 1 1.29107
29.61 2 0.0514813
29.71 1 1.28858
29.71 2 0.0515018
29.81 1 1.2916
29.81 2 0.0513859
29.91 1 1.29485
29.91 2 0.0514773
30.01 1 1.29808
30.01 2 0.051566
30.11 1 1.3011
30.11 2 0.0516673
30.21 1 1.30413
30.21 2 0.0517233
30.31 1 1.3073
30.31 2 0.0518227
30.41 1 1.31045
30.41 2 0.0519221
30.51 1 1.31343
30.51 2 0.0520169
30.61 1 1.31633
30.61 2 0.0520622
30.71 1 1.31917
30.71 2 0.0521489
30.81 1 1.32224
30.81 2 0.0523423
30.91 1 1.32126
30.91 2 0.0525433
31.01 1 1.32167
31.01 2 0.0524381
31.11 1 1.3246
31.11 2 0.0524895
31.21 1 1.32761
31.21 2 0.0525587
31.31 1 1.33027
31.31 2 0.0526422
31.41 1 1.33238
31.41 2 0.0529439
31.51 1 1.32975
31.51 2 0.0530279
31.61 1 1.3303
31.61 2 0.0529942
31.71 1 1.33133
31.71 2 0.0531321
31.81 1 1.32949
31.81 2 0.0530189
31.91 1 1.33228
31.91 2 0.0530677
32.01 1 1.33496
32.01 2 0.0531582
32.11 1 1.33778
32.11 2 0.0533996
32.21 1 1.33428
32.21 2 0.0535113
32.31 1 1.33706
32.31 2 0.0534324
32.41 1 1.33978
32.41 2 0.0534792
32.51 1 1.34239
32.51 2 0.0535671
32.61 1 1.34516
32.61 2 0.0538054
32.71 1 1.34145
32.71 2 0.0539422
32.81 1 1.34417
32.81 2 0.0538312
32.91 1 1.34659
32.91 2 0.0538757
33.01 1 1.34937
33.01 2 0.0540889
33.11 1 1.34559
33.11 2 0.0542831
33.21 1 1.34753
33.21 2 0.0541815
33.31 1 1.34869
33.31 2 0.054163
33.41 1 1.35144
33.41 2 0.0542465
33.51 1 1.35362
33.51 2 0.0542892
33.61 1 1.35609
33.61 2 0.0545459
33.71 1 1.3529
33.71 2 0.0547033
33.81 1 1.35106
33.81 2 0.0545617
33.91 1 1.35344
33.91 2 0.0544923
34.01 1 1.35612
34.01 2 0.054571
34.11 1 1.35878
34.11 2 0.0546516
34.21 1 1.36143
34.21 2 0.0547316
34.31 1 1.36383
34.31 2 0.054772
34.41 1 1.36637
34.41 2 0.0548396
34.51 1 1.36897
34.51 2 0.0549184
34.61 1 1.37122
34.61 2 0.0550113
34.71 1 1.37248
34.71 2 0.0552503
34.81 1 1.36926
34.81 2 0.0552785
34.91 1 1.36667
34.91 2 0.0551682
35.01 1 1.36894
35.01 2 0.0550754
35.11 1 1.37066
35.11 2 0.0553463
35.21 1 1.36816
35.21 2 0.0552646
35.31 1 1.37062
35.31 2 0.0552894
35.41 1 1.3725
35.41 2 0.0553956
35.51 1 1.37375
35.51 2 0.0556605
35.61 1 1.37163
35.61 2 0.0555211
35.71 1 1.37158
35.71 2 0.0556273
35.81 1 1.36882
35.81 2 0.0557141
35.91 1 1.3711
35.91 2 0.055612
36.01 1 1.37364
36.01 2 0.0558203
36.11 1 1.37046
36.11 2 0.0559506
36.21 1 1.37293
36.21 2 0.055847
36.31 1 1.37534
36.31 2 0.0559062
36.41 1 1.37761
36.41 2 0.0559446
36.51 1 1.37997
36.51 2 0.056016
36.61 1 1.38238
36.61 2 0.056087
36.71 1 1.38457
36.71 2 0.0561377
36.81 1 1.38696
36.81 2 0.0561916
36.91 1 1.38934
36.91 2 0.0562615
37.01 1 1.39163
37.01 2 0.0563311
37.11 1 1.39377
37.11 2 0.0563427
37.21 1 1.39611
37.21 2 0.0564026
37.31 1 1.39844
37.31 2 0.0564713
37.41 1 1.40075
37.41 2 0.0565395
37.51 1 1.40278
37.51 2 0.0565716
37.61 1 1.40507
37.61 2 0.0566303
37.71 1 1.40734
37.71 2 0.0566979
37.81 1 1.4095
37.81 2 0.0567613
37.91 1 1.41146
37.91 2 0.0568744
38.01 1 1.41214
38.01 2 0.0570857
38.11 1 1.41029
38.11 2 0.0570014
38.21 1 1.41135
38.21 2 0.0572239
38.31 1 1.40869
38.31 2 0.0571116
38.41 1 1.40593
38.41 2 0.0571116
38.51 1 1.40593
38.51 2 0.0571116
38.61 1 1.39883
38.61 2 0.0571116
38.71 1 1.39883
38.71 2 0.0571116
38.81 1 1.39883
38.81 2 0.0571116
38.91 1 1.39883
38.91 2 0.0571116
39.01 1 1.38465
39.01 2 0.0571116
39.11 1 1.38465
39.11 2 0.0571116
39.21 1 1.38465
39.21 2 0.0571116
39.31 1 1.38465
39.31 2 0.0571116
39.41 1 1.38465
39.41 2 0.0571116
39.51 1 1.38465
39.51 2 0.0571116
39.61 1 1.38465
39.61 2 0.0571116
39.71 1 1.38465
39.71 2 0.0571116
39.81 1 1.35696
39.81 2 0.0571116
39.91 1 1.35696
39.91 2 0.0571116
40.01 1 1.35696
40.01 2 0.0571116
40.11 1 1.35696
40.11 2 0.0571116
40.21 1 1.35696
40.21 2 0.0571116
40.31 1 1.35696
40.31 2 0.0571116
40.41 1 1.35696
40.41 2 0.0571116
40.51 1 1.35696
40.51 2 0.0571116
40.61 1 1.35696
40.61 2 0.0571116
40.71 1 1.35696
40.71 2 0.0571116
40.81 1 1.35696
40.81 2 0.0571116
40.91 1 1.35696
40.91 2 0.0571116
41.01 1 1.35696
41.01 2 0.0571116
41.11 1 1.35696
41.11 2 0.0571116
41.21 1 1.35696
41.21 2 0.0571116
41.31 1 1.35696
41.31 2 0.0571116
41.41 1 1.30461
41.41 2 0.0571116
41.51 1 1.30461
41.51 2 0.0571116
41.61 1 1.30461
41.61 2 0.0571116
41.71 1 1.30461
41.71 2 0.0571116
41.81 1 1.30461
41.81 2 0.0571116
41.91 1 1.30461
41.91 2 0.0571116
42.01 1 1.30461
42.01 2 0.0571116
42.11 1 1.30461
42.11 2 0.0571116
42.21 1 1.30461
42.21 2 0.0571116
42.31 1 1.30461
42.31 2 0.0571116
42.41 1 1.30461
42.41 2 0.0571116
42.51 1 1.30461
42.51 2 0.0571116
42.61 1 1.30461
42.61 2 0.0571116
42.71 1 1.30461
42.71 2 0.0571116
42.81 1 1.30461
42.81 2 0.0571116
42.91 1 1.30461
42.91 2 0.0571116
43.01 1 1.30461
43.01 2 0.0571116
43.11 1 1.30461
43.11 2 0.0571116
43.21 1 1.30461
43.21 2 0.0571116
43.31 1 1.30461
43.31 2 0.0571116
43.41 1 1.30461
43.41 2 0.0571116
43.51 1 1.30461
43.51 2 0.0571116
43.61 1 1.30461
43.61 2 0.0571116
43.71 1 1.30461
43.71 2 0.0571116
43.81 1 1.30461
43.81 2 0.0571116
43.91 1 1.30461
43.91 2 0.0571116
44.01 1 1.30461
44.01 2 0.0571116
44.11 1 1.30461
44.11 2 0.0571116
44.21 1 1.30461
44.21 2 0.0571116
44.31 1 1.30461
44.31 2 0.0571116
44.41 1 1.30461
44.41 2 0.0571116
44.51 1 1.30461
44.51 2 0.0571116
44.61 1 1.21103
44.61 2 0.0571116
44.71 1 1.21103
44.71 2 0.0571116
44.81 1 1.21103
44.81 2 0.0571116
44.91 1 1.21103
44.91 2 0.0571116
45.01 1 1.21103
45.01 2 0.0571116
45.11 1 1.21103
45.11 2 0.0571116
45.21 1 1.21103
45.21 2 0.0571116
45.31 1 1.21103
45.31 2 0.0571116
45.41 1 1.21103
45.41 2 0.0571116
45.51 1 1.21103
45.51 2 0.0571116
45.61 1 1.21103
45.61 2 0.0571116
45.71 1 1.21103
45.71 2 0.0571116
45.81 1 1.21103
45.81 2 0.0571116
45.91 1 1.21103
45.91 2 0.0571116
46.01 1 1.21103
46.01 2 0.0571116
46.11 1 1.21103
46.11 2 0.0571116
46.21 1 1.21103
46.21 2 0.0571116
46.31 1 1.21103
46.31 2 0.0571116
46.41 1 1.21103
46.41 2 0.0571116
46.51 1 1.21103
46.51 2 0.0571116
46.61 1 1.21103
46.61 2 0.0571116
46.71 1 1.21103
46.71 2 0.0571116
46.81 1 1.21103
46.81 2 0.0571116
46.91 1 1.21103
46.91 2 0.0571116
47.01 1 1.21103
47.01 2 0.0571116
47.11 1 1.21103
47.11 2 0.0571116
47.21 1 1.21103
47.21 2 0.0571116
47.31 1 1.21103
47.31 2 0.0571116
47.41 1 1.21103
47.41 2 0.0571116
47.51 1 1.21103
47.51 2 0.0571116
47.61 1 1.21103
47.61 2 0.0571116
47.71 1 1.21103
47.71 2 0.0571116
47.81 1 1.21103
47.81 2 0.0571116
47.91 1 1.21103
47.91 2 0.0571116
48.01 1 1.21103
48.01 2 0.0571116
48.11 1 1.21103
48.11 2 0.0571116
48.21 1 1.21103
48.21 2 0.0571116
48.31 1 1.21103
48.31 2 0.0571116
48.41 1 1.21103
48.41 2 0.0571116
48.51 1 1.21103
48.51 2 0.0571116
48.61 1 1.21103
48.61 2 0.0571116
48.71 1 1.21103
48.71 2 0.0571116
48.81 1 1.21103
48.81 2 0.0571116
48.91 1 1.21103
48.91 2 0.0571116
49.01 1 1.21103
49.01 2 0.0571116
49.11 1 1.21103
49.11 2 0.0571116
49.21 1 1.21103
49.21 2 0.0571116
49.31 1 1.21103
49.31 2 0.0571116
49.41 1 1.21103
49.41 2 0.0571116
49.51 1 1.21103
49.51 2 0.0571116
49.61 1 1.21103
49.61 2 0.0571116
49.71 1 1.21103
49.71 2 0.0571116
49.81 1 1.21103
49.81 2 0.0571116
49.91 1 1.21103
49.91 2 0.0571116
50.01 1 1.21103
50.01 2 0.0571116
50.11 1 1.21103
50.11 2 0.0571116
50.21 1 1.21103
50.21 2 0.0571116
50.31 1 1.21103
50.31 2 0.0571116
50.41 1 1.21103
50.41 2 0.0571116
50.51 1 1.21103
50.51 2 0.0571116
50.61 1 1.21103
50.61 2 0.0571116
50.71 1 1.21103
50.71 2 0.0571116
50.81 1 1.21103
50.81 2 0.0571116
50.91 1 1.21103
50.91 2 0.0571116
51.01 1 1.05899
51.01 2 0.0571116
51.11 1 1.05899
51.11 2 0.0571116
51.21 1 1.05899
51.21 2 0.0571116
51.31 1 1.05899
51.31 2 0.0571116
51.41 1 1.05899
51.41 2 0.0571116
51.51 1 1.05899
51.51 2 0.0571116
51.61 1 1.05899
51.61 2 0.0571116
51.71 1 1.05899
51.71 2 0.0571116
51.81 1 1.05899
51.81 2 0.0571116
51.91 1 1.05899
51.91 2 0.0571116
52.01 1 1.05899
52.01 2 0.0571116
52.11 1 1.05899
52.11 2 0.0571116
52.21 1 1.05899
52.21 2 0.0571116
52.31 1 1.05899
52.31 2 0.0571116
52.41 1 1.05899
52.41 2 0.0571116
52.51 1 1.05899
52.51 2 0.0571116
52.61 1 1.05899
52.61 2 0.0571116
52.71 1 1.05899
52.71 2 0.0571116
52.81 1 1.05899
52.81 2 0.0571116
52.91 1 1.05899
52.91 2 0.0571116
53.01 1 1.05899
53.01 2 0.0571116
53.11 1 1.05899
53.11 2 0.0571116
53.21 1 1.05899
53.21 2 0.0571116
53.31 1 1.05899
53.31 2 0.0571116
53.41 1 1.05899
53.41 2 0.0571116
53.51 1 1.05899
53.51 2 0.0571116
53.61 1 1.05899
53.61 2 0.0571116
53.71 1 1.05899
53.71 2 0.0571116
53.81 1 1.05899
53.81 2 0.0571116
53.91 1 1.05899
53.91 2 0.0571116
54.01 1 1.05899
54.01 2 0.0571116
54.11 1 1.05899
54.11 2 0.0571116
54.21 1 1.05899
54.21 2 0.0571116
54.31 1 1.05899
54.31 2 0.0571116
54.41 1 1.05899
54.41 2 0.0571116
54.51 1 1.05899
54.51 2 0.0571116
54.61 1 1.05899
54.61 2 0.0571116
54.71 1 1.05899
54.71 2 0.0571116
54.81 1 1.05899
54.81 2 0.0571116
54.91 1 1.05899
54.91 2 0.0571116
55.01 1 1.05899
55.01 2 0.0571116
55.11 1 1.05899
55.11 2 0.0571116
55.21 1 1.05899
55.21 2 0.0571116
55.31 1 1.05899
55.31 2 0.0571116
55.41 1 1.05899
55.41 2 0.0571116
55.51 1 1.05899
55.51 2 0.0571116
55.61 1 1.05899
55.61 2 0.0571116
55.71 1 1.05899
55.71 2 0.0571116
55.81 1 1.05899
55.81 2 0.0571116
55.91 1 1.05899
55.91 2 0.0571116
56.01 1 1.05899
56.01 2 0.0571116
56.11 1 1.05899
56.11 2 0.0571116
56.21 1 1.05899
56.21 2 0.0571116
56.31 1 1.05899
56.31 2 0.0571116
56.41 1 1.05899
56.41 2 0.0571116
56.51 1 1.05899
56.51 2 0.0571116
56.61 1 1.05899
56.61 2 0.0571116
56.71 1 1.05899
56.71 2 0.0571116
56.81 1 1.05899
56.81 2 0.0571116
56.91 1 1.05899
56.91 2 0.0571116
57.01 1 1.05899
57.01 2 0.0571116
57.11 1 1.05899
57.11 2 0.0571116
57.21 1 1.05899
57.21 2 0.0571116
57.31 1 1.05899
57.31 2 0.0571116
57.41 1 1.05899
57.41 2 0.0571116
57.51 1 1.05899
57.51 2 0.0571116
57.61 1 1.05899
57.61 2 0.0571116
57.71 1 1.05899
57.71 2 0.0571116
57.81 1 1.05899
57.81 2 0.0571116
57.91 1 1.05899
57.91 2 0.0571116
58.01 1 1.05899
58.01 2 0.0571116
58.11 1 1.05899
58.11 2 0.0571116
58.21 1 1.05899
58.21 2 0.0571116
58.31 1 1.05899
58.31 2 0.0571116
58.41 1 1.05899
58.41 2 0.0571116
58.51 1 1.05899
58.51 2 0.0571116
58.61 1 1.05899
58.61 2 0.0571116
58.71 1 1.05899
58.71 2 0.0571116
58.81 1 1.05899
58.81 2 0.0571116
58.91 1 1.05899
58.91 2 0.0571116
59.01 1 1.05899
59.01 2 0.0571116
59.11 1 1.05899
59.11 2 0.0571116
59.21 1 1.05899
59.21 2 0.0571116
59.31 1 1.05899
59.31 2 0.0571116
59.41 1 1.05899
59.41 2 0.0571116
59.51 1 1.05899
59.51 2 0.0571116
59.61 1 1.05899
59.61 2 0.0571116
59.71 1 1.05899
59.71 2 0.0571116
59.81 1 1.05899
59.81 2 0.0571116
59.91 1 1.05899
59.91 2 0.0571116
60.01 1 1.05899
60.01 2 0.0571116
60.11 1 1.05899
60.11 2 0.0571116
60.21 1 1.05899
60.21 2 0.0571116
60.31 1 1.05899
60.31 2 0.0571116
60.41 1 1.05899
60.41 2 0.0571116
60.51 1 1.05899
60.51 2 0.0571116
60.61 1 1.05899
60.61 2 0.0571116
60.71 1 1.05899
60.71 2 0.0571116
60.81 1 1.05899
60.81 2 0.0571116
60.91 1 1.05899
60.91 2 0.0571116
61.01 1 1.05899
61.01 2 0.0571116
61.11 1 1.05899
61.11 2 0.0571116
61.21 1 1.05899
61.21 2 0.0571116
61.31 1 1.05899
61.31 2 0.0571116
61.41 1 1.05899
61.41 2 0.0571116
61.51 1 1.05899
61.51 2 0.0571116
61.61 1 1.05899
61.61 2 0.0571116
61.71 1 1.05899
61.71 2 0.0571116
61.81 1 1.05899
61.81 2 0.0571116
61.91 1 1.05899
61.91 2 0.0571116
62.01 1 1.05899
62.01 2 0.0571116
62.11 1 1.05899
62.11 2 0.0571116
62.21 1 1.05899
62.21 2 0.0571116
62.31 1 1.05899
62.31 2 0.0571116
62.41 1 1.05899
62.41 2 0.0571116
62.51 1 1.05899
62.51 2 0.0571116
62.61 1 1.05899
62.61 2 0.0571116
62.71 1 1.05899
62.71 2 0.0571116
62.81 1 1.05899
62.81 2 0.0571116
62.91 1 1.05899
62.91 2 0.0571116
63.01 1 1.05899
63.01 2 0.0571116
63.11 1 1.05899
63.11 2 0.0571116
63.21 1 1.05899
63.21 2 0.0571116
63.31 1 1.05899
63.31 2 0.0571116
63.41 1 1.05899
63.41 2 0.0571116
63.51 1 1.05899
63.51 2 0.0571116
63.61 1 1.05899
63.61 2 0.0571116
63.71 1 1.05899
63.71 2 0.0571116
63.81 1 1.05899
63.81 2 0.0571116
63.91 1 1.05899
63.91 2 0.0571116
64.01 1 1.05899
64.01 2 0.0571116
64.11 1 1.05899
64.11 2 0.0571116
64.21 1 1.05899
64.21 2 0.0571116
64.31 1 1.05899
64.31 2 0.0571116
64.41 1 1.05899
64.41 2 0.0571116
64.51 1 1.05899
64.51 2 0.0571116
64.61 1 1.05899
64.61 2 0.0571116
64.71 1 1.05899
64.71 2 0.0571116
64.81 1 1.05899
64.81 2 0.0571116
64.91 1 1.05899
64.91 2 0.0571116
65.01 1 1.05899
65.01 2 0.0571116
65.11 1 1.05899
65.11 2 0.0571116
65.21 1 1.05899
65.21 2 0.0571116
65.31 1 1.05899
65.31 2 0.0571116
65.41 1 1.05899
65.41 2 0.0571116
65.51 1 1.05899
65.51 2 0.0571116
65.61 1 1.05899
65.61 2 0.0571116
65.71 1 1.05899
65.71 2 0.0571116
65.81 1 1.05899
65.81 2 0.0571116
65.91 1 1.05899
65.91 2 0.0571116
66.01 1 1.05899
66.01 2 0.0571116
66.11 1 1.05899
66.11 2 0.0571116
66.21 1 1.05899
66.21 2 0.0571116
66.31 1 1.05899
66.31 2 0.0571116
66.41 1 1.05899
66.41 2 0.0571116
66.51 1 1.05899
66.51 2 0.0571116
66.61 1 1.05899
66.61 2 0.0571116
66.71 1 1.05899
66.71 2 0.0571116
66.81 1 1.05899
66.81 2 0.0571116
66.91 1 1.05899
66.91 2 0.0571116
67.01 1 1.05899
67.01 2 0.0571116
67.11 1 1.05899
67.11 2 0.0571116
67.21 1 1.05899
67.21 2 0.0571116
67.31 1 1.05899
67.31 2 0.0571116
67.41 1 1.05899
67.41 2 0.0571116
67.51 1 1.05899
67.51 2 0.0571116
67.61 1 1.05899
67.61 2 0.0571116
67.71 1 1.05899
67.71 2 0.0571116
67.81 1 1.05899
67.81 2 0.0571116
67.91 1 1.05899
67.91 2 0.0571116
68.01 1 1.05899
68.01 2 0.0571116
68.11 1 1.05899
68.11 2 0.0571116
68.21 1 1.05899
68.21 2 0.0571116
68.31 1 1.05899
68.31 2 0.0571116
68.41 1 1.05899
68.41 2 0.0571116
68.51 1 1.05899
68.51 2 0.0571116
68.61 1 1.05899
68.61 2 0.0571116
68.71 1 1.05899
68.71 2 0.0571116
68.81 1 1.05899
68.81 2 0.0571116
68.91 1 1.05899
68.91 2 0.0571116
69.01 1 1.05899
69.01 2 0.0571116
69.11 1 1.05899
69.11 2 0.0571116
69.21 1 1.05899
69.21 2 0.0571116
69.31 1 1.05899
69.31 2 0.0571116
69.41 1 1.05899
69.41 2 0.0571116
69.51 1 1.05899
69.51 2 0.0571116
69.61 1 1.05899
69.61 2 0.0571116
69.71 1 1.05899
69.71 2 0.0571116
69.81 1 1.05899
69.81 2 0.0571116
69.91 1 1.05899
69.91 2 0.0571116
70.01 1 1.05899
70.01 2 0.0571116
70.11 1 1.05899
70.11 2 0.0571116
70.21 1 1.05899
70.21 2 0.0571116
70.31 1 1.05899
70.31 2 0.0571116
70.41 1 1.05899
70.41 2 0.0571116
70.51 1 1.05899
70.51 2 0.0571116
70.61 1 1.05899
70.61 2 0.0571116
70.71 1 1.05899
70.71 2 0.0571116
70.81 1 1.05899
70.81 2 0.0571116
70.91 1 1.05899
70.91 2 0.0571116
71.01 1 1.05899
71.01 2 0.0571116
71.11 1 1.05899
71.11 2 0.0571116
71.21 1 1.05899
71.21 2 0.0571116
71.31 1 1.05899
71.31 2 0.0571116
71.41 1 1.05899
71.41 2 0.0571116
71.51 1 1.05899
71.51 2 0.0571116
71.61 1 1.05899
71.61 2 0.0571116
71.71 1 1.05899
71.71 2 0.0571116
71.81 1 1.05899
71.81 2 0.0571116
71.91 1 1.05899
71.91 2 0.0571116
72.01 1 1.05899
72.01 2 0.0571116
72.11 1 1.05899
72.11 2 0.0571116
72.21 1 1.05899
72.21 2 0.0571116
72.31 1 1.05899
72.31 2 0.0571116
72.41 1 1.05899
72.41 2 0.0571116
72.51 1 1.05899
72.51 2 0.0571116
72.61 1 1.05899
72.61 2 0.0571116
72.71 1 1.05899
72.71 2 0.0571116
72.81 1 1.05899
72.81 2 0.0571116
72.91 1 1.05899
72.91 2 0.0571116
73.01 1 1.05899
73.01 2 0.0571116
73.11 1 1.05899
73.11 2 0.0571116
73.21 1 1.05899
73.21 2 0.0571116
73.31 1 1.05899
73.31 2 0.0571116
73.41 1 1.05899
73.41 2 0.0571116
73.51 1 1.05899
73.51 2 0.0571116
73.61 1 1.05899
73.61 2 0.0571116
73.71 1 1.05899
73.71 2 0.0571116
73.81 1 1.05899
73.81 2 0.0571116
73.91 1 1.05899
73.91 2 0.0571116
74.01 1 1.05899
74.01 2 0.0571116
74.11 1 1.05899
74.11 2 0.0571116
74.21 1 1.05899
74.21 2 0.0571116
74.31 1 1.05899
74.31 2 0.0571116
74.41 1 1.05899
74.41 2 0.0571116
74.51 1 1.05899
74.51 2 0.0571116
74.61 1 1.05899
74.61 2 0.0571116
74.71 1 1.05899
74.71 2 0.0571116
74.81 1 1.05899
74.81 2 0.0571116
74.91 1 1.05899
74.91 2 0.0571116
75.01 1 1.05899
75.01 2 0.0571116
75.11 1 1.05899
75.11 2 0.0571116
75.21 1 1.05899
75.21 2 0.0571116
75.31 1 1.05899
75.31 2 0.0571116
75.41 1 1.05899
75.41 2 0.0571116
75.51 1 1.05899
75.51 2 0.0571116
75.61 1 1.05899
75.61 2 0.0571116
75.71 1 1.05899
75.71 2 0.0571116
75.81 1 1.05899
75.81 2 0.0571116
75.91 1 1.05899
75.91 2 0.0571116
76.01 1 1.05899
76.01 2 0.0571116
76.11 1 1.05899
76.11 2 0.0571116
76.21 1 1.05899
76.21 2 0.0571116
76.31 1 1.05899
76.31 2 0.0571116
76.41 1 1.05899
76.41 2 0.0571116
76.51 1 1.05899
76.51 2 0.0571116
76.61 1 1.05899
76.61 2 0.0571116
76.71 1 1.05899
76.71 2 0.0571116
76.81 1 1.05899
76.81 2 0.0571116
76.91 1 1.05899
76.91 2 0.0571116
77.01 1 1.05899
77.01 2 0.0571116
77.11 1 1.05899
77.11 2 0.0571116
77.21 1 1.05899
77.21 2 0.0571116
77.31 1 1.05899
77.31 2 0.0571116
77.41 1 1.05899
77.41 2 0.0571116
77.51 1 1.05899
77.51 2 0.0571116
77.61 1 1.05899
77.61 2 0.0571116
77.71 1 1.05899
77.71 2 0.0571116
77.81 1 1.05899
77.81 2 0.0571116
77.91 1 1.05899
77.91 2 0.0571116
78.01 1 1.05899
78.01 2 0.0571116
78.11 1 1.05899
78.11 2 0.0571116
78.21 1 1.05899
78.21 2 0.0571116
78.31 1 1.05899
78.31 2 0.0571116
78.41 1 1.05899
78.41 2 0.0571116
78.51 1 1.05899
78.51 2 0.0571116
78.61 1 1.05899
78.61 2 0.0571116
78.71 1 1.05899
78.71 2 0.0571116
78.81 1 1.05899
78.81 2 0.0571116
78.91 1 1.05899
78.91 2 0.0571116
79.01 1 1.05899
79.01 2 0.0571116
79.11 1 1.05899
79.11 2 0.0571116
79.21 1 1.05899
79.21 2 0.0571116
79.31 1 1.05899
79.31 2 0.0571116
79.41 1 1.05899
79.41 2 0.0571116
79.51 1 1.05899
79.51 2 0.0571116
79.61 1 1.05899
79.61 2 0.0571116
79.71 1 1.05899
79.71 2 0.0571116
79.81 1 1.05899
79.81 2 0.0571116
79.91 1 1.05899
79.91 2 0.0571116
80.01 1 1.05899
80.01 2 0.0571116
80.11 1 1.05899
80.11 2 0.0571116
80.21 1 1.05899
80.21 2 0.0571116
80.31 1 1.05899
80.31 2 0.0571116
80.41 1 1.05899
80.41 2 0.0571116
80.51 1 1.05899
80.51 2 0.0571116
80.61 1 1.05899
80.61 2 0.0571116
80.71 1 1.05899
80.71 2 0.0571116
80.81 1 1.05899
80.81 2 0.0571116
80.91 1 1.05899
80.91 2 0.0571116
81.01 1 1.05899
81.01 2 0.0571116
81.11 1 1.05899
81.11 2 0.0571116
81.21 1 1.05899
81.21 2 0.0571116
81.31 1 1.05899
81.31 2 0.0571116
81.41 1 1.05899
81.41 2 0.0571116
81.51 1 1.05899
81.51 2 0.0571116
81.61 1 1.05899
81.61 2 0.0571116
81.71 1 1.05899
81.71 2 0.0571116
81.81 1 1.05899
81.81 2 0.0571116
81.91 1 1.05899
81.91 2 0.0571116
82.01 1 1.05899
82.01 2 0.0571116
82.11 1 1.05899
82.11 2 0.0571116
82.21 1 1.05899
82.21 2 0.0571116
82.31 1 1.05899
82.31 2 0.0571116
82.41 1 1.05899
82.41 2 0.0571116
82.51 1 1.05899
82.51 2 0.0571116
82.61 1 1.05899
82.61 2 0.0571116
82.71 1 1.05899
82.71 2 0.0571116
82.81 1 1.05899
82.81 2 0.0571116
82.91 1 1.05899
82.91 2 0.0571116
83.01 1 1.05899
83.01 2 0.0571116
83.11 1 1.05899
83.11 2 0.0571116
83.21 1 1.05899
83.21 2 0.0571116
83.31 1 1.05899
83.31 2 0.0571116
83.41 1 1.05899
83.41 2 0.0571116
83.51 1 1.05899
83.51 2 0.0571116
83.61 1 1.05899
83.61 2 0.0571116
83.71 1 1.05899
83.71 2 0.0571116
83.81 1 1.05899
83.81 2 0.0571116
83.91 1 1.05899
83.91 2 0.0571116
84.01 1 1.05899
84.01 2 0.0571116
84.11 1 1.05899
84.11 2 0.0571116
84.21 1 1.05899
84.21 2 0.0571116
84.31 1 1.05899
84.31 2 0.0571116
84.41 1 1.05899
84.41 2 0.0571116
84.51 1 1.05899
84.51 2 0.0571116
84.61 1 1.05899
84.61 2 0.0571116
84.71 1 1.05899
84.71 2 0.0571116
84.81 1 1.05899
84.81 2 0.0571116
84.91 1 1.05899
84.91 2 0.0571116
85.01 1 1.05899
85.01 2 0.0571116
85.11 1 1.05899
85.11 2 0.0571116
85.21 1 1.05899
85.21 2 0.0571116
85.31 1 1.05899
85.31 2 0.0571116
85.41 1 1.05899
85.41 2 0.0571116
85.51 1 1.05899
85.51 2 0.0571116
85.61 1 1.05899
85.61 2 0.0571116
85.71 1 1.05899
85.71 2 0.0571116
85.81 1 1.05899
85.81 2 0.0571116
85.91 1 1.05899
85.91 2 0.0571116
86.01 1 1.05899
86.01 2 0.0571116
86.11 1 1.05899
86.11 2 0.0571116
86.21 1 1.05899
86.21 2 0.0571116
86.31 1 1.05899
86.31 2 0.0571116
86.41 1 1.05899
86.41 2 0.0571116
86.51 1 1.05899
86.51 2 0.0571116
86.61 1 1.05899
86.61 2 0.0571116
86.71 1 1.05899
86.71 2 0.0571116
86.81 1 1.05899
86.81 2 0.0571116
86.91 1 1.05899
86.91 2 0.0571116
87.01 1 1.05899
87.01 2 0.0571116
87.11 1 1.05899
87.11 2 0.0571116
87.21 1 1.05899
87.21 2 0.0571116
87.31 1 1.05899
87.31 2 0.0571116
87.41 1 1.05899
87.41 2 0.0571116
87.51 1 1.05899
87.51 2 0.0571116
87.61 1 1.05899
87.61 2 0.0571116
87.71 1 1.05899
87.71 2 0.0571116
87.81 1 1.05899
87.81 2 0.0571116
87.91 1 1.05899
87.91 2 0.0571116
88.01 1 1.05899
88.01 2 0.0571116
88.11 1 1.05899
88.11 2 0.0571116
88.21 1 1.05899
88.21 2 0.0571116
88.31 1 1.05899
88.31 2 0.0571116
88.41 1 1.05899
88.41 2 0.0571116
88.51 1 1.05899
88.51 2 0.0571116
88.61 1 1.05899
88.61 2 0.0571116
88.71 1 1.05899
88.71 2 0.0571116
88.81 1 1.05899
88.81 2 0.0571116
88.91 1 1.05899
88.91 2 0.0571116
89.01 1 1.05899
89.01 2 0.0571116
89.11 1 1.05899
89.11 2 0.0571116
89.21 1 1.05899
89.21 2 0.0571116
89.31 1 1.05899
89.31 2 0.0571116
89.41 1 1.05899
89.41 2 0.0571116
89.51 1 1.05899
89.51 2 0.0571116
89.61 1 1.05899
89.61 2 0.0571116
89.71 1 1.05899
89.71 2 0.0571116
89.81 1 1.05899
89.81 2 0.0571116
89.91 1 1.05899
89.91 2 0.0571116
90.01 1 1.05899
90.01 2 0.0571116
90.11 1 1.05899
90.11 2 0.0571116
90.21 1 1.05899
90.21 2 0.0571116
90.31 1 1.05899
90.31 2 0.0571116
90.41 1 1.05899
90.41 2 0.0571116
90.51 1 1.05899
90.51 2 0.0571116
90.61 1 1.05899
90.61 2 0.0571116
90.71 1 1.05899
90.71 2 0.0571116
90.81 1 1.05899
90.81 2 0.0571116
90.91 1 1.05899
90.91 2 0.0571116
91.01 1 1.05899
91.01 2 0.0571116
91.11 1 1.05899
91.11 2 0.0571116
91.21 1 1.05899
91.21 2 0.0571116
91.31 1 1.05899
91.31 2 0.0571116
91.41 1 1.05899
91.41 2 0.0571116
91.51 1 1.05899
91.51 2 0.0571116
91.61 1 1.05899
91.61 2 0.0571116
91.71 1 1.05899
91.71 2 0.0571116
91.81 1 1.05899
91.81 2 0.0571116
91.91 1 1.05899
91.91 2 0.0571116
92.01 1 1.05899
92.01 2 0.0571116
92.11 1 1.05899
92.11 2 0.0571116
92.21 1 1.05899
92.21 2 0.0571116
92.31 1 1.05899
92.31 2 0.0571116
92.41 1 1.05899
92.41 2 0.0571116
92.51 1 1.05899
92.51 2 0.0571116
92.61 1 1.05899
92.61 2 0.0571116
92.71 1 1.05899
92.71 2 0.0571116
92.81 1 1.05899
92.81 2 0.0571116
92.91 1 1.05899
92.91 2 0.0571116
93.01 1 1.05899
93.01 2 0.0571116
93.11 1 1.05899
93.11 2 0.0571116
93.21 1 1.05899
93.21 2 0.0571116
93.31 1 1.05899
93.31 2 0.0571116
93.41 1 1.05899
93.41 2 0.0571116
93.51 1 1.05899
93.51 2 0.0571116
93.61 1 1.05899
93.61 2 0.0571116
93.71 1 1.05899
93.71 2 0.0571116
93.81 1 1.05899
93.81 2 0.0571116
93.91 1 1.05899
93.91 2 0.0571116
94.01 1 1.05899
94.01 2 0.0571116
94.11 1 1.05899
94.11 2 0.0571116
94.21 1 1.05899
94.21 2 0.0571116
94.31 1 1.05899
94.31 2 0.0571116
94.41 1 1.05899
94.41 2 0.0571116
94.51 1 1.05899
94.51 2 0.0571116
94.61 1 1.05899
94.61 2 0.0571116
94.71 1 1.05899
94.71 2 0.0571116
94.81 1 1.05899
94.81 2 0.0571116
94.91 1 1.05899
94.91 2 0.0571116
95.01 1 1.05899
95.01 2 0.0571116
95.11 1 1.05899
95.11 2 0.0571116
95.21 1 1.05899
95.21 2 0.0571116
95.31 1 1.05899
95.31 2 0.0571116
95.41 1 1.05899
95.41 2 0.0571116
95.51 1 1.05899
95.51 2 0.0571116
95.61 1 1.05899
95.61 2 0.0571116
95.71 1 1.05899
95.71 2 0.0571116
95.81 1 1.05899
95.81 2 0.0571116
95.91 1 1.05899
95.91 2 0.0571116
96.01 1 1.05899
96.01 2 0.0571116
96.11 1 1.05899
96.11 2 0.0571116
96.21 1 1.05899
96.21 2 0.0571116
96.31 1 1.05899
96.31 2 0.0571116
96.41 1 1.05899
96.41 2 0.0571116
96.51 1 1.05899
96.51 2 0.0571116
96.61 1 1.05899
96.61 2 0.0571116
96.71 1 1.05899
96.71 2 0.0571116
96.81 1 1.05899
96.81 2 0.0571116
96.91 1 1.05899
96.91 2 0.0571116
97.01 1 1.05899
97.01 2 0.0571116
97.11 1 1.05899
97.11 2 0.0571116
97.21 1 1.05899
97.21 2 0.0571116
97.31 1 1.05899
97.31 2 0.0571116
97.41 1 1.05899
97.41 2 0.0571116
97.51 1 1.05899
97.51 2 0.0571116
97.61 1 1.05899
97.61 2 0.0571116
97.71 1 1.05899
97.71 2 0.0571116
97.81 1 1.05899
97.81 2 0.0571116
97.91 1 1.05899
97.91 2 0.0571116
98.01 1 1.05899
98.01 2 0.0571116
98.11 1 1.05899
98.11 2 0.0571116
98.21 1 1.05899
98.21 2 0.0571116
98.31 1 1.05899
98.31 2 0.0571116
98.41 1 1.05899
98.41 2 0.0571116
98.51 1 1.05899
98.51 2 0.0571116
98.61 1 1.05899
98.61 2 0.0571116
98.71 1 1.05899
98.71 2 0.0571116
98.81 1 1.05899
98.81 2 0.0571116
98.91 1 1.05899
98.91 2 0.0571116
99.01 1 1.05899
99.01 2 0.0571116
99.11 1 1.05899
99.11 2 0.0571116
99.21 1 1.05899
99.21 2 0.0571116
99.31 1 1.05899
99.31 2 0.0571116
99.41 1 1.05899
99.41 2 0.0571116
99.51 1 1.05899
99.51 2 0.0571116
99.61 1 1.05899
99.61 2 0.0571116
99.71 1 1.05899
99.71 2 0.0571116
99.81 1 1.05899
99.81 2 0.0571116
99.91 1 1.05899
99.91 2 0.0571116
100.01 1 1.05899
100.01 2 0.0571116
100.11 1 1.05899
100.11 2 0.0571116
100.21 1 1.05899
100.21 2 0.0571116
100.31 1 1.05899
100.31 2 0.0571116
100.41 1 1.05899
100.41 2 0.0571116
100.51 1 1.05899
100.51 2 0.0571116
100.61 1 1.05899
100.61 2 0.0571116
100.71 1 1.05899
100.71 2 0.0571116
100.81 1 1.05899
100.81 2 0.0571116
100.91 1 1.05899
100.91 2 0.0571116
101.01 1 1.05899
101.01 2 0.0571116
101.11 1 1.05899
101.11 2 0.0571116
101.21 1 1.05899
101.21 2 0.0571116
101.31 1 1.05899
101.31 2 0.0571116
101.41 1 1.05899
101.41 2 0.0571116
101.51 1 1.05899
101.51 2 0.0571116
101.61 1 1.05899
101.61 2 0.0571116
101.71 1 1.05899
101.71 2 0.0571116
101.81 1 1.05899
101.81 2 0.0571116
101.91 1 1.05899
101.91 2 0.0571116
102.01 1 1.05899
102.01 2 0.0571116
102.11 1 1.05899
102.11 2 0.0571116
102.21 1 1.05899
102.21 2 0.0571116
102.31 1 1.05899
102.31 2 0.0571116
102.41 1 1.05899
102.41 2 0.0571116
102.51 1 1.05899
102.51 2 0.0571116
102.61 1 1.05899
102.61 2 0.0571116
102.71 1 1.05899
102.71 2 0.0571116
102.81 1 1.05899
102.81 2 0.0571116
102.91 1 1.05899
102.91 2 0.0571116
103.01 1 1.05899
103.01 2 0.0571116
103.11 1 1.05899
103.11 2 0.0571116
103.21 1 1.05899
103.21 2 0.0571116
103.31 1 1.05899
103.31 2 0.0571116
103.41 1 1.05899
103.41 2 0.0571116
103.51 1 1.05899
103.51 2 0.0571116
103.61 1 1.05899
103.61 2 0.0571116
103.71 1 1.05899
103.71 2 0.0571116
103.81 1 1.05899
103.81 2 0.0571116
103.91 1 1.05899
103.91 2 0.0571116
104.01 1 1.05899
104.01 2 0.0571116
104.11 1 1.05899
104.11 2 0.0571116
104.21 1 1.05899
104.21 2 0.0571116
104.31 1 1.05899
104.31 2 0.0571116
104.41 1 1.05899
104.41 2 0.0571116
104.51 1 1.05899
104.51 2 0.0571116
104.61 1 1.05899
104.61 2 0.0571116
104.71 1 1.05899
104.71 2 0.0571116
104.81 1 1.05899
104.81 2 0.0571116
104.91 1 1.05899
104.91 2 0.0571116
105.01 1 1.05899
105.01 2 0.0571116
105.11 1 1.05899
105.11 2 0.0571116
105.21 1 1.05899
105.21 2 0.0571116
105.31 1 1.05899
105.31 2 0.0571116
105.41 1 1.05899
105.41 2 0.0571116
105.51 1 1.05899
105.51 2 0.0571116
105.61 1 1.05899
105.61 2 0.0571116
105.71 1 1.05899
105.71 2 0.0571116
105.81 1 1.05899
105.81 2 0.0571116
105.91 1 1.05899
105.91 2 0.0571116
106.01 1 1.05899
106.01 2 0.0571116
106.11 1 1.05899
106.11 2 0.0571116
106.21 1 1.05899
106.21 2 0.0571116
106.31 1 1.05899
106.31 2 0.0571116
106.41 1 1.05899
106.41 2 0.0571116
106.51 1 1.05899
106.51 2 0.0571116
106.61 1 1.05899
106.61 2 0.0571116
106.71 1 1.05899
106.71 2 0.0571116
106.81 1 1.05899
106.81 2 0.0571116
106.91 1 1.05899
106.91 2 0.0571116
107.01 1 1.05899
107.01 2 0.0571116
107.11 1 1.05899
107.11 2 0.0571116
107.21 1 1.05899
107.21 2 0.0571116
107.31 1 1.05899
107.31 2 0.0571116
107.41 1 1.05899
107.41 2 0.0571116
107.51 1 1.05899
107.51 2 0.0571116
107.61 1 1.05899
107.61 2 0.0571116
107.71 1 1.05899
107.71 2 0.0571116
107.81 1 1.05899
107.81 2 0.0571116
107.91 1 1.05899
107.91 2 0.0571116
108.01 1 1.05899
108.01 2 0.0571116
108.11 1 1.05899
108.11 2 0.0571116
108.21 1 1.05899
108.21 2 0.0571116
108.31 1 1.05899
108.31 2 0.0571116
108.41 1 1.05899
108.41 2 0.0571116
108.51 1 1.05899
108.51 2 0.0571116
108.61 1 1.05899
108.61 2 0.0571116
108.71 1 1.05899
108.71 2 0.0571116
108.81 1 1.05899
108.81 2 0.0571116
108.91 1 1.05899
108.91 2 0.0571116
109.01 1 1.05899
109.01 2 0.0571116
109.11 1 1.05899
109.11 2 0.0571116
109.21 1 1.05899
109.21 2 0.0571116
109.31 1 1.05899
109.31 2 0.0571116
109.41 1 1.05899
109.41 2 0.0571116
109.51 1 1.05899
109.51 2 0.0571116
109.61 1 1.05899
109.61 2 0.0571116
109.71 1 1.05899
109.71 2 0.0571116
109.81 1 1.05899
109.81 2 0.0571116
109.91 1 1.05899
109.91 2 0.0571116
110.01 1 1.05899
110.01 2 0.0571116
110.11 1 1.05899
110.11 2 0.0571116
110.21 1 1.05899
110.21 2 0.0571116
110.31 1 1.05899
110.31 2 0.0571116
110.41 1 1.05899
110.41 2 0.0571116
110.51 1 1.05899
110.51 2 0.0571116
110.61 1 1.05899
110.61 2 0.0571116
110.71 1 1.05899
110.71 2 0.0571116
110.81 1 1.05899
110.81 2 0.0571116
110.91 1 1.05899
110.91 2 0.0571116
111.01 1 1.05899
111.01 2 0.0571116
111.11 1 1.05899
111.11 2 0.0571116
111.21 1 1.05899
111.21 2 0.0571116
111.31 1 1.05899
111.31 2 0.0571116
111.41 1 1.05899
111.41 2 0.0571116
111.51 1 1.05899
111.51 2 0.0571116
111.61 1 1.05899
111.61 2 0.0571116
111.71 1 1.05899
111.71 2 0.0571116
111.81 1 1.05899
111.81 2 0.0571116
111.91 1 1.05899
111.91 2 0.0571116
112.01 1 1.05899
112.01 2 0.0571116
112.11 1 1.05899
112.11 2 0.0571116
112.21 1 1.05899
112.21 2 0.0571116
112.31 1 1.05899
112.31 2 0.0571116
112.41 1 1.05899
112.41 2 0.0571116
112.51 1 1.05899
112.51 2 0.0571116
112.61 1 1.05899
112.61 2 0.0571116
112.71 1 1.05899
112.71 2 0.0571116
112.81 1 1.05899
112.81 2 0.0571116
112.91 1 1.05899
112.91 2 0.0571116
113.01 1 1.05899
113.01 2 0.0571116
113.11 1 1.05899
113.11 2 0.0571116
113.21 1 1.05899
113.21 2 0.0571116
113.31 1 1.05899
113.31 2 0.0571116
113.41 1 1.05899
113.41 2 0.0571116
113.51 1 1.05899
113.51 2 0.0571116
113.61 1 1.05899
113.61 2 0.0571116
113.71 1 1.05899
113.71 2 0.0571116
113.81 1 1.05899
113.81 2 0.0571116
113.91 1 1.05899
113.91 2 0.0571116
114.01 1 1.05899
114.01 2 0.0571116
114.11 1 1.05899
114.11 2 0.0571116
114.21 1 1.05899
114.21 2 0.0571116
114.31 1 1.05899
114.31 2 0.0571116
114.41 1 1.05899
114.41 2 0.0571116
114.51 1 1.05899
114.51 2 0.0571116
114.61 1 1.05899
114.61 2 0.0571116
114.71 1 1.05899
114.71 2 0.0571116
114.81 1 1.05899
114.81 2 0.0571116
114.91 1 1.05899
114.91 2 0.0571116
115.01 1 1.05899
115.01 2 0.0571116
115.11 1 1.05899
115.11 2 0.0571116
115.21 1 1.05899
115.21 2 0.0571116
115.31 1 1.05899
115.31 2 0.0571116
115.41 1 1.05899
115.41 2 0.0571116
115.51 1 1.05899
115.51 2 0.0571116
115.61 1 1.05899
115.61 2 0.0571116
115.71 1 1.05899
115.71 2 0.0571116
115.81 1 1.05899
115.81 2 0.0571116
115.91 1 1.05899
115.91 2 0.0571116
116.01 1 1.05899
116.01 2 0.0571116
116.11 1 1.05899
116.11 2 0.0571116
116.21 1 1.05899
116.21 2 0.0571116
116.31 1 1.05899
116.31 2 0.0571116
116.41 1 1.05899
116.41 2 0.0571116
116.51 1 1.05899
116.51 2 0.0571116
116.61 1 1.05899
116.61 2 0.0571116
116.71 1 1.05899
116.71 2 0.0571116
116.81 1 1.05899
116.81 2 0.0571116
116.91 1 1.05899
116.91 2 0.0571116
117.01 1 1.05899
117.01 2 0.0571116
117.11 1 1.05899
117.11 2 0.0571116
117.21 1 1.05899
117.21 2 0.0571116
117.31 1 1.05899
117.31 2 0.0571116
117.41 1 1.05899
117.41 2 0.0571116
117.51 1 1.05899
117.51 2 0.0571116
117.61 1 1.05899
117.61 2 0.0571116
117.71 1 1.05899
117.71 2 0.0571116
117.81 1 1.05899
117.81 2 0.0571116
117.91 1 1.05899
117.91 2 0.0571116
118.01 1 1.05899
118.01 2 0.0571116
118.11 1 1.05899
118.11 2 0.0571116
118.21 1 1.05899
118.21 2 0.0571116
118.31 1 1.05899
118.31 2 0.0571116
118.41 1 1.05899
118.41 2 0.0571116
118.51 1 1.05899
118.51 2 0.0571116
118.61 1 1.05899
118.61 2 0.0571116
118.71 1 1.05899
118.71 2 0.0571116
118.81 1 1.05899
118.81 2 0.0571116
118.91 1 1.05899
118.91 2 0.0571116
119.01 1 1.05899
119.01 2 0.0571116
119.11 1 1.05899
119.11 2 0.0571116
119.21 1 1.05899
119.21 2 0.0571116
119.31 1 1.05899
119.31 2 0.0571116
119.41 1 1.05899
119.41 2 0.0571116
119.51 1 1.05899
119.51 2 0.0571116
119.61 1 1.05899
119.61 2 0.0571116
119.71 1 1.05899
119.71 2 0.0571116
119.81 1 1.05899
119.81 2 0.0571116
119.91 1 1.05899
119.91 2 0.0571116
120.01 1 1.05899
120.01 2 0.0571116
120.11 1 1.05899
120.11 2 0.0571116
120.21 1 1.05899
120.21 2 0.0571116
120.31 1 1.05899
120.31 2 0.0571116
120.41 1 1.05899
120.41 2 0.0571116
120.51 1 1.05899
120.51 2 0.0571116
120.61 1 1.05899
120.61 2 0.0571116
120.71 1 1.05899
120.71 2 0.0571116
120.81 1 1.05899
120.81 2 0.0571116
120.91 1 1.05899
120.91 2 0.0571116
121.01 1 1.05899
121.01 2 0.0571116
121.11 1 1.05899
121.11 2 0.0571116
121.21 1 1.05899
121.21 2 0.0571116
121.31 1 1.05899
121.31 2 0.0571116
121.41 1 1.05899
121.41 2 0.0571116
121.51 1 1.05899
121.51 2 0.0571116
121.61 1 1.05899
121.61 2 0.0571116
121.71 1 1.05899
121.71 2 0.0571116
121.81 1 1.05899
121.81 2 0.0571116
121.91 1 1.05899
121.91 2 0.0571116
122.01 1 1.05899
122.01 2 0.0571116
122.11 1 1.05899
122.11 2 0.0571116
122.21 1 1.05899
122.21 2 0.0571116
122.31 1 1.05899
122.31 2 0.0571116
122.41 1 1.05899
122.41 2 0.0571116
122.51 1 1.05899
122.51 2 0.0571116
122.61 1 1.05899
122.61 2 0.0571116
122.71 1 1.05899
122.71 2 0.0571116
122.81 1 1.05899
122.81 2 0.0571116
122.91 1 1.05899
122.91 2 0.0571116
123.01 1 1.05899
123.01 2 0.0571116
123.11 1 1.05899
123.11 2 0.0571116
123.21 1 1.05899
123.21 2 0.0571116
123.31 1 1.05899
123.31 2 0.0571116
123.41 1 1.05899
123.41 2 0.0571116
123.51 1 1.05899
123.51 2 0.0571116
123.61 1 1.05899
123.61 2 0.0571116
123.71 1 1.05899
123.71 2 0.0571116
123.81 1 1.05899
123.81 2 0.0571116
123.91 1 1.05899
123.91 2 0.0571116
124.01 1 1.05899
124.01 2 0.0571116
124.11 1 1.05899
124.11 2 0.0571116
124.21 1 1.05899
124.21 2 0.0571116
124.31 1 1.05899
124.31 2 0.0571116
124.41 1 1.05899
124.41 2 0.0571116
124.51 1 1.05899
124.51 2 0.0571116
124.61 1 1.05899
124.61 2 0.0571116
124.71 1 1.05899
124.71 2 0.0571116
124.81 1 1.05899
124.81 2 0.0571116
124.91 1 1.05899
124.91 2 0.0571116
125.01 1 1.05899
125.01 2 0.0571116
125.11 1 1.05899
125.11 2 0.0571116
125.21 1 1.05899
125.21 2 0.0571116
125.31 1 1.05899
125.31 2 0.0571116
125.41 1 1.05899
125.41 2 0.0571116
125.51 1 1.05899
125.51 2 0.0571116
125.61 1 1.05899
125.61 2 0.0571116
125.71 1 1.05899
125.71 2 0.0571116
125.81 1 1.05899
125.81 2 0.0571116
125.91 1 1.05899
125.91 2 0.0571116
126.01 1 1.05899
126.01 2 0.0571116
126.11 1 1.05899
126.11 2 0.0571116
126.21 1 1.05899
126.21 2 0.0571116
126.31 1 1.05899
126.31 2 0.0571116
126.41 1 1.05899
126.41 2 0.0571116
126.51 1 1.05899
126.51 2 0.0571116
126.61 1 1.05899
126.61 2 0.0571116
126.71 1 1.05899
126.71 2 0.0571116
126.81 1 1.05899
126.81 2 0.0571116
126.91 1 1.05899
126.91 2 0.0571116
127.01 1 1.05899
127.01 2 0.0571116
127.11 1 1.05899
127.11 2 0.0571116
127.21 1 1.05899
127.21 2 0.0571116
127.31 1 1.05899
127.31 2 0.0571116
127.41 1 1.05899
127.41 2 0.0571116
127.51 1 1.05899
127.51 2 0.0571116
127.61 1 1.05899
127.61 2 0.0571116
127.71 1 1.05899
127.71 2 0.0571116
127.81 1 1.05899
127.81 2 0.0571116
127.91 1 1.05899
127.91 2 0.0571116
128.01 1 1.05899
128.01 2 0.0571116
128.11 1 1.05899
128.11 2 0.0571116
128.21 1 1.05899
128.21 2 0.0571116
128.31 1 1.05899
128.31 2 0.0571116
128.41 1 1.05899
128.41 2 0.0571116
128.51 1 1.05899
128.51 2 0.0571116
128.61 1 1.05899
128.61 2 0.0571116
128.71 1 1.05899
128.71 2 0.0571116
128.81 1 1.05899
128.81 2 0.0571116
128.91 1 1.05899
128.91 2 0.0571116
129.01 1 1.05899
129.01 2 0.0571116
129.11 1 1.05899
129.11 2 0.0571116
129.21 1 1.05899
129.21 2 0.0571116
129.31 1 1.05899
129.31 2 0.0571116
129.41 1 1.05899
129.41 2 0.0571116
129.51 1 1.05899
129.51 2 0.0571116
129.61 1 1.05899
129.61 2 0.0571116
129.71 1 1.05899
129.71 2 0.0571116
129.81 1 1.05899
129.81 2 0.0571116
129.91 1 1.05899
129.91 2 0.0571116
130.01 1 1.05899
130.01 2 0.0571116
130.11 1 1.05899
130.11 2 0.0571116
130.21 1 1.05899
130.21 2 0.0571116
130.31 1 1.05899
130.31 2 0.0571116
130.41 1 1.05899
130.41 2 0.0571116
130.51 1 1.05899
130.51 2 0.0571116
130.61 1 1.05899
130.61 2 0.0571116
130.71 1 1.05899
130.71 2 0.0571116
130.81 1 1.05899
130.81 2 0.0571116
130.91 1 1.05899
130.91 2 0.0571116
131.01 1 1.05899
131.01 2 0.0571116
131.11 1 1.05899
131.11 2 0.0571116
131.21 1 1.05899
131.21 2 0.0571116
131.31 1 1.05899
131.31 2 0.0571116
131.41 1 1.05899
131.41 2 0.0571116
131.51 1 1.05899
131.51 2 0.0571116
131.61 1 1.05899
131.61 2 0.0571116
131.71 1 1.05899
131.71 2 0.0571116
131.81 1 1.05899
131.81 2 0.0571116
131.91 1 1.05899
131.91 2 0.0571116
132.01 1 1.05899
132.01 2 0.0571116
132.11 1 1.05899
132.11 2 0.0571116
132.21 1 1.05899
132.21 2 0.0571116
132.31 1 1.05899
132.31 2 0.0571116
132.41 1 1.05899
132.41 2 0.0571116
132.51 1 1.05899
132.51 2 0.0571116
132.61 1 1.05899
132.61 2 0.0571116
132.71 1 1.05899
132.71 2 0.0571116
132.81 1 1.05899
132.81 2 0.0571116
132.91 1 1.05899
132.91 2 0.0571116
133.01 1 1.05899
133.01 2 0.0571116
133.11 1 1.05899
133.11 2 0.0571116
133.21 1 1.05899
133.21 2 0.0571116
133.31 1 1.05899
133.31 2 0.0571116
133.41 1 1.05899
133.41 2 0.0571116
133.51 1 1.05899
133.51 2 0.0571116
133.61 1 1.05899
133.61 2 0.0571116
133.71 1 1.05899
133.71 2 0.0571116
133.81 1 1.05899
133.81 2 0.0571116
133.91 1 1.05899
133.91 2 0.0571116
134.01 1 1.05899
134.01 2 0.0571116
134.11 1 1.05899
134.11 2 0.0571116
134.21 1 1.05899
134.21 2 0.0571116
134.31 1 1.05899
134.31 2 0.0571116
134.41 1 1.05899
134.41 2 0.0571116
134.51 1 1.05899
134.51 2 0.0571116
134.61 1 1.05899
134.61 2 0.0571116
134.71 1 1.05899
134.71 2 0.0571116
134.81 1 1.05899
134.81 2 0.0571116
134.91 1 1.05899
134.91 2 0.0571116
135.01 1 1.05899
135.01 2 0.0571116
135.11 1 1.05899
135.11 2 0.0571116
135.21 1 1.05899
135.21 2 0.0571116
135.31 1 1.05899
135.31 2 0.0571116
135.41 1 1.05899
135.41 2 0.0571116
135.51 1 1.05899
135.51 2 0.0571116
135.61 1 1.05899
135.61 2 0.0571116
135.71 1 1.05899
135.71 2 0.0571116
135.81 1 1.05899
135.81 2 0.0571116
135.91 1 1.05899
135.91 2 0.0571116
136.01 1 1.05899
136.01 2 0.0571116
136.11 1 1.05899
136.11 2 0.0571116
136.21 1 1.05899
136.21 2 0.0571116
136.31 1 1.05899
136.31 2 0.0571116
136.41 1 1.05899
136.41 2 0.0571116
136.51 1 1.05899
136.51 2 0.0571116
136.61 1 1.05899
136.61 2 0.0571116
136.71 1 1.05899
136.71 2 0.0571116
136.81 1 1.05899
136.81 2 0.0571116
136.91 1 1.05899
136.91 2 0.0571116
137.01 1 1.05899
137.01 2 0.0571116
137.11 1 1.05899
137.11 2 0.0571116
137.21 1 1.05899
137.21 2 0.0571116
137.31 1 1.05899
137.31 2 0.0571116
137.41 1 1.05899
137.41 2 0.0571116
137.51 1 1.05899
137.51 2 0.0571116
137.61 1 1.05899
137.61 2 0.0571116
137.71 1 1.05899
137.71 2 0.0571116
137.81 1 1.05899
137.81 2 0.0571116
137.91 1 1.05899
137.91 2 0.0571116
138.01 1 1.05899
138.01 2 0.0571116
138.11 1 1.05899
138.11 2 0.0571116
138.21 1 1.05899
138.21 2 0.0571116
138.31 1 1.05899
138.31 2 0.0571116
138.41 1 1.05899
138.41 2 0.0571116
138.51 1 1.05899
138.51 2 0.0571116
138.61 1 1.05899
138.61 2 0.0571116
138.71 1 1.05899
138.71 2 0.0571116
138.81 1 1.05899
138.81 2 0.0571116
138.91 1 1.05899
138.91 2 0.0571116
139.01 1 1.05899
139.01 2 0.0571116
139.11 1 1.05899
139.11 2 0.0571116
139.21 1 1.05899
139.21 2 0.0571116
139.31 1 1.05899
139.31 2 0.0571116
139.41 1 1.05899
139.41 2 0.0571116
139.51 1 1.05899
139.51 2 0.0571116
139.61 1 1.05899
139.61 2 0.0571116
139.71 1 1.05899
139.71 2 0.0571116
139.81 1 1.05899
139.81 2 0.0571116
139.91 1 1.05899
139.91 2 0.0571116
140.01 1 1.05899
140.01 2 0.0571116
140.11 1 1.05899
140.11 2 0.0571116
140.21 1 1.05899
140.21 2 0.0571116
140.31 1 1.05899
140.31 2 0.0571116
140.41 1 1.05899
140.41 2 0.0571116
140.51 1 1.05899
140.51 2 0.0571116
140.61 1 1.05899
140.61 2 0.0571116
140.71 1 1.05899
140.71 2 0.0571116
140.81 1 1.05899
140.81 2 0.0571116
140.91 1 1.05899
140.91 2 0.0571116
141.01 1 1.05899
141.01 2 0.0571116
141.11 1 1.05899
141.11 2 0.0571116
141.21 1 1.05899
141.21 2 0.0571116
141.31 1 1.05899
141.31 2 0.0571116
141.41 1 1.05899
141.41 2 0.0571116
141.51 1 1.05899
141.51 2 0.0571116
141.61 1 1.05899
141.61 2 0.0571116
141.71 1 1.05899
141.71 2 0.0571116
141.81 1 1.05899
141.81 2 0.0571116
141.91 1 1.05899
141.91 2 0.0571116
142.01 1 1.05899
142.01 2 0.0571116
142.11 1 1.05899
142.11 2 0.0571116
142.21 1 1.05899
142.21 2 0.0571116
142.31 1 1.05899
142.31 2 0.0571116
142.41 1 1.05899
142.41 2 0.0571116
142.51 1 1.05899
142.51 2 0.0571116
142.61 1 1.05899
142.61 2 0.0571116
142.71 1 1.05899
142.71 2 0.0571116
142.81 1 1.05899
142.81 2 0.0571116
142.91 1 1.05899
142.91 2 0.0571116
143.01 1 1.05899
143.01 2 0.0571116
143.11 1 1.05899
143.11 2 0.0571116
143.21 1 1.05899
143.21 2 0.0571116
143.31 1 1.05899
143.31 2 0.0571116
143.41 1 1.05899
143.41 2 0.0571116
143.51 1 1.05899
143.51 2 0.0571116
143.61 1 1.05899
143.61 2 0.0571116
143.71 1 1.05899
143.71 2 0.0571116
143.81 1 1.05899
143.81 2 0.0571116
143.91 1 1.05899
143.91 2 0.0571116
144.01 1 1.05899
144.01 2 0.0571116
144.11 1 1.05899
144.11 2 0.0571116
144.21 1 1.05899
144.21 2 0.0571116
144.31 1 1.05899
144.31 2 0.0571116
144.41 1 1.05899
144.41 2 0.0571116
144.51 1 1.05899
144.51 2 0.0571116
144.61 1 1.05899
144.61 2 0.0571116
144.71 1 1.05899
144.71 2 0.0571116
144.81 1 1.05899
144.81 2 0.0571116
144.91 1 1.05899
144.91 2 0.0571116
145.01 1 1.05899
145.01 2 0.0571116
145.11 1 1.05899
145.11 2 0.0571116
145.21 1 1.05899
145.21 2 0.0571116
145.31 1 1.05899
145.31 2 0.0571116
145.41 1 1.05899
145.41 2 0.0571116
145.51 1 1.05899
145.51 2 0.0571116
145.61 1 1.05899
145.61 2 0.0571116
145.71 1 1.05899
145.71 2 0.0571116
145.81 1 1.05899
145.81 2 0.0571116
145.91 1 1.05899
145.91 2 0.0571116
146.01 1 1.05899
146.01 2 0.0571116
146.11 1 1.05899
146.11 2 0.0571116
146.21 1 1.05899
146.21 2 0.0571116
146.31 1 1.05899
146.31 2 0.0571116
146.41 1 1.05899
146.41 2 0.0571116
146.51 1 1.05899
146.51 2 0.0571116
146.61 1 1.05899
146.61 2 0.0571116
146.71 1 1.05899
146.71 2 0.0571116
146.81 1 1.05899
146.81 2 0.0571116
146.91 1 1.05899
146.91 2 0.0571116
147.01 1 1.05899
147.01 2 0.0571116
147.11 1 1.05899
147.11 2 0.0571116
147.21 1 1.05899
147.21 2 0.0571116
147.31 1 1.05899
147.31 2 0.0571116
147.41 1 1.05899
147.41 2 0.0571116
147.51 1 1.05899
147.51 2 0.0571116
147.61 1 1.05899
147.61 2 0.0571116
147.71 1 1.05899
147.71 2 0.0571116
147.81 1 1.05899
147.81 2 0.0571116
147.91 1 1.05899
147.91 2 0.0571116
148.01 1 1.05899
148.01 2 0.0571116
148.11 1 1.05899
148.11 2 0.0571116
148.21 1 1.05899
148.21 2 0.0571116
148.31 1 1.05899
148.31 2 0.0571116
148.41 1 1.05899
148.41 2 0.0571116
148.51 1 1.05899
148.51 2 0.0571116
148.61 1 1.05899
148.61 2 0.0571116
148.71 1 1.05899
148.71 2 0.0571116
148.81 1 1.05899
148.81 2 0.0571116
148.91 1 1.05899
148.91 2 0.0571116
149.01 1 1.05899
149.01 2 0.0571116
149.11 1 1.05899
149.11 2 0.0571116
149.21 1 1.05899
149.21 2 0.0571116
149.31 1 1.05899
149.31 2 0.0571116
149.41 1 1.05899
149.41 2 0.0571116
149.51 1 1.05899
149.51 2 0.0571116
149.61 1 1.05899
149.61 2 0.0571116
149.71 1 1.05899
149.71 2 0.0571116
149.81 1 1.05899
149.81 2 0.0571116
149.91 1 1.05899
149.91 2 0.0571116
150.01 1 1.05899
150.01 2 0.0571116
150.11 1 1.05899
150.11 2 0.0571116
150.21 1 1.05899
150.21 2 0.0571116
150.31 1 1.05899
150.31 2 0.0571116
150.41 1 1.05899
150.41 2 0.0571116
150.51 1 1.05899
150.51 2 0.0571116
150.61 1 1.05899
150.61 2 0.0571116
150.71 1 1.05899
150.71 2 0.0571116
150.81 1 1.05899
150.81 2 0.0571116
150.91 1 1.05899
150.91 2 0.0571116
151.01 1 1.05899
151.01 2 0.0571116
151.11 1 1.05899
151.11 2 0.0571116
151.21 1 1.05899
151.21 2 0.0571116
151.31 1 1.05899
151.31 2 0.0571116
151.41 1 1.05899
151.41 2 0.0571116
151.51 1 1.05899
151.51 2 0.0571116
151.61 1 1.05899
151.61 2 0.0571116
151.71 1 1.05899
151.71 2 0.0571116
151.81 1 1.05899
151.81 2 0.0571116
151.91 1 1.05899
151.91 2 0.0571116
152.01 1 1.05899
152.01 2 0.0571116
152.11 1 1.05899
152.11 2 0.0571116
152.21 1 1.05899
152.21 2 0.0571116
152.31 1 1.05899
152.31 2 0.0571116
152.41 1 1.05899
152.41 2 0.0571116
152.51 1 1.05899
152.51 2 0.0571116
152.61 1 1.05899
152.61 2 0.0571116
152.71 1 1.05899
152.71 2 0.0571116
152.81 1 1.05899
152.81 2 0.0571116
152.91 1 1.05899
152.91 2 0.0571116
153.01 1 1.05899
153.01 2 0.0571116
153.11 1 1.05899
153.11 2 0.0571116
153.21 1 1.05899
153.21 2 0.0571116
153.31 1 1.05899
153.31 2 0.0571116
153.41 1 1.05899
153.41 2 0.0571116
153.51 1 1.05899
153.51 2 0.0571116
153.61 1 1.05899
153.61 2 0.0571116
153.71 1 1.05899
153.71 2 0.0571116
153.81 1 1.05899
153.81 2 0.0571116
153.91 1 1.05899
153.91 2 0.0571116
154.01 1 1.05899
154.01 2 0.0571116
154.11 1 1.05899
154.11 2 0.0571116
154.21 1 1.05899
154.21 2 0.0571116
154.31 1 1.05899
154.31 2 0.0571116
154.41 1 1.05899
154.41 2 0.0571116
154.51 1 1.05899
154.51 2 0.0571116
154.61 1 1.05899
154.61 2 0.0571116
154.71 1 1.05899
154.71 2 0.0571116
154.81 1 1.05899
154.81 2 0.0571116
154.91 1 1.05899
154.91 2 0.0571116
155.01 1 1.05899
155.01 2 0.0571116
155.11 1 1.05899
155.11 2 0.0571116
155.21 1 1.05899
155.21 2 0.0571116
155.31 1 1.05899
155.31 2 0.0571116
155.41 1 1.05899
155.41 2 0.0571116
155.51 1 1.05899
155.51 2 0.0571116
155.61 1 1.05899
155.61 2 0.0571116
155.71 1 1.05899
155.71 2 0.0571116
155.81 1 1.05899
155.81 2 0.0571116
155.91 1 1.05899
155.91 2 0.0571116
156.01 1 1.05899
156.01 2 0.0571116
156.11 1 1.05899
156.11 2 0.0571116
156.21 1 1.05899
156.21 2 0.0571116
156.31 1 1.05899
156.31 2 0.0571116
156.41 1 1.05899
156.41 2 0.0571116
156.51 1 1.05899
156.51 2 0.0571116
156.61 1 1.05899
156.61 2 0.0571116
156.71 1 1.05899
156.71 2 0.0571116
156.81 1 1.05899
156.81 2 0.0571116
156.91 1 1.05899
156.91 2 0.0571116
157.01 1 1.05899
157.01 2 0.0571116
157.11 1 1.05899
157.11 2 0.0571116
157.21 1 1.05899
157.21 2 0.0571116
157.31 1 1.05899
157.31 2 0.0571116
157.41 1 1.05899
157.41 2 0.0571116
157.51 1 1.05899
157.51 2 0.0571116
157.61 1 1.05899
157.61 2 0.0571116
157.71 1 1.05899
157.71 2 0.0571116
157.81 1 1.05899
157.81 2 0.0571116
157.91 1 1.05899
157.91 2 0.0571116
158.01 1 1.05899
158.01 2 0.0571116
158.11 1 1.05899
158.11 2 0.0571116
158.21 1 1.05899
158.21 2 0.0571116
158.31 1 1.05899
158.31 2 0.0571116
158.41 1 1.05899
158.41 2 0.0571116
158.51 1 1.05899
158.51 2 0.0571116
158.61 1 1.05899
158.61 2 0.0571116
158.71 1 1.05899
158.71 2 0.0571116
158.81 1 1.05899
158.81 2 0.0571116
158.91 1 1.05899
158.91 2 0.0571116
159.01 1 1.05899
159.01 2 0.0571116
159.11 1 1.05899
159.11 2 0.0571116
159.21 1 1.05899
159.21 2 0.0571116
159.31 1 1.05899
159.31 2 0.0571116
159.41 1 1.05899
159.41 2 0.0571116
159.51 1 1.05899
159.51 2 0.0571116
159.61 1 1.05899
159.61 2 0.0571116
159.71 1 1.05899
159.71 2 0.0571116
159.81 1 1.05899
159.81 2 0.0571116
159.91 1 1.05899
159.91 2 0.0571116
160.01 1 1.05899
160.01 2 0.0571116
160.11 1 1.05899
160.11 2 0.0571116
160.21 1 1.05899
160.21 2 0.0571116
160.31 1 1.05899
160.31 2 0.0571116
160.41 1 1.05899
160.41 2 0.0571116
160.51 1 1.05899
160.51 2 0.0571116
160.61 1 1.05899
160.61 2 0.0571116
160.71 1 1.05899
160.71 2 0.0571116
160.81 1 1.05899
160.81 2 0.0571116
160.91 1 1.05899
160.91 2 0.0571116
161.01 1 1.05899
161.01 2 0.0571116
161.11 1 1.05899
161.11 2 0.0571116
161.21 1 1.05899
161.21 2 0.0571116
161.31 1 1.05899
161.31 2 0.0571116
161.41 1 1.05899
161.41 2 0.0571116
161.51 1 1.05899
161.51 2 0.0571116
161.61 1 1.05899
161.61 2 0.0571116
161.71 1 1.05899
161.71 2 0.0571116
161.81 1 1.05899
161.81 2 0.0571116
161.91 1 1.05899
161.91 2 0.0571116
162.01 1 1.05899
162.01 2 0.0571116
162.11 1 1.05899
162.11 2 0.0571116
162.21 1 1.05899
162.21 2 0.0571116
162.31 1 1.05899
162.31 2 0.0571116
162.41 1 1.05899
162.41 2 0.0571116
162.51 1 1.05899
162.51 2 0.0571116
162.61 1 1.05899
162.61 2 0.0571116
162.71 1 1.05899
162.71 2 0.0571116
162.81 1 1.05899
162.81 2 0.0571116
162.91 1 1.05899
162.91 2 0.0571116
163.01 1 1.05899
163.01 2 0.0571116
163.11 1 1.05899
163.11 2 0.0571116
163.21 1 1.05899
163.21 2 0.0571116
163.31 1 1.05899
163.31 2 0.0571116
163.41 1 1.05899
163.41 2 0.0571116
163.51 1 1.05899
163.51 2 0.0571116
163.61 1 1.05899
163.61 2 0.0571116
163.71 1 1.05899
163.71 2 0.0571116
163.81 1 1.05899
163.81 2 0.0571116
163.91 1 1.05899
163.91 2 0.0571116
164.01 1 1.05899
164.01 2 0.0571116
164.11 1 1.05899
164.11 2 0.0571116
164.21 1 1.05899
164.21 2 0.0571116
164.31 1 1.05899
164.31 2 0.0571116
164.41 1 1.05899
164.41 2 0.0571116
164.51 1 1.05899
164.51 2 0.0571116
164.61 1 1.05899
164.61 2 0.0571116
164.71 1 1.05899
164.71 2 0.0571116
164.81 1 1.05899
164.81 2 0.0571116
164.91 1 1.05899
164.91 2 0.0571116
165.01 1 1.05899
165.01 2 0.0571116
165.11 1 1.05899
165.11 2 0.0571116
165.21 1 1.05899
165.21 2 0.0571116
165.31 1 1.05899
165.31 2 0.0571116
165.41 1 1.05899
165.41 2 0.0571116
165.51 1 1.05899
165.51 2 0.0571116
165.61 1 1.05899
165.61 2 0.0571116
165.71 1 1.05899
165.71 2 0.0571116
165.81 1 1.05899
165.81 2 0.0571116
165.91 1 1.05899
165.91 2 0.0571116
166.01 1 1.05899
166.01 2 0.0571116
166.11 1 1.05899
166.11 2 0.0571116
166.21 1 1.05899
166.21 2 0.0571116
166.31 1 1.05899
166.31 2 0.0571116
166.41 1 1.05899
166.41 2 0.0571116
166.51 1 1.05899
166.51 2 0.0571116
166.61 1 1.05899
166.61 2 0.0571116
166.71 1 1.05899
166.71 2 0.0571116
166.81 1 1.05899
166.81 2 0.0571116
166.91 1 1.05899
166.91 2 0.0571116
167.01 1 1.05899
167.01 2 0.0571116
167.11 1 1.05899
167.11 2 0.0571116
167.21 1 1.05899
167.21 2 0.0571116
167.31 1 1.05899
167.31 2 0.0571116
167.41 1 1.05899
167.41 2 0.0571116
167.51 1 1.05899
167.51 2 0.0571116
167.61 1 1.05899
167.61 2 0.0571116
167.71 1 1.05899
167.71 2 0.0571116
167.81 1 1.05899
167.81 2 0.0571116
167.91 1 1.05899
167.91 2 0.0571116
168.01 1 1.05899
168.01 2 0.0571116
168.11 1 1.05899
168.11 2 0.0571116
168.21 1 1.05899
168.21 2 0.0571116
168.31 1 1.05899
168.31 2 0.0571116
168.41 1 1.05899
168.41 2 0.0571116
168.51 1 1.05899
168.51 2 0.0571116
168.61 1 1.05899
168.61 2 0.0571116
168.71 1 1.05899
168.71 2 0.0571116
168.81 1 1.05899
168.81 2 0.0571116
168.91 1 1.05899
168.91 2 0.0571116
169.01 1 1.05899
169.01 2 0.0571116
169.11 1 1.05899
169.11 2 0.0571116
169.21 1 1.05899
169.21 2 0.0571116
169.31 1 1.05899
169.31 2 0.0571116
169.41 1 1.05899
169.41 2 0.0571116
169.51 1 1.05899
169.51 2 0.0571116
169.61 1 1.05899
169.61 2 0.0571116
169.71 1 1.05899
169.71 2 0.0571116
169.81 1 1.05899
169.81 2 0.0571116
169.91 1 1.05899
169.91 2 0.0571116
170.01 1 1.05899
170.01 2 0.0571116
170.11 1 1.05899
170.11 2 0.0571116
170.21 1 1.05899
170.21 2 0.0571116
170.31 1 1.05899
170.31 2 0.0571116
170.41 1 1.05899
170.41 2 0.0571116
170.51 1 1.05899
170.51 2 0.0571116
170.61 1 1.05899
170.61 2 0.0571116
170.71 1 1.05899
170.71 2 0.0571116
170.81 1 1.05899
170.81 2 0.0571116
170.91 1 1.05899
170.91 2 0.0571116
171.01 1 1.05899
171.01 2 0.0571116
171.11 1 1.05899
171.11 2 0.0571116
171.21 1 1.05899
171.21 2 0.0571116
171.31 1 1.05899
171.31 2 0.0571116
171.41 1 1.05899
171.41 2 0.0571116
171.51 1 1.05899
171.51 2 0.0571116
171.61 1 1.05899
171.61 2 0.0571116
171.71 1 1.05899
171.71 2 0.0571116
171.81 1 1.05899
171.81 2 0.0571116
171.91 1 1.05899
171.91 2 0.0571116
172.01 1 1.05899
172.01 2 0.0571116
172.11 1 1.05899
172.11 2 0.0571116
172.21 1 1.05899
172.21 2 0.0571116
172.31 1 1.05899
172.31 2 0.0571116
172.41 1 1.05899
172.41 2 0.0571116
172.51 1 1.05899
172.51 2 0.0571116
172.61 1 1.05899
172.61 2 0.0571116
172.71 1 1.05899
172.71 2 0.0571116
172.81 1 1.05899
172.81 2 0.0571116
172.91 1 1.05899
172.91 2 0.0571116
173.01 1 1.05899
173.01 2 0.0571116
173.11 1 1.05899
173.11 2 0.0571116
173.21 1 1.05899
173.21 2 0.0571116
173.31 1 1.05899
173.31 2 0.0571116
173.41 1 1.05899
173.41 2 0.0571116
173.51 1 1.05899
173.51 2 0.0571116
173.61 1 1.05899
173.61 2 0.0571116
173.71 1 1.05899
173.71 2 0.0571116
173.81 1 1.05899
173.81 2 0.0571116
173.91 1 1.05899
173.91 2 0.0571116
174.01 1 1.05899
174.01 2 0.0571116
174.11 1 1.05899
174.11 2 0.0571116
174.21 1 1.05899
174.21 2 0.0571116
174.31 1 1.05899
174.31 2 0.0571116
174.41 1 1.05899
174.41 2 0.0571116
174.51 1 1.05899
174.51 2 0.0571116
174.61 1 1.05899
174.61 2 0.0571116
174.71 1 1.05899
174.71 2 0.0571116
174.81 1 1.05899
174.81 2 0.0571116
174.91 1 1.05899
174.91 2 0.0571116
175.01 1 1.05899
175.01 2 0.0571116
175.11 1 1.05899
175.11 2 0.0571116
175.21 1 1.05899
175.21 2 0.0571116
175.31 1 1.05899
175.31 2 0.0571116
175.41 1 1.05899
175.41 2 0.0571116
175.51 1 1.05899
175.51 2 0.0571116
175.61 1 1.05899
175.61 2 0.0571116
175.71 1 1.05899
175.71 2 0.0571116
175.81 1 1.05899
175.81 2 0.0571116
175.91 1 1.05899
175.91 2 0.0571116
176.01 1 1.05899
176.01 2 0.0571116
176.11 1 1.05899
176.11 2 0.0571116
176.21 1 1.05899
176.21 2 0.0571116
176.31 1 1.05899
176.31 2 0.0571116
176.41 1 1.05899
176.41 2 0.0571116
176.51 1 1.05899
176.51 2 0.0571116
176.61 1 1.05899
176.61 2 0.0571116
176.71 1 1.05899
176.71 2 0.0571116
176.81 1 1.05899
176.81 2 0.0571116
176.91 1 1.05899
176.91 2 0.0571116
177.01 1 1.05899
177.01 2 0.0571116
177.11 1 1.05899
177.11 2 0.0571116
177.21 1 1.05899
177.21 2 0.0571116
177.31 1 1.05899
177.31 2 0.0571116
177.41 1 1.05899
177.41 2 0.0571116
177.51 1 1.05899
177.51 2 0.0571116
177.61 1 1.05899
177.61 2 0.0571116
177.71 1 1.05899
177.71 2 0.0571116
177.81 1 1.05899
177.81 2 0.0571116
177.91 1 1.05899
177.91 2 0.0571116
178.01 1 1.05899
178.01 2 0.0571116
178.11 1 1.05899
178.11 2 0.0571116
178.21 1 1.05899
178.21 2 0.0571116
178.31 1 1.05899
178.31 2 0.0571116
178.41 1 1.05899
178.41 2 0.0571116
178.51 1 1.05899
178.51 2 0.0571116
178.61 1 1.05899
178.61 2 0.0571116
178.71 1 1.05899
178.71 2 0.0571116
178.81 1 1.05899
178.81 2 0.0571116
178.91 1 1.05899
178.91 2 0.0571116
179.01 1 1.05899
179.01 2 0.0571116
179.11 1 1.05899
179.11 2 0.0571116
179.21 1 1.05899
179.21 2 0.0571116
179.31 1 1.05899
179.31 2 0.0571116
179.41 1 1.05899
179.41 2 0.0571116
179.51 1 1.05899
179.51 2 0.0571116
179.61 1 1.05899
179.61 2 0.0571116
179.71 1 1.05899
179.71 2 0.0571116
179.81 1 1.05899
179.81 2 0.0571116
179.91 1 1.05899
179.91 2 0.0571116
180.01 1 1.05899
180.01 2 0.0571116
180.11 1 1.05899
180.11 2 0.0571116
180.21 1 1.05899
180.21 2 0.0571116
180.31 1 1.05899
180.31 2 0.0571116
180.41 1 1.05899
180.41 2 0.0571116
180.51 1 1.05899
180.51 2 0.0571116
180.61 1 1.05899
180.61 2 0.0571116
180.71 1 1.05899
180.71 2 0.0571116
180.81 1 1.05899
180.81 2 0.0571116
180.91 1 1.05899
180.91 2 0.0571116
181.01 1 1.05899
181.01 2 0.0571116
181.11 1 1.05899
181.11 2 0.0571116
181.21 1 1.05899
181.21 2 0.0571116
181.31 1 1.05899
181.31 2 0.0571116
181.41 1 1.05899
181.41 2 0.0571116
181.51 1 1.05899
181.51 2 0.0571116
181.61 1 1.05899
181.61 2 0.0571116
181.71 1 1.05899
181.71 2 0.0571116
181.81 1 1.05899
181.81 2 0.0571116
181.91 1 1.05899
181.91 2 0.0571116
182.01 1 1.05899
182.01 2 0.0571116
182.11 1 1.05899
182.11 2 0.0571116
182.21 1 1.05899
182.21 2 0.0571116
182.31 1 1.05899
182.31 2 0.0571116
182.41 1 1.05899
182.41 2 0.0571116
182.51 1 1.05899
182.51 2 0.0571116
182.61 1 1.05899
182.61 2 0.0571116
182.71 1 1.05899
182.71 2 0.0571116
182.81 1 1.05899
182.81 2 0.0571116
182.91 1 1.05899
182.91 2 0.0571116
183.01 1 1.05899
183.01 2 0.0571116
183.11 1 1.05899
183.11 2 0.0571116
183.21 1 1.05899
183.21 2 0.0571116
183.31 1 1.05899
183.31 2 0.0571116
183.41 1 1.05899
183.41 2 0.0571116
183.51 1 1.05899
183.51 2 0.0571116
183.61 1 1.05899
183.61 2 0.0571116
183.71 1 1.05899
183.71 2 0.0571116
183.81 1 1.05899
183.81 2 0.0571116
183.91 1 1.05899
183.91 2 0.0571116
184.01 1 1.05899
184.01 2 0.0571116
184.11 1 1.05899
184.11 2 0.0571116
184.21 1 1.05899
184.21 2 0.0571116
184.31 1 1.05899
184.31 2 0.0571116
184.41 1 1.05899
184.41 2 0.0571116
184.51 1 1.05899
184.51 2 0.0571116
184.61 1 1.05899
184.61 2 0.0571116
184.71 1 1.05899
184.71 2 0.0571116
184.81 1 1.05899
184.81 2 0.0571116
184.91 1 1.05899
184.91 2 0.0571116
185.01 1 1.05899
185.01 2 0.0571116
185.11 1 1.05899
185.11 2 0.0571116
185.21 1 1.05899
185.21 2 0.0571116
185.31 1 1.05899
185.31 2 0.0571116
185.41 1 1.05899
185.41 2 0.0571116
185.51 1 1.05899
185.51 2 0.0571116
185.61 1 1.05899
185.61 2 0.0571116
185.71 1 1.05899
185.71 2 0.0571116
185.81 1 1.05899
185.81 2 0.0571116
185.91 1 1.05899
185.91 2 0.0571116
186.01 1 1.05899
186.01 2 0.0571116
186.11 1 1.05899
186.11 2 0.0571116
186.21 1 1.05899
186.21 2 0.0571116
186.31 1 1.05899
186.31 2 0.0571116
186.41 1 1.05899
186.41 2 0.0571116
186.51 1 1.05899
186.51 2 0.0571116
186.61 1 1.05899
186.61 2 0.0571116
186.71 1 1.05899
186.71 2 0.0571116
186.81 1 1.05899
186.81 2 0.0571116
186.91 1 1.05899
186.91 2 0.0571116
187.01 1 1.05899
187.01 2 0.0571116
187.11 1 1.05899
187.11 2 0.0571116
187.21 1 1.05899
187.21 2 0.0571116
187.31 1 1.05899
187.31 2 0.0571116
187.41 1 1.05899
187.41 2 0.0571116
187.51 1 1.05899
187.51 2 0.0571116
187.61 1 1.05899
187.61 2 0.0571116
187.71 1 1.05899
187.71 2 0.0571116
187.81 1 1.05899
187.81 2 0.0571116
187.91 1 1.05899
187.91 2 0.0571116
188.01 1 1.05899
188.01 2 0.0571116
188.11 1 1.05899
188.11 2 0.0571116
188.21 1 1.05899
188.21 2 0.0571116
188.31 1 1.05899
188.31 2 0.0571116
188.41 1 1.05899
188.41 2 0.0571116
188.51 1 1.05899
188.51 2 0.0571116
188.61 1 1.05899
188.61 2 0.0571116
188.71 1 1.05899
188.71 2 0.0571116
188.81 1 1.05899
188.81 2 0.0571116
188.91 1 1.05899
188.91 2 0.0571116
189.01 1 1.05899
189.01 2 0.0571116
189.11 1 1.05899
189.11 2 0.0571116
189.21 1 1.05899
189.21 2 0.0571116
189.31 1 1.05899
189.31 2 0.0571116
189.41 1 1.05899
189.41 2 0.0571116
189.51 1 1.05899
189.51 2 0.0571116
189.61 1 1.05899
189.61 2 0.0571116
189.71 1 1.05899
189.71 2 0.0571116
189.81 1 1.05899
189.81 2 0.0571116
189.91 1 1.05899
189.91 2 0.0571116
190.01 1 1.05899
190.01 2 0.0571116
190.11 1 1.05899
190.11 2 0.0571116
190.21 1 1.05899
190.21 2 0.0571116
190.31 1 1.05899
190.31 2 0.0571116
190.41 1 1.05899
190.41 2 0.0571116
190.51 1 1.05899
190.51 2 0.0571116
190.61 1 1.05899
190.61 2 0.0571116
190.71 1 1.05899
190.71 2 0.0571116
190.81 1 1.05899
190.81 2 0.0571116
190.91 1 1.05899
190.91 2 0.0571116
191.01 1 1.05899
191.01 2 0.0571116
191.11 1 1.05899
191.11 2 0.0571116
191.21 1 1.05899
191.21 2 0.0571116
191.31 1 1.05899
191.31 2 0.0571116
191.41 1 1.05899
191.41 2 0.0571116
191.51 1 1.05899
191.51 2 0.0571116
191.61 1 1.05899
191.61 2 0.0571116
191.71 1 1.05899
191.71 2 0.0571116
191.81 1 1.05899
191.81 2 0.0571116
191.91 1 1.05899
191.91 2 0.0571116
192.01 1 1.05899
192.01 2 0.0571116
192.11 1 1.05899
192.11 2 0.0571116
192.21 1 1.05899
192.21 2 0.0571116
192.31 1 1.05899
192.31 2 0.0571116
192.41 1 1.05899
192.41 2 0.0571116
192.51 1 1.05899
192.51 2 0.0571116
192.61 1 1.05899
192.61 2 0.0571116
192.71 1 1.05899
192.71 2 0.0571116
192.81 1 1.05899
192.81 2 0.0571116
192.91 1 1.05899
192.91 2 0.0571116
193.01 1 1.05899
193.01 2 0.0571116
193.11 1 1.05899
193.11 2 0.0571116
193.21 1 1.05899
193.21 2 0.0571116
193.31 1 1.05899
193.31 2 0.0571116
193.41 1 1.05899
193.41 2 0.0571116
193.51 1 1.05899
193.51 2 0.0571116
193.61 1 1.05899
193.61 2 0.0571116
193.71 1 1.05899
193.71 2 0.0571116
193.81 1 1.05899
193.81 2 0.0571116
193.91 1 1.05899
193.91 2 0.0571116
194.01 1 1.05899
194.01 2 0.0571116
194.11 1 1.05899
194.11 2 0.0571116
194.21 1 1.05899
194.21 2 0.0571116
194.31 1 1.05899
194.31 2 0.0571116
194.41 1 1.05899
194.41 2 0.0571116
194.51 1 1.05899
194.51 2 0.0571116
194.61 1 1.05899
194.61 2 0.0571116
194.71 1 1.05899
194.71 2 0.0571116
194.81 1 1.05899
194.81 2 0.0571116
194.91 1 1.05899
194.91 2 0.0571116
195.01 1 1.05899
195.01 2 0.0571116
195.11 1 1.05899
195.11 2 0.0571116
195.21 1 1.05899
195.21 2 0.0571116
195.31 1 1.05899
195.31 2 0.0571116
195.41 1 1.05899
195.41 2 0.0571116
195.51 1 1.05899
195.51 2 0.0571116
195.61 1 1.05899
195.61 2 0.0571116
195.71 1 1.05899
195.71 2 0.0571116
195.81 1 1.05899
195.81 2 0.0571116
195.91 1 1.05899
195.91 2 0.0571116
196.01 1 1.05899
196.01 2 0.0571116
196.11 1 1.05899
196.11 2 0.0571116
196.21 1 1.05899
196.21 2 0.0571116
196.31 1 1.05899
196.31 2 0.0571116
196.41 1 1.05899
196.41 2 0.0571116
196.51 1 1.05899
196.51 2 0.0571116
196.61 1 1.05899
196.61 2 0.0571116
196.71 1 1.05899
196.71 2 0.0571116
196.81 1 1.05899
196.81 2 0.0571116
196.91 1 1.05899
196.91 2 0.0571116
197.01 1 1.05899
197.01 2 0.0571116
197.11 1 1.05899
197.11 2 0.0571116
197.21 1 1.05899
197.21 2 0.0571116
197.31 1 1.05899
197.31 2 0.0571116
197.41 1 1.05899
197.41 2 0.0571116
197.51 1 1.05899
197.51 2 0.0571116
197.61 1 1.05899
197.61 2 0.0571116
197.71 1 1.05899
197.71 2 0.0571116
197.81 1 1.05899
197.81 2 0.0571116
197.91 1 1.05899
197.91 2 0.0571116
198.01 1 1.05899
198.01 2 0.0571116
198.11 1 1.05899
198.11 2 0.0571116
198.21 1 1.05899
198.21 2 0.0571116
198.31 1 1.05899
198.31 2 0.0571116
198.41 1 1.05899
198.41 2 0.0571116
198.51 1 1.05899
198.51 2 0.0571116
198.61 1 1.05899
198.61 2 0.0571116
198.71 1 1.05899
198.71 2 0.0571116
198.81 1 1.05899
198.81 2 0.0571116
198.91 1 1.05899
198.91 2 0.0571116
199.01 1 1.05899
199.01 2 0.0571116
199.11 1 1.05899
199.11 2 0.0571116
199.21 1 1.05899
199.21 2 0.0571116
199.31 1 1.05899
199.31 2 0.0571116
199.41 1 1.05899
199.41 2 0.0571116
199.51 1 1.05899
199.51 2 0.0571116
199.61 1 1.05899
199.61 2 0.0571116
199.71 1 1.05899
199.71 2 0.0571116
199.81 1 1.05899
199.81 2 0.0571116
199.91 1 1.05899
199.91 2 0.0571116
200.01 1 1.05899
200.01 2 0.0571116
200.11 1 1.05899
200.11 2 0.0571116
200.21 1 1.05899
200.21 2 0.0571116
200.31 1 1.05899
200.31 2 0.0571116
200.41 1 1.05899
200.41 2 0.0571116
200.51 1 1.05899
200.51 2 0.0571116
200.61 1 1.05899
200.61 2 0.0571116
200.71 1 1.05899
200.71 2 0.0571116
200.81 1 1.05899
200.81 2 0.0571116
200.91 1 1.05899
200.91 2 0.0571116
