0.214162 476
0.221221 952
0.22828 1428
0.235339 1904
0.242398 2380
0.249457 2856
0.256516 3332
0.263574 3808
0.270633 4284
0.277692 4760
0.418991 4284
0.418991 4760
0.42605 5236
0.433098 4284
0.433109 4760
0.440167 5236
0.447215 4284
0.447226 4760
0.454285 5236
0.461333 4284
0.461344 4760
0.468403 5236
0.475451 4284
0.475462 4760
0.482521 5236
0.489579 5712
0.496638 6188
0.503697 6664
0.510756 7140
0.517815 7616
0.524874 8092
0.531933 8568
0.538991 9044
0.623808 8092
0.623808 8568
0.630867 9044
0.637926 8092
0.637926 8568
0.644985 9044
0.652044 8092
0.652044 8568
0.659103 9044
0.673232 8568
0.673232 9044
0.673232 8568
0.68029 9044
0.68029 8568
0.687349 9044
0.687349 8092
0.694408 8568
0.694408 8092
0.701467 8568
0.701467 8092
0.708526 7616
0.715585 7140
0.729714 6664
0.736773 6188
0.743831 5236
0.828648 4760
0.835707 4284
0.842766 3808
0.849825 3332
0.856884 2856
0.863943 2380
0.878072 1904
0.88513 1428
0.88513 1904
0.892189 1428
0.892189 1904
0.899237 1428
0.899248 1904
0.906296 1428
0.906307 1904
0.913366 2380
0.920425 2856
0.927484 3332
0.934542 3808
1.08995 3332
1.08995 3808
1.09701 4284
1.10405 3808
1.10407 4284
1.11112 4760
1.11112 3808
1.11818 4284
1.12524 4760
1.12524 3808
1.1323 4284
1.13936 4760
1.13936 3808
1.14642 4284
1.15348 4760
1.16054 5236
1.1676 5712
1.17465 6188
1.18171 6664
1.18877 7140
1.19583 7616
1.20289 8092
1.20995 8568
1.21701 9044
1.30182 8092
1.30182 8568
1.30888 9044
1.32301 8568
1.32301 9044
1.32301 8568
1.33007 9044
1.33007 8568
1.33713 9044
1.33713 8092
1.34419 8568
1.34419 8092
1.35125 8568
1.35125 8092
1.35831 7616
1.36537 7140
1.37242 6664
1.38655 6188
1.39361 5712
1.40067 4760
1.40773 4284
1.41479 3808
1.42185 3332
1.50666 2856
1.51372 2380
1.52785 1904
1.53491 1428
1.53491 1904
1.54197 1428
1.54197 1904
1.54902 1428
1.54903 1904
1.55608 1428
1.55609 1904
1.56315 2380
1.57021 2856
1.57726 3332
1.58432 3808
1.59138 4284
1.73973 3808
1.73973 4284
1.74679 4760
1.75384 4284
1.75385 4760
1.76091 5236
1.76091 4284
1.76796 4760
1.77502 5236
1.77502 4284
1.78208 4760
1.78914 5236
1.78914 4284
1.7962 4760
1.80326 5236
1.81032 5712
1.81738 6188
1.82444 6664
1.83149 7140
1.83855 7616
1.84561 8092
1.85267 8568
1.85973 9044
1.94455 8092
1.94455 8568
1.95161 9044
1.95866 8092
1.95866 8568
1.96572 9044
1.97278 8092
1.97278 8568
1.97984 9044
1.98691 8568
1.98691 9044
2.00104 8568
2.00104 9044
2.0081 8092
2.0081 8568
2.01516 9044
2.01516 8092
2.02222 7616
2.02928 7140
2.03633 6664
2.04339 6188
2.05045 5712
2.06458 5236
2.1494 4760
2.15646 3808
2.16352 3332
2.17057 2856
2.17763 2380
2.18469 1904
2.19176 1428
2.19176 1904
2.21294 952
2.22 1428
2.22 952
2.22706 1428
2.23412 1904
2.39659 1428
2.40365 1904
2.41071 2380
2.41777 2856
2.42481 2380
2.42483 2856
2.43188 3332
2.43893 2380
2.43894 2856
2.446 3332
2.45306 3808
2.46012 4284
2.46718 4760
2.47424 5236
2.4813 5712
2.48836 6188
2.49541 6664
2.50247 7140
2.50953 7616
2.51659 8092
2.52365 8568
2.53071 9044
2.53777 9520
2.61553 8568
2.61553 9044
2.62258 9520
2.62964 8568
2.62964 9044
2.6367 9520
2.64376 8568
2.64376 9044
2.65082 9520
2.65788 8568
2.65788 9044
2.66494 9520
2.672 8568
2.672 9044
2.67906 9520
2.68611 8568
2.68611 9044
2.69317 9520
2.70023 8568
2.70023 9044
2.70729 9520
2.71435 8568
2.71435 9044
2.72141 9520
2.72847 8568
2.72847 9044
2.73553 9520
2.74259 8568
2.74259 9044
2.74964 9520
2.8274 8568
2.8274 9044
2.83446 9520
2.84152 8568
2.84152 9044
2.84858 9520
2.85564 8568
2.85564 9044
2.8627 9520
2.86976 8568
2.86976 9044
2.87681 9520
2.88387 8568
2.88387 9044
2.89093 9520
2.89799 8568
2.89799 9044
2.90505 9520
2.91211 8568
2.91211 9044
2.91917 9520
2.92624 9044
2.92624 9520
2.9333 9044
2.9333 9520
2.94036 8568
2.94036 9044
2.94741 9520
2.94741 9044
2.95447 8568
3.03223 8092
3.03929 7616
3.04635 7140
3.05341 6664
3.06047 6188
3.06753 5712
3.07458 5236
3.08164 4760
3.0887 4284
3.09576 3808
3.10282 3332
3.10988 2856
3.11694 2380
3.124 1904
3.13107 1428
3.13107 1904
3.13672 0
3.13672 476
3.14378 952
3.14517 0
3.15084 476
3.1579 952
3.16496 1428
3.17202 1904
3.33588 952
3.33588 1428
3.34294 1904
3.37684 952
3.37684 1428
3.38389 1904
3.54776 952
3.54776 1428
3.55482 1904
3.58871 952
3.58871 1428
3.59577 1904
3.75964 952
3.75964 1428
3.7667 1904
3.80059 952
3.80059 1428
3.80765 1904
3.97151 952
3.97151 1428
3.97857 1904
4.01247 952
4.01247 1428
4.01952 1904
4.18339 952
4.18339 1428
4.19045 1904
4.22434 952
4.22434 1428
4.2314 1904
4.39527 952
4.39527 1428
4.40233 1904
4.43622 952
4.43622 1428
4.44328 1904
4.60714 952
4.60714 1428
4.6142 1904
4.64809 952
4.64809 1428
4.65515 1904
4.81902 952
4.81902 1428
4.82608 1904
4.85997 952
4.85997 1428
4.86703 1904
5.0309 952
5.0309 1428
5.03795 1904
5.07185 952
5.07185 1428
5.07891 1904
5.24277 952
5.24277 1428
5.24983 1904
5.28372 952
5.28372 1428
5.29078 1904
5.45465 952
5.45465 1428
5.46171 1904
5.4956 952
5.4956 1428
5.50266 1904
5.66653 952
5.66653 1428
5.67358 1904
5.70748 952
5.70748 1428
5.71454 1904
5.8784 952
5.8784 1428
5.88546 1904
5.91935 952
5.91935 1428
5.92641 1904
6.09028 952
6.09028 1428
6.09734 1904
6.13123 952
6.13123 1428
6.13829 1904
6.34311 0
6.34311 476
6.35017 952
6.35722 1428
6.36428 1904
6.55498 952
6.55498 1428
6.56204 1904
6.5691 952
6.5691 1428
6.57616 1904
6.76686 952
6.76686 1428
6.77392 1904
6.78098 952
6.78098 1428
6.78804 1904
6.99285 0
6.99285 476
6.99991 952
7.00697 1428
7.01403 1904
7.20473 952
7.20473 1428
7.21179 1904
7.21885 952
7.21885 1428
7.22591 1904
7.41661 952
7.41661 1428
7.42367 1904
7.43072 952
7.43072 1428
7.43778 1904
7.62848 952
7.62848 1428
7.63554 1904
7.6426 952
7.6426 1428
7.64966 1904
7.84743 1428
7.84743 1904
7.84743 1428
7.85449 1904
7.85449 1428
7.86155 1904
8.05226 952
8.05226 1428
8.05932 1904
8.05932 1428
8.06638 1904
8.06638 1428
8.06781 0
8.06781 476
8.25708 0
8.25708 476
8.26413 952
8.26522 476
8.27119 952
8.27263 476
8.27825 952
8.28531 1428
8.29237 1904
8.29943 2380
8.30649 2856
8.31355 3332
8.32061 3808
8.49301 0
8.49301 476
8.93377 0
8.93377 476
9.8153 0
9.8153 476
11.5784 0
11.5784 476
15.1045 0
15.1045 476
22.1567 0
22.1567 476
36.2611 0
