0.010001 1 -0
0.110001 1 -0
0.210001 1 0.00418536
0.210001 2 -0
0.310001 1 0.00418536
0.310001 2 0.00418536
0.410001 1 0.15492
0.410001 2 0.00418536
0.510001 1 0.15492
0.510001 2 0.00662935
0.610001 1 0.20998
0.610001 2 0.00662935
0.710001 1 0.243023
0.710001 2 0.00909838
0.810001 1 0.271593
0.810001 2 0.0122102
0.910001 1 0.276256
0.910001 2 0.0155146
1.01 1 0.228828
1.01 2 0.0157503
1.11 1 0.284045
1.11 2 0.0157503
1.21 1 0.293836
1.21 2 0.0138393
1.31 1 0.301774
1.31 2 0.0142011
1.41 1 0.317591
1.41 2 0.0152692
1.51 1 0.327833
1.51 2 0.0168369
1.61 1 0.327833
1.61 2 0.0194
1.71 1 0.297283
1.71 2 0.0194
1.81 1 0.29691
1.81 2 0.0194
1.91 1 0.29691
1.91 2 0.0172483
2.01 1 0.289621
2.01 2 0.0172483
2.11 1 0.298518
2.11 2 0.017786
2.21 1 0.294325
2.21 2 0.0187534
2.31 1 0.295951
2.31 2 0.0186072
2.41 1 0.288891
2.41 2 0.0187553
2.51 1 0.296345
2.51 2 0.0182533
2.61 1 0.291325
2.61 2 0.0188046
2.71 1 0.291325
2.71 2 0.0182337
2.81 1 0.27714
2.81 2 0.0182337
2.91 1 0.27714
2.91 2 0.0171199
3.01 1 0.264979
3.01 2 0.0171199
3.11 1 0.264979
3.11 2 0.0161651
3.21 1 0.254438
3.21 2 0.0161651
3.31 1 0.254438
3.31 2 0.0153375
3.41 1 0.243548
3.41 2 0.0153375
3.51 1 0.243548
3.51 2 0.0146312
3.61 1 0.233282
3.61 2 0.0146312
3.71 1 0.234396
3.71 2 0.0140799
3.81 1 0.234396
3.81 2 0.0141793
3.91 1 0.226888
3.91 2 0.0141793
4.01 1 0.226888
4.01 2 0.0138299
4.11 1 0.224988
4.11 2 0.0138299
4.21 1 0.224988
4.21 2 0.0133687
4.31 1 0.218013
4.31 2 0.0133687
4.41 1 0.218013
4.41 2 0.0133687
4.51 1 0.20785
4.51 2 0.0133687
4.61 1 0.20785
4.61 2 0.0133687
4.71 1 0.20785
4.71 2 0.0133687
4.81 1 0.20785
4.81 2 0.0133687
4.91 1 0.20785
4.91 2 0.0133687
5.01 1 0.189266
5.01 2 0.0133687
5.11 1 0.189266
5.11 2 0.0133687
5.21 1 0.189266
5.21 2 0.0133687
5.31 1 0.189266
5.31 2 0.0133687
5.41 1 0.189266
5.41 2 0.0133687
5.51 1 0.189266
5.51 2 0.0133687
5.61 1 0.189266
5.61 2 0.0133687
5.71 1 0.189266
5.71 2 0.0133687
5.81 1 0.189266
5.81 2 0.0133687
5.91 1 0.160027
5.91 2 0.0133687
6.01 1 0.160027
6.01 2 0.0133687
6.11 1 0.160027
6.11 2 0.0133687
6.21 1 0.160027
6.21 2 0.0133687
6.31 1 0.160027
6.31 2 0.0133687
6.41 1 0.160027
6.41 2 0.0133687
6.51 1 0.160027
6.51 2 0.0133687
6.61 1 0.160027
6.61 2 0.0133687
6.71 1 0.160027
6.71 2 0.0133687
6.81 1 0.160027
6.81 2 0.0133687
6.91 1 0.160027
6.91 2 0.0133687
7.01 1 0.160027
7.01 2 0.0133687
7.11 1 0.160027
7.11 2 0.0133687
7.21 1 0.160027
7.21 2 0.0133687
7.31 1 0.160027
7.31 2 0.0133687
7.41 1 0.160027
7.41 2 0.0133687
7.51 1 0.160027
7.51 2 0.0133687
7.61 1 0.160027
7.61 2 0.0133687
7.71 1 0.160027
7.71 2 0.0133687
7.81 1 0.122039
7.81 2 0.0133687
7.91 1 0.122039
7.91 2 0.0133687
8.01 1 0.122039
8.01 2 0.0133687
8.11 1 0.122039
8.11 2 0.0133687
8.21 1 0.122039
8.21 2 0.0133687
8.31 1 0.122039
8.31 2 0.0133687
8.41 1 0.122039
8.41 2 0.0133687
8.51 1 0.122039
8.51 2 0.0133687
8.61 1 0.122039
8.61 2 0.0133687
8.71 1 0.122039
8.71 2 0.0133687
8.81 1 0.122039
8.81 2 0.0133687
8.91 1 0.122039
8.91 2 0.0133687
9.01 1 0.122039
9.01 2 0.0133687
9.11 1 0.122039
9.11 2 0.0133687
9.21 1 0.122039
9.21 2 0.0133687
9.31 1 0.122039
9.31 2 0.0133687
9.41 1 0.122039
9.41 2 0.0133687
9.51 1 0.122039
9.51 2 0.0133687
9.61 1 0.122039
9.61 2 0.0133687
9.71 1 0.122039
9.71 2 0.0133687
9.81 1 0.122039
9.81 2 0.0133687
9.91 1 0.122039
9.91 2 0.0133687
10.01 1 0.122039
10.01 2 0.0133687
10.11 1 0.122039
10.11 2 0.0133687
10.21 1 0.122039
10.21 2 0.0133687
10.31 1 0.122039
10.31 2 0.0133687
10.41 1 0.122039
10.41 2 0.0133687
10.51 1 0.122039
10.51 2 0.0133687
10.61 1 0.122039
10.61 2 0.0133687
10.71 1 0.122039
10.71 2 0.0133687
10.81 1 0.122039
10.81 2 0.0133687
10.91 1 0.122039
10.91 2 0.0133687
11.01 1 0.122039
11.01 2 0.0133687
11.11 1 0.122039
11.11 2 0.0133687
11.21 1 0.122039
11.21 2 0.0133687
11.31 1 0.122039
11.31 2 0.0133687
11.41 1 0.122039
11.41 2 0.0133687
11.51 1 0.0827349
11.51 2 0.0133687
11.61 1 0.0827349
11.61 2 0.0133687
11.71 1 0.0827349
11.71 2 0.0133687
11.81 1 0.0827349
11.81 2 0.0133687
11.91 1 0.0827349
11.91 2 0.0133687
12.01 1 0.0827349
12.01 2 0.0133687
12.11 1 0.0827349
12.11 2 0.0133687
12.21 1 0.0827349
12.21 2 0.0133687
12.31 1 0.0827349
12.31 2 0.0133687
12.41 1 0.0827349
12.41 2 0.0133687
12.51 1 0.0827349
12.51 2 0.0133687
12.61 1 0.0827349
12.61 2 0.0133687
12.71 1 0.0827349
12.71 2 0.0133687
12.81 1 0.0827349
12.81 2 0.0133687
12.91 1 0.0827349
12.91 2 0.0133687
13.01 1 0.0827349
13.01 2 0.0133687
13.11 1 0.0827349
13.11 2 0.0133687
13.21 1 0.0827349
13.21 2 0.0133687
13.31 1 0.0827349
13.31 2 0.0133687
13.41 1 0.0827349
13.41 2 0.0133687
13.51 1 0.0827349
13.51 2 0.0133687
13.61 1 0.0827349
13.61 2 0.0133687
13.71 1 0.0827349
13.71 2 0.0133687
13.81 1 0.0827349
13.81 2 0.0133687
13.91 1 0.0827349
13.91 2 0.0133687
14.01 1 0.0827349
14.01 2 0.0133687
14.11 1 0.0827349
14.11 2 0.0133687
14.21 1 0.0827349
14.21 2 0.0133687
14.31 1 0.0827349
14.31 2 0.0133687
14.41 1 0.0827349
14.41 2 0.0133687
14.51 1 0.0827349
14.51 2 0.0133687
14.61 1 0.0827349
14.61 2 0.0133687
14.71 1 0.0827349
14.71 2 0.0133687
14.81 1 0.0827349
14.81 2 0.0133687
14.91 1 0.0827349
14.91 2 0.0133687
15.01 1 0.0827349
15.01 2 0.0133687
15.11 1 0.0827349
15.11 2 0.0133687
15.21 1 0.0827349
15.21 2 0.0133687
15.31 1 0.0827349
15.31 2 0.0133687
15.41 1 0.0827349
15.41 2 0.0133687
15.51 1 0.0827349
15.51 2 0.0133687
15.61 1 0.0827349
15.61 2 0.0133687
15.71 1 0.0827349
15.71 2 0.0133687
15.81 1 0.0827349
15.81 2 0.0133687
15.91 1 0.0827349
15.91 2 0.0133687
16.01 1 0.0827349
16.01 2 0.0133687
16.11 1 0.0827349
16.11 2 0.0133687
16.21 1 0.0827349
16.21 2 0.0133687
16.31 1 0.0827349
16.31 2 0.0133687
16.41 1 0.0827349
16.41 2 0.0133687
16.51 1 0.0827349
16.51 2 0.0133687
16.61 1 0.0827349
16.61 2 0.0133687
16.71 1 0.0827349
16.71 2 0.0133687
16.81 1 0.0827349
16.81 2 0.0133687
16.91 1 0.0827349
16.91 2 0.0133687
17.01 1 0.0827349
17.01 2 0.0133687
17.11 1 0.0827349
17.11 2 0.0133687
17.21 1 0.0827349
17.21 2 0.0133687
17.31 1 0.0827349
17.31 2 0.0133687
17.41 1 0.0827349
17.41 2 0.0133687
17.51 1 0.0827349
17.51 2 0.0133687
17.61 1 0.0827349
17.61 2 0.0133687
17.71 1 0.0827349
17.71 2 0.0133687
17.81 1 0.0827349
17.81 2 0.0133687
17.91 1 0.0827349
17.91 2 0.0133687
18.01 1 0.0827349
18.01 2 0.0133687
18.11 1 0.0827349
18.11 2 0.0133687
18.21 1 0.0827349
18.21 2 0.0133687
18.31 1 0.0827349
18.31 2 0.0133687
18.41 1 0.0827349
18.41 2 0.0133687
18.51 1 0.0827349
18.51 2 0.0133687
18.61 1 0.0827349
18.61 2 0.0133687
18.71 1 0.0827349
18.71 2 0.0133687
18.81 1 0.0827349
18.81 2 0.0133687
18.91 1 0.050374
18.91 2 0.0133687
19.01 1 0.050374
19.01 2 0.0133687
19.11 1 0.050374
19.11 2 0.0133687
19.21 1 0.050374
19.21 2 0.0133687
19.31 1 0.050374
19.31 2 0.0133687
19.41 1 0.050374
19.41 2 0.0133687
19.51 1 0.050374
19.51 2 0.0133687
19.61 1 0.050374
19.61 2 0.0133687
19.71 1 0.050374
19.71 2 0.0133687
19.81 1 0.050374
19.81 2 0.0133687
19.91 1 0.050374
19.91 2 0.0133687
20.01 1 0.050374
20.01 2 0.0133687
20.11 1 0.050374
20.11 2 0.0133687
20.21 1 0.050374
20.21 2 0.0133687
20.31 1 0.050374
20.31 2 0.0133687
20.41 1 0.050374
20.41 2 0.0133687
20.51 1 0.050374
20.51 2 0.0133687
20.61 1 0.050374
20.61 2 0.0133687
20.71 1 0.050374
20.71 2 0.0133687
20.81 1 0.050374
20.81 2 0.0133687
20.91 1 0.050374
20.91 2 0.0133687
21.01 1 0.050374
21.01 2 0.0133687
21.11 1 0.050374
21.11 2 0.0133687
21.21 1 0.050374
21.21 2 0.0133687
21.31 1 0.050374
21.31 2 0.0133687
21.41 1 0.050374
21.41 2 0.0133687
21.51 1 0.050374
21.51 2 0.0133687
21.61 1 0.050374
21.61 2 0.0133687
21.71 1 0.050374
21.71 2 0.0133687
21.81 1 0.050374
21.81 2 0.0133687
21.91 1 0.050374
21.91 2 0.0133687
22.01 1 0.050374
22.01 2 0.0133687
22.11 1 0.050374
22.11 2 0.0133687
22.21 1 0.050374
22.21 2 0.0133687
22.31 1 0.050374
22.31 2 0.0133687
22.41 1 0.050374
22.41 2 0.0133687
22.51 1 0.050374
22.51 2 0.0133687
22.61 1 0.050374
22.61 2 0.0133687
22.71 1 0.050374
22.71 2 0.0133687
22.81 1 0.050374
22.81 2 0.0133687
22.91 1 0.050374
22.91 2 0.0133687
23.01 1 0.050374
23.01 2 0.0133687
23.11 1 0.050374
23.11 2 0.0133687
23.21 1 0.050374
23.21 2 0.0133687
23.31 1 0.050374
23.31 2 0.0133687
23.41 1 0.050374
23.41 2 0.0133687
23.51 1 0.050374
23.51 2 0.0133687
23.61 1 0.050374
23.61 2 0.0133687
23.71 1 0.050374
23.71 2 0.0133687
23.81 1 0.050374
23.81 2 0.0133687
23.91 1 0.050374
23.91 2 0.0133687
24.01 1 0.050374
24.01 2 0.0133687
24.11 1 0.050374
24.11 2 0.0133687
24.21 1 0.050374
24.21 2 0.0133687
24.31 1 0.050374
24.31 2 0.0133687
24.41 1 0.050374
24.41 2 0.0133687
24.51 1 0.050374
24.51 2 0.0133687
24.61 1 0.050374
24.61 2 0.0133687
24.71 1 0.050374
24.71 2 0.0133687
24.81 1 0.050374
24.81 2 0.0133687
24.91 1 0.050374
24.91 2 0.0133687
25.01 1 0.050374
25.01 2 0.0133687
25.11 1 0.050374
25.11 2 0.0133687
25.21 1 0.050374
25.21 2 0.0133687
25.31 1 0.050374
25.31 2 0.0133687
25.41 1 0.050374
25.41 2 0.0133687
25.51 1 0.050374
25.51 2 0.0133687
25.61 1 0.050374
25.61 2 0.0133687
25.71 1 0.050374
25.71 2 0.0133687
25.81 1 0.050374
25.81 2 0.0133687
25.91 1 0.050374
25.91 2 0.0133687
26.01 1 0.050374
26.01 2 0.0133687
26.11 1 0.050374
26.11 2 0.0133687
26.21 1 0.050374
26.21 2 0.0133687
26.31 1 0.050374
26.31 2 0.0133687
26.41 1 0.050374
26.41 2 0.0133687
26.51 1 0.050374
26.51 2 0.0133687
26.61 1 0.050374
26.61 2 0.0133687
26.71 1 0.050374
26.71 2 0.0133687
26.81 1 0.050374
26.81 2 0.0133687
26.91 1 0.050374
26.91 2 0.0133687
27.01 1 0.050374
27.01 2 0.0133687
27.11 1 0.050374
27.11 2 0.0133687
27.21 1 0.050374
27.21 2 0.0133687
27.31 1 0.050374
27.31 2 0.0133687
27.41 1 0.050374
27.41 2 0.0133687
27.51 1 0.050374
27.51 2 0.0133687
27.61 1 0.050374
27.61 2 0.0133687
27.71 1 0.050374
27.71 2 0.0133687
27.81 1 0.050374
27.81 2 0.0133687
27.91 1 0.050374
27.91 2 0.0133687
28.01 1 0.050374
28.01 2 0.0133687
28.11 1 0.050374
28.11 2 0.0133687
28.21 1 0.050374
28.21 2 0.0133687
28.31 1 0.050374
28.31 2 0.0133687
28.41 1 0.050374
28.41 2 0.0133687
28.51 1 0.050374
28.51 2 0.0133687
28.61 1 0.050374
28.61 2 0.0133687
28.71 1 0.050374
28.71 2 0.0133687
28.81 1 0.050374
28.81 2 0.0133687
28.91 1 0.050374
28.91 2 0.0133687
29.01 1 0.050374
29.01 2 0.0133687
29.11 1 0.050374
29.11 2 0.0133687
29.21 1 0.050374
29.21 2 0.0133687
29.31 1 0.050374
29.31 2 0.0133687
29.41 1 0.050374
29.41 2 0.0133687
29.51 1 0.050374
29.51 2 0.0133687
29.61 1 0.050374
29.61 2 0.0133687
29.71 1 0.050374
29.71 2 0.0133687
29.81 1 0.050374
29.81 2 0.0133687
29.91 1 0.050374
29.91 2 0.0133687
30.01 1 0.050374
30.01 2 0.0133687
30.11 1 0.050374
30.11 2 0.0133687
30.21 1 0.050374
30.21 2 0.0133687
30.31 1 0.050374
30.31 2 0.0133687
30.41 1 0.050374
30.41 2 0.0133687
30.51 1 0.050374
30.51 2 0.0133687
30.61 1 0.050374
30.61 2 0.0133687
30.71 1 0.050374
30.71 2 0.0133687
30.81 1 0.050374
30.81 2 0.0133687
30.91 1 0.050374
30.91 2 0.0133687
31.01 1 0.050374
31.01 2 0.0133687
31.11 1 0.050374
31.11 2 0.0133687
31.21 1 0.050374
31.21 2 0.0133687
31.31 1 0.050374
31.31 2 0.0133687
31.41 1 0.050374
31.41 2 0.0133687
31.51 1 0.050374
31.51 2 0.0133687
31.61 1 0.050374
31.61 2 0.0133687
31.71 1 0.050374
31.71 2 0.0133687
31.81 1 0.050374
31.81 2 0.0133687
31.91 1 0.050374
31.91 2 0.0133687
32.01 1 0.050374
32.01 2 0.0133687
32.11 1 0.050374
32.11 2 0.0133687
32.21 1 0.050374
32.21 2 0.0133687
32.31 1 0.050374
32.31 2 0.0133687
32.41 1 0.050374
32.41 2 0.0133687
32.51 1 0.050374
32.51 2 0.0133687
32.61 1 0.050374
32.61 2 0.0133687
32.71 1 0.050374
32.71 2 0.0133687
32.81 1 0.050374
32.81 2 0.0133687
32.91 1 0.050374
32.91 2 0.0133687
33.01 1 0.050374
33.01 2 0.0133687
33.11 1 0.050374
33.11 2 0.0133687
33.21 1 0.050374
33.21 2 0.0133687
33.31 1 0.050374
33.31 2 0.0133687
33.41 1 0.050374
33.41 2 0.0133687
33.51 1 0.050374
33.51 2 0.0133687
33.61 1 0.050374
33.61 2 0.0133687
33.71 1 0.050374
33.71 2 0.0133687
33.81 1 0.050374
33.81 2 0.0133687
33.91 1 0.050374
33.91 2 0.0133687
34.01 1 0.050374
34.01 2 0.0133687
34.11 1 0.050374
34.11 2 0.0133687
34.21 1 0.050374
34.21 2 0.0133687
34.31 1 0.050374
34.31 2 0.0133687
34.41 1 0.050374
34.41 2 0.0133687
34.51 1 0.050374
34.51 2 0.0133687
34.61 1 0.050374
34.61 2 0.0133687
34.71 1 0.050374
34.71 2 0.0133687
34.81 1 0.050374
34.81 2 0.0133687
34.91 1 0.050374
34.91 2 0.0133687
35.01 1 0.050374
35.01 2 0.0133687
35.11 1 0.050374
35.11 2 0.0133687
35.21 1 0.050374
35.21 2 0.0133687
35.31 1 0.050374
35.31 2 0.0133687
35.41 1 0.050374
35.41 2 0.0133687
35.51 1 0.050374
35.51 2 0.0133687
35.61 1 0.050374
35.61 2 0.0133687
35.71 1 0.050374
35.71 2 0.0133687
35.81 1 0.050374
35.81 2 0.0133687
35.91 1 0.050374
35.91 2 0.0133687
36.01 1 0.050374
36.01 2 0.0133687
36.11 1 0.050374
36.11 2 0.0133687
36.21 1 0.050374
36.21 2 0.0133687
36.31 1 0.050374
36.31 2 0.0133687
36.41 1 0.050374
36.41 2 0.0133687
36.51 1 0.050374
36.51 2 0.0133687
36.61 1 0.050374
36.61 2 0.0133687
36.71 1 0.050374
36.71 2 0.0133687
36.81 1 0.050374
36.81 2 0.0133687
36.91 1 0.050374
36.91 2 0.0133687
37.01 1 0.050374
37.01 2 0.0133687
37.11 1 0.050374
37.11 2 0.0133687
37.21 1 0.050374
37.21 2 0.0133687
37.31 1 0.050374
37.31 2 0.0133687
37.41 1 0.050374
37.41 2 0.0133687
37.51 1 0.050374
37.51 2 0.0133687
37.61 1 0.050374
37.61 2 0.0133687
37.71 1 0.050374
37.71 2 0.0133687
37.81 1 0.050374
37.81 2 0.0133687
37.91 1 0.050374
37.91 2 0.0133687
38.01 1 0.050374
38.01 2 0.0133687
38.11 1 0.050374
38.11 2 0.0133687
38.21 1 0.050374
38.21 2 0.0133687
38.31 1 0.050374
38.31 2 0.0133687
38.41 1 0.050374
38.41 2 0.0133687
38.51 1 0.050374
38.51 2 0.0133687
38.61 1 0.050374
38.61 2 0.0133687
38.71 1 0.050374
38.71 2 0.0133687
38.81 1 0.050374
38.81 2 0.0133687
38.91 1 0.050374
38.91 2 0.0133687
39.01 1 0.050374
39.01 2 0.0133687
39.11 1 0.050374
39.11 2 0.0133687
39.21 1 0.050374
39.21 2 0.0133687
39.31 1 0.050374
39.31 2 0.0133687
39.41 1 0.050374
39.41 2 0.0133687
39.51 1 0.050374
39.51 2 0.0133687
39.61 1 0.050374
39.61 2 0.0133687
39.71 1 0.050374
39.71 2 0.0133687
39.81 1 0.050374
39.81 2 0.0133687
39.91 1 0.050374
39.91 2 0.0133687
40.01 1 0.050374
40.01 2 0.0133687
40.11 1 0.050374
40.11 2 0.0133687
40.21 1 0.050374
40.21 2 0.0133687
40.31 1 0.050374
40.31 2 0.0133687
40.41 1 0.050374
40.41 2 0.0133687
40.51 1 0.050374
40.51 2 0.0133687
40.61 1 0.050374
40.61 2 0.0133687
40.71 1 0.050374
40.71 2 0.0133687
40.81 1 0.050374
40.81 2 0.0133687
40.91 1 0.050374
40.91 2 0.0133687
41.01 1 0.050374
41.01 2 0.0133687
41.11 1 0.050374
41.11 2 0.0133687
41.21 1 0.050374
41.21 2 0.0133687
41.31 1 0.050374
41.31 2 0.0133687
41.41 1 0.050374
41.41 2 0.0133687
41.51 1 0.050374
41.51 2 0.0133687
41.61 1 0.050374
41.61 2 0.0133687
41.71 1 0.050374
41.71 2 0.0133687
41.81 1 0.050374
41.81 2 0.0133687
41.91 1 0.050374
41.91 2 0.0133687
42.01 1 0.050374
42.01 2 0.0133687
42.11 1 0.050374
42.11 2 0.0133687
42.21 1 0.050374
42.21 2 0.0133687
42.31 1 0.050374
42.31 2 0.0133687
42.41 1 0.050374
42.41 2 0.0133687
42.51 1 0.050374
42.51 2 0.0133687
42.61 1 0.050374
42.61 2 0.0133687
42.71 1 0.050374
42.71 2 0.0133687
42.81 1 0.050374
42.81 2 0.0133687
42.91 1 0.050374
42.91 2 0.0133687
43.01 1 0.050374
43.01 2 0.0133687
43.11 1 0.050374
43.11 2 0.0133687
43.21 1 0.050374
43.21 2 0.0133687
43.31 1 0.050374
43.31 2 0.0133687
43.41 1 0.050374
43.41 2 0.0133687
43.51 1 0.050374
43.51 2 0.0133687
43.61 1 0.050374
43.61 2 0.0133687
43.71 1 0.050374
43.71 2 0.0133687
43.81 1 0.050374
43.81 2 0.0133687
43.91 1 0.050374
43.91 2 0.0133687
44.01 1 0.050374
44.01 2 0.0133687
44.11 1 0.050374
44.11 2 0.0133687
44.21 1 0.050374
44.21 2 0.0133687
44.31 1 0.050374
44.31 2 0.0133687
44.41 1 0.050374
44.41 2 0.0133687
44.51 1 0.050374
44.51 2 0.0133687
44.61 1 0.050374
44.61 2 0.0133687
44.71 1 0.050374
44.71 2 0.0133687
44.81 1 0.050374
44.81 2 0.0133687
44.91 1 0.050374
44.91 2 0.0133687
45.01 1 0.050374
45.01 2 0.0133687
45.11 1 0.050374
45.11 2 0.0133687
45.21 1 0.050374
45.21 2 0.0133687
45.31 1 0.050374
45.31 2 0.0133687
45.41 1 0.050374
45.41 2 0.0133687
45.51 1 0.050374
45.51 2 0.0133687
45.61 1 0.050374
45.61 2 0.0133687
45.71 1 0.050374
45.71 2 0.0133687
45.81 1 0.050374
45.81 2 0.0133687
45.91 1 0.050374
45.91 2 0.0133687
46.01 1 0.050374
46.01 2 0.0133687
46.11 1 0.050374
46.11 2 0.0133687
46.21 1 0.050374
46.21 2 0.0133687
46.31 1 0.050374
46.31 2 0.0133687
46.41 1 0.050374
46.41 2 0.0133687
46.51 1 0.050374
46.51 2 0.0133687
46.61 1 0.050374
46.61 2 0.0133687
46.71 1 0.050374
46.71 2 0.0133687
46.81 1 0.050374
46.81 2 0.0133687
46.91 1 0.050374
46.91 2 0.0133687
47.01 1 0.050374
47.01 2 0.0133687
47.11 1 0.050374
47.11 2 0.0133687
47.21 1 0.050374
47.21 2 0.0133687
47.31 1 0.050374
47.31 2 0.0133687
47.41 1 0.050374
47.41 2 0.0133687
47.51 1 0.050374
47.51 2 0.0133687
47.61 1 0.050374
47.61 2 0.0133687
47.71 1 0.050374
47.71 2 0.0133687
47.81 1 0.050374
47.81 2 0.0133687
47.91 1 0.050374
47.91 2 0.0133687
48.01 1 0.050374
48.01 2 0.0133687
48.11 1 0.050374
48.11 2 0.0133687
48.21 1 0.050374
48.21 2 0.0133687
48.31 1 0.050374
48.31 2 0.0133687
48.41 1 0.050374
48.41 2 0.0133687
48.51 1 0.050374
48.51 2 0.0133687
48.61 1 0.050374
48.61 2 0.0133687
48.71 1 0.050374
48.71 2 0.0133687
48.81 1 0.050374
48.81 2 0.0133687
48.91 1 0.050374
48.91 2 0.0133687
49.01 1 0.050374
49.01 2 0.0133687
49.11 1 0.050374
49.11 2 0.0133687
49.21 1 0.050374
49.21 2 0.0133687
49.31 1 0.050374
49.31 2 0.0133687
49.41 1 0.050374
49.41 2 0.0133687
49.51 1 0.050374
49.51 2 0.0133687
49.61 1 0.050374
49.61 2 0.0133687
49.71 1 0.050374
49.71 2 0.0133687
49.81 1 0.050374
49.81 2 0.0133687
49.91 1 0.050374
49.91 2 0.0133687
50.01 1 0.050374
50.01 2 0.0133687
50.11 1 0.050374
50.11 2 0.0133687
50.21 1 0.050374
50.21 2 0.0133687
50.31 1 0.050374
50.31 2 0.0133687
50.41 1 0.050374
50.41 2 0.0133687
50.51 1 0.050374
50.51 2 0.0133687
50.61 1 0.050374
50.61 2 0.0133687
50.71 1 0.050374
50.71 2 0.0133687
50.81 1 0.050374
50.81 2 0.0133687
50.91 1 0.050374
50.91 2 0.0133687
51.01 1 0.050374
51.01 2 0.0133687
51.11 1 0.050374
51.11 2 0.0133687
51.21 1 0.050374
51.21 2 0.0133687
51.31 1 0.050374
51.31 2 0.0133687
51.41 1 0.050374
51.41 2 0.0133687
51.51 1 0.050374
51.51 2 0.0133687
51.61 1 0.050374
51.61 2 0.0133687
51.71 1 0.050374
51.71 2 0.0133687
51.81 1 0.050374
51.81 2 0.0133687
51.91 1 0.050374
51.91 2 0.0133687
52.01 1 0.050374
52.01 2 0.0133687
52.11 1 0.050374
52.11 2 0.0133687
52.21 1 0.050374
52.21 2 0.0133687
52.31 1 0.050374
52.31 2 0.0133687
52.41 1 0.050374
52.41 2 0.0133687
52.51 1 0.050374
52.51 2 0.0133687
52.61 1 0.050374
52.61 2 0.0133687
52.71 1 0.050374
52.71 2 0.0133687
52.81 1 0.050374
52.81 2 0.0133687
52.91 1 0.050374
52.91 2 0.0133687
53.01 1 0.050374
53.01 2 0.0133687
53.11 1 0.050374
53.11 2 0.0133687
53.21 1 0.050374
53.21 2 0.0133687
53.31 1 0.050374
53.31 2 0.0133687
53.41 1 0.050374
53.41 2 0.0133687
53.51 1 0.050374
53.51 2 0.0133687
53.61 1 0.050374
53.61 2 0.0133687
53.71 1 0.050374
53.71 2 0.0133687
53.81 1 0.050374
53.81 2 0.0133687
53.91 1 0.050374
53.91 2 0.0133687
54.01 1 0.050374
54.01 2 0.0133687
54.11 1 0.050374
54.11 2 0.0133687
54.21 1 0.050374
54.21 2 0.0133687
54.31 1 0.050374
54.31 2 0.0133687
54.41 1 0.050374
54.41 2 0.0133687
54.51 1 0.050374
54.51 2 0.0133687
54.61 1 0.050374
54.61 2 0.0133687
54.71 1 0.050374
54.71 2 0.0133687
54.81 1 0.050374
54.81 2 0.0133687
54.91 1 0.050374
54.91 2 0.0133687
55.01 1 0.050374
55.01 2 0.0133687
55.11 1 0.050374
55.11 2 0.0133687
55.21 1 0.050374
55.21 2 0.0133687
55.31 1 0.050374
55.31 2 0.0133687
55.41 1 0.050374
55.41 2 0.0133687
55.51 1 0.050374
55.51 2 0.0133687
55.61 1 0.050374
55.61 2 0.0133687
55.71 1 0.050374
55.71 2 0.0133687
55.81 1 0.050374
55.81 2 0.0133687
55.91 1 0.050374
55.91 2 0.0133687
56.01 1 0.050374
56.01 2 0.0133687
56.11 1 0.050374
56.11 2 0.0133687
56.21 1 0.050374
56.21 2 0.0133687
56.31 1 0.050374
56.31 2 0.0133687
56.41 1 0.050374
56.41 2 0.0133687
56.51 1 0.050374
56.51 2 0.0133687
56.61 1 0.050374
56.61 2 0.0133687
56.71 1 0.050374
56.71 2 0.0133687
56.81 1 0.050374
56.81 2 0.0133687
56.91 1 0.050374
56.91 2 0.0133687
57.01 1 0.050374
57.01 2 0.0133687
57.11 1 0.050374
57.11 2 0.0133687
57.21 1 0.050374
57.21 2 0.0133687
57.31 1 0.050374
57.31 2 0.0133687
57.41 1 0.050374
57.41 2 0.0133687
57.51 1 0.050374
57.51 2 0.0133687
57.61 1 0.050374
57.61 2 0.0133687
57.71 1 0.050374
57.71 2 0.0133687
57.81 1 0.050374
57.81 2 0.0133687
57.91 1 0.050374
57.91 2 0.0133687
58.01 1 0.050374
58.01 2 0.0133687
58.11 1 0.050374
58.11 2 0.0133687
58.21 1 0.050374
58.21 2 0.0133687
58.31 1 0.050374
58.31 2 0.0133687
58.41 1 0.050374
58.41 2 0.0133687
58.51 1 0.050374
58.51 2 0.0133687
58.61 1 0.050374
58.61 2 0.0133687
58.71 1 0.050374
58.71 2 0.0133687
58.81 1 0.050374
58.81 2 0.0133687
58.91 1 0.050374
58.91 2 0.0133687
59.01 1 0.050374
59.01 2 0.0133687
59.11 1 0.050374
59.11 2 0.0133687
59.21 1 0.050374
59.21 2 0.0133687
59.31 1 0.050374
59.31 2 0.0133687
59.41 1 0.050374
59.41 2 0.0133687
59.51 1 0.050374
59.51 2 0.0133687
59.61 1 0.050374
59.61 2 0.0133687
59.71 1 0.050374
59.71 2 0.0133687
59.81 1 0.050374
59.81 2 0.0133687
59.91 1 0.050374
59.91 2 0.0133687
60.01 1 0.050374
60.01 2 0.0133687
60.11 1 0.050374
60.11 2 0.0133687
60.21 1 0.050374
60.21 2 0.0133687
60.31 1 0.050374
60.31 2 0.0133687
60.41 1 0.050374
60.41 2 0.0133687
60.51 1 0.050374
60.51 2 0.0133687
60.61 1 0.050374
60.61 2 0.0133687
60.71 1 0.050374
60.71 2 0.0133687
60.81 1 0.050374
60.81 2 0.0133687
60.91 1 0.050374
60.91 2 0.0133687
61.01 1 0.050374
61.01 2 0.0133687
61.11 1 0.050374
61.11 2 0.0133687
61.21 1 0.050374
61.21 2 0.0133687
61.31 1 0.050374
61.31 2 0.0133687
61.41 1 0.050374
61.41 2 0.0133687
61.51 1 0.050374
61.51 2 0.0133687
61.61 1 0.050374
61.61 2 0.0133687
61.71 1 0.050374
61.71 2 0.0133687
61.81 1 0.050374
61.81 2 0.0133687
61.91 1 0.050374
61.91 2 0.0133687
62.01 1 0.050374
62.01 2 0.0133687
62.11 1 0.050374
62.11 2 0.0133687
62.21 1 0.050374
62.21 2 0.0133687
62.31 1 0.050374
62.31 2 0.0133687
62.41 1 0.050374
62.41 2 0.0133687
62.51 1 0.050374
62.51 2 0.0133687
62.61 1 0.050374
62.61 2 0.0133687
62.71 1 0.050374
62.71 2 0.0133687
62.81 1 0.050374
62.81 2 0.0133687
62.91 1 0.050374
62.91 2 0.0133687
63.01 1 0.050374
63.01 2 0.0133687
63.11 1 0.050374
63.11 2 0.0133687
63.21 1 0.050374
63.21 2 0.0133687
63.31 1 0.050374
63.31 2 0.0133687
63.41 1 0.050374
63.41 2 0.0133687
63.51 1 0.050374
63.51 2 0.0133687
63.61 1 0.050374
63.61 2 0.0133687
63.71 1 0.050374
63.71 2 0.0133687
63.81 1 0.050374
63.81 2 0.0133687
63.91 1 0.050374
63.91 2 0.0133687
64.01 1 0.050374
64.01 2 0.0133687
64.11 1 0.050374
64.11 2 0.0133687
64.21 1 0.050374
64.21 2 0.0133687
64.31 1 0.050374
64.31 2 0.0133687
64.41 1 0.050374
64.41 2 0.0133687
64.51 1 0.050374
64.51 2 0.0133687
64.61 1 0.050374
64.61 2 0.0133687
64.71 1 0.050374
64.71 2 0.0133687
64.81 1 0.050374
64.81 2 0.0133687
64.91 1 0.050374
64.91 2 0.0133687
65.01 1 0.050374
65.01 2 0.0133687
65.11 1 0.050374
65.11 2 0.0133687
65.21 1 0.050374
65.21 2 0.0133687
65.31 1 0.050374
65.31 2 0.0133687
65.41 1 0.050374
65.41 2 0.0133687
65.51 1 0.050374
65.51 2 0.0133687
65.61 1 0.050374
65.61 2 0.0133687
65.71 1 0.050374
65.71 2 0.0133687
65.81 1 0.050374
65.81 2 0.0133687
65.91 1 0.050374
65.91 2 0.0133687
66.01 1 0.050374
66.01 2 0.0133687
66.11 1 0.050374
66.11 2 0.0133687
66.21 1 0.050374
66.21 2 0.0133687
66.31 1 0.050374
66.31 2 0.0133687
66.41 1 0.050374
66.41 2 0.0133687
66.51 1 0.050374
66.51 2 0.0133687
66.61 1 0.050374
66.61 2 0.0133687
66.71 1 0.050374
66.71 2 0.0133687
66.81 1 0.050374
66.81 2 0.0133687
66.91 1 0.050374
66.91 2 0.0133687
67.01 1 0.050374
67.01 2 0.0133687
67.11 1 0.050374
67.11 2 0.0133687
67.21 1 0.050374
67.21 2 0.0133687
67.31 1 0.050374
67.31 2 0.0133687
67.41 1 0.050374
67.41 2 0.0133687
67.51 1 0.050374
67.51 2 0.0133687
67.61 1 0.050374
67.61 2 0.0133687
67.71 1 0.050374
67.71 2 0.0133687
67.81 1 0.050374
67.81 2 0.0133687
67.91 1 0.050374
67.91 2 0.0133687
68.01 1 0.050374
68.01 2 0.0133687
68.11 1 0.050374
68.11 2 0.0133687
68.21 1 0.050374
68.21 2 0.0133687
68.31 1 0.050374
68.31 2 0.0133687
68.41 1 0.050374
68.41 2 0.0133687
68.51 1 0.050374
68.51 2 0.0133687
68.61 1 0.050374
68.61 2 0.0133687
68.71 1 0.050374
68.71 2 0.0133687
68.81 1 0.050374
68.81 2 0.0133687
68.91 1 0.050374
68.91 2 0.0133687
69.01 1 0.050374
69.01 2 0.0133687
69.11 1 0.050374
69.11 2 0.0133687
69.21 1 0.050374
69.21 2 0.0133687
69.31 1 0.050374
69.31 2 0.0133687
69.41 1 0.050374
69.41 2 0.0133687
69.51 1 0.050374
69.51 2 0.0133687
69.61 1 0.050374
69.61 2 0.0133687
69.71 1 0.050374
69.71 2 0.0133687
69.81 1 0.050374
69.81 2 0.0133687
69.91 1 0.050374
69.91 2 0.0133687
70.01 1 0.050374
70.01 2 0.0133687
70.11 1 0.050374
70.11 2 0.0133687
70.21 1 0.050374
70.21 2 0.0133687
70.31 1 0.050374
70.31 2 0.0133687
70.41 1 0.050374
70.41 2 0.0133687
70.51 1 0.050374
70.51 2 0.0133687
70.61 1 0.050374
70.61 2 0.0133687
70.71 1 0.050374
70.71 2 0.0133687
70.81 1 0.050374
70.81 2 0.0133687
70.91 1 0.050374
70.91 2 0.0133687
71.01 1 0.050374
71.01 2 0.0133687
71.11 1 0.050374
71.11 2 0.0133687
71.21 1 0.050374
71.21 2 0.0133687
71.31 1 0.050374
71.31 2 0.0133687
71.41 1 0.050374
71.41 2 0.0133687
71.51 1 0.050374
71.51 2 0.0133687
71.61 1 0.050374
71.61 2 0.0133687
71.71 1 0.050374
71.71 2 0.0133687
71.81 1 0.050374
71.81 2 0.0133687
71.91 1 0.050374
71.91 2 0.0133687
72.01 1 0.050374
72.01 2 0.0133687
72.11 1 0.050374
72.11 2 0.0133687
72.21 1 0.050374
72.21 2 0.0133687
72.31 1 0.050374
72.31 2 0.0133687
72.41 1 0.050374
72.41 2 0.0133687
72.51 1 0.050374
72.51 2 0.0133687
72.61 1 0.050374
72.61 2 0.0133687
72.71 1 0.050374
72.71 2 0.0133687
72.81 1 0.050374
72.81 2 0.0133687
72.91 1 0.050374
72.91 2 0.0133687
73.01 1 0.050374
73.01 2 0.0133687
73.11 1 0.050374
73.11 2 0.0133687
73.21 1 0.050374
73.21 2 0.0133687
73.31 1 0.050374
73.31 2 0.0133687
73.41 1 0.050374
73.41 2 0.0133687
73.51 1 0.050374
73.51 2 0.0133687
73.61 1 0.050374
73.61 2 0.0133687
73.71 1 0.050374
73.71 2 0.0133687
73.81 1 0.050374
73.81 2 0.0133687
73.91 1 0.050374
73.91 2 0.0133687
74.01 1 0.050374
74.01 2 0.0133687
74.11 1 0.050374
74.11 2 0.0133687
74.21 1 0.050374
74.21 2 0.0133687
74.31 1 0.050374
74.31 2 0.0133687
74.41 1 0.050374
74.41 2 0.0133687
74.51 1 0.050374
74.51 2 0.0133687
74.61 1 0.050374
74.61 2 0.0133687
74.71 1 0.050374
74.71 2 0.0133687
74.81 1 0.050374
74.81 2 0.0133687
74.91 1 0.050374
74.91 2 0.0133687
75.01 1 0.050374
75.01 2 0.0133687
75.11 1 0.050374
75.11 2 0.0133687
75.21 1 0.050374
75.21 2 0.0133687
75.31 1 0.050374
75.31 2 0.0133687
75.41 1 0.050374
75.41 2 0.0133687
75.51 1 0.050374
75.51 2 0.0133687
75.61 1 0.050374
75.61 2 0.0133687
75.71 1 0.050374
75.71 2 0.0133687
75.81 1 0.050374
75.81 2 0.0133687
75.91 1 0.050374
75.91 2 0.0133687
76.01 1 0.050374
76.01 2 0.0133687
76.11 1 0.050374
76.11 2 0.0133687
76.21 1 0.050374
76.21 2 0.0133687
76.31 1 0.050374
76.31 2 0.0133687
76.41 1 0.050374
76.41 2 0.0133687
76.51 1 0.050374
76.51 2 0.0133687
76.61 1 0.050374
76.61 2 0.0133687
76.71 1 0.050374
76.71 2 0.0133687
76.81 1 0.050374
76.81 2 0.0133687
76.91 1 0.050374
76.91 2 0.0133687
77.01 1 0.050374
77.01 2 0.0133687
77.11 1 0.050374
77.11 2 0.0133687
77.21 1 0.050374
77.21 2 0.0133687
77.31 1 0.050374
77.31 2 0.0133687
77.41 1 0.050374
77.41 2 0.0133687
77.51 1 0.050374
77.51 2 0.0133687
77.61 1 0.050374
77.61 2 0.0133687
77.71 1 0.050374
77.71 2 0.0133687
77.81 1 0.050374
77.81 2 0.0133687
77.91 1 0.050374
77.91 2 0.0133687
78.01 1 0.050374
78.01 2 0.0133687
78.11 1 0.050374
78.11 2 0.0133687
78.21 1 0.050374
78.21 2 0.0133687
78.31 1 0.050374
78.31 2 0.0133687
78.41 1 0.050374
78.41 2 0.0133687
78.51 1 0.050374
78.51 2 0.0133687
78.61 1 0.050374
78.61 2 0.0133687
78.71 1 0.050374
78.71 2 0.0133687
78.81 1 0.050374
78.81 2 0.0133687
78.91 1 0.050374
78.91 2 0.0133687
79.01 1 0.050374
79.01 2 0.0133687
79.11 1 0.050374
79.11 2 0.0133687
79.21 1 0.050374
79.21 2 0.0133687
79.31 1 0.050374
79.31 2 0.0133687
79.41 1 0.050374
79.41 2 0.0133687
79.51 1 0.050374
79.51 2 0.0133687
79.61 1 0.050374
79.61 2 0.0133687
79.71 1 0.050374
79.71 2 0.0133687
79.81 1 0.050374
79.81 2 0.0133687
79.91 1 0.050374
79.91 2 0.0133687
80.01 1 0.050374
80.01 2 0.0133687
80.11 1 0.050374
80.11 2 0.0133687
80.21 1 0.050374
80.21 2 0.0133687
80.31 1 0.050374
80.31 2 0.0133687
80.41 1 0.050374
80.41 2 0.0133687
80.51 1 0.050374
80.51 2 0.0133687
80.61 1 0.050374
80.61 2 0.0133687
80.71 1 0.050374
80.71 2 0.0133687
80.81 1 0.050374
80.81 2 0.0133687
80.91 1 0.050374
80.91 2 0.0133687
81.01 1 0.050374
81.01 2 0.0133687
81.11 1 0.050374
81.11 2 0.0133687
81.21 1 0.050374
81.21 2 0.0133687
81.31 1 0.050374
81.31 2 0.0133687
81.41 1 0.050374
81.41 2 0.0133687
81.51 1 0.050374
81.51 2 0.0133687
81.61 1 0.050374
81.61 2 0.0133687
81.71 1 0.050374
81.71 2 0.0133687
81.81 1 0.050374
81.81 2 0.0133687
81.91 1 0.050374
81.91 2 0.0133687
82.01 1 0.050374
82.01 2 0.0133687
82.11 1 0.050374
82.11 2 0.0133687
82.21 1 0.050374
82.21 2 0.0133687
82.31 1 0.050374
82.31 2 0.0133687
82.41 1 0.050374
82.41 2 0.0133687
82.51 1 0.050374
82.51 2 0.0133687
82.61 1 0.050374
82.61 2 0.0133687
82.71 1 0.050374
82.71 2 0.0133687
82.81 1 0.050374
82.81 2 0.0133687
82.91 1 0.050374
82.91 2 0.0133687
83.01 1 0.050374
83.01 2 0.0133687
83.11 1 0.050374
83.11 2 0.0133687
83.21 1 0.050374
83.21 2 0.0133687
83.31 1 0.050374
83.31 2 0.0133687
83.41 1 0.050374
83.41 2 0.0133687
83.51 1 0.050374
83.51 2 0.0133687
83.61 1 0.050374
83.61 2 0.0133687
83.71 1 0.050374
83.71 2 0.0133687
83.81 1 0.050374
83.81 2 0.0133687
83.91 1 0.050374
83.91 2 0.0133687
84.01 1 0.050374
84.01 2 0.0133687
84.11 1 0.050374
84.11 2 0.0133687
84.21 1 0.050374
84.21 2 0.0133687
84.31 1 0.050374
84.31 2 0.0133687
84.41 1 0.050374
84.41 2 0.0133687
84.51 1 0.050374
84.51 2 0.0133687
84.61 1 0.050374
84.61 2 0.0133687
84.71 1 0.050374
84.71 2 0.0133687
84.81 1 0.050374
84.81 2 0.0133687
84.91 1 0.050374
84.91 2 0.0133687
85.01 1 0.050374
85.01 2 0.0133687
85.11 1 0.050374
85.11 2 0.0133687
85.21 1 0.050374
85.21 2 0.0133687
85.31 1 0.050374
85.31 2 0.0133687
85.41 1 0.050374
85.41 2 0.0133687
85.51 1 0.050374
85.51 2 0.0133687
85.61 1 0.050374
85.61 2 0.0133687
85.71 1 0.050374
85.71 2 0.0133687
85.81 1 0.050374
85.81 2 0.0133687
85.91 1 0.050374
85.91 2 0.0133687
86.01 1 0.050374
86.01 2 0.0133687
86.11 1 0.050374
86.11 2 0.0133687
86.21 1 0.050374
86.21 2 0.0133687
86.31 1 0.050374
86.31 2 0.0133687
86.41 1 0.050374
86.41 2 0.0133687
86.51 1 0.050374
86.51 2 0.0133687
86.61 1 0.050374
86.61 2 0.0133687
86.71 1 0.050374
86.71 2 0.0133687
86.81 1 0.050374
86.81 2 0.0133687
86.91 1 0.050374
86.91 2 0.0133687
87.01 1 0.050374
87.01 2 0.0133687
87.11 1 0.050374
87.11 2 0.0133687
87.21 1 0.050374
87.21 2 0.0133687
87.31 1 0.050374
87.31 2 0.0133687
87.41 1 0.050374
87.41 2 0.0133687
87.51 1 0.050374
87.51 2 0.0133687
87.61 1 0.050374
87.61 2 0.0133687
87.71 1 0.050374
87.71 2 0.0133687
87.81 1 0.050374
87.81 2 0.0133687
87.91 1 0.050374
87.91 2 0.0133687
88.01 1 0.050374
88.01 2 0.0133687
88.11 1 0.050374
88.11 2 0.0133687
88.21 1 0.050374
88.21 2 0.0133687
88.31 1 0.050374
88.31 2 0.0133687
88.41 1 0.050374
88.41 2 0.0133687
88.51 1 0.050374
88.51 2 0.0133687
88.61 1 0.050374
88.61 2 0.0133687
88.71 1 0.050374
88.71 2 0.0133687
88.81 1 0.050374
88.81 2 0.0133687
88.91 1 0.050374
88.91 2 0.0133687
89.01 1 0.050374
89.01 2 0.0133687
89.11 1 0.050374
89.11 2 0.0133687
89.21 1 0.050374
89.21 2 0.0133687
89.31 1 0.050374
89.31 2 0.0133687
89.41 1 0.050374
89.41 2 0.0133687
89.51 1 0.050374
89.51 2 0.0133687
89.61 1 0.050374
89.61 2 0.0133687
89.71 1 0.050374
89.71 2 0.0133687
89.81 1 0.050374
89.81 2 0.0133687
89.91 1 0.050374
89.91 2 0.0133687
90.01 1 0.050374
90.01 2 0.0133687
90.11 1 0.050374
90.11 2 0.0133687
90.21 1 0.050374
90.21 2 0.0133687
90.31 1 0.050374
90.31 2 0.0133687
90.41 1 0.050374
90.41 2 0.0133687
90.51 1 0.050374
90.51 2 0.0133687
90.61 1 0.050374
90.61 2 0.0133687
90.71 1 0.050374
90.71 2 0.0133687
90.81 1 0.050374
90.81 2 0.0133687
90.91 1 0.050374
90.91 2 0.0133687
91.01 1 0.050374
91.01 2 0.0133687
91.11 1 0.050374
91.11 2 0.0133687
91.21 1 0.050374
91.21 2 0.0133687
91.31 1 0.050374
91.31 2 0.0133687
91.41 1 0.050374
91.41 2 0.0133687
91.51 1 0.050374
91.51 2 0.0133687
91.61 1 0.050374
91.61 2 0.0133687
91.71 1 0.050374
91.71 2 0.0133687
91.81 1 0.050374
91.81 2 0.0133687
91.91 1 0.050374
91.91 2 0.0133687
92.01 1 0.050374
92.01 2 0.0133687
92.11 1 0.050374
92.11 2 0.0133687
92.21 1 0.050374
92.21 2 0.0133687
92.31 1 0.050374
92.31 2 0.0133687
92.41 1 0.050374
92.41 2 0.0133687
92.51 1 0.050374
92.51 2 0.0133687
92.61 1 0.050374
92.61 2 0.0133687
92.71 1 0.050374
92.71 2 0.0133687
92.81 1 0.050374
92.81 2 0.0133687
92.91 1 0.050374
92.91 2 0.0133687
93.01 1 0.050374
93.01 2 0.0133687
93.11 1 0.050374
93.11 2 0.0133687
93.21 1 0.050374
93.21 2 0.0133687
93.31 1 0.050374
93.31 2 0.0133687
93.41 1 0.050374
93.41 2 0.0133687
93.51 1 0.050374
93.51 2 0.0133687
93.61 1 0.050374
93.61 2 0.0133687
93.71 1 0.050374
93.71 2 0.0133687
93.81 1 0.050374
93.81 2 0.0133687
93.91 1 0.050374
93.91 2 0.0133687
94.01 1 0.050374
94.01 2 0.0133687
94.11 1 0.050374
94.11 2 0.0133687
94.21 1 0.050374
94.21 2 0.0133687
94.31 1 0.050374
94.31 2 0.0133687
94.41 1 0.050374
94.41 2 0.0133687
94.51 1 0.050374
94.51 2 0.0133687
94.61 1 0.050374
94.61 2 0.0133687
94.71 1 0.050374
94.71 2 0.0133687
94.81 1 0.050374
94.81 2 0.0133687
94.91 1 0.050374
94.91 2 0.0133687
95.01 1 0.050374
95.01 2 0.0133687
95.11 1 0.050374
95.11 2 0.0133687
95.21 1 0.050374
95.21 2 0.0133687
95.31 1 0.050374
95.31 2 0.0133687
95.41 1 0.050374
95.41 2 0.0133687
95.51 1 0.050374
95.51 2 0.0133687
95.61 1 0.050374
95.61 2 0.0133687
95.71 1 0.050374
95.71 2 0.0133687
95.81 1 0.050374
95.81 2 0.0133687
95.91 1 0.050374
95.91 2 0.0133687
96.01 1 0.050374
96.01 2 0.0133687
96.11 1 0.050374
96.11 2 0.0133687
96.21 1 0.050374
96.21 2 0.0133687
96.31 1 0.050374
96.31 2 0.0133687
96.41 1 0.050374
96.41 2 0.0133687
96.51 1 0.050374
96.51 2 0.0133687
96.61 1 0.050374
96.61 2 0.0133687
96.71 1 0.050374
96.71 2 0.0133687
96.81 1 0.050374
96.81 2 0.0133687
96.91 1 0.050374
96.91 2 0.0133687
97.01 1 0.050374
97.01 2 0.0133687
97.11 1 0.050374
97.11 2 0.0133687
97.21 1 0.050374
97.21 2 0.0133687
97.31 1 0.050374
97.31 2 0.0133687
97.41 1 0.050374
97.41 2 0.0133687
97.51 1 0.050374
97.51 2 0.0133687
97.61 1 0.050374
97.61 2 0.0133687
97.71 1 0.050374
97.71 2 0.0133687
97.81 1 0.050374
97.81 2 0.0133687
97.91 1 0.050374
97.91 2 0.0133687
98.01 1 0.050374
98.01 2 0.0133687
98.11 1 0.050374
98.11 2 0.0133687
98.21 1 0.050374
98.21 2 0.0133687
98.31 1 0.050374
98.31 2 0.0133687
98.41 1 0.050374
98.41 2 0.0133687
98.51 1 0.050374
98.51 2 0.0133687
98.61 1 0.050374
98.61 2 0.0133687
98.71 1 0.050374
98.71 2 0.0133687
98.81 1 0.050374
98.81 2 0.0133687
98.91 1 0.050374
98.91 2 0.0133687
99.01 1 0.050374
99.01 2 0.0133687
99.11 1 0.050374
99.11 2 0.0133687
99.21 1 0.050374
99.21 2 0.0133687
99.31 1 0.050374
99.31 2 0.0133687
99.41 1 0.050374
99.41 2 0.0133687
99.51 1 0.050374
99.51 2 0.0133687
99.61 1 0.050374
99.61 2 0.0133687
99.71 1 0.050374
99.71 2 0.0133687
99.81 1 0.050374
99.81 2 0.0133687
99.91 1 0.050374
99.91 2 0.0133687
100.01 1 0.050374
100.01 2 0.0133687
100.11 1 0.050374
100.11 2 0.0133687
100.21 1 0.050374
100.21 2 0.0133687
100.31 1 0.050374
100.31 2 0.0133687
100.41 1 0.050374
100.41 2 0.0133687
100.51 1 0.050374
100.51 2 0.0133687
100.61 1 0.050374
100.61 2 0.0133687
100.71 1 0.050374
100.71 2 0.0133687
100.81 1 0.050374
100.81 2 0.0133687
100.91 1 0.050374
100.91 2 0.0133687
101.01 1 0.050374
101.01 2 0.0133687
101.11 1 0.050374
101.11 2 0.0133687
101.21 1 0.050374
101.21 2 0.0133687
101.31 1 0.050374
101.31 2 0.0133687
101.41 1 0.050374
101.41 2 0.0133687
101.51 1 0.050374
101.51 2 0.0133687
101.61 1 0.050374
101.61 2 0.0133687
101.71 1 0.050374
101.71 2 0.0133687
101.81 1 0.050374
101.81 2 0.0133687
101.91 1 0.050374
101.91 2 0.0133687
102.01 1 0.050374
102.01 2 0.0133687
102.11 1 0.050374
102.11 2 0.0133687
102.21 1 0.050374
102.21 2 0.0133687
102.31 1 0.050374
102.31 2 0.0133687
102.41 1 0.050374
102.41 2 0.0133687
102.51 1 0.050374
102.51 2 0.0133687
102.61 1 0.050374
102.61 2 0.0133687
102.71 1 0.050374
102.71 2 0.0133687
102.81 1 0.050374
102.81 2 0.0133687
102.91 1 0.050374
102.91 2 0.0133687
103.01 1 0.050374
103.01 2 0.0133687
103.11 1 0.050374
103.11 2 0.0133687
103.21 1 0.050374
103.21 2 0.0133687
103.31 1 0.050374
103.31 2 0.0133687
103.41 1 0.050374
103.41 2 0.0133687
103.51 1 0.050374
103.51 2 0.0133687
103.61 1 0.050374
103.61 2 0.0133687
103.71 1 0.050374
103.71 2 0.0133687
103.81 1 0.050374
103.81 2 0.0133687
103.91 1 0.050374
103.91 2 0.0133687
104.01 1 0.050374
104.01 2 0.0133687
104.11 1 0.050374
104.11 2 0.0133687
104.21 1 0.050374
104.21 2 0.0133687
104.31 1 0.050374
104.31 2 0.0133687
104.41 1 0.050374
104.41 2 0.0133687
104.51 1 0.050374
104.51 2 0.0133687
104.61 1 0.050374
104.61 2 0.0133687
104.71 1 0.050374
104.71 2 0.0133687
104.81 1 0.050374
104.81 2 0.0133687
104.91 1 0.050374
104.91 2 0.0133687
105.01 1 0.050374
105.01 2 0.0133687
105.11 1 0.050374
105.11 2 0.0133687
105.21 1 0.050374
105.21 2 0.0133687
105.31 1 0.050374
105.31 2 0.0133687
105.41 1 0.050374
105.41 2 0.0133687
105.51 1 0.050374
105.51 2 0.0133687
105.61 1 0.050374
105.61 2 0.0133687
105.71 1 0.050374
105.71 2 0.0133687
105.81 1 0.050374
105.81 2 0.0133687
105.91 1 0.050374
105.91 2 0.0133687
106.01 1 0.050374
106.01 2 0.0133687
106.11 1 0.050374
106.11 2 0.0133687
106.21 1 0.050374
106.21 2 0.0133687
106.31 1 0.050374
106.31 2 0.0133687
106.41 1 0.050374
106.41 2 0.0133687
106.51 1 0.050374
106.51 2 0.0133687
106.61 1 0.050374
106.61 2 0.0133687
106.71 1 0.050374
106.71 2 0.0133687
106.81 1 0.050374
106.81 2 0.0133687
106.91 1 0.050374
106.91 2 0.0133687
107.01 1 0.050374
107.01 2 0.0133687
107.11 1 0.050374
107.11 2 0.0133687
107.21 1 0.050374
107.21 2 0.0133687
107.31 1 0.050374
107.31 2 0.0133687
107.41 1 0.050374
107.41 2 0.0133687
107.51 1 0.050374
107.51 2 0.0133687
107.61 1 0.050374
107.61 2 0.0133687
107.71 1 0.050374
107.71 2 0.0133687
107.81 1 0.050374
107.81 2 0.0133687
107.91 1 0.050374
107.91 2 0.0133687
108.01 1 0.050374
108.01 2 0.0133687
108.11 1 0.050374
108.11 2 0.0133687
108.21 1 0.050374
108.21 2 0.0133687
108.31 1 0.050374
108.31 2 0.0133687
108.41 1 0.050374
108.41 2 0.0133687
108.51 1 0.050374
108.51 2 0.0133687
108.61 1 0.050374
108.61 2 0.0133687
108.71 1 0.050374
108.71 2 0.0133687
108.81 1 0.050374
108.81 2 0.0133687
108.91 1 0.050374
108.91 2 0.0133687
109.01 1 0.050374
109.01 2 0.0133687
109.11 1 0.050374
109.11 2 0.0133687
109.21 1 0.050374
109.21 2 0.0133687
109.31 1 0.050374
109.31 2 0.0133687
109.41 1 0.050374
109.41 2 0.0133687
109.51 1 0.050374
109.51 2 0.0133687
109.61 1 0.050374
109.61 2 0.0133687
109.71 1 0.050374
109.71 2 0.0133687
109.81 1 0.050374
109.81 2 0.0133687
109.91 1 0.050374
109.91 2 0.0133687
110.01 1 0.050374
110.01 2 0.0133687
110.11 1 0.050374
110.11 2 0.0133687
110.21 1 0.050374
110.21 2 0.0133687
110.31 1 0.050374
110.31 2 0.0133687
110.41 1 0.050374
110.41 2 0.0133687
110.51 1 0.050374
110.51 2 0.0133687
110.61 1 0.050374
110.61 2 0.0133687
110.71 1 0.050374
110.71 2 0.0133687
110.81 1 0.050374
110.81 2 0.0133687
110.91 1 0.050374
110.91 2 0.0133687
111.01 1 0.050374
111.01 2 0.0133687
111.11 1 0.050374
111.11 2 0.0133687
111.21 1 0.050374
111.21 2 0.0133687
111.31 1 0.050374
111.31 2 0.0133687
111.41 1 0.050374
111.41 2 0.0133687
111.51 1 0.050374
111.51 2 0.0133687
111.61 1 0.050374
111.61 2 0.0133687
111.71 1 0.050374
111.71 2 0.0133687
111.81 1 0.050374
111.81 2 0.0133687
111.91 1 0.050374
111.91 2 0.0133687
112.01 1 0.050374
112.01 2 0.0133687
112.11 1 0.050374
112.11 2 0.0133687
112.21 1 0.050374
112.21 2 0.0133687
112.31 1 0.050374
112.31 2 0.0133687
112.41 1 0.050374
112.41 2 0.0133687
112.51 1 0.050374
112.51 2 0.0133687
112.61 1 0.050374
112.61 2 0.0133687
112.71 1 0.050374
112.71 2 0.0133687
112.81 1 0.050374
112.81 2 0.0133687
112.91 1 0.050374
112.91 2 0.0133687
113.01 1 0.050374
113.01 2 0.0133687
113.11 1 0.050374
113.11 2 0.0133687
113.21 1 0.050374
113.21 2 0.0133687
113.31 1 0.050374
113.31 2 0.0133687
113.41 1 0.050374
113.41 2 0.0133687
113.51 1 0.050374
113.51 2 0.0133687
113.61 1 0.050374
113.61 2 0.0133687
113.71 1 0.050374
113.71 2 0.0133687
113.81 1 0.050374
113.81 2 0.0133687
113.91 1 0.050374
113.91 2 0.0133687
114.01 1 0.050374
114.01 2 0.0133687
114.11 1 0.050374
114.11 2 0.0133687
114.21 1 0.050374
114.21 2 0.0133687
114.31 1 0.050374
114.31 2 0.0133687
114.41 1 0.050374
114.41 2 0.0133687
114.51 1 0.050374
114.51 2 0.0133687
114.61 1 0.050374
114.61 2 0.0133687
114.71 1 0.050374
114.71 2 0.0133687
114.81 1 0.050374
114.81 2 0.0133687
114.91 1 0.050374
114.91 2 0.0133687
115.01 1 0.050374
115.01 2 0.0133687
115.11 1 0.050374
115.11 2 0.0133687
115.21 1 0.050374
115.21 2 0.0133687
115.31 1 0.050374
115.31 2 0.0133687
115.41 1 0.050374
115.41 2 0.0133687
115.51 1 0.050374
115.51 2 0.0133687
115.61 1 0.050374
115.61 2 0.0133687
115.71 1 0.050374
115.71 2 0.0133687
115.81 1 0.050374
115.81 2 0.0133687
115.91 1 0.050374
115.91 2 0.0133687
116.01 1 0.050374
116.01 2 0.0133687
116.11 1 0.050374
116.11 2 0.0133687
116.21 1 0.050374
116.21 2 0.0133687
116.31 1 0.050374
116.31 2 0.0133687
116.41 1 0.050374
116.41 2 0.0133687
116.51 1 0.050374
116.51 2 0.0133687
116.61 1 0.050374
116.61 2 0.0133687
116.71 1 0.050374
116.71 2 0.0133687
116.81 1 0.050374
116.81 2 0.0133687
116.91 1 0.050374
116.91 2 0.0133687
117.01 1 0.050374
117.01 2 0.0133687
117.11 1 0.050374
117.11 2 0.0133687
117.21 1 0.050374
117.21 2 0.0133687
117.31 1 0.050374
117.31 2 0.0133687
117.41 1 0.050374
117.41 2 0.0133687
117.51 1 0.050374
117.51 2 0.0133687
117.61 1 0.050374
117.61 2 0.0133687
117.71 1 0.050374
117.71 2 0.0133687
117.81 1 0.050374
117.81 2 0.0133687
117.91 1 0.050374
117.91 2 0.0133687
118.01 1 0.050374
118.01 2 0.0133687
118.11 1 0.050374
118.11 2 0.0133687
118.21 1 0.050374
118.21 2 0.0133687
118.31 1 0.050374
118.31 2 0.0133687
118.41 1 0.050374
118.41 2 0.0133687
118.51 1 0.050374
118.51 2 0.0133687
118.61 1 0.050374
118.61 2 0.0133687
118.71 1 0.050374
118.71 2 0.0133687
118.81 1 0.050374
118.81 2 0.0133687
118.91 1 0.050374
118.91 2 0.0133687
119.01 1 0.050374
119.01 2 0.0133687
119.11 1 0.050374
119.11 2 0.0133687
119.21 1 0.050374
119.21 2 0.0133687
119.31 1 0.050374
119.31 2 0.0133687
119.41 1 0.050374
119.41 2 0.0133687
119.51 1 0.050374
119.51 2 0.0133687
119.61 1 0.050374
119.61 2 0.0133687
119.71 1 0.050374
119.71 2 0.0133687
119.81 1 0.050374
119.81 2 0.0133687
119.91 1 0.050374
119.91 2 0.0133687
120.01 1 0.050374
120.01 2 0.0133687
120.11 1 0.050374
120.11 2 0.0133687
120.21 1 0.050374
120.21 2 0.0133687
120.31 1 0.050374
120.31 2 0.0133687
120.41 1 0.050374
120.41 2 0.0133687
120.51 1 0.050374
120.51 2 0.0133687
120.61 1 0.050374
120.61 2 0.0133687
120.71 1 0.050374
120.71 2 0.0133687
120.81 1 0.050374
120.81 2 0.0133687
120.91 1 0.050374
120.91 2 0.0133687
121.01 1 0.050374
121.01 2 0.0133687
121.11 1 0.050374
121.11 2 0.0133687
121.21 1 0.050374
121.21 2 0.0133687
121.31 1 0.050374
121.31 2 0.0133687
121.41 1 0.050374
121.41 2 0.0133687
121.51 1 0.050374
121.51 2 0.0133687
121.61 1 0.050374
121.61 2 0.0133687
121.71 1 0.050374
121.71 2 0.0133687
121.81 1 0.050374
121.81 2 0.0133687
121.91 1 0.050374
121.91 2 0.0133687
122.01 1 0.050374
122.01 2 0.0133687
122.11 1 0.050374
122.11 2 0.0133687
122.21 1 0.050374
122.21 2 0.0133687
122.31 1 0.050374
122.31 2 0.0133687
122.41 1 0.050374
122.41 2 0.0133687
122.51 1 0.050374
122.51 2 0.0133687
122.61 1 0.050374
122.61 2 0.0133687
122.71 1 0.050374
122.71 2 0.0133687
122.81 1 0.050374
122.81 2 0.0133687
122.91 1 0.050374
122.91 2 0.0133687
123.01 1 0.050374
123.01 2 0.0133687
123.11 1 0.050374
123.11 2 0.0133687
123.21 1 0.050374
123.21 2 0.0133687
123.31 1 0.050374
123.31 2 0.0133687
123.41 1 0.050374
123.41 2 0.0133687
123.51 1 0.050374
123.51 2 0.0133687
123.61 1 0.050374
123.61 2 0.0133687
123.71 1 0.050374
123.71 2 0.0133687
123.81 1 0.050374
123.81 2 0.0133687
123.91 1 0.050374
123.91 2 0.0133687
124.01 1 0.050374
124.01 2 0.0133687
124.11 1 0.050374
124.11 2 0.0133687
124.21 1 0.050374
124.21 2 0.0133687
124.31 1 0.050374
124.31 2 0.0133687
124.41 1 0.050374
124.41 2 0.0133687
124.51 1 0.050374
124.51 2 0.0133687
124.61 1 0.050374
124.61 2 0.0133687
124.71 1 0.050374
124.71 2 0.0133687
124.81 1 0.050374
124.81 2 0.0133687
124.91 1 0.050374
124.91 2 0.0133687
125.01 1 0.050374
125.01 2 0.0133687
125.11 1 0.050374
125.11 2 0.0133687
125.21 1 0.050374
125.21 2 0.0133687
125.31 1 0.050374
125.31 2 0.0133687
125.41 1 0.050374
125.41 2 0.0133687
125.51 1 0.050374
125.51 2 0.0133687
125.61 1 0.050374
125.61 2 0.0133687
125.71 1 0.050374
125.71 2 0.0133687
125.81 1 0.050374
125.81 2 0.0133687
125.91 1 0.050374
125.91 2 0.0133687
126.01 1 0.050374
126.01 2 0.0133687
126.11 1 0.050374
126.11 2 0.0133687
126.21 1 0.050374
126.21 2 0.0133687
126.31 1 0.050374
126.31 2 0.0133687
126.41 1 0.050374
126.41 2 0.0133687
126.51 1 0.050374
126.51 2 0.0133687
126.61 1 0.050374
126.61 2 0.0133687
126.71 1 0.050374
126.71 2 0.0133687
126.81 1 0.050374
126.81 2 0.0133687
126.91 1 0.050374
126.91 2 0.0133687
127.01 1 0.050374
127.01 2 0.0133687
127.11 1 0.050374
127.11 2 0.0133687
127.21 1 0.050374
127.21 2 0.0133687
127.31 1 0.050374
127.31 2 0.0133687
127.41 1 0.050374
127.41 2 0.0133687
127.51 1 0.050374
127.51 2 0.0133687
127.61 1 0.050374
127.61 2 0.0133687
127.71 1 0.050374
127.71 2 0.0133687
127.81 1 0.050374
127.81 2 0.0133687
127.91 1 0.050374
127.91 2 0.0133687
128.01 1 0.050374
128.01 2 0.0133687
128.11 1 0.050374
128.11 2 0.0133687
128.21 1 0.050374
128.21 2 0.0133687
128.31 1 0.050374
128.31 2 0.0133687
128.41 1 0.050374
128.41 2 0.0133687
128.51 1 0.050374
128.51 2 0.0133687
128.61 1 0.050374
128.61 2 0.0133687
128.71 1 0.050374
128.71 2 0.0133687
128.81 1 0.050374
128.81 2 0.0133687
128.91 1 0.050374
128.91 2 0.0133687
129.01 1 0.050374
129.01 2 0.0133687
129.11 1 0.050374
129.11 2 0.0133687
129.21 1 0.050374
129.21 2 0.0133687
129.31 1 0.050374
129.31 2 0.0133687
129.41 1 0.050374
129.41 2 0.0133687
129.51 1 0.050374
129.51 2 0.0133687
129.61 1 0.050374
129.61 2 0.0133687
129.71 1 0.050374
129.71 2 0.0133687
129.81 1 0.050374
129.81 2 0.0133687
129.91 1 0.050374
129.91 2 0.0133687
130.01 1 0.050374
130.01 2 0.0133687
130.11 1 0.050374
130.11 2 0.0133687
130.21 1 0.050374
130.21 2 0.0133687
130.31 1 0.050374
130.31 2 0.0133687
130.41 1 0.050374
130.41 2 0.0133687
130.51 1 0.050374
130.51 2 0.0133687
130.61 1 0.050374
130.61 2 0.0133687
130.71 1 0.050374
130.71 2 0.0133687
130.81 1 0.050374
130.81 2 0.0133687
130.91 1 0.050374
130.91 2 0.0133687
131.01 1 0.050374
131.01 2 0.0133687
131.11 1 0.050374
131.11 2 0.0133687
131.21 1 0.050374
131.21 2 0.0133687
131.31 1 0.050374
131.31 2 0.0133687
131.41 1 0.050374
131.41 2 0.0133687
131.51 1 0.050374
131.51 2 0.0133687
131.61 1 0.050374
131.61 2 0.0133687
131.71 1 0.050374
131.71 2 0.0133687
131.81 1 0.050374
131.81 2 0.0133687
131.91 1 0.050374
131.91 2 0.0133687
132.01 1 0.050374
132.01 2 0.0133687
132.11 1 0.050374
132.11 2 0.0133687
132.21 1 0.050374
132.21 2 0.0133687
132.31 1 0.050374
132.31 2 0.0133687
132.41 1 0.050374
132.41 2 0.0133687
132.51 1 0.050374
132.51 2 0.0133687
132.61 1 0.050374
132.61 2 0.0133687
132.71 1 0.050374
132.71 2 0.0133687
132.81 1 0.050374
132.81 2 0.0133687
132.91 1 0.050374
132.91 2 0.0133687
133.01 1 0.050374
133.01 2 0.0133687
133.11 1 0.050374
133.11 2 0.0133687
133.21 1 0.050374
133.21 2 0.0133687
133.31 1 0.050374
133.31 2 0.0133687
133.41 1 0.050374
133.41 2 0.0133687
133.51 1 0.050374
133.51 2 0.0133687
133.61 1 0.050374
133.61 2 0.0133687
133.71 1 0.050374
133.71 2 0.0133687
133.81 1 0.050374
133.81 2 0.0133687
133.91 1 0.050374
133.91 2 0.0133687
134.01 1 0.050374
134.01 2 0.0133687
134.11 1 0.050374
134.11 2 0.0133687
134.21 1 0.050374
134.21 2 0.0133687
134.31 1 0.050374
134.31 2 0.0133687
134.41 1 0.050374
134.41 2 0.0133687
134.51 1 0.050374
134.51 2 0.0133687
134.61 1 0.050374
134.61 2 0.0133687
134.71 1 0.050374
134.71 2 0.0133687
134.81 1 0.050374
134.81 2 0.0133687
134.91 1 0.050374
134.91 2 0.0133687
135.01 1 0.050374
135.01 2 0.0133687
135.11 1 0.050374
135.11 2 0.0133687
135.21 1 0.050374
135.21 2 0.0133687
135.31 1 0.050374
135.31 2 0.0133687
135.41 1 0.050374
135.41 2 0.0133687
135.51 1 0.050374
135.51 2 0.0133687
135.61 1 0.050374
135.61 2 0.0133687
135.71 1 0.050374
135.71 2 0.0133687
135.81 1 0.050374
135.81 2 0.0133687
135.91 1 0.050374
135.91 2 0.0133687
136.01 1 0.050374
136.01 2 0.0133687
136.11 1 0.050374
136.11 2 0.0133687
136.21 1 0.050374
136.21 2 0.0133687
136.31 1 0.050374
136.31 2 0.0133687
136.41 1 0.050374
136.41 2 0.0133687
136.51 1 0.050374
136.51 2 0.0133687
136.61 1 0.050374
136.61 2 0.0133687
136.71 1 0.050374
136.71 2 0.0133687
136.81 1 0.050374
136.81 2 0.0133687
136.91 1 0.050374
136.91 2 0.0133687
137.01 1 0.050374
137.01 2 0.0133687
137.11 1 0.050374
137.11 2 0.0133687
137.21 1 0.050374
137.21 2 0.0133687
137.31 1 0.050374
137.31 2 0.0133687
137.41 1 0.050374
137.41 2 0.0133687
137.51 1 0.050374
137.51 2 0.0133687
137.61 1 0.050374
137.61 2 0.0133687
137.71 1 0.050374
137.71 2 0.0133687
137.81 1 0.050374
137.81 2 0.0133687
137.91 1 0.050374
137.91 2 0.0133687
138.01 1 0.050374
138.01 2 0.0133687
138.11 1 0.050374
138.11 2 0.0133687
138.21 1 0.050374
138.21 2 0.0133687
138.31 1 0.050374
138.31 2 0.0133687
138.41 1 0.050374
138.41 2 0.0133687
138.51 1 0.050374
138.51 2 0.0133687
138.61 1 0.050374
138.61 2 0.0133687
138.71 1 0.050374
138.71 2 0.0133687
138.81 1 0.050374
138.81 2 0.0133687
138.91 1 0.050374
138.91 2 0.0133687
139.01 1 0.050374
139.01 2 0.0133687
139.11 1 0.050374
139.11 2 0.0133687
139.21 1 0.050374
139.21 2 0.0133687
139.31 1 0.050374
139.31 2 0.0133687
139.41 1 0.050374
139.41 2 0.0133687
139.51 1 0.050374
139.51 2 0.0133687
139.61 1 0.050374
139.61 2 0.0133687
139.71 1 0.050374
139.71 2 0.0133687
139.81 1 0.050374
139.81 2 0.0133687
139.91 1 0.050374
139.91 2 0.0133687
140.01 1 0.050374
140.01 2 0.0133687
140.11 1 0.050374
140.11 2 0.0133687
140.21 1 0.050374
140.21 2 0.0133687
140.31 1 0.050374
140.31 2 0.0133687
140.41 1 0.050374
140.41 2 0.0133687
140.51 1 0.050374
140.51 2 0.0133687
140.61 1 0.050374
140.61 2 0.0133687
140.71 1 0.050374
140.71 2 0.0133687
140.81 1 0.050374
140.81 2 0.0133687
140.91 1 0.050374
140.91 2 0.0133687
141.01 1 0.050374
141.01 2 0.0133687
141.11 1 0.050374
141.11 2 0.0133687
141.21 1 0.050374
141.21 2 0.0133687
141.31 1 0.050374
141.31 2 0.0133687
141.41 1 0.050374
141.41 2 0.0133687
141.51 1 0.050374
141.51 2 0.0133687
141.61 1 0.050374
141.61 2 0.0133687
141.71 1 0.050374
141.71 2 0.0133687
141.81 1 0.050374
141.81 2 0.0133687
141.91 1 0.050374
141.91 2 0.0133687
142.01 1 0.050374
142.01 2 0.0133687
142.11 1 0.050374
142.11 2 0.0133687
142.21 1 0.050374
142.21 2 0.0133687
142.31 1 0.050374
142.31 2 0.0133687
142.41 1 0.050374
142.41 2 0.0133687
142.51 1 0.050374
142.51 2 0.0133687
142.61 1 0.050374
142.61 2 0.0133687
142.71 1 0.050374
142.71 2 0.0133687
142.81 1 0.050374
142.81 2 0.0133687
142.91 1 0.050374
142.91 2 0.0133687
143.01 1 0.050374
143.01 2 0.0133687
143.11 1 0.050374
143.11 2 0.0133687
143.21 1 0.050374
143.21 2 0.0133687
143.31 1 0.050374
143.31 2 0.0133687
143.41 1 0.050374
143.41 2 0.0133687
143.51 1 0.050374
143.51 2 0.0133687
143.61 1 0.050374
143.61 2 0.0133687
143.71 1 0.050374
143.71 2 0.0133687
143.81 1 0.050374
143.81 2 0.0133687
143.91 1 0.050374
143.91 2 0.0133687
144.01 1 0.050374
144.01 2 0.0133687
144.11 1 0.050374
144.11 2 0.0133687
144.21 1 0.050374
144.21 2 0.0133687
144.31 1 0.050374
144.31 2 0.0133687
144.41 1 0.050374
144.41 2 0.0133687
144.51 1 0.050374
144.51 2 0.0133687
144.61 1 0.050374
144.61 2 0.0133687
144.71 1 0.050374
144.71 2 0.0133687
144.81 1 0.050374
144.81 2 0.0133687
144.91 1 0.050374
144.91 2 0.0133687
145.01 1 0.050374
145.01 2 0.0133687
145.11 1 0.050374
145.11 2 0.0133687
145.21 1 0.050374
145.21 2 0.0133687
145.31 1 0.050374
145.31 2 0.0133687
145.41 1 0.050374
145.41 2 0.0133687
145.51 1 0.050374
145.51 2 0.0133687
145.61 1 0.050374
145.61 2 0.0133687
145.71 1 0.050374
145.71 2 0.0133687
145.81 1 0.050374
145.81 2 0.0133687
145.91 1 0.050374
145.91 2 0.0133687
146.01 1 0.050374
146.01 2 0.0133687
146.11 1 0.050374
146.11 2 0.0133687
146.21 1 0.050374
146.21 2 0.0133687
146.31 1 0.050374
146.31 2 0.0133687
146.41 1 0.050374
146.41 2 0.0133687
146.51 1 0.050374
146.51 2 0.0133687
146.61 1 0.050374
146.61 2 0.0133687
146.71 1 0.050374
146.71 2 0.0133687
146.81 1 0.050374
146.81 2 0.0133687
146.91 1 0.050374
146.91 2 0.0133687
147.01 1 0.050374
147.01 2 0.0133687
147.11 1 0.050374
147.11 2 0.0133687
147.21 1 0.050374
147.21 2 0.0133687
147.31 1 0.050374
147.31 2 0.0133687
147.41 1 0.050374
147.41 2 0.0133687
147.51 1 0.050374
147.51 2 0.0133687
147.61 1 0.050374
147.61 2 0.0133687
147.71 1 0.050374
147.71 2 0.0133687
147.81 1 0.050374
147.81 2 0.0133687
147.91 1 0.050374
147.91 2 0.0133687
148.01 1 0.050374
148.01 2 0.0133687
148.11 1 0.050374
148.11 2 0.0133687
148.21 1 0.050374
148.21 2 0.0133687
148.31 1 0.050374
148.31 2 0.0133687
148.41 1 0.050374
148.41 2 0.0133687
148.51 1 0.050374
148.51 2 0.0133687
148.61 1 0.050374
148.61 2 0.0133687
148.71 1 0.050374
148.71 2 0.0133687
148.81 1 0.050374
148.81 2 0.0133687
148.91 1 0.050374
148.91 2 0.0133687
149.01 1 0.050374
149.01 2 0.0133687
149.11 1 0.050374
149.11 2 0.0133687
149.21 1 0.050374
149.21 2 0.0133687
149.31 1 0.050374
149.31 2 0.0133687
149.41 1 0.050374
149.41 2 0.0133687
149.51 1 0.050374
149.51 2 0.0133687
149.61 1 0.050374
149.61 2 0.0133687
149.71 1 0.050374
149.71 2 0.0133687
149.81 1 0.050374
149.81 2 0.0133687
149.91 1 0.050374
149.91 2 0.0133687
150.01 1 0.050374
150.01 2 0.0133687
150.11 1 0.050374
150.11 2 0.0133687
150.21 1 0.050374
150.21 2 0.0133687
150.31 1 0.050374
150.31 2 0.0133687
150.41 1 0.050374
150.41 2 0.0133687
150.51 1 0.050374
150.51 2 0.0133687
150.61 1 0.050374
150.61 2 0.0133687
150.71 1 0.050374
150.71 2 0.0133687
150.81 1 0.050374
150.81 2 0.0133687
150.91 1 0.050374
150.91 2 0.0133687
151.01 1 0.050374
151.01 2 0.0133687
151.11 1 0.050374
151.11 2 0.0133687
151.21 1 0.050374
151.21 2 0.0133687
151.31 1 0.050374
151.31 2 0.0133687
151.41 1 0.050374
151.41 2 0.0133687
151.51 1 0.050374
151.51 2 0.0133687
151.61 1 0.050374
151.61 2 0.0133687
151.71 1 0.050374
151.71 2 0.0133687
151.81 1 0.050374
151.81 2 0.0133687
151.91 1 0.050374
151.91 2 0.0133687
152.01 1 0.050374
152.01 2 0.0133687
152.11 1 0.050374
152.11 2 0.0133687
152.21 1 0.050374
152.21 2 0.0133687
152.31 1 0.050374
152.31 2 0.0133687
152.41 1 0.050374
152.41 2 0.0133687
152.51 1 0.050374
152.51 2 0.0133687
152.61 1 0.050374
152.61 2 0.0133687
152.71 1 0.050374
152.71 2 0.0133687
152.81 1 0.050374
152.81 2 0.0133687
152.91 1 0.050374
152.91 2 0.0133687
153.01 1 0.050374
153.01 2 0.0133687
153.11 1 0.050374
153.11 2 0.0133687
153.21 1 0.050374
153.21 2 0.0133687
153.31 1 0.050374
153.31 2 0.0133687
153.41 1 0.050374
153.41 2 0.0133687
153.51 1 0.050374
153.51 2 0.0133687
153.61 1 0.050374
153.61 2 0.0133687
153.71 1 0.050374
153.71 2 0.0133687
153.81 1 0.050374
153.81 2 0.0133687
153.91 1 0.050374
153.91 2 0.0133687
154.01 1 0.050374
154.01 2 0.0133687
154.11 1 0.050374
154.11 2 0.0133687
154.21 1 0.050374
154.21 2 0.0133687
154.31 1 0.050374
154.31 2 0.0133687
154.41 1 0.050374
154.41 2 0.0133687
154.51 1 0.050374
154.51 2 0.0133687
154.61 1 0.050374
154.61 2 0.0133687
154.71 1 0.050374
154.71 2 0.0133687
154.81 1 0.050374
154.81 2 0.0133687
154.91 1 0.050374
154.91 2 0.0133687
155.01 1 0.050374
155.01 2 0.0133687
155.11 1 0.050374
155.11 2 0.0133687
155.21 1 0.050374
155.21 2 0.0133687
155.31 1 0.050374
155.31 2 0.0133687
155.41 1 0.050374
155.41 2 0.0133687
155.51 1 0.050374
155.51 2 0.0133687
155.61 1 0.050374
155.61 2 0.0133687
155.71 1 0.050374
155.71 2 0.0133687
155.81 1 0.050374
155.81 2 0.0133687
155.91 1 0.050374
155.91 2 0.0133687
156.01 1 0.050374
156.01 2 0.0133687
156.11 1 0.050374
156.11 2 0.0133687
156.21 1 0.050374
156.21 2 0.0133687
156.31 1 0.050374
156.31 2 0.0133687
156.41 1 0.050374
156.41 2 0.0133687
156.51 1 0.050374
156.51 2 0.0133687
156.61 1 0.050374
156.61 2 0.0133687
156.71 1 0.050374
156.71 2 0.0133687
156.81 1 0.050374
156.81 2 0.0133687
156.91 1 0.050374
156.91 2 0.0133687
157.01 1 0.050374
157.01 2 0.0133687
157.11 1 0.050374
157.11 2 0.0133687
157.21 1 0.050374
157.21 2 0.0133687
157.31 1 0.050374
157.31 2 0.0133687
157.41 1 0.050374
157.41 2 0.0133687
157.51 1 0.050374
157.51 2 0.0133687
157.61 1 0.050374
157.61 2 0.0133687
157.71 1 0.050374
157.71 2 0.0133687
157.81 1 0.050374
157.81 2 0.0133687
157.91 1 0.050374
157.91 2 0.0133687
158.01 1 0.050374
158.01 2 0.0133687
158.11 1 0.050374
158.11 2 0.0133687
158.21 1 0.050374
158.21 2 0.0133687
158.31 1 0.050374
158.31 2 0.0133687
158.41 1 0.050374
158.41 2 0.0133687
158.51 1 0.050374
158.51 2 0.0133687
158.61 1 0.050374
158.61 2 0.0133687
158.71 1 0.050374
158.71 2 0.0133687
158.81 1 0.050374
158.81 2 0.0133687
158.91 1 0.050374
158.91 2 0.0133687
159.01 1 0.050374
159.01 2 0.0133687
159.11 1 0.050374
159.11 2 0.0133687
159.21 1 0.050374
159.21 2 0.0133687
159.31 1 0.050374
159.31 2 0.0133687
159.41 1 0.050374
159.41 2 0.0133687
159.51 1 0.050374
159.51 2 0.0133687
159.61 1 0.050374
159.61 2 0.0133687
159.71 1 0.050374
159.71 2 0.0133687
159.81 1 0.050374
159.81 2 0.0133687
159.91 1 0.050374
159.91 2 0.0133687
160.01 1 0.050374
160.01 2 0.0133687
160.11 1 0.050374
160.11 2 0.0133687
160.21 1 0.050374
160.21 2 0.0133687
160.31 1 0.050374
160.31 2 0.0133687
160.41 1 0.050374
160.41 2 0.0133687
160.51 1 0.050374
160.51 2 0.0133687
160.61 1 0.050374
160.61 2 0.0133687
160.71 1 0.050374
160.71 2 0.0133687
160.81 1 0.050374
160.81 2 0.0133687
160.91 1 0.050374
160.91 2 0.0133687
161.01 1 0.050374
161.01 2 0.0133687
161.11 1 0.050374
161.11 2 0.0133687
161.21 1 0.050374
161.21 2 0.0133687
161.31 1 0.050374
161.31 2 0.0133687
161.41 1 0.050374
161.41 2 0.0133687
161.51 1 0.050374
161.51 2 0.0133687
161.61 1 0.050374
161.61 2 0.0133687
161.71 1 0.050374
161.71 2 0.0133687
161.81 1 0.050374
161.81 2 0.0133687
161.91 1 0.050374
161.91 2 0.0133687
162.01 1 0.050374
162.01 2 0.0133687
162.11 1 0.050374
162.11 2 0.0133687
162.21 1 0.050374
162.21 2 0.0133687
162.31 1 0.050374
162.31 2 0.0133687
162.41 1 0.050374
162.41 2 0.0133687
162.51 1 0.050374
162.51 2 0.0133687
162.61 1 0.050374
162.61 2 0.0133687
162.71 1 0.050374
162.71 2 0.0133687
162.81 1 0.050374
162.81 2 0.0133687
162.91 1 0.050374
162.91 2 0.0133687
163.01 1 0.050374
163.01 2 0.0133687
163.11 1 0.050374
163.11 2 0.0133687
163.21 1 0.050374
163.21 2 0.0133687
163.31 1 0.050374
163.31 2 0.0133687
163.41 1 0.050374
163.41 2 0.0133687
163.51 1 0.050374
163.51 2 0.0133687
163.61 1 0.050374
163.61 2 0.0133687
163.71 1 0.050374
163.71 2 0.0133687
163.81 1 0.050374
163.81 2 0.0133687
163.91 1 0.050374
163.91 2 0.0133687
164.01 1 0.050374
164.01 2 0.0133687
164.11 1 0.050374
164.11 2 0.0133687
164.21 1 0.050374
164.21 2 0.0133687
164.31 1 0.050374
164.31 2 0.0133687
164.41 1 0.050374
164.41 2 0.0133687
164.51 1 0.050374
164.51 2 0.0133687
164.61 1 0.050374
164.61 2 0.0133687
164.71 1 0.050374
164.71 2 0.0133687
164.81 1 0.050374
164.81 2 0.0133687
164.91 1 0.050374
164.91 2 0.0133687
165.01 1 0.050374
165.01 2 0.0133687
165.11 1 0.050374
165.11 2 0.0133687
165.21 1 0.050374
165.21 2 0.0133687
165.31 1 0.050374
165.31 2 0.0133687
165.41 1 0.050374
165.41 2 0.0133687
165.51 1 0.050374
165.51 2 0.0133687
165.61 1 0.050374
165.61 2 0.0133687
165.71 1 0.050374
165.71 2 0.0133687
165.81 1 0.050374
165.81 2 0.0133687
165.91 1 0.050374
165.91 2 0.0133687
166.01 1 0.050374
166.01 2 0.0133687
166.11 1 0.050374
166.11 2 0.0133687
166.21 1 0.050374
166.21 2 0.0133687
166.31 1 0.050374
166.31 2 0.0133687
166.41 1 0.050374
166.41 2 0.0133687
166.51 1 0.050374
166.51 2 0.0133687
166.61 1 0.050374
166.61 2 0.0133687
166.71 1 0.050374
166.71 2 0.0133687
166.81 1 0.050374
166.81 2 0.0133687
166.91 1 0.050374
166.91 2 0.0133687
167.01 1 0.050374
167.01 2 0.0133687
167.11 1 0.050374
167.11 2 0.0133687
167.21 1 0.050374
167.21 2 0.0133687
167.31 1 0.050374
167.31 2 0.0133687
167.41 1 0.050374
167.41 2 0.0133687
167.51 1 0.050374
167.51 2 0.0133687
167.61 1 0.050374
167.61 2 0.0133687
167.71 1 0.050374
167.71 2 0.0133687
167.81 1 0.050374
167.81 2 0.0133687
167.91 1 0.050374
167.91 2 0.0133687
168.01 1 0.050374
168.01 2 0.0133687
168.11 1 0.050374
168.11 2 0.0133687
168.21 1 0.050374
168.21 2 0.0133687
168.31 1 0.050374
168.31 2 0.0133687
168.41 1 0.050374
168.41 2 0.0133687
168.51 1 0.050374
168.51 2 0.0133687
168.61 1 0.050374
168.61 2 0.0133687
168.71 1 0.050374
168.71 2 0.0133687
168.81 1 0.050374
168.81 2 0.0133687
168.91 1 0.050374
168.91 2 0.0133687
169.01 1 0.050374
169.01 2 0.0133687
169.11 1 0.050374
169.11 2 0.0133687
169.21 1 0.050374
169.21 2 0.0133687
169.31 1 0.050374
169.31 2 0.0133687
169.41 1 0.050374
169.41 2 0.0133687
169.51 1 0.050374
169.51 2 0.0133687
169.61 1 0.050374
169.61 2 0.0133687
169.71 1 0.050374
169.71 2 0.0133687
169.81 1 0.050374
169.81 2 0.0133687
169.91 1 0.050374
169.91 2 0.0133687
170.01 1 0.050374
170.01 2 0.0133687
170.11 1 0.050374
170.11 2 0.0133687
170.21 1 0.050374
170.21 2 0.0133687
170.31 1 0.050374
170.31 2 0.0133687
170.41 1 0.050374
170.41 2 0.0133687
170.51 1 0.050374
170.51 2 0.0133687
170.61 1 0.050374
170.61 2 0.0133687
170.71 1 0.050374
170.71 2 0.0133687
170.81 1 0.050374
170.81 2 0.0133687
170.91 1 0.050374
170.91 2 0.0133687
171.01 1 0.050374
171.01 2 0.0133687
171.11 1 0.050374
171.11 2 0.0133687
171.21 1 0.050374
171.21 2 0.0133687
171.31 1 0.050374
171.31 2 0.0133687
171.41 1 0.050374
171.41 2 0.0133687
171.51 1 0.050374
171.51 2 0.0133687
171.61 1 0.050374
171.61 2 0.0133687
171.71 1 0.050374
171.71 2 0.0133687
171.81 1 0.050374
171.81 2 0.0133687
171.91 1 0.050374
171.91 2 0.0133687
172.01 1 0.050374
172.01 2 0.0133687
172.11 1 0.050374
172.11 2 0.0133687
172.21 1 0.050374
172.21 2 0.0133687
172.31 1 0.050374
172.31 2 0.0133687
172.41 1 0.050374
172.41 2 0.0133687
172.51 1 0.050374
172.51 2 0.0133687
172.61 1 0.050374
172.61 2 0.0133687
172.71 1 0.050374
172.71 2 0.0133687
172.81 1 0.050374
172.81 2 0.0133687
172.91 1 0.050374
172.91 2 0.0133687
173.01 1 0.050374
173.01 2 0.0133687
173.11 1 0.050374
173.11 2 0.0133687
173.21 1 0.050374
173.21 2 0.0133687
173.31 1 0.050374
173.31 2 0.0133687
173.41 1 0.050374
173.41 2 0.0133687
173.51 1 0.050374
173.51 2 0.0133687
173.61 1 0.050374
173.61 2 0.0133687
173.71 1 0.050374
173.71 2 0.0133687
173.81 1 0.050374
173.81 2 0.0133687
173.91 1 0.050374
173.91 2 0.0133687
174.01 1 0.050374
174.01 2 0.0133687
174.11 1 0.050374
174.11 2 0.0133687
174.21 1 0.050374
174.21 2 0.0133687
174.31 1 0.050374
174.31 2 0.0133687
174.41 1 0.050374
174.41 2 0.0133687
174.51 1 0.050374
174.51 2 0.0133687
174.61 1 0.050374
174.61 2 0.0133687
174.71 1 0.050374
174.71 2 0.0133687
174.81 1 0.050374
174.81 2 0.0133687
174.91 1 0.050374
174.91 2 0.0133687
175.01 1 0.050374
175.01 2 0.0133687
175.11 1 0.050374
175.11 2 0.0133687
175.21 1 0.050374
175.21 2 0.0133687
175.31 1 0.050374
175.31 2 0.0133687
175.41 1 0.050374
175.41 2 0.0133687
175.51 1 0.050374
175.51 2 0.0133687
175.61 1 0.050374
175.61 2 0.0133687
175.71 1 0.050374
175.71 2 0.0133687
175.81 1 0.050374
175.81 2 0.0133687
175.91 1 0.050374
175.91 2 0.0133687
176.01 1 0.050374
176.01 2 0.0133687
176.11 1 0.050374
176.11 2 0.0133687
176.21 1 0.050374
176.21 2 0.0133687
176.31 1 0.050374
176.31 2 0.0133687
176.41 1 0.050374
176.41 2 0.0133687
176.51 1 0.050374
176.51 2 0.0133687
176.61 1 0.050374
176.61 2 0.0133687
176.71 1 0.050374
176.71 2 0.0133687
176.81 1 0.050374
176.81 2 0.0133687
176.91 1 0.050374
176.91 2 0.0133687
177.01 1 0.050374
177.01 2 0.0133687
177.11 1 0.050374
177.11 2 0.0133687
177.21 1 0.050374
177.21 2 0.0133687
177.31 1 0.050374
177.31 2 0.0133687
177.41 1 0.050374
177.41 2 0.0133687
177.51 1 0.050374
177.51 2 0.0133687
177.61 1 0.050374
177.61 2 0.0133687
177.71 1 0.050374
177.71 2 0.0133687
177.81 1 0.050374
177.81 2 0.0133687
177.91 1 0.050374
177.91 2 0.0133687
178.01 1 0.050374
178.01 2 0.0133687
178.11 1 0.050374
178.11 2 0.0133687
178.21 1 0.050374
178.21 2 0.0133687
178.31 1 0.050374
178.31 2 0.0133687
178.41 1 0.050374
178.41 2 0.0133687
178.51 1 0.050374
178.51 2 0.0133687
178.61 1 0.050374
178.61 2 0.0133687
178.71 1 0.050374
178.71 2 0.0133687
178.81 1 0.050374
178.81 2 0.0133687
178.91 1 0.050374
178.91 2 0.0133687
179.01 1 0.050374
179.01 2 0.0133687
179.11 1 0.050374
179.11 2 0.0133687
179.21 1 0.050374
179.21 2 0.0133687
179.31 1 0.050374
179.31 2 0.0133687
179.41 1 0.050374
179.41 2 0.0133687
179.51 1 0.050374
179.51 2 0.0133687
179.61 1 0.050374
179.61 2 0.0133687
179.71 1 0.050374
179.71 2 0.0133687
179.81 1 0.050374
179.81 2 0.0133687
179.91 1 0.050374
179.91 2 0.0133687
180.01 1 0.050374
180.01 2 0.0133687
180.11 1 0.050374
180.11 2 0.0133687
180.21 1 0.050374
180.21 2 0.0133687
180.31 1 0.050374
180.31 2 0.0133687
180.41 1 0.050374
180.41 2 0.0133687
180.51 1 0.050374
180.51 2 0.0133687
180.61 1 0.050374
180.61 2 0.0133687
180.71 1 0.050374
180.71 2 0.0133687
180.81 1 0.050374
180.81 2 0.0133687
180.91 1 0.050374
180.91 2 0.0133687
181.01 1 0.050374
181.01 2 0.0133687
181.11 1 0.050374
181.11 2 0.0133687
181.21 1 0.050374
181.21 2 0.0133687
181.31 1 0.050374
181.31 2 0.0133687
181.41 1 0.050374
181.41 2 0.0133687
181.51 1 0.050374
181.51 2 0.0133687
181.61 1 0.050374
181.61 2 0.0133687
181.71 1 0.050374
181.71 2 0.0133687
181.81 1 0.050374
181.81 2 0.0133687
181.91 1 0.050374
181.91 2 0.0133687
182.01 1 0.050374
182.01 2 0.0133687
182.11 1 0.050374
182.11 2 0.0133687
182.21 1 0.050374
182.21 2 0.0133687
182.31 1 0.050374
182.31 2 0.0133687
182.41 1 0.050374
182.41 2 0.0133687
182.51 1 0.050374
182.51 2 0.0133687
182.61 1 0.050374
182.61 2 0.0133687
182.71 1 0.050374
182.71 2 0.0133687
182.81 1 0.050374
182.81 2 0.0133687
182.91 1 0.050374
182.91 2 0.0133687
183.01 1 0.050374
183.01 2 0.0133687
183.11 1 0.050374
183.11 2 0.0133687
183.21 1 0.050374
183.21 2 0.0133687
183.31 1 0.050374
183.31 2 0.0133687
183.41 1 0.050374
183.41 2 0.0133687
183.51 1 0.050374
183.51 2 0.0133687
183.61 1 0.050374
183.61 2 0.0133687
183.71 1 0.050374
183.71 2 0.0133687
183.81 1 0.050374
183.81 2 0.0133687
183.91 1 0.050374
183.91 2 0.0133687
184.01 1 0.050374
184.01 2 0.0133687
184.11 1 0.050374
184.11 2 0.0133687
184.21 1 0.050374
184.21 2 0.0133687
184.31 1 0.050374
184.31 2 0.0133687
184.41 1 0.050374
184.41 2 0.0133687
184.51 1 0.050374
184.51 2 0.0133687
184.61 1 0.050374
184.61 2 0.0133687
184.71 1 0.050374
184.71 2 0.0133687
184.81 1 0.050374
184.81 2 0.0133687
184.91 1 0.050374
184.91 2 0.0133687
185.01 1 0.050374
185.01 2 0.0133687
185.11 1 0.050374
185.11 2 0.0133687
185.21 1 0.050374
185.21 2 0.0133687
185.31 1 0.050374
185.31 2 0.0133687
185.41 1 0.050374
185.41 2 0.0133687
185.51 1 0.050374
185.51 2 0.0133687
185.61 1 0.050374
185.61 2 0.0133687
185.71 1 0.050374
185.71 2 0.0133687
185.81 1 0.050374
185.81 2 0.0133687
185.91 1 0.050374
185.91 2 0.0133687
186.01 1 0.050374
186.01 2 0.0133687
186.11 1 0.050374
186.11 2 0.0133687
186.21 1 0.050374
186.21 2 0.0133687
186.31 1 0.050374
186.31 2 0.0133687
186.41 1 0.050374
186.41 2 0.0133687
186.51 1 0.050374
186.51 2 0.0133687
186.61 1 0.050374
186.61 2 0.0133687
186.71 1 0.050374
186.71 2 0.0133687
186.81 1 0.050374
186.81 2 0.0133687
186.91 1 0.050374
186.91 2 0.0133687
187.01 1 0.050374
187.01 2 0.0133687
187.11 1 0.050374
187.11 2 0.0133687
187.21 1 0.050374
187.21 2 0.0133687
187.31 1 0.050374
187.31 2 0.0133687
187.41 1 0.050374
187.41 2 0.0133687
187.51 1 0.050374
187.51 2 0.0133687
187.61 1 0.050374
187.61 2 0.0133687
187.71 1 0.050374
187.71 2 0.0133687
187.81 1 0.050374
187.81 2 0.0133687
187.91 1 0.050374
187.91 2 0.0133687
188.01 1 0.050374
188.01 2 0.0133687
188.11 1 0.050374
188.11 2 0.0133687
188.21 1 0.050374
188.21 2 0.0133687
188.31 1 0.050374
188.31 2 0.0133687
188.41 1 0.050374
188.41 2 0.0133687
188.51 1 0.050374
188.51 2 0.0133687
188.61 1 0.050374
188.61 2 0.0133687
188.71 1 0.050374
188.71 2 0.0133687
188.81 1 0.050374
188.81 2 0.0133687
188.91 1 0.050374
188.91 2 0.0133687
189.01 1 0.050374
189.01 2 0.0133687
189.11 1 0.050374
189.11 2 0.0133687
189.21 1 0.050374
189.21 2 0.0133687
189.31 1 0.050374
189.31 2 0.0133687
189.41 1 0.050374
189.41 2 0.0133687
189.51 1 0.050374
189.51 2 0.0133687
189.61 1 0.050374
189.61 2 0.0133687
189.71 1 0.050374
189.71 2 0.0133687
189.81 1 0.050374
189.81 2 0.0133687
189.91 1 0.050374
189.91 2 0.0133687
190.01 1 0.050374
190.01 2 0.0133687
190.11 1 0.050374
190.11 2 0.0133687
190.21 1 0.050374
190.21 2 0.0133687
190.31 1 0.050374
190.31 2 0.0133687
190.41 1 0.050374
190.41 2 0.0133687
190.51 1 0.050374
190.51 2 0.0133687
190.61 1 0.050374
190.61 2 0.0133687
190.71 1 0.050374
190.71 2 0.0133687
190.81 1 0.050374
190.81 2 0.0133687
190.91 1 0.050374
190.91 2 0.0133687
191.01 1 0.050374
191.01 2 0.0133687
191.11 1 0.050374
191.11 2 0.0133687
191.21 1 0.050374
191.21 2 0.0133687
191.31 1 0.050374
191.31 2 0.0133687
191.41 1 0.050374
191.41 2 0.0133687
191.51 1 0.050374
191.51 2 0.0133687
191.61 1 0.050374
191.61 2 0.0133687
191.71 1 0.050374
191.71 2 0.0133687
191.81 1 0.050374
191.81 2 0.0133687
191.91 1 0.050374
191.91 2 0.0133687
192.01 1 0.050374
192.01 2 0.0133687
192.11 1 0.050374
192.11 2 0.0133687
192.21 1 0.050374
192.21 2 0.0133687
192.31 1 0.050374
192.31 2 0.0133687
192.41 1 0.050374
192.41 2 0.0133687
192.51 1 0.050374
192.51 2 0.0133687
192.61 1 0.050374
192.61 2 0.0133687
192.71 1 0.050374
192.71 2 0.0133687
192.81 1 0.050374
192.81 2 0.0133687
192.91 1 0.050374
192.91 2 0.0133687
193.01 1 0.050374
193.01 2 0.0133687
193.11 1 0.050374
193.11 2 0.0133687
193.21 1 0.050374
193.21 2 0.0133687
193.31 1 0.050374
193.31 2 0.0133687
193.41 1 0.050374
193.41 2 0.0133687
193.51 1 0.050374
193.51 2 0.0133687
193.61 1 0.050374
193.61 2 0.0133687
193.71 1 0.050374
193.71 2 0.0133687
193.81 1 0.050374
193.81 2 0.0133687
193.91 1 0.050374
193.91 2 0.0133687
194.01 1 0.050374
194.01 2 0.0133687
194.11 1 0.050374
194.11 2 0.0133687
194.21 1 0.050374
194.21 2 0.0133687
194.31 1 0.050374
194.31 2 0.0133687
194.41 1 0.050374
194.41 2 0.0133687
194.51 1 0.050374
194.51 2 0.0133687
194.61 1 0.050374
194.61 2 0.0133687
194.71 1 0.050374
194.71 2 0.0133687
194.81 1 0.050374
194.81 2 0.0133687
194.91 1 0.050374
194.91 2 0.0133687
195.01 1 0.050374
195.01 2 0.0133687
195.11 1 0.050374
195.11 2 0.0133687
195.21 1 0.050374
195.21 2 0.0133687
195.31 1 0.050374
195.31 2 0.0133687
195.41 1 0.050374
195.41 2 0.0133687
195.51 1 0.050374
195.51 2 0.0133687
195.61 1 0.050374
195.61 2 0.0133687
195.71 1 0.050374
195.71 2 0.0133687
195.81 1 0.050374
195.81 2 0.0133687
195.91 1 0.050374
195.91 2 0.0133687
196.01 1 0.050374
196.01 2 0.0133687
196.11 1 0.050374
196.11 2 0.0133687
196.21 1 0.050374
196.21 2 0.0133687
196.31 1 0.050374
196.31 2 0.0133687
196.41 1 0.050374
196.41 2 0.0133687
196.51 1 0.050374
196.51 2 0.0133687
196.61 1 0.050374
196.61 2 0.0133687
196.71 1 0.050374
196.71 2 0.0133687
196.81 1 0.050374
196.81 2 0.0133687
196.91 1 0.050374
196.91 2 0.0133687
197.01 1 0.050374
197.01 2 0.0133687
197.11 1 0.050374
197.11 2 0.0133687
197.21 1 0.050374
197.21 2 0.0133687
197.31 1 0.050374
197.31 2 0.0133687
197.41 1 0.050374
197.41 2 0.0133687
197.51 1 0.050374
197.51 2 0.0133687
197.61 1 0.050374
197.61 2 0.0133687
197.71 1 0.050374
197.71 2 0.0133687
197.81 1 0.050374
197.81 2 0.0133687
197.91 1 0.050374
197.91 2 0.0133687
198.01 1 0.050374
198.01 2 0.0133687
198.11 1 0.050374
198.11 2 0.0133687
198.21 1 0.050374
198.21 2 0.0133687
198.31 1 0.050374
198.31 2 0.0133687
198.41 1 0.050374
198.41 2 0.0133687
198.51 1 0.050374
198.51 2 0.0133687
198.61 1 0.050374
198.61 2 0.0133687
198.71 1 0.050374
198.71 2 0.0133687
198.81 1 0.050374
198.81 2 0.0133687
198.91 1 0.050374
198.91 2 0.0133687
199.01 1 0.050374
199.01 2 0.0133687
199.11 1 0.050374
199.11 2 0.0133687
199.21 1 0.050374
199.21 2 0.0133687
199.31 1 0.050374
199.31 2 0.0133687
199.41 1 0.050374
199.41 2 0.0133687
199.51 1 0.050374
199.51 2 0.0133687
199.61 1 0.050374
199.61 2 0.0133687
199.71 1 0.050374
199.71 2 0.0133687
199.81 1 0.050374
199.81 2 0.0133687
199.91 1 0.050374
199.91 2 0.0133687
200.01 1 0.050374
200.01 2 0.0133687
200.11 1 0.050374
200.11 2 0.0133687
200.21 1 0.050374
200.21 2 0.0133687
200.31 1 0.050374
200.31 2 0.0133687
200.41 1 0.050374
200.41 2 0.0133687
200.51 1 0.050374
200.51 2 0.0133687
200.61 1 0.050374
200.61 2 0.0133687
200.71 1 0.050374
200.71 2 0.0133687
200.81 1 0.050374
200.81 2 0.0133687
200.91 1 0.050374
200.91 2 0.0133687
