0.0 0
0.114201 0.104
0.219224 0.104125
0.226411 0.104734
0.233608 0.105268
0.240805 0.105609
0.248002 0.106033
0.324236 0.115029
0.331434 0.114275
0.338631 0.113491
0.345828 0.112804
0.353025 0.112329
0.360223 0.111913
0.36742 0.111549
0.374617 0.111105
0.381814 0.110717
0.429249 0.115502
0.436446 0.11469
0.443643 0.113853
0.45084 0.113122
0.458038 0.112606
0.465235 0.112156
0.472432 0.111761
0.479629 0.111291
0.486827 0.11088
0.534261 0.115645
0.541458 0.114814
0.548655 0.113962
0.555853 0.113217
0.56305 0.11269
0.570247 0.112229
0.577444 0.111825
0.595451 0.111847
0.849325 0.122741
0.857215 0.121148
0.864413 0.11963
0.87161 0.118301
0.878807 0.117014
0.886004 0.116012
0.893202 0.115135
0.900399 0.114368
0.907596 0.113697
0.914793 0.112985
0.957936 0.112362
0.965826 0.111817
0.973024 0.111465
0.980221 0.111157
0.987418 0.110887
0.994615 0.110526
1.00181 0.11021
1.00901 0.110059
1.01621 0.109927
1.0234 0.109811
1.06655 0.10971
1.07444 0.109621
1.08163 0.109418
1.08883 0.109241
1.09603 0.109211
1.10323 0.109184
1.11042 0.109161
1.11762 0.109016
1.12482 0.108889
1.13202 0.108903
1.17516 0.108915
1.18305 0.108926
1.19025 0.108935
1.19744 0.108943
1.20464 0.108825
1.21184 0.108722
1.21903 0.108757
1.22623 0.108787
1.23704 0.109314
1.45428 0.116525
1.49741 0.115584
1.5046 0.114761
1.5118 0.113916
1.519 0.113176
1.5262 0.112654
1.53339 0.112198
1.54059 0.111798
1.54779 0.111323
1.55498 0.110908
1.56218 0.110669
1.60242 0.114586
1.60962 0.113762
1.61681 0.113042
1.62401 0.112537
1.63121 0.112095
1.6384 0.111708
1.6456 0.111369
1.6528 0.110948
1.66 0.11058
1.66719 0.110382
1.70743 0.114334
1.71463 0.113543
1.72183 0.11285
1.72902 0.112369
1.73622 0.111948
1.74342 0.111579
1.75061 0.111132
1.75781 0.11074
1.76501 0.110523
1.77221 0.110332
1.81244 0.114291
1.81964 0.113504
1.82684 0.112816
1.83403 0.112339
1.84123 0.111922
1.84843 0.111557
1.85563 0.111112
1.86282 0.110723
1.87002 0.110508
1.87722 0.110319
1.91746 0.114279
1.92465 0.113494
1.93185 0.112808
1.93905 0.112332
1.94624 0.111915
1.95344 0.111551
1.96064 0.111107
1.96784 0.110719
1.97503 0.110504
1.98223 0.110316
2.02247 0.114276
2.02966 0.113492
2.03686 0.112805
2.04406 0.11233
2.05126 0.111913
2.05845 0.111549
2.06565 0.111106
2.07285 0.110717
2.08005 0.110503
2.08724 0.110315
2.12748 0.114276
2.13468 0.113491
2.14187 0.112805
2.14907 0.112329
2.15627 0.111913
2.16347 0.111549
2.38072 0.12248
2.38791 0.12067
2.39511 0.119211
2.40231 0.117935
2.4095 0.116818
2.4167 0.115716
2.4239 0.114751
2.4311 0.114032
2.43829 0.113403
2.44549 0.112853
2.45269 0.112246
2.48933 0.111841
2.49652 0.111485
2.50372 0.11105
2.51092 0.110669
2.51812 0.11046
2.52531 0.110278
2.53251 0.110118
2.53971 0.109853
2.5469 0.109621
2.5541 0.109544
2.5613 0.109476
2.80799 0.120666
2.81519 0.119208
2.82238 0.117932
2.82958 0.116816
2.83678 0.115714
2.84398 0.114749
2.85117 0.114031
2.85837 0.113402
2.86557 0.112852
2.87276 0.112245
2.87996 0.111715
2.913 0.114625
2.9202 0.113922
2.9274 0.113307
2.93459 0.112768
2.94179 0.112172
2.94899 0.111651
2.95619 0.111319
2.96338 0.11103
2.97058 0.110776
2.97778 0.110429
2.98497 0.110125
3.01801 0.113235
3.02521 0.112705
3.03241 0.112242
3.03961 0.111837
3.0468 0.111357
3.054 0.111063
3.0612 0.110805
3.06839 0.110579
3.07559 0.110382
3.08279 0.110084
3.08999 0.109824
3.12303 0.112971
3.13022 0.112474
3.13742 0.11204
3.14462 0.111535
3.15182 0.111093
3.15901 0.110831
3.16621 0.110603
3.17341 0.110402
3.1806 0.110227
3.1878 0.109949
3.195 0.109705
3.22804 0.112867
3.23524 0.112384
3.24243 0.111961
3.24963 0.111466
3.25683 0.111032
3.26402 0.110778
3.27122 0.110556
3.27842 0.110361
3.28562 0.110066
3.29281 0.109808
3.30001 0.109707
3.33305 0.112869
3.34025 0.112385
3.34745 0.111962
3.35464 0.111467
3.36184 0.111033
3.36904 0.110779
3.37623 0.110557
3.38343 0.110362
3.39063 0.110067
3.39783 0.109809
3.40502 0.109707
3.43806 0.112869
3.44526 0.112385
3.45246 0.111962
3.45965 0.111467
3.46685 0.111034
3.47405 0.110779
3.48125 0.110557
3.48844 0.110362
3.49564 0.110067
3.50284 0.109809
3.51004 0.109708
3.54308 0.112869
3.55027 0.112385
3.55747 0.111962
3.56467 0.111467
3.57186 0.111034
3.57906 0.110779
3.58626 0.110557
3.59346 0.110362
3.60065 0.110067
3.60785 0.109809
3.61505 0.109708
3.64809 0.112869
3.65528 0.112386
3.66248 0.111962
3.66968 0.111467
3.67688 0.111034
3.68407 0.110779
3.69127 0.110557
3.69847 0.110362
3.70567 0.110067
3.71286 0.109809
3.72006 0.109708
3.7531 0.112869
3.7603 0.112386
3.76749 0.111962
3.77469 0.111467
3.78189 0.111034
3.78909 0.110779
3.79628 0.110557
3.80348 0.110362
3.81068 0.110067
3.81787 0.109809
3.82507 0.109708
3.85811 0.112869
3.86531 0.112386
3.87251 0.111962
3.8797 0.111467
3.8869 0.111034
3.8941 0.110779
3.9013 0.110557
3.90849 0.110362
3.91569 0.110067
3.93008 0.109934
3.96312 0.113067
3.97032 0.112559
3.97752 0.112114
3.98472 0.1116
3.99191 0.11115
3.99911 0.110881
4.00631 0.110646
4.01351 0.11044
4.0207 0.110135
4.0351 0.110868
4.04229 0.110635
4.06814 0.112805
4.07533 0.11233
4.08253 0.111913
4.08973 0.111424
4.09693 0.110996
4.10412 0.110747
4.11132 0.110528
4.11852 0.110337
4.12571 0.110045
4.14011 0.11079
4.14731 0.110566
4.17315 0.112745
4.18035 0.112277
4.18754 0.111867
4.19474 0.111384
4.20194 0.110961
4.20914 0.110716
4.21633 0.110501
4.22353 0.110314
4.23073 0.110024
4.24512 0.110771
4.25232 0.11055
4.27816 0.112731
4.28536 0.112265
4.50261 0.123107
4.50981 0.121218
4.517 0.119691
4.5242 0.118355
4.5314 0.117185
4.53859 0.116162
4.54579 0.115142
4.55299 0.114249
4.56019 0.113593
4.56738 0.113019
4.57458 0.112517
4.58178 0.111952
4.79541 0.119583
4.82847 0.11826
4.83567 0.116978
4.84286 0.115855
4.85006 0.114998
4.85726 0.114249
4.86445 0.113593
4.87165 0.112894
4.87885 0.112282
5.10692 0.111747
5.11412 0.111403
5.20115 0.121103
5.20835 0.11959
5.21555 0.118266
5.22274 0.116983
5.22994 0.11586
5.23714 0.115003
5.24434 0.114252
5.25153 0.113596
5.25873 0.112896
5.26593 0.112284
5.27312 0.111874
5.28032 0.111514
5.28752 0.1112
5.30616 0.1123
5.31696 0.111763
5.32416 0.111417
5.33135 0.111115
5.33855 0.110851
5.34575 0.110494
5.35295 0.110183
5.36014 0.110035
5.36734 0.109905
5.37454 0.109792
5.38174 0.109568
5.38893 0.109372
5.39613 0.109326
5.41478 0.10916
5.42557 0.10914
5.43277 0.108997
5.43997 0.108873
5.44716 0.108889
5.45436 0.108903
5.46156 0.108915
5.46875 0.1088
5.47595 0.1087
5.48315 0.108738
5.49035 0.108771
5.49754 0.108799
5.50474 0.108699
5.69679 0.114987
5.74423 0.114239
5.75143 0.113584
5.75863 0.112886
5.76583 0.112275
5.77302 0.111866
5.78383 0.111882
5.92843 0.114147
6.00467 0.113379
6.01186 0.112706
6.01906 0.112243
6.02626 0.111838
6.03346 0.111483
6.04065 0.111048
6.04785 0.110667
6.05505 0.110458
6.06225 0.110276
6.06944 0.110117
6.07664 0.109852
6.08384 0.10962
6.09103 0.109543
6.10968 0.11085
6.11688 0.110494
6.12407 0.110307
6.13127 0.110144
6.13847 0.110001
6.14567 0.109751
6.15286 0.109532
6.16726 0.109465
6.17446 0.109407
6.18165 0.109231
6.18885 0.109077
6.19605 0.109068
6.21469 0.110434
6.22189 0.11013
6.22909 0.109989
6.23628 0.109865
6.24348 0.109757
6.25068 0.109537
6.25788 0.109345
6.27227 0.110177
6.27947 0.11003
6.28666 0.109776
6.29386 0.109554
6.30106 0.109485
6.30826 0.109424
6.3197 0.109871
6.3269 0.109637
6.3341 0.109558
6.3413 0.109488
6.34849 0.109427
6.35569 0.109249
6.36289 0.109093
6.37728 0.109956
6.38448 0.109836
6.39168 0.109607
6.39887 0.109406
6.40607 0.109355
6.41327 0.109311
6.42472 0.109772
6.43191 0.109551
6.43911 0.109482
6.44631 0.109421
6.45351 0.109369
6.4607 0.109198
6.4679 0.109048
6.48229 0.109917
6.48949 0.109802
6.49669 0.109577
6.50389 0.10938
6.51108 0.109332
6.51828 0.109291
6.52973 0.109755
6.53693 0.109535
6.54412 0.109468
6.55132 0.10941
6.55852 0.109359
6.56572 0.109189
6.57291 0.10904
6.58731 0.10991
6.5945 0.109796
6.6017 0.109572
6.6089 0.109375
6.6161 0.109328
6.62329 0.109287
6.63474 0.109751
6.64194 0.109533
6.64914 0.109466
6.65633 0.109408
6.66353 0.109357
6.67073 0.109187
6.67792 0.109039
6.69232 0.109909
6.69952 0.109795
6.70671 0.109571
6.71391 0.109375
6.72111 0.109328
6.72831 0.109287
6.73975 0.109751
6.74695 0.109532
6.75415 0.109466
6.76135 0.109407
6.76854 0.109356
6.77574 0.109187
6.78294 0.109039
6.79733 0.109909
6.80453 0.109795
6.81173 0.109571
6.81892 0.109374
6.82612 0.109328
6.83332 0.109287
6.84477 0.109751
6.85196 0.109532
6.85916 0.109465
6.86636 0.109407
6.87355 0.109356
6.88075 0.109187
6.88795 0.109038
6.90234 0.109909
6.90954 0.109795
6.91674 0.109571
6.92394 0.109374
6.93113 0.109328
6.93833 0.109287
6.94978 0.109751
6.95698 0.109532
6.96417 0.109465
6.97137 0.109407
6.97857 0.109356
6.98576 0.109187
6.99296 0.109038
7.00736 0.109909
7.01455 0.109795
7.02175 0.109571
7.02895 0.109374
7.03614 0.109328
7.04334 0.109287
7.05479 0.109751
7.06199 0.109532
7.06918 0.109465
7.07638 0.109407
7.09078 0.109231
7.09797 0.109077
7.11237 0.109943
7.11957 0.109825
7.12676 0.109597
7.13396 0.109397
7.14116 0.109348
7.14835 0.109304
7.1598 0.109766
7.167 0.109545
7.1742 0.109477
7.18139 0.109418
7.19579 0.11024
7.20299 0.10996
7.21018 0.10984
7.21738 0.109735
7.22458 0.109643
7.23177 0.109438
7.23897 0.109258
7.24617 0.109226
7.25337 0.109198
7.26481 0.109673
7.27201 0.109589
7.27921 0.109515
7.28641 0.109451
7.3008 0.110269
7.308 0.109986
7.3152 0.109863
7.32239 0.109755
7.32959 0.10966
7.33679 0.109453
7.34398 0.109271
7.35118 0.109237
7.35838 0.109208
7.36983 0.109682
7.37702 0.109596
7.38422 0.109522
7.39142 0.109457
7.40581 0.11015
7.41301 0.110006
7.42021 0.10988
7.4274 0.10977
7.4346 0.109674
7.4418 0.109465
7.449 0.109282
7.45619 0.109246
7.46339 0.109216
7.47484 0.109689
7.48204 0.109603
7.48923 0.109527
7.49643 0.109461
7.51083 0.110154
7.51802 0.110009
7.52522 0.109883
7.53242 0.109773
7.53961 0.109551
7.54681 0.109357
7.55401 0.109313
7.56121 0.109274
7.5684 0.109239
7.57985 0.109709
7.58705 0.109621
7.59425 0.109543
7.60144 0.109475
7.61584 0.110166
7.62303 0.11002
7.63023 0.109893
7.63743 0.109781
7.64463 0.109558
7.65182 0.109364
7.65902 0.109318
7.66622 0.109278
7.68486 0.109619
7.69206 0.109541
7.69926 0.109474
7.70646 0.109414
7.72085 0.110113
7.72805 0.109974
7.73524 0.109852
7.74244 0.109745
7.74964 0.109527
7.75684 0.109336
7.76403 0.109294
7.77123 0.109257
7.78988 0.1106
7.79707 0.1104
7.80427 0.110225
7.81147 0.110072
7.81866 0.109813
7.82586 0.109586
7.83306 0.109513
7.84026 0.109449
7.84745 0.109393
7.85465 0.109219
7.86185 0.109066
7.86905 0.109058
7.87624 0.109051
7.89489 0.110419
7.90209 0.110242
7.90928 0.110087
7.91648 0.109951
7.92368 0.109707
7.93087 0.109494
7.93807 0.109432
7.94527 0.109378
7.95247 0.109331
7.95966 0.109164
7.96686 0.109019
7.97406 0.109016
7.98126 0.109014
7.9999 0.110388
8.0071 0.110214
8.0143 0.110062
8.02149 0.10993
8.02869 0.109688
8.03589 0.109477
8.04308 0.109418
8.05028 0.109365
8.05748 0.10932
8.06468 0.109155
8.07187 0.10901
8.07907 0.109009
8.08627 0.109008
8.10491 0.110382
8.11211 0.110209
8.1265 0.110058
8.1337 0.109801
8.1409 0.109576
8.1481 0.109504
8.15529 0.109441
8.16249 0.109386
8.16969 0.109212
8.17689 0.109061
8.18408 0.109053
8.19128 0.109047
8.20993 0.110416
8.21712 0.110239
8.23152 0.110959
8.23871 0.110589
8.24591 0.110265
8.25311 0.110107
8.26031 0.109969
8.27112 0.110348
8.48475 0.121429
8.49195 0.119751
8.49915 0.118407
8.50634 0.117231
8.51354 0.116202
8.52074 0.115177
8.52794 0.11428
8.53513 0.11362
8.54233 0.113042
8.54953 0.112537
8.55673 0.11197
8.56392 0.111474
8.57112 0.111164
8.58976 0.112269
8.59696 0.111735
8.61136 0.111393
8.61855 0.111094
8.62575 0.110707
8.63295 0.110369
8.64015 0.110198
8.86098 0.121673
8.86818 0.120089
8.87537 0.118703
8.88257 0.11749
8.88977 0.116304
8.89697 0.115266
8.90416 0.114483
8.91136 0.113797
8.91856 0.113198
8.92576 0.112548
8.93295 0.111979
8.94015 0.111607
8.94735 0.111281
8.97319 0.110996
8.98039 0.110746
8.98758 0.110528
8.99478 0.110212
9.00198 0.109936
9.00918 0.109819
9.01637 0.109716
9.02357 0.109627
9.03077 0.109423
9.03796 0.109246
9.04516 0.109215
9.05236 0.109188
9.0782 0.111539
9.0854 0.111222
9.0926 0.110944
9.09979 0.110576
9.10699 0.110254
9.11419 0.110097
9.12139 0.10996
9.12858 0.10984
9.13578 0.10961
9.14298 0.109409
9.15017 0.109358
9.15737 0.109313
9.16457 0.109274
9.18321 0.110615
9.19041 0.110413
9.19761 0.110236
9.20481 0.109957
9.212 0.109837
9.42925 0.120982
9.43645 0.119485
9.44365 0.118049
9.45084 0.116793
9.45804 0.115819
9.46524 0.114966
9.47244 0.114221
9.47963 0.113443
9.48683 0.112763
9.49403 0.112292
9.50122 0.111881
9.50842 0.111521
9.51562 0.111081
9.52282 0.110696
9.53786 0.110359
9.54506 0.110189
9.55226 0.11004
9.55945 0.10991
9.56665 0.109671
9.57385 0.109462
9.58105 0.109405
9.58824 0.109354
9.59544 0.10931
9.60264 0.109146
9.60984 0.109003
9.61703 0.109002
9.62423 0.109002
9.63143 0.109002
9.64647 0.109002
9.65367 0.108876
9.66087 0.108767
9.66807 0.108796
9.67526 0.108822
9.68246 0.108844
9.68966 0.108738
9.69685 0.108646
9.70405 0.10869
9.71125 0.108729
9.71845 0.108763
9.72564 0.108668
9.73284 0.108584
9.74004 0.108636
9.75509 0.108682
9.76228 0.108721
9.76948 0.108756
9.77668 0.108662
9.78387 0.108579
9.79107 0.108632
9.79827 0.108678
9.80547 0.108718
9.81266 0.108628
9.81986 0.10855
9.82706 0.108606
9.83425 0.108655
9.84145 0.108698
9.84865 0.108611
9.8637 0.108535
9.87089 0.108468
9.87809 0.108534
9.88529 0.108593
9.89248 0.108643
9.89968 0.108563
9.90688 0.108493
9.91408 0.108556
9.92127 0.108612
9.92847 0.10866
9.93567 0.108578
9.94287 0.108505
9.95006 0.108567
9.95726 0.108621
9.97231 0.108669
9.9795 0.10871
9.9867 0.108621
9.9939 0.108544
10.0011 0.108601
10.0083 0.108651
10.0155 0.108694
10.0227 0.108607
10.0299 0.108532
10.0371 0.10859
10.0443 0.108641
10.0515 0.108686
10.0587 0.1086
10.0659 0.108525
10.0809 0.10846
10.0881 0.108527
10.0953 0.108586
10.1025 0.108638
10.1097 0.108558
10.1169 0.108488
10.1241 0.108552
10.1313 0.108608
10.1385 0.108657
10.1457 0.108575
10.1529 0.108503
10.1601 0.108565
10.1673 0.10862
10.1745 0.108667
10.1895 0.108709
10.1967 0.10862
10.2039 0.108543
10.2111 0.1086
10.3161 0.1209
10.537 0.119287
10.6384 0.118001
10.6456 0.116876
10.747 0.115892
10.7542 0.11503
10.8556 0.114151
10.8628 0.113383
10.9642 0.112835
10.9714 0.112355
11.0728 0.111811
11.08 0.11146
11.1814 0.111152
11.1886 0.110758
11.2901 0.110538
11.2973 0.110346
11.3987 0.110053
11.4059 0.109796
11.5073 0.109697
11.5145 0.10961
11.6159 0.109408
11.6231 0.109357
11.7245 0.109313
11.7317 0.109149
11.8331 0.10913
11.8403 0.109114
11.9417 0.108975
11.9489 0.108853
12.0503 0.108871
12.0575 0.108887
12.1589 0.108776
12.1661 0.108804
12.2676 0.108829
12.2748 0.108725
12.3762 0.10876
12.3834 0.10879
12.4848 0.108691
12.492 0.108605
12.5934 0.108654
12.6006 0.108697
12.7092 0.108735
12.8178 0.108643
12.825 0.108688
12.9264 0.108727
12.9336 0.108636
13.035 0.108681
13.0422 0.108721
13.1436 0.108631
13.1508 0.108552
13.2523 0.108608
13.2595 0.108657
13.3609 0.108575
13.3681 0.108628
13.4695 0.108675
13.4767 0.10859
13.5781 0.108642
13.5853 0.108686
13.6867 0.108601
13.6939 0.108525
13.7953 0.108585
13.8025 0.108637
13.9039 0.108557
13.9111 0.108612
14.0125 0.108661
14.0197 0.108578
14.1211 0.108631
14.1283 0.108677
14.2298 0.108592
14.2369 0.108518
14.3384 0.108579
14.3456 0.108631
14.447 0.108552
14.4542 0.108608
14.5556 0.108657
14.5628 0.108575
14.6642 0.108628
14.6714 0.108675
14.7728 0.10859
14.78 0.108642
14.8814 0.108686
14.8886 0.108601
14.99 0.108651
14.9972 0.108694
15.0986 0.108607
15.1058 0.108531
15.2072 0.10859
15.2144 0.108641
15.3159 0.108561
15.3231 0.108616
15.4245 0.108664
15.4317 0.108581
15.5331 0.108633
15.5403 0.108679
15.6417 0.108594
15.6489 0.10852
15.7503 0.10858
15.7575 0.108633
15.8589 0.108553
15.8661 0.108609
15.9675 0.108658
15.9747 0.108576
16.0761 0.108629
16.0833 0.108675
16.1847 0.108591
16.1919 0.108517
16.2934 0.108577
16.3006 0.10863
16.402 0.108551
16.4092 0.108607
16.5178 0.108532
16.6264 0.10859
16.6336 0.108641
16.735 0.108561
16.7422 0.108616
16.8436 0.108664
16.8508 0.108581
16.9522 0.108633
16.9594 0.108679
17.0608 0.108594
17.068 0.108645
17.1694 0.108689
17.1766 0.108603
17.2781 0.108653
17.2853 0.108696
17.3867 0.108609
17.3939 0.108533
17.4953 0.108591
17.5025 0.108642
17.6039 0.108562
17.6111 0.108617
17.7125 0.108665
17.7197 0.108582
17.8211 0.108634
17.8283 0.10868
17.9297 0.108595
17.9369 0.10852
18.0383 0.10858
18.0455 0.108633
18.1469 0.108554
18.1541 0.108609
18.2556 0.108658
18.2627 0.108576
18.3642 0.108629
18.3714 0.108675
18.4728 0.108591
18.48 0.108517
18.5814 0.108577
18.5886 0.10863
18.69 0.108551
18.6972 0.108608
18.7986 0.108657
18.8058 0.108575
18.9072 0.108628
18.9144 0.108674
19.0158 0.10859
19.023 0.108641
19.1244 0.108686
19.1316 0.1086
19.233 0.10865
19.2402 0.108694
19.3417 0.108607
19.3489 0.108531
19.4503 0.10859
19.4575 0.108641
19.5589 0.108561
19.5661 0.108616
19.6675 0.108664
19.6747 0.108581
19.7761 0.108633
19.7833 0.108679
19.8847 0.108594
19.8919 0.10852
19.9933 0.10858
20.0005 0.108632
20.1019 0.108553
20.1091 0.108609
20.2105 0.108658
20.2177 0.108576
20.3192 0.108629
20.3264 0.108675
20.4278 0.108591
20.435 0.108517
20.5364 0.108577
20.6414 0.12088
20.9637 0.11927
21.0651 0.117986
21.1701 0.129113
21.2751 0.138849
21.3801 0.147368
21.4851 0.154822
21.5901 0.161344
21.6951 0.167051
21.8002 0.172045
21.9052 0.176414
22.0102 0.180237
22.1152 0.183583
22.2202 0.18651
22.3252 0.189071
22.4302 0.191312
22.5352 0.193273
22.6403 0.194989
22.7453 0.19649
22.8503 0.197804
22.9553 0.198954
23.0603 0.199959
23.1653 0.200839
23.2703 0.20161
23.3753 0.202283
23.4803 0.202873
23.5854 0.203389
23.6904 0.20384
23.7954 0.204235
23.9004 0.204581
24.0054 0.204883
24.1104 0.205148
24.2154 0.205254
24.3204 0.205348
24.4255 0.205429
24.5305 0.2055
24.6355 0.205563
24.7405 0.205618
24.8455 0.205665
24.9505 0.205707
25.0555 0.205744
25.1605 0.205776
25.2656 0.205804
25.3706 0.205828
25.4756 0.20585
25.5806 0.205869
25.6856 0.205885
25.7906 0.205899
25.8956 0.205912
26.0006 0.205923
26.1057 0.205933
26.2107 0.205941
26.3157 0.205948
26.4207 0.205955
26.5257 0.20596
26.6307 0.205965
26.7357 0.20597
26.8407 0.205974
26.9458 0.205977
27.0508 0.20598
27.1558 0.205982
27.2608 0.205984
27.3658 0.205986
27.4708 0.205988
27.5758 0.20599
27.9274 0.195616
27.9346 0.184664
27.9418 0.175081
27.949 0.166821
27.9562 0.159593
27.9634 0.153269
27.9706 0.147735
27.9778 0.142768
27.985 0.138422
27.9922 0.134745
27.9994 0.131527
28.0066 0.128711
28.036 0.126247
28.0432 0.124091
28.0504 0.122205
28.0576 0.120429
28.0648 0.118875
28.072 0.117641
28.0792 0.116561
28.0864 0.115616
28.0936 0.114789
28.1008 0.11394
28.108 0.113198
28.1152 0.112673
28.1224 0.112214
28.1296 0.111812
28.1446 0.111336
28.1518 0.110919
28.159 0.110679
28.1662 0.110469
28.1734 0.110285
28.1806 0.11
28.1878 0.10975
28.195 0.109656
28.2022 0.109574
28.2094 0.109502
28.2166 0.109439
28.2238 0.10926
28.231 0.109227
28.2382 0.109199
28.2532 0.109174
28.2604 0.109152
28.2676 0.109008
28.2748 0.108882
28.282 0.108897
28.2892 0.10891
28.2964 0.108921
28.3036 0.108806
28.3108 0.108705
28.318 0.108742
28.3252 0.108774
28.3324 0.108802
28.3396 0.108702
28.3468 0.108614
28.3619 0.108538
28.3691 0.108595
28.3763 0.108646
28.3834 0.10869
28.3906 0.108604
28.3978 0.108528
28.405 0.108587
28.4122 0.108639
28.4194 0.108684
28.4266 0.108599
28.4338 0.108524
28.441 0.108583
28.4482 0.108635
28.4554 0.108681
28.4705 0.108721
28.4777 0.108631
28.4849 0.108552
28.4921 0.108608
28.4993 0.108657
28.5065 0.1087
28.5137 0.108612
28.5208 0.108536
28.528 0.108594
28.5352 0.108645
28.5424 0.108689
28.5496 0.108603
28.5568 0.108528
28.564 0.108587
28.5791 0.108638
28.5863 0.108683
28.5935 0.108723
28.6007 0.108633
28.6079 0.108554
28.6151 0.108609
28.6223 0.108658
28.6295 0.108701
28.6367 0.108613
28.6439 0.108537
28.6511 0.108595
28.6582 0.108645
28.6654 0.10869
28.6726 0.108603
28.6877 0.108528
28.6949 0.108462
28.7021 0.108529
28.7093 0.108588
28.7165 0.10864
28.7237 0.10856
28.7309 0.10849
28.7381 0.108553
28.7453 0.108609
28.7525 0.108658
28.7597 0.108576
28.7705 0.109004
28.9913 0.109003
28.9985 0.109003
29.0057 0.108878
29.0129 0.108768
29.0201 0.108797
29.0273 0.108822
29.0345 0.108845
29.0417 0.108739
29.0489 0.108647
29.0561 0.108691
29.0633 0.108729
29.0705 0.108763
29.0777 0.108668
29.0999 0.108584
29.1071 0.108636
29.1143 0.108682
29.1215 0.108722
29.1287 0.108631
29.1359 0.108552
29.1467 0.108983
29.3675 0.108985
29.3747 0.108862
29.3819 0.108754
29.3891 0.108785
29.3963 0.108812
29.4035 0.108836
29.4107 0.108731
29.4179 0.10864
29.4251 0.108685
29.4323 0.108724
29.4395 0.108759
29.4467 0.108664
29.4539 0.108581
29.4762 0.108633
29.4834 0.108679
29.4906 0.108719
29.4978 0.108629
29.5049 0.108551
29.5121 0.108607
29.5193 0.108656
29.5265 0.108699
29.5337 0.108612
29.5409 0.108535
29.5481 0.108593
29.5553 0.108644
29.5625 0.108689
29.5697 0.108603
29.5848 0.108527
29.592 0.108461
29.5992 0.108529
29.6064 0.108588
29.6136 0.108639
29.628 0.108559
29.6352 0.108614
29.6423 0.108663
29.6495 0.108705
29.6567 0.108617
29.6639 0.10854
29.6711 0.108597
29.6783 0.108647
29.6934 0.108692
29.7006 0.10873
29.7078 0.108639
29.715 0.108559
29.7222 0.108614
29.7366 0.108662
29.7438 0.10858
29.751 0.108507
29.7582 0.108569
29.7654 0.108623
29.7726 0.10867
29.7797 0.108586
29.7906 0.109013
30.015 0.109011
30.0222 0.10901
30.0294 0.109009
30.0366 0.109008
30.12 0.109007
30.1272 0.109006
30.1344 0.109005
30.3336 0.118004
30.3588 0.116754
30.366 0.115785
30.3732 0.114937
30.3804 0.114194
30.3876 0.11342
30.3948 0.112743
30.402 0.112275
30.4092 0.111865
30.4164 0.111507
30.4236 0.111069
30.4308 0.110685
30.438 0.110475
30.4452 0.11029
30.4524 0.110129
30.4639 0.110488
30.4711 0.110302
30.4819 0.110514
30.6955 0.121575
30.7027 0.119878
30.7099 0.118393
30.7171 0.117219
30.7243 0.116192
30.7315 0.115293
30.7387 0.114381
30.7459 0.113584
30.7531 0.113011
30.7603 0.112509
30.7675 0.112071
30.7747 0.111562
30.7819 0.111117
30.7891 0.110852
30.8005 0.11112
30.8077 0.11073
30.8149 0.110389
30.8221 0.110215
30.8293 0.110064
30.8365 0.109931
30.8437 0.109689
30.8509 0.109478
30.8581 0.109418
30.8653 0.109366
30.8725 0.10932
30.8797 0.109155
30.8869 0.109011
30.8941 0.109009
30.9055 0.109508
30.9127 0.10932
30.9199 0.109155
30.9271 0.109135
30.9343 0.109119
30.9415 0.109104
31.1696 0.109091
31.1768 0.108954
31.184 0.108835
31.1912 0.108856
31.1984 0.108874
31.2056 0.10889
31.2128 0.108778
31.22 0.108681
31.2271 0.108721
31.2343 0.108756
31.2415 0.108786
31.2487 0.108688
31.2559 0.108602
31.271 0.108527
31.2782 0.108586
31.2854 0.108638
31.2926 0.108683
31.2998 0.108598
31.307 0.108523
31.3142 0.108583
31.3214 0.108635
31.3286 0.10868
31.3358 0.108595
31.343 0.108521
31.3502 0.108581
31.3574 0.108633
31.3645 0.108679
31.3717 0.108594
31.3796 0.108645
31.3868 0.108564
31.394 0.108494
31.4012 0.108557
31.4084 0.108612
31.4156 0.108661
31.4228 0.108578
31.43 0.108506
31.4372 0.108568
31.4444 0.108622
31.4516 0.108669
31.4588 0.108585
31.466 0.108512
31.4732 0.108573
31.4804 0.108627
31.4882 0.108673
31.4954 0.108714
31.5026 0.10875
31.5098 0.108656
31.517 0.108574
31.5242 0.108627
31.5314 0.108674
31.5386 0.108715
31.5458 0.108625
31.553 0.108547
31.5602 0.108604
31.5674 0.108653
31.5746 0.108697
31.5818 0.10861
31.589 0.108533
31.5968 0.108467
31.604 0.108533
31.6112 0.108592
31.6184 0.108643
31.6256 0.108687
31.6328 0.108601
31.64 0.108651
31.6472 0.108695
31.6544 0.108733
31.6616 0.108766
31.6688 0.108671
31.676 0.108587
31.6832 0.108638
31.6904 0.108684
31.6976 0.108723
31.7054 0.108758
31.7126 0.108663
31.7198 0.10858
31.727 0.108633
31.7342 0.108679
31.7414 0.108719
31.7486 0.108629
31.7558 0.10855
31.763 0.108606
31.7702 0.108656
31.7774 0.108699
31.7846 0.108736
31.7918 0.108644
31.8062 0.108689
31.814 0.108728
31.8212 0.108762
31.8284 0.108792
31.8356 0.108693
31.8428 0.108606
31.85 0.108655
31.8572 0.108698
31.8644 0.108736
31.8716 0.108644
31.8788 0.108564
31.886 0.108618
31.8932 0.108666
31.9004 0.108708
31.9148 0.108619
31.922 0.108542
31.9292 0.108599
31.9364 0.108649
31.9436 0.108693
31.9508 0.108606
31.958 0.108531
31.9652 0.108589
31.9724 0.108641
31.9796 0.108686
31.9868 0.1086
31.994 0.108525
32.0012 0.108584
32.0084 0.108636
32.0156 0.108682
32.0234 0.108721
32.0306 0.108756
32.0378 0.108662
32.045 0.108704
32.0522 0.108741
32.0594 0.108773
32.0666 0.108802
32.0738 0.108702
32.081 0.108614
32.0882 0.108662
32.0954 0.108704
32.1026 0.108741
32.1098 0.108649
32.117 0.108568
32.5306 0.108622
32.5378 0.108544
32.6392 0.108601
32.6464 0.108651
32.7478 0.108569
32.755 0.108623
32.8564 0.10867
32.8636 0.108587
32.965 0.108638
32.9722 0.108683
33.0737 0.108598
33.0808 0.108523
33.1823 0.108583
33.1895 0.108635
33.2909 0.108556
33.2981 0.108611
33.3995 0.10866
33.4067 0.108577
33.5153 0.10863
33.6239 0.108551
33.6311 0.108607
33.7325 0.108657
33.7397 0.108574
33.8411 0.108628
33.9462 0.120924
34.167 0.119309
34.2684 0.11802
34.2756 0.116893
34.3734 0.127156
34.3806 0.124886
34.4784 0.134151
34.4856 0.130882
34.5834 0.139397
34.5906 0.135472
34.6884 0.143413
34.6956 0.138986
34.7935 0.146488
34.8007 0.141677
34.8985 0.148842
34.9057 0.143737
35.0035 0.150645
35.0107 0.145314
35.1085 0.152025
35.1157 0.146522
35.2135 0.153082
35.2207 0.147446
35.3185 0.153891
35.3257 0.148154
35.4235 0.15451
35.4307 0.148696
35.5285 0.154984
35.5357 0.149111
35.6336 0.155347
35.6408 0.149429
35.7386 0.155625
35.7458 0.149672
35.8436 0.155838
35.8508 0.149858
35.9486 0.156001
35.9558 0.150001
36.0536 0.156126
36.0608 0.15011
36.1622 0.156721
36.3795 0.150756
36.4773 0.156787
36.4845 0.150813
36.4917 0.145462
36.5859 0.140779
36.5931 0.136807
36.6003 0.133331
36.6945 0.130289
36.7017 0.127503
36.7089 0.125065
36.8031 0.123057
36.8103 0.1213
36.8175 0.119763
36.9117 0.118292
36.9189 0.117006
36.9261 0.116005
37.0203 0.115129
37.0275 0.114363
37.0347 0.113568
37.1289 0.112872
37.1361 0.112388
37.1433 0.111964
37.2376 0.111594
37.2448 0.111145
37.5678 0.110752
37.575 0.110408
37.6764 0.110232
37.6836 0.110078
37.785 0.109818
37.7922 0.109716
37.8936 0.109626
37.9008 0.109423
38.0022 0.10937
38.0094 0.109324
38.1108 0.109158
38.118 0.109139
38.2194 0.109121
38.2266 0.108981
38.328 0.108983
38.3352 0.108986
38.4366 0.108862
38.4438 0.108755
38.5453 0.108785
38.5525 0.108812
38.6539 0.108711
38.6611 0.108747
38.7625 0.108778
38.7697 0.108681
38.8711 0.108721
38.8783 0.108756
38.9797 0.108661
38.9869 0.108579
39.0883 0.108631
39.0955 0.108677
39.1969 0.108593
39.2041 0.108644
39.3055 0.108688
39.3127 0.108602
39.4141 0.108652
39.4213 0.108695
39.5228 0.108608
39.53 0.108532
39.6314 0.108591
39.6386 0.108642
39.74 0.108562
39.7472 0.108617
39.8486 0.108664
39.8558 0.108581
39.9572 0.108634
39.9644 0.10868
39.9716 0.10872
40.0622 0.11913
40.0694 0.117863
40.0766 0.116755
40.1672 0.126161
40.1744 0.124016
40.1816 0.122014
40.2722 0.130762
40.2794 0.128042
40.2866 0.125537
40.3773 0.133845
40.3844 0.130739
40.3916 0.127897
40.4823 0.13591
40.4895 0.132546
40.4967 0.129478
40.5873 0.137293
40.5945 0.133756
40.6017 0.130537
40.6923 0.13822
40.6995 0.134567
40.7067 0.131246
40.7973 0.138841
40.8045 0.13511
40.8117 0.131722
40.9023 0.139256
40.9095 0.135474
40.9167 0.13204
41.0073 0.139535
41.0145 0.135718
41.0217 0.132253
41.1123 0.139722
41.1195 0.135882
41.1267 0.132396
41.2173 0.139847
41.2245 0.135991
41.2317 0.132492
41.3224 0.139931
41.3296 0.136064
41.3368 0.132556
41.4274 0.139987
41.4346 0.136113
41.4418 0.132599
41.5324 0.140024
41.5396 0.136146
41.5468 0.132628
41.6374 0.140049
41.6446 0.136168
41.6518 0.132647
41.7424 0.140066
41.7496 0.136183
41.7568 0.13266
41.8474 0.140078
41.8546 0.136068
41.8618 0.132559
41.9524 0.13999
41.9596 0.135991
41.9668 0.132492
42.0574 0.13993
42.0646 0.135939
42.0718 0.132447
42.1625 0.139891
42.1697 0.135905
42.1769 0.132416
42.2675 0.139864
42.2747 0.135881
42.2819 0.132396
42.3725 0.139847
42.3797 0.135866
42.3869 0.132383
42.4775 0.139835
42.4847 0.135855
42.4919 0.132374
42.5825 0.139827
42.5897 0.135848
42.5969 0.132367
42.6875 0.139821
42.6947 0.135844
42.7019 0.132363
42.7925 0.139818
42.7997 0.135841
42.8069 0.132361
42.8975 0.139816
42.9047 0.135839
42.9119 0.132359
43.0026 0.139814
43.0098 0.135837
43.017 0.132358
43.1076 0.139813
43.1148 0.135836
43.122 0.132357
43.2126 0.139812
43.2198 0.135836
43.227 0.132356
43.3176 0.139812
43.3248 0.135835
43.332 0.132356
43.4226 0.139811
43.4298 0.135835
43.437 0.132481
43.5276 0.13992
43.5348 0.13593
43.542 0.132564
43.6326 0.139994
43.6398 0.135994
43.647 0.13262
43.7376 0.140043
43.7448 0.136037
43.9621 0.133533
44.0527 0.140841
44.0599 0.136736
44.0671 0.133269
44.0743 0.130235
44.1613 0.127581
44.1685 0.125258
44.1757 0.123101
44.1829 0.121213
44.2699 0.119562
44.2771 0.118241
44.2843 0.117086
44.2915 0.116076
44.3785 0.115191
44.3857 0.114292
44.3929 0.113506
44.4001 0.112942
44.4871 0.11245
44.4943 0.112018
44.5015 0.111641
44.5087 0.111186
44.5957 0.110788
44.6029 0.110439
44.6101 0.110259
44.6173 0.110102
44.7044 0.109964
44.7116 0.109844
44.9288 0.120988
44.936 0.11949
44.9432 0.118178
44.9504 0.117031
45.0338 0.125527
45.0446 0.123836
45.2583 0.133232
45.2655 0.130203
45.2727 0.127427
45.2799 0.124999
45.3633 0.132499
45.3705 0.129562
45.3777 0.126867
45.3849 0.124508
45.4683 0.13207
45.4755 0.129186
45.4827 0.126538
45.4899 0.124221
45.5733 0.131818
45.5805 0.128966
45.5877 0.126345
45.5949 0.124052
45.6783 0.13167
45.6855 0.128837
45.6927 0.126232
45.6999 0.123953
45.7833 0.131584
45.7905 0.128761
45.7977 0.126166
45.8049 0.123895
45.8883 0.131533
45.8955 0.128717
45.9027 0.126127
45.9099 0.123861
45.9934 0.131503
46.0005 0.128691
46.0077 0.126104
46.0149 0.123841
46.0984 0.131486
46.1056 0.128675
46.1128 0.126091
46.12 0.12383
46.2034 0.131476
46.2106 0.128666
46.2178 0.126083
46.225 0.123823
46.3084 0.13147
46.3156 0.128661
46.3228 0.126078
46.33 0.123819
46.4134 0.131466
46.4206 0.128658
46.4278 0.126076
46.435 0.123816
46.5184 0.131464
46.5256 0.128656
46.5328 0.126074
46.54 0.12394
46.6234 0.131572
46.6306 0.128626
46.6378 0.126048
46.645 0.123917
46.7284 0.131552
46.7356 0.128608
46.7428 0.126032
46.75 0.123903
46.8334 0.13154
46.8406 0.128598
46.8478 0.126023
46.855 0.123895
46.9385 0.131533
46.9457 0.128592
46.9529 0.126018
46.9601 0.12389
47.0435 0.131529
47.0507 0.128588
47.0579 0.126014
47.0651 0.123888
47.1485 0.131527
47.1557 0.128586
47.1629 0.126013
47.1701 0.123886
47.2535 0.131525
47.2607 0.128585
47.2679 0.126012
47.2751 0.123885
47.3585 0.131524
47.3657 0.128584
47.3729 0.126011
47.3801 0.123885
47.4635 0.131524
47.4707 0.128583
47.4779 0.126011
47.4851 0.123884
47.5685 0.131524
47.5757 0.128583
47.5829 0.12601
47.5901 0.123884
47.6735 0.131524
47.6807 0.128583
47.6879 0.12601
47.6951 0.123884
47.7786 0.131523
47.7858 0.128583
47.793 0.12601
47.8002 0.123884
47.8836 0.131523
47.8908 0.128583
47.898 0.12601
47.9052 0.123884
47.9886 0.131523
47.9958 0.128583
48.003 0.12601
48.0102 0.123884
48.0936 0.131523
48.1008 0.128583
48.108 0.12601
48.1152 0.123884
48.1986 0.131523
48.4159 0.139958
48.4231 0.136088
48.4303 0.132702
48.4375 0.129739
48.4446 0.127022
48.5245 0.124769
48.5317 0.122673
48.5389 0.120839
48.5461 0.119359
48.5533 0.118064
48.6331 0.116931
48.6403 0.11594
48.6475 0.115072
48.6547 0.114188
48.6619 0.113415
48.7417 0.112738
48.7489 0.112146
48.7561 0.111752
48.7633 0.111408
48.7705 0.111107
48.8503 0.110844
48.8575 0.110613
48.8647 0.110287
48.8719 0.110001
48.8791 0.109876
48.9589 0.109641
48.9661 0.109561
48.9733 0.109491
48.9805 0.10943
48.9877 0.109251
49.0675 0.10922
49.0747 0.109067
49.0819 0.108934
49.0891 0.108942
49.0963 0.108949
49.1761 0.108956
49.1833 0.108961
49.1905 0.108966
49.1977 0.108845
49.2049 0.10874
49.2847 0.108647
49.2919 0.108566
49.2991 0.10862
49.3063 0.108668
49.3135 0.108709
49.3934 0.108746
49.4006 0.108778
49.4078 0.10868
49.4149 0.108595
49.4221 0.108646
49.502 0.108565
49.5092 0.10862
49.52 0.109042
49.7336 0.120287
49.7408 0.118751
49.748 0.117532
49.7552 0.116466
49.7624 0.115532
49.8422 0.114716
49.8494 0.114001
49.8566 0.113251
49.8638 0.112595
49.871 0.112145
49.9508 0.111627
49.9796 0.111174
50.0594 0.110902
50.0882 0.110664
50.1681 0.110456
50.1968 0.110149
50.204 0.110006
50.2112 0.10988
50.2184 0.10977
50.2767 0.109549
50.3055 0.10948
50.3127 0.109295
50.3198 0.109133
50.327 0.109117
50.5953 0.117727
50.6241 0.116636
50.6313 0.115682
50.6385 0.114846
50.6457 0.113991
50.7003 0.119242
50.7291 0.120712
50.7363 0.119248
50.7435 0.117967
50.7507 0.116721
50.8054 0.121631
50.8341 0.122802
50.8413 0.121077
50.8485 0.119567
50.8557 0.118121
50.9104 0.122856
50.9392 0.123874
50.9464 0.122015
50.9535 0.120388
50.9607 0.118839
51.0154 0.123485
51.0442 0.124424
51.0514 0.122496
51.0586 0.120809
51.0658 0.119208
51.1204 0.123807
51.1492 0.124706
51.1564 0.122743
51.1636 0.121025
51.1708 0.119397
51.2254 0.123972
51.2542 0.124851
51.2614 0.122869
51.2686 0.121136
51.2758 0.119494
51.3304 0.124057
51.3592 0.1248
51.3664 0.122825
51.3736 0.121097
51.3808 0.11946
51.4354 0.124027
51.4642 0.124774
51.4714 0.122802
51.4786 0.121077
51.4858 0.119442
51.5404 0.124012
51.5692 0.12476
51.5764 0.12279
51.5836 0.120942
51.5908 0.119324
51.6455 0.123908
51.6742 0.12467
51.6814 0.122711
51.6886 0.120872
51.6958 0.119263
51.7505 0.123855
51.7793 0.124623
51.7865 0.12267
51.7936 0.120837
51.8008 0.119232
51.8555 0.123828
51.8843 0.1246
51.8915 0.12265
51.8987 0.120818
51.9059 0.119216
51.9605 0.123814
51.9893 0.124587
51.9965 0.122639
52.0037 0.120809
52.0109 0.119208
52.0655 0.123807
52.0943 0.124581
52.1015 0.122633
52.1087 0.120804
52.1159 0.119204
52.1705 0.123803
52.1993 0.124578
52.2065 0.122631
52.2137 0.120802
52.2209 0.119202
52.2755 0.123801
52.3043 0.124576
52.3115 0.122629
52.3187 0.120801
52.3259 0.1192
52.3805 0.1238
52.4093 0.124575
52.4165 0.122628
52.4237 0.1208
52.4309 0.1192
52.4855 0.1238
52.5143 0.124575
52.5215 0.122628
52.5287 0.1208
52.5359 0.1192
52.5906 0.1238
52.6194 0.124575
52.6265 0.122628
52.6337 0.120799
52.6409 0.119199
52.6992 0.1243
52.9344 0.133637
52.9423 0.130557
52.9495 0.127863
52.9567 0.12538
52.9639 0.123207
52.9711 0.121431
53.043 0.119878
53.0509 0.118393
53.0581 0.117219
53.0653 0.116191
53.0725 0.115292
53.0797 0.114381
53.1516 0.113583
53.1595 0.11301
53.1667 0.112384
53.1739 0.111836
53.1811 0.111482
53.1883 0.111171
53.2602 0.1109
53.2681 0.110662
53.2753 0.110455
53.2825 0.110273
53.2897 0.109989
53.2969 0.10974
53.3689 0.109523
53.3767 0.109332
53.3839 0.109166
53.3911 0.109145
53.3983 0.109127
53.4055 0.109111
53.4775 0.109097
53.4854 0.109085
53.4926 0.109074
53.4998 0.10894
53.507 0.108823
53.5141 0.108845
53.5861 0.108864
53.594 0.108756
53.6012 0.108787
53.6084 0.108813
53.6156 0.108837
53.6228 0.108732
53.6947 0.108641
53.7026 0.108685
53.7098 0.1086
53.717 0.108525
53.7242 0.108584
53.7314 0.108636
53.8033 0.108682
53.8112 0.108721
53.8184 0.108756
53.8256 0.108787
53.8328 0.108688
53.84 0.108602
53.9119 0.108527
53.9198 0.108461
53.927 0.108529
53.9342 0.108587
53.9414 0.108639
53.9486 0.108684
54.0205 0.108724
54.0284 0.108758
54.0356 0.108663
54.0428 0.10858
54.05 0.108633
54.0572 0.108679
54.1291 0.108719
54.137 0.108754
54.1442 0.108785
54.1514 0.108812
54.1586 0.10871
54.1658 0.108621
54.2377 0.108544
54.2456 0.108476
54.2528 0.108416
54.26 0.108489
54.2672 0.108553
54.2744 0.108609
54.3464 0.108658
54.3542 0.108701
54.3614 0.108738
54.3686 0.108646
54.3758 0.108565
54.383 0.108619
54.455 0.108542
54.4629 0.108474
54.4701 0.10854
54.4773 0.108597
54.4844 0.108648
54.4916 0.108567
54.5636 0.108621
54.5715 0.108668
54.5787 0.108585
54.5859 0.108512
54.5931 0.108573
54.6003 0.108626
54.6722 0.108673
54.6801 0.108714
54.6873 0.10875
54.6945 0.108781
54.7017 0.108683
54.7089 0.108598
54.7808 0.108523
54.7887 0.108458
54.7959 0.108401
54.8031 0.108475
54.8103 0.108541
54.8175 0.108598
54.8894 0.108649
54.8973 0.108693
54.9045 0.108731
54.9117 0.10864
54.9189 0.10856
54.9261 0.108615
54.998 0.108663
55.0059 0.10858
55.0131 0.108632
55.0203 0.108678
55.0275 0.108719
55.0347 0.108629
55.1066 0.10855
55.1145 0.108606
55.1217 0.108531
55.1289 0.108464
55.1361 0.108531
55.1433 0.10859
55.2152 0.108641
55.2231 0.108686
55.2303 0.108725
55.2375 0.10876
55.2447 0.108665
55.2519 0.108582
55.3239 0.108509
55.3317 0.108445
55.3389 0.10839
55.3461 0.108466
55.3533 0.108533
55.3605 0.108591
55.4325 0.108642
55.4476 0.108687
55.4548 0.108601
55.4619 0.108526
55.4691 0.108585
55.5411 0.108637
55.5562 0.108682
55.5634 0.108722
55.5706 0.108757
55.5778 0.108662
55.585 0.108579
55.6497 0.108507
55.6648 0.108444
55.672 0.108388
55.6792 0.108465
55.6864 0.108532
55.6936 0.10859
55.7583 0.108641
55.7734 0.108686
55.7806 0.108725
55.7878 0.108635
55.795 0.108555
55.8022 0.108611
55.8669 0.108535
55.882 0.108468
55.8892 0.108534
55.8964 0.108593
55.9036 0.108643
55.9108 0.108563
55.9755 0.108618
55.9906 0.108665
55.9978 0.108582
56.005 0.108634
56.0122 0.10868
56.0194 0.10872
56.0841 0.108755
56.0992 0.108786
56.1064 0.108813
56.1136 0.108711
56.1208 0.108622
56.128 0.108669
56.1927 0.108586
56.2078 0.108512
56.215 0.108573
56.2222 0.108627
56.2294 0.108673
56.2366 0.108589
56.3014 0.108641
56.3164 0.108685
56.3236 0.1086
56.3308 0.108525
56.338 0.108584
56.3452 0.108636
56.41 0.108557
56.4251 0.108612
56.4322 0.108661
56.4394 0.108703
56.4466 0.108615
56.4538 0.108538
56.5186 0.108596
56.5337 0.108521
56.7509 0.119831
56.7581 0.118477
56.7653 0.117293
56.7725 0.116256
56.7797 0.115224
56.7869 0.114321
56.8559 0.121281
56.8631 0.119746
56.8703 0.118403
56.8775 0.117227
56.8847 0.116074
56.8919 0.115065
56.9609 0.121932
56.9681 0.120315
56.9753 0.118901
56.9825 0.117663
56.9897 0.116455
56.9969 0.115398
57.0659 0.122224
57.0731 0.120571
57.0803 0.119124
57.0875 0.117859
57.0947 0.116626
57.1019 0.115548
57.171 0.122355
57.1782 0.120685
57.1854 0.119225
57.1926 0.117947
57.1997 0.116703
57.2069 0.115615
57.276 0.122413
57.2832 0.120737
57.2904 0.11927
57.2976 0.117986
57.3048 0.116738
57.312 0.115645
57.381 0.12244
57.3882 0.12076
57.3954 0.11929
57.4026 0.118004
57.4098 0.116753
57.417 0.115659
57.486 0.122452
57.4932 0.12077
57.5004 0.119299
57.5076 0.118012
57.5148 0.11676
57.522 0.115665
57.591 0.122582
57.5982 0.120884
57.6054 0.119399
57.6126 0.118099
57.6198 0.116836
57.627 0.115732
57.696 0.12264
57.7032 0.120935
57.7104 0.119443
57.7176 0.118013
57.7248 0.116761
57.732 0.115791
57.801 0.122692
57.8082 0.120981
57.8154 0.119483
57.8226 0.118048
57.8298 0.116792
57.837 0.115818
57.906 0.122716
57.9132 0.121001
57.9204 0.119501
57.9276 0.118063
57.9348 0.116805
57.942 0.11583
58.0111 0.122726
58.0183 0.12101
58.0255 0.119509
58.0327 0.11807
58.0398 0.116812
58.047 0.115835
58.1161 0.122731
58.1233 0.121014
58.1305 0.119513
58.1377 0.118074
58.1449 0.116814
58.1521 0.115838
58.2211 0.122733
58.2283 0.121016
58.2355 0.119514
58.2427 0.118075
58.2499 0.116816
58.2571 0.115839
58.3261 0.122734
58.3333 0.121017
58.3405 0.119515
58.3477 0.118076
58.3549 0.116816
58.3621 0.115839
58.4311 0.122734
58.4383 0.121017
58.4455 0.119515
58.4527 0.118076
58.4599 0.116816
58.4671 0.115839
58.5361 0.122734
58.5433 0.121018
58.5505 0.119515
58.5577 0.118076
58.5649 0.116816
58.5721 0.115839
58.6411 0.122734
58.6483 0.121018
58.6555 0.119515
58.6627 0.118076
58.6699 0.116817
58.6771 0.115839
58.7461 0.122735
58.7533 0.121018
58.7605 0.119515
58.7677 0.118076
58.7749 0.116817
58.7821 0.115839
58.8512 0.122735
58.8584 0.121018
59.0756 0.130766
59.0828 0.12792
59.09 0.12543
59.0972 0.123376
59.1044 0.121579
59.1116 0.120007
59.1188 0.118506
59.1842 0.117318
59.1914 0.116278
59.1986 0.115368
59.2058 0.114447
59.213 0.113766
59.2202 0.11317
59.2274 0.112649
59.2928 0.112068
59.3 0.111685
59.3072 0.111349
59.3144 0.111055
59.3216 0.110673
59.3288 0.110339
59.336 0.110172
59.4014 0.110025
59.4086 0.109772
59.4158 0.109551
59.423 0.109482
59.4302 0.109422
59.4374 0.109369
59.4446 0.109198
59.51 0.109173
59.5244 0.109151
59.5316 0.109008
59.5388 0.108882
59.546 0.108896
59.5532 0.108909
59.6187 0.108796
59.6331 0.108821
59.6402 0.108844
59.6474 0.108863
59.8719 0.108755
59.8755 0.108786
60.1179 0.113188
60.1798 0.119414
60.187 0.117987
60.1942 0.116864
60.2014 0.115881
60.2086 0.115021
60.2157 0.114143
60.2229 0.113375
60.2301 0.112828
60.2884 0.11235
60.2956 0.111931
60.3028 0.11144
60.31 0.11101
60.3172 0.110759
60.3244 0.110539
60.3316 0.110346
60.3388 0.110053
60.397 0.109796
60.4042 0.109697
60.4114 0.10961
60.4186 0.109534
60.4258 0.109342
60.433 0.109174
60.4402 0.109152
60.4474 0.109133
60.5056 0.109117
60.5128 0.108977
60.52 0.108855
60.5272 0.108873
60.5344 0.108889
60.5416 0.108903
60.5488 0.10879
60.556 0.108691
60.6142 0.10873
60.6214 0.108764
60.6286 0.108793
60.6358 0.108694
60.643 0.108607
60.6502 0.108656
60.6574 0.108699
60.6646 0.108737
60.7228 0.108645
60.73 0.108689
60.7372 0.108728
60.7444 0.108762
60.7516 0.108792
60.7588 0.108693
60.766 0.108606
60.7732 0.108655
60.8314 0.108698
60.8386 0.108611
60.8458 0.108535
60.853 0.108593
60.8602 0.108644
60.8674 0.108688
60.8746 0.108727
60.8818 0.108636
60.94 0.108682
60.9472 0.108722
60.9544 0.108756
60.9616 0.108662
60.9688 0.108579
60.976 0.108632
60.9832 0.108678
61.3055 0.113593
61.3673 0.113019
61.3745 0.112517
61.3817 0.111952
61.3889 0.111458
61.3961 0.111151
61.4033 0.110882
61.4105 0.110647
61.4177 0.110316
61.4759 0.110026
61.4831 0.109898
61.4903 0.109786
61.4975 0.109688
61.5047 0.109477
61.5119 0.109292
61.5191 0.109256
61.5263 0.109224
61.5845 0.109196
61.5917 0.109046
61.5989 0.108915
61.6061 0.108926
61.6133 0.108935
61.6205 0.108943
61.6277 0.108825
61.6349 0.108722
61.6931 0.108757
61.7003 0.108787
61.7075 0.108814
61.7147 0.108712
61.7219 0.108623
61.7291 0.10867
61.7363 0.108711
61.7435 0.108748
61.8017 0.108654
61.8089 0.108572
61.8161 0.108626
61.8233 0.108673
61.8377 0.108588
61.8449 0.108515
61.8521 0.108576
61.9104 0.108629
61.9175 0.108675
61.9247 0.108591
61.9319 0.108517
61.9463 0.108577
61.9535 0.10863
61.9607 0.108551
61.9679 0.108482
62.019 0.108422
62.0262 0.108494
62.0334 0.108558
62.0406 0.108613
62.0549 0.108536
62.0621 0.108594
62.0693 0.108645
62.0765 0.108689
62.1276 0.108728
62.1348 0.108637
62.142 0.108557
62.1492 0.108613
62.1636 0.108661
62.1708 0.108579
62.178 0.108506
62.1852 0.108568
62.2362 0.108622
62.2434 0.108669
62.2506 0.108711
62.2578 0.108622
62.2722 0.108669
62.2794 0.10871
62.2866 0.108747
62.2938 0.108653
62.3448 0.108572
62.352 0.1085
62.3592 0.108563
62.3664 0.108617
62.3808 0.10854
62.388 0.108473
62.3952 0.108539
62.4498 0.114471
62.6635 0.125037
62.6707 0.122908
62.6779 0.121044
62.6851 0.119539
62.6922 0.118221
62.6994 0.117069
62.7066 0.115935
62.7138 0.114943
62.7685 0.120075
62.7757 0.118566
62.7829 0.117245
62.7901 0.116215
62.7973 0.115313
62.8045 0.114524
62.8117 0.113708
62.8189 0.112995
62.8735 0.11837
62.8807 0.117074
62.8879 0.11594
62.8951 0.115072
62.9023 0.114313
62.9095 0.113649
62.9167 0.112943
62.9239 0.112325
62.9785 0.117784
62.9857 0.116561
62.9929 0.115491
63.0001 0.11468
63.0073 0.11397
63.0145 0.113349
63.0217 0.11268
63.0289 0.112095
63.0835 0.117583
63.0907 0.116385
63.0979 0.115337
63.1051 0.114545
63.1123 0.113852
63.1195 0.113245
63.1267 0.11259
63.1339 0.112016
63.1885 0.117514
63.1957 0.116325
63.2029 0.115284
63.2101 0.114499
63.2173 0.113811
63.2245 0.11321
63.2317 0.112559
63.2389 0.111989
63.2935 0.11749
63.3007 0.116304
63.3079 0.115266
63.3151 0.114483
63.3223 0.113797
63.3295 0.113198
63.3367 0.112548
63.3439 0.111979
63.3985 0.117482
63.4057 0.116297
63.4129 0.11526
63.4201 0.114477
63.4273 0.113793
63.4345 0.113194
63.4417 0.112544
63.4489 0.111976
63.5036 0.117479
63.5108 0.116294
63.518 0.115258
63.5251 0.114475
63.5323 0.113791
63.5395 0.113192
63.5467 0.112543
63.5539 0.111975
63.6086 0.117478
63.6158 0.116293
63.623 0.115257
63.6302 0.114475
63.6374 0.11379
63.6446 0.113192
63.6518 0.112543
63.6589 0.111975
63.7136 0.117478
63.7208 0.116293
63.728 0.115257
63.7352 0.114474
63.7424 0.11379
63.7496 0.113191
63.7568 0.112542
63.764 0.111975
63.8186 0.117478
63.8258 0.116293
63.833 0.115256
63.8402 0.114474
63.8474 0.11379
63.8546 0.113191
63.8618 0.112542
63.869 0.111975
63.9236 0.117478
63.9308 0.116293
63.938 0.115381
63.9452 0.114584
63.9524 0.113886
63.9632 0.113775
64.1372 0.119053
64.1912 0.117797
64.1984 0.116697
64.2056 0.11561
64.2128 0.114659
64.22 0.113951
64.2344 0.113332
64.2423 0.112916
64.2962 0.118301
64.3034 0.117139
64.3106 0.115996
64.3178 0.114997
64.325 0.114247
64.3394 0.114466
64.3466 0.113658
64.3538 0.112951
64.4012 0.117457
64.4084 0.1164
64.4156 0.11535
64.4228 0.114431
64.43 0.113752
64.4444 0.114033
64.4516 0.113279
64.4588 0.112619
64.5063 0.117167
64.5135 0.116146
64.5207 0.115128
64.5279 0.114237
64.535 0.113582
64.5494 0.113884
64.5566 0.113149
64.5638 0.112505
64.6113 0.117067
64.6185 0.116059
64.6257 0.115051
64.6329 0.11417
64.6401 0.113524
64.6545 0.113833
64.6617 0.113104
64.6688 0.112466
64.7163 0.117033
64.7235 0.116029
64.7307 0.115025
64.7379 0.114147
64.7451 0.113504
64.7667 0.112816
64.7739 0.112214
64.8213 0.116812
64.8285 0.115835
64.8357 0.114856
64.8429 0.113999
64.8501 0.113374
64.8717 0.114577
64.8789 0.113755
64.8861 0.113161
64.9335 0.112641
64.9407 0.112061
64.9479 0.111553
64.9551 0.111234
64.9767 0.112705
64.9839 0.112117
64.9911 0.111727
65.0385 0.116386
65.0457 0.115338
65.0529 0.114421
65.0601 0.113743
65.0853 0.114525
65.299 0.125085
65.3061 0.123074
65.3133 0.121315
65.5306 0.131025
65.5378 0.128147
65.545 0.125629
65.5522 0.12355
65.5594 0.121731
65.5666 0.12014
65.5738 0.118622
65.581 0.117295
65.5882 0.116258
65.6392 0.115351
65.6464 0.114557
65.6536 0.113862
65.6608 0.113129
65.668 0.112488
65.6752 0.112052
65.6824 0.111671
65.6896 0.111337
65.6968 0.11092
65.7478 0.110555
65.755 0.11036
65.7622 0.11019
65.7694 0.110042
65.7766 0.109911
65.878 0.109797
65.8852 0.109698
65.9866 0.109486
65.9938 0.1093
66.0952 0.109262
66.1024 0.10923
66.1096 0.109076
66.1168 0.108941
66.124 0.108949
66.1312 0.108955
66.1384 0.108961
66.1456 0.108841
66.1528 0.108736
66.2039 0.108644
66.211 0.108688
66.2182 0.108727
66.2254 0.108761
66.2326 0.108666
66.2398 0.108583
66.247 0.108635
66.2542 0.108681
66.2614 0.108721
66.3125 0.108755
66.3197 0.108661
66.3269 0.108578
66.3341 0.108631
66.3413 0.108677
66.3484 0.108718
66.3556 0.108628
66.3628 0.108549
66.37 0.108606
66.4211 0.108655
66.4283 0.108698
66.4355 0.108736
66.4427 0.108644
66.4499 0.108563
66.4571 0.108618
66.4643 0.108666
66.4715 0.108708
66.4787 0.108619
66.5297 0.108542
66.5369 0.108474
66.5441 0.10854
66.5513 0.108597
66.5585 0.108648
66.5657 0.108567
66.5765 0.108996
66.7901 0.120371
66.798 0.119075
66.8052 0.117816
66.8124 0.116714
66.8196 0.115749
66.8268 0.114781
66.834 0.113933
66.8412 0.113316
66.8484 0.112777
66.8987 0.11218
66.9066 0.111657
66.9138 0.1112
66.921 0.110925
66.9282 0.110685
66.9354 0.110474
66.9426 0.11029
66.9498 0.110003
66.957 0.109753
67.0073 0.109659
67.0152 0.109577
67.0224 0.109504
67.0296 0.109316
67.0368 0.109152
67.044 0.109133
67.0512 0.109116
67.0584 0.109102
67.0656 0.109089
67.1159 0.108953
67.1238 0.108834
67.131 0.108855
67.1382 0.108873
67.1454 0.108889
67.1526 0.108778
67.1598 0.10868
67.167 0.10872
67.1742 0.108755
67.2246 0.108786
67.2325 0.108813
67.2396 0.108711
67.2468 0.108622
67.254 0.108669
67.2612 0.108711
67.2684 0.108747
67.2756 0.108654
67.2828 0.108572
67.3332 0.108625
67.3411 0.108672
67.3483 0.108713
67.3555 0.108749
67.3627 0.108655
67.3699 0.108573
67.377 0.108627
67.3842 0.108673
67.3914 0.108714
67.4497 0.108625
67.4569 0.108547
67.4641 0.108603
67.4713 0.108653
67.4785 0.108696
67.4857 0.108609
67.4929 0.108533
67.5001 0.108592
67.5583 0.108643
67.5655 0.108687
67.5727 0.108601
67.5799 0.108526
67.5871 0.108585
67.5943 0.108637
67.6015 0.108683
67.6087 0.108597
67.6159 0.108523
67.6669 0.108457
67.6813 0.108525
67.6885 0.108584
67.6957 0.108511
67.7029 0.108447
67.7101 0.108517
67.7173 0.108577
67.7245 0.10863
67.7755 0.108676
67.7899 0.108592
67.7971 0.108643
67.8043 0.108687
67.8115 0.108726
67.8187 0.108636
67.8259 0.108556
67.8331 0.108612
67.8403 0.10866
67.8841 0.108703
67.8985 0.10874
67.9057 0.108647
67.9129 0.108566
67.9201 0.108621
67.9273 0.108668
67.9345 0.10871
67.9417 0.108621
67.9489 0.108543
67.9927 0.108475
68.0071 0.108541
68.0143 0.108598
68.0215 0.108649
68.0287 0.108567
68.0359 0.108497
68.0431 0.108559
68.0503 0.108615
68.0575 0.108663
68.1013 0.108705
68.1157 0.108617
68.1229 0.10854
68.1301 0.108597
68.1373 0.108648
68.1445 0.108692
68.1589 0.108605
68.1661 0.108655
68.2099 0.108573
68.2243 0.108626
68.2315 0.108673
68.2387 0.108589
68.2459 0.108515
68.2531 0.108576
68.2675 0.108629
68.2747 0.10855
68.3186 0.108606
68.333 0.108531
68.3402 0.108589
68.3473 0.108641
68.3545 0.108686
68.3617 0.1086
68.3761 0.10865
68.3833 0.108694
68.4272 0.108732
68.4344 0.108765
68.4416 0.108795
68.4488 0.108695
68.456 0.108608
68.4632 0.108657
68.4704 0.1087
68.4847 0.108613
68.4919 0.108536
68.5358 0.108469
68.543 0.10841
68.5502 0.108484
68.5574 0.108549
68.5646 0.108605
68.5718 0.108529
68.579 0.108463
68.5934 0.10853
68.6006 0.108589
68.6444 0.10864
68.6516 0.108685
68.6588 0.1086
68.666 0.108525
68.6732 0.108584
68.6804 0.108636
68.6876 0.108682
68.702 0.108596
68.7092 0.108647
68.753 0.108691
68.7602 0.10873
68.7674 0.108763
68.7746 0.108793
68.7818 0.108694
68.789 0.108607
68.7962 0.108656
68.8106 0.108699
68.8178 0.108612
68.8616 0.108535
68.8688 0.108468
68.876 0.108535
68.8832 0.108593
68.8904 0.108644
68.8976 0.108688
68.9048 0.108602
68.9192 0.108652
68.9264 0.108696
68.9702 0.108734
68.9774 0.108767
68.9846 0.108671
68.9918 0.108587
68.999 0.108639
69.0062 0.108684
69.0134 0.108723
69.0278 0.108633
69.035 0.108679
69.0788 0.108594
69.086 0.108645
69.0932 0.108689
69.1004 0.108728
69.1076 0.108637
69.1148 0.108557
69.122 0.108613
69.1364 0.108661
69.1436 0.108578
69.1874 0.108631
69.1946 0.108552
69.4191 0.108608
69.4227 0.108532
69.4299 0.108466
69.4371 0.108532
69.4443 0.108591
69.4515 0.108642
69.5205 0.108687
69.5277 0.108601
69.5349 0.108526
69.5421 0.108585
69.5493 0.108637
69.5565 0.108682
69.5637 0.108597
69.5709 0.108522
69.5781 0.108582
69.6255 0.113634
69.6327 0.11293
69.6399 0.112314
69.6471 0.1119
69.6543 0.111537
69.6615 0.11122
69.6687 0.110817
69.6759 0.110465
69.6831 0.110282
69.7305 0.115122
69.7377 0.114232
69.7449 0.113453
69.7521 0.112896
69.7593 0.112409
69.7665 0.111983
69.7737 0.111485
69.7809 0.111049
69.7881 0.110793
69.8356 0.115569
69.8428 0.114623
69.8499 0.113795
69.8571 0.113196
69.8643 0.112671
69.8715 0.112212
69.8787 0.111686
69.8859 0.111225
69.8931 0.110947
69.9406 0.115704
69.9478 0.114741
69.955 0.113898
69.9622 0.113286
69.9694 0.11275
69.9766 0.112281
69.9838 0.111746
69.9909 0.111278
69.9981 0.110993
70.0456 0.115744
70.0528 0.114776
70.06 0.113929
70.0672 0.113313
70.0744 0.112774
70.0816 0.112302
70.0888 0.111764
70.096 0.111294
70.1032 0.111007
70.1506 0.115756
70.1578 0.114787
70.165 0.113938
70.1722 0.113321
70.1794 0.112781
70.1866 0.112308
70.1938 0.11177
70.201 0.111299
70.2082 0.111011
70.2556 0.11576
70.2628 0.11479
70.27 0.113941
70.2772 0.113323
70.2844 0.112783
70.2916 0.11231
70.2988 0.111771
70.306 0.1113
70.3132 0.111012
70.3606 0.115761
70.3678 0.114791
70.375 0.114067
70.3822 0.113434
70.3894 0.112879
70.3966 0.112394
70.4038 0.111845
70.411 0.111365
70.4182 0.111069
70.4656 0.11581
70.4728 0.114834
70.48 0.114105
70.4872 0.113467
70.4944 0.112908
70.5016 0.112295
70.5088 0.111758
70.516 0.111413
70.5232 0.111112
70.5706 0.115848
70.5778 0.114867
70.585 0.114133
70.5922 0.113492
70.5994 0.11293
70.6066 0.112314
70.6138 0.111775
70.621 0.111428
70.6282 0.111124
70.6757 0.115859
70.6829 0.114876
70.69 0.114142
70.6972 0.113499
70.7044 0.112937
70.7116 0.11232
70.7188 0.11178
70.726 0.111432
70.7332 0.111128
70.7807 0.115862
70.7879 0.114879
70.7951 0.114144
70.8023 0.113501
70.8095 0.112939
70.8167 0.112321
70.8275 0.112281
71.0411 0.123246
71.0483 0.121465
71.0555 0.119907
71.0627 0.118419
71.0699 0.117116
71.0771 0.116102
71.0879 0.115589
71.3087 0.11464
71.3124 0.113935
71.3196 0.113318
71.3267 0.112654
71.3339 0.112072
71.3448 0.112063
71.5584 0.12293
71.5728 0.121064
71.58 0.119431
71.5872 0.118127
71.5944 0.116986
71.6016 0.115988
71.6088 0.114989
71.616 0.114116
71.6232 0.113476
71.667 0.112917
71.6814 0.112427
71.6886 0.111999
71.6958 0.111499
71.703 0.111062
71.7102 0.110804
71.7174 0.110578
71.7246 0.110381
71.7318 0.110083
71.739 0.109823
71.7756 0.109595
71.79 0.109521
71.7972 0.109456
71.8044 0.109399
71.8116 0.109349
71.8188 0.10918
71.826 0.109033
71.8332 0.109029
71.8476 0.109025
71.8842 0.109022
71.8986 0.108894
71.9058 0.108782
71.913 0.10881
71.9202 0.108833
71.9274 0.108854
71.9346 0.108872
71.9418 0.108763
71.9562 0.108793
71.9634 0.108819
71.9928 0.108716
72.0072 0.108752
72.0144 0.108783
72.0216 0.108685
72.0288 0.108599
72.0396 0.109025
72.2533 0.120271
72.2605 0.118863
72.2677 0.117505
72.2749 0.116317
72.2821 0.115402
72.2893 0.114602
72.2965 0.113902
72.3037 0.113164
72.3108 0.112518
72.318 0.112079
72.3619 0.111569
72.5791 0.122623
72.5863 0.12092
72.5935 0.11943
72.6007 0.118001
72.6079 0.116751
72.8252 0.127157
72.8324 0.124887
72.8396 0.122902
72.8468 0.121039
72.854 0.119409
72.8612 0.118108
72.8684 0.116969
72.8755 0.115973
72.8827 0.114977
72.8899 0.114104
72.8971 0.113466
72.9338 0.112783
72.941 0.112185
72.9554 0.111787
72.9626 0.111439
72.9698 0.111009
72.977 0.110633
72.9842 0.110429
72.9914 0.11025
72.9986 0.110094
73.0058 0.109832
73.0424 0.109728
73.0496 0.109637
73.064 0.109432
73.0712 0.109378
73.0784 0.109331
73.0856 0.10929
73.0928 0.109128
73.1 0.108987
73.1072 0.108989
73.1144 0.10899
73.1216 0.108992
73.151 0.108993
73.1582 0.108994
73.1726 0.108994
73.1798 0.10887
73.187 0.108761
73.1942 0.108791
73.2014 0.108817
73.2086 0.10884
73.2158 0.108735
73.223 0.108643
73.2302 0.108688
73.2596 0.108602
73.2668 0.108527
73.2812 0.108586
73.2884 0.108638
73.2956 0.108683
73.3028 0.108597
73.31 0.108523
73.3172 0.108582
73.3244 0.108635
73.3316 0.10868
73.3388 0.108595
73.3682 0.108646
73.3754 0.10869
73.3898 0.108604
73.397 0.108653
73.4042 0.108697
73.4114 0.108735
73.4186 0.108768
73.4258 0.108672
73.433 0.108588
73.4402 0.108639
73.4474 0.108684
73.4768 0.108599
73.484 0.108649
73.4984 0.108693
73.5056 0.108606
73.5128 0.10853
73.52 0.108589
73.5272 0.108641
73.5344 0.108685
73.5416 0.108725
73.5488 0.108634
73.556 0.10868
73.5854 0.10872
73.5926 0.10863
73.6106 0.109051
73.8243 0.120295
73.8315 0.118883
73.8387 0.117523
73.8459 0.116332
73.8531 0.115416
73.8603 0.114614
73.8675 0.113912
73.8747 0.113173
73.8819 0.112526
73.8891 0.112086
73.8963 0.1117
73.9329 0.111237
73.9401 0.110958
73.9473 0.110713
73.9545 0.110499
73.9617 0.110187
73.9689 0.109913
73.9761 0.109799
73.9833 0.109699
73.9905 0.109612
73.9977 0.10941
74.0049 0.109234
74.0415 0.109205
74.0487 0.109054
74.0559 0.108922
74.0631 0.108932
74.0703 0.108941
74.0775 0.108948
74.0847 0.10883
74.0919 0.108726
74.0991 0.10876
74.1063 0.10879
74.1135 0.108816
74.1501 0.108839
74.1573 0.108859
74.1645 0.108877
74.1717 0.108767
74.1789 0.108671
74.1861 0.108712
74.1933 0.108748
74.2005 0.10878
74.2077 0.108682
74.2149 0.108597
74.2221 0.108647
74.2587 0.108567
74.2659 0.108496
74.2731 0.108559
74.2803 0.108614
74.2875 0.108662
74.2947 0.108579
74.3019 0.108507
74.3091 0.108569
74.3163 0.108623
74.3235 0.10867
74.3307 0.108586
74.3673 0.108638
74.3745 0.108683
74.3817 0.108598
74.3889 0.108523
74.3961 0.108583
74.4033 0.108635
74.4105 0.10868
74.4177 0.108595
74.4249 0.108521
74.4321 0.108581
74.4393 0.108633
74.476 0.108554
74.4831 0.10861
74.4903 0.108659
74.4975 0.108701
74.5047 0.108614
74.5119 0.108537
74.5191 0.108595
74.5263 0.108645
74.5335 0.10869
74.5407 0.108604
74.5479 0.108528
74.5846 0.108587
74.5918 0.108514
74.599 0.108449
74.6062 0.108518
74.6134 0.108579
74.6205 0.108631
74.6277 0.108552
74.6349 0.108483
74.6421 0.108548
74.6493 0.108604
74.6565 0.108654
74.6932 0.108697
74.7004 0.108735
74.7076 0.108768
74.7148 0.108672
74.722 0.108588
74.7292 0.10864
74.7364 0.108685
74.7436 0.108724
74.7508 0.108634
74.7579 0.108554
74.7651 0.10861
74.8018 0.108534
74.809 0.108467
74.8162 0.108534
74.8234 0.108592
74.8306 0.108643
74.8378 0.108563
74.845 0.108492
74.8522 0.108556
74.8594 0.108611
74.8666 0.10866
75.0838 0.116202
75.1204 0.115302
75.1276 0.114389
75.1348 0.113591
75.1457 0.113392
75.3593 0.124093
75.3665 0.122206
75.3737 0.12043
75.3809 0.118877
75.3881 0.117642
75.3953 0.116562
75.4025 0.115617
75.4097 0.114665
75.4169 0.113831
75.4241 0.113228
75.4313 0.112699
75.4643 0.115487
75.4715 0.114676
75.4787 0.113841
75.4859 0.113111
75.4931 0.112597
75.5003 0.112148
75.5075 0.111754
75.5147 0.111285
75.5219 0.110874
75.5291 0.11064
75.5363 0.110435
75.5693 0.113506
75.5765 0.112942
75.5837 0.112325
75.5909 0.111784
75.5981 0.111436
75.6053 0.111132
75.6125 0.110865
75.6197 0.110507
75.6269 0.110194
75.6341 0.110044
75.6413 0.109914
75.6743 0.11305
75.6815 0.112543
75.6887 0.111975
75.6959 0.111479
75.7031 0.111169
75.7103 0.110898
75.7175 0.11066
75.7247 0.110328
75.7319 0.110037
75.7391 0.109907
75.7463 0.109794
75.7793 0.112945
75.7937 0.112327
75.8009 0.111786
75.8081 0.111438
75.8153 0.111133
75.8225 0.110866
75.8297 0.110508
75.8369 0.110194
75.8441 0.110045
75.8513 0.109915
75.8844 0.11305
75.8987 0.113419
75.9059 0.112742
75.9131 0.112274
75.9203 0.111865
75.9275 0.111507
75.9347 0.111068
75.9419 0.110685
75.9491 0.110474
75.9563 0.11029
75.9635 0.110129
75.9894 0.112238
76.0038 0.112708
76.011 0.112119
76.0182 0.111729
76.0253 0.111388
76.0325 0.11109
76.0397 0.110704
76.0469 0.110366
76.0541 0.110195
76.0613 0.110046
76.0685 0.109915
76.0944 0.11205
76.1088 0.112544
76.116 0.111976
76.1232 0.111604
76.1304 0.111279
76.1376 0.110994
76.1448 0.11062
76.152 0.110292
76.1592 0.110131
76.1663 0.109989
76.1735 0.109866
76.1994 0.112007
76.2138 0.112506
76.221 0.111943
76.2282 0.111575
76.2354 0.111253
76.4526 0.122222
76.4598 0.120444
76.467 0.119013
76.4742 0.117762
76.4814 0.116667
76.4886 0.115708
76.4958 0.114745
76.5066 0.114402
76.7203 0.124976
76.7275 0.122979
76.7346 0.121107
76.7418 0.119469
76.9591 0.129535
76.9663 0.126968
76.9735 0.124722
76.9807 0.122632
76.9879 0.120803
76.9951 0.119328
77.0023 0.118037
77.0095 0.116907
77.0167 0.115794
77.0239 0.114819
77.0311 0.114092
77.0383 0.113455
77.0641 0.115274
77.0713 0.114489
77.0785 0.113803
77.0857 0.113078
77.0929 0.112443
77.1001 0.112013
77.1073 0.111636
77.1145 0.111307
77.1217 0.110893
77.1289 0.110532
77.1361 0.11034
77.1433 0.110173
77.1691 0.112401
77.1763 0.111976
77.1835 0.111604
77.1907 0.111153
77.1979 0.110759
77.2051 0.110539
77.2123 0.110347
77.2195 0.110179
77.2267 0.109906
77.2339 0.109668
77.2411 0.109584
77.2483 0.109511
77.2741 0.111822
77.2813 0.11147
77.2885 0.111161
77.2957 0.110766
77.3065 0.11092
77.5202 0.122055
77.5274 0.120423
77.5346 0.118995
77.5418 0.117621
77.549 0.116418
77.5562 0.115491
77.5634 0.11468
77.5706 0.11397
77.5777 0.113223
77.5849 0.112571
77.5921 0.112124
77.5993 0.111734
77.6252 0.113767
77.6324 0.113171
77.6396 0.11265
77.6468 0.112068
77.654 0.11156
77.6612 0.11124
77.6684 0.11096
77.6756 0.110715
77.6828 0.110376
77.69 0.110079
77.6972 0.109944
77.7044 0.109826
77.7302 0.112098
77.7374 0.11171
77.7446 0.111372
77.7518 0.11095
77.759 0.110581
77.7662 0.110384
77.7734 0.110211
77.7806 0.110059
77.7878 0.109802
77.795 0.109577
77.8022 0.109505
77.8094 0.109442
77.8352 0.111761
77.8424 0.111416
77.8496 0.111114
77.8568 0.110725
77.864 0.110384
77.8712 0.110211
77.8784 0.11006
77.8856 0.109927
77.8928 0.109686
77.9 0.109476
77.9072 0.109416
77.9144 0.109364
77.9402 0.111694
77.9474 0.111357
77.9546 0.110937
77.9618 0.11057
77.969 0.110374
77.9762 0.110202
77.9834 0.110052
77.9906 0.10992
77.9978 0.10968
78.005 0.10947
78.0122 0.109412
78.0194 0.10936
78.0452 0.11169
78.0524 0.111354
78.0596 0.110935
78.0668 0.110568
78.074 0.110372
78.0812 0.1102
78.0884 0.11005
78.0956 0.109794
78.1028 0.10957
78.11 0.109499
78.1172 0.109436
78.1244 0.109382
78.1502 0.111709
78.1574 0.11137
78.1646 0.110949
78.1718 0.11058
78.179 0.110383
78.1862 0.11021
78.1934 0.110059
78.2006 0.109801
78.2078 0.109576
78.2222 0.109504
78.2294 0.109441
78.2553 0.111761
78.2625 0.111416
78.2696 0.110989
78.4941 0.11074
78.4977 0.110398
78.5049 0.110098
78.5121 0.109961
78.5193 0.109841
78.5265 0.109736
78.5919 0.116769
78.5991 0.115798
78.6063 0.114948
78.6135 0.114204
78.6207 0.113429
78.6279 0.11275
78.6351 0.112281
78.6423 0.111871
78.6495 0.111512
78.6567 0.111073
78.6639 0.110689
78.6711 0.110478
78.6783 0.110293
78.7797 0.110007
79.1092 0.109881
79.1897 0.118896
79.2178 0.117534
79.2983 0.116467
79.3264 0.115534
79.407 0.114592
79.435 0.113768
79.5156 0.113172
79.5436 0.11265
79.6242 0.112194
79.6522 0.111795
79.7328 0.111321
79.7608 0.110905
79.8414 0.110667
79.8694 0.110459
79.95 0.110276
79.9781 0.110117
80.0586 0.109852
80.0867 0.109621
80.1672 0.109543
