0.214162 476
0.221221 952
0.22828 1428
0.235339 1904
0.242398 2380
0.249457 2856
0.256516 3332
0.263574 3808
0.270633 4284
0.277692 4760
0.418991 4284
0.418991 4760
0.42605 5236
0.433098 4284
0.433109 4760
0.440167 5236
0.447215 4284
0.447226 4760
0.454285 5236
0.461333 4284
0.461344 4760
0.468403 5236
0.475451 4284
0.475462 4760
0.482521 5236
0.489579 5712
0.496638 6188
0.503697 6664
0.510756 7140
0.517815 7616
0.524874 8092
0.531933 8568
0.538991 9044
0.623808 8092
0.623808 8568
0.630867 9044
0.637926 8092
0.637926 8568
0.644985 9044
0.652044 8092
0.652044 8568
0.659103 9044
0.666162 8092
0.666162 8568
0.67322 9044
0.680279 8092
0.680279 8568
0.687338 9044
0.694397 8092
0.694397 8568
0.701456 9044
0.708515 8092
0.708515 8568
0.715574 9044
0.722632 8092
0.722632 8568
0.729691 9044
0.73675 8092
0.73675 8568
0.743809 9044
0.828626 8092
0.828626 8568
0.835685 9044
0.842744 8092
0.842744 8568
0.849803 9044
0.856861 8092
0.856861 8568
0.86392 9044
0.870979 8092
0.870979 8568
0.878038 9044
0.885097 8092
0.885097 8568
0.892156 9044
0.899215 8092
0.899215 8568
0.906273 9044
0.913332 8092
0.913332 8568
0.920391 9044
0.92745 8092
0.92745 8568
0.934509 9044
0.941568 8092
0.941568 8568
0.948627 9044
1.03344 8092
1.03344 8568
1.0405 9044
1.04756 8092
1.04756 8568
1.05462 9044
1.06168 8092
1.06168 8568
1.06874 9044
1.0758 8092
1.0758 8568
1.08286 9044
1.08991 8092
1.08991 8568
1.09697 9044
1.10403 8092
1.10403 8568
1.11109 9044
1.12522 8568
1.12522 9044
1.12522 8568
1.13228 9044
1.13228 8568
1.13934 9044
1.13934 8092
1.1464 8568
1.1464 8092
1.15346 8568
1.15346 8092
1.23827 7616
1.24533 7140
1.25239 6664
1.25945 6188
1.26651 5712
1.27357 5236
1.28063 4760
1.28768 4284
1.29474 3808
1.3018 3332
1.30886 2856
1.31592 2380
1.33005 1904
1.33711 1428
1.33711 1904
1.34417 1428
1.34417 1904
1.35121 1428
1.35123 1904
1.35828 2380
1.36534 2856
1.3724 3332
1.37946 3808
1.38652 4284
1.39358 4760
1.40064 5236
1.4077 5712
1.41476 6188
1.42181 6664
1.42887 7140
1.43593 7616
1.44299 8092
1.45005 8568
1.45711 9044
1.54193 8092
1.54193 8568
1.54898 9044
1.55604 8092
1.55604 8568
1.5631 9044
1.57016 8092
1.57016 8568
1.57722 9044
1.58428 8092
1.58428 8568
1.59134 9044
1.5984 8092
1.5984 8568
1.60545 9044
1.61251 8092
1.61251 8568
1.61957 9044
1.62663 8092
1.62663 8568
1.63369 9044
1.64075 8092
1.64075 8568
1.64781 9044
1.65487 8092
1.65487 8568
1.66193 9044
1.74674 8092
1.74674 8568
1.7538 9044
1.76086 8092
1.76086 8568
1.76792 9044
1.77498 8092
1.77498 8568
1.78204 9044
1.7891 8092
1.7891 8568
1.79615 9044
1.80321 8092
1.80321 8568
1.81027 9044
1.81733 8092
1.81733 8568
1.82439 9044
1.83145 8092
1.83145 8568
1.83851 9044
1.84557 8092
1.84557 8568
1.85263 9044
1.85968 8092
1.85968 8568
1.86674 9044
1.95156 8092
1.95156 8568
1.95862 9044
1.96568 8092
1.96568 8568
1.97274 9044
1.9798 8092
1.9798 8568
1.98685 9044
1.99391 8092
1.99391 8568
2.00097 9044
2.00803 8092
2.00803 8568
2.01509 9044
2.02215 8092
2.02215 8568
2.02921 9044
2.03627 8092
2.03627 8568
2.04333 9044
2.05038 8092
2.05038 8568
2.05744 9044
2.0645 8092
2.0645 8568
2.07156 9044
2.15638 8092
2.15638 8568
2.16344 9044
2.1705 8092
2.1705 8568
2.17755 9044
2.18461 8092
2.18461 8568
2.19167 9044
2.19873 8092
2.19873 8568
2.20579 9044
2.21285 8092
2.21285 8568
2.21991 9044
2.22697 8092
2.22697 8568
2.23403 9044
2.24108 8092
2.24108 8568
2.24814 9044
2.2552 8092
2.2552 8568
2.26226 9044
2.26932 8092
2.26932 8568
2.27638 9044
2.3612 8092
2.3612 8568
2.36825 9044
2.37531 8092
2.37531 8568
2.38237 9044
2.38943 8092
2.38943 8568
2.39649 9044
2.40355 8092
2.40355 8568
2.41061 9044
2.41767 8092
2.41767 8568
2.42473 9044
2.43178 8092
2.43178 8568
2.43884 9044
2.4459 8092
2.4459 8568
2.45296 9044
2.46002 8092
2.46002 8568
2.46708 9044
2.47414 8092
2.47414 8568
2.4812 9044
2.56601 8092
2.56601 8568
2.57307 9044
2.58013 8092
2.58013 8568
2.58719 9044
2.59425 8092
2.59425 8568
2.60131 9044
2.60837 8092
2.60837 8568
2.61543 9044
2.62248 8092
2.62248 8568
2.62954 9044
2.6366 8092
2.6366 8568
2.64366 9044
2.65072 8092
2.65072 8568
2.65778 9044
2.66484 8092
2.66484 8568
2.6719 9044
2.67895 8092
2.67895 8568
2.68601 9044
2.77083 8092
2.77083 8568
2.77789 9044
2.78495 8092
2.78495 8568
2.79201 9044
2.79907 8092
2.79907 8568
2.80613 9044
2.81318 8092
2.81318 8568
2.82024 9044
2.8273 8092
2.8273 8568
2.83436 9044
2.84142 8092
2.84142 8568
2.84848 9044
2.85554 8092
2.85554 8568
2.8626 9044
2.86965 8092
2.86965 8568
2.87671 9044
2.88377 8092
2.88377 8568
2.89083 9044
2.97565 8092
2.97565 8568
2.98271 9044
2.98977 8092
2.98977 8568
2.99682 9044
3.00388 8092
3.00388 8568
3.01094 9044
3.018 8092
3.018 8568
3.02506 9044
3.03212 8092
3.03212 8568
3.03918 9044
3.04624 8092
3.04624 8568
3.0533 9044
3.06035 8092
3.06035 8568
3.06741 9044
3.07447 8092
3.07447 8568
3.08153 9044
3.08859 8092
3.08859 8568
3.09565 9044
3.18047 8092
3.18047 8568
3.18752 9044
3.19458 8092
3.19458 8568
3.20164 9044
3.2087 8092
3.2087 8568
3.21576 9044
3.22282 8092
3.22282 8568
3.22988 9044
3.23694 8092
3.23694 8568
3.244 9044
3.26517 7140
3.26517 7616
3.27223 8092
3.27929 8568
3.27929 7616
3.28635 8092
3.29341 8568
3.29341 7616
3.30047 8092
3.30753 8568
3.31458 9044
3.38528 8092
3.38528 8568
3.39234 9044
3.3994 8092
3.3994 8568
3.40646 9044
3.41352 8092
3.41352 8568
3.42058 9044
3.42764 8092
3.42764 8568
3.4347 9044
3.44175 8092
3.44175 8568
3.44881 9044
3.46999 8092
3.46999 8568
3.47705 9044
3.48411 8092
3.48411 8568
3.49117 9044
3.49823 8092
3.49823 8568
3.50528 9044
3.51234 8092
3.51234 8568
3.5194 9044
3.5901 8092
3.5901 8568
3.59716 9044
3.60422 8092
3.60422 8568
3.61128 9044
3.61834 8092
3.61834 8568
3.6254 9044
3.63245 8092
3.63245 8568
3.63951 9044
3.64657 8092
3.64657 8568
3.65363 9044
3.67481 8092
3.67481 8568
3.68187 9044
3.68893 8092
3.68893 8568
3.69598 9044
3.70304 8092
3.70304 8568
3.7101 9044
3.71716 8092
3.71716 8568
3.72422 9044
3.79492 8092
3.79492 8568
3.80198 9044
3.80904 8092
3.80904 8568
3.8161 9044
3.82315 8092
3.82315 8568
3.83021 9044
3.83727 8092
3.83727 8568
3.84433 9044
3.85139 8092
3.85139 8568
3.85845 9044
3.87963 8092
3.87963 8568
3.88668 9044
3.89374 8092
3.89374 8568
3.9008 9044
3.90786 8092
3.90786 8568
3.91492 9044
3.92198 8092
3.92198 8568
3.92904 9044
3.99974 8092
3.99974 8568
4.0068 9044
4.01385 8092
4.01385 8568
4.02091 9044
4.02797 8092
4.02797 8568
4.03503 9044
4.04209 8092
4.04209 8568
4.04915 9044
4.05621 8092
4.05621 8568
4.06327 9044
4.08444 8092
4.08444 8568
4.0915 9044
4.09856 8092
4.09856 8568
4.10562 9044
4.11268 8092
4.11268 8568
4.11974 9044
4.12681 8568
4.12681 9044
4.13387 8568
4.13387 9044
4.20457 8092
4.20457 8568
4.21162 9044
4.21162 8568
4.21868 8092
4.22574 7616
4.2328 7140
4.23986 6664
4.24692 6188
4.25398 5712
4.26104 5236
4.26809 4760
4.28927 4284
4.29633 3808
4.30339 3332
4.31045 2856
4.31751 2380
4.32457 1904
4.33164 1428
4.33164 1904
4.33869 1428
4.33869 1904
4.37105 0
4.37105 476
4.40938 0
4.40938 476
4.41644 952
4.4235 1428
4.43056 1904
4.43762 2380
4.44468 2856
4.45174 3332
4.45879 3808
4.46585 4284
4.47291 4760
4.47997 5236
4.48703 5712
4.49409 6188
4.50115 6664
4.50821 7140
4.51527 7616
4.52232 8092
4.52938 8568
4.53644 9044
4.53645 8092
4.5435 8568
4.55056 9044
4.55762 9520
4.57587 9044
4.57587 9520
4.67067 6664
4.67067 7140
4.67773 7616
4.68479 8092
4.68479 7140
4.69185 7616
4.69891 8092
4.69891 7140
4.70597 7616
4.71302 8092
4.71302 7140
4.72008 7616
4.72714 8092
4.72714 7140
4.7342 7616
4.74126 8092
4.74126 7140
4.74832 7616
4.75538 8092
4.75538 7140
4.76244 7616
4.7695 8092
4.77655 8568
4.78068 7616
4.78361 8092
4.79067 8568
4.79773 9044
4.80479 9520
4.88255 8568
4.88255 9044
4.88961 9520
4.89667 8568
4.89667 9044
4.90372 9520
4.91078 8568
4.91078 9044
4.91784 9520
4.93902 7616
4.93902 8092
4.94608 8568
4.95314 9044
4.95314 8092
4.9602 8568
4.96725 9044
4.96725 8092
4.97431 8568
4.98137 9044
4.98137 8092
4.98843 8568
4.99549 9044
4.99549 8092
5.00255 8568
5.00961 9044
5.00961 8092
5.01667 8568
5.02372 9044
5.03078 9520
5.09442 8568
5.09442 9044
5.10148 9520
5.10854 8568
5.10854 9044
5.1156 9520
5.12266 8568
5.12266 9044
5.12972 9520
5.15089 8568
5.15089 9044
5.15795 9520
5.16501 8568
5.16501 9044
5.17207 9520
5.17913 8568
5.17913 9044
5.18619 9520
5.19325 8568
5.19325 9044
5.20031 9520
5.20737 8568
5.20737 9044
5.21442 9520
5.22148 8568
5.22148 9044
5.22854 9520
5.2356 8568
5.2356 9044
5.24266 9520
5.3063 8568
5.3063 9044
5.31336 9520
5.32042 8568
5.32042 9044
5.32748 9520
5.33454 8568
5.33454 9044
5.34159 9520
5.36277 8568
5.36277 9044
5.36983 9520
5.37689 8568
5.37689 9044
5.38395 9520
5.39101 8568
5.39101 9044
5.39807 9520
5.40512 8568
5.40512 9044
5.41218 9520
5.41924 8568
5.41924 9044
5.4263 9520
5.43336 8568
5.43336 9044
5.44042 9520
5.44748 8568
5.44748 9044
5.45454 9520
5.51818 8568
5.51818 9044
5.52524 9520
5.53229 8568
5.53229 9044
5.53935 9520
5.54641 8568
5.54641 9044
5.55347 9520
5.57465 8568
5.57465 9044
5.58171 9520
5.58877 8568
5.58877 9044
5.59582 9520
5.60288 8568
5.60288 9044
5.60994 9520
5.617 8568
5.617 9044
5.62406 9520
5.63112 8568
5.63112 9044
5.63818 9520
5.64524 8568
5.64524 9044
5.6523 9520
5.65935 8568
5.65935 9044
5.66641 9520
5.73005 8568
5.73005 9044
5.73711 9520
5.74417 8568
5.74417 9044
5.75123 9520
5.75829 8568
5.75829 9044
5.76535 9520
5.78652 8568
5.78652 9044
5.79358 9520
5.80064 8568
5.80064 9044
5.8077 9520
5.81476 8568
5.81476 9044
5.82182 9520
5.82888 8568
5.82888 9044
5.83594 9520
5.843 8568
5.843 9044
5.85005 9520
5.85711 8568
5.85711 9044
5.86417 9520
5.87123 8568
5.87123 9044
5.87829 9520
5.94193 8568
5.94193 9044
5.94899 9520
5.95605 8568
5.95605 9044
5.96311 9520
5.97017 8568
5.97017 9044
5.97722 9520
5.9984 8568
5.9984 9044
6.00546 9520
6.01252 8568
6.01252 9044
6.01958 9520
6.02664 8568
6.02664 9044
6.0337 9520
6.04075 8568
6.04075 9044
6.04781 9520
6.05487 8568
6.05487 9044
6.06193 9520
6.06899 8568
6.06899 9044
6.07605 9520
6.08311 8568
6.08311 9044
6.09017 9520
6.15381 8568
6.15381 9044
6.16087 9520
6.16792 8568
6.16792 9044
6.17498 9520
6.18204 8568
6.18204 9044
6.1891 9520
6.21028 8568
6.21028 9044
6.21734 9520
6.22439 8568
6.22439 9044
6.23145 9520
6.23851 8568
6.23851 9044
6.24557 9520
6.25263 8568
6.25263 9044
6.25969 9520
6.26675 8568
6.26675 9044
6.27381 9520
6.28087 8568
6.28087 9044
6.28792 9520
6.29498 8568
6.29498 9044
6.30204 9520
6.36568 8568
6.36568 9044
6.37274 9520
6.3798 8568
6.3798 9044
6.38686 9520
6.39392 8568
6.39392 9044
6.40098 9520
6.42215 8568
6.42215 9044
6.42921 9520
6.43627 8568
6.43627 9044
6.44333 9520
6.45039 8568
6.45039 9044
6.45745 9520
6.46451 8568
6.46451 9044
6.47157 9520
6.47862 8568
6.47862 9044
6.48568 9520
6.49274 8568
6.49274 9044
6.4998 9520
6.50686 8568
6.50686 9044
6.51392 9520
6.57756 8568
6.57756 9044
6.58462 9520
6.59168 8568
6.59168 9044
6.59874 9520
6.60579 8568
6.60579 9044
6.61285 9520
6.63403 8568
6.63403 9044
6.64109 9520
6.64815 8568
6.64815 9044
6.65521 9520
6.66227 8568
6.66227 9044
6.66932 9520
6.67638 8568
6.67638 9044
6.68344 9520
6.6905 8568
6.6905 9044
6.69756 9520
6.70462 8568
6.70462 9044
6.71168 9520
6.71874 8568
6.71874 9044
6.7258 9520
6.78944 8568
6.78944 9044
6.79649 9520
6.80355 8568
6.80355 9044
6.81061 9520
6.81767 8568
6.81767 9044
6.82473 9520
6.84591 8568
6.84591 9044
6.85297 9520
6.86002 8568
6.86002 9044
6.86708 9520
6.87414 8568
6.87414 9044
6.8812 9520
6.88826 8568
6.88826 9044
6.89532 9520
6.90238 8568
6.90238 9044
6.90944 9520
6.9165 8568
6.9165 9044
6.92355 9520
6.93061 8568
6.93061 9044
6.93767 9520
7.00131 8568
7.00131 9044
7.00837 9520
7.01543 8568
7.01543 9044
7.02249 9520
7.02955 8568
7.02955 9044
7.03661 9520
7.05778 8568
7.05778 9044
7.06484 9520
7.0719 8568
7.0719 9044
7.07896 9520
7.08602 8568
7.08602 9044
7.09308 9520
7.10014 8568
7.10014 9044
7.1072 9520
7.11425 8568
7.11425 9044
7.12131 9520
7.14249 7616
7.14249 8092
7.14955 8568
7.15661 9044
7.16367 9520
7.21319 8568
7.21319 9044
7.22025 9520
7.22731 8568
7.22731 9044
7.23437 9520
7.24142 8568
7.24142 9044
7.24848 9520
7.26966 8568
7.26966 9044
7.27672 9520
7.28378 8568
7.28378 9044
7.29084 9520
7.29789 8568
7.29789 9044
7.30495 9520
7.31201 8568
7.31201 9044
7.31907 9520
7.32613 8568
7.32613 9044
7.33319 9520
7.35437 8568
7.35437 9044
7.36142 9520
7.36848 8568
7.36848 9044
7.37554 9520
7.42507 8568
7.42507 9044
7.43212 9520
7.43918 8568
7.43918 9044
7.44624 9520
7.4533 8568
7.4533 9044
7.46036 9520
7.48154 8568
7.48154 9044
7.48859 9520
7.49565 8568
7.49565 9044
7.50271 9520
7.50977 8568
7.50977 9044
7.51683 9520
7.52389 8568
7.52389 9044
7.53095 9520
7.53801 8568
7.53801 9044
7.54507 9520
7.56624 8568
7.56624 9044
7.5733 9520
7.58036 8568
7.58036 9044
7.58742 9520
7.63694 8568
7.63694 9044
7.644 9520
7.65106 8568
7.65106 9044
7.65812 9520
7.66518 8568
7.66518 9044
7.67224 9520
7.69341 8568
7.69341 9044
7.70047 9520
7.70753 8568
7.70753 9044
7.71459 9520
7.73577 7616
7.73577 8092
7.74282 8568
7.74988 9044
7.74988 8092
7.75694 8568
7.764 9044
7.77106 9520
7.77812 8568
7.77812 9044
7.78518 9520
7.79224 8568
7.79224 9044
7.7993 9520
7.84882 8568
7.84882 9044
7.85588 9520
7.86294 8568
7.86294 9044
7.86999 9520
7.87705 8568
7.87705 9044
7.88411 9520
7.90529 8568
7.90529 9044
7.91235 9520
7.91941 8568
7.91941 9044
7.92647 9520
7.94764 8568
7.94764 9044
7.9547 9520
7.96176 8568
7.96176 9044
7.96882 9520
7.97588 8568
7.97588 9044
7.98294 9520
7.99 8568
7.99 9044
7.99705 9520
8.00411 8568
8.00411 9044
8.01117 9520
8.06069 8568
8.06069 9044
8.06775 9520
8.07481 8568
8.07481 9044
8.08187 9520
8.08893 8568
8.08893 9044
8.09599 9520
8.11717 8568
8.11717 9044
8.12422 9520
8.13128 8568
8.13128 9044
8.13834 9520
8.15952 8568
8.15952 9044
8.16658 9520
8.17364 8568
8.17364 9044
8.1807 9520
8.18775 8568
8.18775 9044
8.19481 9520
8.20187 8568
8.20187 9044
8.20893 9520
8.21599 8568
8.21599 9044
8.22305 9520
8.27257 8568
8.27257 9044
8.27963 9520
8.28669 8568
8.28669 9044
8.29375 9520
8.30081 8568
8.30081 9044
8.30787 9520
8.32904 8568
8.32904 9044
8.3361 9520
8.34316 8568
8.34316 9044
8.35022 9520
8.37139 8568
8.37139 9044
8.37845 9520
8.38551 8568
8.38551 9044
8.39257 9520
8.39963 8568
8.39963 9044
8.40669 9520
8.41375 8568
8.41375 9044
8.42081 9520
8.42787 8568
8.42787 9044
8.43492 9520
8.49152 9044
8.49152 9520
8.49152 9044
8.49858 9520
8.49858 9044
8.50564 9520
8.50564 8568
8.51269 9044
8.51269 8568
8.51975 9044
8.53387 8568
8.54093 8092
8.54799 7616
8.55505 7140
8.57622 6664
8.58328 6188
8.59034 5712
8.5974 5236
8.60446 4760
8.61152 4284
8.61858 3808
8.62564 3332
8.63269 2856
8.63975 2380
8.69635 1904
8.70341 1428
8.70341 1904
8.71046 1428
8.71046 1904
8.71178 0
8.71178 476
8.71751 0
8.71884 476
8.7259 952
8.73296 1428
8.74002 1904
8.74708 2380
8.75413 2856
8.76119 3332
8.76825 3808
8.77531 4284
8.78237 4760
8.78943 5236
8.79649 5712
8.80355 6188
8.81061 6664
8.81766 7140
8.82472 7616
8.83178 8092
8.83884 8568
8.8459 9044
8.85296 9520
8.90822 8568
8.90822 9044
8.91528 9520
8.9166 9044
8.92234 9520
8.98013 6664
8.98013 7140
8.98719 7616
8.99425 8092
8.99425 7140
9.00131 7616
9.00836 8092
9.00836 7140
9.01542 7616
9.02248 8092
9.02248 7140
9.02954 7616
9.0366 8092
9.0366 7140
9.04366 7616
9.05072 8092
9.05072 7140
9.05778 7616
9.06483 8092
9.07189 8568
9.07895 9044
9.08601 9520
9.11304 8568
9.11304 9044
9.1201 9520
9.18496 9044
9.18496 9520
9.18496 9044
9.19202 9520
9.19202 9044
9.19908 9520
9.19908 8568
9.20613 9044
9.20613 8568
9.21319 9044
9.21319 8568
9.22025 8092
9.22731 7616
9.23437 7140
9.24143 6664
9.24849 6188
9.25555 5712
9.2626 5236
9.26966 4760
9.27672 4284
9.28378 3808
9.29084 3332
9.31787 2856
9.32493 2380
9.38979 1904
9.39684 1428
9.39684 1904
9.4039 1428
9.4039 1904
9.41095 1428
9.41096 1904
9.41802 2380
9.42508 2856
9.43214 3332
9.4392 3808
9.44626 4284
9.45332 4760
9.46037 5236
9.46743 5712
9.47449 6188
9.48155 6664
9.48861 7140
9.49567 7616
9.50273 8092
9.50979 8568
9.51685 9044
9.5239 9520
9.60873 9044
9.60873 9520
9.60873 9044
9.61579 9520
9.61579 9044
9.62285 9520
9.62285 8568
9.62991 9044
9.62991 8568
9.63697 9044
9.64403 8092
9.64403 8568
9.65109 8092
9.65814 7616
9.6652 7140
9.67226 6664
9.67932 6188
9.68638 5712
9.69344 5236
9.7005 4760
9.70756 4284
9.71462 3808
9.72167 3332
9.72873 2856
9.81356 2380
9.82769 1904
9.83474 1428
9.83527 1904
9.8418 1428
9.8418 1904
9.84886 952
9.84886 1428
9.85591 1904
10.0396 1428
10.0396 1904
10.0466 2380
10.0537 2856
10.0537 1904
10.0607 2380
10.0678 2856
10.0748 3332
10.0819 3808
10.089 4284
10.096 4760
10.1031 5236
10.1101 5712
10.1172 6188
10.1243 6664
10.1313 7140
10.1384 7616
10.1454 8092
10.1525 8568
10.1596 9044
10.1666 9520
10.2444 8568
10.2444 9044
10.2514 9520
10.2585 8568
10.2585 9044
10.2655 9520
10.2726 8568
10.2726 9044
10.2797 9520
10.2867 8568
10.2867 9044
10.2938 9520
10.315 7616
10.315 8092
10.322 8568
10.3291 9044
10.3291 8092
10.3361 8568
10.3432 9044
10.3432 8092
10.3503 8568
10.3573 9044
10.3573 8092
10.3644 8568
10.3714 9044
10.3714 8092
10.3785 8568
10.3856 9044
10.3926 9520
10.4562 8568
10.4704 7616
10.4845 6664
10.4986 5712
10.5268 4760
10.541 3808
10.5551 2856
10.5692 1904
10.5833 952
10.5833 1428
10.5904 1904
10.5974 952
10.5974 1428
10.6045 1904
10.7952 952
10.7952 1428
10.8022 1904
10.8093 2380
10.8093 1428
10.8164 1904
10.8234 2380
10.8305 2856
10.8375 3332
10.8446 3808
10.8517 4284
10.8587 4760
10.8658 5236
10.8728 5712
10.8799 6188
10.887 6664
10.894 7140
10.9011 7616
10.9081 8092
10.9152 8568
10.9222 9044
10.9293 9520
11.0071 8568
11.0071 9044
11.0141 9520
11.0212 8568
11.0212 9044
11.0282 9520
11.0353 8568
11.0353 9044
11.0424 9520
11.0494 8568
11.0494 9044
11.0565 9520
11.0635 8568
11.0635 9044
11.0706 9520
11.0777 8568
11.0777 9044
11.0847 9520
11.0918 8568
11.0918 9044
11.0988 9520
11.1059 8568
11.1059 9044
11.1129 9520
11.12 8568
11.12 9044
11.1271 9520
11.1341 8568
11.1341 9044
11.1412 9520
11.2189 8568
11.2189 9044
11.226 9520
11.2331 8568
11.2331 9044
11.2401 9520
11.2472 8568
11.2472 9044
11.2542 9520
11.2613 8568
11.2613 9044
11.2684 9520
11.2754 8568
11.2754 9044
11.2825 9520
11.2895 8568
11.2895 9044
11.2966 9520
11.3036 8568
11.3036 9044
11.3107 9520
11.3178 8568
11.3178 9044
11.3248 9520
11.3319 8568
11.3319 9044
11.3389 9520
11.346 8568
11.346 9044
11.3531 9520
11.4308 8568
11.4308 9044
11.4379 9520
11.4591 7616
11.4591 8092
11.4661 8568
11.4732 9044
11.4732 8092
11.4802 8568
11.4873 9044
11.4873 8092
11.4943 8568
11.5014 9044
11.5014 8092
11.5085 8568
11.5155 9044
11.5155 8092
11.5226 8568
11.5296 9044
11.5296 8092
11.5367 8568
11.5438 9044
11.5438 8092
11.5508 8568
11.5579 9044
11.5579 8092
11.5649 8568
11.572 9044
11.5791 9520
11.6427 8568
11.6427 9044
11.6498 9520
11.6709 8568
11.6709 9044
11.678 9520
11.685 8568
11.685 9044
11.6921 9520
11.6992 8568
11.6992 9044
11.7062 9520
11.7133 8568
11.7133 9044
11.7203 9520
11.7274 8568
11.7274 9044
11.7345 9520
11.7415 8568
11.7415 9044
11.7486 9520
11.7556 8568
11.7556 9044
11.7627 9520
11.7698 8568
11.7698 9044
11.7768 9520
11.7839 8568
11.7839 9044
11.7909 9520
11.8546 8568
11.8546 9044
11.8616 9520
11.8828 8568
11.8828 9044
11.8899 9520
11.8969 8568
11.8969 9044
11.904 9520
11.911 8568
11.911 9044
11.9181 9520
11.9252 8568
11.9252 9044
11.9322 9520
11.9393 8568
11.9393 9044
11.9463 9520
11.9534 8568
11.9534 9044
11.9605 9520
11.9675 8568
11.9675 9044
11.9746 9520
11.9816 8568
11.9816 9044
11.9887 9520
11.9957 8568
11.9957 9044
12.0028 9520
12.0664 8568
12.0664 9044
12.0735 9520
12.0947 9044
12.0947 9520
12.1017 9044
12.1017 9520
12.1088 8568
12.1088 9044
12.1159 9520
12.1159 9044
12.1229 8568
12.13 8092
12.137 7616
12.1441 7140
12.1512 6664
12.1582 6188
12.1653 5712
12.1723 5236
12.1794 4760
12.1865 4284
12.2006 3332
12.2006 3808
12.2076 3332
12.2713 2856
12.2783 2380
12.2794 0
12.2794 476
12.2995 952
12.3066 1428
12.3066 476
12.3136 0
12.3136 476
12.3207 952
12.3278 1428
12.3348 1904
12.4054 952
12.4054 1428
12.4125 1904
12.5396 952
12.5396 1428
12.5467 1904
12.6173 952
12.6173 1428
12.6243 1904
12.7515 952
12.7515 1428
12.7586 1904
12.8291 952
12.8291 1428
12.8362 1904
12.9634 952
12.9634 1428
12.9704 1904
13.041 952
13.041 1428
13.0481 1904
13.1753 952
13.1753 1428
13.1823 1904
13.2529 952
13.2529 1428
13.26 1904
13.3871 952
13.3871 1428
13.3942 1904
13.4648 952
13.4648 1428
13.4718 1904
13.599 952
13.599 1428
13.6061 1904
13.6767 952
13.6767 1428
13.6837 1904
13.8109 952
13.8109 1428
13.8179 1904
13.8885 952
13.8885 1428
13.8956 1904
14.0228 952
14.0228 1428
14.0298 1904
14.1004 952
14.1004 1428
14.1075 1904
14.2346 952
14.2346 1428
14.2417 1904
14.3123 952
14.3123 1428
14.3193 1904
14.4465 952
14.4465 1428
14.4536 1904
14.5242 952
14.5242 1428
14.5312 1904
14.6584 952
14.6584 1428
14.6655 1904
14.736 952
14.736 1428
14.7431 1904
14.8703 952
14.8703 1428
14.8773 1904
14.9479 952
14.9479 1428
14.955 1904
15.0821 952
15.0821 1428
15.0892 1904
15.1598 952
15.1598 1428
15.1668 1904
15.294 952
15.294 1428
15.3011 1904
15.3717 952
15.3717 1428
15.3787 1904
15.5059 952
15.5059 1428
15.513 1904
15.5835 952
15.5835 1428
15.5906 1904
15.7178 952
15.7178 1428
15.7248 1904
15.7954 952
15.7954 1428
15.8025 1904
15.9297 952
15.9297 1428
15.9367 1904
16.0073 952
16.0073 1428
16.0143 1904
16.1415 952
16.1415 1428
16.1486 1904
16.2192 952
16.2192 1428
16.2262 1904
16.3534 952
16.3534 1428
16.3605 1904
16.431 952
16.431 1428
16.4381 1904
16.5653 952
16.5653 1428
16.5723 1904
16.6429 952
16.6429 1428
16.65 1904
16.7772 952
16.7772 1428
16.7842 1904
16.8548 952
16.8548 1428
16.8619 1904
16.989 952
16.989 1428
16.9961 1904
17.0667 952
17.0667 1428
17.0737 1904
17.2009 952
17.2009 1428
17.208 1904
17.2785 952
17.2785 1428
17.2856 1904
17.4128 952
17.4128 1428
17.4198 1904
17.4904 952
17.4904 1428
17.4975 1904
17.6247 952
17.6247 1428
17.6317 1904
17.7023 952
17.7023 1428
17.7094 1904
17.8365 952
17.8365 1428
17.8436 1904
17.9142 952
17.9142 1428
17.9212 1904
18.0484 952
18.0484 1428
18.0555 1904
18.1261 952
18.1261 1428
18.1331 1904
18.2603 952
18.2603 1428
18.2674 1904
18.3379 952
18.3379 1428
18.345 1904
18.4722 952
18.4722 1428
18.4792 1904
18.5498 952
18.5498 1428
18.5569 1904
18.684 952
18.684 1428
18.6911 1904
18.7617 952
18.7617 1428
18.7687 1904
18.8959 952
18.8959 1428
18.903 1904
18.9736 952
18.9736 1428
18.9806 1904
19.1078 952
19.1078 1428
19.1149 1904
19.1854 952
19.1854 1428
19.1925 1904
19.3197 952
19.3197 1428
19.3267 1904
19.3973 952
19.3973 1428
19.4044 1904
19.5316 952
19.5316 1428
19.5386 1904
19.6092 952
19.6092 1428
19.6162 1904
19.7434 952
19.7434 1428
19.7505 1904
19.8211 952
19.8211 1428
19.8281 1904
19.9553 952
19.9553 1428
19.9624 1904
20.0329 952
20.0329 1428
20.04 1904
20.1672 952
20.1672 1428
20.1742 1904
20.2448 952
20.2448 1428
20.2519 1904
20.3791 952
20.3791 1428
20.3861 1904
20.4567 952
20.4567 1428
20.4638 1904
20.5909 952
20.5909 1428
20.598 1904
20.6686 952
20.6686 1428
20.6756 1904
20.8028 952
20.8028 1428
20.8099 1904
20.8804 952
20.8804 1428
20.8875 1904
21.0147 952
21.0147 1428
21.0217 1904
21.0923 952
21.0923 1428
21.0994 1904
21.2266 952
21.2266 1428
21.2336 1904
21.3042 952
21.3042 1428
21.3113 1904
21.4384 952
21.4384 1428
21.4455 1904
21.5161 952
21.5161 1428
21.5231 1904
21.6503 952
21.6503 1428
21.6574 1904
21.728 952
21.728 1428
21.735 1904
21.8622 952
21.8622 1428
21.8693 1904
21.9398 952
21.9398 1428
21.9469 1904
22.0741 952
22.0741 1428
22.0811 1904
22.1517 952
22.1517 1428
22.1588 1904
22.2859 952
22.2859 1428
22.293 1904
22.3636 952
22.3636 1428
22.3706 1904
22.4978 952
22.4978 1428
22.5049 1904
22.5755 952
22.5755 1428
22.5825 1904
22.7097 952
22.7097 1428
22.7168 1904
22.7873 952
22.7873 1428
22.7944 1904
22.9216 952
22.9216 1428
22.9286 1904
22.9992 952
22.9992 1428
23.0063 1904
23.1335 952
23.1335 1428
23.1405 1904
23.2111 952
23.2111 1428
23.2181 1904
23.3453 952
23.3453 1428
23.3524 1904
23.423 952
23.423 1428
23.43 1904
23.5572 952
23.5572 1428
23.5643 1904
23.6348 952
23.6348 1428
23.6419 1904
23.7691 952
23.7691 1428
23.7761 1904
23.8467 952
23.8467 1428
23.8538 1904
23.981 952
23.981 1428
23.988 1904
24.0586 952
24.0586 1428
24.0657 1904
24.1928 952
24.1928 1428
24.1999 1904
24.2705 952
24.2705 1428
24.2775 1904
24.4047 952
24.4047 1428
24.4118 1904
24.4823 952
24.4823 1428
24.4894 1904
24.6166 952
24.6166 1428
24.6236 1904
24.6942 952
24.6942 1428
24.7013 1904
24.8285 952
24.8285 1428
24.8355 1904
24.9061 952
24.9061 1428
24.9132 1904
25.0403 952
25.0403 1428
25.0474 1904
25.118 952
25.118 1428
25.125 1904
25.2522 952
25.2522 1428
25.2593 1904
25.3299 952
25.3299 1428
25.3369 1904
25.4641 952
25.4641 1428
25.4712 1904
25.5417 952
25.5417 1428
25.5488 1904
25.676 952
25.676 1428
25.683 1904
25.7536 952
25.7536 1428
25.7607 1904
25.8878 952
25.8878 1428
25.8949 1904
25.9655 952
25.9655 1428
25.9725 1904
26.0997 952
26.0997 1428
26.1068 1904
26.1774 952
26.1774 1428
26.1844 1904
26.3116 952
26.3116 1428
26.3187 1904
26.3892 952
26.3892 1428
26.3963 1904
26.5235 952
26.5235 1428
26.5305 1904
26.7354 0
26.7354 476
26.7424 952
26.7495 1428
26.7565 1904
26.9472 952
26.9472 1428
26.9543 1904
26.9613 952
26.9613 1428
26.9684 1904
27.1591 952
27.1591 1428
27.1662 1904
27.1732 952
27.1732 1428
27.1803 1904
27.371 952
27.371 1428
27.378 1904
27.3851 952
27.3851 1428
27.3922 1904
27.5829 952
27.5829 1428
27.5899 1904
27.597 952
27.597 1428
27.604 1904
27.7947 952
27.7947 1428
27.8018 1904
27.8089 952
27.8089 1428
27.8159 1904
28.0066 952
28.0066 1428
28.0137 1904
28.0207 952
28.0207 1428
28.0278 1904
28.2185 952
28.2185 1428
28.2255 1904
28.2326 952
28.2326 1428
28.2397 1904
28.4304 952
28.4304 1428
28.4374 1904
28.4445 952
28.4445 1428
28.4515 1904
28.6422 952
28.6422 1428
28.6493 1904
28.6564 952
28.6564 1428
28.6634 1904
28.8541 952
28.8541 1428
28.8612 1904
28.8682 952
28.8682 1428
28.8753 1904
29.066 952
29.066 1428
29.0731 1904
29.0801 952
29.0801 1428
29.0872 1904
29.2779 952
29.2779 1428
29.2849 1904
29.292 952
29.292 1428
29.299 1904
29.4897 952
29.4897 1428
29.4968 1904
29.5039 952
29.5039 1428
29.5109 1904
29.7016 952
29.7016 1428
29.7087 1904
29.7157 952
29.7157 1428
29.7228 1904
29.9135 952
29.9135 1428
29.9206 1904
29.9276 952
29.9276 1428
29.9347 1904
30.1254 952
30.1254 1428
30.1324 1904
30.1395 952
30.1395 1428
30.1466 1904
30.3373 952
30.3373 1428
30.3443 1904
30.3514 952
30.3514 1428
30.3584 1904
30.5491 952
30.5491 1428
30.5562 1904
30.5632 952
30.5632 1428
30.5703 1904
30.761 952
30.761 1428
30.7681 1904
30.7751 952
30.7751 1428
30.7822 1904
30.9729 952
30.9729 1428
30.9799 1904
30.987 952
30.987 1428
30.9941 1904
31.1848 952
31.1848 1428
31.1918 1904
31.1989 952
31.1989 1428
31.2059 1904
31.3966 952
31.3966 1428
31.4037 1904
31.4108 952
31.4108 1428
31.4178 1904
31.6085 952
31.6085 1428
31.6156 1904
31.6226 952
31.6226 1428
31.6297 1904
31.8204 952
31.8204 1428
31.8274 1904
31.8345 952
31.8345 1428
31.8416 1904
32.0323 952
32.0323 1428
32.0393 1904
32.0464 952
32.0464 1428
32.0534 1904
32.2441 952
32.2441 1428
32.2512 1904
32.2583 952
32.2583 1428
32.2653 1904
32.456 952
32.456 1428
32.4631 1904
32.4701 952
32.4701 1428
32.4772 1904
32.6679 952
32.6679 1428
32.675 1904
32.682 952
32.682 1428
32.6891 1904
32.8798 952
32.8798 1428
32.8868 1904
32.8939 952
32.8939 1428
32.9009 1904
33.0916 952
33.0916 1428
33.0987 1904
33.1058 952
33.1058 1428
33.1128 1904
33.3035 952
33.3035 1428
33.3106 1904
33.3176 952
33.3176 1428
33.3247 1904
33.5154 952
33.5154 1428
33.5225 1904
33.5295 952
33.5295 1428
33.5366 1904
33.7273 952
33.7273 1428
33.7343 1904
33.7414 952
33.7414 1428
33.7485 1904
33.9392 952
33.9392 1428
33.9462 1904
34.144 1428
34.144 1904
34.144 1428
34.151 1904
34.151 1428
34.1581 1904
34.3488 952
34.3488 1428
34.3559 1904
34.3559 1428
34.3629 1904
34.3629 1428
34.37 1904
34.5536 1428
34.5607 1904
34.5612 1428
34.5677 1904
34.5748 2380
34.5748 1428
34.5819 1904
34.5889 2380
34.7726 1428
34.7726 1904
34.7796 2380
34.7867 1428
34.7867 1904
34.7937 2380
34.9774 1428
34.9774 1904
34.9844 2380
34.9915 1428
34.9915 1904
34.9986 2380
35.1822 1428
35.1822 1904
35.1893 2380
35.1963 1428
35.1963 1904
35.2034 2380
35.387 1428
35.387 1904
35.3941 2380
35.4011 1428
35.4011 1904
35.4082 2380
35.5918 1428
35.5918 1904
35.5989 2380
35.606 1428
35.606 1904
35.613 2380
35.7967 1428
35.7967 1904
35.8037 2380
35.8108 1428
35.8108 1904
35.8178 2380
36.0015 1428
36.0015 1904
36.0085 2380
36.0156 1428
36.0156 1904
36.0226 2380
36.2063 1428
36.2063 1904
36.2133 2380
36.2204 1428
36.2204 1904
36.2275 2380
36.4111 1428
36.4111 1904
36.4182 2380
36.4252 1428
36.4252 1904
36.4323 2380
36.6159 1428
36.6159 1904
36.623 2380
36.63 1428
36.63 1904
36.6371 2380
36.8207 1428
36.8207 1904
36.8278 2380
36.8349 1428
36.8349 1904
36.8419 2380
37.0256 1428
37.0256 1904
37.0326 2380
37.0397 1428
37.0397 1904
37.0467 2380
37.2304 1428
37.2304 1904
37.2374 2380
37.2445 1428
37.2445 1904
37.2516 2380
37.4352 1428
37.4352 1904
37.4423 2380
37.4493 1428
37.4493 1904
37.4564 2380
37.64 1428
37.64 1904
37.6471 2380
37.6541 1428
37.6541 1904
37.6612 2380
37.8448 1428
37.8448 1904
37.8519 2380
37.8589 1428
37.8589 1904
37.866 2380
38.0496 1428
38.0496 1904
38.0567 2380
38.0638 1428
38.0638 1904
38.0708 2380
38.2545 1428
38.2545 1904
38.2615 2380
38.2686 1428
38.2686 1904
38.2756 2380
38.4593 1428
38.4593 1904
38.4663 2380
38.4734 1428
38.4734 1904
38.4805 2380
38.6641 1428
38.6641 1904
38.6712 2380
38.6782 1428
38.6782 1904
38.6853 2380
38.8689 1428
38.8689 1904
38.876 2380
38.883 1428
38.883 1904
38.8901 2380
39.0737 1428
39.0737 1904
39.0808 2380
39.0879 1428
39.0879 1904
39.0949 2380
39.2786 1428
39.2786 1904
39.2856 2380
39.2927 1428
39.2927 1904
39.4834 952
39.4834 1428
39.4904 1904
39.4975 952
39.4975 1428
39.5045 1904
39.6952 952
39.6952 1428
39.7023 1904
39.7094 2380
39.7094 1428
39.7164 1904
39.7235 2380
39.9071 1428
39.9071 1904
39.9142 2380
39.9212 1428
39.9212 1904
39.9283 2380
40.1119 1428
40.1119 1904
40.119 2380
40.1261 1428
40.1261 1904
40.1331 2380
40.3309 476
40.3309 952
40.3379 1428
40.345 1904
40.3521 2380
40.5357 1428
40.5357 1904
40.5428 2380
40.5498 1428
40.5498 1904
40.5569 2380
40.7405 1428
40.7405 1904
40.7476 2380
40.7546 1428
40.7546 1904
40.7617 2380
40.9453 1428
40.9453 1904
40.9524 2380
40.9594 1428
40.9594 1904
40.9665 2380
41.1501 1428
41.1501 1904
41.1572 2380
41.1643 1428
41.1643 1904
41.1713 2380
41.355 1428
41.355 1904
41.362 2380
41.3691 1428
41.3691 1904
41.3761 2380
41.5598 1428
41.5598 1904
41.5668 2380
41.5739 1428
41.5739 1904
41.581 2380
41.7646 1428
41.7646 1904
41.7717 2380
41.7787 1428
41.7787 1904
41.7858 2380
41.9694 1428
41.9694 1904
41.9765 2380
41.9835 1428
41.9835 1904
41.9906 2380
42.1742 1428
42.1742 1904
42.1813 2380
42.1884 1428
42.1884 1904
42.1954 2380
42.3791 1428
42.3791 1904
42.3861 2380
42.3932 1428
42.3932 1904
42.4002 2380
42.5839 1428
42.5839 1904
42.5909 2380
42.598 1428
42.598 1904
42.605 2380
42.7887 1428
42.7887 1904
42.7957 2380
42.8028 1428
42.8028 1904
42.8099 2380
42.9935 1428
42.9935 1904
43.0006 2380
43.0076 1428
43.0076 1904
43.0147 2380
43.1983 1428
43.1983 1904
43.2054 2380
43.2124 1428
43.2124 1904
43.2195 2380
43.4031 1428
43.4031 1904
43.4102 2380
43.4173 1428
43.4173 1904
43.4243 2380
43.608 1428
43.608 1904
43.615 2380
43.6221 1428
43.6221 1904
43.6291 2380
43.8128 1428
43.8128 1904
43.8198 2380
43.8269 1428
43.8269 1904
43.834 2380
44.0176 1428
44.0176 1904
44.0247 2380
44.0317 1428
44.0317 1904
44.0388 2380
44.2224 1428
44.2224 1904
44.2295 2380
44.2365 1428
44.2365 1904
44.2436 2380
44.4413 476
44.4413 952
44.4484 1428
44.4555 1904
44.4625 2380
44.6462 1428
44.6462 1904
44.6532 2380
44.6603 1428
44.6603 1904
44.6673 2380
44.851 1428
44.851 1904
44.858 2380
44.8651 1428
44.8651 1904
44.8722 2380
45.0558 1428
45.0558 1904
45.0629 2380
45.0699 1428
45.0699 1904
45.077 2380
45.2606 1428
45.2606 1904
45.2677 2380
45.2747 1428
45.2747 1904
45.2818 2380
45.4654 1428
45.4654 1904
45.4725 2380
45.4795 1428
45.4795 1904
45.4866 2380
45.6702 1428
45.6702 1904
45.6773 2380
45.6844 1428
45.6844 1904
45.6914 2380
45.8751 1428
45.8751 1904
45.8821 2380
45.8892 1428
45.8892 1904
45.8962 2380
46.0799 1428
46.0799 1904
46.0869 2380
46.094 1428
46.094 1904
46.1011 2380
46.2847 1428
46.2847 1904
46.2918 2380
46.2988 1428
46.2988 1904
46.3059 2380
46.4895 1428
46.4895 1904
46.4966 2380
46.5036 1428
46.5036 1904
46.5107 2380
46.6943 1428
46.6943 1904
46.7014 2380
46.7085 1428
46.7085 1904
46.7155 2380
46.8992 1428
46.8992 1904
46.9062 2380
46.9133 1428
46.9133 1904
46.9203 2380
47.104 1428
47.104 1904
47.111 2380
47.1181 1428
47.1181 1904
47.1251 2380
47.3088 1428
47.3088 1904
47.3158 2380
47.3229 1428
47.3229 1904
47.33 2380
47.5136 1428
47.5136 1904
47.5207 2380
47.5277 1428
47.5277 1904
47.5348 2380
47.7184 1428
47.7184 1904
47.7255 2380
47.7325 1428
47.7325 1904
47.7396 2380
47.9232 1428
47.9232 1904
47.9303 2380
47.9444 1904
47.9444 2380
47.9444 1904
47.9515 2380
48.1281 1904
48.1281 2380
48.1351 1428
48.1351 1904
48.1422 2380
48.1563 1904
48.1634 2380
48.3329 1904
48.34 1428
48.347 1904
48.347 1428
48.3541 1904
48.3682 1428
48.3682 1904
48.5448 1428
48.5448 1904
48.5518 2380
48.5589 2856
48.5589 1904
48.566 2380
48.573 2856
48.7496 1904
48.7496 2380
48.7567 2856
48.7637 1904
48.7637 2380
48.7708 2856
48.7778 1904
48.7778 2380
48.7849 2856
48.9615 1904
48.9615 2380
48.9685 2856
48.9756 1904
48.9756 2380
48.9826 2856
48.9897 1904
48.9897 2380
48.9968 2856
49.1733 1904
49.1733 2380
49.1804 2856
49.1875 1904
49.1875 2380
49.1945 2856
49.2016 1904
49.2016 2380
49.2086 2856
49.3852 1904
49.3852 2380
49.3923 2856
49.3993 1904
49.3993 2380
49.4064 2856
49.4135 1904
49.4135 2380
49.4205 2856
49.5971 1904
49.5971 2380
49.6042 2856
49.6112 1904
49.6112 2380
49.6183 2856
49.6253 1904
49.6253 2380
49.6324 2856
49.809 1904
49.809 2380
49.816 2856
49.8231 2380
49.8231 2856
49.8302 2380
49.8302 2856
49.8372 1904
49.8372 2380
49.8443 2856
50.0138 2380
50.0209 1904
50.0279 1428
50.0279 1904
50.035 1428
50.035 1904
50.042 1428
50.0421 1904
50.0491 2380
50.0562 2856
50.0632 3332
50.2328 2380
50.2328 2856
50.2398 3332
50.2469 2380
50.2469 2856
50.2539 3332
50.261 2380
50.261 2856
50.268 3332
50.4376 2380
50.4376 2856
50.4446 3332
50.4517 2380
50.4517 2856
50.4587 3332
50.4658 2380
50.4658 2856
50.4729 3332
50.6424 2380
50.6424 2856
50.6494 3332
50.6565 2380
50.6565 2856
50.6636 3332
50.6706 2380
50.6706 2856
50.6777 3332
50.8472 2380
50.8472 2856
50.8543 3332
50.8613 2380
50.8613 2856
50.8684 3332
50.8754 2380
50.8754 2856
50.8825 3332
51.052 2380
51.052 2856
51.0591 3332
51.0661 2380
51.0661 2856
51.0732 3332
51.0803 2380
51.0803 2856
51.0873 3332
51.2568 2380
51.2568 2856
51.2639 3332
51.271 2380
51.271 2856
51.278 3332
51.2851 2380
51.2851 2856
51.2921 3332
51.4617 2380
51.4617 2856
51.4687 3332
51.4758 2380
51.4758 2856
51.4828 3332
51.4899 2380
51.4899 2856
51.497 3332
51.6665 2380
51.6665 2856
51.6735 3332
51.6806 2380
51.6806 2856
51.6877 3332
51.6947 2380
51.6947 2856
51.7018 3332
51.8713 2380
51.8713 2856
51.8784 3332
51.8854 2380
51.8854 2856
51.8925 3332
51.8995 2380
51.8995 2856
51.9066 3332
52.0761 2380
52.0761 2856
52.0832 3332
52.0902 2380
52.0902 2856
52.0973 3332
52.1043 2380
52.1043 2856
52.1114 3332
52.2809 2380
52.2809 2856
52.288 3332
52.295 2380
52.295 2856
52.3021 3332
52.3092 2380
52.3092 2856
52.3162 3332
52.4857 2380
52.4857 2856
52.4928 3332
52.4999 2380
52.4999 2856
52.5069 3332
52.514 2380
52.514 2856
52.521 3332
52.6906 2380
52.6906 2856
52.6976 3332
52.7047 2380
52.7047 2856
52.7117 3332
52.7188 2380
52.7188 2856
52.7259 3332
52.8954 2380
52.8954 2856
52.9024 3332
52.9095 2380
52.9095 2856
52.9166 3332
52.9236 2380
52.9236 2856
52.9307 3332
53.1002 2380
53.1002 2856
53.1073 3332
53.1143 2380
53.1143 2856
53.1214 3332
53.1284 2380
53.1284 2856
53.1355 3332
53.305 2380
53.305 2856
53.3121 3332
53.3191 2380
53.3191 2856
53.3262 3332
53.3333 2380
53.3333 2856
53.3403 3332
53.5098 2380
53.5098 2856
53.5169 3332
53.524 2380
53.524 2856
53.531 3332
53.5381 2380
53.5381 2856
53.5451 3332
53.7147 2380
53.7147 2856
53.7217 3332
53.7288 2380
53.7288 2856
53.7358 3332
53.7429 2380
53.7429 2856
53.7499 3332
53.9195 2380
53.9195 2856
53.9265 3332
53.9336 2380
53.9336 2856
53.9406 3332
53.9477 2380
53.9477 2856
53.9548 3332
54.1243 2380
54.1243 2856
54.1313 3332
54.1384 2380
54.1384 2856
54.1455 3332
54.1525 2380
54.1525 2856
54.1596 3332
54.3291 2380
54.3291 2856
54.3362 3332
54.3432 2380
54.3432 2856
54.3503 3332
54.3573 2380
54.3573 2856
54.3644 3332
54.5339 2380
54.5339 2856
54.541 3332
54.548 2380
54.548 2856
54.5551 3332
54.5622 2380
54.5622 2856
54.5692 3332
54.7387 2380
54.7387 2856
54.7458 3332
54.7529 2380
54.7529 2856
54.7599 3332
54.767 2380
54.767 2856
54.774 3332
54.9436 2380
54.9436 2856
54.9506 3332
54.9577 2380
54.9577 2856
54.9647 3332
54.9718 2380
54.9718 2856
54.9789 3332
55.1484 2380
55.1484 2856
55.1554 3332
55.1625 2380
55.1625 2856
55.1696 3332
55.1766 2380
55.1766 2856
55.1837 3332
55.3532 2380
55.3532 2856
55.3603 3332
55.3673 2380
55.3673 2856
55.3744 3332
55.3814 2380
55.3814 2856
55.3885 3332
55.558 2380
55.558 2856
55.5651 3332
55.5721 2380
55.5721 2856
55.5792 3332
55.5862 2380
55.5862 2856
55.5933 3332
55.7628 2380
55.7628 2856
55.7699 3332
55.7769 2380
55.7769 2856
55.784 3332
55.7911 2380
55.7911 2856
55.7981 3332
55.9676 2380
55.9676 2856
55.9747 3332
55.9818 2380
55.9818 2856
55.9888 3332
55.9959 2380
55.9959 2856
56.0029 3332
56.1725 2380
56.1725 2856
56.1795 3332
56.1866 2380
56.1866 2856
56.1936 3332
56.2007 2380
56.2007 2856
56.2078 3332
56.3773 2380
56.3773 2856
56.3843 3332
56.3914 2380
56.3914 2856
56.3985 3332
56.4055 2380
56.4055 2856
56.4126 3332
56.5821 2380
56.5821 2856
56.5892 3332
56.5962 2380
56.5962 2856
56.6033 3332
56.6103 2380
56.6103 2856
56.6174 3332
56.7869 2380
56.7869 2856
56.794 3332
56.801 2380
56.801 2856
56.8081 3332
56.8152 2380
56.8152 2856
56.8222 3332
56.9917 2380
56.9917 2856
56.9988 3332
57.0059 2380
57.0059 2856
57.0129 3332
57.02 2380
57.02 2856
57.027 3332
57.1966 2380
57.1966 2856
57.2036 3332
57.2107 2380
57.2107 2856
57.2177 3332
57.2248 2380
57.2248 2856
57.2318 3332
57.4014 2380
57.4014 2856
57.4084 3332
57.4155 2380
57.4155 2856
57.4225 3332
57.4296 2380
57.4296 2856
57.4367 3332
57.6062 2380
57.6062 2856
57.6132 3332
57.6203 2380
57.6203 2856
57.6274 3332
57.6344 2856
57.6344 3332
57.6415 2856
57.6415 3332
57.811 2380
57.811 2856
57.8181 3332
57.8181 2856
57.8251 2380
57.8322 1904
57.8393 1428
57.8393 1904
57.8463 1428
57.8463 1904
58.0158 1428
58.0158 1904
58.0229 2380
58.03 2856
58.037 3332
58.0441 3808
58.0441 2856
58.0511 3332
58.0582 3808
58.2207 2856
58.2207 3332
58.2277 3808
58.2348 2856
58.2348 3332
58.2418 3808
58.2489 2856
58.2489 3332
58.2559 3808
58.263 2856
58.263 3332
58.2701 3808
58.4325 2856
58.4325 3332
58.4396 3808
58.4466 2856
58.4466 3332
58.4537 3808
58.4608 2856
58.4608 3332
58.4678 3808
58.4749 2856
58.4749 3332
58.4819 3808
58.6444 2856
58.6444 3332
58.6515 3808
58.6585 2856
58.6585 3332
58.6656 3808
58.6726 2856
58.6726 3332
58.6797 3808
58.6868 2856
58.6868 3332
58.6938 3808
58.8563 2856
58.8563 3332
58.8633 3808
58.8704 2856
58.8704 3332
58.8775 3808
58.8845 2856
58.8845 3332
58.8916 3808
58.8986 2856
58.8986 3332
58.9057 3808
59.0682 2856
59.0682 3332
59.0752 3808
59.0823 2856
59.0823 3332
59.0893 3808
59.0964 2856
59.0964 3332
59.1035 3808
59.1105 2856
59.1105 3332
59.1176 3808
59.28 2856
59.28 3332
59.2871 3808
59.2942 2856
59.2942 3332
59.3012 3808
59.3083 2856
59.3083 3332
59.3153 3808
59.3224 2856
59.3224 3332
59.3294 3808
59.4919 2856
59.4919 3332
59.499 3808
59.506 2856
59.506 3332
59.5131 3808
59.5201 2856
59.5201 3332
59.5272 3808
59.5343 2856
59.5343 3332
59.5413 3808
59.7038 2856
59.7038 3332
59.7108 3808
59.7179 2856
59.7179 3332
59.725 3808
59.732 2856
59.732 3332
59.7391 3808
59.7461 2856
59.7461 3332
59.7532 3808
59.9157 2856
59.9157 3332
59.9227 3808
59.9298 2856
59.9298 3332
59.9368 3808
59.9439 2856
59.9439 3332
59.951 3808
59.958 2856
59.958 3332
59.9651 3808
60.1275 2856
60.1275 3332
60.1346 3808
60.1417 2856
60.1417 3332
60.1487 3808
60.1628 3332
60.1628 3808
60.1628 3332
60.1699 3808
60.1699 3332
60.177 3808
60.3324 2856
60.3324 3332
60.3394 3808
60.3394 3332
60.3465 3808
60.3465 3332
60.3535 2856
60.3677 2380
60.3747 1904
60.3818 1428
60.3818 1904
60.3853 0
60.3853 476
60.5372 0
60.5372 476
60.5442 952
60.5448 476
60.5513 952
60.5584 1428
60.5654 1904
60.5725 2380
60.5795 2856
60.5866 3332
60.5866 2380
60.5937 2856
60.6007 3332
60.6078 3808
60.6148 4284
60.7702 3332
60.7702 3808
60.7773 4284
60.7844 3332
60.7844 3808
60.7914 4284
60.7985 3332
60.7985 3808
60.8055 4284
60.8126 3332
60.8126 3808
60.8196 4284
60.9751 3332
60.9751 3808
60.9821 4284
60.9892 3332
60.9892 3808
60.9962 4284
61.0033 3332
61.0033 3808
61.0103 4284
61.0174 3332
61.0174 3808
61.0245 4284
61.1799 3332
61.1799 3808
61.1869 4284
61.194 3332
61.194 3808
61.201 4284
61.2081 3332
61.2081 3808
61.2152 4284
61.2222 3332
61.2222 3808
61.2293 4284
61.3847 3332
61.3847 3808
61.3917 4284
61.3988 3332
61.3988 3808
61.4059 4284
61.4129 3332
61.4129 3808
61.42 4284
61.427 3332
61.427 3808
61.4341 4284
61.5895 3332
61.5895 3808
61.5966 4284
61.6036 3332
61.6036 3808
61.6107 4284
61.6177 3332
61.6177 3808
61.6248 4284
61.6319 3332
61.6319 3808
61.6389 4284
61.7943 3332
61.7943 3808
61.8014 4284
61.8084 3332
61.8084 3808
61.8155 4284
61.8226 3332
61.8226 3808
61.8296 4284
61.8367 3332
61.8367 3808
61.8437 4284
61.9991 3332
61.9991 3808
62.0062 4284
62.0133 3332
62.0133 3808
62.0203 4284
62.0274 3332
62.0274 3808
62.0344 4284
62.0415 3332
62.0415 3808
62.0486 4284
62.204 3332
62.204 3808
62.211 4284
62.2181 3332
62.2181 3808
62.2251 4284
62.2322 3332
62.2322 3808
62.2393 4284
62.2463 3332
62.2463 3808
62.2534 4284
62.4088 3332
62.4088 3808
62.4158 4284
62.4229 3332
62.4229 3808
62.43 4284
62.437 3332
62.437 3808
62.4441 4284
62.4511 3332
62.4511 3808
62.4582 4284
62.6136 3332
62.6136 3808
62.6207 4284
62.6277 3332
62.6277 3808
62.6348 4284
62.6418 3332
62.6418 3808
62.6489 4284
62.6559 3332
62.6559 3808
62.663 4284
62.8184 3332
62.8184 3808
62.8255 4284
62.8325 3332
62.8325 3808
62.8396 4284
62.8466 3332
62.8466 3808
62.8537 4284
62.8608 3332
62.8608 3808
62.8678 4284
63.0232 3332
63.0232 3808
63.0303 4284
63.0373 3332
63.0373 3808
63.0444 4284
63.0515 3332
63.0515 3808
63.0585 4284
63.0656 3332
63.0656 3808
63.0726 4284
63.228 3332
63.228 3808
63.2351 4284
63.2422 3332
63.2422 3808
63.2492 4284
63.2563 3332
63.2563 3808
63.2633 4284
63.2704 3332
63.2704 3808
63.2775 4284
63.447 2380
63.447 2856
63.454 3332
63.4611 3808
63.4611 2856
63.4682 3332
63.4752 3808
63.4752 2856
63.4823 3332
63.4893 3808
63.4964 4284
63.6518 3332
63.6518 3808
63.6589 4284
63.6659 3332
63.6659 3808
63.673 4284
63.68 3332
63.68 3808
63.6871 4284
63.6942 3332
63.6942 3808
63.7012 4284
63.8566 3332
63.8566 3808
63.8637 4284
63.8707 3332
63.8707 3808
63.8778 4284
63.8849 3332
63.8849 3808
63.8919 4284
63.899 3332
63.899 3808
63.906 4284
64.0614 3332
64.0614 3808
64.0685 4284
64.0756 3332
64.0756 3808
64.0826 4284
64.0897 3332
64.0897 3808
64.0967 4284
64.1038 3332
64.1038 3808
64.1108 4284
64.2663 3332
64.2663 3808
64.2733 4284
64.2804 3332
64.2804 3808
64.2874 4284
64.2945 3332
64.2945 3808
64.3015 4284
64.3086 3332
64.3086 3808
64.3157 4284
64.4711 3332
64.4711 3808
64.4781 4284
64.4852 3332
64.4852 3808
64.4922 4284
64.4993 3332
64.4993 3808
64.5064 4284
64.5134 3332
64.5134 3808
64.5205 4284
64.6759 3332
64.6759 3808
64.6829 4284
64.69 3332
64.69 3808
64.6971 4284
64.7041 3332
64.7041 3808
64.7112 4284
64.7182 3332
64.7182 3808
64.7253 4284
64.8807 3332
64.8807 3808
64.8878 4284
64.8948 3332
64.8948 3808
64.9019 4284
64.9089 3332
64.9089 3808
64.916 4284
64.9231 3332
64.9231 3808
64.9301 4284
65.0855 3332
65.0855 3808
65.0926 4284
65.0996 3332
65.0996 3808
65.1067 4284
65.1138 3332
65.1138 3808
65.1208 4284
65.1279 3332
65.1279 3808
65.1349 4284
65.2903 3332
65.2903 3808
65.2974 4284
65.3045 3332
65.3045 3808
65.3115 4284
65.3186 3332
65.3186 3808
65.3256 4284
65.3327 3332
65.3327 3808
65.3398 4284
65.4952 3332
65.4952 3808
65.5022 4284
65.5093 3332
65.5093 3808
65.5163 4284
65.5234 3332
65.5234 3808
65.5305 4284
65.5375 3332
65.5375 3808
65.5446 4284
65.7 3332
65.7 3808
65.707 4284
65.7141 3332
65.7141 3808
65.7212 4284
65.7282 3332
65.7282 3808
65.7353 4284
65.7423 3332
65.7423 3808
65.7494 4284
65.9048 3332
65.9048 3808
65.9119 4284
65.9189 3332
65.9189 3808
65.926 4284
65.933 3332
65.933 3808
65.9401 4284
65.9471 3332
65.9471 3808
65.9542 4284
66.1096 3332
66.1096 3808
66.1167 4284
66.1237 3332
66.1237 3808
66.1308 4284
66.1378 3332
66.1378 3808
66.1449 4284
66.152 3332
66.152 3808
66.159 4284
66.3144 3332
66.3144 3808
66.3215 4284
66.3285 3332
66.3285 3808
66.3356 4284
66.3427 3332
66.3427 3808
66.3497 4284
66.3568 3332
66.3568 3808
66.3638 4284
66.5192 3332
66.5192 3808
66.5263 4284
66.5334 3332
66.5334 3808
66.5404 4284
66.5475 3332
66.5475 3808
66.5545 4284
66.5616 3332
66.5616 3808
66.5687 4284
66.7241 3332
66.7241 3808
66.7311 4284
66.7382 3332
66.7382 3808
66.7452 4284
66.7523 3332
66.7523 3808
66.7594 4284
66.7664 3332
66.7664 3808
66.7735 4284
66.9289 3332
66.9289 3808
66.9359 4284
66.943 3332
66.943 3808
66.9501 4284
66.9571 3332
66.9571 3808
66.9642 4284
66.9712 3332
66.9712 3808
66.9783 4284
67.1408 3808
67.1408 4284
67.1408 3808
67.1478 4284
67.1549 2856
67.1549 3332
67.1619 3808
67.1619 3332
67.169 3808
67.169 3332
67.1761 3808
67.1761 3332
67.1831 2856
67.3456 2380
67.3527 1904
67.3597 1428
67.3668 1904
67.3738 952
67.3738 1428
67.3809 1904
67.3879 2380
67.395 2856
67.4021 3332
67.4091 3808
67.4162 4284
67.5645 3808
67.5645 4284
67.5786 3332
67.5786 3808
67.5857 4284
67.5928 3332
67.5928 3808
67.5998 4284
67.6069 3332
67.6069 3808
67.6139 4284
67.621 3332
67.621 3808
67.6281 4284
67.7835 3332
67.7835 3808
67.7905 4284
67.7976 3332
67.7976 3808
67.8046 4284
67.8117 3332
67.8117 3808
67.8188 4284
67.8258 3332
67.8258 3808
67.8329 4284
67.9883 3332
67.9883 3808
67.9953 4284
68.0024 3332
68.0024 3808
68.0095 4284
68.0165 3332
68.0165 3808
68.0236 4284
68.0306 3332
68.0306 3808
68.0377 4284
68.1931 3332
68.1931 3808
68.2002 4284
68.2072 3332
68.2072 3808
68.2143 4284
68.2213 3332
68.2213 3808
68.2284 4284
68.2354 3332
68.2354 3808
68.2425 4284
68.3979 3332
68.3979 3808
68.405 4284
68.412 3332
68.412 3808
68.4191 4284
68.4261 3332
68.4261 3808
68.4332 4284
68.4403 3332
68.4403 3808
68.4473 4284
68.6027 3332
68.6027 3808
68.6098 4284
68.6168 3332
68.6168 3808
68.6239 4284
68.631 3332
68.631 3808
68.638 4284
68.6451 3332
68.6451 3808
68.6521 4284
68.8075 3332
68.8075 3808
68.8146 4284
68.8217 3332
68.8217 3808
68.8287 4284
68.8358 3332
68.8358 3808
68.8428 4284
68.8499 3332
68.8499 3808
68.857 4284
69.0124 3332
69.0124 3808
69.0194 4284
69.0265 3332
69.0265 3808
69.0335 4284
69.0406 3332
69.0406 3808
69.0477 4284
69.0547 3332
69.0547 3808
69.0618 4284
69.2172 3332
69.2172 3808
69.2242 4284
69.2313 3332
69.2313 3808
69.2384 4284
69.2454 3332
69.2454 3808
69.2525 4284
69.2595 3332
69.2595 3808
69.2666 4284
69.422 3332
69.422 3808
69.4291 4284
69.4361 3332
69.4361 3808
69.4432 4284
69.4502 3332
69.4502 3808
69.4573 4284
69.4644 3332
69.4644 3808
69.4714 4284
69.6268 3332
69.6268 3808
69.6339 4284
69.6409 3332
69.6409 3808
69.648 4284
69.6551 3332
69.6551 3808
69.6621 4284
69.6692 3332
69.6692 3808
69.6762 4284
69.8316 3332
69.8316 3808
69.8387 4284
69.8458 3332
69.8458 3808
69.8528 4284
69.8599 3332
69.8599 3808
69.8669 4284
69.874 3332
69.874 3808
69.881 4284
70.0365 3332
70.0365 3808
70.0435 4284
70.0506 3332
70.0506 3808
70.0576 4284
70.0647 3332
70.0647 3808
70.0717 4284
70.0788 3332
70.0788 3808
70.0859 4284
70.2413 3332
70.2554 2380
70.2695 1428
70.2695 1904
70.2836 952
70.2836 1428
70.2907 1904
70.4743 952
70.4743 1428
70.4814 1904
70.6862 0
70.6862 476
70.6933 952
70.7003 1428
70.7074 1904
70.7144 2380
70.7215 2856
70.7286 3332
70.7356 3808
70.7427 4284
70.8981 3332
70.8981 3808
70.9051 4284
70.9122 3332
70.9122 3808
70.9193 4284
70.9263 3332
70.9263 3808
70.9334 4284
70.9404 3332
70.9404 3808
70.9475 4284
71.1029 3332
71.1029 3808
71.11 4284
71.117 3332
71.117 3808
71.1241 4284
71.1311 3332
71.1311 3808
71.1382 4284
71.1452 3332
71.1452 3808
71.1523 4284
71.3077 3332
71.3077 3808
71.3148 4284
71.3218 3332
71.3218 3808
71.3289 4284
71.3359 3332
71.3359 3808
71.343 4284
71.3501 3332
71.3501 3808
71.3571 4284
71.5125 3332
71.5125 3808
71.5196 4284
71.5266 3332
71.5266 3808
71.5337 4284
71.5408 3332
71.5408 3808
71.5478 4284
71.5549 3332
71.5549 3808
71.5619 4284
71.7173 3332
71.7173 3808
71.7244 4284
71.7315 3332
71.7315 3808
71.7385 4284
71.7456 3332
71.7456 3808
71.7526 4284
71.7597 3332
71.7597 3808
71.7668 4284
71.9222 3332
71.9222 3808
71.9292 4284
71.9363 3332
71.9363 3808
71.9433 4284
71.9504 3332
71.9504 3808
71.9575 4284
71.9645 3332
71.9645 3808
71.9716 4284
72.127 3332
72.127 3808
72.134 4284
72.1411 3332
72.1411 3808
72.1482 4284
72.1552 3332
72.1552 3808
72.1623 4284
72.1693 3332
72.1693 3808
72.1764 4284
72.3318 3332
72.3318 3808
72.3389 4284
72.3459 3332
72.3459 3808
72.353 4284
72.36 3332
72.36 3808
72.3671 4284
72.3742 3332
72.3742 3808
72.3812 4284
72.5366 3332
72.5366 3808
72.5437 4284
72.5507 3332
72.5507 3808
72.5578 4284
72.5649 3332
72.5649 3808
72.5719 4284
72.579 3332
72.579 3808
72.586 4284
72.7414 3332
72.7414 3808
72.7485 4284
72.7556 3332
72.7556 3808
72.7626 4284
72.7697 3332
72.7697 3808
72.7767 4284
72.7838 3332
72.7838 3808
72.7908 4284
72.9463 3332
72.9463 3808
72.9533 4284
72.9604 3332
72.9604 3808
72.9674 4284
72.9745 3332
72.9745 3808
72.9815 4284
72.9886 3332
72.9886 3808
72.9957 4284
73.1511 3332
73.1511 3808
73.1581 4284
73.1652 3332
73.1652 3808
73.1722 4284
73.1793 3332
73.1793 3808
73.1864 4284
73.1934 3332
73.1934 3808
73.2005 4284
73.3559 3332
73.3559 3808
73.3629 4284
73.37 3332
73.37 3808
73.3771 4284
73.3841 3332
73.3841 3808
73.3912 4284
73.3982 3332
73.3982 3808
73.4053 4284
73.5607 3332
73.5607 3808
73.5678 4284
73.5748 3332
73.5748 3808
73.5819 4284
73.5889 3332
73.5889 3808
73.596 4284
73.6031 3332
73.6031 3808
73.6101 4284
73.7655 3332
73.7655 3808
73.7726 4284
73.7796 3332
73.7796 3808
73.7867 4284
73.7938 3332
73.7938 3808
73.8008 4284
73.8079 3332
73.8079 3808
73.8149 4284
73.9703 3332
73.9703 3808
73.9774 4284
73.9845 3332
73.9845 3808
73.9915 4284
73.9986 3332
73.9986 3808
74.0056 4284
74.0127 3332
74.0127 3808
74.0198 4284
74.1752 3332
74.1752 3808
74.1822 4284
74.1893 3332
74.1893 3808
74.1963 4284
74.2034 3332
74.2034 3808
74.2105 4284
74.2175 3332
74.2175 3808
74.2246 4284
74.38 3332
74.38 3808
74.387 4284
74.3941 3332
74.3941 3808
74.4012 4284
74.4082 3332
74.4082 3808
74.4153 4284
74.4223 3332
74.4223 3808
74.4294 4284
74.5848 3332
74.5848 3808
74.5919 4284
74.5989 3332
74.5989 3808
74.606 4284
74.613 3332
74.613 3808
74.6201 4284
74.6271 3332
74.6271 3808
74.6342 4284
74.7896 3332
74.7896 3808
74.7967 4284
74.8037 3332
74.8037 3808
74.8108 4284
74.8178 3332
74.8178 3808
74.8249 4284
74.832 3332
74.832 3808
74.839 4284
74.9944 3332
74.9944 3808
75.0015 4284
75.0085 3332
75.0085 3808
75.0156 4284
75.0227 3332
75.0227 3808
75.0297 4284
75.0368 3332
75.0368 3808
75.0438 4284
75.1992 3332
75.1992 3808
75.2063 4284
75.2134 3332
75.2134 3808
75.2204 4284
75.2275 3332
75.2275 3808
75.2345 4284
75.2416 3332
75.2416 3808
75.2487 4284
75.4041 3332
75.4041 3808
75.4111 4284
75.4182 3332
75.4182 3808
75.4252 4284
75.4323 3332
75.4323 3808
75.4394 4284
75.4464 3332
75.4464 3808
75.4535 4284
75.6089 3332
75.6089 3808
75.6159 4284
75.623 3332
75.623 3808
75.6301 4284
75.6371 3332
75.6371 3808
75.6442 4284
75.6512 3332
75.6512 3808
75.6583 4284
75.8137 3332
75.8137 3808
75.8208 4284
75.8278 3332
75.8278 3808
75.8349 4284
75.8419 3332
75.8419 3808
75.849 4284
75.8561 3332
75.8561 3808
75.8631 4284
76.0185 3332
76.0185 3808
76.0256 4284
76.0326 3332
76.0326 3808
76.0397 4284
76.0468 3332
76.0468 3808
76.0538 4284
76.0609 3332
76.0609 3808
76.0679 4284
76.2233 3332
76.2233 3808
76.2304 4284
76.2375 3332
76.2375 3808
76.2445 4284
76.2586 3808
76.2586 4284
76.2586 3808
76.2657 4284
76.2657 3808
76.2728 4284
76.2728 3332
76.2798 3808
76.2869 4284
76.4282 3808
76.4352 4284
76.4352 3808
76.4423 3332
76.4493 2856
76.4635 2380
76.4705 1904
76.4776 1428
76.4776 1904
76.4846 1428
76.4846 1904
76.633 1428
76.633 1904
76.64 2380
76.6471 2856
76.6542 3332
76.6612 3808
76.6683 4284
76.6753 4760
76.6824 3808
76.6824 4284
76.6895 4760
76.8378 3808
76.8378 4284
76.8449 4760
76.8519 3808
76.8519 4284
76.859 4760
76.866 3808
76.866 4284
76.8731 4760
76.8802 3808
76.8802 4284
76.8872 4760
76.8943 3808
76.8943 4284
76.9013 4760
77.0497 3808
77.0497 4284
77.0567 4760
77.0638 3808
77.0638 4284
77.0709 4760
77.0779 3808
77.0779 4284
77.085 4760
77.092 3808
77.092 4284
77.0991 4760
77.1062 3808
77.1062 4284
77.1132 4760
77.2616 3808
77.2616 4284
77.2686 4760
77.2757 3808
77.2757 4284
77.2827 4760
77.2898 3808
77.2898 4284
77.2968 4760
77.3039 3808
77.3039 4284
77.311 4760
77.318 3808
77.318 4284
77.3251 4760
77.4734 3808
77.4734 4284
77.4805 4760
77.4875 3808
77.4875 4284
77.4946 4760
77.5017 4284
77.5017 4760
77.5087 4284
77.5087 4760
77.5158 3808
77.5158 4284
77.5229 4760
77.5229 4284
77.5299 3808
77.6783 3332
77.6853 2856
77.6924 2380
77.6994 1904
77.7065 1428
77.7065 1904
77.7136 1428
77.7136 1904
77.7206 1428
77.7206 1904
77.7277 2380
77.7347 2856
77.7418 3332
77.7489 3808
77.7559 4284
77.763 4760
77.77 5236
77.9254 3332
77.9254 3808
77.9325 4284
77.9396 4760
77.9396 3808
77.9466 4284
77.9537 4760
77.9537 3808
77.9607 4284
77.9678 4760
77.9678 3808
77.9748 4284
77.9819 4760
77.989 5236
78.1303 4284
78.1303 4760
78.1373 5236
78.1444 4284
78.1444 4760
78.1514 5236
78.1585 4284
78.1585 4760
78.1655 5236
78.1726 4284
78.1726 4760
78.1797 5236
78.1867 4284
78.1867 4760
78.1938 5236
78.3351 4284
78.3351 4760
78.3421 5236
78.3492 4284
78.3492 4760
78.3562 5236
78.3633 4284
78.3633 4760
78.3704 5236
78.3774 4284
78.3774 4760
78.3845 5236
78.3915 4284
78.3915 4760
78.3986 5236
78.5399 4284
78.5399 4760
78.5469 5236
78.554 4284
78.554 4760
78.5611 5236
78.5681 4284
78.5681 4760
78.5752 5236
78.5822 4284
78.5822 4760
78.5893 5236
78.5964 4284
78.5964 4760
78.6034 5236
78.7447 4284
78.7447 4760
78.7518 5236
78.7588 4284
78.7588 4760
78.7659 5236
78.7729 4284
78.7729 4760
78.78 5236
78.7871 4284
78.7871 4760
78.7941 5236
78.8012 4284
78.8012 4760
78.8082 5236
78.9495 4284
78.9495 4760
78.9566 5236
78.9636 4284
78.9636 4760
78.9707 5236
78.9778 4284
78.9778 4760
78.9848 5236
79.006 3332
79.006 3808
79.0131 4284
79.0201 4760
79.0272 5236
79.1543 4284
79.1543 4760
79.1614 5236
79.1685 4284
79.1685 4760
79.1755 5236
79.1826 4284
79.1826 4760
79.1896 5236
79.2108 4284
79.2108 4760
79.2179 5236
79.2249 4284
79.2249 4760
79.232 5236
79.3592 4284
79.3592 4760
79.3662 5236
79.3733 4284
79.3733 4760
79.3803 5236
79.3874 4284
79.3874 4760
79.3945 5236
79.4156 4284
79.4156 4760
79.4227 5236
79.4297 4284
79.4297 4760
79.4368 5236
79.564 4284
79.564 4760
79.571 5236
79.5781 4284
79.5781 4760
79.5852 5236
79.5922 4284
79.5922 4760
79.5993 5236
79.6204 4284
79.6204 4760
79.6275 5236
79.6346 4284
79.6346 4760
79.6416 5236
79.7688 4284
79.7688 4760
79.7759 5236
79.7829 4284
79.7829 4760
79.79 5236
79.797 4284
79.797 4760
79.8041 5236
79.8253 4284
79.8253 4760
79.8323 5236
79.8394 4284
79.8394 4760
79.8464 5236
79.9736 4284
79.9736 4760
79.9807 5236
79.9877 4284
79.9877 4760
79.9948 5236
80.0018 4284
80.0018 4760
80.0089 5236
80.0301 4284
80.0301 4760
80.0371 5236
80.0442 4284
80.0442 4760
80.0513 5236
80.1784 4284
80.1784 4760
80.1855 5236
80.1925 4284
80.1925 4760
80.1996 5236
80.2067 4284
80.2067 4760
80.2137 5236
80.2349 4284
80.2349 4760
80.242 5236
80.249 4284
80.249 4760
80.2561 5236
80.3832 4284
80.3832 4760
80.3903 5236
80.3974 4760
80.3974 5236
80.4044 4760
80.4044 5236
80.4115 4284
80.4115 4760
80.4186 5236
80.4186 4760
80.4397 4284
80.4468 3808
80.4538 3332
80.4609 2856
80.5881 2380
80.5951 1904
80.6022 1428
80.6022 1904
80.6093 1428
80.6093 1904
80.6163 1428
80.6163 1904
80.6234 2380
80.6304 2856
80.6375 3332
80.6446 3808
80.6516 4284
80.6587 4760
80.6657 5236
80.6728 5712
80.8211 3808
80.8211 4284
80.8282 4760
80.8353 5236
80.8353 4284
80.8423 4760
80.8494 5236
80.8494 4284
80.8564 4760
80.8635 5236
80.8635 4284
80.8706 4760
80.8776 5236
80.8776 4284
80.8847 4760
80.8917 5236
80.8988 5712
81.033 4760
81.033 5236
81.0401 5712
81.0471 4760
81.0471 5236
81.0542 5712
81.0613 4760
81.0613 5236
81.0683 5712
81.0754 4760
81.0754 5236
81.0824 5712
81.0966 5236
81.0966 5712
81.0966 5236
81.1036 5712
81.1036 5236
81.1107 5712
81.2378 4760
81.2378 5236
81.2449 5712
81.2449 5236
81.252 5712
81.252 5236
81.259 4760
81.2661 4284
81.2731 3808
81.2802 3332
81.2873 2856
81.3014 2380
81.3084 1904
81.3155 1428
81.3155 1904
81.3776 0
81.3776 476
81.4427 0
81.4427 476
81.4497 952
81.4503 476
81.4568 952
81.4638 1428
81.4709 1904
81.478 2380
81.485 2856
81.4921 3332
81.4991 3808
81.5062 4284
81.5133 4760
81.5203 5236
81.5203 4284
81.5274 4760
81.5344 5236
81.5415 5712
81.5485 6188
81.6898 4284
81.6898 4760
81.6969 5236
81.704 5712
81.704 4760
81.711 5236
81.7181 5712
81.7181 4760
81.7251 5236
81.7322 5712
81.7322 4760
81.7392 5236
81.7463 5712
81.7534 6188
81.8947 4284
81.8947 4760
81.9017 5236
81.9088 5712
81.9158 6188
81.9229 4284
81.9229 4760
81.9299 5236
81.937 5712
81.937 4760
81.9441 5236
81.9511 5712
81.9511 4760
81.9582 5236
81.9652 5712
81.9723 6188
82.0995 5236
82.0995 5712
82.1065 6188
82.1136 5236
82.1136 5712
82.1206 6188
82.1277 5236
82.1277 5712
82.1348 6188
82.1418 5236
82.1418 5712
82.1489 6188
82.1559 5236
82.1559 5712
82.163 6188
82.1701 5236
82.1701 5712
82.1771 6188
82.3043 5236
82.3043 5712
82.3113 6188
82.3184 5236
82.3184 5712
82.3255 6188
82.3325 5236
82.3325 5712
82.3396 6188
82.3466 5236
82.3466 5712
82.3537 6188
82.3608 5236
82.3608 5712
82.3678 6188
82.3749 5236
82.3749 5712
82.3819 6188
82.5232 4284
82.5232 4760
82.5303 5236
82.5373 5712
82.5373 4760
82.5444 5236
82.5515 5712
82.5515 4760
82.5585 5236
82.5656 5712
82.5656 4760
82.5726 5236
82.5797 5712
82.5797 4760
82.5868 5236
82.5938 5712
82.6009 6188
82.728 5236
82.728 5712
82.7351 6188
82.7422 5236
82.7422 5712
82.7492 6188
82.7563 5236
82.7563 5712
82.7633 6188
82.7704 5236
82.7704 5712
82.7775 6188
82.7845 5236
82.7845 5712
82.7916 6188
82.7986 5236
82.7986 5712
82.8057 6188
82.9329 5236
82.9329 5712
82.9399 6188
82.947 5236
82.947 5712
82.954 6188
82.9611 5236
82.9611 5712
82.9682 6188
82.9752 5236
82.9752 5712
82.9823 6188
82.9893 5236
82.9893 5712
82.9964 6188
83.0034 5236
83.0034 5712
83.0105 6188
83.1377 5236
83.1377 5712
83.1447 6188
83.1518 5236
83.1518 5712
83.1589 6188
83.1659 5236
83.1659 5712
83.173 6188
83.18 5236
83.18 5712
83.1871 6188
83.2012 5712
83.2012 6188
83.2012 5712
83.2083 6188
83.2083 5712
83.2153 6188
83.2153 5236
83.2224 5712
83.2295 6188
83.3425 5712
83.3496 6188
83.3496 5712
83.3566 5236
83.3637 4760
83.3707 4284
83.3778 3808
83.3849 3332
83.3919 2856
83.406 2380
83.4131 1904
83.4202 1428
83.4202 1904
83.4272 1428
83.4272 1904
83.5473 1428
83.5473 1904
83.5544 2380
83.5614 2856
83.5685 3332
83.5756 3808
83.5826 4284
83.5897 4760
83.5967 5236
83.6038 5712
83.6109 6188
83.6179 6664
83.625 5712
83.625 6188
83.7521 5236
83.7521 5712
83.7592 6188
83.7663 5236
83.7663 5712
83.7733 6188
83.7804 5236
83.7804 5712
83.7874 6188
83.7945 5236
83.7945 5712
83.8016 6188
83.8086 5236
83.8086 5712
83.8157 6188
83.8227 5236
83.8227 5712
83.8298 6188
83.957 5236
83.957 5712
83.964 6188
83.9711 5236
83.9711 5712
83.9781 6188
83.9852 5236
83.9852 5712
83.9923 6188
83.9993 5236
83.9993 5712
84.0064 6188
84.0134 5236
84.0134 5712
84.0205 6188
84.0275 5236
84.0275 5712
84.0346 6188
84.1618 5236
84.1618 5712
84.1688 6188
84.1759 5236
84.1759 5712
84.183 6188
84.19 5236
84.19 5712
84.1971 6188
84.2041 5236
84.2041 5712
84.2112 6188
84.2182 5236
84.2182 5712
84.2253 6188
84.2324 5236
84.2324 5712
84.2394 6188
84.3666 5236
84.3666 5712
84.3737 6188
84.3807 5236
84.3807 5712
84.3878 6188
84.3948 5236
84.3948 5712
84.4019 6188
84.4089 5236
84.4089 5712
84.416 6188
84.4231 5236
84.4231 5712
84.4301 6188
84.4372 5236
84.4372 5712
84.4442 6188
84.5714 5236
84.5714 5712
84.5785 6188
84.5855 5236
84.5855 5712
84.5926 6188
84.5996 5236
84.5996 5712
84.6067 6188
84.6138 5236
84.6138 5712
84.6208 6188
84.6279 5236
84.6279 5712
84.6349 6188
84.642 5236
84.642 5712
84.6491 6188
84.7762 5236
84.7762 5712
84.7833 6188
84.7903 5236
84.7903 5712
84.7974 6188
84.8045 5236
84.8045 5712
84.8115 6188
84.8186 5236
84.8186 5712
84.8256 6188
84.8327 5236
84.8327 5712
84.8398 6188
84.8468 5236
84.8468 5712
84.8539 6188
84.981 5236
84.981 5712
84.9881 6188
84.9952 5236
84.9952 5712
85.0022 6188
85.0164 5712
85.0164 6188
85.0164 5712
85.0234 6188
85.0234 5712
85.0305 6188
85.0305 5236
85.0375 5712
85.0375 5236
85.0446 5712
85.0446 5236
85.0516 4760
85.0587 4284
85.1859 3808
85.1929 3332
85.2 2856
85.2071 2380
85.2212 1904
85.2282 1428
85.2282 1904
85.2353 1428
85.2353 1904
85.2423 1428
85.2424 1904
85.2494 2380
85.2565 2856
85.2635 3332
85.2706 3808
85.2777 4284
85.2847 4760
85.2918 5236
85.2988 5712
85.3059 6188
85.4331 5236
85.4331 5712
85.4401 6188
85.4472 5236
85.4472 5712
85.4542 6188
85.4613 5236
85.4613 5712
85.4684 6188
85.4754 5236
85.4754 5712
85.4825 6188
85.4895 5236
85.4895 5712
85.4966 6188
85.5036 5236
85.5036 5712
85.5107 6188
85.6379 5712
85.6379 6188
85.6449 5712
85.6449 6188
85.652 5236
85.652 5712
85.6591 6188
85.6591 5712
85.6661 5236
85.6732 4760
85.6802 4284
85.6873 3808
85.6944 3332
85.7014 2856
85.7085 2380
85.7155 1904
85.8427 1428
85.8427 1904
85.8498 1428
85.8498 1904
85.8568 1428
85.8568 1904
85.8639 2380
85.8709 2856
85.878 3332
85.8851 3808
85.8921 4284
85.8992 4760
85.9062 5236
85.9133 5712
85.9204 6188
85.9274 6664
86.0475 5712
86.0475 6188
86.0616 5236
86.0616 5712
86.0687 6188
86.0758 5236
86.0758 5712
86.0828 6188
86.0899 5236
86.0899 5712
86.0969 6188
86.104 5236
86.104 5712
86.1111 6188
86.1181 5236
86.1181 5712
86.1252 6188
86.1322 5236
86.1322 5712
86.1393 6188
86.2665 5236
86.2665 5712
86.2735 6188
86.2806 5236
86.2806 5712
86.2876 6188
86.2947 5236
86.2947 5712
86.3018 6188
86.3088 5236
86.3088 5712
86.3159 6188
86.3229 5236
86.3229 5712
86.33 6188
86.3371 5236
86.3371 5712
86.3441 6188
86.4713 5236
86.4713 5712
86.4783 6188
86.4854 5236
86.4854 5712
86.4925 6188
86.4995 5236
86.4995 5712
86.5066 6188
86.5136 5236
86.5136 5712
86.5207 6188
86.5278 5236
86.5278 5712
86.5348 6188
86.5419 5236
86.5419 5712
86.5489 6188
86.6761 5236
86.6761 5712
86.6832 6188
86.6902 5236
86.6902 5712
86.6973 6188
86.7043 5236
86.7043 5712
86.7114 6188
86.7185 5236
86.7185 5712
86.7255 6188
86.7326 5236
86.7326 5712
86.7396 6188
86.7467 5236
86.7467 5712
86.7537 6188
86.8809 5236
86.8809 5712
86.888 6188
86.895 5236
86.895 5712
86.9021 6188
86.9092 5236
86.9092 5712
86.9162 6188
86.9233 5236
86.9233 5712
86.9303 6188
86.9374 5236
86.9374 5712
86.9444 6188
86.9515 5236
86.9515 5712
86.9586 6188
87.0857 5236
87.0857 5712
87.0928 6188
87.0999 5236
87.0999 5712
87.1069 6188
87.114 5236
87.114 5712
87.121 6188
87.1281 5236
87.1281 5712
87.1351 6188
87.1422 5236
87.1422 5712
87.1493 6188
87.1563 5236
87.1563 5712
87.1634 6188
87.2906 5236
87.2906 5712
87.2976 6188
87.3047 5236
87.3047 5712
87.3117 6188
87.3188 5236
87.3188 5712
87.3258 6188
87.3329 5236
87.3329 5712
87.34 6188
87.347 5236
87.347 5712
87.3541 6188
87.3611 5236
87.3611 5712
87.3682 6188
87.4954 5236
87.4954 5712
87.5024 6188
87.5095 5236
87.5095 5712
87.5165 6188
87.5236 5236
87.5236 5712
87.5307 6188
87.5377 5236
87.5377 5712
87.5448 6188
87.5518 5236
87.5518 5712
87.5589 6188
87.566 5236
87.566 5712
87.573 6188
87.7002 5236
87.7002 5712
87.7072 6188
87.7143 5236
87.7143 5712
87.7214 6188
87.7284 5236
87.7284 5712
87.7355 6188
87.7425 5236
87.7425 5712
87.7496 6188
87.7567 5236
87.7567 5712
87.7637 6188
87.7708 5236
87.7708 5712
87.7778 6188
87.905 5236
87.905 5712
87.9121 6188
87.9191 5236
87.9191 5712
87.9262 6188
87.9332 5236
87.9332 5712
87.9403 6188
87.9474 5236
87.9474 5712
87.9544 6188
87.9615 5236
87.9615 5712
87.9685 6188
87.9756 5236
88.1098 4284
88.1239 3332
88.1381 2380
88.1522 1428
88.1522 1904
88.1663 952
88.1663 1428
88.1734 1904
88.357 952
88.357 1428
88.3641 1904
88.3782 952
88.3782 1428
88.3852 1904
88.3923 2380
88.3993 2856
88.4064 3332
88.4135 3808
88.4205 4284
88.4276 4760
88.4346 5236
88.4417 5712
88.4488 6188
88.4558 6664
88.5689 5712
88.5689 6188
88.5759 6664
88.59 5712
88.59 6188
88.5971 6664
88.6042 5712
88.6042 6188
88.6112 6664
88.6183 5712
88.6183 6188
88.6253 6664
88.6324 5712
88.6324 6188
88.6395 6664
88.6465 5712
88.6465 6188
88.6536 6664
88.6606 5712
88.6606 6188
88.6677 6664
88.7807 5712
88.7807 6188
88.7878 6664
88.8019 5712
88.8019 6188
88.809 6664
88.816 5712
88.816 6188
88.8231 6664
88.8302 5712
88.8302 6188
88.8372 6664
88.8443 5712
88.8443 6188
88.8513 6664
88.8584 5712
88.8584 6188
88.8655 6664
88.8725 5712
88.8725 6188
88.8796 6664
88.9926 5712
88.9926 6188
88.9997 6664
89.0209 6188
89.0209 6664
89.0209 6188
89.0279 6664
89.0279 6188
89.035 6664
89.035 5712
89.042 6188
89.042 5712
89.0491 6188
89.0491 5712
89.0562 5236
89.0632 4760
89.0703 4284
89.0773 3808
89.0844 3332
89.1975 2856
89.2045 2380
89.2257 1904
89.2328 1428
89.2328 1904
89.2398 1428
89.2398 1904
89.2469 1428
89.2469 1904
89.2539 2380
89.261 2856
89.2681 3332
89.2751 3808
89.2822 4284
89.2892 4760
89.2963 5236
89.3033 5712
89.3104 6188
89.3175 6664
89.4376 5712
89.4376 6188
89.4446 6664
89.4517 5712
89.4517 6188
89.4588 6664
89.4658 5712
89.4658 6188
89.4729 6664
89.4799 5712
89.4799 6188
89.487 6664
89.494 5712
89.494 6188
89.5011 6664
89.5082 5712
89.5082 6188
89.5152 6664
89.5223 5712
89.5223 6188
89.5293 6664
89.6495 5712
89.6495 6188
89.6565 6664
89.6636 5712
89.6636 6188
89.6706 6664
89.6777 5712
89.6777 6188
89.6847 6664
89.6918 5712
89.6918 6188
89.6989 6664
89.7059 5712
89.7059 6188
89.713 6664
89.72 5712
89.72 6188
89.7271 6664
89.7342 5712
89.7342 6188
89.7412 6664
89.8613 5712
89.8613 6188
89.8684 6664
89.8754 5712
89.8754 6188
89.8825 6664
89.8896 5712
89.8896 6188
89.8966 6664
89.9037 5712
89.9037 6188
89.9107 6664
89.9178 5712
89.9178 6188
89.9249 6664
89.9319 5712
89.9319 6188
89.939 6664
89.946 5712
89.946 6188
89.9531 6664
90.0732 5712
90.0732 6188
90.0803 6664
90.0873 5712
90.0873 6188
90.0944 6664
90.1014 5712
90.1014 6188
90.1085 6664
90.1156 6188
90.1156 6664
90.1226 6188
90.1226 6664
90.1297 5712
90.1297 6188
90.1367 6664
90.1367 6188
90.1438 5712
90.1509 5236
90.1579 4760
90.278 4284
90.2851 3808
90.2922 3332
90.2992 2856
90.3063 2380
90.3133 1904
90.3204 1428
90.3204 1904
90.324 0
90.324 476
90.3311 952
90.3345 0
90.3381 476
90.3452 952
90.3522 1428
90.3593 1904
90.5252 952
90.5252 1428
90.5323 1904
90.7371 0
90.7371 476
90.7442 952
90.7512 1428
90.7583 1904
90.949 952
90.949 1428
90.956 1904
91.1538 1428
91.1538 1904
91.1538 1428
91.1609 1904
91.1609 1428
91.1679 1904
91.3586 952
91.3586 1428
91.3657 1904
91.3657 1428
91.3727 1904
91.3727 1428
91.3798 1904
91.5634 1428
91.5705 1904
91.571 1428
91.5776 1904
91.5846 2380
91.5846 1428
91.5917 1904
91.5987 2380
91.7824 1428
91.7824 1904
91.7894 2380
91.7965 1428
91.7965 1904
91.8036 2380
91.9872 1428
91.9872 1904
91.9943 2380
92.0013 1428
92.0013 1904
92.0084 2380
92.192 1428
92.192 1904
92.1991 2380
92.2061 1428
92.2061 1904
92.2132 2380
92.3968 1428
92.3968 1904
92.4039 2380
92.411 1428
92.411 1904
92.418 2380
92.6017 1428
92.6017 1904
92.6087 2380
92.6158 1428
92.6158 1904
92.6228 2380
92.8065 1428
92.8065 1904
92.8135 2380
92.8206 1428
92.8206 1904
92.8276 2380
93.0113 1428
93.0113 1904
93.0183 2380
93.0254 1428
93.0254 1904
93.0325 2380
93.2161 1428
93.2161 1904
93.2232 2380
93.2302 1428
93.2302 1904
93.2373 2380
93.4209 1428
93.4209 1904
93.428 2380
93.435 1428
93.435 1904
93.4421 2380
93.6257 1428
93.6257 1904
93.6328 2380
93.6399 1428
93.6399 1904
93.6469 2380
93.8306 1428
93.8306 1904
93.8376 2380
93.8447 1428
93.8447 1904
93.8517 2380
94.0495 476
94.0495 952
94.0566 1428
94.0636 1904
94.0707 2380
94.2543 1428
94.2543 1904
94.2614 2380
94.2684 1428
94.2684 1904
94.2755 2380
94.4591 1428
94.4591 1904
94.4662 2380
94.4732 1428
94.4732 1904
94.4803 2380
94.6639 1428
94.6639 1904
94.671 2380
94.6851 1904
94.6851 2380
94.6851 1904
94.6922 2380
94.8688 1904
94.8688 2380
94.8758 1428
94.8758 1904
94.8829 2380
94.89 1904
94.897 2380
94.897 1904
95.0736 1428
95.0736 1904
95.0807 1428
95.0807 1904
95.0948 1428
95.0948 1904
95.1018 2380
95.1089 2856
95.2784 1904
95.2784 2380
95.2855 2856
95.2996 1904
95.2996 2380
95.3067 2856
95.3137 1904
95.3137 2380
95.3208 2856
95.4903 1904
95.4903 2380
95.4974 2856
95.5115 1904
95.5115 2380
95.5185 2856
95.5256 1904
95.5256 2380
95.5327 2856
95.7022 1904
95.7022 2380
95.7092 2856
95.7233 1904
95.7233 2380
95.7304 2856
95.7375 1904
95.7375 2380
95.7445 2856
95.914 1904
95.914 2380
95.9211 2856
95.9352 1904
95.9352 2380
95.9423 2856
95.9493 1904
95.9493 2380
95.9564 2856
96.1259 1904
96.1259 2380
96.133 2856
96.1471 1904
96.1471 2380
96.1542 2856
96.1612 1904
96.1612 2380
96.1683 2856
96.3378 1904
96.3378 2380
96.3449 2856
96.359 1904
96.359 2380
96.366 2856
96.3731 1904
96.3731 2380
96.3802 2856
96.5497 1904
96.5497 2380
96.5567 2856
96.5709 1904
96.5709 2380
96.5779 2856
96.585 2380
96.585 2856
96.7545 2380
96.7545 2856
96.7616 1904
96.7616 2380
96.7686 2856
96.7757 2380
96.7827 1904
96.7898 1428
96.7898 1904
96.8456 0
96.8456 476
96.9593 952
96.9664 0
96.9664 476
96.9735 952
96.9805 1428
96.9876 1904
96.9946 952
96.9946 1428
97.0017 1904
97.2693 0
97.2693 476
97.8187 0
97.8187 476
98.9175 0
98.9175 476
101.115 0
101.115 476
105.51 0
105.51 476
114.301 0
114.301 476
131.881 0
