0.010001 1 -0
0.110001 1 -0
0.210001 1 0.00418536
0.210001 2 -0
0.310001 1 0.00418536
0.310001 2 0.00418536
0.410001 1 0.122155
0.410001 2 0.00418536
0.510001 1 0.122155
0.510001 2 0.00740366
0.610001 1 0.170844
0.610001 2 0.00740366
0.710001 1 0.193182
0.710001 2 0.00982402
0.810001 1 0.224978
0.810001 2 0.0106502
0.910001 1 0.24263
0.910001 2 0.012211
1.01 1 0.255776
1.01 2 0.0131344
1.11 1 0.268759
1.11 2 0.0133213
1.21 1 0.267672
1.21 2 0.0147112
1.31 1 0.287872
1.31 2 0.0165238
1.41 1 0.27868
1.41 2 0.019023
1.51 1 0.265887
1.51 2 0.0184113
1.61 1 0.290095
1.61 2 0.0172885
1.71 1 0.283849
1.71 2 0.0183862
1.81 1 0.30431
1.81 2 0.0177772
1.91 1 0.296929
1.91 2 0.0187997
2.01 1 0.312602
2.01 2 0.0182372
2.11 1 0.308579
2.11 2 0.0188942
2.21 1 0.32132
2.21 2 0.0186034
2.31 1 0.317097
2.31 2 0.0191247
2.41 1 0.327627
2.41 2 0.0192445
2.51 1 0.332806
2.51 2 0.0212078
2.61 1 0.332806
2.61 2 0.0217608
2.71 1 0.315686
2.71 2 0.0217608
2.81 1 0.315686
2.81 2 0.0206144
2.91 1 0.298909
2.91 2 0.0206144
3.01 1 0.298909
3.01 2 0.0206144
3.11 1 0.279061
3.11 2 0.0206144
3.21 1 0.279061
3.21 2 0.0206144
3.31 1 0.279061
3.31 2 0.0206144
3.41 1 0.279061
3.41 2 0.0206144
3.51 1 0.245591
3.51 2 0.0206144
3.61 1 0.245591
3.61 2 0.0206144
3.71 1 0.245591
3.71 2 0.0206144
3.81 1 0.245591
3.81 2 0.0206144
3.91 1 0.245591
3.91 2 0.0206144
4.01 1 0.245591
4.01 2 0.0206144
4.11 1 0.245591
4.11 2 0.0206144
4.21 1 0.245591
4.21 2 0.0206144
4.31 1 0.245591
4.31 2 0.0206144
4.41 1 0.197686
4.41 2 0.0206144
4.51 1 0.197686
4.51 2 0.0206144
4.61 1 0.197686
4.61 2 0.0206144
4.71 1 0.197686
4.71 2 0.0206144
4.81 1 0.197686
4.81 2 0.0206144
4.91 1 0.197686
4.91 2 0.0206144
5.01 1 0.197686
5.01 2 0.0206144
5.11 1 0.197686
5.11 2 0.0206144
5.21 1 0.197686
5.21 2 0.0206144
5.31 1 0.197686
5.31 2 0.0206144
5.41 1 0.197686
5.41 2 0.0206144
5.51 1 0.197686
5.51 2 0.0206144
5.61 1 0.197686
5.61 2 0.0206144
5.71 1 0.197686
5.71 2 0.0206144
5.81 1 0.197686
5.81 2 0.0206144
5.91 1 0.197686
5.91 2 0.0206144
6.01 1 0.197686
6.01 2 0.0206144
6.11 1 0.142102
6.11 2 0.0206144
6.21 1 0.142102
6.21 2 0.0206144
6.31 1 0.142102
6.31 2 0.0206144
6.41 1 0.142102
6.41 2 0.0206144
6.51 1 0.142102
6.51 2 0.0206144
6.61 1 0.142102
6.61 2 0.0206144
6.71 1 0.142102
6.71 2 0.0206144
6.81 1 0.142102
6.81 2 0.0206144
6.91 1 0.142102
6.91 2 0.0206144
7.01 1 0.142102
7.01 2 0.0206144
7.11 1 0.142102
7.11 2 0.0206144
7.21 1 0.142102
7.21 2 0.0206144
7.31 1 0.142102
7.31 2 0.0206144
7.41 1 0.142102
7.41 2 0.0206144
7.51 1 0.142102
7.51 2 0.0206144
7.61 1 0.142102
7.61 2 0.0206144
7.71 1 0.142102
7.71 2 0.0206144
7.81 1 0.142102
7.81 2 0.0206144
7.91 1 0.142102
7.91 2 0.0206144
8.01 1 0.142102
8.01 2 0.0206144
8.11 1 0.142102
8.11 2 0.0206144
8.21 1 0.142102
8.21 2 0.0206144
8.31 1 0.142102
8.31 2 0.0206144
8.41 1 0.142102
8.41 2 0.0206144
8.51 1 0.142102
8.51 2 0.0206144
8.61 1 0.142102
8.61 2 0.0206144
8.71 1 0.142102
8.71 2 0.0206144
8.81 1 0.142102
8.81 2 0.0206144
8.91 1 0.142102
8.91 2 0.0206144
9.01 1 0.142102
9.01 2 0.0206144
9.11 1 0.142102
9.11 2 0.0206144
9.21 1 0.142102
9.21 2 0.0206144
9.31 1 0.142102
9.31 2 0.0206144
9.41 1 0.142102
9.41 2 0.0206144
9.51 1 0.090988
9.51 2 0.0206144
9.61 1 0.090988
9.61 2 0.0206144
9.71 1 0.090988
9.71 2 0.0206144
9.81 1 0.090988
9.81 2 0.0206144
9.91 1 0.090988
9.91 2 0.0206144
10.01 1 0.090988
10.01 2 0.0206144
10.11 1 0.090988
10.11 2 0.0206144
10.21 1 0.090988
10.21 2 0.0206144
10.31 1 0.090988
10.31 2 0.0206144
10.41 1 0.090988
10.41 2 0.0206144
10.51 1 0.090988
10.51 2 0.0206144
10.61 1 0.090988
10.61 2 0.0206144
10.71 1 0.090988
10.71 2 0.0206144
10.81 1 0.090988
10.81 2 0.0206144
10.91 1 0.090988
10.91 2 0.0206144
11.01 1 0.090988
11.01 2 0.0206144
11.11 1 0.090988
11.11 2 0.0206144
11.21 1 0.090988
11.21 2 0.0206144
11.31 1 0.090988
11.31 2 0.0206144
11.41 1 0.090988
11.41 2 0.0206144
11.51 1 0.090988
11.51 2 0.0206144
11.61 1 0.090988
11.61 2 0.0206144
11.71 1 0.090988
11.71 2 0.0206144
11.81 1 0.090988
11.81 2 0.0206144
11.91 1 0.090988
11.91 2 0.0206144
12.01 1 0.090988
12.01 2 0.0206144
12.11 1 0.090988
12.11 2 0.0206144
12.21 1 0.090988
12.21 2 0.0206144
12.31 1 0.090988
12.31 2 0.0206144
12.41 1 0.090988
12.41 2 0.0206144
12.51 1 0.090988
12.51 2 0.0206144
12.61 1 0.090988
12.61 2 0.0206144
12.71 1 0.090988
12.71 2 0.0206144
12.81 1 0.090988
12.81 2 0.0206144
12.91 1 0.090988
12.91 2 0.0206144
13.01 1 0.090988
13.01 2 0.0206144
13.11 1 0.090988
13.11 2 0.0206144
13.21 1 0.090988
13.21 2 0.0206144
13.31 1 0.090988
13.31 2 0.0206144
13.41 1 0.090988
13.41 2 0.0206144
13.51 1 0.090988
13.51 2 0.0206144
13.61 1 0.090988
13.61 2 0.0206144
13.71 1 0.090988
13.71 2 0.0206144
13.81 1 0.090988
13.81 2 0.0206144
13.91 1 0.090988
13.91 2 0.0206144
14.01 1 0.090988
14.01 2 0.0206144
14.11 1 0.090988
14.11 2 0.0206144
14.21 1 0.090988
14.21 2 0.0206144
14.31 1 0.090988
14.31 2 0.0206144
14.41 1 0.090988
14.41 2 0.0206144
14.51 1 0.090988
14.51 2 0.0206144
14.61 1 0.090988
14.61 2 0.0206144
14.71 1 0.090988
14.71 2 0.0206144
14.81 1 0.090988
14.81 2 0.0206144
14.91 1 0.090988
14.91 2 0.0206144
15.01 1 0.090988
15.01 2 0.0206144
15.11 1 0.090988
15.11 2 0.0206144
15.21 1 0.090988
15.21 2 0.0206144
15.31 1 0.090988
15.31 2 0.0206144
15.41 1 0.090988
15.41 2 0.0206144
15.51 1 0.090988
15.51 2 0.0206144
15.61 1 0.090988
15.61 2 0.0206144
15.71 1 0.090988
15.71 2 0.0206144
15.81 1 0.090988
15.81 2 0.0206144
15.91 1 0.090988
15.91 2 0.0206144
16.01 1 0.090988
16.01 2 0.0206144
16.11 1 0.090988
16.11 2 0.0206144
16.21 1 0.090988
16.21 2 0.0206144
16.31 1 0.090988
16.31 2 0.0206144
16.41 1 0.0529815
16.41 2 0.0206144
16.51 1 0.0529815
16.51 2 0.0206144
16.61 1 0.0529815
16.61 2 0.0206144
16.71 1 0.0529815
16.71 2 0.0206144
16.81 1 0.0529815
16.81 2 0.0206144
16.91 1 0.0529815
16.91 2 0.0206144
17.01 1 0.0529815
17.01 2 0.0206144
17.11 1 0.0529815
17.11 2 0.0206144
17.21 1 0.0529815
17.21 2 0.0206144
17.31 1 0.0529815
17.31 2 0.0206144
17.41 1 0.0529815
17.41 2 0.0206144
17.51 1 0.0529815
17.51 2 0.0206144
17.61 1 0.0529815
17.61 2 0.0206144
17.71 1 0.0529815
17.71 2 0.0206144
17.81 1 0.0529815
17.81 2 0.0206144
17.91 1 0.0529815
17.91 2 0.0206144
18.01 1 0.0529815
18.01 2 0.0206144
18.11 1 0.0529815
18.11 2 0.0206144
18.21 1 0.0529815
18.21 2 0.0206144
18.31 1 0.0529815
18.31 2 0.0206144
18.41 1 0.0529815
18.41 2 0.0206144
18.51 1 0.0529815
18.51 2 0.0206144
18.61 1 0.0529815
18.61 2 0.0206144
18.71 1 0.0529815
18.71 2 0.0206144
18.81 1 0.0529815
18.81 2 0.0206144
18.91 1 0.0529815
18.91 2 0.0206144
19.01 1 0.0529815
19.01 2 0.0206144
19.11 1 0.0529815
19.11 2 0.0206144
19.21 1 0.0529815
19.21 2 0.0206144
19.31 1 0.0529815
19.31 2 0.0206144
19.41 1 0.0529815
19.41 2 0.0206144
19.51 1 0.0529815
19.51 2 0.0206144
19.61 1 0.0529815
19.61 2 0.0206144
19.71 1 0.0529815
19.71 2 0.0206144
19.81 1 0.0529815
19.81 2 0.0206144
19.91 1 0.0529815
19.91 2 0.0206144
20.01 1 0.0529815
20.01 2 0.0206144
20.11 1 0.0529815
20.11 2 0.0206144
20.21 1 0.0529815
20.21 2 0.0206144
20.31 1 0.0529815
20.31 2 0.0206144
20.41 1 0.0529815
20.41 2 0.0206144
20.51 1 0.0529815
20.51 2 0.0206144
20.61 1 0.0529815
20.61 2 0.0206144
20.71 1 0.0529815
20.71 2 0.0206144
20.81 1 0.0529815
20.81 2 0.0206144
20.91 1 0.0529815
20.91 2 0.0206144
21.01 1 0.0529815
21.01 2 0.0206144
21.11 1 0.0529815
21.11 2 0.0206144
21.21 1 0.0529815
21.21 2 0.0206144
21.31 1 0.0529815
21.31 2 0.0206144
21.41 1 0.0529815
21.41 2 0.0206144
21.51 1 0.0529815
21.51 2 0.0206144
21.61 1 0.0529815
21.61 2 0.0206144
21.71 1 0.0529815
21.71 2 0.0206144
21.81 1 0.0529815
21.81 2 0.0206144
21.91 1 0.0529815
21.91 2 0.0206144
22.01 1 0.0529815
22.01 2 0.0206144
22.11 1 0.0529815
22.11 2 0.0206144
22.21 1 0.0529815
22.21 2 0.0206144
22.31 1 0.0529815
22.31 2 0.0206144
22.41 1 0.0529815
22.41 2 0.0206144
22.51 1 0.0529815
22.51 2 0.0206144
22.61 1 0.0529815
22.61 2 0.0206144
22.71 1 0.0529815
22.71 2 0.0206144
22.81 1 0.0529815
22.81 2 0.0206144
22.91 1 0.0529815
22.91 2 0.0206144
23.01 1 0.0529815
23.01 2 0.0206144
23.11 1 0.0529815
23.11 2 0.0206144
23.21 1 0.0529815
23.21 2 0.0206144
23.31 1 0.0529815
23.31 2 0.0206144
23.41 1 0.0529815
23.41 2 0.0206144
23.51 1 0.0529815
23.51 2 0.0206144
23.61 1 0.0529815
23.61 2 0.0206144
23.71 1 0.0529815
23.71 2 0.0206144
23.81 1 0.0529815
23.81 2 0.0206144
23.91 1 0.0529815
23.91 2 0.0206144
24.01 1 0.0529815
24.01 2 0.0206144
24.11 1 0.0529815
24.11 2 0.0206144
24.21 1 0.0529815
24.21 2 0.0206144
24.31 1 0.0529815
24.31 2 0.0206144
24.41 1 0.0529815
24.41 2 0.0206144
24.51 1 0.0529815
24.51 2 0.0206144
24.61 1 0.0529815
24.61 2 0.0206144
24.71 1 0.0529815
24.71 2 0.0206144
24.81 1 0.0529815
24.81 2 0.0206144
24.91 1 0.0529815
24.91 2 0.0206144
25.01 1 0.0529815
25.01 2 0.0206144
25.11 1 0.0529815
25.11 2 0.0206144
25.21 1 0.0529815
25.21 2 0.0206144
25.31 1 0.0529815
25.31 2 0.0206144
25.41 1 0.0529815
25.41 2 0.0206144
25.51 1 0.0529815
25.51 2 0.0206144
25.61 1 0.0529815
25.61 2 0.0206144
25.71 1 0.0529815
25.71 2 0.0206144
25.81 1 0.0529815
25.81 2 0.0206144
25.91 1 0.0529815
25.91 2 0.0206144
26.01 1 0.0529815
26.01 2 0.0206144
26.11 1 0.0529815
26.11 2 0.0206144
26.21 1 0.0529815
26.21 2 0.0206144
26.31 1 0.0529815
26.31 2 0.0206144
26.41 1 0.0529815
26.41 2 0.0206144
26.51 1 0.0529815
26.51 2 0.0206144
26.61 1 0.0529815
26.61 2 0.0206144
26.71 1 0.0529815
26.71 2 0.0206144
26.81 1 0.0529815
26.81 2 0.0206144
26.91 1 0.0529815
26.91 2 0.0206144
27.01 1 0.0529815
27.01 2 0.0206144
27.11 1 0.0529815
27.11 2 0.0206144
27.21 1 0.0529815
27.21 2 0.0206144
27.31 1 0.0529815
27.31 2 0.0206144
27.41 1 0.0529815
27.41 2 0.0206144
27.51 1 0.0529815
27.51 2 0.0206144
27.61 1 0.0529815
27.61 2 0.0206144
27.71 1 0.0529815
27.71 2 0.0206144
27.81 1 0.0529815
27.81 2 0.0206144
27.91 1 0.0529815
27.91 2 0.0206144
28.01 1 0.0529815
28.01 2 0.0206144
28.11 1 0.0529815
28.11 2 0.0206144
28.21 1 0.0529815
28.21 2 0.0206144
28.31 1 0.0529815
28.31 2 0.0206144
28.41 1 0.0529815
28.41 2 0.0206144
28.51 1 0.0529815
28.51 2 0.0206144
28.61 1 0.0529815
28.61 2 0.0206144
28.71 1 0.0529815
28.71 2 0.0206144
28.81 1 0.0529815
28.81 2 0.0206144
28.91 1 0.0529815
28.91 2 0.0206144
29.01 1 0.0529815
29.01 2 0.0206144
29.11 1 0.0529815
29.11 2 0.0206144
29.21 1 0.0529815
29.21 2 0.0206144
29.31 1 0.0529815
29.31 2 0.0206144
29.41 1 0.0529815
29.41 2 0.0206144
29.51 1 0.0529815
29.51 2 0.0206144
29.61 1 0.0529815
29.61 2 0.0206144
29.71 1 0.0529815
29.71 2 0.0206144
29.81 1 0.0529815
29.81 2 0.0206144
29.91 1 0.0529815
29.91 2 0.0206144
30.01 1 0.0529815
30.01 2 0.0206144
30.11 1 0.0529815
30.11 2 0.0206144
30.21 1 0.0529815
30.21 2 0.0206144
30.31 1 0.0529815
30.31 2 0.0206144
30.41 1 0.0529815
30.41 2 0.0206144
30.51 1 0.0529815
30.51 2 0.0206144
30.61 1 0.0529815
30.61 2 0.0206144
30.71 1 0.0529815
30.71 2 0.0206144
30.81 1 0.0529815
30.81 2 0.0206144
30.91 1 0.0529815
30.91 2 0.0206144
31.01 1 0.0529815
31.01 2 0.0206144
31.11 1 0.0529815
31.11 2 0.0206144
31.21 1 0.0529815
31.21 2 0.0206144
31.31 1 0.0529815
31.31 2 0.0206144
31.41 1 0.0529815
31.41 2 0.0206144
31.51 1 0.0529815
31.51 2 0.0206144
31.61 1 0.0529815
31.61 2 0.0206144
31.71 1 0.0529815
31.71 2 0.0206144
31.81 1 0.0529815
31.81 2 0.0206144
31.91 1 0.0529815
31.91 2 0.0206144
32.01 1 0.0529815
32.01 2 0.0206144
32.11 1 0.0529815
32.11 2 0.0206144
32.21 1 0.0529815
32.21 2 0.0206144
32.31 1 0.0529815
32.31 2 0.0206144
32.41 1 0.0529815
32.41 2 0.0206144
32.51 1 0.0529815
32.51 2 0.0206144
32.61 1 0.0529815
32.61 2 0.0206144
32.71 1 0.0529815
32.71 2 0.0206144
32.81 1 0.0529815
32.81 2 0.0206144
32.91 1 0.0529815
32.91 2 0.0206144
33.01 1 0.0529815
33.01 2 0.0206144
33.11 1 0.0529815
33.11 2 0.0206144
33.21 1 0.0529815
33.21 2 0.0206144
33.31 1 0.0529815
33.31 2 0.0206144
33.41 1 0.0529815
33.41 2 0.0206144
33.51 1 0.0529815
33.51 2 0.0206144
33.61 1 0.0529815
33.61 2 0.0206144
33.71 1 0.0529815
33.71 2 0.0206144
33.81 1 0.0529815
33.81 2 0.0206144
33.91 1 0.0529815
33.91 2 0.0206144
34.01 1 0.0529815
34.01 2 0.0206144
34.11 1 0.0529815
34.11 2 0.0206144
34.21 1 0.0529815
34.21 2 0.0206144
34.31 1 0.0529815
34.31 2 0.0206144
34.41 1 0.0529815
34.41 2 0.0206144
34.51 1 0.0529815
34.51 2 0.0206144
34.61 1 0.0529815
34.61 2 0.0206144
34.71 1 0.0529815
34.71 2 0.0206144
34.81 1 0.0529815
34.81 2 0.0206144
34.91 1 0.0529815
34.91 2 0.0206144
35.01 1 0.0529815
35.01 2 0.0206144
35.11 1 0.0529815
35.11 2 0.0206144
35.21 1 0.0529815
35.21 2 0.0206144
35.31 1 0.0529815
35.31 2 0.0206144
35.41 1 0.0529815
35.41 2 0.0206144
35.51 1 0.0529815
35.51 2 0.0206144
35.61 1 0.0529815
35.61 2 0.0206144
35.71 1 0.0529815
35.71 2 0.0206144
35.81 1 0.0529815
35.81 2 0.0206144
35.91 1 0.0529815
35.91 2 0.0206144
36.01 1 0.0529815
36.01 2 0.0206144
36.11 1 0.0529815
36.11 2 0.0206144
36.21 1 0.0529815
36.21 2 0.0206144
36.31 1 0.0529815
36.31 2 0.0206144
36.41 1 0.0529815
36.41 2 0.0206144
36.51 1 0.0529815
36.51 2 0.0206144
36.61 1 0.0529815
36.61 2 0.0206144
36.71 1 0.0529815
36.71 2 0.0206144
36.81 1 0.0529815
36.81 2 0.0206144
36.91 1 0.0529815
36.91 2 0.0206144
37.01 1 0.0529815
37.01 2 0.0206144
37.11 1 0.0529815
37.11 2 0.0206144
37.21 1 0.0529815
37.21 2 0.0206144
37.31 1 0.0529815
37.31 2 0.0206144
37.41 1 0.0529815
37.41 2 0.0206144
37.51 1 0.0529815
37.51 2 0.0206144
37.61 1 0.0529815
37.61 2 0.0206144
37.71 1 0.0529815
37.71 2 0.0206144
37.81 1 0.0529815
37.81 2 0.0206144
37.91 1 0.0529815
37.91 2 0.0206144
38.01 1 0.0529815
38.01 2 0.0206144
38.11 1 0.0529815
38.11 2 0.0206144
38.21 1 0.0529815
38.21 2 0.0206144
38.31 1 0.0529815
38.31 2 0.0206144
38.41 1 0.0529815
38.41 2 0.0206144
38.51 1 0.0529815
38.51 2 0.0206144
38.61 1 0.0529815
38.61 2 0.0206144
38.71 1 0.0529815
38.71 2 0.0206144
38.81 1 0.0529815
38.81 2 0.0206144
38.91 1 0.0529815
38.91 2 0.0206144
39.01 1 0.0529815
39.01 2 0.0206144
39.11 1 0.0529815
39.11 2 0.0206144
39.21 1 0.0529815
39.21 2 0.0206144
39.31 1 0.0529815
39.31 2 0.0206144
39.41 1 0.0529815
39.41 2 0.0206144
39.51 1 0.0529815
39.51 2 0.0206144
39.61 1 0.0529815
39.61 2 0.0206144
39.71 1 0.0529815
39.71 2 0.0206144
39.81 1 0.0529815
39.81 2 0.0206144
39.91 1 0.0529815
39.91 2 0.0206144
40.01 1 0.0529815
40.01 2 0.0206144
40.11 1 0.0529815
40.11 2 0.0206144
40.21 1 0.0529815
40.21 2 0.0206144
40.31 1 0.0529815
40.31 2 0.0206144
40.41 1 0.0529815
40.41 2 0.0206144
40.51 1 0.0529815
40.51 2 0.0206144
40.61 1 0.0529815
40.61 2 0.0206144
40.71 1 0.0529815
40.71 2 0.0206144
40.81 1 0.0529815
40.81 2 0.0206144
40.91 1 0.0529815
40.91 2 0.0206144
41.01 1 0.0529815
41.01 2 0.0206144
41.11 1 0.0529815
41.11 2 0.0206144
41.21 1 0.0529815
41.21 2 0.0206144
41.31 1 0.0529815
41.31 2 0.0206144
41.41 1 0.0529815
41.41 2 0.0206144
41.51 1 0.0529815
41.51 2 0.0206144
41.61 1 0.0529815
41.61 2 0.0206144
41.71 1 0.0529815
41.71 2 0.0206144
41.81 1 0.0529815
41.81 2 0.0206144
41.91 1 0.0529815
41.91 2 0.0206144
42.01 1 0.0529815
42.01 2 0.0206144
42.11 1 0.0529815
42.11 2 0.0206144
42.21 1 0.0529815
42.21 2 0.0206144
42.31 1 0.0529815
42.31 2 0.0206144
42.41 1 0.0529815
42.41 2 0.0206144
42.51 1 0.0529815
42.51 2 0.0206144
42.61 1 0.0529815
42.61 2 0.0206144
42.71 1 0.0529815
42.71 2 0.0206144
42.81 1 0.0529815
42.81 2 0.0206144
42.91 1 0.0529815
42.91 2 0.0206144
43.01 1 0.0529815
43.01 2 0.0206144
43.11 1 0.0529815
43.11 2 0.0206144
43.21 1 0.0529815
43.21 2 0.0206144
43.31 1 0.0529815
43.31 2 0.0206144
43.41 1 0.0529815
43.41 2 0.0206144
43.51 1 0.0529815
43.51 2 0.0206144
43.61 1 0.0529815
43.61 2 0.0206144
43.71 1 0.0529815
43.71 2 0.0206144
43.81 1 0.0529815
43.81 2 0.0206144
43.91 1 0.0529815
43.91 2 0.0206144
44.01 1 0.0529815
44.01 2 0.0206144
44.11 1 0.0529815
44.11 2 0.0206144
44.21 1 0.0529815
44.21 2 0.0206144
44.31 1 0.0529815
44.31 2 0.0206144
44.41 1 0.0529815
44.41 2 0.0206144
44.51 1 0.0529815
44.51 2 0.0206144
44.61 1 0.0529815
44.61 2 0.0206144
44.71 1 0.0529815
44.71 2 0.0206144
44.81 1 0.0529815
44.81 2 0.0206144
44.91 1 0.0529815
44.91 2 0.0206144
45.01 1 0.0529815
45.01 2 0.0206144
45.11 1 0.0529815
45.11 2 0.0206144
45.21 1 0.0529815
45.21 2 0.0206144
45.31 1 0.0529815
45.31 2 0.0206144
45.41 1 0.0529815
45.41 2 0.0206144
45.51 1 0.0529815
45.51 2 0.0206144
45.61 1 0.0529815
45.61 2 0.0206144
45.71 1 0.0529815
45.71 2 0.0206144
45.81 1 0.0529815
45.81 2 0.0206144
45.91 1 0.0529815
45.91 2 0.0206144
46.01 1 0.0529815
46.01 2 0.0206144
46.11 1 0.0529815
46.11 2 0.0206144
46.21 1 0.0529815
46.21 2 0.0206144
46.31 1 0.0529815
46.31 2 0.0206144
46.41 1 0.0529815
46.41 2 0.0206144
46.51 1 0.0529815
46.51 2 0.0206144
46.61 1 0.0529815
46.61 2 0.0206144
46.71 1 0.0529815
46.71 2 0.0206144
46.81 1 0.0529815
46.81 2 0.0206144
46.91 1 0.0529815
46.91 2 0.0206144
47.01 1 0.0529815
47.01 2 0.0206144
47.11 1 0.0529815
47.11 2 0.0206144
47.21 1 0.0529815
47.21 2 0.0206144
47.31 1 0.0529815
47.31 2 0.0206144
47.41 1 0.0529815
47.41 2 0.0206144
47.51 1 0.0529815
47.51 2 0.0206144
47.61 1 0.0529815
47.61 2 0.0206144
47.71 1 0.0529815
47.71 2 0.0206144
47.81 1 0.0529815
47.81 2 0.0206144
47.91 1 0.0529815
47.91 2 0.0206144
48.01 1 0.0529815
48.01 2 0.0206144
48.11 1 0.0529815
48.11 2 0.0206144
48.21 1 0.0529815
48.21 2 0.0206144
48.31 1 0.0529815
48.31 2 0.0206144
48.41 1 0.0529815
48.41 2 0.0206144
48.51 1 0.0529815
48.51 2 0.0206144
48.61 1 0.0529815
48.61 2 0.0206144
48.71 1 0.0529815
48.71 2 0.0206144
48.81 1 0.0529815
48.81 2 0.0206144
48.91 1 0.0529815
48.91 2 0.0206144
49.01 1 0.0529815
49.01 2 0.0206144
49.11 1 0.0529815
49.11 2 0.0206144
49.21 1 0.0529815
49.21 2 0.0206144
49.31 1 0.0529815
49.31 2 0.0206144
49.41 1 0.0529815
49.41 2 0.0206144
49.51 1 0.0529815
49.51 2 0.0206144
49.61 1 0.0529815
49.61 2 0.0206144
49.71 1 0.0529815
49.71 2 0.0206144
49.81 1 0.0529815
49.81 2 0.0206144
49.91 1 0.0529815
49.91 2 0.0206144
50.01 1 0.0529815
50.01 2 0.0206144
50.11 1 0.0529815
50.11 2 0.0206144
50.21 1 0.0529815
50.21 2 0.0206144
50.31 1 0.0529815
50.31 2 0.0206144
50.41 1 0.0529815
50.41 2 0.0206144
50.51 1 0.0529815
50.51 2 0.0206144
50.61 1 0.0529815
50.61 2 0.0206144
50.71 1 0.0529815
50.71 2 0.0206144
50.81 1 0.0529815
50.81 2 0.0206144
50.91 1 0.0529815
50.91 2 0.0206144
51.01 1 0.0529815
51.01 2 0.0206144
51.11 1 0.0529815
51.11 2 0.0206144
51.21 1 0.0529815
51.21 2 0.0206144
51.31 1 0.0529815
51.31 2 0.0206144
51.41 1 0.0529815
51.41 2 0.0206144
51.51 1 0.0529815
51.51 2 0.0206144
51.61 1 0.0529815
51.61 2 0.0206144
51.71 1 0.0529815
51.71 2 0.0206144
51.81 1 0.0529815
51.81 2 0.0206144
51.91 1 0.0529815
51.91 2 0.0206144
52.01 1 0.0529815
52.01 2 0.0206144
52.11 1 0.0529815
52.11 2 0.0206144
52.21 1 0.0529815
52.21 2 0.0206144
52.31 1 0.0529815
52.31 2 0.0206144
52.41 1 0.0529815
52.41 2 0.0206144
52.51 1 0.0529815
52.51 2 0.0206144
52.61 1 0.0529815
52.61 2 0.0206144
52.71 1 0.0529815
52.71 2 0.0206144
52.81 1 0.0529815
52.81 2 0.0206144
52.91 1 0.0529815
52.91 2 0.0206144
53.01 1 0.0529815
53.01 2 0.0206144
53.11 1 0.0529815
53.11 2 0.0206144
53.21 1 0.0529815
53.21 2 0.0206144
53.31 1 0.0529815
53.31 2 0.0206144
53.41 1 0.0529815
53.41 2 0.0206144
53.51 1 0.0529815
53.51 2 0.0206144
53.61 1 0.0529815
53.61 2 0.0206144
53.71 1 0.0529815
53.71 2 0.0206144
53.81 1 0.0529815
53.81 2 0.0206144
53.91 1 0.0529815
53.91 2 0.0206144
54.01 1 0.0529815
54.01 2 0.0206144
54.11 1 0.0529815
54.11 2 0.0206144
54.21 1 0.0529815
54.21 2 0.0206144
54.31 1 0.0529815
54.31 2 0.0206144
54.41 1 0.0529815
54.41 2 0.0206144
54.51 1 0.0529815
54.51 2 0.0206144
54.61 1 0.0529815
54.61 2 0.0206144
54.71 1 0.0529815
54.71 2 0.0206144
54.81 1 0.0529815
54.81 2 0.0206144
54.91 1 0.0529815
54.91 2 0.0206144
55.01 1 0.0529815
55.01 2 0.0206144
55.11 1 0.0529815
55.11 2 0.0206144
55.21 1 0.0529815
55.21 2 0.0206144
55.31 1 0.0529815
55.31 2 0.0206144
55.41 1 0.0529815
55.41 2 0.0206144
55.51 1 0.0529815
55.51 2 0.0206144
55.61 1 0.0529815
55.61 2 0.0206144
55.71 1 0.0529815
55.71 2 0.0206144
55.81 1 0.0529815
55.81 2 0.0206144
55.91 1 0.0529815
55.91 2 0.0206144
56.01 1 0.0529815
56.01 2 0.0206144
56.11 1 0.0529815
56.11 2 0.0206144
56.21 1 0.0529815
56.21 2 0.0206144
56.31 1 0.0529815
56.31 2 0.0206144
56.41 1 0.0529815
56.41 2 0.0206144
56.51 1 0.0529815
56.51 2 0.0206144
56.61 1 0.0529815
56.61 2 0.0206144
56.71 1 0.0529815
56.71 2 0.0206144
56.81 1 0.0529815
56.81 2 0.0206144
56.91 1 0.0529815
56.91 2 0.0206144
57.01 1 0.0529815
57.01 2 0.0206144
57.11 1 0.0529815
57.11 2 0.0206144
57.21 1 0.0529815
57.21 2 0.0206144
57.31 1 0.0529815
57.31 2 0.0206144
57.41 1 0.0529815
57.41 2 0.0206144
57.51 1 0.0529815
57.51 2 0.0206144
57.61 1 0.0529815
57.61 2 0.0206144
57.71 1 0.0529815
57.71 2 0.0206144
57.81 1 0.0529815
57.81 2 0.0206144
57.91 1 0.0529815
57.91 2 0.0206144
58.01 1 0.0529815
58.01 2 0.0206144
58.11 1 0.0529815
58.11 2 0.0206144
58.21 1 0.0529815
58.21 2 0.0206144
58.31 1 0.0529815
58.31 2 0.0206144
58.41 1 0.0529815
58.41 2 0.0206144
58.51 1 0.0529815
58.51 2 0.0206144
58.61 1 0.0529815
58.61 2 0.0206144
58.71 1 0.0529815
58.71 2 0.0206144
58.81 1 0.0529815
58.81 2 0.0206144
58.91 1 0.0529815
58.91 2 0.0206144
59.01 1 0.0529815
59.01 2 0.0206144
59.11 1 0.0529815
59.11 2 0.0206144
59.21 1 0.0529815
59.21 2 0.0206144
59.31 1 0.0529815
59.31 2 0.0206144
59.41 1 0.0529815
59.41 2 0.0206144
59.51 1 0.0529815
59.51 2 0.0206144
59.61 1 0.0529815
59.61 2 0.0206144
59.71 1 0.0529815
59.71 2 0.0206144
59.81 1 0.0529815
59.81 2 0.0206144
59.91 1 0.0529815
59.91 2 0.0206144
60.01 1 0.0529815
60.01 2 0.0206144
60.11 1 0.0529815
60.11 2 0.0206144
60.21 1 0.0529815
60.21 2 0.0206144
60.31 1 0.0529815
60.31 2 0.0206144
60.41 1 0.0529815
60.41 2 0.0206144
60.51 1 0.0529815
60.51 2 0.0206144
60.61 1 0.0529815
60.61 2 0.0206144
60.71 1 0.0529815
60.71 2 0.0206144
60.81 1 0.0529815
60.81 2 0.0206144
60.91 1 0.0529815
60.91 2 0.0206144
61.01 1 0.0529815
61.01 2 0.0206144
61.11 1 0.0529815
61.11 2 0.0206144
61.21 1 0.0529815
61.21 2 0.0206144
61.31 1 0.0529815
61.31 2 0.0206144
61.41 1 0.0529815
61.41 2 0.0206144
61.51 1 0.0529815
61.51 2 0.0206144
61.61 1 0.0529815
61.61 2 0.0206144
61.71 1 0.0529815
61.71 2 0.0206144
61.81 1 0.0529815
61.81 2 0.0206144
61.91 1 0.0529815
61.91 2 0.0206144
62.01 1 0.0529815
62.01 2 0.0206144
62.11 1 0.0529815
62.11 2 0.0206144
62.21 1 0.0529815
62.21 2 0.0206144
62.31 1 0.0529815
62.31 2 0.0206144
62.41 1 0.0529815
62.41 2 0.0206144
62.51 1 0.0529815
62.51 2 0.0206144
62.61 1 0.0529815
62.61 2 0.0206144
62.71 1 0.0529815
62.71 2 0.0206144
62.81 1 0.0529815
62.81 2 0.0206144
62.91 1 0.0529815
62.91 2 0.0206144
63.01 1 0.0529815
63.01 2 0.0206144
63.11 1 0.0529815
63.11 2 0.0206144
63.21 1 0.0529815
63.21 2 0.0206144
63.31 1 0.0529815
63.31 2 0.0206144
63.41 1 0.0529815
63.41 2 0.0206144
63.51 1 0.0529815
63.51 2 0.0206144
63.61 1 0.0529815
63.61 2 0.0206144
63.71 1 0.0529815
63.71 2 0.0206144
63.81 1 0.0529815
63.81 2 0.0206144
63.91 1 0.0529815
63.91 2 0.0206144
64.01 1 0.0529815
64.01 2 0.0206144
64.11 1 0.0529815
64.11 2 0.0206144
64.21 1 0.0529815
64.21 2 0.0206144
64.31 1 0.0529815
64.31 2 0.0206144
64.41 1 0.0529815
64.41 2 0.0206144
64.51 1 0.0529815
64.51 2 0.0206144
64.61 1 0.0529815
64.61 2 0.0206144
64.71 1 0.0529815
64.71 2 0.0206144
64.81 1 0.0529815
64.81 2 0.0206144
64.91 1 0.0529815
64.91 2 0.0206144
65.01 1 0.0529815
65.01 2 0.0206144
65.11 1 0.0529815
65.11 2 0.0206144
65.21 1 0.0529815
65.21 2 0.0206144
65.31 1 0.0529815
65.31 2 0.0206144
65.41 1 0.0529815
65.41 2 0.0206144
65.51 1 0.0529815
65.51 2 0.0206144
65.61 1 0.0529815
65.61 2 0.0206144
65.71 1 0.0529815
65.71 2 0.0206144
65.81 1 0.0529815
65.81 2 0.0206144
65.91 1 0.0529815
65.91 2 0.0206144
66.01 1 0.0529815
66.01 2 0.0206144
66.11 1 0.0529815
66.11 2 0.0206144
66.21 1 0.0529815
66.21 2 0.0206144
66.31 1 0.0529815
66.31 2 0.0206144
66.41 1 0.0529815
66.41 2 0.0206144
66.51 1 0.0529815
66.51 2 0.0206144
66.61 1 0.0529815
66.61 2 0.0206144
66.71 1 0.0529815
66.71 2 0.0206144
66.81 1 0.0529815
66.81 2 0.0206144
66.91 1 0.0529815
66.91 2 0.0206144
67.01 1 0.0529815
67.01 2 0.0206144
67.11 1 0.0529815
67.11 2 0.0206144
67.21 1 0.0529815
67.21 2 0.0206144
67.31 1 0.0529815
67.31 2 0.0206144
67.41 1 0.0529815
67.41 2 0.0206144
67.51 1 0.0529815
67.51 2 0.0206144
67.61 1 0.0529815
67.61 2 0.0206144
67.71 1 0.0529815
67.71 2 0.0206144
67.81 1 0.0529815
67.81 2 0.0206144
67.91 1 0.0529815
67.91 2 0.0206144
68.01 1 0.0529815
68.01 2 0.0206144
68.11 1 0.0529815
68.11 2 0.0206144
68.21 1 0.0529815
68.21 2 0.0206144
68.31 1 0.0529815
68.31 2 0.0206144
68.41 1 0.0529815
68.41 2 0.0206144
68.51 1 0.0529815
68.51 2 0.0206144
68.61 1 0.0529815
68.61 2 0.0206144
68.71 1 0.0529815
68.71 2 0.0206144
68.81 1 0.0529815
68.81 2 0.0206144
68.91 1 0.0529815
68.91 2 0.0206144
69.01 1 0.0529815
69.01 2 0.0206144
69.11 1 0.0529815
69.11 2 0.0206144
69.21 1 0.0529815
69.21 2 0.0206144
69.31 1 0.0529815
69.31 2 0.0206144
69.41 1 0.0529815
69.41 2 0.0206144
69.51 1 0.0529815
69.51 2 0.0206144
69.61 1 0.0529815
69.61 2 0.0206144
69.71 1 0.0529815
69.71 2 0.0206144
69.81 1 0.0529815
69.81 2 0.0206144
69.91 1 0.0529815
69.91 2 0.0206144
70.01 1 0.0529815
70.01 2 0.0206144
70.11 1 0.0529815
70.11 2 0.0206144
70.21 1 0.0529815
70.21 2 0.0206144
70.31 1 0.0529815
70.31 2 0.0206144
70.41 1 0.0529815
70.41 2 0.0206144
70.51 1 0.0529815
70.51 2 0.0206144
70.61 1 0.0529815
70.61 2 0.0206144
70.71 1 0.0529815
70.71 2 0.0206144
70.81 1 0.0529815
70.81 2 0.0206144
70.91 1 0.0529815
70.91 2 0.0206144
71.01 1 0.0529815
71.01 2 0.0206144
71.11 1 0.0529815
71.11 2 0.0206144
71.21 1 0.0529815
71.21 2 0.0206144
71.31 1 0.0529815
71.31 2 0.0206144
71.41 1 0.0529815
71.41 2 0.0206144
71.51 1 0.0529815
71.51 2 0.0206144
71.61 1 0.0529815
71.61 2 0.0206144
71.71 1 0.0529815
71.71 2 0.0206144
71.81 1 0.0529815
71.81 2 0.0206144
71.91 1 0.0529815
71.91 2 0.0206144
72.01 1 0.0529815
72.01 2 0.0206144
72.11 1 0.0529815
72.11 2 0.0206144
72.21 1 0.0529815
72.21 2 0.0206144
72.31 1 0.0529815
72.31 2 0.0206144
72.41 1 0.0529815
72.41 2 0.0206144
72.51 1 0.0529815
72.51 2 0.0206144
72.61 1 0.0529815
72.61 2 0.0206144
72.71 1 0.0529815
72.71 2 0.0206144
72.81 1 0.0529815
72.81 2 0.0206144
72.91 1 0.0529815
72.91 2 0.0206144
73.01 1 0.0529815
73.01 2 0.0206144
73.11 1 0.0529815
73.11 2 0.0206144
73.21 1 0.0529815
73.21 2 0.0206144
73.31 1 0.0529815
73.31 2 0.0206144
73.41 1 0.0529815
73.41 2 0.0206144
73.51 1 0.0529815
73.51 2 0.0206144
73.61 1 0.0529815
73.61 2 0.0206144
73.71 1 0.0529815
73.71 2 0.0206144
73.81 1 0.0529815
73.81 2 0.0206144
73.91 1 0.0529815
73.91 2 0.0206144
74.01 1 0.0529815
74.01 2 0.0206144
74.11 1 0.0529815
74.11 2 0.0206144
74.21 1 0.0529815
74.21 2 0.0206144
74.31 1 0.0529815
74.31 2 0.0206144
74.41 1 0.0529815
74.41 2 0.0206144
74.51 1 0.0529815
74.51 2 0.0206144
74.61 1 0.0529815
74.61 2 0.0206144
74.71 1 0.0529815
74.71 2 0.0206144
74.81 1 0.0529815
74.81 2 0.0206144
74.91 1 0.0529815
74.91 2 0.0206144
75.01 1 0.0529815
75.01 2 0.0206144
75.11 1 0.0529815
75.11 2 0.0206144
75.21 1 0.0529815
75.21 2 0.0206144
75.31 1 0.0529815
75.31 2 0.0206144
75.41 1 0.0529815
75.41 2 0.0206144
75.51 1 0.0529815
75.51 2 0.0206144
75.61 1 0.0529815
75.61 2 0.0206144
75.71 1 0.0529815
75.71 2 0.0206144
75.81 1 0.0529815
75.81 2 0.0206144
75.91 1 0.0529815
75.91 2 0.0206144
76.01 1 0.0529815
76.01 2 0.0206144
76.11 1 0.0529815
76.11 2 0.0206144
76.21 1 0.0529815
76.21 2 0.0206144
76.31 1 0.0529815
76.31 2 0.0206144
76.41 1 0.0529815
76.41 2 0.0206144
76.51 1 0.0529815
76.51 2 0.0206144
76.61 1 0.0529815
76.61 2 0.0206144
76.71 1 0.0529815
76.71 2 0.0206144
76.81 1 0.0529815
76.81 2 0.0206144
76.91 1 0.0529815
76.91 2 0.0206144
77.01 1 0.0529815
77.01 2 0.0206144
77.11 1 0.0529815
77.11 2 0.0206144
77.21 1 0.0529815
77.21 2 0.0206144
77.31 1 0.0529815
77.31 2 0.0206144
77.41 1 0.0529815
77.41 2 0.0206144
77.51 1 0.0529815
77.51 2 0.0206144
77.61 1 0.0529815
77.61 2 0.0206144
77.71 1 0.0529815
77.71 2 0.0206144
77.81 1 0.0529815
77.81 2 0.0206144
77.91 1 0.0529815
77.91 2 0.0206144
78.01 1 0.0529815
78.01 2 0.0206144
78.11 1 0.0529815
78.11 2 0.0206144
78.21 1 0.0529815
78.21 2 0.0206144
78.31 1 0.0529815
78.31 2 0.0206144
78.41 1 0.0529815
78.41 2 0.0206144
78.51 1 0.0529815
78.51 2 0.0206144
78.61 1 0.0529815
78.61 2 0.0206144
78.71 1 0.0529815
78.71 2 0.0206144
78.81 1 0.0529815
78.81 2 0.0206144
78.91 1 0.0529815
78.91 2 0.0206144
79.01 1 0.0529815
79.01 2 0.0206144
79.11 1 0.0529815
79.11 2 0.0206144
79.21 1 0.0529815
79.21 2 0.0206144
79.31 1 0.0529815
79.31 2 0.0206144
79.41 1 0.0529815
79.41 2 0.0206144
79.51 1 0.0529815
79.51 2 0.0206144
79.61 1 0.0529815
79.61 2 0.0206144
79.71 1 0.0529815
79.71 2 0.0206144
79.81 1 0.0529815
79.81 2 0.0206144
79.91 1 0.0529815
79.91 2 0.0206144
80.01 1 0.0529815
80.01 2 0.0206144
80.11 1 0.0529815
80.11 2 0.0206144
80.21 1 0.0529815
80.21 2 0.0206144
80.31 1 0.0529815
80.31 2 0.0206144
80.41 1 0.0529815
80.41 2 0.0206144
80.51 1 0.0529815
80.51 2 0.0206144
80.61 1 0.0529815
80.61 2 0.0206144
80.71 1 0.0529815
80.71 2 0.0206144
80.81 1 0.0529815
80.81 2 0.0206144
80.91 1 0.0529815
80.91 2 0.0206144
81.01 1 0.0529815
81.01 2 0.0206144
81.11 1 0.0529815
81.11 2 0.0206144
81.21 1 0.0529815
81.21 2 0.0206144
81.31 1 0.0529815
81.31 2 0.0206144
81.41 1 0.0529815
81.41 2 0.0206144
81.51 1 0.0529815
81.51 2 0.0206144
81.61 1 0.0529815
81.61 2 0.0206144
81.71 1 0.0529815
81.71 2 0.0206144
81.81 1 0.0529815
81.81 2 0.0206144
81.91 1 0.0529815
81.91 2 0.0206144
82.01 1 0.0529815
82.01 2 0.0206144
82.11 1 0.0529815
82.11 2 0.0206144
82.21 1 0.0529815
82.21 2 0.0206144
82.31 1 0.0529815
82.31 2 0.0206144
82.41 1 0.0529815
82.41 2 0.0206144
82.51 1 0.0529815
82.51 2 0.0206144
82.61 1 0.0529815
82.61 2 0.0206144
82.71 1 0.0529815
82.71 2 0.0206144
82.81 1 0.0529815
82.81 2 0.0206144
82.91 1 0.0529815
82.91 2 0.0206144
83.01 1 0.0529815
83.01 2 0.0206144
83.11 1 0.0529815
83.11 2 0.0206144
83.21 1 0.0529815
83.21 2 0.0206144
83.31 1 0.0529815
83.31 2 0.0206144
83.41 1 0.0529815
83.41 2 0.0206144
83.51 1 0.0529815
83.51 2 0.0206144
83.61 1 0.0529815
83.61 2 0.0206144
83.71 1 0.0529815
83.71 2 0.0206144
83.81 1 0.0529815
83.81 2 0.0206144
83.91 1 0.0529815
83.91 2 0.0206144
84.01 1 0.0529815
84.01 2 0.0206144
84.11 1 0.0529815
84.11 2 0.0206144
84.21 1 0.0529815
84.21 2 0.0206144
84.31 1 0.0529815
84.31 2 0.0206144
84.41 1 0.0529815
84.41 2 0.0206144
84.51 1 0.0529815
84.51 2 0.0206144
84.61 1 0.0529815
84.61 2 0.0206144
84.71 1 0.0529815
84.71 2 0.0206144
84.81 1 0.0529815
84.81 2 0.0206144
84.91 1 0.0529815
84.91 2 0.0206144
85.01 1 0.0529815
85.01 2 0.0206144
85.11 1 0.0529815
85.11 2 0.0206144
85.21 1 0.0529815
85.21 2 0.0206144
85.31 1 0.0529815
85.31 2 0.0206144
85.41 1 0.0529815
85.41 2 0.0206144
85.51 1 0.0529815
85.51 2 0.0206144
85.61 1 0.0529815
85.61 2 0.0206144
85.71 1 0.0529815
85.71 2 0.0206144
85.81 1 0.0529815
85.81 2 0.0206144
85.91 1 0.0529815
85.91 2 0.0206144
86.01 1 0.0529815
86.01 2 0.0206144
86.11 1 0.0529815
86.11 2 0.0206144
86.21 1 0.0529815
86.21 2 0.0206144
86.31 1 0.0529815
86.31 2 0.0206144
86.41 1 0.0529815
86.41 2 0.0206144
86.51 1 0.0529815
86.51 2 0.0206144
86.61 1 0.0529815
86.61 2 0.0206144
86.71 1 0.0529815
86.71 2 0.0206144
86.81 1 0.0529815
86.81 2 0.0206144
86.91 1 0.0529815
86.91 2 0.0206144
87.01 1 0.0529815
87.01 2 0.0206144
87.11 1 0.0529815
87.11 2 0.0206144
87.21 1 0.0529815
87.21 2 0.0206144
87.31 1 0.0529815
87.31 2 0.0206144
87.41 1 0.0529815
87.41 2 0.0206144
87.51 1 0.0529815
87.51 2 0.0206144
87.61 1 0.0529815
87.61 2 0.0206144
87.71 1 0.0529815
87.71 2 0.0206144
87.81 1 0.0529815
87.81 2 0.0206144
87.91 1 0.0529815
87.91 2 0.0206144
88.01 1 0.0529815
88.01 2 0.0206144
88.11 1 0.0529815
88.11 2 0.0206144
88.21 1 0.0529815
88.21 2 0.0206144
88.31 1 0.0529815
88.31 2 0.0206144
88.41 1 0.0529815
88.41 2 0.0206144
88.51 1 0.0529815
88.51 2 0.0206144
88.61 1 0.0529815
88.61 2 0.0206144
88.71 1 0.0529815
88.71 2 0.0206144
88.81 1 0.0529815
88.81 2 0.0206144
88.91 1 0.0529815
88.91 2 0.0206144
89.01 1 0.0529815
89.01 2 0.0206144
89.11 1 0.0529815
89.11 2 0.0206144
89.21 1 0.0529815
89.21 2 0.0206144
89.31 1 0.0529815
89.31 2 0.0206144
89.41 1 0.0529815
89.41 2 0.0206144
89.51 1 0.0529815
89.51 2 0.0206144
89.61 1 0.0529815
89.61 2 0.0206144
89.71 1 0.0529815
89.71 2 0.0206144
89.81 1 0.0529815
89.81 2 0.0206144
89.91 1 0.0529815
89.91 2 0.0206144
90.01 1 0.0529815
90.01 2 0.0206144
90.11 1 0.0529815
90.11 2 0.0206144
90.21 1 0.0529815
90.21 2 0.0206144
90.31 1 0.0529815
90.31 2 0.0206144
90.41 1 0.0529815
90.41 2 0.0206144
90.51 1 0.0529815
90.51 2 0.0206144
90.61 1 0.0529815
90.61 2 0.0206144
90.71 1 0.0529815
90.71 2 0.0206144
90.81 1 0.0529815
90.81 2 0.0206144
90.91 1 0.0529815
90.91 2 0.0206144
91.01 1 0.0529815
91.01 2 0.0206144
91.11 1 0.0529815
91.11 2 0.0206144
91.21 1 0.0529815
91.21 2 0.0206144
91.31 1 0.0529815
91.31 2 0.0206144
91.41 1 0.0529815
91.41 2 0.0206144
91.51 1 0.0529815
91.51 2 0.0206144
91.61 1 0.0529815
91.61 2 0.0206144
91.71 1 0.0529815
91.71 2 0.0206144
91.81 1 0.0529815
91.81 2 0.0206144
91.91 1 0.0529815
91.91 2 0.0206144
92.01 1 0.0529815
92.01 2 0.0206144
92.11 1 0.0529815
92.11 2 0.0206144
92.21 1 0.0529815
92.21 2 0.0206144
92.31 1 0.0529815
92.31 2 0.0206144
92.41 1 0.0529815
92.41 2 0.0206144
92.51 1 0.0529815
92.51 2 0.0206144
92.61 1 0.0529815
92.61 2 0.0206144
92.71 1 0.0529815
92.71 2 0.0206144
92.81 1 0.0529815
92.81 2 0.0206144
92.91 1 0.0529815
92.91 2 0.0206144
93.01 1 0.0529815
93.01 2 0.0206144
93.11 1 0.0529815
93.11 2 0.0206144
93.21 1 0.0529815
93.21 2 0.0206144
93.31 1 0.0529815
93.31 2 0.0206144
93.41 1 0.0529815
93.41 2 0.0206144
93.51 1 0.0529815
93.51 2 0.0206144
93.61 1 0.0529815
93.61 2 0.0206144
93.71 1 0.0529815
93.71 2 0.0206144
93.81 1 0.0529815
93.81 2 0.0206144
93.91 1 0.0529815
93.91 2 0.0206144
94.01 1 0.0529815
94.01 2 0.0206144
94.11 1 0.0529815
94.11 2 0.0206144
94.21 1 0.0529815
94.21 2 0.0206144
94.31 1 0.0529815
94.31 2 0.0206144
94.41 1 0.0529815
94.41 2 0.0206144
94.51 1 0.0529815
94.51 2 0.0206144
94.61 1 0.0529815
94.61 2 0.0206144
94.71 1 0.0529815
94.71 2 0.0206144
94.81 1 0.0529815
94.81 2 0.0206144
94.91 1 0.0529815
94.91 2 0.0206144
95.01 1 0.0529815
95.01 2 0.0206144
95.11 1 0.0529815
95.11 2 0.0206144
95.21 1 0.0529815
95.21 2 0.0206144
95.31 1 0.0529815
95.31 2 0.0206144
95.41 1 0.0529815
95.41 2 0.0206144
95.51 1 0.0529815
95.51 2 0.0206144
95.61 1 0.0529815
95.61 2 0.0206144
95.71 1 0.0529815
95.71 2 0.0206144
95.81 1 0.0529815
95.81 2 0.0206144
95.91 1 0.0529815
95.91 2 0.0206144
96.01 1 0.0529815
96.01 2 0.0206144
96.11 1 0.0529815
96.11 2 0.0206144
96.21 1 0.0529815
96.21 2 0.0206144
96.31 1 0.0529815
96.31 2 0.0206144
96.41 1 0.0529815
96.41 2 0.0206144
96.51 1 0.0529815
96.51 2 0.0206144
96.61 1 0.0529815
96.61 2 0.0206144
96.71 1 0.0529815
96.71 2 0.0206144
96.81 1 0.0529815
96.81 2 0.0206144
96.91 1 0.0529815
96.91 2 0.0206144
97.01 1 0.0529815
97.01 2 0.0206144
97.11 1 0.0529815
97.11 2 0.0206144
97.21 1 0.0529815
97.21 2 0.0206144
97.31 1 0.0529815
97.31 2 0.0206144
97.41 1 0.0529815
97.41 2 0.0206144
97.51 1 0.0529815
97.51 2 0.0206144
97.61 1 0.0529815
97.61 2 0.0206144
97.71 1 0.0529815
97.71 2 0.0206144
97.81 1 0.0529815
97.81 2 0.0206144
97.91 1 0.0529815
97.91 2 0.0206144
98.01 1 0.0529815
98.01 2 0.0206144
98.11 1 0.0529815
98.11 2 0.0206144
98.21 1 0.0529815
98.21 2 0.0206144
98.31 1 0.0529815
98.31 2 0.0206144
98.41 1 0.0529815
98.41 2 0.0206144
98.51 1 0.0529815
98.51 2 0.0206144
98.61 1 0.0529815
98.61 2 0.0206144
98.71 1 0.0529815
98.71 2 0.0206144
98.81 1 0.0529815
98.81 2 0.0206144
98.91 1 0.0529815
98.91 2 0.0206144
99.01 1 0.0529815
99.01 2 0.0206144
99.11 1 0.0529815
99.11 2 0.0206144
99.21 1 0.0529815
99.21 2 0.0206144
99.31 1 0.0529815
99.31 2 0.0206144
99.41 1 0.0529815
99.41 2 0.0206144
99.51 1 0.0529815
99.51 2 0.0206144
99.61 1 0.0529815
99.61 2 0.0206144
99.71 1 0.0529815
99.71 2 0.0206144
99.81 1 0.0529815
99.81 2 0.0206144
99.91 1 0.0529815
99.91 2 0.0206144
100.01 1 0.0529815
100.01 2 0.0206144
100.11 1 0.0529815
100.11 2 0.0206144
100.21 1 0.0529815
100.21 2 0.0206144
100.31 1 0.0529815
100.31 2 0.0206144
100.41 1 0.0529815
100.41 2 0.0206144
100.51 1 0.0529815
100.51 2 0.0206144
100.61 1 0.0529815
100.61 2 0.0206144
100.71 1 0.0529815
100.71 2 0.0206144
100.81 1 0.0529815
100.81 2 0.0206144
100.91 1 0.0529815
100.91 2 0.0206144
101.01 1 0.0529815
101.01 2 0.0206144
101.11 1 0.0529815
101.11 2 0.0206144
101.21 1 0.0529815
101.21 2 0.0206144
101.31 1 0.0529815
101.31 2 0.0206144
101.41 1 0.0529815
101.41 2 0.0206144
101.51 1 0.0529815
101.51 2 0.0206144
101.61 1 0.0529815
101.61 2 0.0206144
101.71 1 0.0529815
101.71 2 0.0206144
101.81 1 0.0529815
101.81 2 0.0206144
101.91 1 0.0529815
101.91 2 0.0206144
102.01 1 0.0529815
102.01 2 0.0206144
102.11 1 0.0529815
102.11 2 0.0206144
102.21 1 0.0529815
102.21 2 0.0206144
102.31 1 0.0529815
102.31 2 0.0206144
102.41 1 0.0529815
102.41 2 0.0206144
102.51 1 0.0529815
102.51 2 0.0206144
102.61 1 0.0529815
102.61 2 0.0206144
102.71 1 0.0529815
102.71 2 0.0206144
102.81 1 0.0529815
102.81 2 0.0206144
102.91 1 0.0529815
102.91 2 0.0206144
103.01 1 0.0529815
103.01 2 0.0206144
103.11 1 0.0529815
103.11 2 0.0206144
103.21 1 0.0529815
103.21 2 0.0206144
103.31 1 0.0529815
103.31 2 0.0206144
103.41 1 0.0529815
103.41 2 0.0206144
103.51 1 0.0529815
103.51 2 0.0206144
103.61 1 0.0529815
103.61 2 0.0206144
103.71 1 0.0529815
103.71 2 0.0206144
103.81 1 0.0529815
103.81 2 0.0206144
103.91 1 0.0529815
103.91 2 0.0206144
104.01 1 0.0529815
104.01 2 0.0206144
104.11 1 0.0529815
104.11 2 0.0206144
104.21 1 0.0529815
104.21 2 0.0206144
104.31 1 0.0529815
104.31 2 0.0206144
104.41 1 0.0529815
104.41 2 0.0206144
104.51 1 0.0529815
104.51 2 0.0206144
104.61 1 0.0529815
104.61 2 0.0206144
104.71 1 0.0529815
104.71 2 0.0206144
104.81 1 0.0529815
104.81 2 0.0206144
104.91 1 0.0529815
104.91 2 0.0206144
105.01 1 0.0529815
105.01 2 0.0206144
105.11 1 0.0529815
105.11 2 0.0206144
105.21 1 0.0529815
105.21 2 0.0206144
105.31 1 0.0529815
105.31 2 0.0206144
105.41 1 0.0529815
105.41 2 0.0206144
105.51 1 0.0529815
105.51 2 0.0206144
105.61 1 0.0529815
105.61 2 0.0206144
105.71 1 0.0529815
105.71 2 0.0206144
105.81 1 0.0529815
105.81 2 0.0206144
105.91 1 0.0529815
105.91 2 0.0206144
106.01 1 0.0529815
106.01 2 0.0206144
106.11 1 0.0529815
106.11 2 0.0206144
106.21 1 0.0529815
106.21 2 0.0206144
106.31 1 0.0529815
106.31 2 0.0206144
106.41 1 0.0529815
106.41 2 0.0206144
106.51 1 0.0529815
106.51 2 0.0206144
106.61 1 0.0529815
106.61 2 0.0206144
106.71 1 0.0529815
106.71 2 0.0206144
106.81 1 0.0529815
106.81 2 0.0206144
106.91 1 0.0529815
106.91 2 0.0206144
107.01 1 0.0529815
107.01 2 0.0206144
107.11 1 0.0529815
107.11 2 0.0206144
107.21 1 0.0529815
107.21 2 0.0206144
107.31 1 0.0529815
107.31 2 0.0206144
107.41 1 0.0529815
107.41 2 0.0206144
107.51 1 0.0529815
107.51 2 0.0206144
107.61 1 0.0529815
107.61 2 0.0206144
107.71 1 0.0529815
107.71 2 0.0206144
107.81 1 0.0529815
107.81 2 0.0206144
107.91 1 0.0529815
107.91 2 0.0206144
108.01 1 0.0529815
108.01 2 0.0206144
108.11 1 0.0529815
108.11 2 0.0206144
108.21 1 0.0529815
108.21 2 0.0206144
108.31 1 0.0529815
108.31 2 0.0206144
108.41 1 0.0529815
108.41 2 0.0206144
108.51 1 0.0529815
108.51 2 0.0206144
108.61 1 0.0529815
108.61 2 0.0206144
108.71 1 0.0529815
108.71 2 0.0206144
108.81 1 0.0529815
108.81 2 0.0206144
108.91 1 0.0529815
108.91 2 0.0206144
109.01 1 0.0529815
109.01 2 0.0206144
109.11 1 0.0529815
109.11 2 0.0206144
109.21 1 0.0529815
109.21 2 0.0206144
109.31 1 0.0529815
109.31 2 0.0206144
109.41 1 0.0529815
109.41 2 0.0206144
109.51 1 0.0529815
109.51 2 0.0206144
109.61 1 0.0529815
109.61 2 0.0206144
109.71 1 0.0529815
109.71 2 0.0206144
109.81 1 0.0529815
109.81 2 0.0206144
109.91 1 0.0529815
109.91 2 0.0206144
110.01 1 0.0529815
110.01 2 0.0206144
110.11 1 0.0529815
110.11 2 0.0206144
110.21 1 0.0529815
110.21 2 0.0206144
110.31 1 0.0529815
110.31 2 0.0206144
110.41 1 0.0529815
110.41 2 0.0206144
110.51 1 0.0529815
110.51 2 0.0206144
110.61 1 0.0529815
110.61 2 0.0206144
110.71 1 0.0529815
110.71 2 0.0206144
110.81 1 0.0529815
110.81 2 0.0206144
110.91 1 0.0529815
110.91 2 0.0206144
111.01 1 0.0529815
111.01 2 0.0206144
111.11 1 0.0529815
111.11 2 0.0206144
111.21 1 0.0529815
111.21 2 0.0206144
111.31 1 0.0529815
111.31 2 0.0206144
111.41 1 0.0529815
111.41 2 0.0206144
111.51 1 0.0529815
111.51 2 0.0206144
111.61 1 0.0529815
111.61 2 0.0206144
111.71 1 0.0529815
111.71 2 0.0206144
111.81 1 0.0529815
111.81 2 0.0206144
111.91 1 0.0529815
111.91 2 0.0206144
112.01 1 0.0529815
112.01 2 0.0206144
112.11 1 0.0529815
112.11 2 0.0206144
112.21 1 0.0529815
112.21 2 0.0206144
112.31 1 0.0529815
112.31 2 0.0206144
112.41 1 0.0529815
112.41 2 0.0206144
112.51 1 0.0529815
112.51 2 0.0206144
112.61 1 0.0529815
112.61 2 0.0206144
112.71 1 0.0529815
112.71 2 0.0206144
112.81 1 0.0529815
112.81 2 0.0206144
112.91 1 0.0529815
112.91 2 0.0206144
113.01 1 0.0529815
113.01 2 0.0206144
113.11 1 0.0529815
113.11 2 0.0206144
113.21 1 0.0529815
113.21 2 0.0206144
113.31 1 0.0529815
113.31 2 0.0206144
113.41 1 0.0529815
113.41 2 0.0206144
113.51 1 0.0529815
113.51 2 0.0206144
113.61 1 0.0529815
113.61 2 0.0206144
113.71 1 0.0529815
113.71 2 0.0206144
113.81 1 0.0529815
113.81 2 0.0206144
113.91 1 0.0529815
113.91 2 0.0206144
114.01 1 0.0529815
114.01 2 0.0206144
114.11 1 0.0529815
114.11 2 0.0206144
114.21 1 0.0529815
114.21 2 0.0206144
114.31 1 0.0529815
114.31 2 0.0206144
114.41 1 0.0529815
114.41 2 0.0206144
114.51 1 0.0529815
114.51 2 0.0206144
114.61 1 0.0529815
114.61 2 0.0206144
114.71 1 0.0529815
114.71 2 0.0206144
114.81 1 0.0529815
114.81 2 0.0206144
114.91 1 0.0529815
114.91 2 0.0206144
115.01 1 0.0529815
115.01 2 0.0206144
115.11 1 0.0529815
115.11 2 0.0206144
115.21 1 0.0529815
115.21 2 0.0206144
115.31 1 0.0529815
115.31 2 0.0206144
115.41 1 0.0529815
115.41 2 0.0206144
115.51 1 0.0529815
115.51 2 0.0206144
115.61 1 0.0529815
115.61 2 0.0206144
115.71 1 0.0529815
115.71 2 0.0206144
115.81 1 0.0529815
115.81 2 0.0206144
115.91 1 0.0529815
115.91 2 0.0206144
116.01 1 0.0529815
116.01 2 0.0206144
116.11 1 0.0529815
116.11 2 0.0206144
116.21 1 0.0529815
116.21 2 0.0206144
116.31 1 0.0529815
116.31 2 0.0206144
116.41 1 0.0529815
116.41 2 0.0206144
116.51 1 0.0529815
116.51 2 0.0206144
116.61 1 0.0529815
116.61 2 0.0206144
116.71 1 0.0529815
116.71 2 0.0206144
116.81 1 0.0529815
116.81 2 0.0206144
116.91 1 0.0529815
116.91 2 0.0206144
117.01 1 0.0529815
117.01 2 0.0206144
117.11 1 0.0529815
117.11 2 0.0206144
117.21 1 0.0529815
117.21 2 0.0206144
117.31 1 0.0529815
117.31 2 0.0206144
117.41 1 0.0529815
117.41 2 0.0206144
117.51 1 0.0529815
117.51 2 0.0206144
117.61 1 0.0529815
117.61 2 0.0206144
117.71 1 0.0529815
117.71 2 0.0206144
117.81 1 0.0529815
117.81 2 0.0206144
117.91 1 0.0529815
117.91 2 0.0206144
118.01 1 0.0529815
118.01 2 0.0206144
118.11 1 0.0529815
118.11 2 0.0206144
118.21 1 0.0529815
118.21 2 0.0206144
118.31 1 0.0529815
118.31 2 0.0206144
118.41 1 0.0529815
118.41 2 0.0206144
118.51 1 0.0529815
118.51 2 0.0206144
118.61 1 0.0529815
118.61 2 0.0206144
118.71 1 0.0529815
118.71 2 0.0206144
118.81 1 0.0529815
118.81 2 0.0206144
118.91 1 0.0529815
118.91 2 0.0206144
119.01 1 0.0529815
119.01 2 0.0206144
119.11 1 0.0529815
119.11 2 0.0206144
119.21 1 0.0529815
119.21 2 0.0206144
119.31 1 0.0529815
119.31 2 0.0206144
119.41 1 0.0529815
119.41 2 0.0206144
119.51 1 0.0529815
119.51 2 0.0206144
119.61 1 0.0529815
119.61 2 0.0206144
119.71 1 0.0529815
119.71 2 0.0206144
119.81 1 0.0529815
119.81 2 0.0206144
119.91 1 0.0529815
119.91 2 0.0206144
120.01 1 0.0529815
120.01 2 0.0206144
120.11 1 0.0529815
120.11 2 0.0206144
120.21 1 0.0529815
120.21 2 0.0206144
120.31 1 0.0529815
120.31 2 0.0206144
120.41 1 0.0529815
120.41 2 0.0206144
120.51 1 0.0529815
120.51 2 0.0206144
120.61 1 0.0529815
120.61 2 0.0206144
120.71 1 0.0529815
120.71 2 0.0206144
120.81 1 0.0529815
120.81 2 0.0206144
120.91 1 0.0529815
120.91 2 0.0206144
121.01 1 0.0529815
121.01 2 0.0206144
121.11 1 0.0529815
121.11 2 0.0206144
121.21 1 0.0529815
121.21 2 0.0206144
121.31 1 0.0529815
121.31 2 0.0206144
121.41 1 0.0529815
121.41 2 0.0206144
121.51 1 0.0529815
121.51 2 0.0206144
121.61 1 0.0529815
121.61 2 0.0206144
121.71 1 0.0529815
121.71 2 0.0206144
121.81 1 0.0529815
121.81 2 0.0206144
121.91 1 0.0529815
121.91 2 0.0206144
122.01 1 0.0529815
122.01 2 0.0206144
122.11 1 0.0529815
122.11 2 0.0206144
122.21 1 0.0529815
122.21 2 0.0206144
122.31 1 0.0529815
122.31 2 0.0206144
122.41 1 0.0529815
122.41 2 0.0206144
122.51 1 0.0529815
122.51 2 0.0206144
122.61 1 0.0529815
122.61 2 0.0206144
122.71 1 0.0529815
122.71 2 0.0206144
122.81 1 0.0529815
122.81 2 0.0206144
122.91 1 0.0529815
122.91 2 0.0206144
123.01 1 0.0529815
123.01 2 0.0206144
123.11 1 0.0529815
123.11 2 0.0206144
123.21 1 0.0529815
123.21 2 0.0206144
123.31 1 0.0529815
123.31 2 0.0206144
123.41 1 0.0529815
123.41 2 0.0206144
123.51 1 0.0529815
123.51 2 0.0206144
123.61 1 0.0529815
123.61 2 0.0206144
123.71 1 0.0529815
123.71 2 0.0206144
123.81 1 0.0529815
123.81 2 0.0206144
123.91 1 0.0529815
123.91 2 0.0206144
124.01 1 0.0529815
124.01 2 0.0206144
124.11 1 0.0529815
124.11 2 0.0206144
124.21 1 0.0529815
124.21 2 0.0206144
124.31 1 0.0529815
124.31 2 0.0206144
124.41 1 0.0529815
124.41 2 0.0206144
124.51 1 0.0529815
124.51 2 0.0206144
124.61 1 0.0529815
124.61 2 0.0206144
124.71 1 0.0529815
124.71 2 0.0206144
124.81 1 0.0529815
124.81 2 0.0206144
124.91 1 0.0529815
124.91 2 0.0206144
125.01 1 0.0529815
125.01 2 0.0206144
125.11 1 0.0529815
125.11 2 0.0206144
125.21 1 0.0529815
125.21 2 0.0206144
125.31 1 0.0529815
125.31 2 0.0206144
125.41 1 0.0529815
125.41 2 0.0206144
125.51 1 0.0529815
125.51 2 0.0206144
125.61 1 0.0529815
125.61 2 0.0206144
125.71 1 0.0529815
125.71 2 0.0206144
125.81 1 0.0529815
125.81 2 0.0206144
125.91 1 0.0529815
125.91 2 0.0206144
126.01 1 0.0529815
126.01 2 0.0206144
126.11 1 0.0529815
126.11 2 0.0206144
126.21 1 0.0529815
126.21 2 0.0206144
126.31 1 0.0529815
126.31 2 0.0206144
126.41 1 0.0529815
126.41 2 0.0206144
126.51 1 0.0529815
126.51 2 0.0206144
126.61 1 0.0529815
126.61 2 0.0206144
126.71 1 0.0529815
126.71 2 0.0206144
126.81 1 0.0529815
126.81 2 0.0206144
126.91 1 0.0529815
126.91 2 0.0206144
127.01 1 0.0529815
127.01 2 0.0206144
127.11 1 0.0529815
127.11 2 0.0206144
127.21 1 0.0529815
127.21 2 0.0206144
127.31 1 0.0529815
127.31 2 0.0206144
127.41 1 0.0529815
127.41 2 0.0206144
127.51 1 0.0529815
127.51 2 0.0206144
127.61 1 0.0529815
127.61 2 0.0206144
127.71 1 0.0529815
127.71 2 0.0206144
127.81 1 0.0529815
127.81 2 0.0206144
127.91 1 0.0529815
127.91 2 0.0206144
128.01 1 0.0529815
128.01 2 0.0206144
128.11 1 0.0529815
128.11 2 0.0206144
128.21 1 0.0529815
128.21 2 0.0206144
128.31 1 0.0529815
128.31 2 0.0206144
128.41 1 0.0529815
128.41 2 0.0206144
128.51 1 0.0529815
128.51 2 0.0206144
128.61 1 0.0529815
128.61 2 0.0206144
128.71 1 0.0529815
128.71 2 0.0206144
128.81 1 0.0529815
128.81 2 0.0206144
128.91 1 0.0529815
128.91 2 0.0206144
129.01 1 0.0529815
129.01 2 0.0206144
129.11 1 0.0529815
129.11 2 0.0206144
129.21 1 0.0529815
129.21 2 0.0206144
129.31 1 0.0529815
129.31 2 0.0206144
129.41 1 0.0529815
129.41 2 0.0206144
129.51 1 0.0529815
129.51 2 0.0206144
129.61 1 0.0529815
129.61 2 0.0206144
129.71 1 0.0529815
129.71 2 0.0206144
129.81 1 0.0529815
129.81 2 0.0206144
129.91 1 0.0529815
129.91 2 0.0206144
130.01 1 0.0529815
130.01 2 0.0206144
130.11 1 0.0529815
130.11 2 0.0206144
130.21 1 0.0529815
130.21 2 0.0206144
130.31 1 0.0529815
130.31 2 0.0206144
130.41 1 0.0529815
130.41 2 0.0206144
130.51 1 0.0529815
130.51 2 0.0206144
130.61 1 0.0529815
130.61 2 0.0206144
130.71 1 0.0529815
130.71 2 0.0206144
130.81 1 0.0529815
130.81 2 0.0206144
130.91 1 0.0529815
130.91 2 0.0206144
131.01 1 0.0529815
131.01 2 0.0206144
131.11 1 0.0529815
131.11 2 0.0206144
131.21 1 0.0529815
131.21 2 0.0206144
131.31 1 0.0529815
131.31 2 0.0206144
131.41 1 0.0529815
131.41 2 0.0206144
131.51 1 0.0529815
131.51 2 0.0206144
131.61 1 0.0529815
131.61 2 0.0206144
131.71 1 0.0529815
131.71 2 0.0206144
131.81 1 0.0529815
131.81 2 0.0206144
131.91 1 0.0529815
131.91 2 0.0206144
132.01 1 0.0529815
132.01 2 0.0206144
132.11 1 0.0529815
132.11 2 0.0206144
132.21 1 0.0529815
132.21 2 0.0206144
132.31 1 0.0529815
132.31 2 0.0206144
132.41 1 0.0529815
132.41 2 0.0206144
132.51 1 0.0529815
132.51 2 0.0206144
132.61 1 0.0529815
132.61 2 0.0206144
132.71 1 0.0529815
132.71 2 0.0206144
132.81 1 0.0529815
132.81 2 0.0206144
132.91 1 0.0529815
132.91 2 0.0206144
133.01 1 0.0529815
133.01 2 0.0206144
133.11 1 0.0529815
133.11 2 0.0206144
133.21 1 0.0529815
133.21 2 0.0206144
133.31 1 0.0529815
133.31 2 0.0206144
133.41 1 0.0529815
133.41 2 0.0206144
133.51 1 0.0529815
133.51 2 0.0206144
133.61 1 0.0529815
133.61 2 0.0206144
133.71 1 0.0529815
133.71 2 0.0206144
133.81 1 0.0529815
133.81 2 0.0206144
133.91 1 0.0529815
133.91 2 0.0206144
134.01 1 0.0529815
134.01 2 0.0206144
134.11 1 0.0529815
134.11 2 0.0206144
134.21 1 0.0529815
134.21 2 0.0206144
134.31 1 0.0529815
134.31 2 0.0206144
134.41 1 0.0529815
134.41 2 0.0206144
134.51 1 0.0529815
134.51 2 0.0206144
134.61 1 0.0529815
134.61 2 0.0206144
134.71 1 0.0529815
134.71 2 0.0206144
134.81 1 0.0529815
134.81 2 0.0206144
134.91 1 0.0529815
134.91 2 0.0206144
135.01 1 0.0529815
135.01 2 0.0206144
135.11 1 0.0529815
135.11 2 0.0206144
135.21 1 0.0529815
135.21 2 0.0206144
135.31 1 0.0529815
135.31 2 0.0206144
135.41 1 0.0529815
135.41 2 0.0206144
135.51 1 0.0529815
135.51 2 0.0206144
135.61 1 0.0529815
135.61 2 0.0206144
135.71 1 0.0529815
135.71 2 0.0206144
135.81 1 0.0529815
135.81 2 0.0206144
135.91 1 0.0529815
135.91 2 0.0206144
136.01 1 0.0529815
136.01 2 0.0206144
136.11 1 0.0529815
136.11 2 0.0206144
136.21 1 0.0529815
136.21 2 0.0206144
136.31 1 0.0529815
136.31 2 0.0206144
136.41 1 0.0529815
136.41 2 0.0206144
136.51 1 0.0529815
136.51 2 0.0206144
136.61 1 0.0529815
136.61 2 0.0206144
136.71 1 0.0529815
136.71 2 0.0206144
136.81 1 0.0529815
136.81 2 0.0206144
136.91 1 0.0529815
136.91 2 0.0206144
137.01 1 0.0529815
137.01 2 0.0206144
137.11 1 0.0529815
137.11 2 0.0206144
137.21 1 0.0529815
137.21 2 0.0206144
137.31 1 0.0529815
137.31 2 0.0206144
137.41 1 0.0529815
137.41 2 0.0206144
137.51 1 0.0529815
137.51 2 0.0206144
137.61 1 0.0529815
137.61 2 0.0206144
137.71 1 0.0529815
137.71 2 0.0206144
137.81 1 0.0529815
137.81 2 0.0206144
137.91 1 0.0529815
137.91 2 0.0206144
138.01 1 0.0529815
138.01 2 0.0206144
138.11 1 0.0529815
138.11 2 0.0206144
138.21 1 0.0529815
138.21 2 0.0206144
138.31 1 0.0529815
138.31 2 0.0206144
138.41 1 0.0529815
138.41 2 0.0206144
138.51 1 0.0529815
138.51 2 0.0206144
138.61 1 0.0529815
138.61 2 0.0206144
138.71 1 0.0529815
138.71 2 0.0206144
138.81 1 0.0529815
138.81 2 0.0206144
138.91 1 0.0529815
138.91 2 0.0206144
139.01 1 0.0529815
139.01 2 0.0206144
139.11 1 0.0529815
139.11 2 0.0206144
139.21 1 0.0529815
139.21 2 0.0206144
139.31 1 0.0529815
139.31 2 0.0206144
139.41 1 0.0529815
139.41 2 0.0206144
139.51 1 0.0529815
139.51 2 0.0206144
139.61 1 0.0529815
139.61 2 0.0206144
139.71 1 0.0529815
139.71 2 0.0206144
139.81 1 0.0529815
139.81 2 0.0206144
139.91 1 0.0529815
139.91 2 0.0206144
140.01 1 0.0529815
140.01 2 0.0206144
140.11 1 0.0529815
140.11 2 0.0206144
140.21 1 0.0529815
140.21 2 0.0206144
140.31 1 0.0529815
140.31 2 0.0206144
140.41 1 0.0529815
140.41 2 0.0206144
140.51 1 0.0529815
140.51 2 0.0206144
140.61 1 0.0529815
140.61 2 0.0206144
140.71 1 0.0529815
140.71 2 0.0206144
140.81 1 0.0529815
140.81 2 0.0206144
140.91 1 0.0529815
140.91 2 0.0206144
141.01 1 0.0529815
141.01 2 0.0206144
141.11 1 0.0529815
141.11 2 0.0206144
141.21 1 0.0529815
141.21 2 0.0206144
141.31 1 0.0529815
141.31 2 0.0206144
141.41 1 0.0529815
141.41 2 0.0206144
141.51 1 0.0529815
141.51 2 0.0206144
141.61 1 0.0529815
141.61 2 0.0206144
141.71 1 0.0529815
141.71 2 0.0206144
141.81 1 0.0529815
141.81 2 0.0206144
141.91 1 0.0529815
141.91 2 0.0206144
142.01 1 0.0529815
142.01 2 0.0206144
142.11 1 0.0529815
142.11 2 0.0206144
142.21 1 0.0529815
142.21 2 0.0206144
142.31 1 0.0529815
142.31 2 0.0206144
142.41 1 0.0529815
142.41 2 0.0206144
142.51 1 0.0529815
142.51 2 0.0206144
142.61 1 0.0529815
142.61 2 0.0206144
142.71 1 0.0529815
142.71 2 0.0206144
142.81 1 0.0529815
142.81 2 0.0206144
142.91 1 0.0529815
142.91 2 0.0206144
143.01 1 0.0529815
143.01 2 0.0206144
143.11 1 0.0529815
143.11 2 0.0206144
143.21 1 0.0529815
143.21 2 0.0206144
143.31 1 0.0529815
143.31 2 0.0206144
143.41 1 0.0529815
143.41 2 0.0206144
143.51 1 0.0529815
143.51 2 0.0206144
143.61 1 0.0529815
143.61 2 0.0206144
143.71 1 0.0529815
143.71 2 0.0206144
143.81 1 0.0529815
143.81 2 0.0206144
143.91 1 0.0529815
143.91 2 0.0206144
144.01 1 0.0529815
144.01 2 0.0206144
144.11 1 0.0529815
144.11 2 0.0206144
144.21 1 0.0529815
144.21 2 0.0206144
144.31 1 0.0529815
144.31 2 0.0206144
144.41 1 0.0529815
144.41 2 0.0206144
144.51 1 0.0529815
144.51 2 0.0206144
144.61 1 0.0529815
144.61 2 0.0206144
144.71 1 0.0529815
144.71 2 0.0206144
144.81 1 0.0529815
144.81 2 0.0206144
144.91 1 0.0529815
144.91 2 0.0206144
145.01 1 0.0529815
145.01 2 0.0206144
145.11 1 0.0529815
145.11 2 0.0206144
145.21 1 0.0529815
145.21 2 0.0206144
145.31 1 0.0529815
145.31 2 0.0206144
145.41 1 0.0529815
145.41 2 0.0206144
145.51 1 0.0529815
145.51 2 0.0206144
145.61 1 0.0529815
145.61 2 0.0206144
145.71 1 0.0529815
145.71 2 0.0206144
145.81 1 0.0529815
145.81 2 0.0206144
145.91 1 0.0529815
145.91 2 0.0206144
146.01 1 0.0529815
146.01 2 0.0206144
146.11 1 0.0529815
146.11 2 0.0206144
146.21 1 0.0529815
146.21 2 0.0206144
146.31 1 0.0529815
146.31 2 0.0206144
146.41 1 0.0529815
146.41 2 0.0206144
146.51 1 0.0529815
146.51 2 0.0206144
146.61 1 0.0529815
146.61 2 0.0206144
146.71 1 0.0529815
146.71 2 0.0206144
146.81 1 0.0529815
146.81 2 0.0206144
146.91 1 0.0529815
146.91 2 0.0206144
147.01 1 0.0529815
147.01 2 0.0206144
147.11 1 0.0529815
147.11 2 0.0206144
147.21 1 0.0529815
147.21 2 0.0206144
147.31 1 0.0529815
147.31 2 0.0206144
147.41 1 0.0529815
147.41 2 0.0206144
147.51 1 0.0529815
147.51 2 0.0206144
147.61 1 0.0529815
147.61 2 0.0206144
147.71 1 0.0529815
147.71 2 0.0206144
147.81 1 0.0529815
147.81 2 0.0206144
147.91 1 0.0529815
147.91 2 0.0206144
148.01 1 0.0529815
148.01 2 0.0206144
148.11 1 0.0529815
148.11 2 0.0206144
148.21 1 0.0529815
148.21 2 0.0206144
148.31 1 0.0529815
148.31 2 0.0206144
148.41 1 0.0529815
148.41 2 0.0206144
148.51 1 0.0529815
148.51 2 0.0206144
148.61 1 0.0529815
148.61 2 0.0206144
148.71 1 0.0529815
148.71 2 0.0206144
148.81 1 0.0529815
148.81 2 0.0206144
148.91 1 0.0529815
148.91 2 0.0206144
149.01 1 0.0529815
149.01 2 0.0206144
149.11 1 0.0529815
149.11 2 0.0206144
149.21 1 0.0529815
149.21 2 0.0206144
149.31 1 0.0529815
149.31 2 0.0206144
149.41 1 0.0529815
149.41 2 0.0206144
149.51 1 0.0529815
149.51 2 0.0206144
149.61 1 0.0529815
149.61 2 0.0206144
149.71 1 0.0529815
149.71 2 0.0206144
149.81 1 0.0529815
149.81 2 0.0206144
149.91 1 0.0529815
149.91 2 0.0206144
150.01 1 0.0529815
150.01 2 0.0206144
150.11 1 0.0529815
150.11 2 0.0206144
150.21 1 0.0529815
150.21 2 0.0206144
150.31 1 0.0529815
150.31 2 0.0206144
150.41 1 0.0529815
150.41 2 0.0206144
150.51 1 0.0529815
150.51 2 0.0206144
150.61 1 0.0529815
150.61 2 0.0206144
150.71 1 0.0529815
150.71 2 0.0206144
150.81 1 0.0529815
150.81 2 0.0206144
150.91 1 0.0529815
150.91 2 0.0206144
151.01 1 0.0529815
151.01 2 0.0206144
151.11 1 0.0529815
151.11 2 0.0206144
151.21 1 0.0529815
151.21 2 0.0206144
151.31 1 0.0529815
151.31 2 0.0206144
151.41 1 0.0529815
151.41 2 0.0206144
151.51 1 0.0529815
151.51 2 0.0206144
151.61 1 0.0529815
151.61 2 0.0206144
151.71 1 0.0529815
151.71 2 0.0206144
151.81 1 0.0529815
151.81 2 0.0206144
151.91 1 0.0529815
151.91 2 0.0206144
152.01 1 0.0529815
152.01 2 0.0206144
152.11 1 0.0529815
152.11 2 0.0206144
152.21 1 0.0529815
152.21 2 0.0206144
152.31 1 0.0529815
152.31 2 0.0206144
152.41 1 0.0529815
152.41 2 0.0206144
152.51 1 0.0529815
152.51 2 0.0206144
152.61 1 0.0529815
152.61 2 0.0206144
152.71 1 0.0529815
152.71 2 0.0206144
152.81 1 0.0529815
152.81 2 0.0206144
152.91 1 0.0529815
152.91 2 0.0206144
153.01 1 0.0529815
153.01 2 0.0206144
153.11 1 0.0529815
153.11 2 0.0206144
153.21 1 0.0529815
153.21 2 0.0206144
153.31 1 0.0529815
153.31 2 0.0206144
153.41 1 0.0529815
153.41 2 0.0206144
153.51 1 0.0529815
153.51 2 0.0206144
153.61 1 0.0529815
153.61 2 0.0206144
153.71 1 0.0529815
153.71 2 0.0206144
153.81 1 0.0529815
153.81 2 0.0206144
153.91 1 0.0529815
153.91 2 0.0206144
154.01 1 0.0529815
154.01 2 0.0206144
154.11 1 0.0529815
154.11 2 0.0206144
154.21 1 0.0529815
154.21 2 0.0206144
154.31 1 0.0529815
154.31 2 0.0206144
154.41 1 0.0529815
154.41 2 0.0206144
154.51 1 0.0529815
154.51 2 0.0206144
154.61 1 0.0529815
154.61 2 0.0206144
154.71 1 0.0529815
154.71 2 0.0206144
154.81 1 0.0529815
154.81 2 0.0206144
154.91 1 0.0529815
154.91 2 0.0206144
155.01 1 0.0529815
155.01 2 0.0206144
155.11 1 0.0529815
155.11 2 0.0206144
155.21 1 0.0529815
155.21 2 0.0206144
155.31 1 0.0529815
155.31 2 0.0206144
155.41 1 0.0529815
155.41 2 0.0206144
155.51 1 0.0529815
155.51 2 0.0206144
155.61 1 0.0529815
155.61 2 0.0206144
155.71 1 0.0529815
155.71 2 0.0206144
155.81 1 0.0529815
155.81 2 0.0206144
155.91 1 0.0529815
155.91 2 0.0206144
156.01 1 0.0529815
156.01 2 0.0206144
156.11 1 0.0529815
156.11 2 0.0206144
156.21 1 0.0529815
156.21 2 0.0206144
156.31 1 0.0529815
156.31 2 0.0206144
156.41 1 0.0529815
156.41 2 0.0206144
156.51 1 0.0529815
156.51 2 0.0206144
156.61 1 0.0529815
156.61 2 0.0206144
156.71 1 0.0529815
156.71 2 0.0206144
156.81 1 0.0529815
156.81 2 0.0206144
156.91 1 0.0529815
156.91 2 0.0206144
157.01 1 0.0529815
157.01 2 0.0206144
157.11 1 0.0529815
157.11 2 0.0206144
157.21 1 0.0529815
157.21 2 0.0206144
157.31 1 0.0529815
157.31 2 0.0206144
157.41 1 0.0529815
157.41 2 0.0206144
157.51 1 0.0529815
157.51 2 0.0206144
157.61 1 0.0529815
157.61 2 0.0206144
157.71 1 0.0529815
157.71 2 0.0206144
157.81 1 0.0529815
157.81 2 0.0206144
157.91 1 0.0529815
157.91 2 0.0206144
158.01 1 0.0529815
158.01 2 0.0206144
158.11 1 0.0529815
158.11 2 0.0206144
158.21 1 0.0529815
158.21 2 0.0206144
158.31 1 0.0529815
158.31 2 0.0206144
158.41 1 0.0529815
158.41 2 0.0206144
158.51 1 0.0529815
158.51 2 0.0206144
158.61 1 0.0529815
158.61 2 0.0206144
158.71 1 0.0529815
158.71 2 0.0206144
158.81 1 0.0529815
158.81 2 0.0206144
158.91 1 0.0529815
158.91 2 0.0206144
159.01 1 0.0529815
159.01 2 0.0206144
159.11 1 0.0529815
159.11 2 0.0206144
159.21 1 0.0529815
159.21 2 0.0206144
159.31 1 0.0529815
159.31 2 0.0206144
159.41 1 0.0529815
159.41 2 0.0206144
159.51 1 0.0529815
159.51 2 0.0206144
159.61 1 0.0529815
159.61 2 0.0206144
159.71 1 0.0529815
159.71 2 0.0206144
159.81 1 0.0529815
159.81 2 0.0206144
159.91 1 0.0529815
159.91 2 0.0206144
160.01 1 0.0529815
160.01 2 0.0206144
160.11 1 0.0529815
160.11 2 0.0206144
160.21 1 0.0529815
160.21 2 0.0206144
160.31 1 0.0529815
160.31 2 0.0206144
160.41 1 0.0529815
160.41 2 0.0206144
160.51 1 0.0529815
160.51 2 0.0206144
160.61 1 0.0529815
160.61 2 0.0206144
160.71 1 0.0529815
160.71 2 0.0206144
160.81 1 0.0529815
160.81 2 0.0206144
160.91 1 0.0529815
160.91 2 0.0206144
161.01 1 0.0529815
161.01 2 0.0206144
161.11 1 0.0529815
161.11 2 0.0206144
161.21 1 0.0529815
161.21 2 0.0206144
161.31 1 0.0529815
161.31 2 0.0206144
161.41 1 0.0529815
161.41 2 0.0206144
161.51 1 0.0529815
161.51 2 0.0206144
161.61 1 0.0529815
161.61 2 0.0206144
161.71 1 0.0529815
161.71 2 0.0206144
161.81 1 0.0529815
161.81 2 0.0206144
161.91 1 0.0529815
161.91 2 0.0206144
162.01 1 0.0529815
162.01 2 0.0206144
162.11 1 0.0529815
162.11 2 0.0206144
162.21 1 0.0529815
162.21 2 0.0206144
162.31 1 0.0529815
162.31 2 0.0206144
162.41 1 0.0529815
162.41 2 0.0206144
162.51 1 0.0529815
162.51 2 0.0206144
162.61 1 0.0529815
162.61 2 0.0206144
162.71 1 0.0529815
162.71 2 0.0206144
162.81 1 0.0529815
162.81 2 0.0206144
162.91 1 0.0529815
162.91 2 0.0206144
163.01 1 0.0529815
163.01 2 0.0206144
163.11 1 0.0529815
163.11 2 0.0206144
163.21 1 0.0529815
163.21 2 0.0206144
163.31 1 0.0529815
163.31 2 0.0206144
163.41 1 0.0529815
163.41 2 0.0206144
163.51 1 0.0529815
163.51 2 0.0206144
163.61 1 0.0529815
163.61 2 0.0206144
163.71 1 0.0529815
163.71 2 0.0206144
163.81 1 0.0529815
163.81 2 0.0206144
163.91 1 0.0529815
163.91 2 0.0206144
164.01 1 0.0529815
164.01 2 0.0206144
164.11 1 0.0529815
164.11 2 0.0206144
164.21 1 0.0529815
164.21 2 0.0206144
164.31 1 0.0529815
164.31 2 0.0206144
164.41 1 0.0529815
164.41 2 0.0206144
164.51 1 0.0529815
164.51 2 0.0206144
164.61 1 0.0529815
164.61 2 0.0206144
164.71 1 0.0529815
164.71 2 0.0206144
164.81 1 0.0529815
164.81 2 0.0206144
164.91 1 0.0529815
164.91 2 0.0206144
165.01 1 0.0529815
165.01 2 0.0206144
165.11 1 0.0529815
165.11 2 0.0206144
165.21 1 0.0529815
165.21 2 0.0206144
165.31 1 0.0529815
165.31 2 0.0206144
165.41 1 0.0529815
165.41 2 0.0206144
165.51 1 0.0529815
165.51 2 0.0206144
165.61 1 0.0529815
165.61 2 0.0206144
165.71 1 0.0529815
165.71 2 0.0206144
165.81 1 0.0529815
165.81 2 0.0206144
165.91 1 0.0529815
165.91 2 0.0206144
166.01 1 0.0529815
166.01 2 0.0206144
166.11 1 0.0529815
166.11 2 0.0206144
166.21 1 0.0529815
166.21 2 0.0206144
166.31 1 0.0529815
166.31 2 0.0206144
166.41 1 0.0529815
166.41 2 0.0206144
166.51 1 0.0529815
166.51 2 0.0206144
166.61 1 0.0529815
166.61 2 0.0206144
166.71 1 0.0529815
166.71 2 0.0206144
166.81 1 0.0529815
166.81 2 0.0206144
166.91 1 0.0529815
166.91 2 0.0206144
167.01 1 0.0529815
167.01 2 0.0206144
167.11 1 0.0529815
167.11 2 0.0206144
167.21 1 0.0529815
167.21 2 0.0206144
167.31 1 0.0529815
167.31 2 0.0206144
167.41 1 0.0529815
167.41 2 0.0206144
167.51 1 0.0529815
167.51 2 0.0206144
167.61 1 0.0529815
167.61 2 0.0206144
167.71 1 0.0529815
167.71 2 0.0206144
167.81 1 0.0529815
167.81 2 0.0206144
167.91 1 0.0529815
167.91 2 0.0206144
168.01 1 0.0529815
168.01 2 0.0206144
168.11 1 0.0529815
168.11 2 0.0206144
168.21 1 0.0529815
168.21 2 0.0206144
168.31 1 0.0529815
168.31 2 0.0206144
168.41 1 0.0529815
168.41 2 0.0206144
168.51 1 0.0529815
168.51 2 0.0206144
168.61 1 0.0529815
168.61 2 0.0206144
168.71 1 0.0529815
168.71 2 0.0206144
168.81 1 0.0529815
168.81 2 0.0206144
168.91 1 0.0529815
168.91 2 0.0206144
169.01 1 0.0529815
169.01 2 0.0206144
169.11 1 0.0529815
169.11 2 0.0206144
169.21 1 0.0529815
169.21 2 0.0206144
169.31 1 0.0529815
169.31 2 0.0206144
169.41 1 0.0529815
169.41 2 0.0206144
169.51 1 0.0529815
169.51 2 0.0206144
169.61 1 0.0529815
169.61 2 0.0206144
169.71 1 0.0529815
169.71 2 0.0206144
169.81 1 0.0529815
169.81 2 0.0206144
169.91 1 0.0529815
169.91 2 0.0206144
170.01 1 0.0529815
170.01 2 0.0206144
170.11 1 0.0529815
170.11 2 0.0206144
170.21 1 0.0529815
170.21 2 0.0206144
170.31 1 0.0529815
170.31 2 0.0206144
170.41 1 0.0529815
170.41 2 0.0206144
170.51 1 0.0529815
170.51 2 0.0206144
170.61 1 0.0529815
170.61 2 0.0206144
170.71 1 0.0529815
170.71 2 0.0206144
170.81 1 0.0529815
170.81 2 0.0206144
170.91 1 0.0529815
170.91 2 0.0206144
171.01 1 0.0529815
171.01 2 0.0206144
171.11 1 0.0529815
171.11 2 0.0206144
171.21 1 0.0529815
171.21 2 0.0206144
171.31 1 0.0529815
171.31 2 0.0206144
171.41 1 0.0529815
171.41 2 0.0206144
171.51 1 0.0529815
171.51 2 0.0206144
171.61 1 0.0529815
171.61 2 0.0206144
171.71 1 0.0529815
171.71 2 0.0206144
171.81 1 0.0529815
171.81 2 0.0206144
171.91 1 0.0529815
171.91 2 0.0206144
172.01 1 0.0529815
172.01 2 0.0206144
172.11 1 0.0529815
172.11 2 0.0206144
172.21 1 0.0529815
172.21 2 0.0206144
172.31 1 0.0529815
172.31 2 0.0206144
172.41 1 0.0529815
172.41 2 0.0206144
172.51 1 0.0529815
172.51 2 0.0206144
172.61 1 0.0529815
172.61 2 0.0206144
172.71 1 0.0529815
172.71 2 0.0206144
172.81 1 0.0529815
172.81 2 0.0206144
172.91 1 0.0529815
172.91 2 0.0206144
173.01 1 0.0529815
173.01 2 0.0206144
173.11 1 0.0529815
173.11 2 0.0206144
173.21 1 0.0529815
173.21 2 0.0206144
173.31 1 0.0529815
173.31 2 0.0206144
173.41 1 0.0529815
173.41 2 0.0206144
173.51 1 0.0529815
173.51 2 0.0206144
173.61 1 0.0529815
173.61 2 0.0206144
173.71 1 0.0529815
173.71 2 0.0206144
173.81 1 0.0529815
173.81 2 0.0206144
173.91 1 0.0529815
173.91 2 0.0206144
174.01 1 0.0529815
174.01 2 0.0206144
174.11 1 0.0529815
174.11 2 0.0206144
174.21 1 0.0529815
174.21 2 0.0206144
174.31 1 0.0529815
174.31 2 0.0206144
174.41 1 0.0529815
174.41 2 0.0206144
174.51 1 0.0529815
174.51 2 0.0206144
174.61 1 0.0529815
174.61 2 0.0206144
174.71 1 0.0529815
174.71 2 0.0206144
174.81 1 0.0529815
174.81 2 0.0206144
174.91 1 0.0529815
174.91 2 0.0206144
175.01 1 0.0529815
175.01 2 0.0206144
175.11 1 0.0529815
175.11 2 0.0206144
175.21 1 0.0529815
175.21 2 0.0206144
175.31 1 0.0529815
175.31 2 0.0206144
175.41 1 0.0529815
175.41 2 0.0206144
175.51 1 0.0529815
175.51 2 0.0206144
175.61 1 0.0529815
175.61 2 0.0206144
175.71 1 0.0529815
175.71 2 0.0206144
175.81 1 0.0529815
175.81 2 0.0206144
175.91 1 0.0529815
175.91 2 0.0206144
176.01 1 0.0529815
176.01 2 0.0206144
176.11 1 0.0529815
176.11 2 0.0206144
176.21 1 0.0529815
176.21 2 0.0206144
176.31 1 0.0529815
176.31 2 0.0206144
176.41 1 0.0529815
176.41 2 0.0206144
176.51 1 0.0529815
176.51 2 0.0206144
176.61 1 0.0529815
176.61 2 0.0206144
176.71 1 0.0529815
176.71 2 0.0206144
176.81 1 0.0529815
176.81 2 0.0206144
176.91 1 0.0529815
176.91 2 0.0206144
177.01 1 0.0529815
177.01 2 0.0206144
177.11 1 0.0529815
177.11 2 0.0206144
177.21 1 0.0529815
177.21 2 0.0206144
177.31 1 0.0529815
177.31 2 0.0206144
177.41 1 0.0529815
177.41 2 0.0206144
177.51 1 0.0529815
177.51 2 0.0206144
177.61 1 0.0529815
177.61 2 0.0206144
177.71 1 0.0529815
177.71 2 0.0206144
177.81 1 0.0529815
177.81 2 0.0206144
177.91 1 0.0529815
177.91 2 0.0206144
178.01 1 0.0529815
178.01 2 0.0206144
178.11 1 0.0529815
178.11 2 0.0206144
178.21 1 0.0529815
178.21 2 0.0206144
178.31 1 0.0529815
178.31 2 0.0206144
178.41 1 0.0529815
178.41 2 0.0206144
178.51 1 0.0529815
178.51 2 0.0206144
178.61 1 0.0529815
178.61 2 0.0206144
178.71 1 0.0529815
178.71 2 0.0206144
178.81 1 0.0529815
178.81 2 0.0206144
178.91 1 0.0529815
178.91 2 0.0206144
179.01 1 0.0529815
179.01 2 0.0206144
179.11 1 0.0529815
179.11 2 0.0206144
179.21 1 0.0529815
179.21 2 0.0206144
179.31 1 0.0529815
179.31 2 0.0206144
179.41 1 0.0529815
179.41 2 0.0206144
179.51 1 0.0529815
179.51 2 0.0206144
179.61 1 0.0529815
179.61 2 0.0206144
179.71 1 0.0529815
179.71 2 0.0206144
179.81 1 0.0529815
179.81 2 0.0206144
179.91 1 0.0529815
179.91 2 0.0206144
180.01 1 0.0529815
180.01 2 0.0206144
180.11 1 0.0529815
180.11 2 0.0206144
180.21 1 0.0529815
180.21 2 0.0206144
180.31 1 0.0529815
180.31 2 0.0206144
180.41 1 0.0529815
180.41 2 0.0206144
180.51 1 0.0529815
180.51 2 0.0206144
180.61 1 0.0529815
180.61 2 0.0206144
180.71 1 0.0529815
180.71 2 0.0206144
180.81 1 0.0529815
180.81 2 0.0206144
180.91 1 0.0529815
180.91 2 0.0206144
181.01 1 0.0529815
181.01 2 0.0206144
181.11 1 0.0529815
181.11 2 0.0206144
181.21 1 0.0529815
181.21 2 0.0206144
181.31 1 0.0529815
181.31 2 0.0206144
181.41 1 0.0529815
181.41 2 0.0206144
181.51 1 0.0529815
181.51 2 0.0206144
181.61 1 0.0529815
181.61 2 0.0206144
181.71 1 0.0529815
181.71 2 0.0206144
181.81 1 0.0529815
181.81 2 0.0206144
181.91 1 0.0529815
181.91 2 0.0206144
182.01 1 0.0529815
182.01 2 0.0206144
182.11 1 0.0529815
182.11 2 0.0206144
182.21 1 0.0529815
182.21 2 0.0206144
182.31 1 0.0529815
182.31 2 0.0206144
182.41 1 0.0529815
182.41 2 0.0206144
182.51 1 0.0529815
182.51 2 0.0206144
182.61 1 0.0529815
182.61 2 0.0206144
182.71 1 0.0529815
182.71 2 0.0206144
182.81 1 0.0529815
182.81 2 0.0206144
182.91 1 0.0529815
182.91 2 0.0206144
183.01 1 0.0529815
183.01 2 0.0206144
183.11 1 0.0529815
183.11 2 0.0206144
183.21 1 0.0529815
183.21 2 0.0206144
183.31 1 0.0529815
183.31 2 0.0206144
183.41 1 0.0529815
183.41 2 0.0206144
183.51 1 0.0529815
183.51 2 0.0206144
183.61 1 0.0529815
183.61 2 0.0206144
183.71 1 0.0529815
183.71 2 0.0206144
183.81 1 0.0529815
183.81 2 0.0206144
183.91 1 0.0529815
183.91 2 0.0206144
184.01 1 0.0529815
184.01 2 0.0206144
184.11 1 0.0529815
184.11 2 0.0206144
184.21 1 0.0529815
184.21 2 0.0206144
184.31 1 0.0529815
184.31 2 0.0206144
184.41 1 0.0529815
184.41 2 0.0206144
184.51 1 0.0529815
184.51 2 0.0206144
184.61 1 0.0529815
184.61 2 0.0206144
184.71 1 0.0529815
184.71 2 0.0206144
184.81 1 0.0529815
184.81 2 0.0206144
184.91 1 0.0529815
184.91 2 0.0206144
185.01 1 0.0529815
185.01 2 0.0206144
185.11 1 0.0529815
185.11 2 0.0206144
185.21 1 0.0529815
185.21 2 0.0206144
185.31 1 0.0529815
185.31 2 0.0206144
185.41 1 0.0529815
185.41 2 0.0206144
185.51 1 0.0529815
185.51 2 0.0206144
185.61 1 0.0529815
185.61 2 0.0206144
185.71 1 0.0529815
185.71 2 0.0206144
185.81 1 0.0529815
185.81 2 0.0206144
185.91 1 0.0529815
185.91 2 0.0206144
186.01 1 0.0529815
186.01 2 0.0206144
186.11 1 0.0529815
186.11 2 0.0206144
186.21 1 0.0529815
186.21 2 0.0206144
186.31 1 0.0529815
186.31 2 0.0206144
186.41 1 0.0529815
186.41 2 0.0206144
186.51 1 0.0529815
186.51 2 0.0206144
186.61 1 0.0529815
186.61 2 0.0206144
186.71 1 0.0529815
186.71 2 0.0206144
186.81 1 0.0529815
186.81 2 0.0206144
186.91 1 0.0529815
186.91 2 0.0206144
187.01 1 0.0529815
187.01 2 0.0206144
187.11 1 0.0529815
187.11 2 0.0206144
187.21 1 0.0529815
187.21 2 0.0206144
187.31 1 0.0529815
187.31 2 0.0206144
187.41 1 0.0529815
187.41 2 0.0206144
187.51 1 0.0529815
187.51 2 0.0206144
187.61 1 0.0529815
187.61 2 0.0206144
187.71 1 0.0529815
187.71 2 0.0206144
187.81 1 0.0529815
187.81 2 0.0206144
187.91 1 0.0529815
187.91 2 0.0206144
188.01 1 0.0529815
188.01 2 0.0206144
188.11 1 0.0529815
188.11 2 0.0206144
188.21 1 0.0529815
188.21 2 0.0206144
188.31 1 0.0529815
188.31 2 0.0206144
188.41 1 0.0529815
188.41 2 0.0206144
188.51 1 0.0529815
188.51 2 0.0206144
188.61 1 0.0529815
188.61 2 0.0206144
188.71 1 0.0529815
188.71 2 0.0206144
188.81 1 0.0529815
188.81 2 0.0206144
188.91 1 0.0529815
188.91 2 0.0206144
189.01 1 0.0529815
189.01 2 0.0206144
189.11 1 0.0529815
189.11 2 0.0206144
189.21 1 0.0529815
189.21 2 0.0206144
189.31 1 0.0529815
189.31 2 0.0206144
189.41 1 0.0529815
189.41 2 0.0206144
189.51 1 0.0529815
189.51 2 0.0206144
189.61 1 0.0529815
189.61 2 0.0206144
189.71 1 0.0529815
189.71 2 0.0206144
189.81 1 0.0529815
189.81 2 0.0206144
189.91 1 0.0529815
189.91 2 0.0206144
190.01 1 0.0529815
190.01 2 0.0206144
190.11 1 0.0529815
190.11 2 0.0206144
190.21 1 0.0529815
190.21 2 0.0206144
190.31 1 0.0529815
190.31 2 0.0206144
190.41 1 0.0529815
190.41 2 0.0206144
190.51 1 0.0529815
190.51 2 0.0206144
190.61 1 0.0529815
190.61 2 0.0206144
190.71 1 0.0529815
190.71 2 0.0206144
190.81 1 0.0529815
190.81 2 0.0206144
190.91 1 0.0529815
190.91 2 0.0206144
191.01 1 0.0529815
191.01 2 0.0206144
191.11 1 0.0529815
191.11 2 0.0206144
191.21 1 0.0529815
191.21 2 0.0206144
191.31 1 0.0529815
191.31 2 0.0206144
191.41 1 0.0529815
191.41 2 0.0206144
191.51 1 0.0529815
191.51 2 0.0206144
191.61 1 0.0529815
191.61 2 0.0206144
191.71 1 0.0529815
191.71 2 0.0206144
191.81 1 0.0529815
191.81 2 0.0206144
191.91 1 0.0529815
191.91 2 0.0206144
192.01 1 0.0529815
192.01 2 0.0206144
192.11 1 0.0529815
192.11 2 0.0206144
192.21 1 0.0529815
192.21 2 0.0206144
192.31 1 0.0529815
192.31 2 0.0206144
192.41 1 0.0529815
192.41 2 0.0206144
192.51 1 0.0529815
192.51 2 0.0206144
192.61 1 0.0529815
192.61 2 0.0206144
192.71 1 0.0529815
192.71 2 0.0206144
192.81 1 0.0529815
192.81 2 0.0206144
192.91 1 0.0529815
192.91 2 0.0206144
193.01 1 0.0529815
193.01 2 0.0206144
193.11 1 0.0529815
193.11 2 0.0206144
193.21 1 0.0529815
193.21 2 0.0206144
193.31 1 0.0529815
193.31 2 0.0206144
193.41 1 0.0529815
193.41 2 0.0206144
193.51 1 0.0529815
193.51 2 0.0206144
193.61 1 0.0529815
193.61 2 0.0206144
193.71 1 0.0529815
193.71 2 0.0206144
193.81 1 0.0529815
193.81 2 0.0206144
193.91 1 0.0529815
193.91 2 0.0206144
194.01 1 0.0529815
194.01 2 0.0206144
194.11 1 0.0529815
194.11 2 0.0206144
194.21 1 0.0529815
194.21 2 0.0206144
194.31 1 0.0529815
194.31 2 0.0206144
194.41 1 0.0529815
194.41 2 0.0206144
194.51 1 0.0529815
194.51 2 0.0206144
194.61 1 0.0529815
194.61 2 0.0206144
194.71 1 0.0529815
194.71 2 0.0206144
194.81 1 0.0529815
194.81 2 0.0206144
194.91 1 0.0529815
194.91 2 0.0206144
195.01 1 0.0529815
195.01 2 0.0206144
195.11 1 0.0529815
195.11 2 0.0206144
195.21 1 0.0529815
195.21 2 0.0206144
195.31 1 0.0529815
195.31 2 0.0206144
195.41 1 0.0529815
195.41 2 0.0206144
195.51 1 0.0529815
195.51 2 0.0206144
195.61 1 0.0529815
195.61 2 0.0206144
195.71 1 0.0529815
195.71 2 0.0206144
195.81 1 0.0529815
195.81 2 0.0206144
195.91 1 0.0529815
195.91 2 0.0206144
196.01 1 0.0529815
196.01 2 0.0206144
196.11 1 0.0529815
196.11 2 0.0206144
196.21 1 0.0529815
196.21 2 0.0206144
196.31 1 0.0529815
196.31 2 0.0206144
196.41 1 0.0529815
196.41 2 0.0206144
196.51 1 0.0529815
196.51 2 0.0206144
196.61 1 0.0529815
196.61 2 0.0206144
196.71 1 0.0529815
196.71 2 0.0206144
196.81 1 0.0529815
196.81 2 0.0206144
196.91 1 0.0529815
196.91 2 0.0206144
197.01 1 0.0529815
197.01 2 0.0206144
197.11 1 0.0529815
197.11 2 0.0206144
197.21 1 0.0529815
197.21 2 0.0206144
197.31 1 0.0529815
197.31 2 0.0206144
197.41 1 0.0529815
197.41 2 0.0206144
197.51 1 0.0529815
197.51 2 0.0206144
197.61 1 0.0529815
197.61 2 0.0206144
197.71 1 0.0529815
197.71 2 0.0206144
197.81 1 0.0529815
197.81 2 0.0206144
197.91 1 0.0529815
197.91 2 0.0206144
198.01 1 0.0529815
198.01 2 0.0206144
198.11 1 0.0529815
198.11 2 0.0206144
198.21 1 0.0529815
198.21 2 0.0206144
198.31 1 0.0529815
198.31 2 0.0206144
198.41 1 0.0529815
198.41 2 0.0206144
198.51 1 0.0529815
198.51 2 0.0206144
198.61 1 0.0529815
198.61 2 0.0206144
198.71 1 0.0529815
198.71 2 0.0206144
198.81 1 0.0529815
198.81 2 0.0206144
198.91 1 0.0529815
198.91 2 0.0206144
199.01 1 0.0529815
199.01 2 0.0206144
199.11 1 0.0529815
199.11 2 0.0206144
199.21 1 0.0529815
199.21 2 0.0206144
199.31 1 0.0529815
199.31 2 0.0206144
199.41 1 0.0529815
199.41 2 0.0206144
199.51 1 0.0529815
199.51 2 0.0206144
199.61 1 0.0529815
199.61 2 0.0206144
199.71 1 0.0529815
199.71 2 0.0206144
199.81 1 0.0529815
199.81 2 0.0206144
199.91 1 0.0529815
199.91 2 0.0206144
200.01 1 0.0529815
200.01 2 0.0206144
200.11 1 0.0529815
200.11 2 0.0206144
200.21 1 0.0529815
200.21 2 0.0206144
200.31 1 0.0529815
200.31 2 0.0206144
200.41 1 0.0529815
200.41 2 0.0206144
200.51 1 0.0529815
200.51 2 0.0206144
200.61 1 0.0529815
200.61 2 0.0206144
200.71 1 0.0529815
200.71 2 0.0206144
200.81 1 0.0529815
200.81 2 0.0206144
200.91 1 0.0529815
200.91 2 0.0206144
