0.0 0
0.214179 4294967295
0.419091 4294967295
0.433198 4294967295
0.447315 4294967295
0.461433 4294967295
0.475551 4294967295
1.07616 4294967295
1.08322 4294967295
1.09028 4294967295
1.09734 4294967295
1.10439 4294967295
1.11145 4294967295
1.11851 4294967295
1.12557 4294967295
1.13263 4294967295
1.13969 4294967295
1.14675 4294967295
1.15381 4294967295
1.23871 4294967295
1.24577 4294967295
1.2599 4294967295
1.26696 4294967295
1.26696 4294967295
1.27401 4294967295
1.27401 4294967295
1.28106 4294967295
1.28106 4294967295
1.28106 4294967295
7.2091 4294967295
7.2091 4294967295
7.21616 4294967295
7.22321 4294967295
7.23027 4294967295
7.23733 4294967295
7.24439 4294967295
7.25145 4294967295
7.25851 4294967295
7.26557 4294967295
7.27263 4294967295
7.2938 4294967295
7.30086 4294967295
7.32204 4294967295
7.3291 4294967295
7.33616 4294967295
7.34322 4294967295
7.35029 4294967295
7.35029 4294967295
7.35735 4294967295
7.35735 4294967295
7.38854 4294967295
7.414 4294967295
7.414 4294967295
7.7601 4294967295
7.76716 4294967295
7.79835 4294967295
7.85205 4294967295
7.85911 4294967295
7.86617 4294967295
7.87322 4294967295
7.88028 4294967295
7.8944 4294967295
7.90146 4294967295
7.90852 4294967295
7.91558 4294967295
7.92264 4294967295
7.9297 4294967295
7.94383 4294967295
7.95088 4294967295
7.95794 4294967295
7.95794 4294967295
7.96499 4294967295
7.96499 4294967295
7.96499 4294967295
8.22639 4294967295
8.22639 4294967295
8.23345 4294967295
8.2405 4294967295
8.24756 4294967295
8.25462 4294967295
8.26168 4294967295
8.26874 4294967295
8.2758 4294967295
8.28286 4294967295
8.30422 4294967295
8.31127 4294967295
8.37482 4294967295
8.38895 4294967295
8.39601 4294967295
8.40306 4294967295
8.41012 4294967295
8.41012 4294967295
8.41719 4294967295
8.41719 4294967295
8.41719 4294967295
8.4313 4294967295
8.4313 4294967295
8.43836 4294967295
8.6221 4294967295
8.6221 4294967295
8.6362 4294967295
9.76661 4294967295
9.77367 4294967295
9.78073 4294967295
9.78779 4294967295
9.79485 4294967295
9.80191 4294967295
9.80897 4294967295
9.82308 4294967295
9.88681 4294967295
9.89387 4294967295
9.91504 4294967295
9.9221 4294967295
9.92916 4294967295
9.93622 4294967295
9.95035 4294967295
9.95741 4294967295
9.96447 4294967295
9.96447 4294967295
9.96584 4294967295
9.97151 4294967295
9.97151 4294967295
10.2202 4294967295
10.5876 4294967295
10.9125 4294967295
10.9196 4294967295
10.9266 4294967295
11.0045 4294967295
11.0115 4294967295
11.0186 4294967295
11.0256 4294967295
11.0327 4294967295
11.0398 4294967295
11.0468 4294967295
11.0539 4294967295
11.0609 4294967295
11.068 4294967295
11.0751 4294967295
11.0821 4294967295
11.0963 4294967295
11.1033 4294967295
11.1033 4294967295
11.1104 4294967295
11.1104 4294967295
11.1174 4294967295
11.1174 4294967295
11.1174 4294967295
12.8202 4294967295
12.8202 4294967295
12.8272 4294967295
12.8343 4294967295
12.8414 4294967295
12.8484 4294967295
12.8555 4294967295
12.8625 4294967295
12.8696 4294967295
12.8766 4294967295
12.8837 4294967295
12.8908 4294967295
12.8978 4294967295
12.9049 4294967295
13.0039 4294967295
13.011 4294967295
13.011 4294967295
13.018 4294967295
13.018 4294967295
13.0203 4294967295
13.0251 4294967295
13.0251 4294967295
14.1366 4294967295
14.1436 4294967295
14.1507 4294967295
14.1578 4294967295
14.1648 4294967295
14.1719 4294967295
14.1789 4294967295
14.186 4294967295
14.1931 4294967295
14.2001 4294967295
14.2072 4294967295
14.2616 4294967295
14.2686 4294967295
14.2757 4294967295
14.2827 4294967295
14.3203 4294967295
14.3274 4294967295
14.3274 4294967295
14.3344 4294967295
14.3344 4294967295
14.3359 4294967295
14.3415 4294967295
14.3415 4294967295
15.1611 4294967295
15.1611 4294967295
15.1682 4294967295
15.1752 4294967295
15.219 4294967295
15.2261 4294967295
15.2332 4294967295
15.2402 4294967295
15.2473 4294967295
15.2543 4294967295
15.2614 4294967295
15.2685 4294967295
15.2755 4294967295
15.2826 4294967295
15.2896 4294967295
15.2967 4294967295
15.3108 4294967295
15.3179 4294967295
15.3249 4294967295
15.3249 4294967295
15.3299 4294967295
15.359 4294967295
15.359 4294967295
16.0725 4294967295
16.0796 4294967295
16.0866 4294967295
16.0937 4294967295
16.1007 4294967295
16.1078 4294967295
16.1148 4294967295
16.1587 4294967295
16.1657 4294967295
16.1728 4294967295
16.1798 4294967295
16.2209 4294967295
16.228 4294967295
16.235 4294967295
16.2421 4294967295
16.2562 4294967295
16.2633 4294967295
16.2633 4294967295
16.2703 4294967295
16.2703 4294967295
16.2717 4294967295
16.2774 4294967295
16.2774 4294967295
16.7804 4294967295
16.7804 4294967295
16.7874 4294967295
16.7945 4294967295
16.8015 4294967295
16.8086 4294967295
16.8156 4294967295
16.8227 4294967295
16.878 4294967295
16.8851 4294967295
16.8921 4294967295
16.8992 4294967295
16.9062 4294967295
16.9133 4294967295
16.9429 4294967295
16.95 4294967295
16.957 4294967295
16.9641 4294967295
16.9711 4294967295
16.9711 4294967295
16.9782 4294967295
16.9782 4294967295
16.9853 4294967295
16.9853 4294967295
16.9853 4294967295
17.176 4294967295
17.2466 4294967295
17.2466 4294967295
17.2537 4294967295
17.2608 4294967295
17.2678 4294967295
17.2749 4294967295
17.2819 4294967295
17.289 4294967295
17.2961 4294967295
17.3031 4294967295
17.3102 4294967295
17.381 4294967295
17.3951 4294967295
17.4021 4294967295
17.4092 4294967295
17.4163 4294967295
17.4233 4294967295
17.4304 4294967295
17.4374 4294967295
17.4374 4294967295
17.4445 4294967295
17.4445 4294967295
17.4515 4294967295
17.4515 4294967295
17.4515 4294967295
17.6423 4294967295
22.4325 4294967295
22.4467 4294967295
22.4537 4294967295
22.4608 4294967295
22.5033 4294967295
22.5104 4294967295
22.5245 4294967295
22.5316 4294967295
22.5386 4294967295
22.5457 4294967295
22.5457 4294967295
22.5669 4294967295
22.5669 4294967295
22.5669 4294967295
22.5739 4294967295
22.5739 4294967295
22.5739 4294967295
22.5951 4294967295
22.5951 4294967295
22.5951 4294967295
22.6022 4294967295
22.6022 4294967295
22.6022 4294967295
22.6163 4294967295
22.6163 4294967295
22.6163 4294967295
22.6233 4294967295
22.6233 4294967295
22.6233 4294967295
22.6304 4294967295
22.6304 4294967295
22.6304 4294967295
22.6314 4294967295
22.6374 4294967295
23.0564 4294967295
23.0614 4294967295
30.885 4294967295
31.111 4294967295
39.5824 4294967295
39.5824 4294967295
39.5894 4294967295
39.5965 4294967295
39.5975 4294967295
39.7732 4294967295
40.6352 4294967295
40.6352 4294967295
40.6422 4294967295
40.6422 4294967295
40.8401 4294967295
40.8401 4294967295
40.8407 4294967295
40.8407 4294967295
40.8407 4294967295
47.2132 4294967295
47.4393 4294967295
50.11 4294967295
50.11 4294967295
50.1171 4294967295
50.2938 4294967295
50.2938 4294967295
50.3008 4294967295
50.3008 4294967295
50.3149 4294967295
50.3149 4294967295
50.3149 4294967295
51.1346 4294967295
51.1346 4294967295
51.1557 4294967295
51.1628 4294967295
51.1699 4294967295
51.1699 4294967295
51.3324 4294967295
51.3324 4294967295
51.3407 4294967295
51.3407 4294967295
51.3407 4294967295
58.1365 4294967295
58.1365 4294967295
58.1436 4294967295
58.3132 4294967295
58.3202 4294967295
58.3273 4294967295
58.3273 4294967295
58.3344 4294967295
58.3344 4294967295
58.3414 4294967295
58.3414 4294967295
58.3414 4294967295
58.9703 4294967295
58.9703 4294967295
58.9773 4294967295
58.9844 4294967295
58.9914 4294967295
58.9985 4294967295
59.1611 4294967295
59.1611 4294967295
59.1681 4294967295
59.1681 4294967295
59.1752 4294967295
59.1752 4294967295
59.1752 4294967295
60.4046 4294967295
60.4046 4294967295
60.4116 4294967295
60.4187 4294967295
60.4258 4294967295
60.4399 4294967295
60.5954 4294967295
60.6024 4294967295
60.6024 4294967295
60.6166 4294967295
60.6166 4294967295
60.8073 4294967295
60.8073 4294967295
60.8073 4294967295
62.1285 4294967295
62.277 4294967295
62.284 4294967295
62.2911 4294967295
62.2981 4294967295
62.3123 4294967295
62.3193 4294967295
62.3193 4294967295
62.3264 4294967295
62.3264 4294967295
62.3334 4294967295
62.3334 4294967295
62.3334 4294967295
69.9993 4294967295
70.0064 4294967295
70.0134 4294967295
70.0205 4294967295
70.0275 4294967295
70.183 4294967295
70.1901 4294967295
70.1901 4294967295
70.1972 4294967295
70.1972 4294967295
70.2042 4294967295
70.2042 4294967295
70.2042 4294967295
73.9983 4294967295
73.9983 4294967295
74.0054 4294967295
74.0125 4294967295
74.0195 4294967295
74.0266 4294967295
74.0336 4294967295
74.0407 4294967295
74.0417 4294967295
74.0478 4294967295
77.3897 4294967295
82.1801 4294967295
82.1871 4294967295
82.3285 4294967295
82.3356 4294967295
82.3426 4294967295
82.3497 4294967295
82.3638 4294967295
82.3709 4294967295
82.3709 4294967295
82.3779 4294967295
82.3779 4294967295
82.385 4294967295
82.385 4294967295
82.385 4294967295
86.0591 4294967295
86.0591 4294967295
86.0662 4294967295
86.0732 4294967295
86.0803 4294967295
86.0873 4294967295
86.0944 4294967295
86.1085 4294967295
86.1156 4294967295
86.1227 4294967295
86.1227 4294967295
86.1297 4294967295
86.1297 4294967295
86.264 4294967295
86.264 4294967295
86.264 4294967295
86.9352 4294967295
86.9352 4294967295
86.9423 4294967295
86.9493 4294967295
86.9564 4294967295
86.9634 4294967295
87.0977 4294967295
87.1048 4294967295
87.1119 4294967295
87.1189 4294967295
87.126 4294967295
87.126 4294967295
87.1331 4294967295
87.1331 4294967295
87.1401 4294967295
87.1401 4294967295
87.1401 4294967295
87.4015 4294967295
87.8042 4294967295
89.8391 4294967295
89.8391 4294967295
89.8462 4294967295
89.8603 4294967295
89.8674 4294967295
89.8744 4294967295
89.8815 4294967295
89.8885 4294967295
89.8956 4294967295
89.9097 4294967295
89.9168 4294967295
89.9239 4294967295
89.9239 4294967295
89.9309 4294967295
89.9309 4294967295
90.044 4294967295
90.044 4294967295
90.044 4294967295
91.987 4294967295
91.987 4294967295
91.994 4294967295
92.0011 4294967295
92.0082 4294967295
92.0152 4294967295
92.0293 4294967295
92.0364 4294967295
92.1495 4294967295
92.1566 4294967295
92.1636 4294967295
92.1707 4294967295
92.1717 4294967295
92.1778 4294967295
96.4463 4294967295
96.4463 4294967295
96.4533 4294967295
96.4533 4294967295
96.4557 4294967295
96.6441 4294967295
101.533 4294967295
101.533 4294967295
101.54 4294967295
101.547 4294967295
101.562 4294967295
101.569 4294967295
101.576 4294967295
101.576 4294967295
101.577 4294967295
101.731 4294967295
102.883 4294967295
103.017 4294967295
103.024 4294967295
103.031 4294967295
103.038 4294967295
103.045 4294967295
103.052 4294967295
103.066 4294967295
103.074 4294967295
103.074 4294967295
103.081 4294967295
103.081 4294967295
103.082 4294967295
103.088 4294967295
103.088 4294967295
105.18 4294967295
105.18 4294967295
105.187 4294967295
105.194 4294967295
105.201 4294967295
105.208 4294967295
105.215 4294967295
105.222 4294967295
105.229 4294967295
105.236 4294967295
105.244 4294967295
105.342 4294967295
105.349 4294967295
105.371 4294967295
105.371 4294967295
105.378 4294967295
105.378 4294967295
105.386 4294967295
105.386 4294967295
105.386 4294967295
105.576 4294967295
106.085 4294967295
106.092 4294967295
106.205 4294967295
106.212 4294967295
106.219 4294967295
106.226 4294967295
106.233 4294967295
106.24 4294967295
106.247 4294967295
106.255 4294967295
106.269 4294967295
106.276 4294967295
106.276 4294967295
106.283 4294967295
106.283 4294967295
106.29 4294967295
106.29 4294967295
106.29 4294967295
107.109 4294967295
107.109 4294967295
107.117 4294967295
107.124 4294967295
107.138 4294967295
107.145 4294967295
107.152 4294967295
107.159 4294967295
107.166 4294967295
107.173 4294967295
107.187 4294967295
107.194 4294967295
107.278 4294967295
107.3 4294967295
108.826 4294967295
108.826 4294967295
108.833 4294967295
108.833 4294967295
108.852 4294967295
109.024 4294967295
110.119 4294967295
115.065 4294967295
115.065 4294967295
115.072 4294967295
115.249 4294967295
115.249 4294967295
115.256 4294967295
115.256 4294967295
115.27 4294967295
115.27 4294967295
115.27 4294967295
119.078 4294967295
119.078 4294967295
119.085 4294967295
119.092 4294967295
119.094 4294967295
119.262 4294967295
119.512 4294967295
119.516 4294967295
119.516 4294967295
119.729 4294967295
119.731 4294967295
122.753 4294967295
122.753 4294967295
122.881 4294967295
122.888 4294967295
122.895 4294967295
122.895 4294967295
122.951 4294967295
122.951 4294967295
122.959 4294967295
122.959 4294967295
122.959 4294967295
130.137 4294967295
130.377 4294967295
135.747 4294967295
135.754 4294967295
135.931 4294967295
135.938 4294967295
135.938 4294967295
135.945 4294967295
135.945 4294967295
135.952 4294967295
135.952 4294967295
135.952 4294967295
138.863 4294967295
138.863 4294967295
138.87 4294967295
139.025 4294967295
139.032 4294967295
139.054 4294967295
139.054 4294967295
139.061 4294967295
139.061 4294967295
139.068 4294967295
139.068 4294967295
139.068 4294967295
139.697 4294967295
139.704 4294967295
139.711 4294967295
139.88 4294967295
139.887 4294967295
139.887 4294967295
139.894 4294967295
139.894 4294967295
139.901 4294967295
139.901 4294967295
139.901 4294967295
140.12 4294967295
140.12 4294967295
140.128 4294967295
140.135 4294967295
140.297 4294967295
140.304 4294967295
140.311 4294967295
140.311 4294967295
140.318 4294967295
140.318 4294967295
140.325 4294967295
140.325 4294967295
140.325 4294967295
142.374 4294967295
142.374 4294967295
142.381 4294967295
142.389 4294967295
142.396 4294967295
142.403 4294967295
142.41 4294967295
142.565 4294967295
142.565 4294967295
142.572 4294967295
142.572 4294967295
142.579 4294967295
142.579 4294967295
142.579 4294967295
144.466 4294967295
144.466 4294967295
144.473 4294967295
144.48 4294967295
144.487 4294967295
144.494 4294967295
144.501 4294967295
144.508 4294967295
144.511 4294967295
144.515 4294967295
153.793 4294967295
153.816 4294967295
154.211 4294967295
154.216 4294967295
154.443 4294967295
154.444 4294967295
154.685 4294967295
154.704 4294967295
157.686 4294967295
157.686 4294967295
157.693 4294967295
157.7 4294967295
157.707 4294967295
157.714 4294967295
157.715 4294967295
157.721 4294967295
158.958 4294967295
161.657 4294967295
161.657 4294967295
161.664 4294967295
161.671 4294967295
161.678 4294967295
161.685 4294967295
161.692 4294967295
161.848 4294967295
161.848 4294967295
161.855 4294967295
161.855 4294967295
161.862 4294967295
161.862 4294967295
161.862 4294967295
163.564 4294967295
163.571 4294967295
163.579 4294967295
163.586 4294967295
163.593 4294967295
163.748 4294967295
163.755 4294967295
163.755 4294967295
163.762 4294967295
163.762 4294967295
163.766 4294967295
163.769 4294967295
163.769 4294967295
166.974 4294967295
166.974 4294967295
167.009 4294967295
167.016 4294967295
167.03 4294967295
167.03 4294967295
167.14 4294967295
167.14 4294967295
167.14 4294967295
167.147 4294967295
167.147 4294967295
167.147 4294967295
167.162 4294967295
167.172 4294967295
172.039 4294967295
172.228 4294967295
176.483 4294967295
176.688 4294967295
177.33 4294967295
177.33 4294967295
177.338 4294967295
177.506 4294967295
177.514 4294967295
180.284 4294967295
180.284 4294967295
180.291 4294967295
180.291 4294967295
180.341 4294967295
180.482 4294967295
180.955 4294967295
180.962 4294967295
180.969 4294967295
181.139 4294967295
181.146 4294967295
181.146 4294967295
181.153 4294967295
181.153 4294967295
181.16 4294967295
181.16 4294967295
181.16 4294967295
184.353 4294967295
184.53 4294967295
184.537 4294967295
184.544 4294967295
184.544 4294967295
184.545 4294967295
184.551 4294967295
185.371 4294967295
185.611 4294967295
185.837 4294967295
185.844 4294967295
185.851 4294967295
186.021 4294967295
186.028 4294967295
186.028 4294967295
186.035 4294967295
186.035 4294967295
186.042 4294967295
186.042 4294967295
186.042 4294967295
194.542 4294967295
194.542 4294967295
194.549 4294967295
194.556 4294967295
194.57 4294967295
194.577 4294967295
194.584 4294967295
194.584 4294967295
194.585 4294967295
194.74 4294967295
194.74 4294967295
196.859 4294967295
196.866 4294967295
197.022 4294967295
197.029 4294967295
197.043 4294967295
197.05 4294967295
197.05 4294967295
197.057 4294967295
197.057 4294967295
197.064 4294967295
197.064 4294967295
197.064 4294967295
